3200
0.473812	0.0770905	0.877245
0.123683	0.143542	0.981885
0.107352	-0.298592	0.948324
0.216141	0.242805	0.94569
0.0313622	-0.0657549	0.997343
0.302159	-0.32797	0.895062
0.287046	-0.318351	0.90347
0.149201	-0.29357	0.944222
0.0658614	0.139992	0.98796
-0.0506313	-0.0187186	0.998542
-0.240951	-0.321953	0.915581
-0.108997	-0.346207	0.931805
0.0147528	-0.0850166	0.99627
-0.0463168	-0.314182	0.948232
0.387019	0.0755726	0.91897
-0.229095	0.464997	0.855157
0.0600153	0.0463861	0.997119
-0.424497	-0.226661	0.8766
-0.479578	0.639203	0.601186
-0.057171	-0.330408	0.942105
-0.34117	-0.22587	0.912461
0.343672	-0.151177	0.926842
0.347128	-0.199735	0.916301
0.0675837	0.204931	0.97644
-0.302911	0.467272	0.830603
-0.32838	0.366695	0.87046
-0.00695981	0.235083	0.97195
-0.339129	0.565223	0.752007
0.0233555	-0.314136	0.949091
0.345827	0.0680609	0.935827
0.184072	0.0558543	0.981325
0.0186761	0.440411	0.897602
0.153594	0.0790711	0.984965
-0.55968	-0.0744287	0.82536
0.150453	0.118477	0.981492
0.0572211	-0.0707558	0.995851
0.29328	0.488773	0.821637
-0.0129747	0.439217	0.898287
0.183724	-0.100426	0.977834
0.105173	-0.00706032	0.994429
-0.492908	-0.0370252	0.869293
0.204434	0.258474	0.944139
-0.24872	0.116588	0.961533
-0.149661	0.265103	0.952534
0.0793762	-0.390981	0.91697
-0.0964367	-0.146124	0.984555
-0.172156	0.141453	0.974861
0.161684	0.0700471	0.984353
0.115151	-0.0472115	0.992225
0.2007	-0.101152	0.974417
0.128667	0.358802	0.924503
0.0219294	0.261651	0.964913
0.149376	-0.262963	0.953172
0.139433	0.558637	0.817608
0.251586	0.0805474	0.964477
0.00208284	-0.0421139	0.999111
-0.186196	0.12466	0.974572
0.31706	-0.583514	0.747653
-0.337498	-0.0755325	0.938291
0.0777747	-0.126616	0.988898
-0.335845	0.107491	0.935764
0.269013	-0.286597	0.919508
-0.00486305	-0.536522	0.843872
0.352586	-0.23477	0.905851
0.143562	-0.430052	0.891317
-0.151297	-0.373134	0.915358
0.254408	-0.449913	0.856069
-0.085126	-0.181592	0.979683
-0.305635	-0.067011	0.949788
0.050411	0.153819	0.986812
-0.110131	-0.282114	0.953039
0.018837	-0.376739	0.926128
0.296663	-0.0116462	0.954911
0.00904582	0.332014	0.943231
-0.00311274	0.0439658	0.999028
-0.403296	-0.0519258	0.913595
-0.587073	-0.381009	0.714267
-0.0748153	0.629649	0.773269
-0.295771	-0.197176	0.934688
0.0799524	0.172936	0.981683
-0.0596254	0.103409	0.99285
0.249107	-0.336185	0.908254
-0.179406	-0.215195	0.95995
-0.00413964	-0.490794	0.871266
0.520795	0.281064	0.806087
0.310962	-0.0456715	0.949324
-0.302591	0.464819	0.832095
0.0593268	0.380332	0.922945
-0.125695	-0.0821436	0.988662
0.0406082	0.202044	0.978534
-0.230301	-0.230699	0.945378
-0.116295	0.162938	0.979758
0.167599	-0.104459	0.980306
0.295362	-0.0620549	0.953368
0.109076	-0.068722	0.991655
-0.0488557	0.367813	0.928615
-0.102377	0.217797	0.97061
0.0123789	-0.587616	0.809045
0.198177	-0.0591275	0.978381
-0.328034	-0.148749	0.932881
-0.0324483	-0.0393439	0.998699
0.468815	0.0467052	0.88206
-0.582351	0.230703	0.779515
0.230288	-0.0907126	0.968885
-0.283032	-0.221647	0.933148
-0.000866524	-0.155053	0.987906
0.0735508	-0.373637	0.924654
-0.282862	-0.14527	0.948096
-0.0857124	-0.287843	0.953834
-0.119173	0.0584539	0.991151
-0.360128	0.138734	0.922529
0.145224	0.175505	0.973708
-0.0888366	0.0713067	0.993491
0.421262	-0.202984	0.883932
0.62807	-0.419845	0.655179
-0.07013	-0.542488	0.837131
-0.32048	-0.294182	0.900417
-0.460457	0.11087	0.880731
-0.0828453	0.374641	0.923461
-0.0565758	-0.50453	0.861539
-0.190037	-0.369744	0.909492
-0.0950009	0.25346	0.96267
-0.0984891	0.369413	0.924031
-0.317031	-0.211561	0.924518
-0.125935	-0.347433	0.92921
0.10108	0.203395	0.973865
-0.055398	-0.17606	0.982819
0.0752108	-0.157826	0.984599
-0.0854056	-0.145232	0.985705
-0.261567	0.0839931	0.961524
-0.182223	0.00122826	0.983257
-0.163895	0.207055	0.964503
-0.230423	-0.170602	0.958019
0.0127339	-0.0162025	0.999788
-0.068147	0.1649	0.983953
-0.0823384	-0.117553	0.989647
-0.288813	-0.0593414	0.955545
-0.15378	-0.04939	0.98687
-0.159877	0.0919736	0.982843
-0.287991	-0.117047	0.950453
-0.0606394	-0.160007	0.985252
0.0601955	0.163831	0.98465
0.189971	0.0490333	0.980564
-0.0435895	-0.138884	0.989349
0.570409	0.0779923	0.817649
-0.262483	-0.152302	0.952842
0.0606868	0.0522831	0.996787
-0.132334	-0.400219	0.906814
0.193748	0.0763528	0.978076
-0.0931568	0.111278	0.989413
-0.177125	-0.217473	0.959861
-0.192193	-0.088891	0.977323
0.422305	-0.19341	0.88558
0.00907211	-0.205054	0.978709
0.0564145	-0.278602	0.958748
0.295337	0.0109337	0.955331
0.261863	0.10804	0.959039
0.0809574	0.310631	0.947077
-0.314468	0.253431	0.914813
0.00071753	0.0124373	0.999922
0.263961	-0.139948	0.954326
-0.0859967	-0.412156	0.907046
0.0823002	0.331394	0.939896
-0.335915	0.191914	0.922134
-0.361286	0.430101	0.827336
-0.0330059	0.0348323	0.998848
0.0299998	-0.223375	0.974271
-0.31234	0.241512	0.918758
0.038604	0.344869	0.937857
0.07498	-0.00835782	0.99715
-0.249057	-0.0156014	0.968363
-0.159163	-0.268594	0.950013
0.0611888	0.0451319	0.997105
0.220306	-0.108911	0.969332
0.426875	-0.182701	0.885662
-0.299352	-0.148458	0.942522
-0.0120241	-0.15171	0.988352
0.110968	-0.122431	0.986254
0.0895986	0.207279	0.97417
-0.156925	0.166499	0.973475
-0.0873331	0.301701	0.949394
0.635444	0.307036	0.708478
-0.131777	0.22647	0.965063
-0.0885729	0.33975	0.936336
-0.0925171	0.316516	0.944065
-0.312407	-0.265945	0.911962
-0.0559921	-0.0469276	0.997328
-0.027803	0.0916258	0.995405
-0.0334331	-0.0566646	0.997833
0.176823	-0.336149	0.925061
0.210014	0.200252	0.956971
0.0220214	0.149272	0.988551
0.388612	0.014723	0.921284
-0.221713	-0.242686	0.94443
-0.445176	-0.0779025	0.892048
-0.106781	-0.435392	0.893886
-0.398159	-0.00933354	0.917269
0.0970206	0.269016	0.958237
-0.130646	0.201647	0.970706
0.45884	0.245299	0.853987
0.03373	0.336832	0.940961
-0.106305	0.088539	0.990384
0.0309534	-0.253159	0.966929
-0.243635	0.285059	0.927029
0.00779008	0.147078	0.989094
-0.389077	-0.375334	0.841275
0.327734	0.135852	0.934952
-0.116425	-0.292106	0.949273
-0.0635843	-0.43659	0.897411
-0.128566	-0.16892	0.977209
-0.155618	-0.0577339	0.986129
0.46265	-0.0946592	0.881473
0.319999	-0.496406	0.806958
-0.0375955	0.0815453	0.99596
0.243696	-0.215102	0.945697
0.0425491	0.191501	0.98057
0.152345	-0.122821	0.980666
-0.106679	-0.162939	0.980852
0.193242	-0.68379	0.703625
0.16869	0.0447166	0.984654
-0.195093	0.347661	0.917099
-0.0417452	0.062009	0.997202
0.508072	0.381938	0.772002
0.172501	0.107676	0.979106
-0.575286	0.305426	0.758789
0.250527	-0.353431	0.901289
-0.0394484	0.179813	0.98291
0.198767	0.0745068	0.977211
0.175577	0.139181	0.974578
0.191173	0.0206265	0.98134
0.121156	-0.107966	0.986744
-0.358927	0.541578	0.760174
-0.0593704	-0.201205	0.977748
0.219236	0.180251	0.958877
0.102554	0.107939	0.988854
0.547643	0.278733	0.788921
0.224779	0.0904571	0.970202
-0.150988	-0.30413	0.940589
-0.143638	-0.210489	0.966986
0.158308	-0.470986	0.86782
-0.553159	0.0114848	0.832996
0.272928	0.0947387	0.957358
-0.0317615	0.0396492	0.998709
-0.168516	0.0367198	0.985015
0.462512	-0.469989	0.751793
0.0442619	-0.0795053	0.995851
-0.118229	-0.0368244	0.992303
0.517248	0.209436	0.829814
-0.0328358	0.0772897	0.996468
-0.326071	-0.297081	0.897452
-0.294176	0.17615	0.939378
-0.0245905	0.215891	0.976108
-0.269976	-0.10812	0.956777
0.418554	-0.536061	0.733111
0.364061	0.164726	0.916692
-0.0554454	0.33563	0.940361
-0.329435	-0.0306663	0.94368
-0.36976	-0.103113	0.923388
-0.438656	-0.256703	0.861211
-0.0539646	0.23132	0.97138
-0.118635	-0.272246	0.954886
0.345513	0.221196	0.911972
-0.0589181	-0.34341	0.937336
0.198494	-0.165555	0.966018
-0.168856	-0.234853	0.957252
-0.0728469	0.183801	0.98026
0.0716133	-0.222213	0.972365
0.143913	-0.0709351	0.987045
0.306228	-0.0924944	0.947454
-0.113832	-0.445389	0.888071
-0.326615	0.234788	0.915531
-0.0417173	-0.195385	0.979839
-0.069976	0.059467	0.995775
-0.146687	-0.198799	0.969001
-0.100139	0.0384419	0.994231
0.216837	0.0748168	0.973337
0.168147	-0.115146	0.979014
0.136551	-0.167339	0.976397
0.112956	-0.316348	0.941894
-0.247452	-0.420949	0.872679
0.145122	0.21745	0.965223
0.0370298	0.282192	0.958643
0.199046	0.07428	0.977171
-0.0313851	0.133757	0.990517
0.414498	-0.052392	0.908541
0.292969	-0.211882	0.932349
-0.323493	0.0233741	0.945942
-0.0335091	-0.35341	0.934868
-0.144624	-0.309443	0.939856
0.186483	0.215044	0.958635
0.228946	0.228973	0.946126
-0.0126111	-0.0239099	0.999635
-0.397322	-0.461901	0.792958
-0.0967612	0.486249	0.868446
-0.276559	-0.366792	0.888245
-0.354772	-0.324111	0.876977
-0.194727	0.101835	0.975557
0.511336	-0.333009	0.792237
0.182695	-0.253565	0.949909
0.0928026	-0.0527628	0.994286
0.00929352	-0.103017	0.994636
-0.0853192	0.155994	0.984066
-0.15567	-0.363319	0.918568
0.351465	-0.20941	0.91248
-0.26635	0.370431	0.889853
-0.00123547	-0.228819	0.973468
-0.495726	0.144502	0.856373
-0.260577	-0.155965	0.952772
0.206773	-0.222674	0.952713
0.298374	-0.22123	0.928456
-0.0551291	-0.108401	0.992577
-0.0052878	-0.304286	0.952566
-0.296293	-0.0766208	0.952019
-0.250336	0.159204	0.95498
0.189255	0.244277	0.951058
-0.0393761	-0.475253	0.878968
-0.226501	-0.127061	0.965688
0.0392518	0.0439495	0.998262
0.447186	-0.431252	0.783611
0.0311358	0.388293	0.92101
-0.2623	0.240836	0.93445
0.136782	0.0872754	0.986749
-0.0450087	-0.0101761	0.998935
-0.204826	0.197545	0.958656
0.0376185	0.00431903	0.999283
0.536204	0.0252469	0.843711
0.0382391	-0.360877	0.931829
-0.371478	0.0241202	0.928128
0.135385	0.266809	0.954193
-0.182	0.245147	0.952249
-0.206354	0.275011	0.939035
0.208746	0.0499345	0.976694
0.280735	-0.381356	0.88077
-0.2668	0.157498	0.950796
-0.246013	0.175556	0.953236
0.337626	-0.181689	0.923579
0.404144	0.318669	0.85739
0.160502	0.281216	0.946127
-0.101411	0.415863	0.903755
0.135323	-0.193112	0.9718
0.0632747	0.0386115	0.997249
-0.325074	0.018554	0.945506
-0.0719359	-0.129031	0.989028
0.000434019	-0.0342617	0.999413
-0.0350079	0.016806	0.999246
-0.150745	-0.0675727	0.986261
0.180371	-0.430203	0.884529
-0.0130204	-0.431841	0.901856
0.239781	-0.207507	0.948391
-0.0806589	-0.0388768	0.995983
0.140962	0.0641211	0.987936
0.156377	0.245581	0.95668
0.167869	0.0174966	0.985654
-0.134602	-0.241732	0.960962
-0.0157897	-0.580847	0.81386
0.404561	-0.27625	0.871789
0.219346	-0.52009	0.825466
0.0964915	-0.215311	0.971767
-0.138121	-0.406231	0.903271
0.19716	-0.0138321	0.980274
-0.245248	-0.06888	0.96701
-0.674757	-0.105536	0.730456
-0.0572135	0.414051	0.908454
0.0844783	-0.187214	0.97868
0.20642	-0.222893	0.952738
-0.124342	-0.536334	0.834796
-0.173919	-0.0482974	0.983575
0.238252	-0.0678809	0.968828
0.12642	-0.238863	0.962789
-0.0778505	-0.0132714	0.996877
0.0320579	-0.371301	0.927959
0.166349	0.0948532	0.981494
-0.26208	0.0895705	0.96088
-0.353627	0.214303	0.910506
-0.125119	0.00732777	0.992115
0.021466	-0.107235	0.994002
-0.392466	-0.177978	0.902383
-0.0178576	-0.148499	0.988751
-0.0163132	0.0876374	0.996019
-0.638849	-0.0847041	0.764655
0.0632877	-0.349032	0.934971
0.25209	0.116372	0.960681
-0.163277	-0.238682	0.957273
-0.276276	0.327954	0.903392
-0.0696793	0.407163	0.910694
-0.442598	0.247254	0.861959
0.0145128	0.24488	0.969445
0.209351	-0.118302	0.970658
0.294973	0.505129	0.81107
-0.200135	0.00119145	0.979768
-0.150277	0.0292407	0.988211
-0.238072	0.290563	0.926766
0.0982592	-0.23122	0.967927
-0.0182863	0.129587	0.991399
-0.52872	-0.49697	0.688095
0.103054	-0.182624	0.977767
-0.266346	0.103228	0.958334
0.0062065	0.158643	0.987316
0.280162	-0.543888	0.791009
0.297442	0.00995971	0.954688
0.155521	0.0338493	0.987253
-0.239047	-0.0948675	0.966363
-0.000935581	0.0879808	0.996122
-0.122368	-0.469352	0.874491
0.152981	0.0291425	0.987799
0.0361824	-0.0735357	0.996636
0.368765	-0.0449492	0.928435
0.298782	-0.185507	0.936118
-0.075208	-0.0427451	0.996251
-0.220343	0.00600971	0.975404
0.0141785	-0.158857	0.9872
0.115986	0.0662358	0.99104
0.172557	0.129509	0.976448
0.334031	-0.124638	0.934285
-0.124886	-0.0733096	0.989459
0.264545	-0.141171	0.953985
-0.174818	0.14166	0.974357
0.0330052	-0.103897	0.99404
-0.0774902	-0.105705	0.991374
0.0251137	0.222148	0.974689
0.280812	-0.201956	0.938274
-0.178038	-0.176892	0.967994
0.2159	0.117793	0.969284
-0.292969	-0.245815	0.923983
0.144264	0.285545	0.947445
0.127176	-0.0384767	0.991134
0.0532413	-0.453398	0.889717
-0.283998	-0.287659	0.914657
-0.090414	-0.071453	0.993338
0.0190945	-0.0397216	0.999028
0.113345	-0.323083	0.939558
0.266578	-0.308826	0.912996
0.249329	-0.517659	0.818452
0.259003	0.142046	0.955375
-0.276155	-0.245954	0.92911
0.10281	0.13703	0.985217
-0.18276	0.404725	0.895989
0.000722055	-0.483461	0.875366
-0.676996	0.0399016	0.734905
-0.283977	0.0175028	0.958671
0.127352	-0.0916505	0.987614
-0.808676	-0.0943454	0.580639
0.115648	-0.201264	0.972686
0.429104	0.071191	0.900445
0.367012	0.295343	0.882085
-0.338858	0.104908	0.93497
0.155609	0.00394292	0.987811
0.430911	-0.0313786	0.901848
-0.55796	0.129209	0.819747
0.196981	-0.163337	0.966706
-0.463456	0.0416985	0.885138
-0.00778447	-0.0022957	0.999967
-0.148266	-0.102227	0.98365
0.278502	-0.0372715	0.959712
0.147162	-0.344595	0.927145
-0.181892	-0.303814	0.935207
-0.337216	0.418267	0.843409
-0.0493998	-0.0513424	0.997459
-0.279004	0.320467	0.905239
0.318962	-0.116924	0.940528
0.355955	-0.407827	0.840817
0.152913	0.0335509	0.98767
0.13154	-0.323188	0.937148
0.0679664	0.056571	0.996082
-0.231181	0.262136	0.936931
0.166814	0.190863	0.967339
0.23001	0.467978	0.853283
0.571238	-0.274664	0.773464
0.0349112	0.0133199	0.999302
0.0222928	-0.406082	0.913565
-0.0163559	-0.0345981	0.999267
0.00853669	0.174341	0.984648
-0.0561705	-0.00652946	0.9984
0.346673	0.373448	0.860438
0.163356	0.0973166	0.981756
0.0444887	-0.0259263	0.998673
-0.114378	0.0442364	0.992452
0.344258	-0.248731	0.905328
-0.634145	0.263458	0.726945
0.0824967	-0.453742	0.887307
0.186894	0.0555246	0.98081
0.274053	-0.536151	0.798396
0.251815	-0.494071	0.832156
-0.204193	0.061106	0.977022
0.151534	0.0187453	0.988274
-0.26711	0.242387	0.932685
-0.33939	-0.0661448	0.938317
0.144245	-0.366508	0.919165
-0.0609725	-0.463114	0.884199
-0.424453	0.258949	0.867632
-0.623359	-0.190533	0.758367
0.360808	0.371183	0.855594
0.314262	0.0816165	0.945822
0.0473476	-0.106876	0.993144
0.275538	-0.291853	0.915915
-0.253455	-0.579478	0.774575
-0.335594	0.208344	0.918678
-0.0586169	0.201125	0.97781
0.244644	-0.0573505	0.967915
-0.0613363	0.218168	0.973982
0.21463	-0.0343284	0.976092
0.00967875	0.26899	0.963094
0.132241	-0.781115	0.610222
-0.279574	0.395242	0.874998
-0.118023	0.172963	0.977831
0.471733	0.220005	0.853853
-0.0676095	0.0946028	0.993217
-0.471362	-0.00449273	0.881928
0.216723	0.0622739	0.974245
-0.146388	-0.0678454	0.986898
-0.227234	-0.629331	0.743174
-0.485132	0.192906	0.852897
0.109341	-0.0961355	0.989344
-0.169377	-0.015534	0.985429
-0.432081	0.293123	0.852869
-0.105806	-0.182499	0.977496
0.150638	-0.00517006	0.988575
0.166162	-0.572224	0.803088
-0.334511	0.249962	0.908637
-0.56636	-0.0765885	0.820592
-0.185876	0.179964	0.965952
0.0375202	0.0478175	0.998151
0.303792	0.114831	0.945793
0.162191	0.0775701	0.983706
0.107601	-0.011068	0.994133
-0.365054	0.542928	0.756284
-0.200796	-0.10456	0.974037
0.0641083	0.370834	0.926484
0.21123	-0.00934333	0.977392
0.000326395	-0.183371	0.983044
-0.0916116	0.307267	0.947203
0.0478842	-0.258009	0.964955
-0.0849492	-0.35842	0.929687
-0.194472	0.131634	0.972036
-0.170851	0.0184079	0.985125
-0.219847	-0.173513	0.959979
0.123467	-0.0704712	0.989843
0.0468941	-0.116543	0.992078
0.0765797	-0.0181534	0.996898
0.417246	-0.230261	0.879139
-0.248028	-0.104336	0.963118
0.0858808	-0.116763	0.98944
-0.167025	-0.43451	0.885044
0.0242795	-0.547991	0.836132
0.105356	-0.18548	0.976984
-0.0325646	-0.157392	0.986999
-0.288588	-0.331172	0.898355
-0.286912	-0.100111	0.952712
0.146466	-0.239938	0.959676
-0.168216	0.526192	0.833562
0.359296	-0.208783	0.909569
0.121253	0.140429	0.982638
-0.317281	0.245506	0.916002
0.0631319	0.0857617	0.994313
-0.225999	0.226257	0.947487
-0.160497	0.235479	0.958536
0.133525	-0.227671	0.96454
-0.22365	-0.63339	0.740809
-0.424242	-0.424164	0.800065
0.193061	-0.166619	0.966936
0.366267	-0.174078	0.914081
-0.0557938	-0.0289218	0.998023
0.100534	0.330669	0.938377
0.0981349	0.23946	0.965934
0.0134403	-0.235448	0.971794
-0.216571	-0.350165	0.911308
-0.054592	0.0666547	0.996282
0.549513	0.0693936	0.832598
-0.416194	0.453209	0.788279
-0.143211	-0.0142571	0.989589
0.217648	0.0316909	0.975513
0.239075	-0.233087	0.94261
0.0321498	-0.0120395	0.999411
-0.278985	0.480843	0.831238
-0.345037	0.465812	0.814842
-0.158869	0.440102	0.883782
-0.024469	0.146735	0.988873
0.0425498	0.105303	0.993529
0.23581	-0.0120385	0.971725
-0.116136	-0.147781	0.982178
0.192505	0.508697	0.839148
0.16317	0.194991	0.967137
0.332675	0.0985345	0.93788
0.223802	0.180489	0.957777
0.307073	-0.432515	0.847724
0.33787	-0.0240018	0.940887
-0.129189	0.182135	0.97475
0.0092842	0.0619991	0.998033
-0.125357	-0.111284	0.985851
-0.128152	0.125514	0.98378
0.195385	0.0526038	0.979315
-0.227874	-0.108234	0.967656
0.478144	-0.140582	0.866957
0.355429	-0.195789	0.913968
0.323622	-0.169271	0.930922
-0.215805	-0.451644	0.865706
-0.0134722	-0.0883837	0.995995
0.469725	0.00475231	0.8828
0.122192	-0.0133234	0.992417
-0.0685038	-0.220235	0.973038
-0.00609198	-0.268681	0.96321
0.0115976	-0.0530859	0.998523
-0.295149	-0.190391	0.93629
0.241946	0.0352082	0.969651
-0.283221	-0.108743	0.95287
-0.0143342	0.272913	0.961932
0.285572	0.126162	0.950017
0.169429	0.0320805	0.98502
0.236196	0.553168	0.798885
0.00842256	0.0176348	0.999809
-0.103192	-0.0238872	0.994375
0.00140751	0.421229	0.906953
0.288377	0.137094	0.947652
-0.275319	0.278666	0.920079
0.101582	-0.163369	0.981321
0.188101	0.342034	0.920668
0.0632797	-0.225096	0.97228
-0.143797	-0.444782	0.88402
-0.151775	-0.0577863	0.986724
0.168914	0.299346	0.939074
0.222658	-0.179368	0.958254
0.0262714	-0.288481	0.957125
0.0505021	0.0856514	0.995044
-0.370311	0.212787	0.904208
-0.145504	-0.0339427	0.988775
0.105806	0.0379102	0.993664
0.164875	-0.273299	0.947694
0.0570353	0.338221	0.939337
0.247411	0.318404	0.915099
-0.0765293	-0.192091	0.978389
-0.0698185	0.0404622	0.996739
-0.237907	0.142432	0.960788
0.0174885	-0.0180246	0.999685
0.1343	0.0810837	0.987618
-0.142057	-0.020582	0.989645
0.223884	0.252199	0.94142
0.277299	0.317028	0.906972
0.114462	-0.184708	0.976105
-0.551314	0.108347	0.827233
-0.042663	0.0265161	0.998738
-0.072244	0.123203	0.989748
0.150686	-0.312194	0.937992
0.219107	-0.332888	0.917157
-0.360454	0.152688	0.920195
0.167945	0.142556	0.975434
-0.241884	-0.142363	0.959805
-0.0387794	0.0903538	0.995154
-0.195546	0.184391	0.963204
-0.329517	0.256552	0.908625
-0.136418	-0.0538771	0.989185
0.0317478	0.0491113	0.998289
0.0483277	-0.184871	0.981574
0.0989073	-0.292155	0.951243
0.20569	0.120168	0.971211
-0.0471088	-0.0657647	0.996723
0.0146999	0.156259	0.987607
-0.266577	0.283061	0.921311
0.215287	-0.27562	0.936848
0.161083	-0.0455521	0.985889
-0.213186	-0.0168419	0.976866
-0.392816	0.126525	0.910872
-0.13393	0.103119	0.985611
0.0715614	0.0383602	0.996698
0.0770487	0.0991646	0.992084
-0.0216684	-0.200712	0.979411
0.268308	0.0466471	0.962203
0.217142	0.0576726	0.974435
-0.449182	-0.210673	0.868247
0.0581543	-0.213406	0.975231
-0.134461	-0.00271861	0.990915
0.111373	0.232546	0.966188
0.101594	-0.581665	0.807059
-0.268934	-0.109469	0.956918
-0.248459	0.337154	0.908072
-0.403998	-0.106082	0.908588
0.0562478	0.0931274	0.994064
-0.088179	0.0598202	0.994307
0.038681	-0.157303	0.986793
0.425681	0.0505088	0.903463
-0.204155	0.00263196	0.978935
-0.368378	-0.220073	0.903253
-0.137906	-0.21114	0.967678
-0.114614	-0.0635672	0.991374
0.268418	0.240789	0.932723
-0.0984978	-0.0080024	0.995105
0.25539	0.0602416	0.964959
-0.116071	-0.142439	0.982974
-0.0526485	0.263079	0.963337
0.100974	-0.372814	0.922396
0.0458015	0.180622	0.982486
-0.076239	0.0785977	0.993987
0.0217071	-0.292296	0.956081
0.446899	0.201702	0.871549
-0.13076	0.0463219	0.990331
-0.243143	0.0584013	0.968231
-0.0478526	0.0656229	0.996696
-0.0520614	-0.247526	0.967481
-0.139748	-0.294988	0.945226
-0.139926	-0.0137314	0.990067
0.0851187	-0.0835187	0.992864
-0.397952	-0.112857	0.910438
0.310189	-0.038532	0.949894
0.0576951	-0.100037	0.99331
0.170353	-0.131636	0.976551
0.13764	0.182471	0.973529
-0.317919	0.199113	0.926974
0.267998	0.00924068	0.963375
-0.053274	0.0974319	0.993815
-0.274254	-0.18795	0.943112
0.0696257	0.306279	0.949392
-0.122596	-0.093724	0.988021
-0.0800161	-0.25921	0.962501
0.0351657	-0.0361288	0.998728
-0.150305	0.133568	0.979575
0.011535	-0.0414301	0.999075
-0.158813	-0.0476555	0.986158
0.294141	-0.388371	0.873298
0.298575	-0.1416	0.943823
0.120044	-0.592577	0.796518
-0.0458212	-0.427543	0.902833
-0.477055	0.0150513	0.878744
-0.0625866	0.0523367	0.996666
0.0777393	-0.111091	0.990765
-0.137408	-0.234969	0.962242
-0.0554676	-0.380864	0.922966
-0.272473	0.550149	0.789363
-0.30617	0.357101	0.882462
-0.245366	-0.183008	0.952
-0.0600018	0.380575	0.922801
0.00771126	-0.36781	0.929869
-0.0721575	-0.0253166	0.997072
-0.188399	-0.108415	0.97609
-0.111139	-0.24171	0.963963
0.18445	0.214594	0.959129
0.0880224	0.178578	0.979981
-0.233222	-0.271683	0.9337
-0.0993748	-0.189495	0.97684
-0.224617	0.362352	0.904571
0.104606	-0.147375	0.983533
0.319022	-0.133615	0.938281
-0.277578	-0.0676177	0.95832
-0.289642	-0.152746	0.944868
0.162519	0.330865	0.929578
-0.0765129	-0.0777551	0.994032
0.0486646	0.153525	0.986946
0.0675101	0.203384	0.976769
-0.0557425	-0.103216	0.993096
0.236389	-0.233055	0.943295
0.152307	0.161994	0.974967
0.0527543	0.488637	0.870891
-0.230461	-0.000764108	0.973081
-0.149071	-0.107553	0.98296
0.353199	-0.0243243	0.935232
-0.0957612	0.0606047	0.993558
-0.169845	-0.28731	0.942659
-0.347166	-0.0818083	0.934228
-0.0334784	0.0168064	0.999298
-0.0210589	-0.117639	0.992833
0.0067742	-0.232084	0.972672
0.164056	0.308509	0.936967
-0.454867	0.238573	0.858009
-0.0764205	0.183038	0.980131
0.399545	-0.0751265	0.91363
0.114849	0.111035	0.987158
0.146453	0.188162	0.971157
0.332958	0.128626	0.934127
-0.0234773	0.197194	0.980083
-0.257379	0.153767	0.953998
-0.119878	0.251393	0.960433
-0.309382	-0.398029	0.863629
0.524242	-0.0506578	0.850061
-0.177696	0.290441	0.940249
-0.0440085	-0.220334	0.974431
-0.0114123	0.274057	0.961646
0.0207014	0.0819508	0.996421
-0.27339	0.0120972	0.961827
-0.336844	0.0310676	0.941048
0.0180066	0.275572	0.961112
-0.0364992	0.11168	0.993074
-0.0799566	-0.0893512	0.992786
0.0616688	0.00919832	0.998054
0.0334903	0.0464897	0.998357
-0.294552	-0.0713853	0.952965
0.168247	0.324401	0.930837
0.220279	0.00858441	0.975399
-0.136292	-0.014149	0.990568
0.131457	0.0767057	0.98835
0.269055	-0.0669228	0.960797
0.601195	0.432413	0.672
-0.431194	0.309532	0.847503
-0.092907	0.0692652	0.993263
0.249638	0.372074	0.894003
-0.0418373	-0.0532549	0.997704
0.492199	0.160175	0.855619
0.249782	-0.243002	0.937315
0.346822	-0.0359436	0.937242
-0.10588	-0.0714659	0.991807
0.109939	-0.316519	0.942194
-0.219657	-0.0773334	0.972507
0.146707	-0.0533742	0.987739
-0.0919319	-0.141111	0.985716
0.152824	-0.186743	0.970449
0.0950477	0.0656706	0.993304
-0.0513296	-0.0128416	0.998599
-0.0420012	-0.0650509	0.996998
0.200469	-0.219653	0.954759
0.056665	-0.376515	0.924676
0.10429	-0.109963	0.988449
-0.0386354	0.00014506	0.999253
0.0940355	-0.16723	0.981423
0.208155	-0.0648181	0.975946
-0.163479	0.101879	0.981272
-0.206022	-0.0567477	0.976901
-0.211719	-0.0208681	0.977108
0.390975	-0.195835	0.899326
0.048458	-0.310761	0.949252
0.335944	0.153984	0.92921
0.111139	0.0234901	0.993527
-0.190375	-0.462484	0.865948
-0.0680839	0.0242656	0.997384
0.156306	-0.534948	0.8303
0.142419	-0.0256294	0.989475
0.160608	-0.218574	0.962513
0.220734	-0.0344573	0.974725
0.0847128	0.0734415	0.993695
-0.132166	0.138819	0.981459
-0.105481	-0.00746421	0.994393
0.112858	-0.109146	0.987598
0.120504	0.0278115	0.992323
0.409704	0.145819	0.900488
-0.0368487	0.106093	0.993673
-0.235004	0.114564	0.965219
-0.00325461	0.211345	0.977406
-0.0701059	0.0968031	0.992831
0.36791	0.0640985	0.92765
0.0267232	-0.109377	0.993641
0.18215	-0.0724209	0.9806
0.187581	0.0369634	0.981553
-0.259845	0.0575238	0.963936
0.321797	-0.189054	0.927742
0.450835	-0.0679417	0.890018
-0.269768	0.134006	0.953555
-0.124785	-0.0229771	0.991918
-0.149779	-0.00925346	0.988676
-0.347985	-0.351813	0.868984
-0.199608	-0.0917502	0.975571
0.0811547	-0.161029	0.983607
-0.0127929	0.211631	0.977266
-0.341084	0.148139	0.928287
-0.0366252	-0.0670525	0.997077
0.0469599	-0.152609	0.98717
-0.400591	0.146605	0.904452
0.176873	-0.128614	0.975794
-0.0301475	0.0321163	0.999029
0.204661	0.0533374	0.977379
-0.070985	0.181947	0.980743
0.204343	-0.275819	0.939238
-0.132051	-0.00177418	0.991241
0.170444	-0.166629	0.971177
0.302669	-0.137882	0.94307
-0.0965483	0.124885	0.987463
0.129001	0.078849	0.988505
-0.211829	0.0223561	0.977051
-0.092448	-0.115841	0.988956
-0.047675	0.195084	0.979627
0.0282505	0.0586111	0.997881
0.120353	-0.426391	0.896497
-0.199274	-0.31721	0.927183
-0.308653	0.211163	0.927439
-0.127869	0.0808657	0.988489
0.217894	-0.445191	0.86852
0.142029	0.112085	0.983496
0.318501	0.177721	0.931114
0.213193	-0.0980259	0.97208
-0.112185	0.0608625	0.991822
0.0507158	0.192632	0.97996
-0.21671	-0.430533	0.876173
-0.324148	-0.226386	0.918519
0.122385	0.117883	0.985457
0.0970188	0.183316	0.978255
0.309032	-0.422771	0.851918
-0.0397527	-0.0304038	0.998747
-0.0690649	-0.257623	0.963774
-0.445595	-0.108426	0.888645
0.194307	-0.175212	0.965166
-0.00398627	-0.150786	0.988558
-0.11279	0.0137254	0.993524
0.0167406	-0.169639	0.985364
-0.0249872	0.00842039	0.999652
-0.208037	0.18539	0.960391
0.276118	0.0828244	0.957549
0.10363	-0.13155	0.985878
0.0676249	0.148626	0.986579
0.11802	0.127467	0.984796
0.179914	0.105119	0.97805
-0.17098	-0.211243	0.962363
-0.261828	0.092243	0.960696
-0.139372	-0.385109	0.912287
0.0283931	0.360758	0.932227
0.376362	0.250613	0.891933
0.203751	-0.23108	0.951361
-0.195306	0.11133	0.974403
0.276021	-0.0891685	0.957007
-0.283956	0.275877	0.918292
0.147437	0.267091	0.952326
0.0706581	-0.163541	0.984003
-0.0879037	0.32771	0.94068
0.131147	0.0661614	0.989153
0.468706	-0.112704	0.876135
-0.0721473	0.333512	0.939981
-0.111802	0.115488	0.986997
0.153273	0.223267	0.962631
0.00231532	-0.232148	0.972678
0.165566	0.100339	0.981081
-0.0866379	-0.0895086	0.992211
0.00182962	0.0923524	0.995725
-0.12233	0.31002	0.942827
0.377159	0.117448	0.918671
0.164431	0.317943	0.933743
-0.0828668	-0.196905	0.976914
0.0609448	0.0624715	0.996184
-0.170609	-0.217034	0.961139
0.112365	0.342697	0.932702
-0.3059	0.110616	0.945616
0.0844924	0.163935	0.982846
0.332392	0.128855	0.934298
-0.305217	0.557027	0.772376
-0.0711023	-0.161793	0.98426
-0.0902477	-0.0428681	0.994996
-0.145179	-0.0851462	0.985735
-0.488556	-0.134703	0.862072
0.0927864	0.13186	0.986916
0.265687	0.048359	0.962846
-0.159206	0.346485	0.924447
0.441467	-0.0127457	0.897187
0.156479	-0.0396886	0.986884
-0.068395	-0.191066	0.979191
-0.300135	-0.0593897	0.952046
-0.288859	-0.0228975	0.957098
0.0126074	0.211036	0.977397
0.00377537	-0.307742	0.951462
-0.369595	0.113614	0.922221
-0.113767	0.168252	0.979157
0.206029	-0.336413	0.918901
0.00334887	-0.0360768	0.999343
-0.0343856	-0.0729963	0.996739
0.390703	-0.24247	0.888009
0.0884762	-0.343194	0.935088
0.196918	-0.0617859	0.978471
0.0490263	0.041685	0.997927
-0.0558058	0.346225	0.93649
0.327649	-0.182526	0.927001
-0.122144	0.203595	0.971406
0.434113	0.163245	0.885944
0.0603551	-0.0104563	0.998122
0.00709257	0.165428	0.986196
-0.0711823	-0.0990232	0.992536
-0.0398552	0.135623	0.989959
-0.256437	-0.160815	0.953089
-0.0370884	-0.0195515	0.999121
-0.122046	-0.155674	0.98024
-0.130141	-0.0028146	0.991491
-0.345143	-0.0435317	0.93754
0.356779	-0.131534	0.924882
-0.480512	-0.158611	0.862526
-0.310075	0.0526403	0.949254
-0.315772	0.149489	0.936985
0.560358	-0.00777543	0.828214
0.428132	-0.237208	0.872029
0.379073	0.105385	0.919346
-0.114531	0.150048	0.982023
-0.0415457	-0.0385878	0.998391
-0.158673	0.681364	0.714539
-0.308965	0.0389488	0.950276
0.0776278	-0.064064	0.994922
0.362356	0.362886	0.858494
-0.209863	-0.0784673	0.974577
0.0803469	0.183082	0.979809
-0.155373	0.356358	0.92134
-0.635284	-0.202903	0.745147
-0.127521	0.224862	0.96601
0.148214	-0.101588	0.983724
0.198877	-0.144477	0.969317
-0.119042	-0.277176	0.953416
0.054906	-0.138437	0.988848
-0.122181	-0.291142	0.948846
0.00196333	-0.126102	0.992015
-0.0815253	0.192794	0.977847
0.0979941	0.228166	0.968678
0.171861	0.0618579	0.983177
0.141104	0.241309	0.960135
0.351432	-0.00824099	0.936177
-0.278592	-0.505192	0.816803
-0.566437	0.185934	0.802856
-0.275611	-0.268894	0.922895
0.142448	-0.322276	0.935867
0.0466858	0.113606	0.992428
0.00336613	0.0610201	0.998131
0.162503	0.100615	0.981565
-0.169416	-0.00379041	0.985537
-0.370279	0.128164	0.920037
0.302474	-0.112518	0.946493
0.317685	-0.243402	0.916423
-0.0596825	-0.0329449	0.997674
-0.32856	0.248386	0.911237
0.339701	-0.315841	0.885916
-0.108753	-0.036074	0.993414
-0.194083	-0.255563	0.947111
0.167283	-0.120111	0.978565
0.112529	0.331268	0.936802
0.200524	-0.241769	0.949388
-0.363761	-0.0152523	0.931367
-0.0497883	0.128081	0.990513
-0.25739	-0.268296	0.928315
0.218647	0.183444	0.958406
0.213479	-0.202428	0.955746
-0.336656	0.0637527	0.939467
-0.0475366	0.0359174	0.998224
-0.164323	-0.173113	0.971097
-0.146312	-0.0261929	0.988892
-0.619822	0.259278	0.740672
0.120122	0.13074	0.984113
0.260906	0.0109209	0.965302
0.0637828	-0.354657	0.932818
-0.16622	0.0658422	0.983888
0.0934264	-0.0158701	0.9955
0.193108	0.209697	0.958507
-0.143323	0.0850368	0.986016
0.288602	-0.115239	0.950489
-0.115694	-0.157741	0.98068
0.205796	-0.456062	0.865827
-0.155208	-0.0266969	0.987521
-0.00367588	0.173945	0.984749
0.113106	0.537873	0.835404
-0.225565	0.190581	0.955405
0.0872319	-0.123082	0.988555
0.391243	-0.022584	0.92001
-0.029039	0.163965	0.986039
-0.088316	-0.15737	0.983583
-0.0561922	-0.395365	0.916804
0.0634108	0.179393	0.981732
-0.0793906	0.00771658	0.996814
-0.0894729	-0.102336	0.990718
-0.308528	-0.106528	0.945231
0.475393	-0.399284	0.783948
-0.34733	-0.0788686	0.93442
-0.125714	0.0432252	0.991124
0.0214738	0.130896	0.991164
-0.207977	-0.0327851	0.977584
0.0229681	0.266232	0.963635
-0.012321	0.0553727	0.99839
0.0479847	-0.425607	0.903635
-0.28535	-0.0169257	0.958274
-0.0480716	-0.0762331	0.995931
-0.190477	0.0723264	0.979024
-0.137232	-0.0709204	0.987997
0.0361482	-0.211535	0.976702
0.0212334	-0.0775345	0.996764
0.149439	-0.0290754	0.988343
-0.365183	0.138365	0.920596
-0.0508696	0.265233	0.962842
0.197392	-0.0639068	0.978239
0.0178487	-0.05088	0.998545
0.0925045	0.0524947	0.994328
0.203759	-0.0746464	0.976171
-0.109894	-0.0948627	0.989406
-0.158398	-0.201175	0.966664
-0.084406	0.228664	0.969839
0.0585399	0.137453	0.988777
-0.0888824	-0.23269	0.968481
-0.0395997	0.143783	0.988817
-0.197921	0.136019	0.970735
0.00148551	-0.0084161	0.999963
-0.302215	0.195566	0.932963
0.03085	0.333473	0.942255
0.00517971	0.053597	0.998549
-0.0772299	-0.0277478	0.996627
0.114169	0.610487	0.783755
-0.0269114	0.536063	0.843749
-0.104976	0.27862	0.954647
-0.0568797	-0.0738618	0.995645
-0.286683	0.278056	0.916787
-0.0646489	-0.0253119	0.997587
0.0892242	-0.230488	0.968976
-0.417513	-0.0890025	0.904302
-0.0405036	-0.184045	0.982083
-0.202463	-0.188161	0.961043
-0.075963	-0.177404	0.981202
0.236084	-0.0290593	0.971298
-0.0758973	0.308432	0.948214
0.177706	0.029528	0.983641
0.0156637	-0.295514	0.95521
-0.0249762	0.123783	0.991995
0.086209	-0.339262	0.936733
0.052256	0.29878	0.95289
0.16307	0.203876	0.96532
0.16577	0.249221	0.954154
0.232759	0.221781	0.946909
-0.419016	-0.215673	0.881993
0.0143233	-0.0545482	0.998408
-0.129369	-0.0915687	0.987359
0.0430813	0.144621	0.988549
0.230746	-0.00464628	0.973003
0.015622	0.268682	0.963102
0.171021	-0.140307	0.975226
0.0711518	0.42413	0.902802
-0.023623	-0.115376	0.993041
-0.0651228	0.138018	0.988286
0.209108	-0.284239	0.935672
0.154486	-0.401158	0.902888
0.171977	0.109613	0.978984
-0.175061	0.0393128	0.983772
0.272292	0.271256	0.923189
0.0711238	-0.23768	0.968736
-0.335395	-0.0632182	0.939954
0.469253	0.180546	0.86441
-0.0244592	-0.0182663	0.999534
0.178771	-0.0994101	0.978856
-0.227853	-0.0213689	0.973461
-0.181782	0.521844	0.833447
-0.19948	-0.520733	0.830087
0.090339	0.0988507	0.990993
-0.211134	-0.159857	0.964297
-0.237224	-0.0808616	0.968084
0.183827	-0.131081	0.974179
0.0384133	0.227776	0.972956
0.0208967	-0.245921	0.969065
-0.261266	-0.213649	0.941326
-0.6403	-0.230797	0.732632
0.0847738	0.175786	0.980771
0.080258	-0.358345	0.930133
0.124225	0.184531	0.974944
0.455744	-0.0117272	0.890033
-0.274274	0.180479	0.944564
-0.209601	0.0798773	0.974519
-0.129336	-0.0119452	0.991529
-0.0194181	0.0422714	0.998917
-0.338691	-0.154377	0.928147
0.0767952	0.0945394	0.992555
0.114724	-0.169207	0.978881
-0.101809	-0.262465	0.959556
-0.268726	-0.118141	0.955944
-0.10357	0.380048	0.91915
-0.211874	0.340828	0.91594
-0.0150912	-0.0116621	0.999818
0.0586032	-0.254562	0.965279
0.0436504	-0.059731	0.99726
0.101449	0.00815722	0.994807
0.0791129	-0.118563	0.98979
-0.0951031	0.262882	0.960129
-0.096315	0.370355	0.923884
-0.50225	0.044017	0.863602
-0.161634	0.0603233	0.985005
0.562294	0.675651	0.476782
0.158571	-0.29662	0.941739
-0.263685	0.0986861	0.959547
0.333704	0.00164393	0.942676
0.140336	0.572253	0.807981
0.330048	0.0439438	0.942941
-0.170079	0.0473042	0.984294
-0.121171	-0.0666994	0.990388
0.0724496	-0.452283	0.888927
-0.374721	0.113461	0.920169
0.532663	0.272173	0.801369
0.453837	0.0336821	0.890448
-0.00811874	0.262158	0.964991
-0.475543	0.110512	0.872724
0.118064	-0.113871	0.986455
0.020303	0.118613	0.992733
-0.458024	-0.158815	0.874638
-0.595922	-0.17214	0.784375
0.198175	0.361515	0.911062
-0.431923	0.300898	0.850237
-0.289411	-0.0670484	0.954854
0.269228	-0.0488891	0.961835
-0.0172841	-0.0522259	0.998486
-0.0582803	0.110692	0.992145
-0.180014	0.151112	0.971988
0.133893	0.113684	0.984454
0.394704	-0.154446	0.905735
0.0337898	0.0501757	0.998169
0.00448591	-0.282363	0.959297
0.302303	0.249313	0.92003
-0.0038623	0.125942	0.99203
-0.236359	0.00269973	0.971662
0.0292952	0.270416	0.962298
0.204608	0.0585128	0.977094
0.321542	0.172662	0.93102
0.196849	0.0557455	0.978848
0.273702	-0.497192	0.823339
0.338031	0.0732128	0.938283
-0.230325	0.124458	0.965122
-0.0230229	-0.0143784	0.999632
0.274008	-0.0697888	0.959192
-0.00203222	0.0570887	0.998367
-0.2257	0.382424	0.895997
-0.0499738	0.174689	0.983355
0.0824885	0.0760222	0.993688
-0.00159681	0.0456965	0.998954
-0.307226	0.183533	0.933771
0.0107977	-0.0166856	0.999802
0.0804631	0.196002	0.977297
0.0818043	0.12276	0.989059
0.126254	0.0233974	0.991722
0.0567053	-0.0944362	0.993915
-0.304745	-0.387849	0.869887
-0.270725	-0.252937	0.928833
-0.122034	-0.282456	0.951486
0.123665	0.291783	0.948457
0.248829	0.398311	0.882855
-0.187247	-0.255213	0.948581
-0.291807	0.117899	0.949183
-0.0209171	0.00148248	0.99978
0.158443	-0.197646	0.967384
0.209994	-0.278486	0.937202
0.0542996	0.595662	0.801398
-0.168748	0.242041	0.955479
0.176491	-0.154485	0.972104
-0.163998	0.0416187	0.985582
0.0996757	0.293456	0.950762
0.342474	0.285188	0.895198
-0.134	-0.0941322	0.9865
0.0606261	0.217121	0.97426
-0.0573892	0.256292	0.964894
0.211916	0.286659	0.934301
0.0260252	-0.118117	0.992659
0.392699	0.269888	0.879175
-0.00485622	0.294782	0.955552
-0.161457	0.228556	0.960049
0.259712	-0.0461449	0.964583
0.128401	0.000499521	0.991722
0.112762	-0.274175	0.955046
-0.00491096	0.545263	0.838251
0.09704	0.0964538	0.990596
0.0684411	0.111667	0.991386
-0.0353569	0.0254402	0.999051
0.0510846	0.157769	0.986154
0.204123	0.167637	0.964485
0.183763	-0.217158	0.958683
-0.132251	0.602115	0.78738
0.149027	-0.203742	0.967616
0.207845	0.0851076	0.974452
0.12696	-0.111831	0.985584
0.297826	-0.0312605	0.954108
0.0614034	-0.199516	0.977969
0.20479	0.117175	0.971767
-0.618909	0.0267906	0.785005
0.0710643	0.0802751	0.994236
0.224294	-0.265168	0.937752
0.333925	-0.118432	0.93513
0.205855	0.0857489	0.974818
-0.0484089	-0.360414	0.931536
-0.499605	0.0354179	0.865529
0.0244973	0.0648868	0.997592
-0.120888	0.364311	0.923398
-0.203853	0.229485	0.951725
0.0962605	-0.0348194	0.994747
-0.123212	-0.0937258	0.987945
0.232276	0.0822988	0.969162
-0.214702	-0.0800334	0.973395
-0.069702	0.05761	0.995903
-0.0571285	-0.552627	0.831469
0.55874	-0.264477	0.786042
0.0484272	0.113941	0.992307
0.0477008	0.22781	0.972537
-0.198492	-0.137263	0.970443
0.0759731	-0.0171756	0.996962
0.209178	0.0885315	0.973862
-0.302241	0.0736347	0.950383
-0.0510948	0.286657	0.95667
-0.166172	-0.192578	0.96711
-0.0495983	0.0485983	0.997586
0.0842371	0.327145	0.941212
-0.493974	0.127264	0.860113
-0.0559205	0.145541	0.987771
-0.196976	-0.119437	0.973106
-0.0245828	-0.072365	0.997075
-0.347081	0.0387402	0.937035
-0.00232957	-0.204709	0.97882
-0.109886	0.0167219	0.993804
-0.281928	-0.111842	0.952895
0.253114	-0.414347	0.874214
0.111039	-0.0137168	0.993721
0.0884071	0.239079	0.966967
0.204642	0.204967	0.957136
0.365833	0.115638	0.923469
0.0705711	0.144937	0.986921
0.175416	-0.245973	0.953271
-0.00126205	-0.013448	0.999909
-0.208122	-0.0909315	0.973867
-0.0932314	-0.0305725	0.995175
-0.0644435	0.217473	0.973937
0.129974	-0.120936	0.984114
-0.24111	-0.101295	0.965197
0.154418	0.101338	0.982795
0.419245	0.0727291	0.904955
0.147735	0.106864	0.983237
0.0692624	0.180063	0.981214
-0.0359313	0.397369	0.916955
-0.257737	-0.0892891	0.962081
-0.207428	0.0253095	0.977923
0.210574	0.154599	0.965276
-0.379412	-0.260067	0.887925
0.374303	0.0549021	0.92568
0.326767	0.0561623	0.943435
-0.308225	0.229313	0.923262
-0.24912	0.34203	0.906066
0.112869	0.318915	0.941039
0.0964083	0.371225	0.923525
-0.412569	-0.0941825	0.906044
0.218889	0.0154227	0.975628
-0.0958846	-0.236266	0.966946
-0.0225665	0.53398	0.845196
0.379618	0.377556	0.844595
-0.0313334	-0.00908042	0.999468
0.00870881	-0.0223049	0.999713
-0.031763	-0.092527	0.995203
0.193602	-0.319181	0.927708
0.205355	-0.00446707	0.978677
-0.0533444	-0.154485	0.986554
0.31954	0.0762434	0.944501
-0.00537958	-0.258946	0.965877
-0.0139923	-0.242616	0.970021
-0.279887	0.105466	0.954222
0.151439	-0.0428424	0.987538
-0.143649	0.176537	0.973755
-0.0757392	-0.0808906	0.993841
-0.213247	-0.206222	0.954986
-0.0166677	-0.260187	0.965414
0.287868	0.192548	0.938114
-0.12349	0.238479	0.963264
0.146333	-0.0140673	0.989135
-0.243412	0.471672	0.847512
-0.0454928	0.0488593	0.997769
-0.100131	0.109613	0.988918
-0.351784	-0.363194	0.86275
-0.121549	-0.0571772	0.990937
0.149193	0.202173	0.967919
0.177183	0.00983611	0.984129
0.330153	0.257856	0.908025
0.0765947	0.236965	0.968494
-0.0476057	0.0589936	0.997123
0.0674891	0.119764	0.990506
-0.146966	-0.190464	0.970631
0.00106897	-0.281082	0.959683
-0.206996	-0.307386	0.928798
0.25149	0.0727967	0.965118
-0.0219714	-0.172609	0.984745
0.15467	0.421589	0.893499
0.159779	-0.124158	0.979314
-0.015647	-0.137967	0.990313
0.252855	0.0609668	0.965581
-0.327002	0.109767	0.938627
-0.3806	-0.0115262	0.924668
-0.0604341	0.0712099	0.995629
0.198955	-0.0318291	0.979492
-0.537274	0.1057	0.836758
-0.0692744	-0.0604675	0.995763
-0.0039359	0.226402	0.974026
-0.198936	0.159167	0.967001
-0.407835	0.176988	0.895738
0.0183697	-0.0582262	0.998134
-0.118628	0.277801	0.953286
0.29664	0.111247	0.948488
-0.140427	0.200983	0.969477
-0.219182	0.127367	0.967335
0.357559	-0.398176	0.844753
-0.487835	-0.00353004	0.872929
-0.245981	0.0197872	0.969073
-0.147346	0.146512	0.978174
0.00248976	0.210866	0.977512
-0.302758	0.244453	0.921184
-0.39157	0.122171	0.912002
-0.133864	0.0842283	0.987414
-0.0192029	-0.151925	0.988205
-0.212803	-0.47214	0.855453
-0.135953	0.0730252	0.98802
0.375838	-0.163073	0.912224
0.0549668	0.258229	0.964519
-0.0935692	0.0876163	0.99175
-0.0564245	-0.281957	0.957766
-0.236634	-0.165013	0.957484
-0.00428538	-0.37507	0.926986
0.136823	-0.160287	0.977542
-0.162935	0.236885	0.957777
0.0379168	-0.0119765	0.999209
0.0257217	0.098386	0.994816
-0.0231731	-0.249677	0.968052
-0.070572	-0.128939	0.989138
-0.0664194	0.0123979	0.997715
-0.109564	-0.0683241	0.991629
0.343935	0.21412	0.914255
0.186867	-0.315925	0.9302
0.00010699	0.155545	0.987829
0.0249167	-0.230773	0.972689
-0.190922	-0.263511	0.945574
0.0234744	0.470342	0.882172
0.140197	-0.227807	0.96356
-0.245224	0.347644	0.904991
-0.0691423	-0.560958	0.824952
-0.151591	-0.0474862	0.987302
0.0622132	-0.119386	0.990897
-0.196545	0.00847965	0.980458
-0.226752	0.0575639	0.97225
0.198457	-0.104474	0.974526
0.0752413	0.200392	0.976822
0.128027	-0.340502	0.931487
0.233536	-0.0866265	0.968482
0.0769589	-0.0986607	0.992141
-0.193715	0.34217	0.919453
-0.127802	0.0652301	0.989652
0.139851	0.101749	0.984931
0.161601	-0.290916	0.943002
0.159648	0.189039	0.968905
0.0886918	0.204934	0.974749
0.116395	0.415349	0.902185
-0.184657	0.157512	0.970099
-0.307323	-0.000352249	0.951605
-0.0998606	0.102646	0.989693
-0.133263	-0.00722673	0.991054
-0.117855	0.0612162	0.991142
-0.0249586	-0.489945	0.871396
0.0387223	-0.112344	0.992915
0.19913	-0.257949	0.945415
-0.288175	0.0982926	0.95252
-0.137415	-0.133298	0.981503
0.355619	0.203867	0.912126
-0.210476	-0.132572	0.968568
-0.258073	-0.0381286	0.965373
0.00516184	0.165791	0.986147
0.311726	-0.359859	0.879391
-0.275213	-0.0236492	0.961092
-0.140187	0.427183	0.893231
0.0641131	0.00232917	0.99794
0.228903	0.2845	0.930947
-0.10123	0.124032	0.987101
-0.187134	0.115755	0.97549
-0.0916069	-0.0422581	0.994898
-0.44179	-0.0501693	0.895714
0.0361843	0.0221947	0.999099
0.360819	0.0563841	0.93093
0.191699	0.247731	0.949674
-0.0764244	-0.122855	0.989478
-0.0466028	0.0439325	0.997947
-0.207147	0.139125	0.968367
-0.109913	0.128288	0.985627
-0.200097	-0.00733658	0.979749
0.133419	0.0401978	0.990244
0.0763874	-0.0901206	0.992997
0.150466	-0.284387	0.946828
0.169003	-0.0813972	0.982249
0.215454	-0.064842	0.974359
0.102737	0.340776	0.934514
-0.0835301	0.0235533	0.996227
0.433801	-0.00418226	0.900999
0.189773	0.0356189	0.981182
-0.00284384	0.063853	0.997955
0.260883	-0.124977	0.957246
0.0681753	-0.091932	0.993429
0.367909	0.312893	0.875637
-0.0861648	0.225187	0.970498
0.0790473	-0.0891902	0.992873
0.000584497	-0.0257662	0.999668
-0.373625	-0.0863236	0.923554
0.00962771	-0.199762	0.979797
-0.17687	0.103454	0.978782
-0.160204	-0.500826	0.850593
-0.218637	-0.0389277	0.975029
0.276359	0.0354645	0.9604
-0.311486	0.10706	0.944201
0.191114	0.0785859	0.978417
0.274901	-0.0193735	0.961277
-0.28593	0.0737864	0.955406
-0.284566	-0.369018	0.884787
-0.118264	-0.017096	0.992835
0.244627	0.145422	0.95865
0.178883	-0.160805	0.97064
0.141576	-0.0429611	0.988995
0.232437	0.199941	0.951839
-0.0403035	0.00211213	0.999185
-0.217792	-0.534966	0.81632
-0.310649	-0.0140081	0.950421
-0.275805	-0.0930191	0.956702
-0.0119932	0.373374	0.927603
0.0663564	-0.222878	0.972585
-0.250384	0.0167886	0.968001
-0.148877	0.058536	0.987122
-0.0605595	0.434098	0.898828
0.556037	0.229453	0.798858
0.377597	0.120754	0.918063
0.170443	0.325214	0.930153
-0.00289455	0.0524043	0.998622
-0.0617238	0.0275028	0.997714
-0.00214141	0.0048788	0.999986
-0.570673	0.00916923	0.821126
0.199373	0.238396	0.950483
0.305746	0.252076	0.918138
0.169251	0.346314	0.922724
-0.114722	-0.0813036	0.990065
-0.0345076	0.16736	0.985292
-0.0837245	0.111361	0.990247
-0.419252	0.0563544	0.906119
0.190001	0.113221	0.975234
-0.114609	0.0271006	0.993041
-0.407886	-0.0470853	0.911818
-0.143134	0.184367	0.972379
-0.165861	0.272523	0.947745
-0.193694	0.494218	0.847485
-0.429306	0.204194	0.879773
0.055442	-0.0543564	0.996981
-0.312181	-0.047265	0.948846
-0.152987	-0.438493	0.885618
-0.00925466	-0.0091457	0.999915
0.110531	0.328567	0.937991
-0.14471	0.00738577	0.989447
-0.0319403	-0.191404	0.980991
0.0604696	0.506998	0.859823
0.0876212	0.13435	0.987052
-0.141232	-0.025315	0.989653
0.249486	-0.0108424	0.968318
0.26221	-0.0123763	0.964931
-0.00196591	-0.116248	0.993218
0.159851	-0.0446181	0.986132
-0.0310227	0.332011	0.942765
-0.0206482	0.163425	0.98634
0.0142176	-0.140555	0.989971
0.0409541	0.0144996	0.999056
0.294088	0.14622	0.944527
-0.0398338	-0.344323	0.938006
0.578201	-0.288256	0.763277
0.215971	0.010757	0.976341
0.445745	-0.0358038	0.894444
0.134598	-0.318728	0.938241
-0.0152951	-0.302214	0.953117
-0.120092	0.105979	0.98709
-0.427097	-0.216389	0.877931
-0.079923	0.0902172	0.99271
0.242799	0.401679	0.883008
0.0978936	0.0836228	0.991677
-0.15788	-0.325825	0.932154
-0.22373	0.0472176	0.973507
0.219133	0.102497	0.970296
0.0896472	0.130839	0.987342
0.126295	0.437671	0.890221
-0.128568	-0.0873105	0.98785
-0.152606	-0.525892	0.836749
-0.0838797	-0.284859	0.954892
-0.091633	0.292074	0.951996
-0.104146	0.0942342	0.990088
-0.0403406	0.339305	0.939811
0.1777	0.424165	0.887979
0.145449	0.143852	0.978852
-0.102773	-0.187309	0.97691
0.259328	-0.0898963	0.961596
0.115404	0.0200783	0.993116
0.217531	0.0528467	0.974622
0.237315	0.274067	0.93197
-0.0233911	0.0792056	0.996584
0.238128	0.361758	0.901347
0.100437	-0.122791	0.987337
-0.169209	0.029348	0.985143
-0.165054	0.084297	0.982676
-0.366453	-0.148115	0.918572
0.205516	-0.0882113	0.97467
-0.156536	0.197735	0.967676
-0.0101723	0.239024	0.97096
0.477211	0.0111352	0.878718
0.203771	0.0994559	0.973954
-0.037589	0.320759	0.946415
-0.124948	-0.0361933	0.991503
-0.0952269	-0.139737	0.985599
-0.125074	0.113829	0.985596
-0.205872	0.116101	0.971667
0.446857	-0.15548	0.880991
0.000564837	0.207339	0.978269
0.364573	0.217651	0.905381
-0.0340102	0.0212641	0.999195
0.407288	0.065434	0.910953
-0.230749	0.0469497	0.97188
0.171307	0.297692	0.939166
-0.181815	-0.0219608	0.983088
-0.116382	0.319056	0.940563
-0.286755	0.259916	0.922071
-0.241523	0.201377	0.94927
0.0412615	-0.0681577	0.996821
0.253657	-0.189767	0.948497
0.201836	-0.0629775	0.977393
0.157473	0.130783	0.978825
-0.501473	-0.0901384	0.860465
0.443727	0.136069	0.885772
0.113844	-0.0910972	0.989313
-0.115805	-0.00808675	0.993239
0.15645	0.23112	0.960264
-0.0211017	0.153479	0.987927
0.353065	-0.294147	0.888157
-0.0967806	-0.297162	0.94991
-0.453503	0.00153442	0.891253
0.179396	0.0941057	0.979266
0.27878	0.408179	0.869294
0.0666906	0.234069	0.96993
0.00973618	0.270626	0.962635
0.0790566	0.153421	0.984993
0.211495	-0.031526	0.976871
0.563905	0.0802017	0.821936
-0.0435052	0.101159	0.993919
0.298683	0.18912	0.935426
-0.268172	0.12159	0.955667
-0.282191	-0.184486	0.941453
-0.406407	0.261653	0.875426
0.160109	-0.229114	0.960142
0.218304	-0.181727	0.958811
0.592021	0.250507	0.766001
0.0797998	0.0414807	0.995947
-0.22028	-0.0567114	0.973787
-0.0337516	0.266072	0.963362
0.00898318	-0.0252951	0.99964
0.323008	0.172855	0.930477
-0.195987	-0.386325	0.9013
0.282184	-0.20416	0.937385
-0.0107877	-0.0961713	0.995306
0.017409	0.31548	0.948773
-0.00889019	-0.183014	0.98307
-0.17951	-0.145072	0.973001
-0.0294675	0.010592	0.99951
-0.19292	0.211256	0.958203
-0.469216	-0.191152	0.862147
-0.152882	-0.505124	0.849398
-0.193964	0.19537	0.961358
-0.00693357	0.102566	0.994702
-0.0490341	0.0165383	0.99866
-0.0358024	0.0219151	0.999119
-0.0516736	-0.0421735	0.997773
0.0764553	0.0530568	0.99566
-0.0470168	0.318385	0.946795
-0.0574896	-0.00756274	0.998317
0.0587306	0.137779	0.98872
0.144638	0.200065	0.969048
-0.385598	-0.0846094	0.918779
-0.194566	0.341371	0.91957
0.0633722	0.42356	0.903649
0.181203	-0.0955812	0.97879
-0.0566383	0.0516645	0.997057
-0.18362	-0.27733	0.943065
0.0856458	0.100562	0.991238
-0.342631	0.0306877	0.938969
-0.0353392	0.0409765	0.998535
-0.0117966	0.152921	0.988168
0.260541	0.0278495	0.965061
-0.285708	-0.218388	0.933101
0.19761	-0.123974	0.97241
0.0399942	-0.361581	0.931483
0.259296	0.0115021	0.965729
0.107018	-0.0581956	0.992553
-0.134658	0.561015	0.81678
0.572334	-0.176008	0.800909
0.15699	-0.0815819	0.984225
-0.111478	-0.0704258	0.991268
0.0677131	-0.504088	0.860994
0.102953	-0.160425	0.981664
-0.0884491	0.181544	0.979397
0.22446	0.507447	0.831935
0.0326364	0.0258919	0.999132
-0.0176977	0.200229	0.979589
-0.197764	0.332845	0.922011
0.0732727	-0.0191025	0.997129
0.471058	0.12115	0.873743
0.0238851	-0.17032	0.985099
0.0220058	0.217253	0.975867
-0.330066	-0.143193	0.933034
0.0077406	0.197094	0.980354
-0.289418	-0.0314483	0.956686
-0.062926	0.134974	0.988849
0.384963	0.0741712	0.919947
-0.0184292	-0.102287	0.994584
0.27407	-0.302887	0.912768
-0.291625	0.386902	0.874792
0.223384	-0.0653179	0.97254
-0.127412	-0.149326	0.980545
-0.327384	0.379845	0.865181
0.0114867	-0.259605	0.965647
0.0510598	0.0809087	0.995413
-0.0658325	0.181752	0.981138
0.04871	0.28513	0.95725
0.0617143	-0.263169	0.962774
-0.115398	-0.218149	0.969069
0.149648	-0.0195286	0.988546
-0.197222	0.154616	0.96809
0.120269	0.0600552	0.990923
0.20721	-0.234586	0.949754
0.098136	-0.35796	0.928566
0.0518473	0.196034	0.979225
-0.189677	0.0497843	0.980584
0.353508	0.108985	0.929061
-0.260028	0.172031	0.950153
0.273574	0.511199	0.81476
-0.106641	0.173484	0.979046
0.00966357	-0.219838	0.975489
0.0479843	0.120192	0.99159
-0.240969	0.205193	0.948593
0.261983	-0.152498	0.952948
0.0775519	-0.0105618	0.996932
-0.0503664	0.142287	0.988543
-0.307823	-0.246243	0.919026
0.0226335	0.362705	0.931629
-0.17577	0.273579	0.945653
0.255546	-0.303759	0.917838
0.156323	-0.114271	0.981074
-0.202028	0.198617	0.959029
-0.231662	0.553927	0.799686
0.399304	-0.202625	0.894147
-0.175401	-0.0752401	0.981618
-0.195584	0.416596	0.887804
0.118864	-0.0642293	0.990831
0.130064	-0.138655	0.981763
-0.378398	0.331455	0.864264
-0.17182	0.279037	0.944784
-0.40634	-0.118543	0.906
-0.017444	-0.107352	0.994068
0.315645	-0.138552	0.938708
0.0621858	-0.32317	0.944296
0.161604	-0.232303	0.959124
-0.182121	-0.125799	0.975196
0.160699	-0.0412795	0.98614
-0.125249	-0.0422686	0.991225
-0.127281	0.376865	0.917482
0.194987	-0.150482	0.969193
-0.0663801	-0.381954	0.921794
0.283465	-0.155261	0.94633
-0.0923758	-0.0606862	0.993873
-0.126753	0.0627298	0.989949
-0.163644	0.362099	0.917663
-0.182238	-0.185187	0.965658
0.559006	0.210343	0.80204
0.0507792	0.237958	0.969947
0.016123	0.0291159	0.999446
0.075349	0.233398	0.969457
-0.16463	0.473139	0.865469
-0.171566	-0.132373	0.976239
-0.143028	-0.113657	0.983171
-0.0130788	-0.1752	0.984446
-0.0393981	0.233378	0.971588
0.467078	0.0216492	0.883951
0.0345728	-0.0162217	0.999271
-0.277661	-0.070179	0.958112
-0.179833	0.0652001	0.981534
0.12118	0.0304523	0.992163
-0.349386	0.14914	0.925033
-0.475926	0.136335	0.868854
-0.243782	-0.00427008	0.969821
0.403542	0.282564	0.870236
-0.0116066	0.0836801	0.996425
0.0733421	-0.232425	0.969845
-0.0140702	-0.0403941	0.999085
-0.164291	0.384548	0.908367
-0.165838	0.280848	0.945316
-0.32261	-0.186829	0.92791
0.311018	0.469021	0.826612
0.201503	0.16868	0.964854
0.0171716	-0.125449	0.991951
0.0177501	-0.131405	0.99117
0.214055	0.156558	0.964194
-0.00194271	0.0816554	0.996659
-0.427784	-0.0869223	0.899692
-0.174783	-0.27585	0.945176
0.335617	0.158574	0.928556
-0.0427561	0.143832	0.988678
-0.265502	-0.283654	0.921439
0.128517	0.212914	0.968582
0.0165637	-0.0155651	0.999742
-0.137309	-0.247114	0.959208
-0.0240518	0.12063	0.992406
0.0116265	-0.20554	0.97858
-0.12131	0.0984215	0.987723
-0.271649	-0.153205	0.950123
0.385989	0.587114	0.711554
-0.121953	-0.212702	0.969477
0.00713087	-0.205209	0.978692
0.133432	0.0781439	0.987972
-0.0689276	-0.205736	0.976177
-0.212311	0.137434	0.967489
-0.152986	-0.285316	0.946145
0.00416227	0.0730725	0.997318
-0.37283	0.0216053	0.927648
0.177914	-0.216562	0.959921
-0.296627	-0.319365	0.90001
-0.302438	-0.237291	0.92316
-0.0393721	0.152707	0.987487
-0.0306186	0.229671	0.972787
0.219904	0.24043	0.945429
-0.482274	-0.223046	0.847149
0.0593595	-0.0330337	0.99769
0.233193	-0.323044	0.917204
0.236183	-0.0269198	0.971336
0.174424	-0.0485133	0.983475
0.219348	-0.438151	0.871728
-0.12872	0.263932	0.955914
-0.160107	-0.0974549	0.982277
0.15845	-0.0706902	0.984833
-0.100573	-0.114031	0.988373
0.12094	0.19275	0.973766
-0.166236	0.176541	0.970154
0.106914	-0.0850989	0.99062
-0.229624	0.250229	0.940563
-0.0114719	-0.0819232	0.996573
0.160773	0.219756	0.962216
0.0902649	0.27728	0.95654
0.118146	-0.19935	0.97278
0.0264089	0.320636	0.946834
-0.0658881	-0.359841	0.930684
-0.181633	-0.1703	0.968508
-0.095622	-0.243563	0.96516
0.34547	0.0210878	0.938193
0.332639	0.206271	0.920219
-0.083312	0.238804	0.967487
-0.0978067	-0.0110478	0.995144
0.223765	0.200713	0.953752
0.0391638	-0.491121	0.87021
0.115537	-0.0528393	0.991897
0.250328	-0.204363	0.946346
-0.0128676	0.516824	0.855995
0.171721	-0.141273	0.974963
-0.424766	0.122113	0.89703
0.585405	0.449811	0.674515
-0.137214	-0.0373373	0.989837
-0.0350435	0.0457834	0.998337
0.0531368	-0.279292	0.958735
0.118167	0.261132	0.958043
-0.247627	-0.289351	0.924639
-0.337156	-0.365446	0.867626
0.231601	0.135056	0.96339
0.124139	0.0912245	0.988063
0.0971583	-0.00532677	0.995255
0.114588	5.19164e-05	0.993413
0.281371	0.0728178	0.956832
-0.186452	0.132439	0.973497
0.107617	0.13323	0.985225
0.241833	0.398347	0.88478
0.0949067	0.195389	0.976123
-0.120328	0.0202569	0.992528
-0.174976	0.0108016	0.984513
0.151264	-0.184614	0.971101
-0.103258	-0.0049966	0.994642
0.32464	-0.04993	0.944519
0.0936095	-0.18072	0.97907
0.093775	0.34231	0.934896
-0.287863	-0.135125	0.948091
-0.00437904	-0.329537	0.944133
-0.0851863	-0.0571048	0.994727
-0.20785	-0.299894	0.931054
-0.271281	0.0318389	0.961973
0.279712	0.124465	0.951982
0.360951	0.0226898	0.932309
-0.151348	0.283349	0.946999
0.0245321	-0.346056	0.937893
-0.0603027	-0.0221118	0.997935
-0.185303	0.306717	0.933588
0.0535599	-0.0691754	0.996166
0.143602	0.290091	0.946164
-0.197865	0.25182	0.947331
0.0698783	0.0125413	0.997477
-0.188524	0.266877	0.945111
0.273262	0.268628	0.92367
-0.395244	-0.124467	0.910105
-0.665961	0.247365	0.70378
0.285029	-0.522596	0.803525
-0.00622747	-0.326338	0.945233
-0.159531	-0.176187	0.971343
-0.22922	-0.0420396	0.972466
-0.217539	0.198831	0.955585
-0.0768282	-0.0362646	0.996385
-0.252039	-0.292992	0.922297
-0.220238	-0.0263541	0.97509
-0.0839993	-0.078698	0.993353
0.0591806	0.127957	0.990012
-0.348059	0.439091	0.828284
-0.12478	-0.100239	0.987108
0.174887	0.113945	0.977973
-0.123289	0.142712	0.982056
0.0246095	-0.189809	0.981513
0.187226	-0.0707694	0.979764
-0.163405	0.072247	0.98391
-0.0208207	0.28709	0.957677
-0.0318749	-0.0124283	0.999415
-0.127662	-0.0222891	0.991567
0.0588978	-0.089769	0.99422
0.0910886	0.352693	0.931295
-0.038225	-0.0245807	0.998967
-0.436693	-0.263703	0.860093
-0.0432367	0.0568816	0.997444
0.0193881	0.386846	0.92194
0.0370644	0.42244	0.905633
0.0227819	-0.213796	0.976613
0.147736	-0.0352384	0.988399
-0.243239	-0.262801	0.933686
-0.182578	-0.349212	0.919085
-0.046517	0.0770924	0.995938
-0.179439	0.135273	0.974424
-0.0073867	-0.113632	0.993495
0.254243	-0.0102944	0.967086
0.0756623	0.509526	0.857122
0.0303201	-0.000922556	0.99954
0.410598	0.394524	0.822046
-0.290391	-0.17346	0.941055
0.0207581	0.0598496	0.997992
-0.0545824	0.192242	0.979828
0.00612379	0.317389	0.948276
0.245525	0.0607083	0.967488
-0.0843297	0.00281088	0.996434
0.132916	-0.117446	0.984144
-0.192444	0.188605	0.963013
-0.0820376	-0.0488956	0.995429
0.113956	0.0125924	0.993406
0.0183849	0.5597	0.828491
0.346582	-0.205356	0.915265
0.00455587	-0.461252	0.887258
-0.128633	0.287882	0.948988
-0.0393923	-0.181816	0.982543
-0.0237341	-0.45048	0.892471
0.277285	-0.21145	0.937231
-0.292511	-0.140345	0.945907
0.0312987	-0.141434	0.989453
-0.224922	-0.120727	0.966869
0.514221	0.145249	0.845269
-0.073794	0.0873216	0.993443
0.071421	-0.0417245	0.996573
0.0285885	-0.156964	0.98719
0.24791	0.0531123	0.967326
-0.117407	-0.312437	0.942655
-0.350085	-0.00290361	0.936714
0.0175246	-0.17772	0.983925
-0.00503079	0.000951333	0.999987
-0.0865547	-0.315919	0.94483
0.0368257	0.0218082	0.999084
0.275706	-0.0672856	0.958884
-0.0435058	-0.258684	0.964982
-0.330809	-0.0558695	0.942042
0.0500955	0.121045	0.991382
0.192208	0.0246611	0.981044
0.176938	-0.448771	0.875955
0.0182713	-0.265695	0.963884
0.267939	0.144508	0.952537
-0.155481	0.190443	0.969308
0.142114	-0.00310072	0.989845
-0.277759	-0.0335024	0.960067
-0.204036	0.125785	0.970849
-0.407914	-0.340122	0.847304
0.122886	-0.22996	0.965411
0.411876	-0.386439	0.825241
0.371584	-0.0341857	0.92777
-0.098612	0.047669	0.993984
0.32272	0.145341	0.935269
0.130057	0.0345251	0.990905
0.136867	0.194776	0.971252
0.127218	0.365207	0.922193
-0.0894924	-0.177004	0.980133
-0.323605	-0.180804	0.928757
-0.107087	-0.262487	0.958975
0.0151962	0.149057	0.988712
0.262592	0.0985979	0.959856
0.0150307	0.00390466	0.999879
0.332298	-0.00937093	0.943128
0.0368303	0.0147133	0.999213
-0.0403003	-0.0786891	0.996084
-0.115009	0.226057	0.967301
-0.061501	0.272913	0.960071
-0.295825	-0.383059	0.875073
-0.108465	-0.0163162	0.993966
-0.112224	-0.137698	0.984096
-0.0868311	0.181876	0.97948
-0.19722	0.0216147	0.980121
-0.134146	-0.386409	0.91252
0.203054	-0.0614608	0.977237
-0.755048	-0.0829609	0.6504
-0.142394	0.220068	0.965036
0.185459	-0.114702	0.975935
0.120673	0.115613	0.985937
-0.211202	-0.10696	0.971573
0.0292684	-0.183049	0.982668
0.100078	-0.192351	0.97621
-0.0456792	0.111902	0.992669
0.31367	0.16813	0.934529
-0.150641	0.176265	0.972748
0.288707	-0.0933422	0.952856
0.208506	-0.14952	0.966524
0.0561989	-0.191495	0.979883
-0.298662	-0.00901706	0.954316
-0.016931	0.0254659	0.999532
-0.0455667	-0.132671	0.990112
-0.364815	0.0292866	0.930619
-0.0961531	0.0763052	0.992437
-0.108015	0.206958	0.972369
-0.0815061	0.0543656	0.995189
-0.385812	-0.18395	0.904053
-0.00261022	0.221341	0.975193
-0.168295	0.289711	0.942202
-0.0369238	-0.32511	0.944955
-0.132775	-0.00429472	0.991137
0.152597	-0.266252	0.951748
0.120872	0.245711	0.961778
-0.736046	-0.00175687	0.67693
-0.19472	-0.354921	0.914393
-0.248652	0.160481	0.955206
0.260866	-0.158525	0.95227
0.0383943	-0.3695	0.928437
0.144816	0.21882	0.964959
0.0963563	-0.0306672	0.994874
-0.214072	0.192034	0.957756
-0.531216	-0.219438	0.818325
0.162813	-0.184306	0.96929
0.0205489	-0.19705	0.980178
0.0559699	-0.121316	0.991035
-0.218785	-0.137017	0.966105
-0.114843	-0.175012	0.977846
-0.061073	0.0458971	0.997078
0.0523305	0.256555	0.965112
0.146828	0.0731284	0.986455
-0.546572	0.00958348	0.837357
-0.196368	0.0387065	0.979766
0.030216	-0.171636	0.984697
0.239312	0.266928	0.93353
-0.0398306	0.150779	0.987765
0.251574	0.0927613	0.963382
-0.143713	-0.412804	0.899411
0.107052	-0.0847013	0.990639
-0.0435483	0.459328	0.887199
0.225089	-0.221401	0.94885
-0.0355774	-0.0395345	0.998585
0.119644	0.0389021	0.992054
-0.187075	-0.18468	0.96483
-0.275274	0.337541	0.900161
-0.0728118	0.0316761	0.996843
-0.626275	0.174715	0.759773
-0.0204206	-0.107473	0.993998
-0.139362	-0.0857587	0.986521
0.00616169	0.248385	0.968642
-0.275181	-0.156512	0.948567
0.177064	-0.198953	0.963881
0.215222	0.302184	0.928636
0.0675257	-0.120274	0.990441
-0.0406106	0.286949	0.957085
0.189008	-0.217948	0.957484
-0.200082	0.272654	0.941078
-0.109194	-0.0916183	0.989789
0.00598266	0.0211718	0.999758
0.0143476	-0.156354	0.987597
0.281355	-0.159225	0.946302
0.00532987	0.118	0.992999
0.247023	-0.10218	0.963607
-0.175994	0.179765	0.967838
0.169166	0.195083	0.966088
0.111	-0.00801598	0.993788
-0.073976	-0.0558422	0.995695
0.0818146	-0.0888139	0.992682
-0.076255	0.0251701	0.996771
0.19594	-0.00442417	0.980606
-0.0896284	-0.15676	0.983561
-0.18292	0.212358	0.959919
-0.080733	-0.0232805	0.996464
-0.120064	-0.200986	0.972208
0.467742	-0.229278	0.853609
0.299294	0.489827	0.818836
0.0485023	0.304438	0.951296
0.028504	0.110215	0.993499
0.425299	-0.216376	0.878807
0.0408332	0.343786	0.93816
0.282461	-0.198694	0.938475
0.32516	0.195136	0.925307
-2.78036e-05	0.094285	0.995545
-0.158729	0.198088	0.967247
-0.0368384	-0.396682	0.917217
-0.0823755	-0.231788	0.969272
-0.0355715	0.417504	0.907978
0.24842	-0.03407	0.968053
-0.130808	0.187194	0.973575
0.437721	-0.113364	0.891936
-0.146165	0.0418214	0.988376
-0.0918154	0.103383	0.990395
-0.01683	-0.243818	0.969675
0.00997834	-0.088496	0.996027
0.289302	-0.312227	0.904886
-0.168184	-0.318819	0.932775
0.273987	0.318014	0.907633
-0.0328253	0.0313712	0.998969
-0.0676662	0.0132386	0.99762
-0.264139	0.359656	0.894918
-0.0636672	0.209453	0.975744
-0.0593753	0.271838	0.96051
-0.253052	-0.250052	0.934579
0.137217	-0.00342592	0.990535
-0.0453659	0.213803	0.975823
-0.255086	-0.474927	0.842245
-0.114986	0.288768	0.950469
0.212441	0.359706	0.90856
0.0498083	0.0966699	0.994069
0.147623	0.404156	0.902699
0.175284	-0.296237	0.938892
-0.191874	0.129636	0.97282
-0.105694	0.0474699	0.993265
0.153431	-0.129657	0.979616
0.268634	-0.079001	0.959997
-0.131941	0.0737243	0.988512
0.161936	-0.272839	0.948333
-0.243894	0.065564	0.967583
0.125224	0.0153319	0.99201
-0.148353	0.201459	0.968197
-0.183624	-0.0225169	0.982739
-0.0924976	0.0187987	0.995535
0.0439273	0.0955648	0.994454
-0.318936	-0.376497	0.869787
0.528097	0.27141	0.804643
0.0261303	0.326279	0.944912
0.247789	0.0142371	0.968709
0.242122	0.194765	0.950497
-0.130932	0.205081	0.969948
0.202321	-0.26381	0.943117
-0.366363	0.0342852	0.92984
0.631805	-0.0203246	0.774861
-0.153847	0.174176	0.972622
-0.021541	0.00998212	0.999718
0.20289	-0.136638	0.969621
0.076012	0.303618	0.949757
0.249129	0.236211	0.939223
-0.22001	0.18365	0.958054
0.00483896	0.379851	0.925035
0.0650991	0.339462	0.938364
0.0416865	-0.227196	0.972956
0.305338	-0.0819448	0.948712
-0.0307967	0.222486	0.974449
0.0718678	-0.0321326	0.996896
0.0427857	0.0169726	0.99894
0.17388	-0.3487	0.920964
-0.1225	-0.14342	0.982051
0.0453086	0.214201	0.975738
0.337641	0.100375	0.935908
0.19109	-0.0399041	0.980761
-0.0255779	-0.322651	0.946172
0.109437	-0.0481332	0.992828
-0.178543	0.239072	0.954446
-0.0618467	0.102129	0.992847
0.0343366	-0.308902	0.950474
-0.172605	0.323462	0.930365
-0.199195	0.183505	0.962625
-0.0904237	0.0871961	0.992079
-0.0750058	0.100707	0.992085
-0.0635645	0.260979	0.963249
-0.193996	0.215754	0.956983
-0.0550258	0.106826	0.992754
-0.0356443	0.294337	0.955037
-0.331479	0.439486	0.83485
0.236805	0.0464834	0.970445
-0.0295076	-0.38638	0.921868
0.141843	0.129617	0.981366
0.00948001	-0.210716	0.977501
-0.199484	0.270601	0.941797
0.514851	-0.0167347	0.857116
0.0418493	0.274635	0.960637
0.0775272	0.228008	0.970568
-0.17876	0.024316	0.983592
0.212366	-0.00998953	0.977139
-0.015295	-0.304757	0.952307
-0.160946	0.309602	0.937146
-0.144606	0.248927	0.957666
-0.118365	-0.109962	0.986863
0.0511751	-0.150704	0.987253
0.193358	0.233099	0.953036
-0.263952	-0.0761352	0.961526
-0.266498	-0.553407	0.789125
0.0639339	0.0100873	0.997903
-0.210465	0.0990639	0.972569
0.181588	0.139773	0.973391
-0.234317	-0.457863	0.857588
0.268867	-0.137588	0.9533
-0.0173086	-0.0813073	0.996539
-0.0257685	-0.0780794	0.996614
0.263008	-0.0561967	0.963156
-0.228228	-0.118275	0.966397
0.657464	-0.0438109	0.752211
0.196813	0.0306396	0.979962
-0.329947	0.0523397	0.942547
0.10249	0.438047	0.89309
0.182749	0.171915	0.968013
0.051937	-0.253464	0.96595
-0.245188	-0.296816	0.922921
-0.115514	-0.189509	0.97506
0.118806	-0.316835	0.941011
-0.440052	0.201558	0.875059
-0.271996	0.315428	0.909133
0.330118	-0.387925	0.860544
0.267753	0.0268459	0.963114
-0.0478627	0.268495	0.962091
-0.315098	0.244872	0.916925
0.190032	-0.11953	0.974474
-0.0821452	-0.0276498	0.996237
-0.105414	-0.0850764	0.990783
0.0915181	0.10819	0.989909
0.39133	0.370993	0.842155
-0.263062	0.181968	0.947463
-0.53435	-0.149485	0.83194
-0.0868917	0.00197068	0.996216
0.142123	0.0397211	0.989052
0.349072	-0.204254	0.914565
-0.326911	-0.353875	0.8763
0.383446	-0.164985	0.908707
-0.021682	0.287495	0.957537
0.281664	0.132021	0.950387
-0.458253	-0.13362	0.87872
0.279932	0.377681	0.882607
-0.218987	-0.258465	0.940872
0.280869	-0.165416	0.945384
-0.0392376	0.109403	0.993223
-0.42106	-0.0219098	0.906768
-0.0932168	0.128779	0.987282
-0.212368	-0.248174	0.94515
-0.0999318	-0.267426	0.958382
-0.354533	-0.115718	0.927855
-0.214612	0.139745	0.96665
-0.170238	-0.0886989	0.981403
0.0126022	-0.0117768	0.999851
0.0176802	0.0296544	0.999404
0.205407	-0.318907	0.92526
0.331523	0.293702	0.896566
0.0694404	0.307206	0.949106
0.18583	0.0328252	0.982033
-0.0316362	0.536278	0.843448
-0.337602	-0.116958	0.933995
-0.104945	0.198293	0.974508
-0.491885	0.195095	0.848521
0.252191	-0.0205743	0.967459
-0.142609	-0.194118	0.970557
-0.141831	-0.189839	0.971517
0.147362	0.174749	0.973523
0.155692	-0.0432341	0.986859
0.262849	0.0168227	0.96469
-0.015269	0.00620952	0.999864
-0.0445531	0.0908033	0.994872
-0.1886	-0.198245	0.961836
0.00305976	-0.0386266	0.999249
-0.209729	-0.334279	0.918842
0.172861	0.144222	0.97433
-0.127658	-0.285414	0.949865
0.145036	-0.038199	0.988689
-0.0181492	-0.08112	0.996539
0.103566	0.0976957	0.989813
-0.00979665	-0.135319	0.990754
-0.102627	0.198155	0.974783
-0.0808278	-0.179633	0.980407
0.163639	-0.324651	0.931571
-0.176708	0.297308	0.938287
-0.405737	-0.0281272	0.913557
-0.0852844	-0.151036	0.984843
0.0319163	-0.136253	0.99016
0.0601986	-0.341184	0.938067
0.115692	0.00797176	0.993253
-0.28055	-0.372466	0.884625
-0.0478315	-0.18377	0.981805
0.193432	0.125419	0.973064
0.15202	0.0624927	0.9864
0.078658	-0.00623814	0.996882
-0.228558	-0.126395	0.96529
-0.0798177	-0.472827	0.877533
0.0137099	-0.0376309	0.999198
-0.0273295	-0.197492	0.979924
0.50149	-0.213615	0.838377
0.131905	-0.167513	0.977006
0.276833	0.473437	0.836194
-0.0573009	0.0447137	0.997355
-0.101689	0.200455	0.974411
-0.122705	0.178895	0.976187
-0.00347804	0.0471504	0.998882
0.275431	-0.149734	0.949588
0.0129978	0.0251335	0.9996
0.291718	0.134749	0.946965
0.191991	-0.0665122	0.97914
-0.0840485	-0.173516	0.981238
0.024204	-0.0378287	0.998991
0.0548969	-0.100218	0.99345
-0.0936932	-0.0831791	0.99212
0.124446	-0.129699	0.983713
0.203575	0.143144	0.968539
0.425841	-0.0396283	0.90393
-0.0881728	0.0886839	0.99215
-0.114941	0.255762	0.959882
0.00266206	0.142463	0.989797
0.228942	-0.0647452	0.971284
0.130053	0.0272985	0.991131
0.241759	0.12363	0.962428
0.352564	-0.0736936	0.932882
0.201877	0.339189	0.918802
-0.453148	-0.138859	0.880554
-0.291731	0.110841	0.950056
0.0297311	0.269089	0.962656
-0.41451	-0.15457	0.896822
-0.138112	-0.0978905	0.985567
0.243084	-0.222865	0.944056
-0.454902	0.181168	0.871919
0.0224155	-0.22461	0.974191
0.140943	0.456595	0.87844
0.16887	-0.219977	0.960777
-0.263795	0.200549	0.9435
-0.513419	-0.260401	0.817675
-0.0373946	0.0934553	0.994921
0.133154	-0.00920573	0.991053
0.249087	-0.363643	0.897619
0.192963	0.224231	0.955241
-0.363727	-0.00485288	0.931493
-0.168942	-0.294609	0.940566
-0.0996249	0.0365946	0.994352
0.183111	-0.0219706	0.982847
0.369963	0.356199	0.85805
-0.126812	-0.00853976	0.99189
0.322352	0.146419	0.935228
-0.156407	0.19565	0.968121
0.318591	-0.145161	0.936711
-0.108869	0.215602	0.970393
0.000494184	0.0683631	0.99766
-0.42322	-0.0195948	0.905815
0.03717	0.119163	0.992179
-0.00659874	-0.260558	0.965436
-0.321665	0.0974207	0.941828
0.41075	0.151017	0.899154
-0.118099	-0.0429271	0.992074
0.337114	-0.461368	0.820667
0.205218	0.254931	0.944932
-0.359422	0.273122	0.892312
-0.172676	-0.321506	0.93103
-0.0389854	0.165805	0.985388
0.105845	0.0586341	0.992652
0.239385	0.111728	0.964475
0.183261	-0.348406	0.919254
0.21257	-0.00292228	0.977141
-0.179217	0.171583	0.968731
-0.240558	-0.0109515	0.970573
-0.247925	-0.149414	0.957188
-0.237525	-0.169886	0.95641
0.11195	0.161848	0.980445
0.121983	-0.100298	0.987452
0.0513233	-0.356169	0.933011
-0.0558322	-0.0256643	0.99811
0.476038	0.182798	0.860216
0.11909	0.184051	0.975676
0.104225	0.0710308	0.992014
-0.0510233	-0.323095	0.94499
0.116451	0.0284339	0.992789
-0.203483	0.54309	0.814646
0.118724	0.179005	0.976658
-0.0928032	0.211964	0.972861
0.0239305	0.00440207	0.999704
-0.208013	-0.00300506	0.978121
0.372852	-0.0768547	0.924702
-0.363571	0.0110357	0.931501
-0.0787437	0.102139	0.991649
0.0726551	0.148985	0.986167
0.174297	-0.361223	0.916045
0.0809088	0.0495162	0.995491
0.00700182	0.303926	0.95267
0.222004	0.056072	0.973432
-0.248213	0.436069	0.865005
-0.0470031	-0.322661	0.945347
0.11351	0.306875	0.944957
-0.196515	0.308005	0.930868
0.105465	-0.11418	0.987846
0.430255	0.0584142	0.900815
0.138152	0.252467	0.957692
0.0823484	0.299939	0.950398
0.4194	0.132586	0.898067
-0.100181	-0.522085	0.846989
-0.176706	-0.2205	0.959247
0.0961774	0.0629612	0.993371
0.139879	0.339666	0.930087
0.367948	-0.222523	0.902828
0.133305	0.197517	0.971194
0.151857	0.136188	0.978975
0.183313	-0.0942747	0.978524
-0.240089	0.0626414	0.968728
0.208364	0.194945	0.958426
-0.182828	-0.407268	0.894822
0.119707	-0.105416	0.987197
-0.180867	0.194277	0.964128
-0.0905073	0.254932	0.962714
0.0132745	-0.113822	0.993412
0.0536055	-0.242376	0.9687
0.0729219	-0.0524745	0.995956
0.183252	-0.002283	0.983063
-0.324477	0.00187207	0.945892
0.234276	0.0654973	0.969961
-0.228453	-0.328258	0.916546
-0.090025	-0.247909	0.964591
-0.352356	-0.329547	0.875925
0.058517	0.0692373	0.995883
0.0422533	-0.207697	0.97728
-0.306663	0.00828663	0.951782
0.260159	0.0269231	0.96519
-0.153358	-0.0931803	0.983768
-0.155674	0.102598	0.982466
-0.169042	-0.625764	0.761475
-0.121858	-0.799361	0.588365
-0.247132	-0.268601	0.93101
0.126367	-0.210496	0.969393
0.105819	-0.0570506	0.992747
-0.0300258	-0.156015	0.987298
-0.254507	-0.0916007	0.962723
-0.317379	-0.608511	0.727313
-0.0231373	0.087236	0.995919
-0.398417	0.0891385	0.912863
0.123276	0.243351	0.962072
-0.291611	0.236904	0.926736
-0.218986	-0.338602	0.915092
-0.0268687	-0.145634	0.988974
0.367937	-0.282863	0.885783
-0.0831335	-0.150013	0.985183
-0.153379	-0.0617615	0.986235
0.393775	0.0717999	0.916399
0.291481	0.298967	0.908657
0.379151	-0.667956	0.640374
0.0820474	0.148446	0.985511
0.209201	0.120701	0.970395
-0.048232	-0.443856	0.894799
0.0778658	-0.0291904	0.996536
0.190621	0.0431085	0.980717
0.0760134	0.121121	0.989723
-0.0435037	0.13566	0.9898
-0.295188	-0.337645	0.893789
-0.0961373	0.258642	0.961177
0.0645742	0.0854565	0.994247
0.0845596	-0.225095	0.970661
0.385596	-0.0510329	0.921255
0.13856	0.214143	0.966925
-0.0971273	0.331031	0.938608
0.308323	0.17805	0.934471
0.261488	0.331394	0.906533
-0.32857	0.182148	0.926749
-0.00597069	0.309714	0.950811
-0.0870442	0.0777991	0.993162
0.104188	-0.547271	0.830445
-0.204059	0.0272315	0.97858
0.289683	-0.26236	0.920462
0.00840985	0.0275916	0.999584
0.140457	0.395402	0.907705
0.00299005	-0.401305	0.91594
-0.0983379	0.115669	0.988408
-0.0473093	-0.116262	0.992091
-0.0942514	0.00696123	0.995524
-0.299072	-0.134441	0.944712
-0.160596	-0.358458	0.919629
0.130461	-0.626741	0.768229
-0.209871	0.125299	0.969667
0.037796	0.132532	0.990458
0.0325474	0.296789	0.954388
0.460817	0.297046	0.836308
-0.237279	-0.482453	0.843171
0.0176921	-0.150779	0.988409
0.269826	-0.0768871	0.959835
-0.549342	0.0676566	0.832854
-0.0417307	0.0141949	0.999028
-0.0493353	0.207763	0.976934
-0.219227	-0.0971111	0.970829
0.0660799	0.121773	0.990356
0.208786	-0.0409775	0.977103
-0.332469	0.275446	0.901994
-0.0350056	-0.133735	0.990399
-0.182572	0.614166	0.767768
-0.34025	0.132391	0.930969
-0.414038	0.129433	0.90101
-0.478146	-0.18005	0.859627
-0.18957	-0.199093	0.96147
-0.0931308	0.175205	0.980117
0.227165	-0.399089	0.888326
-0.318	-0.148242	0.93643
0.0429038	0.165979	0.985196
-0.166977	-0.387564	0.906594
-0.464837	-0.150097	0.872581
-0.209939	-0.186903	0.959684
-0.278591	0.186207	0.942186
0.228315	0.0585095	0.971828
0.232806	-0.00415335	0.972514
-0.156915	-0.190266	0.969111
-0.0111834	-0.0356334	0.999302
-0.129471	0.0765486	0.988624
-0.0803251	-0.108099	0.99089
-0.112137	0.190006	0.975358
-0.235772	0.020877	0.971584
0.311928	0.152875	0.937726
0.238707	0.460223	0.85511
-0.0715566	-0.392966	0.916765
0.0843845	-0.0551644	0.994905
0.297306	-0.0519676	0.953367
-0.335167	-0.0699641	0.939557
0.0628496	-0.368954	0.92732
0.280357	0.282008	0.917535
-0.00958649	-0.360273	0.932797
-0.0273899	-0.0561414	0.998047
0.213087	-0.0108083	0.976974
-0.136416	0.25703	0.956727
0.234884	0.112711	0.965467
0.442882	-0.191636	0.87586
0.229894	0.0457922	0.972138
0.169263	0.329315	0.928925
0.360401	-0.286156	0.887821
0.357456	-0.109233	0.92752
0.279933	-0.0377697	0.959276
-0.190578	-0.113177	0.975126
0.0268893	-0.0643805	0.997563
-0.191649	0.152742	0.969505
0.206753	-0.0719306	0.975745
0.00352825	0.299924	0.953957
0.336864	0.0530221	0.940059
-0.468029	0.129461	0.874179
0.0177131	-0.107554	0.994041
0.0230204	-0.000918186	0.999735
-0.0968346	-0.0090342	0.995259
-0.363646	0.0325994	0.930967
0.153882	-0.233255	0.960163
0.34559	-0.148982	0.926483
-0.159483	0.240113	0.957555
-0.416031	0.251783	0.873798
-0.0488899	0.116112	0.992032
-0.0515014	0.252448	0.966239
-0.396053	0.306696	0.865494
-0.497301	-0.292375	0.816829
-0.0502932	-0.496614	0.866513
-0.348201	0.299748	0.888205
0.138549	0.515574	0.845569
-0.3631	-0.139382	0.921266
0.0413039	-0.0937922	0.994735
-0.163409	-0.274699	0.947543
-0.33482	0.103034	0.936632
-0.207185	0.237031	0.949153
-0.333415	0.233966	0.913288
-0.289826	-0.42725	0.856422
0.0230199	-0.176454	0.98404
0.233127	-0.234314	0.943795
-0.266088	-0.470411	0.841374
-0.158385	-0.294377	0.942473
0.0161573	0.0528182	0.998473
-0.24672	0.57431	0.780575
0.277938	-0.0400346	0.959764
0.000652592	0.00469337	0.999989
0.116125	0.095883	0.988596
0.242647	-0.0437543	0.969127
0.335557	-0.0929351	0.937424
0.137765	0.137389	0.98089
-0.398364	-0.0160975	0.917086
-0.244983	-0.330388	0.911497
0.0121578	-0.085618	0.996254
-0.0843283	0.0648978	0.994322
0.12198	0.197944	0.972594
0.20487	-0.0751974	0.975896
0.0293611	-0.342606	0.93902
-0.323717	-0.104813	0.940331
0.0606435	-0.0646922	0.996061
0.492497	0.233421	0.838428
0.23702	0.437198	0.867571
0.153165	0.316253	0.936229
0.318302	-0.016439	0.947847
-0.370264	0.0587529	0.927067
-0.033395	-0.189858	0.981243
-0.247299	0.127646	0.960494
-0.29109	-0.0350568	0.956053
-0.0893361	-0.38485	0.918646
0.145746	-0.174802	0.973757
-0.130469	-0.0968286	0.986713
-0.0779762	0.37826	0.92241
-0.321104	0.16931	0.931787
-0.635021	-0.349424	0.688949
-0.179101	-0.241562	0.953714
-0.110157	0.0285857	0.993503
-0.218629	0.171727	0.960579
0.29871	-0.286667	0.910272
0.350862	-0.0514914	0.935011
-0.0616378	-0.0248966	0.997788
0.129207	-0.64045	0.757053
-0.440507	-0.195758	0.876146
-0.650447	-0.000896669	0.759551
-0.0299191	0.207641	0.977747
-0.251038	0.121195	0.96036
-0.0652905	-0.310477	0.948336
-0.355592	0.0527487	0.933152
-0.109154	-0.328153	0.938297
-0.38055	0.0429728	0.923761
-0.545596	-0.155041	0.823582
0.272091	0.0105244	0.962214
0.106753	-0.120613	0.986943
-0.24788	0.0369895	0.968084
0.0723714	0.193938	0.978341
-0.60473	-0.21304	0.767408
0.0952817	-0.286444	0.953347
-0.0597954	0.234368	0.970307
-0.233639	-0.137322	0.962578
-0.220036	-0.0805185	0.972163
-0.206749	-0.0161601	0.978261
-0.057526	-0.0994975	0.993374
-0.0719717	-0.0452539	0.99638
0.0583199	-0.045358	0.997267
0.272824	-0.219169	0.936767
0.255104	-0.113987	0.960171
0.0497173	0.0419891	0.99788
0.299572	-0.105921	0.948176
0.415509	0.253199	0.873638
0.185791	-0.453807	0.871516
0.0208485	-0.267809	0.963246
0.24146	-0.13152	0.961457
0.233546	-0.0708459	0.969761
-0.480115	0.161502	0.86221
-0.152594	0.0464808	0.987195
0.0560331	-0.0152221	0.998313
-0.134942	-0.0259079	0.990515
0.376882	-0.168572	0.910793
0.330118	-0.00859366	0.9439
0.071645	0.346748	0.935218
0.0752538	-0.0802502	0.99393
-0.302645	0.360315	0.882371
-0.194882	0.0706585	0.978278
0.122403	-0.249786	0.960533
0.298313	-0.411509	0.861203
0.285477	0.182656	0.940819
-0.213222	-0.326392	0.920872
0.190625	0.0539654	0.980178
-0.195545	0.139387	0.970739
-0.0760979	0.159402	0.984276
-0.158509	-0.346434	0.924586
-0.00289507	0.0294459	0.999562
0.220717	0.0251496	0.975014
-0.0470677	0.0584165	0.997182
0.0940552	-0.680751	0.726452
-0.138247	-0.18868	0.972259
-0.0545738	-0.028277	0.998109
0.0209405	-0.123761	0.992091
0.0596255	-0.166528	0.984232
-0.203995	-0.110654	0.972698
-0.124979	-0.0300842	0.991703
0.0312743	-0.0925448	0.995217
-0.16366	-0.0300859	0.986058
0.027886	-0.0486821	0.998425
0.393924	0.0947384	0.914248
0.178738	-0.271387	0.945728
-0.763901	0.103803	0.636931
0.0698242	0.180118	0.981164
0.127032	-0.0284443	0.991491
0.0426134	-0.442321	0.895844
0.555392	-0.438941	0.706308
-0.325833	0.0624685	0.943361
0.0710042	-0.223067	0.972214
0.0863869	-0.0136813	0.996168
0.209274	0.0041213	0.977848
-0.0378635	-0.0617346	0.997374
-0.2193	-0.413259	0.883813
0.123626	-0.579062	0.805856
0.314933	-0.372326	0.873035
0.146635	-0.121372	0.981716
0.157821	0.0331077	0.986912
0.196737	0.303629	0.932257
0.120807	-0.278059	0.952937
-0.29745	-0.319341	0.899747
0.375565	0.0351241	0.92613
-0.376393	-0.171132	0.910518
-0.135503	-0.203184	0.969719
0.307168	0.0836633	0.947971
0.172893	0.34866	0.921165
-0.309189	0.335832	0.88973
-0.156185	-0.12188	0.980179
-0.181203	-0.060916	0.981557
-0.00429571	-0.39948	0.916732
0.00471785	-0.327298	0.944909
0.286352	0.0644628	0.955954
0.131519	0.313618	0.940397
-0.158945	0.126131	0.979197
-0.0333464	-0.0552803	0.997914
-0.141969	0.277735	0.95011
0.231928	-0.105992	0.966941
0.0467624	-0.0304212	0.998443
-0.0263575	0.680522	0.732254
-0.109007	-0.120223	0.986744
-0.323384	-0.063845	0.944112
-0.189307	-0.0744554	0.979091
0.235186	0.305871	0.922567
-0.0776341	-0.213634	0.973824
0.187223	-0.131253	0.973509
0.0222546	-0.0778357	0.996718
0.409187	0.0813886	0.908814
-0.243244	0.10709	0.964035
-0.0599615	0.289974	0.955154
-0.189791	0.115552	0.975001
-0.357737	0.161051	0.91983
0.23106	0.0525972	0.971517
-0.14006	0.0513438	0.988811
0.225724	-0.128948	0.96562
0.025516	0.248712	0.968241
-0.282465	0.353329	0.891836
0.170324	0.341145	0.924451
-0.0984945	0.139042	0.985376
-0.406518	0.0385307	0.91283
-0.142773	-0.0885434	0.985787
-0.253062	0.0682007	0.965043
-0.0412878	-0.386915	0.921191
-0.200506	-0.350851	0.914714
-0.402785	-0.115944	0.907921
0.146365	-0.302937	0.941704
-0.370769	0.160331	0.914781
-0.462716	0.0527599	0.884935
-0.110464	-0.0807083	0.990598
0.0849513	-0.158169	0.983751
0.146602	-0.102184	0.983904
-0.375034	-0.00427523	0.927001
-0.201081	-0.00187822	0.979573
-0.577262	-0.058165	0.814485
0.154659	-0.0568294	0.986332
0.26577	-0.141563	0.953586
0.200578	0.376445	0.904465
0.103069	-0.245161	0.963988
-0.0835974	0.307704	0.947803
0.355448	0.27393	0.893655
-0.325608	-0.54109	0.775372
0.328126	-0.0415647	0.943719
0.199533	-0.212595	0.956551
0.196851	-0.12332	0.972647
0.392737	-0.149175	0.907471
0.0484103	0.141584	0.988742
0.35187	-0.282046	0.892545
-0.112217	-0.50761	0.854248
-0.27193	0.0292415	0.961873
-0.203126	0.362461	0.909595
0.473726	0.00310489	0.880667
0.371684	-0.125356	0.919857
-0.111598	0.336639	0.934998
-0.0584529	0.211754	0.975573
0.120332	-0.174599	0.977259
0.102191	-0.0090431	0.994724
0.140406	0.0486536	0.988898
-0.0485919	-0.0675169	0.996534
0.554995	0.0524156	0.830201
0.471699	0.413038	0.779038
0.23701	-0.121986	0.963818
0.277058	0.0270117	0.960473
0.160581	0.0799404	0.98378
-0.0299476	0.136834	0.990141
0.375829	0.303003	0.875752
0.16182	0.352471	0.921726
0.0991658	-0.00500399	0.995058
0.268641	-0.126381	0.954913
-0.0934166	0.00531856	0.995613
0.028009	0.0128196	0.999525
-0.28008	0.304887	0.910274
-0.330454	-0.154122	0.931153
-0.0422554	-0.045786	0.998057
-0.241852	0.304117	0.921423
0.38913	0.139724	0.910525
-0.201342	0.0182592	0.979351
0.341247	-0.49072	0.801714
0.12995	-0.0572918	0.989864
0.073814	0.0440065	0.996301
0.403797	0.121751	0.906711
-0.187649	0.0725385	0.979554
0.195924	0.0735718	0.977855
0.110376	-0.443741	0.889332
0.111151	-0.015211	0.993687
-0.0283966	0.210023	0.977284
-0.50207	-0.441739	0.7435
-0.00390166	-0.0308977	0.999515
-0.332312	-0.10817	0.936946
-0.268502	0.119583	0.955828
-0.355525	-0.104596	0.928796
-0.453634	0.129035	0.881797
-0.421745	-0.133268	0.896867
-0.201193	0.227177	0.952844
-0.0364687	-0.0577075	0.997667
0.154912	-0.443239	0.882916
0.240901	-0.292676	0.925369
-0.0328971	-0.395221	0.917997
0.000444116	-0.347042	0.937849
-0.00785831	-0.26191	0.96506
0.405275	0.0656343	0.911836
-0.351589	-0.0591368	0.934285
-0.216984	-0.0381914	0.975428
0.427375	-0.225893	0.875399
-0.176363	-0.578538	0.79636
-0.00159091	0.0236431	0.999719
-0.236492	-0.0787601	0.968436
-0.0790819	0.100337	0.991806
0.163293	-0.184737	0.969127
-0.166796	-0.277024	0.946275
-0.206745	-0.050393	0.977096
0.013375	0.186611	0.982343
-0.0515409	0.357072	0.932654
0.19756	-0.357629	0.912728
0.105605	-0.359466	0.927163
0.0592064	-0.0732639	0.995554
0.322735	0.200382	0.925034
-0.286012	0.250712	0.924846
0.0482328	-0.181744	0.982162
-0.246932	-0.277455	0.928463
0.353216	-0.186186	0.916828
0.227673	-0.126684	0.965462
0.375536	-0.269162	0.886862
-0.0836388	-0.00858461	0.996459
0.0658468	-0.121188	0.990443
-0.161011	-0.101077	0.981763
0.445291	-0.0184803	0.895195
0.105235	0.276572	0.955214
0.294303	0.165343	0.941301
-0.292874	0.272598	0.916469
-0.143996	-0.469193	0.871277
0.197214	0.20381	0.958941
-0.350356	-0.0407005	0.935732
0.322092	0.403797	0.856274
0.448714	0.169476	0.877459
0.312846	0.0580066	0.948031
-0.442825	-0.063123	0.894383
0.23176	0.429266	0.872936
0.146031	-0.103107	0.983892
-0.342716	-0.388056	0.855546
0.387854	0.214419	0.896434
-0.0454307	-0.0558782	0.997403
0.294696	0.211346	0.931926
-0.139512	-0.0267249	0.98986
-0.0111713	0.15998	0.987057
-0.525221	-0.275712	0.805062
-0.4389	-0.288828	0.850849
0.25407	0.128742	0.958579
-0.268049	-0.18496	0.945484
0.0220497	0.128894	0.991413
0.184767	-0.207288	0.960673
-0.237618	-0.304353	0.922446
-0.249809	-0.151774	0.956326
0.209907	0.0930218	0.973286
0.080855	0.110035	0.990633
0.273006	0.487347	0.829434
-0.155171	-0.129044	0.979423
0.0133344	-0.186525	0.98236
0.0185626	-0.338496	0.940785
-0.535359	0.132672	0.83414
-0.205721	0.268753	0.940984
-0.0780671	0.0862649	0.993209
0.0800145	-0.304818	0.949043
-0.2676	-0.0462367	0.96242
-0.324159	-0.172467	0.930149
0.10061	-0.085235	0.991268
0.17039	-0.11756	0.978339
-0.149364	-0.193896	0.969585
-0.0855211	0.0838815	0.992799
0.0673709	-0.266466	0.961487
-0.0285347	0.0286329	0.999183
0.302118	-0.483025	0.821834
-0.210222	-0.356138	0.910479
0.254641	-0.459154	0.851079
0.126755	0.125957	0.983905
-0.127324	-0.289264	0.948744
0.320263	-0.317681	0.892474
0.393946	0.160097	0.905083
0.155724	-0.124204	0.979961
0.334501	0.0970552	0.937384
-0.607076	0.369479	0.703522
-0.240832	-0.220101	0.945281
0.176953	-0.0651199	0.982063
0.223021	-0.0534481	0.973347
0.101619	-0.480616	0.871024
0.130851	0.0193061	0.991214
-0.117086	0.108956	0.987127
-0.68671	0.3261	0.649682
-0.408168	-0.0483702	0.911625
0.0704074	-0.0314582	0.997022
0.0993171	0.0861266	0.991322
-0.353749	0.313355	0.881289
0.0460461	-0.168245	0.984669
-0.0743698	-0.136789	0.987805
-0.117159	0.344115	0.931589
-0.00264823	0.0805749	0.996745
0.13896	-0.00953548	0.990252
-0.0876851	-0.0618017	0.994229
-0.192075	-0.104254	0.975827
0.000516462	-0.265233	0.964184
-0.152122	-0.150174	0.976886
0.140627	-0.1277	0.981793
-0.0152524	0.196421	0.980401
0.0705207	0.040572	0.996685
-0.0149839	-0.0411784	0.999039
0.50236	-0.686629	0.525523
0.405575	0.448188	0.796641
-0.175108	-0.212027	0.961448
0.176316	-0.0467846	0.983221
-0.0237658	0.0208813	0.999499
0.0521315	-0.109474	0.992622
-0.30879	0.332988	0.890937
0.00057148	-0.148686	0.988884
-0.275332	-0.0253179	0.961016
-0.129448	0.0898633	0.987506
-0.358079	-0.0961201	0.92873
-0.162974	0.303957	0.938642
-0.124947	0.0648235	0.990044
-0.186678	-0.151038	0.970741
-0.197741	-0.270897	0.942079
-0.0729361	0.031363	0.996843
-0.580322	-0.0587135	0.812268
-0.0231344	-0.214244	0.976506
-0.101941	-0.032615	0.994256
-0.217587	0.109074	0.969927
0.0304438	-0.333363	0.942307
0.228459	-0.334778	0.914183
0.141073	-0.259605	0.955355
0.115545	0.122572	0.985711
-0.32283	-0.368162	0.871916
-0.281404	0.263048	0.922831
-0.12397	-0.183364	0.975197
-0.146623	-0.0591035	0.987425
-0.0789969	-0.0661178	0.99468
0.0429278	-0.285588	0.957391
-0.110759	0.4047	0.907717
-0.070616	-0.313258	0.947039
0.0207783	0.0546919	0.998287
0.336563	0.0379873	0.940895
0.350076	-0.287944	0.891367
0.111339	0.386728	0.915448
-0.108523	-0.364042	0.925038
-0.415562	0.0747751	0.906486
-0.112457	-0.300192	0.947227
-0.0501205	0.212571	0.975859
0.0492324	-0.0815204	0.995455
-0.0497918	-0.4129	0.909414
0.149018	-0.170511	0.974022
-0.0382073	-0.0871037	0.995466
-0.150944	0.322436	0.934479
-0.11341	-0.00797764	0.993516
-0.0246238	-0.216839	0.975897
0.318021	0.211406	0.924214
-0.127253	-0.144672	0.981263
0.304748	-0.172457	0.936689
0.0167378	-0.0932105	0.995506
0.00110448	0.138831	0.990315
-0.0778425	-0.0703146	0.994483
0.327749	0.3091	0.89277
-0.185042	0.127017	0.974488
-0.430745	-0.0731643	0.899503
0.0671564	-0.285921	0.955897
-0.281874	-0.190337	0.940382
-0.409285	0.245151	0.878855
0.0234164	-0.144588	0.989215
0.204855	0.171569	0.963638
0.0133	0.261551	0.965098
-0.351689	-0.240589	0.904672
0.148192	-0.149697	0.977563
-0.0221583	-0.212876	0.976828
-0.240396	0.534101	0.810522
-0.101228	-0.1677	0.980627
-0.216722	0.142068	0.965841
-0.343275	0.0876482	0.935136
-0.066717	0.108537	0.991851
-0.266392	-0.348781	0.898547
-0.227737	0.0350422	0.973092
-0.544895	-0.0729631	0.835324
0.00748539	-0.137992	0.990405
0.107048	-0.572378	0.812972
-0.0733507	-0.0780852	0.994245
0.349367	-0.176592	0.920194
0.304831	-0.0953217	0.947624
-0.101294	0.131168	0.986172
-0.439375	-0.166253	0.882785
0.184192	-0.0483619	0.9817
0.167373	-0.117322	0.978888
-0.0521299	0.249027	0.967093
0.0542309	0.526562	0.848405
0.407987	0.152998	0.900077
-0.118755	0.24596	0.961978
-0.00980534	-0.166509	0.985991
-0.0979866	-0.518403	0.849504
0.457356	0.118486	0.881355
0.188071	-0.417085	0.889196
0.220344	0.567814	0.793118
0.337256	-0.227589	0.913489
-0.19659	0.0574437	0.978802
-0.301785	-0.358684	0.88333
-0.295311	0.0409572	0.954523
0.150529	0.254436	0.955303
0.48223	-0.225028	0.846651
0.487409	0.0177081	0.872994
-0.14262	-0.0601011	0.987951
-0.276094	0.282048	0.918815
-0.469239	0.0578713	0.881173
-0.199257	-0.200333	0.959252
-0.09624	0.0137179	0.995264
-0.0273905	0.202653	0.978868
0.459323	0.0652082	0.885873
-0.465749	-0.132152	0.874994
0.0978276	0.259641	0.960737
0.113246	-0.467481	0.87672
-0.266865	-0.159586	0.950429
0.312146	-0.162426	0.936047
0.140219	0.264337	0.954183
-0.0410642	0.0358651	0.998513
0.133869	-0.0225414	0.990743
-0.00526139	0.279718	0.960068
-0.0457614	-0.0585201	0.997237
-0.00773476	-0.0434142	0.999027
-0.10033	-0.083373	0.991455
-0.137718	-0.205423	0.968935
0.112389	-0.174155	0.978283
0.113455	0.371226	0.921585
-0.0279249	-0.0338968	0.999035
-0.42288	0.123642	0.897711
0.0173962	-0.350245	0.936497
-0.112905	0.0484556	0.992424
-0.211855	-0.587784	0.780786
-0.0959512	-0.024	0.995097
-0.269302	0.259457	0.927447
-0.489787	0.314903	0.812985
0.306789	-0.120028	0.944179
0.143398	0.439403	0.886771
-0.741292	0.346573	0.574781
0.334428	-0.413824	0.846704
-0.0490676	0.567199	0.822118
0.0198559	0.178632	0.983716
0.260896	0.2852	0.922277
0.180023	-0.204444	0.962182
0.549519	0.400271	0.733357
0.478673	0.146286	0.865721
0.167458	-0.0565159	0.984258
0.268081	-0.115069	0.9565
0.16308	-0.274918	0.947536
0.302725	-0.203754	0.931043
-0.139741	0.13156	0.981409
-0.147212	-0.0851514	0.985433
-0.390977	0.0334225	0.919793
0.0184022	-0.38568	0.922449
0.421543	-0.279151	0.862772
-0.197889	-0.240843	0.950176
-0.537442	0.146122	0.830545
-0.115994	-0.23809	0.964292
-0.238923	-0.200255	0.950165
-0.663067	0.654686	0.362944
0.275484	0.12815	0.952726
0.254561	-0.0101633	0.967003
0.0970927	0.714246	0.693127
-0.39226	0.492785	0.776721
0.182157	0.117026	0.976281
0.0740597	0.18003	0.980869
-0.075538	0.400571	0.913147
-0.40734	-0.231515	0.883445
-0.215143	-0.0628151	0.97456
-0.144672	-0.293581	0.944923
0.387548	-0.115675	0.914563
0.0836182	-0.512681	0.854497
0.257765	-0.127426	0.957768
-0.271819	0.238404	0.932351
0.135314	0.172656	0.975643
0.391173	-0.554852	0.73425
-0.30156	-0.543823	0.783146
0.0207704	-0.719239	0.694453
0.0291163	-0.501427	0.86471
0.427227	-0.00365148	0.904137
0.557595	0.193864	0.807159
0.275727	-0.2832	0.918571
-0.489091	-0.0121264	0.872148
0.11781	0.186335	0.975397
-0.4627	-0.458193	0.758925
-0.012789	-0.169543	0.98544
-0.00617574	0.0831695	0.996516
-0.0321217	0.0918496	0.995255
-0.523221	0.232779	0.819789
-0.826203	-0.00369407	0.563361
-0.854396	-0.0959492	0.510688
0.0687471	-0.371932	0.925711
-0.497188	-0.355668	0.791394
0.886493	0.422595	0.188531
-0.193454	-0.508189	0.839237
0.403821	-0.349442	0.84547
0.146647	-0.444844	0.88352
-0.198136	0.762287	0.616166
-0.225994	0.0738904	0.971322
-0.00402389	0.396437	0.918053
-0.191538	-0.224937	0.955362
-0.417474	0.669436	0.614469
0.318694	0.095131	0.943072
0.312208	0.0840422	0.946289
-0.109484	0.350823	0.93002
-0.143484	-0.0642491	0.987565
0.0707281	-0.545042	0.83542
-0.160599	-0.164778	0.973168
0.532465	0.405282	0.74312
-0.301105	-0.265044	0.916017
0.262579	-0.634024	0.727369
0.281698	-0.184285	0.94164
-0.320337	-0.508949	0.798972
0.189826	0.25895	0.947054
-0.117677	-0.240197	0.963565
0.214545	0.399225	0.891398
0.274212	0.147467	0.950295
0.852257	-0.34483	0.393383
0.429587	0.0801348	0.899463
-0.16197	-0.399041	0.902514
-0.121795	-0.747646	0.652834
-0.528906	-0.0347383	0.847969
0.278649	-0.278722	0.919059
-0.403644	0.489337	0.77306
-0.0878486	0.209816	0.973786
-0.497852	-0.425701	0.755593
-0.370895	0.14152	0.917828
-0.552243	-0.276874	0.786364
-0.222943	-0.60416	0.765041
-0.133254	-0.522769	0.841995
-0.335665	0.0354641	0.941313
0.116826	-0.0342096	0.992563
0.0948356	-0.755673	0.648046
-0.201715	-0.115528	0.972607
-0.627222	-0.413437	0.660048
-0.212118	-0.412402	0.885963
-0.18492	-0.472737	0.861583
0.757433	-0.0361716	0.65191
0.150828	-0.328604	0.932347
0.289576	0.443713	0.848095
0.708964	0.366848	0.602323
-0.111559	0.583377	0.804503
-0.00478722	0.487511	0.873103
-0.442691	0.349565	0.825729
0.207949	-0.267149	0.940951
-0.0413792	0.132684	0.990294
-0.541971	0.180439	0.820798
0.246841	-0.243921	0.937855
-0.152354	0.00976695	0.988278
0.0745009	0.481305	0.873381
0.741789	-0.249747	0.622395
0.53103	-0.084991	0.84308
0.374601	-0.0416346	0.926251
-0.395626	0.224131	0.890643
0.269862	-0.0932227	0.958376
-0.195057	-0.829893	0.522715
-0.0560414	0.450133	0.891201
-0.205029	0.29043	0.934673
-0.452331	-0.316512	0.833797
0.37323	-0.359469	0.855267
-0.579052	-0.00970104	0.815233
0.161046	-0.832671	0.529833
0.7525	0.141656	0.643177
-0.500634	0.611233	0.612992
0.414658	-0.340633	0.843818
-0.566072	-0.479819	0.670326
-0.205771	-0.0624215	0.976607
-0.513683	-0.0470207	0.856691
-0.46429	0.426605	0.776172
-0.121772	-0.162266	0.979204
-0.597687	-0.260979	0.758063
0.644301	0.0931433	0.759079
-0.465482	0.131263	0.875269
0.311426	0.511675	0.800751
0.577207	-0.293429	0.762057
-0.790418	0.5534	0.262657
-0.0845886	0.39846	0.913277
-0.129063	-0.309159	0.942212
-0.945126	-0.176424	0.274974
-0.114581	-0.232432	0.96584
0.00974363	-0.211787	0.977267
-0.0374878	-0.0804904	0.99605
-0.34532	-0.338019	0.875498
-0.2032	0.465727	0.861283
-0.149562	-0.350206	0.924655
-0.231818	-0.150565	0.961036
-0.00252358	0.301996	0.953306
-0.318782	0.612663	0.723203
0.147106	0.0556857	0.987552
-0.326453	0.145191	0.933996
0.243967	0.475653	0.845124
0.356802	-0.524128	0.773294
0.152848	-0.09451	0.98372
-0.102428	0.00586044	0.994723
0.199999	0.322787	0.925099
0.317545	-0.315666	0.894159
0.421186	0.296069	0.85729
0.196508	-0.580732	0.790022
-0.0944911	-0.226548	0.969406
-0.459319	0.364978	0.809825
0.283124	-0.177174	0.942576
0.30954	-0.607279	0.731708
0.261351	-0.277222	0.924578
0.3434	-0.233566	0.909683
0.0298391	-0.583702	0.81142
0.508939	-0.0831868	0.856774
-0.44318	-0.372628	0.815316
0.259162	-0.463856	0.847156
0.108391	0.03502	0.993491
-0.201249	-0.407847	0.890595
0.180183	-0.330913	0.926299
0.10216	0.212552	0.971795
-0.788838	-0.351664	0.504051
-0.412508	0.331439	0.84852
0.18878	-0.214013	0.958416
-0.547707	-0.459098	0.699461
-0.325738	-0.556601	0.764258
0.101671	-0.507415	0.855683
0.114348	-0.048002	0.99228
0.0835264	-0.443549	0.892349
-0.053659	-0.86302	0.502313
-0.300664	-0.183527	0.935905
0.293265	-0.323143	0.899763
-0.13082	-0.333833	0.93351
-0.64753	0.266507	0.713918
0.289422	0.0150038	0.957084
-0.0185648	0.135762	0.990567
-0.389624	0.500594	0.773045
-0.171146	0.0566538	0.983615
0.480391	-0.196003	0.854873
0.171087	0.315627	0.933332
-0.268314	-0.133989	0.953968
0.148214	-0.21683	0.964892
