800
-0.540307	-0.324954	0.776192
0.853399	-0.387384	0.348776
0.826276	0.494856	-0.269045
0.279586	0.934414	0.220686
-0.157332	0.860614	0.484345
0.2914	-0.923427	0.249735
-0.743538	-0.456858	-0.488295
0.662041	-0.555614	0.502986
-0.78644	0.483144	0.384818
-0.374774	0.290759	0.880343
0.54842	0.124221	-0.826925
-0.959204	0.0213726	-0.281907
0.742724	-0.116354	-0.659411
-0.674371	0.151409	0.722703
-0.392675	-0.901946	0.179719
-0.0632873	0.511187	-0.857136
-0.584988	-0.284029	-0.759682
-0.225749	0.82122	0.524056
0.508414	-0.309644	0.803515
0.998088	-0.0185812	-0.058954
0.791296	0.4762	-0.383516
-0.253358	0.864406	-0.434295
-0.522997	-0.774085	-0.356745
0.604746	-0.0211403	0.796138
0.959852	0.158528	-0.231417
0.992074	-0.0758025	-0.100216
0.037868	0.65472	0.754922
-0.862718	0.179761	-0.472657
-0.301852	-0.803871	-0.512519
-0.217294	-0.661022	-0.718215
-0.256821	0.964451	-0.0622594
0.745852	0.365212	0.557068
-0.476166	-0.589246	0.652729
-0.90514	-0.328026	-0.270407
0.692501	0.657792	0.29623
-0.360728	-0.212266	-0.908195
0.143395	-0.454572	0.879091
-0.0556662	0.989638	0.132355
-0.345453	0.181858	0.920646
-0.529689	0.274279	-0.802621
0.299669	-0.862858	0.407032
-0.476517	0.65487	-0.586581
-0.0347437	-0.983223	-0.179067
0.814804	0.497044	-0.298398
-0.569475	-0.50983	-0.644804
0.53274	-0.544695	0.647685
-0.209937	-0.236279	-0.948735
0.402942	-0.914682	0.0315221
0.18148	0.416411	-0.89088
0.919574	0.39291	0.00220918
0.760154	0.226921	0.608829
0.552685	0.661688	0.506664
-0.577483	-0.799592	0.164822
-0.244955	-0.8299	-0.501261
0.0441578	-0.973465	0.224533
-0.18606	0.751942	0.632428
0.520862	-0.625919	0.580454
-0.914147	-0.395592	0.088556
0.143062	-0.986641	0.0779306
0.569286	-0.256034	0.781255
-0.763037	0.0250178	-0.645871
0.381292	0.568349	-0.729106
-0.512967	0.856181	-0.0617905
0.924406	0.252978	-0.285439
0.842263	0.538218	-0.0302217
-0.23565	0.812951	-0.532523
0.54585	0.629249	0.553257
-0.298123	0.509341	-0.807276
-0.364472	-0.710786	-0.601617
0.49013	0.771224	0.406184
0.723075	-0.049367	-0.689004
-0.975971	-0.0595688	-0.209598
-0.19817	-0.954105	0.224529
-0.0567273	0.926442	0.372138
0.0754097	0.698696	-0.711433
0.581147	0.475173	-0.660666
-0.136883	-0.987642	-0.0763283
-0.111515	-0.919197	0.377679
-0.262967	0.755417	0.600161
-0.268659	0.197228	0.942827
-0.55678	-0.653258	0.513078
-0.742037	-0.468843	-0.479132
0.396996	0.352389	-0.847476
0.179277	0.860695	-0.476513
0.855657	-0.107465	-0.506263
0.550887	0.469276	-0.690147
0.714018	0.685218	0.143719
-0.475743	-0.825779	0.302914
-0.0290447	-0.783701	0.620459
0.137873	-0.700901	0.699806
-0.322597	-0.899551	0.294514
-0.244824	-0.955083	-0.166968
-0.709864	-0.486334	-0.509482
-0.218095	-0.628955	-0.746224
-0.794282	-0.591978	0.136672
0.233925	-0.803531	-0.547373
0.139145	-0.442123	0.886096
-0.584953	-0.809489	0.0505693
-0.189189	0.649733	0.736244
0.201275	-0.86304	0.463304
0.630946	0.627075	0.45682
-0.686384	-0.59679	-0.415595
-0.535523	0.308361	-0.786211
-0.251928	-0.904532	0.344027
-0.926532	0.35477	0.125209
0.768132	-0.579668	-0.271954
-0.80919	0.464627	-0.359629
-0.735401	0.00802291	-0.677585
-0.855603	0.420224	-0.302249
0.25898	0.708193	-0.656804
0.428132	-0.464619	0.775134
0.763884	0.630479	0.137758
-0.0303474	0.446115	-0.894461
-0.128735	0.857503	-0.498112
-0.719275	-0.578451	-0.384756
-0.133967	-0.429165	0.893236
-0.765816	-0.638549	0.0760252
-0.210919	0.383164	0.899277
-0.381918	-0.856884	0.34625
-0.469012	-0.734629	0.490252
-0.569646	-0.560761	-0.600875
0.880708	0.301523	-0.365291
-0.184775	-0.955324	0.230684
-0.573775	0.749935	0.32921
0.780556	0.110728	-0.615201
-0.473009	0.179419	-0.862596
-0.288804	-0.744595	0.601806
-0.843766	-0.198181	-0.498781
-0.146878	-0.982494	0.114595
0.328764	-0.943761	-0.0350579
-0.905227	0.3068	-0.294005
0.470575	0.386612	0.793152
0.814152	-0.0147742	0.580464
-0.875822	0.0657005	-0.478142
0.025549	-0.423964	0.905319
-0.00409656	0.175032	0.984554
-0.260526	-0.84521	-0.466633
-0.646947	-0.612506	0.454198
-0.724113	-0.387114	-0.570792
0.195376	0.893991	-0.403246
0.989745	0.0259696	-0.140464
0.892963	0.196522	-0.404964
0.726459	0.663769	-0.177953
0.117113	-0.946298	-0.301339
-0.541551	-0.568677	-0.619135
-0.436214	-0.851425	0.291193
-0.880049	0.469732	-0.0697516
0.485901	0.0364675	0.873252
-0.236299	-0.789708	-0.566149
-0.147213	-0.171599	0.974106
0.4277	-0.386829	-0.816967
0.384553	-0.145757	-0.911523
0.669491	-0.137317	-0.730018
0.308101	0.416971	0.855108
-0.44503	-0.0216076	0.895255
-0.763345	0.134748	-0.631781
-0.873568	-0.0563219	-0.483432
0.826189	0.478381	-0.297597
0.744725	-0.147227	0.650929
0.182767	0.0872801	0.979274
-0.00372203	0.730258	0.683162
-0.18682	-0.247066	0.950819
-0.561288	-0.805683	0.189289
0.921337	0.355311	-0.15777
0.065284	-0.426414	0.902169
-0.992349	-0.0903148	0.0841791
-0.800335	-0.0198504	0.599225
-0.436695	-0.188355	-0.87967
-0.206543	0.145925	-0.967495
0.121816	0.494057	-0.860854
-0.116253	-0.655581	-0.746122
0.998281	-0.0313942	-0.0494972
0.213685	-0.975117	0.0590389
-0.0679485	-0.955928	0.285629
0.716246	0.195371	0.669941
-0.91316	0.202833	-0.353549
0.946278	-0.323317	0.00493605
0.397804	-0.650945	-0.646546
-0.65256	-0.463465	-0.599471
0.257902	-0.749283	-0.609968
-0.00893495	0.552683	0.833344
-0.69841	-0.661034	-0.27433
-0.447772	0.387823	-0.805663
-0.607347	-0.743059	-0.281057
-0.935909	-0.275468	0.219525
0.435458	0.834549	0.337496
-0.927966	-0.337437	-0.158165
0.334718	-0.901757	-0.273491
0.121824	0.700411	-0.703267
0.961318	-0.0368025	-0.272972
-0.19611	0.22596	-0.954192
-0.189227	-0.51909	-0.833509
-0.608244	-0.19654	0.769032
-0.914388	0.00885575	0.404741
0.148188	0.819852	-0.553068
-0.221737	0.127408	-0.966747
-0.461059	-0.496902	0.735196
-0.526929	0.308333	0.792008
-0.949304	0.174487	0.261489
0.639604	-0.632625	-0.436683
0.0666439	0.991842	0.108661
-0.20788	-0.854307	-0.476388
0.0908307	0.77539	-0.624916
-0.752517	0.0466504	-0.656919
0.735963	-0.451616	0.504382
-0.0868577	0.83393	0.544993
-0.502215	-0.582341	0.639264
-0.162356	-0.885742	-0.434858
-0.113198	-0.16715	0.979412
-0.380882	-0.74898	0.542178
-0.623227	0.0671194	-0.779155
0.663266	-0.509964	-0.547737
-0.583256	-0.125644	0.802512
0.886923	-0.424807	-0.181401
-0.880547	0.331598	-0.338643
-0.224454	-0.905202	-0.360875
0.383108	-0.822763	0.419868
-0.600365	0.582786	0.547651
-0.155385	-0.987604	-0.0222147
-0.974376	-0.0650547	0.215314
0.222578	0.839189	0.496207
0.791337	-0.564578	-0.234601
0.841697	0.0291327	-0.539163
0.628698	0.0510513	-0.775972
0.140123	0.762271	0.631909
0.383961	-0.892888	-0.235211
-0.0614985	0.24863	-0.966644
-0.507659	-0.851172	0.133374
0.0763308	-0.836431	-0.542731
-0.68868	-0.645971	-0.329305
-0.537421	0.68868	0.486722
0.0320142	0.96757	-0.250566
-0.954469	-0.188209	0.231443
-0.748472	-0.584076	-0.314078
0.530876	-0.528589	-0.662393
0.197074	-0.465125	0.86303
0.102223	0.471331	-0.876012
0.669009	0.556727	-0.492424
-0.337106	0.703057	-0.626155
0.0997588	-0.141184	-0.984944
0.980616	0.103651	0.166281
0.0200529	0.916417	-0.399722
0.0169248	0.901151	0.433174
-0.162696	-0.975502	0.148076
-0.409555	-0.76187	0.501816
-0.329841	-0.920916	0.207651
-0.220086	-0.361717	-0.905938
-0.324164	0.226913	0.918383
0.493021	0.677382	-0.545971
-0.033487	-0.680046	-0.732404
0.17679	0.248972	0.952239
0.410221	0.196396	0.890588
-0.753605	0.49065	0.437425
0.192824	0.3043	-0.932856
-0.808345	-0.581952	0.0889353
-0.741168	0.415843	0.527016
-0.816729	-0.295155	0.49582
-0.161645	-0.336715	0.927628
0.966818	-0.129703	-0.220092
0.0347663	-0.992789	-0.114722
0.730273	-0.190005	-0.656201
-0.104736	-0.898429	-0.426446
0.331104	0.499338	0.800645
-0.80813	0.111787	-0.578298
-0.321101	-0.0323906	-0.946491
0.541867	0.281213	0.792022
-0.521861	-0.737969	0.427859
0.356199	-0.528399	-0.77066
0.252709	-0.526413	-0.811805
0.412543	-0.664556	0.623036
0.171037	-0.961913	0.213238
-0.0996804	-0.994674	-0.0262225
-0.19965	-0.849461	0.488421
-0.0883612	0.164781	-0.982364
-0.528562	0.848448	0.0275251
0.126642	0.214496	-0.96848
0.639729	-0.766623	0.0550925
-0.226071	0.502926	-0.83424
-0.454406	0.229595	-0.860698
-0.636182	-0.111355	-0.763461
0.489472	-0.871993	0.00668249
-0.310206	-0.0979463	0.94561
-0.725573	-0.610925	-0.316726
-0.801836	-0.247808	-0.543737
0.914963	-0.403435	0.00913609
0.40807	0.220974	-0.885804
-0.950989	0.308403	0.0225322
-0.529318	0.715796	-0.455475
0.204465	0.106074	0.97311
-0.917282	-0.3939	-0.0586266
0.2144	-0.7345	-0.643849
0.207655	0.918231	0.337241
-0.0546478	0.648326	-0.759399
0.298365	0.735499	-0.608293
0.0344701	0.148585	-0.988299
-0.805098	-0.0567618	-0.590419
-0.861989	0.438592	0.254187
-0.504981	0.58964	0.630333
-0.15279	0.643296	-0.750217
-0.30473	0.0988101	-0.947299
0.99022	-0.0701391	0.120599
-0.741941	-0.277279	-0.610442
0.274604	0.211804	-0.93794
-0.91615	0.0904214	-0.390503
-0.00963261	0.477235	0.878723
0.649636	0.557541	-0.516837
0.633142	-0.753556	-0.176876
-0.578446	-0.807334	0.116668
-0.84373	0.467158	-0.264353
-0.651269	0.0248789	-0.758439
0.152076	-0.674305	-0.722624
-0.775478	0.415493	0.475393
0.28287	-0.0227553	0.958888
-0.186279	0.254766	0.948891
0.857419	-0.423091	-0.292962
-0.529458	0.36362	-0.766456
-0.185708	0.595014	-0.781966
0.35797	0.528113	-0.770035
0.400412	0.611164	0.682751
-0.209387	-0.389373	0.896965
-0.544603	0.209854	-0.812015
-0.547579	-0.622416	0.559245
0.819179	-0.358402	-0.447765
-0.547583	0.322932	0.771925
0.742263	-0.392587	-0.543067
0.100067	0.988103	0.116785
0.237118	0.663709	0.709412
0.798562	0.524081	-0.296036
-0.490267	-0.653101	-0.577146
0.0838894	-0.672545	0.735286
-0.0349718	-0.275134	0.96077
-0.433821	0.84663	-0.308248
-0.248797	-0.335296	0.908668
0.741908	0.53176	-0.408417
-0.285926	-0.943475	-0.167632
-0.583798	-0.802743	-0.121589
-0.132418	-0.586763	0.798858
-0.281387	-0.493294	0.823093
-0.929363	-0.314629	-0.193112
-0.965158	0.0131559	-0.261337
-0.350253	0.876777	-0.329522
-0.737856	-0.082007	0.669958
-0.762801	-0.595664	0.251632
-0.141271	0.0683608	-0.987608
0.0924093	-0.978849	0.182523
0.523214	0.334447	-0.783832
0.932439	0.0369131	0.359436
-0.890241	0.314959	-0.329046
-0.342321	0.820701	-0.457456
-0.320975	-0.0943141	0.94238
-0.159041	-0.543969	0.823895
-0.966334	0.254871	0.0352101
-0.555171	-0.745734	0.368327
0.880715	0.283783	-0.379221
-0.875776	-0.0501764	0.480103
-0.814007	0.247253	0.525603
-0.638496	-0.116943	0.760688
-0.852549	0.383725	-0.354846
0.333373	0.939342	0.0806157
-0.575352	-0.799946	0.17046
0.722897	-0.690578	0.0228521
-0.882394	-0.353037	0.31104
-0.185788	-0.976888	0.105698
-0.540057	0.327692	0.775214
-0.823973	-0.405467	0.395809
0.330217	-0.823544	0.461229
-0.926151	0.326378	0.189001
-0.392595	-0.661159	0.639326
0.128683	0.208159	0.969593
0.642212	0.765654	-0.036569
0.468134	0.788499	0.398899
0.893523	-0.408834	0.185664
-0.65953	0.316812	0.681653
0.80058	-0.0800636	-0.593853
-0.209343	-0.916286	0.34146
0.566096	0.431208	0.702563
-0.698384	0.462652	0.546088
-0.271185	0.621766	-0.734756
-0.747976	-0.124091	-0.652022
0.126087	-0.570044	-0.811881
-0.354802	-0.0655094	-0.932644
0.479692	-0.828671	-0.288446
0.0496409	-0.648054	-0.759974
0.993555	0.0936956	0.0637934
0.254922	0.621136	-0.741084
0.252957	0.937874	-0.237497
-0.365571	-0.773277	0.518073
-0.151904	-0.415583	0.896781
0.285194	-0.766685	0.575203
0.197881	-0.972594	0.122081
-0.976039	0.214194	-0.0383357
0.706689	0.645462	0.289775
0.950843	-0.243102	-0.19183
-0.526136	0.155464	0.836069
0.204421	-0.978663	0.0207673
-0.79282	0.302692	-0.528975
-0.855408	-0.44328	-0.267917
0.353544	0.388128	0.851095
0.19746	0.913483	0.355751
-0.944103	-0.196735	0.264509
0.837629	-0.309778	-0.449905
0.169351	-0.129656	-0.97699
0.289462	-0.95363	0.0824661
0.061534	-0.852676	-0.518803
0.51367	0.546252	-0.661628
0.924151	-0.356151	0.13821
0.708445	0.705183	0.0286909
0.624349	-0.707792	0.330484
-0.0207059	0.842322	-0.538577
0.070391	-0.846893	0.527084
0.197469	0.787634	-0.583643
-0.839286	-0.525283	0.140273
-0.971687	-0.179817	0.153267
-0.0478809	0.845394	-0.531994
-0.299613	-0.920935	0.249221
0.464319	0.862445	-0.201485
-0.731286	0.136874	0.668197
-0.136063	-0.98997	0.0380252
0.924823	-0.352196	0.14374
-0.654126	0.31415	-0.688062
-0.522124	0.68914	0.502466
-0.696604	0.647367	-0.309288
0.893748	-0.0470133	0.446099
0.861375	-0.218286	-0.458677
0.526339	0.641503	-0.558069
-0.496187	0.638705	0.588094
-0.398165	-0.612215	0.683123
0.843319	0.0203814	0.537026
0.546005	0.0587926	-0.835717
-0.488281	-0.266267	-0.831073
0.608275	-0.320013	-0.726356
0.253122	0.281047	0.925712
0.693724	-0.310925	-0.649671
-0.471872	-0.841538	0.262963
0.256014	0.515854	-0.817528
-0.935774	0.0266363	-0.351593
0.0858437	0.622057	-0.778252
0.316814	-0.562981	-0.763336
0.398037	-0.748352	-0.5306
-0.957623	0.120482	0.261616
-0.513167	-0.738077	-0.438066
-0.94705	-0.262723	-0.184587
-0.945156	0.205512	-0.253862
-0.833139	-0.522813	-0.180403
-0.579068	-0.799802	0.158104
-0.394679	0.309792	-0.865019
-0.192568	-0.469863	-0.861479
-0.891357	0.440011	-0.108963
-0.0454629	-0.73704	0.674319
0.78973	0.150287	-0.594761
-0.197931	-0.390275	-0.899171
0.384276	-0.251195	-0.888388
0.870032	0.215908	0.443201
-0.285525	-0.665159	-0.689955
-0.458035	0.888882	0.00958103
-0.718275	-0.543396	-0.434512
-0.479339	0.232144	-0.846371
-0.582805	0.332522	-0.741463
-0.948889	-0.310496	0.0565927
-0.0653211	0.0538852	0.996408
-0.615734	-0.434693	-0.657201
-0.482033	-0.534049	-0.694576
-0.338474	0.738397	-0.583271
-0.24971	-0.682041	-0.687361
-0.454274	0.55099	-0.700032
-0.448402	0.296911	0.843077
-0.46519	-0.827732	-0.313782
-0.11883	-0.936355	0.330332
-0.640077	0.675924	0.365278
0.497352	-0.824238	0.270691
0.422268	0.782829	-0.457021
-0.573443	0.50192	-0.647487
0.278921	0.0667448	0.957992
0.0579992	0.958449	-0.279305
0.0391763	-0.905769	-0.421958
0.00400593	-0.280552	0.959831
-0.0280711	0.261992	-0.964662
0.00310589	-0.643728	-0.765248
0.157906	0.326326	-0.931975
-0.913163	0.252326	-0.320102
0.370933	0.207199	-0.90525
0.761357	-0.471183	0.445333
-0.72811	0.649704	-0.218494
-0.251987	-0.0364862	0.967043
0.219241	-0.0809388	-0.972308
-0.2924	0.858604	-0.421071
-0.576159	-0.286714	-0.765399
0.777595	-0.532651	-0.33411
-0.34419	0.41551	-0.841953
-0.944658	-0.327983	-0.00700002
-0.621305	-0.553808	-0.554326
-0.970953	0.07222	0.228113
-0.454369	-0.884222	0.10817
0.270846	0.522429	0.808524
-0.802672	0.538511	0.256368
-0.457325	0.268285	0.847866
-0.213182	0.695861	-0.685807
-0.755663	-0.651623	0.0660314
-0.394351	-0.563175	0.726169
-0.0288393	0.711861	-0.701728
-0.855082	0.104071	0.50794
-0.298519	0.910433	-0.286352
0.675571	0.52698	0.515652
-0.4876	-0.830308	0.269878
0.0754727	-0.99248	0.0963673
0.483515	0.593247	-0.643639
0.712788	0.245008	0.657195
0.230312	0.970192	0.0753967
-0.0843278	0.996438	-0.000704772
-0.75239	-0.0774479	0.65415
0.768051	0.613739	0.182819
0.322321	0.287264	0.901991
-0.651326	-0.430422	-0.62491
-0.441292	0.16834	0.881432
-0.804478	-0.574589	0.150539
0.251993	-0.0428885	0.966778
-0.812225	0.208943	0.544641
0.420616	0.515027	-0.74688
0.0107521	-0.7148	0.699246
-0.522823	0.276949	0.806198
0.656397	-0.71108	0.252008
-0.895881	0.0821808	0.436627
-0.827033	-0.12729	-0.547552
0.227342	-0.916899	0.328043
0.751477	-0.362663	-0.551142
0.227057	0.971784	0.0638886
0.484209	0.84747	-0.21757
-0.424052	-0.795505	0.432841
0.271657	-0.574343	-0.772225
0.727126	0.127577	-0.674545
-0.868631	0.464196	0.173212
-0.16861	0.816683	0.551905
-0.379487	0.686792	0.619925
-0.843838	0.0549876	0.533773
-0.438352	0.875965	0.201329
-0.419585	-0.844075	-0.333896
0.900601	-0.422877	-0.100459
0.972203	0.154327	0.176082
-0.0558151	0.312813	0.948173
0.513462	0.834961	0.197981
0.698485	-0.714191	0.0452792
-0.536337	0.457459	-0.709278
0.775067	0.371721	-0.510974
0.577294	0.808668	-0.113085
0.0248147	-0.396004	-0.917913
0.749039	-0.559855	-0.354265
-0.937029	0.256577	0.236948
-0.95018	0.283996	0.128472
-0.890058	0.191267	-0.41378
-0.578796	-0.535113	-0.615345
0.659711	-0.217017	-0.719503
-0.0434132	-0.589189	-0.806828
-0.278558	0.827239	0.487936
0.72885	-0.0986955	0.677522
0.01902	0.891628	0.45237
0.835572	0.0684343	-0.545102
-0.049666	-0.983631	0.173214
-0.483463	0.520496	-0.703809
-0.848444	0.510183	-0.140912
0.988138	-0.140342	0.0623553
-0.914418	0.219091	0.340351
-0.736256	0.515439	-0.438462
0.533717	-0.263059	0.803708
-0.501637	-0.0332583	0.864439
0.864106	-0.462666	0.198141
0.894926	0.441729	0.0631122
0.293982	0.60055	-0.743582
-0.661182	0.143924	0.736291
0.971615	0.0493329	-0.231366
0.644144	0.654714	0.39551
-0.827952	-0.471021	-0.30436
-0.920938	0.150992	-0.35927
0.249165	0.836579	0.487906
0.663825	-0.742498	-0.0896311
-0.853945	-0.503403	0.131774
0.217304	-0.816236	0.535292
0.734413	-0.525871	-0.429065
0.405751	0.0676653	-0.911475
-0.200981	0.976636	-0.0760806
0.00500855	0.875438	0.483304
0.551605	-0.833797	0.0226801
-0.740391	0.221965	0.634471
0.295908	0.36076	-0.884472
-0.420105	-0.534736	0.733191
-0.159306	-0.379544	-0.911355
-0.401533	-0.770467	0.495128
-0.36117	0.879956	0.308599
0.723651	0.670209	0.164769
0.26791	-0.525422	0.807562
-0.793853	-0.512799	0.326856
0.488512	0.637893	-0.595356
0.786897	-0.497196	-0.365498
-0.244706	-0.967963	-0.0562711
-0.500279	0.173782	0.848246
-0.105942	0.442053	0.890711
0.789993	0.279517	0.545693
-0.387993	0.645935	-0.657441
-0.947311	0.233135	-0.219657
0.3536	-0.918514	-0.176913
-0.39908	0.885891	-0.236498
-0.947487	0.0343056	0.317949
-0.163444	0.91006	-0.380889
0.378995	-0.865661	-0.3271
-0.221114	0.784583	-0.579257
0.0516108	-0.139883	0.988822
0.975469	-0.209548	-0.0674481
-0.233639	0.350348	0.907011
0.798417	-0.601409	-0.0289355
0.466437	0.79138	-0.395162
0.892096	0.398243	0.213467
-0.618797	-8.75161e-05	-0.785551
0.303675	0.146435	0.941455
-0.357207	0.691099	-0.628319
0.810225	-0.0159586	0.585902
0.0998043	-0.834706	-0.541577
0.579389	-0.246007	-0.777038
0.56341	-0.384164	0.731428
-0.638233	0.325467	0.69766
0.771284	-0.562612	0.297637
0.648028	-0.0141373	-0.761485
-0.365404	-0.918188	0.153003
0.0166339	-0.286858	0.957829
0.918318	0.200488	-0.341316
-0.433242	0.801715	0.411771
-0.132905	-0.645578	-0.752041
0.362258	0.868976	-0.337119
-0.865801	-0.408762	0.288621
0.313999	-0.42228	-0.850343
0.99122	-0.131995	-0.00770464
0.0345273	0.937626	0.345926
-0.774643	0.389511	-0.498207
0.195887	0.592395	0.781471
-0.884491	-0.126644	-0.449041
-0.84058	0.423185	-0.338142
-0.92479	-0.294944	-0.240355
-0.406789	-0.387019	0.827489
0.691414	-0.0383071	0.721442
-0.822954	-0.167389	0.542887
0.647984	-0.520338	-0.556206
0.210488	0.820663	-0.531232
0.660635	-0.750632	0.0106477
0.840752	0.383357	0.382326
0.912384	0.380963	-0.149744
-0.779643	-0.618991	-0.094905
-0.566012	0.165563	-0.807601
0.284015	0.714829	-0.639027
0.102398	-0.852031	-0.513379
-0.990162	-0.109626	-0.0869528
-0.967353	0.216705	0.131404
0.914725	0.300596	-0.270038
0.812096	-0.563187	-0.152708
0.0026743	-0.105036	0.994465
0.00798828	-0.89986	0.436106
0.279022	-0.805908	-0.522167
-0.259241	-0.626857	0.734741
-0.15328	0.723893	-0.67267
0.462622	-0.819176	0.339016
0.900105	0.000485692	0.435673
-0.994236	-0.0154682	-0.106092
-0.243606	0.848855	0.46915
-0.413297	0.326763	-0.849948
-0.585046	0.25355	0.770346
-0.104324	-0.701989	0.704506
0.578476	-0.80508	-0.131192
0.398198	-0.911883	0.0995357
-0.620779	0.54836	0.560299
0.627245	0.68676	0.367321
-0.454663	-0.876712	-0.157027
0.48302	-0.288663	0.826659
0.252067	0.35024	0.902105
0.640707	-0.234945	0.730956
0.661324	0.431757	0.61338
-0.651865	-0.661421	0.370936
-0.738601	0.343792	-0.579893
0.660136	-0.469538	-0.586306
0.94679	0.0970809	0.30686
-0.885885	-0.339745	-0.315883
0.720905	0.654115	-0.228974
0.0295618	0.838344	0.54434
0.848379	-0.26824	-0.4564
0.236719	0.963	-0.12882
0.829936	0.557829	-0.00574154
-0.598883	0.574254	-0.558186
0.45544	-0.0223925	0.889985
0.591768	-0.6117	0.525009
-0.630926	-0.0791736	0.771793
0.303457	-0.922572	-0.238274
-0.916952	0.119624	-0.380643
0.368974	0.279108	0.886542
0.344567	0.648892	0.67839
-0.770812	0.163082	0.615835
-0.333512	-0.595296	0.731022
0.893829	0.412572	0.175654
0.729237	-0.64152	0.238047
-0.717541	0.588315	-0.372855
0.88694	0.244927	-0.391598
-0.606636	-0.792572	-0.0618262
0.0606118	-0.866329	-0.495783
0.780811	-0.101451	-0.616476
0.910802	0.263668	-0.317677
0.502148	-0.849065	0.164121
-0.433953	0.696415	-0.571568
0.0391849	0.795435	0.604771
-0.421955	-0.467384	-0.776857
0.869628	-0.489284	-0.0659481
0.784	0.112637	-0.610456
-0.487863	0.757097	-0.434505
-0.594755	-0.686788	0.417838
0.861445	0.0938124	0.49911
-0.0367918	-0.541791	-0.839708
0.472838	-0.402602	-0.783796
-0.329662	0.786663	-0.522001
-0.524603	0.102068	-0.845206
-0.353865	0.368025	0.859847
-0.789864	0.27945	0.545914
-0.026725	-0.747498	0.663726
0.645778	0.477356	-0.595905
-0.679723	-0.010408	-0.733396
0.720227	0.509416	-0.470923
0.529831	0.837645	-0.132779
0.311607	-0.174772	-0.934
-0.981129	0.128817	0.144194
0.954236	-0.219713	-0.202877
-0.0856472	-0.433237	-0.897201
-0.473767	0.740592	-0.476516
0.328225	0.629725	-0.70407
-0.671634	-0.719118	0.178261
-0.109175	-0.509101	0.853755
-0.0720906	-0.686201	-0.723831
0.52965	-0.208616	0.822162
0.522677	0.593	-0.612502
-0.670633	-0.664324	0.330037
-0.566913	0.489511	-0.662562
-0.384953	-0.839026	-0.384509
0.376411	-0.171698	0.910404
-0.619078	0.696648	0.362525
0.440562	-0.579016	0.686036
-0.593158	-0.803011	-0.0577639
-0.526509	-0.582021	0.619709
-0.968146	-0.24921	0.0242285
0.616613	-0.273433	0.738257
-0.959788	-0.277297	-0.043734
0.905094	-0.425188	-0.0044838
0.662853	-0.366302	0.653031
0.644128	-0.585837	-0.491827
0.594556	0.346294	-0.725661
0.142601	0.760121	0.633941
-0.613578	-0.500489	-0.610764
0.478051	0.837575	-0.264453
0.0570945	-0.960957	0.270745
0.481309	0.875751	-0.0374391
-0.124267	0.778579	-0.61512
0.55924	-0.427265	-0.710419
0.915988	-0.28608	0.281292
0.908912	-0.416052	-0.0279296
0.700384	-0.0345974	0.712928
0.359411	0.917115	0.172406
0.380005	0.518917	-0.765716
0.764142	0.359569	0.535534
-0.203881	-0.0104319	-0.97894
-0.800078	-0.491751	-0.343593
0.611955	-0.266426	0.744666
-0.188681	0.479517	0.857008
0.772854	-0.146988	-0.617326
0.683061	0.6918	-0.234179
0.878892	-0.337813	-0.336796
0.144634	0.950803	0.273962
0.189013	0.677149	0.711156
0.799779	0.49788	-0.335362
-0.349866	0.555898	-0.754037
0.977942	0.196992	0.0694502
-0.142289	-0.18834	0.971742
-0.577587	-0.0854905	0.81184
-0.532636	0.394373	0.748845
0.884651	0.257861	-0.388458
-0.546118	-0.781163	-0.302554
0.538437	-0.713148	0.448894
0.0199144	0.966679	0.255215
-0.494373	0.780662	-0.382311
-0.952019	0.0224553	0.305213
0.632396	0.242811	-0.735607
-0.441847	-0.255433	0.859956
0.1672	-0.0188231	0.985743
0.343942	-0.359898	0.867282
0.015112	-0.709168	0.704878
-0.975749	-0.137206	-0.170555
-0.188892	-0.457015	-0.869171
-0.315296	0.432251	-0.844836
0.442099	-0.340262	-0.829922
0.817395	0.544114	-0.189222
0.131595	0.0389968	-0.990536
-0.396951	-0.381829	-0.834648
-0.336396	-0.594882	0.730037
-0.00903931	-0.607859	-0.793993
-0.507723	0.78371	-0.357794
-0.161085	0.197337	0.967011
0.554295	0.709934	-0.434454
-0.0104763	-0.0268221	-0.999585
-0.543271	0.598172	0.589107
-0.783968	0.406213	0.469453
