#----------------------------------------------------------------------------------------------------------------------------------------------------------
# Output file for vampire simulation
#   time       : 2024-10-07 12:49:34     process id : 537
#   hostname   : Cygnus
#   path       : /home/baradwaj/vampire-chiral-phonon-project/hysteresis
#   version    : 7.0.0
#   githash    : e38fe604be3d1f5abbbe34a5e2f501b9e7510a47
#----------------------------------------------------------------------------------------------------------------------------------------------------------
Real_time  	B_applied  	m0M_norm_x 	m0M_norm_y 	m0M_norm_z 	m0M_norm_l 	
1.5e-12    	0.1        	0.00385875 	0.0289526  	0.999573   	0.360604   	
3e-12      	0.0993     	0.0381472  	0.142704   	0.98903    	0.273395   	
4.5e-12    	0.0986     	0.144132   	0.204644   	0.968167   	0.248828   	
6e-12      	0.0979     	0.242892   	0.289704   	0.925784   	0.244321   	
7.5e-12    	0.0972     	0.320541   	0.343115   	0.882907   	0.226716   	
9e-12      	0.0965     	0.375103   	0.325227   	0.868058   	0.225399   	
1.05e-11   	0.0958     	0.305407   	0.264165   	0.914846   	0.1934     	
1.2e-11    	0.0951     	0.410944   	0.355661   	0.839423   	0.197784   	
1.35e-11   	0.0944     	0.381787   	0.231582   	0.894767   	0.191985   	
1.5e-11    	0.0937     	0.499598   	0.174678   	0.848463   	0.180977   	
1.65e-11   	0.093      	0.531397   	0.275062   	0.801223   	0.173547   	
1.8e-11    	0.0923     	0.547063   	0.246932   	0.799842   	0.14266    	
1.95e-11   	0.0916     	0.54449    	0.252896   	0.799734   	0.144513   	
2.1e-11    	0.0909     	0.609051   	0.0158018  	0.792973   	0.154467   	
2.25e-11   	0.0902     	0.624619   	-0.0350993 	0.78014    	0.1635     	
2.4e-11    	0.0895     	0.532414   	-0.141308  	0.834606   	0.170108   	
2.55e-11   	0.0888     	0.489155   	-0.185953  	0.852144   	0.183037   	
2.7e-11    	0.0881     	0.431175   	-0.167824  	0.886523   	0.191816   	
2.85e-11   	0.0874     	0.189986   	-0.228609  	0.9548     	0.197513   	
3e-11      	0.0867     	0.205617   	-0.220539  	0.953459   	0.194108   	
3.15e-11   	0.086      	0.313768   	-0.0379302 	0.948742   	0.165787   	
3.3e-11    	0.0853     	0.243779   	0.0107612  	0.969771   	0.160268   	
3.45e-11   	0.0846     	0.122934   	-0.111642  	0.986115   	0.156955   	
3.6e-11    	0.0839     	0.0414179  	-0.0892761 	0.995145   	0.150462   	
3.75e-11   	0.0832     	0.0590117  	0.216355   	0.97453    	0.150818   	
3.9e-11    	0.0825     	-0.110663  	0.238234   	0.964882   	0.164538   	
4.05e-11   	0.0818     	-0.213777  	0.188881   	0.958448   	0.154595   	
4.2e-11    	0.0811     	-0.214893  	0.153109   	0.964561   	0.146964   	
4.35e-11   	0.0804     	-0.221851  	0.33925    	0.914162   	0.150693   	
4.5e-11    	0.0797     	0.0663632  	0.418643   	0.905723   	0.137124   	
4.65e-11   	0.079      	0.0627638  	0.41866    	0.905971   	0.155898   	
4.8e-11    	0.0783     	0.0585701  	0.37053    	0.926972   	0.1703     	
4.95e-11   	0.0776     	0.15649    	0.248061   	0.956021   	0.154217   	
5.1e-11    	0.0769     	0.186669   	0.185908   	0.964672   	0.167975   	
5.25e-11   	0.0762     	0.16111    	0.241512   	0.95693    	0.161029   	
5.4e-11    	0.0755     	0.122441   	0.328736   	0.936451   	0.148395   	
5.55e-11   	0.0748     	0.220898   	0.232401   	0.947203   	0.124846   	
5.7e-11    	0.0741     	0.106498   	0.392687   	0.913485   	0.11733    	
5.85e-11   	0.0734     	0.0156279  	0.304984   	0.952229   	0.173748   	
6e-11      	0.0727     	0.00627043 	0.377994   	0.925787   	0.193041   	
6.15e-11   	0.072      	0.124329   	0.448688   	0.884998   	0.205168   	
6.3e-11    	0.0713     	0.233149   	0.362923   	0.90218    	0.213819   	
6.45e-11   	0.0706     	0.213604   	0.422672   	0.880751   	0.190325   	
6.6e-11    	0.0699     	0.184424   	0.341673   	0.921546   	0.185354   	
6.75e-11   	0.0692     	0.165919   	0.38582    	0.907532   	0.210433   	
6.9e-11    	0.0685     	0.163394   	0.408369   	0.898074   	0.207832   	
7.05e-11   	0.0678     	0.0877313  	0.431776   	0.897704   	0.191562   	
7.2e-11    	0.0671     	0.151942   	0.529686   	0.834473   	0.20787    	
7.35e-11   	0.0664     	0.111205   	0.560742   	0.820489   	0.204377   	
7.5e-11    	0.0657     	0.154667   	0.633579   	0.758061   	0.187524   	
7.65e-11   	0.065      	0.151736   	0.44101    	0.884583   	0.167366   	
7.8e-11    	0.0643     	0.101136   	0.551075   	0.828304   	0.148432   	
7.95e-11   	0.0636     	-0.110277  	0.499741   	0.859126   	0.129872   	
8.1e-11    	0.0629     	-0.0933521 	0.358744   	0.928756   	0.125729   	
8.25e-11   	0.0622     	-0.208707  	0.456639   	0.864825   	0.147281   	
8.4e-11    	0.0615     	-0.142398  	0.503749   	0.852033   	0.187656   	
8.55e-11   	0.0608     	-0.254828  	0.521457   	0.814337   	0.187556   	
8.7e-11    	0.0601     	-0.203512  	0.522973   	0.827697   	0.202303   	
8.85e-11   	0.0594     	-0.184997  	0.63446    	0.750491   	0.205929   	
9e-11      	0.0587     	-0.161332  	0.754933   	0.635648   	0.172869   	
9.15e-11   	0.058      	-0.182711  	0.662908   	0.726064   	0.1777     	
9.3e-11    	0.0573     	-0.298556  	0.568133   	0.76687    	0.198454   	
9.45e-11   	0.0566     	-0.331591  	0.501809   	0.798896   	0.195669   	
9.6e-11    	0.0559     	-0.380473  	0.494569   	0.781435   	0.189658   	
9.75e-11   	0.0552     	-0.29777   	0.445259   	0.844439   	0.178107   	
9.9e-11    	0.0545     	-0.200817  	0.433175   	0.878654   	0.162685   	
1.005e-10  	0.0538     	-0.160634  	0.420275   	0.893065   	0.152033   	
1.02e-10   	0.0531     	-0.0925564 	0.365535   	0.926184   	0.164787   	
1.035e-10  	0.0524     	0.0109634  	0.563021   	0.82637    	0.156978   	
1.05e-10   	0.0517     	0.0426845  	0.571555   	0.819453   	0.190343   	
1.065e-10  	0.051      	0.0476119  	0.703756   	0.708844   	0.172512   	
1.08e-10   	0.0503     	0.0999925  	0.64803    	0.755023   	0.203613   	
1.095e-10  	0.0496     	0.0102193  	0.473285   	0.88085    	0.191584   	
1.11e-10   	0.0489     	-0.00811868	0.420742   	0.907144   	0.194552   	
1.125e-10  	0.0482     	-0.0120497 	0.458398   	0.888665   	0.203974   	
1.14e-10   	0.0475     	0.11871    	0.549435   	0.82706    	0.194319   	
1.155e-10  	0.0468     	0.105236   	0.595588   	0.796367   	0.167763   	
1.17e-10   	0.0461     	0.0577368  	0.567291   	0.821491   	0.160631   	
1.185e-10  	0.0454     	0.0153672  	0.486008   	0.873819   	0.169593   	
1.2e-10    	0.0447     	0.0374254  	0.397439   	0.916865   	0.17353    	
1.215e-10  	0.044      	0.118375   	0.320707   	0.939752   	0.164698   	
1.23e-10   	0.0433     	0.226187   	0.45844    	0.85946    	0.193187   	
1.245e-10  	0.0426     	0.209736   	0.451332   	0.867358   	0.182844   	
1.26e-10   	0.0419     	0.228041   	0.533      	0.814805   	0.198405   	
1.275e-10  	0.0412     	0.106512   	0.559001   	0.822297   	0.214862   	
1.29e-10   	0.0405     	0.285768   	0.627046   	0.724673   	0.192508   	
1.305e-10  	0.0398     	0.194238   	0.613849   	0.765154   	0.190057   	
1.32e-10   	0.0391     	0.2818     	0.568611   	0.772833   	0.160211   	
1.335e-10  	0.0384     	0.218077   	0.682656   	0.697441   	0.164126   	
1.35e-10   	0.0377     	0.218562   	0.678516   	0.701317   	0.165007   	
1.365e-10  	0.037      	0.131946   	0.626075   	0.768518   	0.14941    	
1.38e-10   	0.0363     	0.187146   	0.611995   	0.7684     	0.157177   	
1.395e-10  	0.0356     	0.249075   	0.555659   	0.793225   	0.147215   	
1.41e-10   	0.0349     	0.19904    	0.575874   	0.792939   	0.133139   	
1.425e-10  	0.0342     	0.248503   	0.60032    	0.760172   	0.13361    	
1.44e-10   	0.0335     	0.287278   	0.442122   	0.849705   	0.145469   	
1.455e-10  	0.0328     	0.152353   	0.577293   	0.802198   	0.15765    	
1.47e-10   	0.0321     	0.162437   	0.58081    	0.797668   	0.180527   	
1.485e-10  	0.0314     	0.266556   	0.623915   	0.734628   	0.174537   	
1.5e-10    	0.0307     	0.262002   	0.554063   	0.79017    	0.14749    	
1.515e-10  	0.03       	0.161269   	0.665353   	0.728902   	0.14729    	
1.53e-10   	0.0293     	0.12416    	0.763611   	0.633627   	0.127865   	
1.545e-10  	0.0286     	0.136424   	0.898127   	0.418038   	0.114898   	
1.56e-10   	0.0279     	-0.104396  	0.86999    	0.48189    	0.116698   	
1.575e-10  	0.0272     	-0.09288   	0.852479   	0.514444   	0.120629   	
1.59e-10   	0.0265     	0.0087985  	0.709532   	0.704618   	0.123361   	
1.605e-10  	0.0258     	-0.174048  	0.633673   	0.753768   	0.162219   	
1.62e-10   	0.0251     	-0.133059  	0.550493   	0.824168   	0.157761   	
1.635e-10  	0.0244     	-0.234284  	0.391633   	0.889795   	0.141355   	
1.65e-10   	0.0237     	-0.215677  	0.457383   	0.862719   	0.141727   	
1.665e-10  	0.023      	-0.233978  	0.471927   	0.850023   	0.146789   	
1.68e-10   	0.0223     	-0.241667  	0.319915   	0.916107   	0.142232   	
1.695e-10  	0.0216     	-0.166845  	0.240566   	0.956186   	0.181482   	
1.71e-10   	0.0209     	-0.221846  	0.297463   	0.928601   	0.18105    	
1.725e-10  	0.0202     	-0.223737  	0.303911   	0.926056   	0.164488   	
1.74e-10   	0.0195     	-0.2352    	0.378832   	0.89508    	0.149227   	
1.755e-10  	0.0188     	-0.203927  	0.282533   	0.937331   	0.147476   	
1.77e-10   	0.0181     	-0.259364  	0.058057   	0.964033   	0.148065   	
1.785e-10  	0.0174     	-0.26861   	0.151146   	0.951317   	0.173107   	
1.8e-10    	0.0167     	-0.359897  	0.178531   	0.915751   	0.16061    	
1.815e-10  	0.016      	-0.46702   	0.0972865  	0.878879   	0.153843   	
1.83e-10   	0.0153     	-0.371304  	0.00623783 	0.92849    	0.139922   	
1.845e-10  	0.0146     	-0.44654   	-0.112896  	0.887613   	0.12888    	
1.86e-10   	0.0139     	-0.239656  	-0.0957576 	0.966124   	0.133925   	
1.875e-10  	0.0132     	-0.0401158 	-0.0626036 	0.997232   	0.126212   	
1.89e-10   	0.0125     	0.0861752  	-0.12487   	0.988424   	0.127104   	
1.905e-10  	0.0118     	0.0486744  	-0.165602  	0.984991   	0.134412   	
1.92e-10   	0.0111     	0.191178   	-0.00932001	0.981511   	0.143231   	
1.935e-10  	0.0104     	0.315859   	-0.346372  	0.883323   	0.154026   	
1.95e-10   	0.0097     	0.169569   	-0.431348  	0.886107   	0.130421   	
1.965e-10  	0.009      	0.170053   	-0.340511  	0.924735   	0.138169   	
1.98e-10   	0.0083     	0.521078   	-0.487218  	0.700783   	0.101299   	
1.995e-10  	0.0076     	0.219868   	-0.699706  	0.679757   	0.0792957  	
2.01e-10   	0.0069     	0.076606   	-0.49455   	0.865767   	0.0981723  	
2.025e-10  	0.0062     	0.0894817  	-0.738654  	0.668119   	0.0910362  	
2.04e-10   	0.0055     	0.104895   	-0.704692  	0.701717   	0.091777   	
2.055e-10  	0.0048     	-0.0741258 	-0.645025  	0.760558   	0.0857397  	
2.07e-10   	0.0041     	-0.204555  	-0.457054  	0.865597   	0.0834684  	
2.085e-10  	0.0034     	-0.196301  	-0.506758  	0.839442   	0.10418    	
2.1e-10    	0.0027     	-0.244324  	-0.344174  	0.906559   	0.0780103  	
2.115e-10  	0.002      	-0.119221  	-0.23717   	0.964125   	0.091452   	
2.13e-10   	0.0013     	-0.225324  	-0.557604  	0.798941   	0.10773    	
2.145e-10  	0.0006     	-0.126528  	-0.712933  	0.689722   	0.106425   	
2.16e-10   	-0.0001    	-0.262558  	-0.672958  	0.691513   	0.129088   	
2.175e-10  	-0.0008    	-0.289831  	-0.695585  	0.657388   	0.147469   	
2.19e-10   	-0.0015    	-0.205599  	-0.69888   	0.685051   	0.154448   	
2.205e-10  	-0.0022    	-0.0595515 	-0.6597    	0.749166   	0.144146   	
2.22e-10   	-0.0029    	0.0913546  	-0.614328  	0.783745   	0.129839   	
2.235e-10  	-0.0036    	0.100699   	-0.666875  	0.738334   	0.17638    	
2.25e-10   	-0.0043    	0.0625673  	-0.56526   	0.822537   	0.170546   	
2.265e-10  	-0.005     	-0.165015  	-0.681218  	0.71324    	0.151277   	
2.28e-10   	-0.0057    	-0.274971  	-0.785819  	0.553966   	0.181375   	
2.295e-10  	-0.0064    	-0.203507  	-0.724158  	0.658923   	0.13674    	
2.31e-10   	-0.0071    	-0.223197  	-0.786221  	0.576228   	0.161662   	
2.325e-10  	-0.0078    	-0.366628  	-0.651718  	0.663964   	0.143304   	
2.34e-10   	-0.0085    	-0.296962  	-0.530688  	0.793841   	0.146886   	
2.355e-10  	-0.0092    	-0.177407  	-0.423485  	0.888362   	0.155475   	
2.37e-10   	-0.0099    	-0.308018  	-0.285794  	0.90744    	0.13896    	
2.385e-10  	-0.0106    	-0.481435  	-0.223336  	0.84755    	0.128876   	
2.4e-10    	-0.0113    	-0.527981  	-0.151907  	0.83556    	0.126699   	
2.415e-10  	-0.012     	-0.488173  	-0.00367272	0.872739   	0.158238   	
2.43e-10   	-0.0127    	-0.423485  	-0.0423022 	0.904915   	0.161595   	
2.445e-10  	-0.0134    	-0.378628  	-0.0631471 	0.923392   	0.178966   	
2.46e-10   	-0.0141    	-0.425644  	-0.0421715 	0.903908   	0.159371   	
2.475e-10  	-0.0148    	-0.461626  	-0.0257368 	0.886701   	0.134805   	
2.49e-10   	-0.0155    	-0.284599  	-0.101429  	0.953266   	0.117547   	
2.505e-10  	-0.0162    	-0.213791  	0.0372625  	0.976168   	0.114659   	
2.52e-10   	-0.0169    	0.00232885 	0.0329904  	0.999453   	0.127857   	
2.535e-10  	-0.0176    	-0.0112245 	-0.0515084 	0.998609   	0.14397    	
2.55e-10   	-0.0183    	-0.0454652 	0.255211   	0.965816   	0.119282   	
2.565e-10  	-0.019     	0.126399   	0.174512   	0.976508   	0.106862   	
2.58e-10   	-0.0197    	-0.29507   	0.147923   	0.943956   	0.115503   	
2.595e-10  	-0.0204    	-0.445408  	0.110905   	0.888432   	0.10328    	
2.61e-10   	-0.0211    	-0.368     	0.554806   	0.746167   	0.0869154  	
2.625e-10  	-0.0218    	-0.338328  	0.422798   	0.8407     	0.0933037  	
2.64e-10   	-0.0225    	-0.221903  	0.340385   	0.913727   	0.113932   	
2.655e-10  	-0.0232    	-0.0380809 	0.504467   	0.862591   	0.102791   	
2.67e-10   	-0.0239    	0.076763   	0.646336   	0.759182   	0.120552   	
2.685e-10  	-0.0246    	0.11197    	0.731105   	0.673015   	0.12277    	
2.7e-10    	-0.0253    	0.186598   	0.786464   	0.588774   	0.144486   	
2.715e-10  	-0.026     	0.184158   	0.849303   	0.494743   	0.143409   	
2.73e-10   	-0.0267    	0.306759   	0.840258   	0.447063   	0.144247   	
2.745e-10  	-0.0274    	0.242482   	0.835404   	0.493257   	0.14306    	
2.76e-10   	-0.0281    	0.307251   	0.898688   	0.31298    	0.1544     	
2.775e-10  	-0.0288    	0.431621   	0.801272   	0.414327   	0.15595    	
2.79e-10   	-0.0295    	0.424      	0.756231   	0.498336   	0.149657   	
2.805e-10  	-0.0302    	0.401046   	0.750709   	0.524974   	0.143549   	
2.82e-10   	-0.0309    	0.411687   	0.847241   	0.335703   	0.13747    	
2.835e-10  	-0.0316    	0.147964   	0.90534    	0.398079   	0.133719   	
2.85e-10   	-0.0323    	0.175715   	0.933711   	0.311941   	0.140406   	
2.865e-10  	-0.033     	0.150236   	0.931135   	0.332289   	0.135255   	
2.88e-10   	-0.0337    	0.174184   	0.962647   	0.207292   	0.116796   	
2.895e-10  	-0.0344    	0.0547529  	0.996504   	0.0631094  	0.113509   	
2.91e-10   	-0.0351    	-0.126572  	0.974295   	0.186355   	0.122619   	
2.925e-10  	-0.0358    	-0.151773  	0.958425   	0.241634   	0.109532   	
2.94e-10   	-0.0365    	-0.305233  	0.93591    	0.175798   	0.0977309  	
2.955e-10  	-0.0372    	-0.0953388 	0.99523    	-0.0206969 	0.10921    	
2.97e-10   	-0.0379    	-0.181884  	0.983295   	0.00705827 	0.119621   	
2.985e-10  	-0.0386    	-0.379358  	0.882475   	-0.278075  	0.125825   	
3e-10      	-0.0393    	-0.229541  	0.949038   	-0.215958  	0.11821    	
3.015e-10  	-0.04      	-0.237723  	0.937568   	-0.253878  	0.15249    	
3.03e-10   	-0.0407    	-0.0197015 	0.935909   	-0.351691  	0.167648   	
3.045e-10  	-0.0414    	0.108979   	0.921499   	-0.372778  	0.175019   	
3.06e-10   	-0.0421    	-0.0115331 	0.855632   	-0.517456  	0.162703   	
3.075e-10  	-0.0428    	0.214726   	0.736681   	-0.641244  	0.180118   	
3.09e-10   	-0.0435    	0.0970586  	0.745826   	-0.659032  	0.177422   	
3.105e-10  	-0.0442    	-0.0170907 	0.739123   	-0.673353  	0.180837   	
3.12e-10   	-0.0449    	-0.0208398 	0.776434   	-0.629854  	0.167699   	
3.135e-10  	-0.0456    	-0.0945257 	0.775115   	-0.624709  	0.146845   	
3.15e-10   	-0.0463    	0.14019    	0.663949   	-0.734519  	0.139534   	
3.165e-10  	-0.047     	0.337816   	0.610464   	-0.71639   	0.118601   	
3.18e-10   	-0.0477    	0.283295   	0.628586   	-0.724309  	0.128733   	
3.195e-10  	-0.0484    	0.201897   	0.504593   	-0.839419  	0.147062   	
3.21e-10   	-0.0491    	0.165899   	0.426579   	-0.889105  	0.15238    	
3.225e-10  	-0.0498    	-0.0680953 	0.416118   	-0.906757  	0.109434   	
3.24e-10   	-0.0505    	0.171559   	0.559549   	-0.810847  	0.0935791  	
3.255e-10  	-0.0512    	0.302112   	0.508989   	-0.806014  	0.0983325  	
3.27e-10   	-0.0519    	0.139211   	0.461918   	-0.875929  	0.0720145  	
3.285e-10  	-0.0526    	0.000975658	0.750562   	-0.6608    	0.0847623  	
3.3e-10    	-0.0533    	0.0320722  	0.759255   	-0.650002  	0.0824384  	
3.315e-10  	-0.054     	0.361462   	0.879932   	-0.308326  	0.0795678  	
3.33e-10   	-0.0547    	0.00110956 	0.889385   	-0.457158  	0.0825573  	
3.345e-10  	-0.0554    	-0.266136  	0.806045   	-0.528642  	0.108102   	
3.36e-10   	-0.0561    	-0.575077  	0.729948   	-0.369409  	0.11069    	
3.375e-10  	-0.0568    	-0.616421  	0.720455   	-0.317757  	0.143494   	
3.39e-10   	-0.0575    	-0.647751  	0.7512     	-0.126952  	0.158105   	
3.405e-10  	-0.0582    	-0.613999  	0.766696   	-0.187571  	0.150966   	
3.42e-10   	-0.0589    	-0.586005  	0.770355   	-0.2513    	0.165345   	
3.435e-10  	-0.0596    	-0.489544  	0.788797   	-0.37168   	0.148901   	
3.45e-10   	-0.0603    	-0.398227  	0.795587   	-0.456571  	0.123355   	
3.465e-10  	-0.061     	-0.462271  	0.848823   	-0.256524  	0.131775   	
3.48e-10   	-0.0617    	-0.376     	0.826414   	-0.419124  	0.11959    	
3.495e-10  	-0.0624    	-0.341367  	0.802261   	-0.489741  	0.108516   	
3.51e-10   	-0.0631    	-0.437148  	0.800969   	-0.409085  	0.135628   	
3.525e-10  	-0.0638    	-0.484602  	0.848289   	-0.213462  	0.120106   	
3.54e-10   	-0.0645    	-0.507406  	0.769362   	-0.3881    	0.132107   	
3.555e-10  	-0.0652    	-0.439396  	0.813513   	-0.380956  	0.11389    	
3.57e-10   	-0.0659    	-0.507536  	0.840013   	-0.191794  	0.133813   	
3.585e-10  	-0.0666    	-0.634337  	0.733034   	-0.245514  	0.126337   	
3.6e-10    	-0.0673    	-0.599541  	0.791672   	-0.117501  	0.130326   	
3.615e-10  	-0.068     	-0.449003  	0.886369   	-0.112895  	0.139012   	
3.63e-10   	-0.0687    	-0.334967  	0.903908   	-0.265985  	0.134268   	
3.645e-10  	-0.0694    	-0.497419  	0.791405   	-0.35532   	0.100613   	
3.66e-10   	-0.0701    	-0.495515  	0.666753   	-0.556692  	0.123312   	
3.675e-10  	-0.0708    	-0.584139  	0.700351   	-0.410231  	0.145464   	
3.69e-10   	-0.0715    	-0.477203  	0.606331   	-0.636114  	0.135144   	
3.705e-10  	-0.0722    	-0.425646  	0.542613   	-0.724153  	0.162046   	
3.72e-10   	-0.0729    	-0.464961  	0.396403   	-0.791629  	0.153972   	
3.735e-10  	-0.0736    	-0.500666  	0.288087   	-0.816296  	0.174669   	
3.75e-10   	-0.0743    	-0.385514  	0.400694   	-0.831158  	0.183851   	
3.765e-10  	-0.075     	-0.411603  	0.389159   	-0.824099  	0.182583   	
3.78e-10   	-0.0757    	-0.265359  	0.29156    	-0.919009  	0.177477   	
3.795e-10  	-0.0764    	-0.335976  	0.209327   	-0.918315  	0.195391   	
3.81e-10   	-0.0771    	-0.11869   	0.264684   	-0.957003  	0.200539   	
3.825e-10  	-0.0778    	-0.17459   	0.28343    	-0.942966  	0.206504   	
3.84e-10   	-0.0785    	-0.20742   	0.406464   	-0.889811  	0.210208   	
3.855e-10  	-0.0792    	-0.164849  	0.407206   	-0.898336  	0.194096   	
3.87e-10   	-0.0799    	-0.230413  	0.439554   	-0.86816   	0.195892   	
3.885e-10  	-0.0806    	-0.328409  	0.45648    	-0.826906  	0.185243   	
3.9e-10    	-0.0813    	-0.366448  	0.497845   	-0.786045  	0.196599   	
3.915e-10  	-0.082     	-0.419161  	0.569952   	-0.706724  	0.197407   	
3.93e-10   	-0.0827    	-0.420382  	0.529543   	-0.736793  	0.157878   	
3.945e-10  	-0.0834    	-0.439618  	0.377931   	-0.814803  	0.160859   	
3.96e-10   	-0.0841    	-0.289688  	0.389461   	-0.8743    	0.162764   	
3.975e-10  	-0.0848    	-0.322576  	0.373655   	-0.86967   	0.167021   	
3.99e-10   	-0.0855    	-0.187414  	0.264143   	-0.9461    	0.186418   	
4.005e-10  	-0.0862    	-0.141828  	0.322658   	-0.935829  	0.184799   	
4.02e-10   	-0.0869    	-0.20472   	0.37312    	-0.904915  	0.205454   	
4.035e-10  	-0.0876    	-0.180868  	0.435118   	-0.88202   	0.19722    	
4.05e-10   	-0.0883    	-0.149211  	0.481105   	-0.863872  	0.204388   	
4.065e-10  	-0.089     	-0.0798203 	0.429163   	-0.899693  	0.214918   	
4.08e-10   	-0.0897    	0.0563137  	0.337007   	-0.939816  	0.197837   	
4.095e-10  	-0.0904    	0.0246574  	0.405963   	-0.913557  	0.198436   	
4.11e-10   	-0.0911    	-0.0276653 	0.414269   	-0.909734  	0.196686   	
4.125e-10  	-0.0918    	0.0938406  	0.376843   	-0.921511  	0.181035   	
4.14e-10   	-0.0925    	0.133342   	0.284114   	-0.949473  	0.167208   	
4.155e-10  	-0.0932    	0.197399   	0.306601   	-0.931144  	0.146476   	
4.17e-10   	-0.0939    	0.32249    	0.245477   	-0.914189  	0.160581   	
4.185e-10  	-0.0946    	0.404083   	0.139318   	-0.904051  	0.164426   	
4.2e-10    	-0.0953    	0.252351   	0.0105563  	-0.967578  	0.186045   	
4.215e-10  	-0.096     	0.274113   	0.196588   	-0.94139   	0.186981   	
4.23e-10   	-0.0967    	0.0869108  	0.182722   	-0.979316  	0.162394   	
4.245e-10  	-0.0974    	-0.00859504	0.129336   	-0.991564  	0.167765   	
4.26e-10   	-0.0981    	0.0466377  	0.0868568  	-0.995129  	0.159688   	
4.275e-10  	-0.0988    	0.283263   	0.0713466  	-0.956385  	0.156609   	
4.29e-10   	-0.0995    	0.256515   	0.16524    	-0.952311  	0.179767   	
4.305e-10  	-0.1       	0.201628   	0.17224    	-0.964199  	0.200834   	
4.32e-10   	-0.0993    	0.120492   	0.295386   	-0.947749  	0.206053   	
4.335e-10  	-0.0986    	0.217905   	0.34276    	-0.913802  	0.218444   	
4.35e-10   	-0.0979    	0.141101   	0.292092   	-0.945924  	0.193509   	
4.365e-10  	-0.0972    	0.0381637  	0.316171   	-0.947934  	0.207339   	
4.38e-10   	-0.0965    	-0.0433769 	0.400569   	-0.915239  	0.223933   	
4.395e-10  	-0.0958    	-0.00474195	0.33949    	-0.940598  	0.211462   	
4.41e-10   	-0.0951    	2.2082e-05 	0.401974   	-0.915651  	0.219629   	
4.425e-10  	-0.0944    	0.0410152  	0.318999   	-0.946867  	0.193994   	
4.44e-10   	-0.0937    	-0.0459499 	0.296965   	-0.953782  	0.199291   	
4.455e-10  	-0.093     	0.0226918  	0.411871   	-0.91096   	0.178338   	
4.47e-10   	-0.0923    	0.0292665  	0.25607    	-0.966215  	0.193097   	
4.485e-10  	-0.0916    	0.0982998  	0.114245   	-0.988577  	0.179623   	
4.5e-10    	-0.0909    	0.0856015  	0.143223   	-0.985981  	0.181982   	
4.515e-10  	-0.0902    	0.0595822  	0.165839   	-0.984351  	0.196128   	
4.53e-10   	-0.0895    	0.0103395  	0.158862   	-0.987247  	0.185467   	
4.545e-10  	-0.0888    	0.0131644  	0.0992493  	-0.994976  	0.192004   	
4.56e-10   	-0.0881    	-0.0039339 	0.0694123  	-0.99758   	0.179138   	
4.575e-10  	-0.0874    	0.105938   	-0.0649569 	-0.992249  	0.171547   	
4.59e-10   	-0.0867    	0.194948   	0.0981874  	-0.975886  	0.170414   	
4.605e-10  	-0.086     	0.196162   	0.146021   	-0.969638  	0.164337   	
4.62e-10   	-0.0853    	0.325258   	0.0942169  	-0.94092   	0.177205   	
4.635e-10  	-0.0846    	0.25846    	0.22174    	-0.940228  	0.158013   	
4.65e-10   	-0.0839    	0.413481   	0.113724   	-0.903382  	0.156539   	
4.665e-10  	-0.0832    	0.391496   	0.00105736 	-0.920179  	0.168481   	
4.68e-10   	-0.0825    	0.198626   	0.0107195  	-0.980017  	0.153066   	
4.695e-10  	-0.0818    	0.11278    	-0.0111714 	-0.993557  	0.167915   	
4.71e-10   	-0.0811    	0.118312   	0.177451   	-0.976992  	0.151782   	
4.725e-10  	-0.0804    	-0.0352926 	0.176287   	-0.983706  	0.142112   	
4.74e-10   	-0.0797    	0.0116181  	0.0688608  	-0.997559  	0.163465   	
4.755e-10  	-0.079     	0.0656993  	0.268823   	-0.960946  	0.151534   	
4.77e-10   	-0.0783    	-0.119841  	0.251854   	-0.960316  	0.173845   	
4.785e-10  	-0.0776    	-0.195723  	0.29754    	-0.934432  	0.161181   	
4.8e-10    	-0.0769    	-0.204102  	0.325642   	-0.923201  	0.1511     	
4.815e-10  	-0.0762    	-0.287905  	0.35464    	-0.889573  	0.170728   	
4.83e-10   	-0.0755    	-0.305149  	0.483609   	-0.82037   	0.171075   	
4.845e-10  	-0.0748    	-0.135647  	0.431304   	-0.891951  	0.165745   	
4.86e-10   	-0.0741    	-0.133274  	0.616725   	-0.775815  	0.140563   	
4.875e-10  	-0.0734    	-0.0626073 	0.66444    	-0.744715  	0.140015   	
4.89e-10   	-0.0727    	-0.0370075 	0.634395   	-0.772123  	0.142992   	
4.905e-10  	-0.072     	-0.231221  	0.556707   	-0.797881  	0.136897   	
4.92e-10   	-0.0713    	-0.42944   	0.445956   	-0.785306  	0.124449   	
4.935e-10  	-0.0706    	-0.423208  	0.0686873  	-0.903425  	0.139941   	
4.95e-10   	-0.0699    	-0.275056  	0.104394   	-0.955744  	0.156045   	
4.965e-10  	-0.0692    	-0.401054  	0.1301     	-0.906769  	0.143828   	
4.98e-10   	-0.0685    	-0.50226   	0.167143   	-0.848409  	0.134075   	
4.995e-10  	-0.0678    	-0.631846  	0.38533    	-0.672526  	0.128296   	
5.01e-10   	-0.0671    	-0.770991  	0.30954    	-0.556559  	0.122233   	
5.025e-10  	-0.0664    	-0.508485  	0.462039   	-0.72661   	0.121238   	
5.04e-10   	-0.0657    	-0.343067  	0.490689   	-0.800955  	0.155346   	
5.055e-10  	-0.065     	-0.442033  	0.479657   	-0.757981  	0.13134    	
5.07e-10   	-0.0643    	-0.440951  	0.612786   	-0.655787  	0.114158   	
5.085e-10  	-0.0636    	-0.351703  	0.574653   	-0.738972  	0.142094   	
5.1e-10    	-0.0629    	-0.375105  	0.532953   	-0.758457  	0.118969   	
5.115e-10  	-0.0622    	-0.259686  	0.394714   	-0.881342  	0.11778    	
5.13e-10   	-0.0615    	-0.323527  	0.508779   	-0.797793  	0.123442   	
5.145e-10  	-0.0608    	-0.183493  	0.422351   	-0.887665  	0.129344   	
5.16e-10   	-0.0601    	-0.280082  	0.173108   	-0.944239  	0.10382    	
5.175e-10  	-0.0594    	-0.169887  	0.102529   	-0.980115  	0.140049   	
5.19e-10   	-0.0587    	-0.108548  	-0.128154  	-0.985796  	0.149787   	
5.205e-10  	-0.058     	-0.284526  	-0.217105  	-0.933761  	0.193312   	
5.22e-10   	-0.0573    	-0.47173   	-0.168973  	-0.865401  	0.178241   	
5.235e-10  	-0.0566    	-0.487562  	-0.115927  	-0.865358  	0.191398   	
5.25e-10   	-0.0559    	-0.497168  	-0.0483065 	-0.866308  	0.203893   	
5.265e-10  	-0.0552    	-0.346626  	-0.0869471 	-0.933965  	0.186463   	
5.28e-10   	-0.0545    	-0.314487  	-0.155185  	-0.936491  	0.168001   	
5.295e-10  	-0.0538    	-0.48285   	-0.223618  	-0.846671  	0.169003   	
5.31e-10   	-0.0531    	-0.448217  	-0.213349  	-0.868092  	0.169616   	
5.325e-10  	-0.0524    	-0.580963  	-0.0026064 	-0.813926  	0.170096   	
5.34e-10   	-0.0517    	-0.465365  	-0.0609148 	-0.88302   	0.162928   	
5.355e-10  	-0.051     	-0.444658  	-0.15477   	-0.882227  	0.167029   	
5.37e-10   	-0.0503    	-0.396784  	0.0021205  	-0.917909  	0.183567   	
5.385e-10  	-0.0496    	-0.474616  	0.084448   	-0.876132  	0.181825   	
5.4e-10    	-0.0489    	-0.420178  	-0.0751531 	-0.904324  	0.157243   	
5.415e-10  	-0.0482    	-0.306551  	0.106648   	-0.945861  	0.154213   	
5.43e-10   	-0.0475    	-0.232001  	0.147876   	-0.961409  	0.155478   	
5.445e-10  	-0.0468    	-0.241054  	0.149535   	-0.958922  	0.172204   	
5.46e-10   	-0.0461    	-0.235069  	0.102867   	-0.96652   	0.143477   	
5.475e-10  	-0.0454    	-0.309547  	0.253607   	-0.916441  	0.136954   	
5.49e-10   	-0.0447    	-0.45515   	0.205128   	-0.866465  	0.120831   	
5.505e-10  	-0.044     	-0.430701  	0.30513    	-0.849348  	0.125459   	
5.52e-10   	-0.0433    	-0.155331  	0.251953   	-0.955192  	0.13816    	
5.535e-10  	-0.0426    	-0.327259  	0.207402   	-0.921893  	0.141161   	
5.55e-10   	-0.0419    	-0.25068   	0.429745   	-0.867455  	0.144452   	
5.565e-10  	-0.0412    	-0.20366   	0.287701   	-0.935815  	0.11982    	
5.58e-10   	-0.0405    	-0.0820843 	0.349087   	-0.933488  	0.113319   	
5.595e-10  	-0.0398    	0.0761449  	0.429604   	-0.899801  	0.0980714  	
5.61e-10   	-0.0391    	-0.142976  	0.331584   	-0.932529  	0.118378   	
5.625e-10  	-0.0384    	0.0408913  	0.344321   	-0.937961  	0.14347    	
5.64e-10   	-0.0377    	-0.0837866 	0.210925   	-0.973905  	0.161073   	
5.655e-10  	-0.037     	-0.0947222 	0.467346   	-0.878986  	0.143205   	
5.67e-10   	-0.0363    	-0.066399  	0.460536   	-0.885154  	0.122136   	
5.685e-10  	-0.0356    	-0.0588319 	0.448011   	-0.89209   	0.0982764  	
5.7e-10    	-0.0349    	-0.170095  	0.583836   	-0.793854  	0.113596   	
5.715e-10  	-0.0342    	-0.0183079 	0.775755   	-0.630769  	0.0958984  	
5.73e-10   	-0.0335    	0.0292645  	0.870747   	-0.49086   	0.123226   	
5.745e-10  	-0.0328    	0.0452535  	0.921301   	-0.386207  	0.149782   	
5.76e-10   	-0.0321    	-0.0199569 	0.876482   	-0.481021  	0.174351   	
5.775e-10  	-0.0314    	0.0420057  	0.870846   	-0.489757  	0.164138   	
5.79e-10   	-0.0307    	0.103405   	0.828512   	-0.550341  	0.181458   	
5.805e-10  	-0.03      	0.0691587  	0.834091   	-0.547274  	0.179576   	
5.82e-10   	-0.0293    	0.0187026  	0.713689   	-0.700213  	0.18311    	
5.835e-10  	-0.0286    	-0.230892  	0.694193   	-0.681751  	0.176097   	
5.85e-10   	-0.0279    	-0.176812  	0.79136    	-0.585224  	0.183212   	
5.865e-10  	-0.0272    	-0.189368  	0.836199   	-0.514695  	0.181587   	
5.88e-10   	-0.0265    	-0.329953  	0.771448   	-0.544059  	0.167452   	
5.895e-10  	-0.0258    	-0.140982  	0.830035   	-0.539599  	0.166887   	
5.91e-10   	-0.0251    	-0.217179  	0.873721   	-0.435253  	0.158733   	
5.925e-10  	-0.0244    	-0.337192  	0.81385    	-0.473234  	0.164554   	
5.94e-10   	-0.0237    	-0.256055  	0.774808   	-0.578021  	0.187011   	
5.955e-10  	-0.023     	-0.468215  	0.691363   	-0.550265  	0.168614   	
5.97e-10   	-0.0223    	-0.396778  	0.656447   	-0.641595  	0.134734   	
5.985e-10  	-0.0216    	-0.607724  	0.479814   	-0.632811  	0.140641   	
6e-10      	-0.0209    	-0.433584  	0.532233   	-0.72714   	0.144288   	
6.015e-10  	-0.0202    	-0.315921  	0.648783   	-0.692296  	0.137476   	
6.03e-10   	-0.0195    	-0.435707  	0.612794   	-0.659274  	0.171896   	
6.045e-10  	-0.0188    	-0.32954   	0.435302   	-0.837804  	0.176663   	
6.06e-10   	-0.0181    	-0.259855  	0.546521   	-0.796109  	0.1579     	
6.075e-10  	-0.0174    	-0.402494  	0.405197   	-0.820862  	0.15821    	
6.09e-10   	-0.0167    	-0.519169  	0.347196   	-0.780973  	0.157941   	
6.105e-10  	-0.016     	-0.31988   	0.508368   	-0.799524  	0.148157   	
6.12e-10   	-0.0153    	-0.363614  	0.703568   	-0.610554  	0.152909   	
6.135e-10  	-0.0146    	-0.435872  	0.720289   	-0.539628  	0.140606   	
6.15e-10   	-0.0139    	-0.606171  	0.602501   	-0.519181  	0.142911   	
6.165e-10  	-0.0132    	-0.731855  	0.530355   	-0.427916  	0.122461   	
6.18e-10   	-0.0125    	-0.840834  	0.416268   	-0.346005  	0.133261   	
6.195e-10  	-0.0118    	-0.715697  	0.550715   	-0.429524  	0.145648   	
6.21e-10   	-0.0111    	-0.710681  	0.4484     	-0.542098  	0.159327   	
6.225e-10  	-0.0104    	-0.682016  	0.567817   	-0.460911  	0.170002   	
6.24e-10   	-0.0097    	-0.71522   	0.425212   	-0.554666  	0.165206   	
6.255e-10  	-0.009     	-0.695021  	0.332262   	-0.637611  	0.145625   	
6.27e-10   	-0.0083    	-0.480041  	0.512308   	-0.71211   	0.151241   	
6.285e-10  	-0.0076    	-0.59818   	0.581582   	-0.55131   	0.167166   	
6.3e-10    	-0.0069    	-0.42709   	0.63029    	-0.648327  	0.156396   	
6.315e-10  	-0.0062    	-0.263571  	0.663193   	-0.700504  	0.146785   	
6.33e-10   	-0.0055    	-0.286757  	0.670378   	-0.684372  	0.14457    	
6.345e-10  	-0.0048    	-0.323531  	0.516811   	-0.792612  	0.127418   	
6.36e-10   	-0.0041    	-0.265821  	0.491658   	-0.829224  	0.123583   	
6.375e-10  	-0.0034    	-0.0162598 	0.35723    	-0.933875  	0.149365   	
6.39e-10   	-0.0027    	-0.164252  	0.380794   	-0.909955  	0.149048   	
6.405e-10  	-0.002     	-0.162919  	0.417139   	-0.894121  	0.167145   	
6.42e-10   	-0.0013    	0.0632404  	0.396624   	-0.9158    	0.146715   	
6.435e-10  	-0.0006    	0.140539   	0.393721   	-0.908423  	0.172397   	
6.45e-10   	0.0001     	0.0492454  	0.309465   	-0.949635  	0.157874   	
6.465e-10  	0.0008     	0.0971775  	0.244316   	-0.964814  	0.160555   	
6.48e-10   	0.0015     	0.0944532  	0.320046   	-0.942682  	0.165391   	
6.495e-10  	0.0022     	0.146992   	0.451549   	-0.880055  	0.174771   	
6.51e-10   	0.0029     	0.100951   	0.374925   	-0.921542  	0.18973    	
6.525e-10  	0.0036     	0.110797   	0.527955   	-0.842014  	0.163762   	
6.54e-10   	0.0043     	0.243835   	0.412725   	-0.877612  	0.156253   	
6.555e-10  	0.005      	0.282129   	0.470698   	-0.83597   	0.162556   	
6.57e-10   	0.0057     	0.331359   	0.472519   	-0.816656  	0.156526   	
6.585e-10  	0.0064     	0.447953   	0.512598   	-0.732517  	0.15058    	
6.6e-10    	0.0071     	0.250133   	0.556705   	-0.792158  	0.157615   	
6.615e-10  	0.0078     	0.162266   	0.335554   	-0.92794   	0.131387   	
6.63e-10   	0.0085     	0.147284   	0.444727   	-0.883474  	0.123565   	
6.645e-10  	0.0092     	0.320397   	0.540855   	-0.777703  	0.106032   	
6.66e-10   	0.0099     	0.274063   	0.352874   	-0.894633  	0.105651   	
6.675e-10  	0.0106     	0.395884   	0.142904   	-0.907113  	0.0985927  	
6.69e-10   	0.0113     	0.363496   	0.107955   	-0.92532   	0.0810348  	
6.705e-10  	0.012      	-0.1319    	-0.0289317 	-0.990841  	0.086995   	
6.72e-10   	0.0127     	-0.222788  	-0.530454  	-0.817915  	0.0730361  	
6.735e-10  	0.0134     	0.0125148  	-0.580917  	-0.813866  	0.0619133  	
6.75e-10   	0.0141     	-0.456321  	-0.698923  	-0.550707  	0.0768844  	
6.765e-10  	0.0148     	-0.323127  	-0.738878  	-0.59131   	0.117397   	
6.78e-10   	0.0155     	-0.348071  	-0.829132  	-0.437477  	0.102629   	
6.795e-10  	0.0162     	-0.156619  	-0.980124  	-0.121766  	0.0982346  	
6.81e-10   	0.0169     	-0.0158852 	-0.986894  	-0.160589  	0.112954   	
6.825e-10  	0.0176     	-0.0668815 	-0.977813  	-0.198518  	0.119852   	
6.84e-10   	0.0183     	-0.0984893 	-0.981754  	-0.162664  	0.136518   	
6.855e-10  	0.019      	0.0344195  	-0.98737   	0.154648   	0.142515   	
6.87e-10   	0.0197     	0.046135   	-0.994291  	-0.0962168 	0.141399   	
6.885e-10  	0.0204     	0.0698568  	-0.995181  	-0.0688087 	0.112434   	
6.9e-10    	0.0211     	0.234081   	-0.941098  	-0.24401   	0.104945   	
6.915e-10  	0.0218     	0.0478758  	-0.986909  	-0.15401   	0.127869   	
6.93e-10   	0.0225     	0.162362   	-0.981333  	-0.103071  	0.147191   	
6.945e-10  	0.0232     	0.154062   	-0.986814  	0.0496317  	0.163143   	
6.96e-10   	0.0239     	0.091447   	-0.992814  	0.0771839  	0.142747   	
6.975e-10  	0.0246     	0.180588   	-0.967591  	0.176509   	0.150901   	
6.99e-10   	0.0253     	0.354288   	-0.933568  	0.0541368  	0.145896   	
7.005e-10  	0.026      	0.413265   	-0.860258  	0.298612   	0.159393   	
7.02e-10   	0.0267     	0.400063   	-0.825966  	0.397152   	0.161266   	
7.035e-10  	0.0274     	0.454831   	-0.766648  	0.453189   	0.161684   	
7.05e-10   	0.0281     	0.364468   	-0.628877  	0.686788   	0.172567   	
7.065e-10  	0.0288     	0.371268   	-0.578042  	0.726654   	0.166512   	
7.08e-10   	0.0295     	0.335308   	-0.530882  	0.778288   	0.144348   	
7.095e-10  	0.0302     	0.270688   	-0.72156   	0.637243   	0.154147   	
7.11e-10   	0.0309     	0.330619   	-0.703334  	0.629295   	0.158675   	
7.125e-10  	0.0316     	0.361176   	-0.733421  	0.575886   	0.152288   	
7.14e-10   	0.0323     	0.287583   	-0.613024  	0.735865   	0.146551   	
7.155e-10  	0.033      	0.311391   	-0.556281  	0.770446   	0.145892   	
7.17e-10   	0.0337     	0.473656   	-0.614899  	0.630515   	0.12568    	
7.185e-10  	0.0344     	0.723955   	-0.571684  	0.38609    	0.150675   	
7.2e-10    	0.0351     	0.941965   	-0.287397  	0.173507   	0.169059   	
7.215e-10  	0.0358     	0.966101   	-0.157375  	0.204651   	0.140634   	
7.23e-10   	0.0365     	0.949125   	-0.164149  	0.26873    	0.150272   	
7.245e-10  	0.0372     	0.996977   	0.0432777  	0.0645344  	0.177835   	
7.26e-10   	0.0379     	0.992792   	0.0565629  	-0.105663  	0.155135   	
7.275e-10  	0.0386     	0.990204   	0.0730696  	-0.118979  	0.142146   	
7.29e-10   	0.0393     	0.998425   	0.0439896  	0.0348222  	0.125544   	
7.305e-10  	0.04       	0.999193   	0.0386464  	0.0109513  	0.133082   	
7.32e-10   	0.0407     	0.945352   	0.0802949  	0.31601    	0.143802   	
7.335e-10  	0.0414     	0.940765   	0.128922   	0.313593   	0.146192   	
7.35e-10   	0.0421     	0.96126    	-0.0700667 	0.266589   	0.131537   	
7.365e-10  	0.0428     	0.98141    	-0.0920645 	0.1684     	0.120741   	
7.38e-10   	0.0435     	0.990383   	-0.0955563 	0.100056   	0.0953716  	
7.395e-10  	0.0442     	0.978833   	-0.116814  	0.16805    	0.0939734  	
7.41e-10   	0.0449     	0.980462   	0.0243916  	0.195191   	0.0909295  	
7.425e-10  	0.0456     	0.833893   	0.113526   	0.540124   	0.0846478  	
7.44e-10   	0.0463     	0.70879    	0.102035   	0.698001   	0.115323   	
7.455e-10  	0.047      	0.479802   	0.190693   	0.856403   	0.116965   	
7.47e-10   	0.0477     	0.511815   	0.0623482  	0.85683    	0.121834   	
7.485e-10  	0.0484     	0.457485   	0.0559043  	0.887458   	0.148237   	
7.5e-10    	0.0491     	0.493905   	-0.043886  	0.868408   	0.156915   	
7.515e-10  	0.0498     	0.302627   	-0.165794  	0.938578   	0.156543   	
7.53e-10   	0.0505     	0.346849   	-0.469912  	0.811713   	0.155876   	
7.545e-10  	0.0512     	0.436693   	-0.411145  	0.800162   	0.150844   	
7.56e-10   	0.0519     	0.375446   	-0.355915  	0.855783   	0.155063   	
7.575e-10  	0.0526     	0.403635   	-0.334352  	0.851638   	0.174872   	
7.59e-10   	0.0533     	0.379336   	-0.359109  	0.852728   	0.182851   	
7.605e-10  	0.054      	0.547024   	-0.316805  	0.774854   	0.161199   	
7.62e-10   	0.0547     	0.465986   	-0.432461  	0.771903   	0.189052   	
7.635e-10  	0.0554     	0.519449   	-0.450454  	0.726129   	0.181039   	
7.65e-10   	0.0561     	0.404769   	-0.403838  	0.820412   	0.171189   	
7.665e-10  	0.0568     	0.349109   	-0.497152  	0.794332   	0.155868   	
7.68e-10   	0.0575     	0.417755   	-0.345827  	0.840169   	0.154548   	
7.695e-10  	0.0582     	0.363022   	-0.276036  	0.889955   	0.141364   	
7.71e-10   	0.0589     	0.363817   	-0.341865  	0.866467   	0.127006   	
7.725e-10  	0.0596     	0.380102   	-0.445416  	0.810634   	0.122227   	
7.74e-10   	0.0603     	0.539686   	-0.566261  	0.622967   	0.125599   	
7.755e-10  	0.061      	0.528244   	-0.388233  	0.755138   	0.106235   	
7.77e-10   	0.0617     	0.460059   	-0.530022  	0.712336   	0.112124   	
7.785e-10  	0.0624     	0.514916   	-0.421969  	0.746193   	0.144322   	
7.8e-10    	0.0631     	0.418702   	-0.491685  	0.763501   	0.150515   	
7.815e-10  	0.0638     	0.490582   	-0.455671  	0.74276    	0.129203   	
7.83e-10   	0.0645     	0.570419   	-0.386071  	0.724963   	0.123751   	
7.845e-10  	0.0652     	0.589308   	-0.336451  	0.734519   	0.135025   	
7.86e-10   	0.0659     	0.687537   	-0.111953  	0.717468   	0.162368   	
7.875e-10  	0.0666     	0.719133   	-0.0121239 	0.694767   	0.179841   	
7.89e-10   	0.0673     	0.744742   	0.126775   	0.655201   	0.175167   	
7.905e-10  	0.068      	0.711181   	-0.00641262	0.702979   	0.176704   	
7.92e-10   	0.0687     	0.745837   	-0.0441972 	0.66466    	0.175832   	
7.935e-10  	0.0694     	0.724494   	0.0327813  	0.688501   	0.170626   	
7.95e-10   	0.0701     	0.724682   	0.0500475  	0.687264   	0.162887   	
7.965e-10  	0.0708     	0.652989   	0.0766395  	0.75348    	0.17026    	
7.98e-10   	0.0715     	0.594379   	-0.0143734 	0.804056   	0.160369   	
7.995e-10  	0.0722     	0.6638     	0.0773895  	0.743896   	0.19293    	
8.01e-10   	0.0729     	0.678433   	0.0553235  	0.732576   	0.201181   	
8.025e-10  	0.0736     	0.548666   	0.0308153  	0.835474   	0.173646   	
8.04e-10   	0.0743     	0.637991   	-0.0271275 	0.769566   	0.193838   	
8.055e-10  	0.075      	0.67993    	-0.034154  	0.732481   	0.204103   	
8.07e-10   	0.0757     	0.740939   	0.0526534  	0.669505   	0.20296    	
8.085e-10  	0.0764     	0.601455   	-0.0170452 	0.798725   	0.189072   	
8.1e-10    	0.0771     	0.57923    	0.0190131  	0.814942   	0.182289   	
8.115e-10  	0.0778     	0.631025   	-0.0511696 	0.774073   	0.177795   	
8.13e-10   	0.0785     	0.529858   	-0.114866  	0.840272   	0.176599   	
8.145e-10  	0.0792     	0.502876   	-0.0835948 	0.860307   	0.172593   	
8.16e-10   	0.0799     	0.514664   	-0.0997303 	0.851572   	0.168199   	
8.175e-10  	0.0806     	0.412413   	-0.0212889 	0.910748   	0.138495   	
8.19e-10   	0.0813     	0.32307    	-0.0264048 	0.946007   	0.137132   	
8.205e-10  	0.082      	0.185469   	0.00380814 	0.982643   	0.133824   	
8.22e-10   	0.0827     	0.0823712  	0.00369305 	0.996595   	0.119102   	
8.235e-10  	0.0834     	-0.0905773 	0.0937643  	0.991466   	0.137049   	
8.25e-10   	0.0841     	-0.0112728 	0.387766   	0.921689   	0.146702   	
8.265e-10  	0.0848     	-0.0743207 	0.354252   	0.932192   	0.174212   	
8.28e-10   	0.0855     	-0.13132   	0.331178   	0.934386   	0.175664   	
8.295e-10  	0.0862     	-0.13121   	0.267694   	0.954528   	0.180688   	
8.31e-10   	0.0869     	-0.164177  	0.168493   	0.971934   	0.172853   	
8.325e-10  	0.0876     	-0.245021  	0.0341973  	0.968914   	0.186356   	
8.34e-10   	0.0883     	-0.163962  	0.0442712  	0.985473   	0.208344   	
8.355e-10  	0.089      	-0.0501937 	0.00750374 	0.998711   	0.216029   	
8.37e-10   	0.0897     	-0.117016  	-0.0600984 	0.99131    	0.179395   	
8.385e-10  	0.0904     	-0.00614415	0.0138278  	0.999886   	0.171464   	
8.4e-10    	0.0911     	-0.0676605 	0.0366083  	0.997037   	0.175445   	
8.415e-10  	0.0918     	-0.044614  	0.0616616  	0.9971     	0.181914   	
8.43e-10   	0.0925     	0.0504605  	0.16325    	0.985293   	0.168002   	
8.445e-10  	0.0932     	-0.0957664 	0.33602    	0.936974   	0.171674   	
8.46e-10   	0.0939     	-0.0474099 	0.236049   	0.970584   	0.160535   	
8.475e-10  	0.0946     	0.102495   	0.0312255  	0.994243   	0.157802   	
8.49e-10   	0.0953     	0.148916   	0.00583109 	0.988833   	0.157994   	
8.505e-10  	0.096      	0.0642161  	0.0375825  	0.997228   	0.159685   	
8.52e-10   	0.0967     	-0.0200381 	-0.22494   	0.974167   	0.16865    	
8.535e-10  	0.0974     	-0.0017737 	-0.29954   	0.954082   	0.176124   	
8.55e-10   	0.0981     	-0.0761453 	-0.314158  	0.946312   	0.184872   	
8.565e-10  	0.0988     	-0.0490257 	-0.302254  	0.951966   	0.174548   	
8.58e-10   	0.0995     	-0.0562786 	-0.368025  	0.928111   	0.172126   	
