1224
0.832465	-0.171356	0.526914
-0.696625	0.0429436	0.716149
-0.598132	-0.65077	0.467693
0.263158	-0.756562	0.598634
0.329988	-0.287932	0.899001
0.430015	0.124001	0.894266
0.245355	-0.406319	0.880174
0.390141	0.636582	0.665247
0.0548688	0.632438	0.772665
0.186877	-0.39128	0.901098
0.231783	-0.378676	0.896036
-0.115291	0.127605	0.985101
-0.506067	-0.581122	0.637333
0.372147	-0.33233	0.866639
-0.10412	0.219917	0.969946
0.418456	0.194828	0.887095
-0.353227	-0.284808	0.891132
-0.381201	0.110864	0.917821
-0.168985	-0.401148	0.900291
-0.283163	0.291176	0.913803
-0.616168	0.244667	0.748649
0.648509	-0.277771	0.708717
0.629659	-0.23385	0.74084
0.105553	0.245828	0.963549
0.785334	-0.270391	0.556902
0.0721738	-0.92633	0.369735
-0.453548	0.194651	0.869716
-0.390933	-0.0702874	0.917732
0.279388	-0.0678394	0.957779
-0.760216	-0.370692	0.533535
-0.276924	0.60191	0.749011
0.801407	-0.0686949	0.594161
-0.212776	-0.283306	0.935128
0.5311	0.268809	0.803539
0.100271	0.497688	0.861541
-0.261315	-0.216749	0.940603
0.641233	0.215332	0.736513
-0.709423	-0.100636	0.697561
0.586125	0.125707	0.800409
0.175938	0.515805	0.838446
-0.819313	-0.275794	0.502656
-0.21867	-0.948503	0.229184
-0.534842	-0.645545	0.545175
-0.131886	0.535455	0.834203
-0.646122	0.391677	0.65507
0.95497	0.146654	0.257925
-0.520256	-0.584595	0.622561
0.134941	-0.43146	0.891983
0.712292	-0.279642	0.643771
-0.263743	0.689578	0.674479
-0.818456	-0.527354	0.228094
0.550592	0.217337	0.805986
0.862093	0.408787	0.299481
0.169583	0.555681	0.813917
0.446423	0.828371	-0.338391
0.635462	-0.180335	0.750777
-0.406326	0.343621	0.846654
-0.943541	0.0813942	0.321099
0.275234	0.609778	0.743247
0.77061	0.514273	0.376409
0.715948	-0.00638113	0.698124
0.518468	0.80142	0.29819
0.0911693	-0.673198	0.733821
0.129306	-0.182874	0.974596
-0.0956541	0.904348	0.415938
0.406173	0.23975	0.881784
-0.551621	-0.240059	0.798803
0.345748	0.375099	0.860092
-0.379688	0.720123	0.580741
-0.26036	-0.130532	0.956647
0.543737	-0.660484	0.517795
-0.315169	0.706643	0.633501
-0.0820979	-0.417631	0.9049
0.111104	-0.203552	0.97274
0.813902	0.0956544	0.573074
0.50174	-0.223069	0.835762
-0.00493594	0.0666633	0.997763
-0.0321194	-0.288833	0.95684
-0.251944	-0.748691	0.613177
0.387703	-0.513261	0.765669
-0.482923	-0.0161348	0.875514
0.397672	0.902531	0.16521
0.265306	0.265744	0.926819
0.000623783	-0.556601	0.83078
0.678034	-0.183193	0.711836
0.340997	0.268051	0.901038
-0.594231	-0.261456	0.760612
0.0174897	0.498717	0.866588
0.635925	0.220212	0.739666
0.730964	-0.576849	-0.364606
-0.0870685	0.522454	0.848211
0.813982	-0.578513	0.0524964
0.47541	0.786446	0.394319
-0.419678	-0.334766	0.843684
-0.490765	0.826987	0.274303
-0.286964	0.00468716	0.95793
-0.884292	-0.0793617	0.460141
-0.457439	-0.0357644	0.888521
0.222476	-0.429216	0.875373
-0.428456	0.626231	0.651352
0.0209599	-0.921157	0.388627
0.134717	-0.198265	0.970846
0.345631	0.18994	0.918946
0.180787	-0.245766	0.952321
-0.688426	-0.147066	0.71024
-0.151425	-0.314094	0.937238
-0.654475	0.0656614	0.753227
-0.00832153	-0.559226	0.828974
-0.319569	-0.254724	0.912684
-0.405383	0.557696	0.72432
-0.604086	-0.470948	0.642875
0.053673	-0.720397	0.691482
0.625803	0.754023	0.199549
0.466689	-0.861448	-0.200272
0.696198	-0.528223	0.486095
0.601857	0.145946	0.785155
0.871999	0.0654509	0.485113
0.875808	-0.0311015	0.481657
0.564766	0.0294184	0.824726
0.921859	-0.174929	0.345797
-0.122347	-0.66496	0.73679
0.739149	0.603593	0.298887
0.00726219	0.0258695	0.999639
-0.230183	0.700057	0.675971
0.139892	0.339118	0.930285
0.463968	0.147757	0.873443
-0.149188	0.254878	0.955395
-0.743162	0.177244	0.645209
0.395274	-0.00193156	0.918561
0.957212	0.275662	0.0880674
-0.384752	0.507561	0.77094
-0.215587	-0.0178536	0.976321
0.770256	-0.412336	0.486502
0.647064	-0.229011	0.727229
-0.423254	0.0907903	0.901451
0.664694	-0.374219	0.646639
-0.34031	-0.417277	0.842656
-0.494591	0.829011	0.260999
0.225297	0.447077	0.865658
0.160449	0.131368	0.978263
0.629785	0.375855	0.679782
-0.201657	-0.465156	0.861954
0.646098	-0.686181	0.334234
-0.0755015	0.487407	0.869905
0.531449	-0.0624752	0.844783
0.882957	0.392773	0.257131
-0.538606	-0.69823	0.471571
0.179957	0.495379	0.849832
0.0566459	-0.476721	0.877228
-0.197257	-0.0185182	0.980177
-0.280525	0.549277	0.787147
-0.087354	-0.126775	0.988078
0.621908	-0.351576	0.699732
0.13981	-0.904254	0.403457
0.0103108	0.430075	0.902734
-0.509045	-0.847568	0.150007
0.205262	0.0515624	0.977348
0.560037	0.424938	0.711186
-0.4461	-0.839391	0.310512
-0.182192	-0.135993	0.973813
-0.713819	0.272599	0.645099
0.123385	0.611891	0.781259
0.292797	-0.0716808	0.953484
0.568271	-0.323587	0.756545
-0.0487609	0.163985	0.985257
-0.832265	0.32343	0.450253
-0.554238	-0.327826	0.765082
-0.307717	0.291293	0.905792
-0.320715	0.254568	0.912325
-0.402556	0.394674	0.825943
-0.312814	-0.42648	0.848683
-0.36575	-0.302159	0.880299
-0.379936	0.19025	0.905237
0.80683	-0.132465	0.575741
0.0812618	-0.315327	0.945498
-0.323828	0.0721917	0.943358
-0.443963	0.62539	0.641704
0.0688396	-0.0612093	0.995748
0.586296	-0.0455202	0.808817
0.449742	0.628477	0.634625
0.0728249	0.145613	0.986658
-0.533718	0.096961	0.840086
0.307861	0.00035076	0.951431
0.0737595	0.215453	0.973725
0.311044	-0.351977	0.882816
-0.355774	0.653226	0.668371
-0.571548	0.800113	0.182077
-0.626592	-0.371624	0.685039
0.175413	0.253632	0.951263
0.139961	-0.105911	0.984476
0.32095	-0.147219	0.935584
0.0338731	-0.992729	0.115504
-0.550565	0.0313016	0.834205
0.231138	0.199631	0.95222
0.19202	-0.355197	0.914857
-0.0858111	0.519829	0.84995
-0.151139	-0.874093	0.461648
0.0155283	0.718929	0.69491
-0.00224992	-0.25493	0.966957
-0.159068	-0.304373	0.939178
0.309213	0.140737	0.940521
0.442401	-0.230854	0.866596
0.351414	0.0187126	0.936033
0.191232	-0.914353	0.356915
-0.156789	0.198592	0.96746
-0.0319194	0.0797491	0.996304
0.902253	0.38873	0.186625
-0.327032	0.0463344	0.943877
0.256636	-0.347243	0.901976
0.357458	-0.457235	0.814346
0.595477	-0.301813	0.744524
-0.00396086	0.15654	0.987664
0.501203	0.665718	0.552825
0.52798	0.0471976	0.847944
0.852569	0.189177	0.487174
-0.608388	-0.411473	0.678642
0.508392	-0.765158	0.395057
-0.0865132	-0.206844	0.974541
0.342487	0.00931645	0.939476
0.0196355	0.0653325	0.99767
-0.466351	0.234536	0.852942
0.544188	-0.523489	0.655606
-0.204807	-0.141458	0.968527
0.200713	-0.220172	0.954588
0.286795	0.633016	0.719055
0.362623	-0.388932	0.846898
0.292731	0.126814	0.947748
0.459971	0.819845	0.340998
0.574067	-0.629776	0.523288
-0.480303	-0.0127913	0.877009
-0.00146842	-0.757524	0.652806
0.22257	0.157476	0.962114
0.131002	-0.438421	0.889171
0.136805	0.109103	0.984572
0.170695	-0.235701	0.956718
-0.372663	0.0626161	0.925852
0.0626494	-0.605929	0.793048
-0.583534	-0.371547	0.722109
-0.0691817	-0.2042	0.976481
0.271684	-0.376343	0.88575
-0.202542	-0.575637	0.792224
0.100912	-0.669249	0.736154
0.218104	0.131785	0.966987
0.374113	-0.180025	0.909742
-0.0441235	-0.825331	0.562923
0.301265	0.0678074	0.951126
0.340358	0.275075	0.899161
0.611179	-0.428526	0.665451
-0.127278	0.360166	0.924165
-0.33936	0.624492	0.703452
0.00312257	0.153755	0.988104
0.347896	-0.0638883	0.935354
-0.338309	-0.221167	0.914676
-0.121448	-0.353626	0.927469
0.819117	0.178182	0.545251
-0.327316	0.0700109	0.942318
-0.16892	0.122349	0.978007
-0.237414	0.132693	0.962303
-0.138146	-0.639944	0.755902
0.115303	0.278529	0.953481
-0.376783	-0.365606	0.851097
0.781093	-0.151682	0.605711
-0.0518183	-0.725467	0.686304
0.186692	-0.0126795	0.982337
0.630668	-0.46785	0.619172
-0.00168292	0.546507	0.837453
0.247102	-0.109185	0.962818
0.207227	-0.182001	0.961214
0.814803	0.22865	0.532743
0.253971	0.0135603	0.967117
-0.284601	0.314476	0.905597
0.136873	-0.082248	0.987168
0.632605	0.402566	0.661628
0.746172	0.19677	0.63601
0.791836	-0.0397957	0.609436
0.0566936	0.456095	0.888123
0.242322	-0.550016	0.799226
0.341	-0.237217	0.909641
0.295057	0.361583	0.88442
-0.169985	-0.0896354	0.981362
0.466255	0.50039	0.729532
-0.229723	-0.357303	0.905297
-0.618352	0.137351	0.773806
0.360335	0.0739204	0.929889
0.20759	-0.254512	0.944526
0.83506	-0.0478364	0.548075
0.0928496	0.195944	0.976209
0.0386499	0.41373	0.909579
-0.747932	0.450756	0.487254
-0.235397	-0.259003	0.936753
-0.674086	0.0216784	0.738335
-0.415417	-0.34478	0.841757
-0.711478	-0.216768	0.668438
0.272362	-0.035561	0.961537
-0.0387561	0.396052	0.91741
-0.0108889	-0.290992	0.956663
-0.348672	0.39986	0.847667
-0.422899	0.0671926	0.903682
0.0349945	-0.233112	0.97182
-0.596919	-0.147987	0.788535
-0.0879078	0.649779	0.755023
0.196472	-0.00444744	0.980499
0.25562	0.822648	0.507847
-0.108576	-0.0408756	0.993247
-0.362641	0.430841	0.826358
-0.425087	-0.212411	0.879877
0.157932	-0.191925	0.968619
0.635417	0.0602579	0.769815
0.739072	-0.087845	0.667874
-0.461432	0.257566	0.848964
0.609184	-0.131779	0.782003
0.280231	-0.426344	0.860059
-0.220868	-0.349	0.910723
0.527109	-0.137156	0.838656
0.0990792	-0.858337	0.503429
-0.18591	0.736871	0.649969
-0.397881	-0.330605	0.855799
0.0819142	-0.714964	0.694347
-0.320084	-0.000853207	0.947389
0.260709	-0.846429	0.464315
0.103078	-0.353861	0.929601
0.224888	-0.450394	0.864043
0.288272	0.360114	0.887253
-0.43141	0.771562	0.467522
-0.207832	-0.154748	0.965846
-0.144741	0.259611	0.954805
0.812902	-0.35751	0.459757
-0.965667	-0.14701	0.214185
-0.979811	-0.0437684	0.195077
-0.686176	-0.361009	0.631534
-0.0523499	-0.875101	0.481101
0.199035	-0.83127	0.519013
0.339573	-0.478208	0.809943
0.0886397	-0.58214	0.808242
0.033298	-0.764108	0.644229
0.158766	-0.150262	0.975815
0.341252	-0.525687	0.779231
0.270709	-0.106541	0.956747
-0.0620724	-0.344434	0.936756
-0.251248	-0.00107235	0.967922
-0.454388	0.0375668	0.890012
-0.0695738	-0.349737	0.934261
-0.33392	0.232531	0.91347
0.0705804	-0.0789815	0.994374
-0.475553	0.0299497	0.879177
0.470295	-0.172011	0.865583
0.0578379	0.174856	0.982894
-0.0481653	-0.704173	0.708393
0.202134	-0.767701	0.608092
-0.369972	0.0683915	0.926522
0.0995785	0.708357	0.698795
0.0988735	-0.0190507	0.994918
0.571935	-0.68119	0.457024
-0.540099	-0.233766	0.808484
-0.159247	-0.791558	0.58998
0.624359	-0.126242	0.770869
0.383321	-0.439579	0.812303
-0.182754	-0.353335	0.917472
-0.698214	-0.343153	0.628286
0.425032	-0.386547	0.818492
-0.210569	0.746584	0.631089
0.169755	-0.839503	0.516156
0.0740356	-0.466157	0.881599
-0.6145	0.167194	0.770997
0.976489	0.0519098	0.209224
-0.420257	-0.699673	0.57779
0.382811	-0.225725	0.895826
-0.432183	0.319002	0.843478
0.340841	-0.223844	0.913084
-0.311908	-0.230757	0.921664
0.289642	0.131213	0.948098
-0.314756	-0.260377	0.912761
-0.503526	-0.768574	0.39466
-0.470778	-0.613156	0.634355
0.287638	0.665156	0.68908
0.309721	0.107352	0.944748
-0.431431	-0.311365	0.846711
-0.415572	-0.456695	0.786594
-0.631109	0.100893	0.769105
-0.0747418	-0.298905	0.951351
-0.1784	0.328618	0.927461
0.23961	-0.260709	0.93521
0.27127	-0.558521	0.783879
-0.0526723	-0.790114	0.610693
0.415389	-0.747397	0.518507
-0.328941	-0.352625	0.876044
0.230953	0.20403	0.951332
-0.959303	0.203356	0.195917
-0.11278	-0.361798	0.925409
0.133137	-0.344508	0.929295
-0.245486	0.0277433	0.969003
0.794589	0.44152	0.41676
0.257233	-0.770928	0.582668
0.20273	0.111257	0.972894
-0.840335	-0.462273	0.283092
0.13877	0.119531	0.983085
-0.0387662	-0.0544268	0.997765
-0.295667	-0.494315	0.817456
-0.60429	0.363684	0.70892
-0.418397	-0.156871	0.894615
0.0640666	-0.40767	0.910879
-0.0432972	-0.114665	0.99246
0.43167	0.355091	0.829199
0.142294	-0.366084	0.919638
0.152106	-0.37275	0.91538
-0.72541	0.253696	0.639858
0.0861919	0.305066	0.948423
0.014691	-0.320901	0.946999
0.220169	-0.372081	0.90171
0.145244	0.376765	0.914851
-0.320969	0.677345	0.661954
-0.151487	0.19771	0.968485
0.24179	-0.0339259	0.969735
0.447819	0.203573	0.870641
0.282294	-0.0677632	0.956932
0.328346	-0.882199	0.337511
-0.565518	-0.665316	0.487384
0.270365	-0.458878	0.846365
-0.152281	-0.882881	0.44422
-0.335938	-0.402603	0.851502
-0.391261	0.00582469	0.920261
0.0366063	-0.83638	0.546927
0.233711	-0.448305	0.862787
-0.378696	-0.865029	0.329112
0.177473	-0.147203	0.973054
0.380988	-0.433218	0.816805
0.00943456	0.110207	0.993864
-0.533146	0.120693	0.83737
0.700047	0.51496	0.494723
0.381403	-0.257618	0.887786
-0.198383	-0.459008	0.866
-0.255174	0.208368	0.944176
0.488108	-0.34164	0.803139
-0.162978	0.732194	0.661309
-0.0467159	-0.0034717	0.998902
0.564196	-0.638287	0.523711
0.0120146	-0.686751	0.726793
0.138394	0.507566	0.850425
-0.0597912	0.0642939	0.996138
0.433404	0.337271	0.835709
-0.207827	0.693637	0.689693
0.336482	-0.458778	0.822376
0.550404	-0.118704	0.826417
0.9114	-0.139681	0.387092
-0.457798	0.110678	0.88214
0.721464	0.00475807	0.692436
-0.312277	-0.682686	0.660623
-0.144722	0.744706	0.651513
-0.159072	-0.187682	0.969264
0.448507	-0.64463	0.619107
-0.181918	-0.485299	0.855214
-0.57636	0.240098	0.781129
0.739958	-0.429282	0.517861
0.408233	-0.092957	0.908133
0.604901	-0.407701	0.684014
-0.216268	-0.641516	0.735993
0.259026	-0.293571	0.920175
-0.0825687	-0.230315	0.969607
0.724885	0.428274	0.539558
0.272572	-0.174116	0.94625
0.309495	-0.225243	0.923839
0.0661146	-0.123324	0.990162
-0.313321	0.107944	0.943493
0.137409	0.485774	0.863217
0.467289	0.0460257	0.882906
0.286567	0.0929264	0.953543
0.169545	0.530707	0.830424
-0.127156	0.347004	0.929204
-0.0970348	-0.673425	0.73286
0.39216	-0.429475	0.813488
-0.487504	-0.567209	0.663788
0.493758	-0.290692	0.819574
0.280244	-0.602779	0.747074
0.803962	-0.207823	0.557185
0.481378	-0.832125	0.275396
0.223643	-0.48022	0.848158
0.168105	-0.429894	0.887092
0.471307	0.117139	0.874156
0.557695	0.223176	0.79948
0.073585	-0.236257	0.9689
0.239559	-0.166613	0.956479
0.260649	-0.834843	0.484871
0.0281717	-0.556734	0.830213
0.463259	-0.236583	0.854061
0.293795	0.0175305	0.955708
0.612773	0.0381802	0.789336
0.0618579	-0.437239	0.897215
0.206163	-0.387387	0.89857
-0.375441	0.25783	0.890263
0.583657	-0.055639	0.810092
0.290501	-0.271417	0.917574
-0.0572283	-0.242278	0.968518
-0.0156439	-0.553587	0.832644
0.319326	-0.00112101	0.947644
0.365204	-0.403135	0.839111
0.341388	0.0517881	0.938495
0.545793	-0.324419	0.772569
0.432437	0.05196	0.900166
0.173737	-0.721241	0.670542
-0.0816884	-0.130151	0.988123
-0.494856	0.400488	0.771185
0.0877037	-0.374035	0.923258
0.0273273	0.467044	0.883812
-0.686432	0.0616713	0.724574
0.359473	-0.758648	0.543353
0.504191	-0.363533	0.783349
-0.192456	-0.701738	0.685948
0.113181	0.125357	0.985635
-0.734133	-0.264256	0.625474
-0.00920097	0.129961	0.991476
-0.143229	0.21716	0.965571
-0.0982245	-0.378147	0.92052
-0.0867697	-0.810249	0.579627
-0.331008	-0.870842	0.363412
-0.321743	0.891603	0.318631
-0.00218274	-0.133216	0.991085
0.0169544	-0.994996	0.0984683
0.50885	-0.16417	0.845056
0.78189	0.269992	0.561918
-0.61022	-0.547859	0.57226
-0.333454	-0.241784	0.911235
-0.118377	0.160424	0.979924
-0.152674	-0.509909	0.846571
0.329601	0.0177618	0.943953
-0.0278336	-0.409271	0.911988
0.198949	-0.30918	0.929961
-0.218002	0.0882596	0.971949
-0.224433	-0.372366	0.900541
0.392675	-0.760241	0.517532
-0.605229	-0.563878	0.561906
-0.380058	-0.77828	0.499836
0.204927	-0.521038	0.828567
-0.0998425	-0.398893	0.911546
0.623684	-0.622431	0.472862
-0.207761	-0.783813	0.585211
-0.751325	-0.644996	0.139607
-0.179748	0.159413	0.97071
-0.451852	-0.66166	0.598361
0.134951	0.328466	0.934825
0.535605	0.192682	0.822193
0.165644	-0.432497	0.886289
-0.699158	0.0276488	0.714433
-0.291572	-0.760204	0.580582
0.605778	-0.22222	0.763971
0.464753	-0.604845	0.646659
0.152606	-0.291249	0.944397
0.247657	-0.0242684	0.968544
-0.518404	-0.549296	0.655387
-0.452248	0.29883	0.840341
-0.275696	0.0295713	0.96079
0.199775	-0.934129	0.29579
0.222392	-0.68566	0.693117
-0.448815	-0.163595	0.878523
-0.467908	-0.405536	0.78524
0.320022	-0.928883	0.186448
0.739091	0.136614	0.659607
-0.0782171	-0.4251	0.90176
0.0777918	-0.886227	0.456673
-0.0901543	0.215535	0.972325
0.260484	-0.526745	0.809128
-0.900987	-0.0987092	0.422467
-0.277098	0.384145	0.88071
-0.319416	-0.475363	0.819758
-0.612364	-0.350178	0.708792
0.722422	-0.267127	0.637769
0.40218	-0.00948508	0.915512
-0.0493865	-0.326252	0.943992
-0.232299	-0.0296394	0.972193
-0.879406	-0.271012	0.391404
0.434113	0.013553	0.900756
-0.120642	0.0226648	0.992437
0.567708	-0.0748064	0.819824
-0.382537	0.489895	0.78337
0.3027	-0.801835	0.515203
-0.638716	-0.499514	0.585259
0.519738	-0.459927	0.719958
-0.13687	0.646478	0.750555
0.8435	0.502496	0.189752
-0.321899	0.0143613	0.946665
0.167824	0.663904	0.728743
-0.307494	0.0255388	0.951207
0.123388	-0.822877	0.554662
-0.298608	-0.847803	0.43825
0.205523	0.436134	0.876098
0.465252	-0.151887	0.87205
-0.387564	-0.369579	0.844515
0.027176	0.623059	0.781702
0.409584	-0.0919313	0.907629
0.635209	-0.233701	0.736134
0.166539	-0.63812	0.75171
0.22791	-0.00773536	0.973652
-0.270033	-0.335052	0.902675
-0.255529	-0.435081	0.863371
0.455514	0.314877	0.832682
0.318499	-0.347946	0.881755
-0.476079	-0.216504	0.852335
0.351812	-0.218384	0.91024
-0.370693	-0.747443	0.551285
-0.304243	-0.00542123	0.952579
-0.519446	0.568823	0.637665
0.0449162	-0.348424	0.93626
-0.164074	-0.539599	0.82578
0.0824891	-0.333564	0.939112
-0.229409	-0.447062	0.864585
-0.0126135	-0.0408989	0.999084
0.0453663	-0.119453	0.991803
-0.0764899	-0.0584903	0.995353
-0.528397	0.33191	0.78143
-0.922902	-0.0796576	0.376705
-0.133245	0.202274	0.970222
-0.0648504	-0.610138	0.789636
-0.486006	-0.274164	0.829839
0.0372702	0.575882	0.816683
0.238481	-0.716306	0.655768
0.0628509	0.144934	0.987443
-0.126486	0.844917	0.519727
-0.316187	-0.111315	0.942144
0.0278512	0.347675	0.937201
-0.608394	-0.0919644	0.788289
0.152087	0.647869	0.746415
0.276609	-0.0112832	0.960916
0.772076	0.156799	0.615883
0.00547487	-0.210685	0.977539
-0.197797	-0.349937	0.915653
-0.18866	-0.842654	0.504324
0.363704	-0.615705	0.699019
-0.675625	0.2961	0.675171
0.442583	-0.611685	0.655714
0.28333	0.0636928	0.956905
-0.259968	0.614039	0.745233
-0.196318	0.210276	0.957728
-0.868059	-0.261268	0.422153
0.620218	-0.145194	0.770875
-0.222788	-0.419698	0.879897
-0.700484	-0.504557	0.504722
0.226655	-0.530341	0.816925
0.0780448	-0.595623	0.799464
-0.344602	0.409006	0.844963
-0.0636718	0.118643	0.990893
-0.437699	-0.0866881	0.894933
-0.132791	-0.668163	0.732069
-0.135237	-0.35108	0.926528
-0.458147	0.144785	0.877005
0.33949	-0.20349	0.918335
-0.366177	0.594577	0.715816
-0.268974	0.147391	0.951803
-0.666679	0.139593	0.732156
0.527871	0.144674	0.836912
-0.108608	-0.212809	0.971039
0.337311	0.019517	0.941191
0.0450019	0.340111	0.939308
-0.11493	-0.571894	0.812236
-0.452152	-0.247297	0.856973
0.129168	0.200172	0.971209
0.54258	0.210515	0.813198
0.242467	0.543999	0.80329
-0.300764	0.639071	0.707905
-0.371917	0.324061	0.869863
0.83064	0.245213	0.499909
-0.171343	0.0589341	0.983447
0.373895	-0.521852	0.766729
-0.232836	-0.00498987	0.972503
0.137816	-0.454392	0.880077
0.180471	-0.429647	0.884779
-0.536157	-0.73106	0.422004
0.314146	0.746294	0.586819
0.481735	-0.127992	0.86692
-0.0204972	-0.0582713	0.99809
-0.662811	0.113311	0.740163
0.0786589	-0.962484	0.259688
-0.446595	-0.575706	0.68492
-0.396227	-0.509051	0.764114
-0.0752328	-0.514052	0.854453
0.0569461	-0.474394	0.878469
0.390077	-0.351007	0.851254
-0.453188	-0.135742	0.881019
0.823177	-0.427685	0.37345
0.699923	-0.196923	0.686534
0.674962	0.302328	0.67307
0.599464	0.598102	0.531899
-0.520258	-0.431817	0.736794
-0.380553	0.674175	0.632983
0.0882166	0.267383	0.959544
0.685458	-0.044788	0.726734
0.533943	-0.334943	0.776349
0.00162023	-0.144713	0.989472
-0.870084	-0.289526	0.398908
0.511067	-0.655398	0.556115
-0.436053	0.193297	0.878916
-0.469961	-0.187522	0.862538
0.0376088	-0.0497568	0.998053
0.178597	-0.194308	0.964545
0.351199	0.624338	0.697754
-0.183499	-0.159704	0.96996
0.10893	0.315975	0.942494
-0.455338	-0.259323	0.851715
-0.449249	-0.500294	0.74019
0.417724	-0.481692	0.770376
0.651137	-0.678456	0.340173
0.877545	-0.474927	0.0660229
0.0286203	-0.228552	0.973111
-0.212575	-0.644686	0.734297
-0.0585272	-0.327058	0.94319
-0.0381011	-0.00752814	0.999246
-0.115118	0.111011	0.987129
0.19258	0.250196	0.948849
0.565	-0.565965	0.600382
0.633529	-0.397675	0.663698
0.930949	-0.23001	0.283601
0.27072	-0.535177	0.800185
0.466152	0.227756	0.854886
0.548036	-0.541078	0.63788
0.0821391	-0.267035	0.96018
0.56587	-0.647373	0.510588
0.553268	-0.339364	0.760741
-0.308932	-0.22434	0.924247
-0.196854	0.0282273	0.980026
-0.122289	0.131025	0.983808
0.54326	-0.348882	0.763643
-0.332602	0.126967	0.934481
-0.0207471	-0.509475	0.860235
-0.332916	-0.176017	0.926383
-0.446744	0.0297775	0.894166
0.179013	0.0221538	0.983597
-0.391344	0.571278	0.72145
0.162466	-0.630823	0.758728
-0.0938016	0.511087	0.854395
-0.000678651	0.739983	0.672625
-0.136198	0.0795473	0.987483
0.837606	-0.30214	0.455112
-0.240817	-0.341012	0.908691
-0.0975052	-0.270389	0.957801
-0.0776211	-0.707664	0.702272
0.102659	0.198199	0.974771
0.209804	-0.0315499	0.977234
-0.0609563	-0.240241	0.968797
0.652592	-0.482282	0.584404
0.38191	-0.0702686	0.921524
-0.364626	-0.655267	0.661569
0.482958	-0.46199	0.743853
-0.0904773	-0.319755	0.943171
0.00165041	-0.283911	0.958849
-0.0643423	-0.052722	0.996534
0.329277	0.529699	0.781662
0.200532	-0.21485	0.955838
0.252399	0.0706787	0.965038
0.273004	0.222915	0.93583
0.193935	-0.781146	0.593464
-0.0344089	-0.966287	-0.255157
-0.0635593	-0.246518	0.967052
0.345412	-0.344836	0.872799
-0.463812	0.723987	0.510609
0.849784	0.0214324	0.526694
0.0323446	-0.70915	0.704315
0.790176	-0.359619	0.496282
-0.119697	0.232685	0.965158
0.176507	0.433388	0.883754
0.092708	-0.672793	0.733999
0.320222	-0.388366	0.864077
0.186993	-0.594413	0.782117
-0.28369	-0.324948	0.90218
-0.654142	0.524442	0.545031
0.859387	0.481657	0.171642
0.262348	-0.748285	0.609298
0.567863	-0.0925998	0.817898
-0.515424	-0.0306706	0.856386
-0.671125	-0.31045	0.673211
0.285693	0.0240319	0.95802
0.106443	0.230305	0.967279
0.529998	-0.845023	-0.0709858
0.147283	-0.602594	0.784339
-0.0933212	-0.0120543	0.995563
-0.12887	0.738604	0.661707
-0.743429	-0.388006	0.544761
0.40296	-0.340697	0.84944
-0.239168	-0.239669	0.940934
0.0315234	-0.688264	0.724775
0.0264116	-0.529193	0.84809
-0.211554	-0.873553	0.438349
-0.358484	-0.60496	0.710994
0.142417	-0.636809	0.757754
-0.526126	-0.00399189	0.850398
0.188825	0.160388	0.968825
-0.145021	0.303782	0.94164
0.754315	-0.39206	0.526591
-0.0460101	-0.912849	0.405697
0.541046	-0.634395	0.552098
-0.366423	-0.448088	0.815445
0.0474495	0.0593958	0.997106
0.29868	-0.0529721	0.952882
0.877851	0.202608	0.433968
0.217753	0.265021	0.939334
0.0403679	0.15894	0.986463
-0.211823	0.149181	0.965855
-0.223874	-0.377947	0.898352
0.253105	-0.0892086	0.963317
-0.035548	0.467739	0.883152
0.647909	0.509073	0.566621
-0.0435651	-0.00405798	0.999042
-0.248274	0.68315	0.686779
0.805907	-0.231458	0.544923
-0.25932	-0.08209	0.962296
-0.418538	-0.20302	0.885217
0.240037	0.252636	0.937314
-0.173544	0.148755	0.973527
-0.138801	-0.00541084	0.990306
0.852814	0.0327752	0.521185
0.160308	-0.776435	0.609466
0.359922	-0.561473	0.745121
0.335758	0.379926	0.86193
0.0741693	0.699935	0.710345
-0.206783	-0.578112	0.789321
-0.460584	-0.266067	0.8468
-0.0149329	-0.378836	0.925343
0.457951	-0.360664	0.812528
0.295615	-0.5488	0.78194
0.34004	-0.879142	0.333889
-0.151605	-0.199584	0.968082
-0.0200868	-0.186849	0.982183
0.0153427	-0.133446	0.990937
-0.0079861	-0.230833	0.972961
-0.121554	-0.739964	0.661573
-0.110544	-0.460747	0.880621
0.140978	-0.932142	0.333521
-0.00223991	0.105836	0.994381
0.0856775	-0.113421	0.989846
-0.0493482	0.389393	0.919749
-0.338438	-0.0732161	0.938136
0.125748	0.0685983	0.989688
0.718818	-0.258675	0.645281
0.264423	0.116373	0.95736
-0.0840459	0.130267	0.98791
-0.0387287	-0.247203	0.968189
-0.780939	-0.1033	0.616006
0.0126193	0.287533	0.957687
-0.215615	0.152148	0.964552
0.433802	0.272233	0.858898
-0.789345	0.2211	0.572757
0.457437	-0.0680788	0.886632
-0.187982	0.108472	0.976164
-0.149653	-0.25735	0.95466
-0.158183	-0.0408154	0.986566
-0.541499	-0.298228	0.786027
-0.438662	0.214704	0.872627
-0.271767	0.115632	0.955391
-0.08384	0.489628	0.867892
0.499999	0.336077	0.798156
-0.510851	-0.635769	0.578644
0.0151793	0.294138	0.955642
-0.437191	-0.191919	0.878653
-0.69628	-0.267206	0.66618
-0.0904887	0.518009	0.850575
-0.573161	-0.144042	0.806684
-0.253952	-0.655842	0.710901
0.781122	-0.440507	0.442494
-0.416095	-0.84154	0.344494
0.0595628	-0.177564	0.982305
0.372259	-0.59877	0.709153
-0.387564	0.274414	0.880052
-0.21762	0.624058	0.750462
0.523029	-0.0250134	0.851948
0.222124	-0.636157	0.738895
0.623974	-0.29233	0.724706
-0.285783	0.453441	0.844227
-0.408817	-0.092236	0.907943
0.138867	0.657989	0.740112
-0.256268	-0.18245	0.949231
-0.00842339	-0.302912	0.952981
-0.061658	0.0572074	0.996457
-0.582728	0.688057	0.432443
-0.624795	0.439707	0.645204
0.230109	0.260786	0.937572
-0.494944	0.726113	0.477274
0.207032	0.0600057	0.976492
0.629893	-0.212255	0.747116
0.892247	0.318761	0.319823
-0.688306	-0.0840299	0.720537
-0.718628	0.20032	0.665918
-0.261969	0.331877	0.906217
0.631459	-0.196239	0.750167
0.317274	0.624516	0.713664
0.247903	-0.566212	0.786097
0.8316	-0.282968	0.477881
0.00846247	0.152457	0.988274
0.627513	0.714419	0.309568
0.281937	0.132268	0.950272
0.379253	0.478301	0.792083
0.875664	0.477929	0.0692541
-0.361222	0.215516	0.907233
0.594835	0.0831058	0.79954
0.864206	0.121172	0.488329
-0.0683286	0.570379	0.818534
-0.0641	-0.849002	0.524487
0.600096	-0.208738	0.772213
0.266962	0.741259	0.615846
-0.519885	0.244627	0.81846
0.494197	0.448974	0.74444
-0.337914	0.908288	0.246631
0.407641	-0.0149544	0.91302
-0.326963	-0.772095	0.544945
0.188375	0.0886231	0.97809
-0.478124	-0.302407	0.824589
0.174368	0.218019	0.960241
0.405062	-0.577449	0.708856
0.481054	-0.07414	0.87355
-0.659257	0.384751	0.646024
-0.495559	-0.747649	0.442088
0.439656	0.308547	0.843505
-0.941284	-0.330021	-0.0712065
-0.221237	0.0656508	0.973008
-0.359243	0.078262	0.929957
0.629375	0.304445	0.714982
0.413779	0.185946	0.891185
0.495257	-0.523795	0.69308
-0.910422	-0.134298	0.391275
-0.033213	-0.703095	0.71032
-0.519075	-0.671223	0.52917
0.847953	0.057278	0.526967
0.491548	0.0144035	0.870731
-0.01101	-0.961085	0.276034
0.692878	-0.555158	0.46013
-0.648357	-0.546293	0.53028
-0.0934381	0.271081	0.958011
0.281322	0.709866	0.645715
0.410964	-0.421113	0.808562
0.253845	-0.0515709	0.965869
0.713356	-0.52344	0.465977
0.886526	-0.387885	0.252223
0.223665	-0.815701	0.533484
-0.135799	0.346753	0.928074
0.0459081	-0.798533	0.600198
-0.244968	-0.413517	0.876923
0.622837	-0.207297	0.754389
0.298065	-0.10713	0.948515
0.494184	0.392101	0.775912
0.871577	0.0614517	0.486392
-0.12119	-0.478069	0.869921
0.495321	0.209335	0.843111
0.502984	-0.283433	0.816501
-0.856737	-0.0761416	0.510102
0.108265	0.376075	0.920242
0.188233	-0.549753	0.813843
0.18615	-0.529654	0.827536
0.618523	-0.319963	0.717672
-0.713867	-0.330153	0.61757
-0.290285	0.487056	0.823718
-0.65348	0.548545	0.521596
0.0400955	-0.264544	0.96354
-0.0998254	-0.372799	0.922527
-0.411373	-0.601199	0.685078
0.109191	-0.933991	0.340204
-0.616418	-0.714112	0.331774
-0.372905	0.200229	0.906008
-0.350927	-0.424557	0.834627
0.0841341	0.129388	0.988018
0.244004	0.369167	0.89676
-0.0854087	0.0622391	0.9944
-0.679218	-0.489118	0.547199
-0.0840371	-0.202689	0.97563
-0.528131	-0.643672	0.553863
0.136852	-0.463347	0.875546
-0.393004	-0.898967	0.193408
-0.145302	-0.988394	0.0443301
0.597124	-0.117149	0.793549
0.0704664	-0.422254	0.903734
0.0832372	-0.261293	0.961664
0.348104	0.633275	0.691221
-0.580084	0.254189	0.77388
0.159876	-0.593558	0.788751
-0.0524344	0.0259916	0.998286
-0.694607	0.121875	0.708991
0.625696	-0.192915	0.755836
0.191799	0.523801	0.829967
-0.0626592	0.729246	0.681377
-0.270546	0.424824	0.863904
0.0994107	-0.215343	0.971465
-0.113844	-0.56109	0.819889
0.122818	0.695988	0.707472
0.499609	0.403839	0.766358
-0.412133	-0.644254	0.644269
0.690453	-0.187847	0.698561
-0.558961	0.427013	0.71079
-0.469652	-0.540217	0.698278
0.510307	-0.38251	0.770242
-0.985021	-0.146299	0.0912649
0.108904	-0.268693	0.95705
0.10792	-0.577757	0.809043
0.173837	-0.254911	0.95121
0.663645	-0.640352	0.386685
0.320012	0.303254	0.897569
0.209201	-0.103976	0.972329
0.440812	-0.577153	0.687444
-0.0198767	0.61412	0.788962
0.683828	-0.315488	0.657911
0.349075	-0.226605	0.909284
0.579625	-0.1105	0.807357
0.00384512	0.0683852	0.997652
-0.0896734	-0.532404	0.841727
-0.278162	-0.936844	0.212014
0.0153638	-0.212701	0.976997
0.415631	-0.614505	0.670547
-0.164641	-0.210445	0.963642
-0.309678	0.657013	0.687338
0.290884	0.028695	0.956328
-0.259453	-0.472233	0.842425
0.155227	-0.78177	0.603937
-0.287393	-0.863182	0.415118
0.434307	0.181968	0.882193
-0.0605407	-0.535398	0.842427
-0.0944355	0.649762	0.754249
0.10102	-0.52051	0.847858
0.22775	0.489099	0.841969
0.219447	-0.153037	0.963547
0.0956754	-0.197502	0.975622
-0.197974	0.67382	0.71188
0.122377	-0.344378	0.930821
0.136547	0.733064	0.666313
0.434109	-0.175076	0.883684
0.521274	0.336856	0.784093
-0.194468	-0.518917	0.832411
0.273864	-0.423704	0.863408
-0.045758	-0.321731	0.945725
-0.0169351	-0.623847	0.781363
0.885962	-0.333784	0.321963
0.147163	-0.426069	0.892641
0.435088	0.38715	0.812904
0.49086	0.256522	0.832618
0.120419	0.563709	0.817149
0.821922	-0.192661	0.536028
0.0524031	-0.342331	0.938117
-0.121378	0.188449	0.974553
0.701667	-0.546986	0.456584
-0.177502	-0.039851	0.983313
0.55018	0.0720665	0.83193
0.144358	-0.126386	0.981421
0.68449	-0.629218	0.368183
0.0874917	-0.440283	0.893586
0.0723939	0.162809	0.983998
-0.0656081	0.200756	0.977442
0.247071	0.132335	0.959918
0.490538	-0.8197	0.295744
-0.268663	-0.380855	0.884743
0.432599	-0.546397	0.717154
0.175962	-0.827774	0.532754
-0.240496	-0.618848	0.747789
0.50937	-0.204658	0.835857
0.250114	-0.421356	0.871723
-0.508744	0.371116	0.776822
-0.233208	-0.20786	0.949952
0.502865	-0.126683	0.855031
0.313171	0.26531	0.911885
0.0955746	-0.664884	0.740807
0.962932	-0.0554033	-0.263992
0.253112	-0.351183	0.901446
-0.233635	0.497881	0.835182
0.419385	0.0450503	0.90669
-0.657961	-0.125559	0.742511
0.780938	0.0486781	0.622708
0.278018	0.000611483	0.960576
-0.216324	-0.300353	0.928974
0.425397	-0.276106	0.86186
-0.0323273	0.371586	0.927836
0.308765	0.592055	0.744402
0.148234	-0.476224	0.866739
-0.401871	0.326077	0.855671
0.301074	0.72252	0.62235
0.904784	0.287828	0.313881
0.661901	-0.417694	0.62243
0.247435	-0.606965	0.755228
0.41957	0.414577	0.807519
0.603299	-0.790377	0.106464
-0.302361	-0.124345	0.945048
0.402783	-0.271852	0.873992
0.913684	-0.381763	0.139424
0.923938	0.0916412	0.371403
0.846218	-0.532785	-0.00742214
0.267979	0.902738	0.336529
0.0524691	-0.197617	0.978874
0.516064	-0.325138	0.792441
0.092889	-0.436938	0.894682
0.280266	0.17713	0.943438
-0.115701	0.192945	0.974364
0.669229	0.516079	0.534598
-0.207927	-0.114	0.971478
0.533248	-0.00307842	-0.845953
0.0857416	-0.254809	0.963183
0.141616	-0.134194	0.980784
0.277671	0.11539	0.953721
0.712762	0.0201376	0.701117
-0.943357	0.235269	-0.233935
0.360734	-0.897966	0.252048
-0.993471	-0.030161	0.110027
0.257324	0.715847	0.649112
-0.208432	-0.613094	0.762018
0.212986	0.687359	0.694388
-0.936341	-0.281103	-0.210349
0.0701454	-0.857082	0.510382
0.328832	-0.741755	0.584524
-0.16815	0.879371	0.445457
0.203511	0.347623	0.915282
-0.241541	0.648249	-0.722102
0.33688	-0.889694	-0.308149
0.10934	0.0913221	0.9898
0.946374	0.0507885	0.319055
0.271742	-0.05431	0.960837
-0.0438805	-0.660116	0.749881
0.0739847	0.663465	0.74454
0.547628	-0.401554	0.73407
0.242902	0.77654	0.581364
-0.273233	-0.259095	0.926398
0.419461	-0.633662	0.650019
-0.654592	0.0803895	0.751696
-0.00566676	0.483594	0.875274
0.207637	-0.526467	0.824451
-0.0610369	0.493391	0.867663
0.252887	-0.45911	0.851625
0.258283	-0.124308	0.958038
-0.0125881	-0.448993	0.893447
0.414201	0.17859	0.892493
0.0561258	0.647637	0.759879
0.102964	0.518259	-0.849003
0.267786	0.0614281	0.961518
0.277279	0.553122	0.785603
-0.840041	0.539211	0.0598479
-0.14368	-0.52383	0.839618
0.0319655	0.980124	-0.195793
0.340375	0.924344	0.172431
0.592412	-0.393611	0.702936
0.506748	-0.320471	0.800316
-0.340023	0.926498	0.161203
-0.17332	-0.479161	0.860445
0.38955	-0.0766021	0.917814
-0.219711	0.523546	0.823181
0.757324	-0.432758	-0.48906
-0.410778	0.763716	0.497995
-0.702521	-0.561124	0.437726
-0.586745	0.0234658	-0.809432
0.672407	0.00161692	0.74018
0.61395	0.659685	0.433454
-0.0196218	-0.914332	0.40449
0.297993	-0.0745759	0.951651
0.0358479	-0.233627	0.971665
-0.0341469	-0.996415	0.0773976
0.183622	0.356123	0.91622
-0.422611	-0.209516	0.881762
0.782905	0.594592	0.183085
0.275966	-0.0821771	0.957648
0.160315	-0.580397	0.798397
-0.214814	-0.0295027	0.976209
-0.622749	-0.14102	0.769608
0.938887	0.0519151	0.340289
0.0370832	0.948847	0.31355
0.778337	-0.00755034	0.627801
-0.304311	-0.898084	0.317552
0.760369	0.642763	0.0932438
0.463933	0.70691	0.533895
-0.212333	-0.486281	0.847612
0.215495	-0.974278	-0.0659154
0.747776	0.0581132	0.661403
0.748395	-0.248033	0.615129
-0.11784	-0.929341	-0.349912
0.263405	-0.40064	0.877556
0.0216774	-0.562039	0.826827
0.757257	0.173663	0.629605
0.861375	0.00611738	0.507933
0.533932	0.278218	0.798443
0.0808352	-0.254359	0.963726
-0.337775	0.865391	0.370145
0.752358	0.234364	0.615654
0.790532	0.476254	0.385021
0.505726	0.666323	0.547955
-0.200559	-0.385955	0.900453
-0.819554	-0.0916591	0.565623
-0.355015	-0.696821	0.623222
0.207453	0.151491	0.966444
0.0427999	0.248933	0.967575
0.582265	-0.811421	0.0506259
0.151465	-0.205745	0.966813
0.339466	0.411234	0.845961
-0.0637459	-0.470849	0.879908
0.741181	0.285138	0.607739
0.129985	0.0683889	0.989155
0.473044	-0.530492	0.703426
0.80222	-0.453944	0.387786
0.351398	-0.139898	0.925715
0.999385	-0.0219545	-0.0273439
-0.107153	-0.228257	0.967686
0.808669	0.134261	0.572738
-0.197266	-0.893131	0.404232
0.259836	0.168958	0.950757
0.919164	-0.334506	-0.20795
-0.0693609	0.020082	0.997389
0.543401	-0.181655	0.819583
0.162374	-0.641209	0.74999
-0.389664	-0.886647	0.249035
-0.359743	-0.552312	0.752022
0.757214	0.332677	0.562097
-0.21445	0.0789387	0.97354
-0.679815	-0.627062	0.380322
0.0729549	-0.977073	0.200014
-0.852171	-0.118568	0.509653
-0.138618	0.947918	0.28677
0.940151	-0.265698	0.213356
-0.143292	-0.578237	0.803187
0.740166	-0.107242	0.663818
-0.321614	0.0829037	0.943235
-0.803423	-0.562757	0.194467
0.0803276	0.0471539	0.995653
0.833175	-0.553003	-0.00247956
-0.777162	-0.438595	0.451279
-0.0646493	0.570261	0.818915
-0.384982	-0.917764	0.0974618
0.889134	0.420714	0.180115
0.477508	-0.306988	-0.823252
-0.308864	-0.434452	0.846082
0.665471	0.341012	0.663973
0.898655	0.0385088	-0.436962
0.0963314	0.487391	0.867854
0.324901	-0.944267	-0.0529057
0.570105	-0.540898	0.618393
-0.578667	0.0603846	0.813326
0.682576	-0.528761	-0.504481
0.331347	0.200526	0.921954
-0.229928	-0.627568	0.743836
