3400
-0.0992919	0.992141	-0.0761434
0.121982	0.967227	-0.222693
0.0680282	0.980033	-0.186837
0.216431	0.946996	0.237395
0.073774	0.996799	0.0308062
-0.147838	0.938221	0.312866
0.414018	0.904543	-0.101938
0.0519011	0.958288	0.281051
-0.108241	0.993688	0.0294601
-0.0216838	0.920128	-0.391017
0.410134	0.91073	-0.048591
0.243844	0.925803	0.28884
-0.0634079	0.962388	-0.264176
-0.271211	0.874776	0.401511
-0.28689	0.902468	-0.321317
-0.190204	0.94028	0.282304
0.0224742	0.999638	-0.0148244
-0.00326429	0.991345	-0.131241
-0.238048	0.940221	0.24355
-0.0232044	0.999328	0.0283585
-0.545714	0.822161	0.162012
-0.0437507	0.94318	-0.329389
-0.247576	0.966613	-0.0660695
0.385186	0.867676	-0.314278
0.300452	0.875718	-0.37795
-0.0878988	0.96253	0.256533
0.0257944	0.988059	-0.1519
-0.125807	0.99201	-0.00940767
-0.111163	0.911953	-0.394949
-0.166921	0.977641	0.127886
-0.247339	0.967057	0.0601928
0.00333093	0.989294	0.145895
-0.210461	0.977083	0.0318698
-0.223153	0.971586	0.0788863
0.22934	0.93576	-0.267873
-0.363633	0.893215	0.264459
-0.0357776	0.961651	0.271931
-0.435128	0.87379	-0.217151
-0.0282759	0.98699	0.158273
0.396811	0.900421	-0.178281
0.000570822	0.998444	0.0557667
0.355963	0.934353	0.0165538
-0.275159	0.919388	-0.281094
-0.341937	0.92116	-0.185859
-0.414466	0.909945	0.0147571
-0.0954413	0.980599	-0.17122
-0.337991	0.940731	0.0280692
0.0246153	0.957492	0.287407
-0.339038	0.884259	0.321154
0.0112523	0.996582	-0.0818336
-0.259545	0.958592	0.117208
-0.190354	0.948771	0.252187
0.213035	0.976745	0.0242114
0.247004	0.968559	0.0297048
0.185979	0.938008	0.292495
-0.115414	0.969171	-0.217686
0.425139	0.877393	-0.222346
0.350306	0.925223	-0.145768
0.0268504	0.928358	0.370716
0.0497903	0.997024	-0.0588502
-0.134032	0.950858	0.279115
0.245368	0.93583	0.253014
-0.118854	0.992655	-0.0225624
0.55321	0.793983	-0.252091
-0.26711	0.960538	-0.0775784
0.106708	0.923555	-0.368319
0.26643	0.94349	-0.197083
0.0530642	0.976938	0.206824
-0.0515661	0.905532	0.421133
-0.104193	0.986131	-0.12919
-0.338358	0.939243	-0.0577623
0.389494	0.849873	-0.354978
0.397997	0.722585	-0.565216
0.0914586	0.995809	-0.000654221
-0.258689	0.965884	0.0121477
-0.103556	0.989223	-0.103511
0.0707082	0.969066	0.236457
0.0201726	0.972623	-0.231511
0.235769	0.951729	-0.196535
0.210042	0.965751	-0.152339
-0.271432	0.956639	-0.105673
0.114005	0.953902	0.27762
-0.0940411	0.995544	0.00700583
0.130145	0.978585	-0.159482
-0.175006	0.981358	0.0794269
0.108186	0.984188	-0.140252
-0.378976	0.887365	0.262602
-0.460599	0.886701	-0.0401136
0.0714605	0.994198	0.0803955
0.0969301	0.982665	-0.158031
-0.00681169	0.988524	-0.150913
-0.0989659	0.954361	0.281782
0.335526	0.931098	-0.143103
0.0571175	0.933616	-0.353693
0.250889	0.918638	-0.30522
0.151406	0.982622	0.107374
0.113932	0.864392	0.489741
0.120338	0.934055	0.336245
-0.0271864	0.817093	0.575865
0.114905	0.993376	0.00139652
0.055929	0.956277	0.287065
0.33643	0.937637	0.087474
-0.108331	0.993506	-0.0348034
-0.0381798	0.95385	0.297847
0.275402	0.951952	-0.133945
-0.156408	0.984691	-0.0769457
0.0288019	0.987596	0.154353
0.171382	0.963507	0.205626
0.188384	0.838647	0.511061
-0.143237	0.989573	0.0150812
-0.0931518	0.980251	0.174446
0.275786	0.961195	-0.00673211
0.0181827	0.98741	-0.157132
-0.356848	0.91952	-0.16475
-0.0788454	0.984821	-0.15463
-0.119118	0.992877	-0.00259652
0.150685	0.925872	0.346489
-0.447328	0.856978	0.255903
-0.0603813	0.998076	-0.0140766
-0.125973	0.969136	-0.211911
-0.0404504	0.950791	0.30718
0.170151	0.985041	-0.0272673
0.389977	0.84571	-0.364271
0.132113	0.989131	0.0645426
-0.416132	0.908297	-0.0427899
-0.0103366	0.992576	0.121186
0.327719	0.944225	0.0322463
0.0958844	0.991059	-0.0927779
0.226942	0.973812	0.0137282
0.243792	0.969815	0.00491752
0.0987952	0.992797	0.067776
0.220176	0.907949	-0.356582
-0.0016572	0.999589	0.0286139
0.00700289	0.953072	0.302664
0.00571554	0.916421	-0.400174
-0.0138293	0.996496	-0.0824889
-0.0404788	0.992906	0.111802
0.239085	0.947495	-0.212347
0.224684	0.816973	-0.531104
-0.576921	0.76702	-0.280789
0.198052	0.965242	-0.170538
0.359815	0.930703	-0.0657738
-0.221206	0.971554	-0.0845599
0.00985952	0.95227	0.305099
0.270901	0.943977	-0.188467
0.375131	0.923845	-0.0760783
-0.422277	0.901548	0.0943048
0.385502	0.916165	-0.109679
0.351434	0.927977	0.123904
-0.179921	0.928957	0.323523
-0.0387135	0.997004	-0.0669617
0.189302	0.977464	-0.0934247
0.419833	0.905038	0.0681666
-0.267483	0.925098	-0.26953
0.00118408	0.975975	0.217878
0.168161	0.967035	-0.191221
0.406458	0.906301	0.115804
0.190468	0.935453	0.297742
0.0187248	0.857789	0.51366
-0.00764036	0.995007	0.0995098
0.119081	0.904234	0.410098
0.294644	0.95439	-0.0482103
0.269796	0.955763	-0.117161
0.434868	0.80684	0.399874
0.311829	0.884317	0.347486
0.0449562	0.99155	0.121683
0.281238	0.926292	0.250777
-0.0391796	0.998421	0.0402481
-0.256912	0.966328	-0.0144016
-0.22838	0.969843	-0.0851283
0.479642	0.876602	0.0388831
-0.209413	0.968195	0.136914
-0.267117	0.963488	0.0184444
-0.124552	0.991837	0.0273151
-0.00975192	0.99851	0.053682
-0.0615007	0.992041	0.10987
0.0656658	0.997677	0.0181406
-0.199383	0.971549	-0.127827
0.033233	0.975868	-0.215819
0.0737136	0.985802	0.150868
-0.246205	0.88076	-0.404531
0.437099	0.897642	-0.0564298
-0.176473	0.969217	0.171687
-0.0635098	0.956855	0.283539
0.344178	0.905274	-0.249038
-0.179647	0.927124	0.328888
0.000533139	0.859566	0.511024
0.489421	0.851698	0.18729
-0.0276406	0.995828	-0.0869608
0.138292	0.989834	-0.0332173
-0.0914236	0.924362	-0.370402
0.350129	0.929567	-0.115388
-0.209147	0.977191	-0.0368195
0.13025	0.958012	0.255437
-0.140238	0.954284	-0.26396
-0.0940596	0.995134	-0.0293543
0.359082	0.885621	-0.29451
0.00652751	0.951147	0.308668
-0.136713	0.987626	0.0768452
-0.185234	0.968576	-0.165979
0.117725	0.932766	-0.340717
-0.298016	0.948247	-0.109609
-0.235286	0.941337	-0.241921
-0.169073	0.927164	-0.334337
-0.0198	0.999645	0.0178486
-0.327104	0.916791	0.229122
0.365321	0.930522	-0.0258639
-0.131072	0.925742	-0.354712
-0.0347145	0.981887	-0.186262
0.190649	0.924102	-0.331193
-0.205979	0.978282	0.0231627
-0.152005	0.984347	0.0891976
0.117532	0.988169	0.0985322
0.0141339	0.999734	-0.0182338
0.340416	0.938916	-0.0505384
-0.109697	0.988109	0.107741
0.198446	0.949995	0.241099
-0.179694	0.959336	0.217679
-0.128726	0.922384	0.364195
0.174156	0.80801	0.562841
0.10122	0.993049	0.0600665
-0.0184245	0.905795	-0.423315
0.256842	0.918768	0.299827
0.00220515	0.987838	0.155471
-0.483893	0.857606	-0.174241
0.0471065	0.998841	-0.0098441
-0.316739	0.831659	0.456091
-0.32075	0.946384	0.0384216
0.32457	0.943905	0.0608088
0.0761797	0.986246	-0.146681
-0.10166	0.983562	0.149237
0.16069	0.933656	-0.320101
0.0591894	0.984912	0.162618
0.00145614	0.89225	-0.451539
0.310613	0.949405	-0.046375
-0.167952	0.817482	-0.550922
0.170968	0.984646	-0.0352456
-0.432757	0.766556	-0.474461
0.0709868	0.975546	-0.208015
0.220505	0.957231	-0.187314
0.0330727	0.998041	0.053106
0.288506	0.801984	0.523054
-0.123446	0.983442	-0.132674
0.0723677	0.995174	-0.0662702
0.374935	0.864904	-0.333713
-0.0572415	0.862216	-0.503297
0.18111	0.980279	0.079065
-0.0117077	0.991319	0.130957
-0.0509201	0.96036	0.274072
0.168468	0.956807	-0.236936
0.0155515	0.990198	-0.138799
0.119306	0.797919	-0.59084
0.26864	0.963053	0.0189907
0.38896	0.865691	0.315102
-0.0727105	0.995655	0.0581704
-0.235176	0.965749	-0.109636
-0.0069254	0.986808	0.161745
-0.082586	0.989362	-0.119756
0.0261424	0.998719	-0.0433209
0.113908	0.993462	-0.00766876
-0.671342	0.736877	0.0794545
-0.0242895	0.892497	-0.4504
-0.247112	0.864217	0.438252
0.0921691	0.995345	-0.0281805
-0.172485	0.979876	-0.100457
0.0427756	0.998706	0.0275213
0.0375603	0.986516	0.159295
0.102191	0.981832	0.159882
0.109567	0.913011	-0.392944
-0.387884	0.8971	0.211557
-0.280693	0.95969	0.0143432
-0.0246751	0.996178	0.0837903
-0.126948	0.991151	0.0387713
0.410456	0.906727	0.096811
0.0368666	0.997597	-0.058665
-0.272527	0.956807	0.101243
0.029197	0.978411	0.204596
0.0569903	0.97534	-0.213225
-0.199871	0.970437	0.135294
-0.351306	0.917799	-0.185013
0.128266	0.99128	0.0302018
-0.0379395	0.922238	0.384756
-0.287172	0.940193	-0.18322
0.0577704	0.967715	0.245336
0.436968	0.861409	0.258908
-0.124532	0.972382	-0.197396
-0.127389	0.845142	-0.51914
-0.135687	0.989202	0.0553937
0.43873	0.870941	-0.221311
0.307145	0.909971	-0.278593
0.414383	0.91009	-0.00483197
0.0712141	0.918494	0.38897
-0.0856616	0.989209	0.11886
0.376926	0.86398	0.333865
0.204754	0.879071	0.430478
0.184141	0.917132	-0.353498
0.606774	0.785494	0.121754
0.0363876	0.997794	0.0555282
-0.105226	0.981427	-0.160403
-0.17442	0.959555	-0.220979
0.00472022	0.999928	0.0110675
0.0425872	0.947569	-0.316702
0.33774	0.919361	0.201758
-0.0398388	0.969378	0.242319
-0.180765	0.958871	0.218839
-0.174472	0.893872	-0.412979
-0.41394	0.833511	-0.365941
0.141935	0.971312	-0.190807
0.334079	0.870081	-0.362422
-0.15701	0.981423	-0.110262
-0.0594877	0.996293	0.0621431
-0.213781	0.938993	-0.269426
-0.167953	0.982125	0.0849785
-0.162551	0.97153	0.172359
0.19877	0.968877	-0.147541
0.562161	0.758664	0.329248
-0.0710975	0.970259	-0.231395
-0.0781081	0.996885	-0.0109637
-0.164926	0.98163	0.0959241
-0.20199	0.930408	0.305846
0.0609055	0.991688	-0.113339
-0.262777	0.940847	-0.213904
-0.246217	0.966661	-0.0703117
-0.083448	0.982865	0.164357
0.131053	0.969018	-0.209353
-0.159666	0.987106	-0.0112963
-0.183404	0.674601	0.715036
0.110112	0.993885	0.0082939
-0.0940061	0.968269	0.231554
-0.144489	0.933261	0.328856
-0.330157	0.943248	-0.0357661
0.0619107	0.981863	-0.179196
0.221039	0.95067	0.217644
0.0676995	0.964876	0.253831
-0.0503036	0.997943	-0.0397507
-0.0820036	0.992647	0.089035
0.052242	0.936167	0.347652
-0.50766	0.847433	0.155364
-0.0923941	0.965968	-0.241596
-0.0242909	0.9764	-0.214599
0.199243	0.976511	-0.08203
0.269515	0.953659	0.133777
-0.249076	0.967884	0.0340794
0.253089	0.967062	0.0271447
-0.214923	0.975636	0.0440732
0.0062553	0.978816	0.204648
0.115951	0.980138	-0.16089
-0.513447	0.79788	-0.315848
-0.0526281	0.998142	0.0306953
0.230617	0.969635	0.081387
0.265235	0.917874	-0.295226
-0.248081	0.926806	-0.281933
-0.0912272	0.967675	-0.235123
-0.177394	0.983432	0.0373239
0.129289	0.958699	-0.25334
-0.361373	0.853064	0.376419
-0.157558	0.983179	0.092385
0.0753371	0.995544	-0.0567196
-0.019477	0.99981	-0.00125791
-0.012594	0.99992	-0.00119165
-0.125621	0.992041	-0.00861135
0.18148	0.983388	0.00365838
0.607343	0.793952	0.0278342
-0.301616	0.953429	-0.00127382
0.352303	0.897287	0.266006
0.404224	0.895459	-0.186428
0.191199	0.887214	0.419874
0.242225	0.935412	-0.25755
-0.139332	0.957262	-0.253448
-0.0531794	0.998177	-0.0285399
0.13416	0.986202	-0.0969865
0.172106	0.970871	0.166702
0.306537	0.950778	0.045352
0.0613275	0.99116	0.11765
-0.200031	0.883874	0.422793
0.206694	0.956675	-0.205064
0.220496	0.853309	-0.472487
0.22304	0.95324	-0.203928
0.0431978	0.990562	-0.130079
0.103157	0.955584	0.276075
-0.0329953	0.876901	-0.479538
-0.0537741	0.989851	0.131543
0.163715	0.985942	0.033393
-0.0424574	0.995792	-0.0812144
-0.220879	0.941179	-0.255722
-0.295526	0.836697	0.461088
-0.360909	0.931903	0.0360747
-0.368621	0.900408	-0.231052
-0.0726402	0.960306	-0.269324
-0.188496	0.979239	-0.0745719
0.294247	0.95567	0.0106671
-0.313322	0.947772	0.0596506
-0.0852962	0.995131	0.049375
0.130657	0.991252	0.0186455
0.20911	0.970928	0.116498
0.0185689	0.998612	-0.049279
0.0330097	0.965575	0.25802
0.13211	0.949311	-0.285228
-0.184153	0.933478	0.307743
-0.116122	0.888341	0.444259
0.230285	0.973008	0.0150028
-0.0847712	0.996244	-0.0176709
0.241976	0.964929	0.10178
-0.192457	0.957007	0.217021
-0.384834	0.831705	-0.400211
-0.0570917	0.988624	-0.139154
0.0560125	0.911619	0.407202
0.121738	0.987158	0.103431
-0.0388669	0.999124	0.0155119
0.0160118	0.853009	-0.52165
-0.197959	0.971929	-0.127145
-0.13791	0.981709	-0.131259
0.0389672	0.801829	-0.596281
-0.191315	0.908877	0.370595
0.012477	0.972094	0.234259
-0.122696	0.991229	-0.0490991
-0.175104	0.941949	-0.28648
0.00902741	0.999246	0.0377658
0.407088	0.857183	-0.315462
0.17784	0.936487	-0.302265
0.244839	0.967927	0.05632
-0.0708518	0.995749	0.058848
0.0893721	0.995926	0.0120292
0.0983592	0.994857	-0.0241747
-0.0769385	0.925282	-0.371394
0.191908	0.980868	-0.0326985
0.372031	0.921274	0.113342
0.17386	0.973729	-0.147055
-0.0403804	0.998958	0.0212579
-0.107423	0.990209	-0.0891435
-0.105381	0.955608	-0.275151
-0.0726652	0.936523	-0.342992
-0.097942	0.994163	-0.0452451
0.0741808	0.981585	-0.176037
0.00620753	0.985011	-0.172382
-0.267781	0.944647	-0.189564
-0.223025	0.90248	0.368497
0.162329	0.985275	0.0536915
-0.106039	0.977315	0.183333
-0.136341	0.962427	0.234829
-0.562816	0.772381	0.29439
0.185607	0.97293	0.137689
-0.158418	0.962761	0.219077
0.0921109	0.91134	0.401216
0.699005	0.705376	-0.117626
0.319018	0.904398	-0.283358
-0.0952847	0.939948	-0.327747
-0.161627	0.947804	0.274852
-0.085303	0.942313	0.32368
-0.293453	0.920151	-0.259244
0.25766	0.882853	0.392659
0.386448	0.895362	-0.221326
-0.3164	0.943516	0.0983235
-0.122047	0.990931	-0.056215
-0.503814	0.823933	0.259436
-0.0384422	0.991674	0.122902
0.538217	0.780785	-0.317328
0.509775	0.844917	-0.162001
-0.16481	0.9811	0.101393
-0.119751	0.970666	0.208486
-0.269419	0.962352	0.0359402
-0.352252	0.917543	-0.18448
-0.0861243	0.942515	-0.322876
0.153899	0.987955	-0.0161286
0.53333	0.776472	-0.335635
-0.316708	0.941878	-0.112079
-0.657115	0.75296	-0.0353674
-0.191597	0.97693	-0.0943329
0.412573	0.882741	-0.224839
-0.241434	0.92164	-0.303791
-0.31001	0.929168	-0.201345
0.413799	0.895046	-0.166321
0.0655666	0.99683	0.0450713
-0.155976	0.931356	-0.329009
0.157815	0.982443	0.0994959
-0.0415435	0.840983	-0.539464
0.257163	0.888852	-0.379222
-0.0892625	0.995826	-0.019028
0.365686	0.916524	0.16204
0.0613023	0.926978	0.370074
-0.0828097	0.988262	-0.12838
0.462323	0.886288	0.0273999
0.181242	0.980636	0.0741926
-0.163646	0.984497	-0.0631394
-0.0120881	0.99882	0.0470412
0.0702508	0.943147	0.324866
0.380639	0.911547	0.155552
0.0949597	0.947203	-0.30625
0.236275	0.969369	0.0670626
0.253454	0.965606	-0.0580119
0.046005	0.992134	-0.116421
-0.144145	0.98941	0.0170061
-0.332066	0.885161	0.325917
-0.0609943	0.974531	0.215798
-0.0911599	0.981366	-0.169147
-0.127765	0.983716	0.126406
0.321695	0.938267	0.127153
-0.453351	0.838518	0.302258
-0.357017	0.933224	0.0403997
-0.0698869	0.902847	0.424245
-0.119201	0.869193	-0.47989
-0.279586	0.952424	-0.121323
-0.190281	0.965464	0.17797
-0.0418919	0.996547	0.0716873
-0.165042	0.883942	0.437502
-0.196308	0.972527	-0.125122
-0.0462162	0.990437	0.129996
0.0791661	0.996133	0.0381131
0.341491	0.91417	-0.21835
-0.640688	0.762396	-0.0909468
-0.340799	0.926726	0.158224
0.157408	0.987417	0.0152
0.0751929	0.912133	-0.402937
-0.280746	0.95888	-0.041616
0.0189189	0.892775	-0.450106
0.314775	0.870857	-0.377525
-0.0305947	0.994962	-0.0954719
0.143597	0.971043	-0.190932
0.288935	0.931396	-0.2214
0.318069	0.86725	0.383027
-0.39886	0.912731	-0.0885056
-0.289556	0.955037	0.0637265
-0.293179	0.955981	0.0121045
-0.144476	0.965354	-0.217297
-0.258195	0.960705	-0.101889
-0.368325	0.862454	-0.347145
0.313007	0.949607	-0.0165177
0.160577	0.985797	0.0491861
-0.405655	0.841344	-0.35719
-0.31992	0.837023	-0.443896
0.144935	0.986178	-0.080291
-0.121589	0.990845	0.0586637
0.115657	0.963977	0.239523
0.238692	0.935655	0.259955
0.161632	0.921968	0.351925
-0.00397013	0.993987	0.109426
-0.328769	0.934346	-0.137504
-0.300314	0.934044	0.193322
0.0746608	0.982959	0.167978
-0.538659	0.840903	0.0522318
-0.0579411	0.998184	0.0164805
0.182472	0.964142	0.192704
0.133245	0.947083	0.292026
0.187515	0.980553	0.0579091
-0.281234	0.882527	-0.3769
0.144658	0.961689	0.23287
0.0184132	0.969006	-0.24635
0.244023	0.968698	-0.0455747
0.020688	0.808511	0.588117
-0.451159	0.884116	-0.12163
-0.0660123	0.997702	-0.0152412
0.00880233	0.954346	-0.298573
0.157938	0.889784	-0.428183
-0.086967	0.934015	0.346486
-0.0996531	0.995014	-0.00408426
-0.277956	0.86666	0.414295
-0.264602	0.907577	0.32602
0.132278	0.975011	-0.178484
-0.118793	0.967144	0.224767
0.127227	0.990317	-0.0555467
-0.183979	0.978873	-0.0892127
-0.153828	0.95036	0.270467
-0.203428	0.978827	-0.0226941
0.108563	0.990525	0.0841131
0.111646	0.967418	-0.227237
-0.102232	0.992291	0.0700456
-0.256018	0.949571	-0.181025
0.0137464	0.987525	-0.15686
0.39246	0.864514	0.313991
0.00464355	0.997319	0.073025
-0.100057	0.993504	0.0541983
0.506575	0.859901	0.0628671
0.0114148	0.995183	-0.0973669
0.0941639	0.990395	0.10125
-0.457452	0.878354	-0.138683
0.24317	0.929702	-0.276626
0.263753	0.895615	-0.358202
-0.203438	0.9763	0.0738347
0.419571	0.904737	0.0735641
0.0418945	0.990784	-0.128807
0.198315	0.9801	-0.00866256
-0.0901446	0.980469	0.174798
0.1858	0.94174	0.280363
-0.00385582	0.928199	-0.372063
0.0607974	0.956383	0.28572
0.145866	0.969037	-0.199224
-0.413882	0.908456	0.0583937
-0.240357	0.957847	-0.157344
0.0864017	0.995711	-0.0330811
0.0608235	0.997443	-0.0375194
-0.428036	0.751459	-0.502091
-0.0867116	0.996226	-0.00393289
-0.0374683	0.987981	0.149968
0.152188	0.95878	-0.239959
0.368529	0.912638	0.176854
-0.276611	0.959971	-0.0440667
0.317571	0.763468	0.562375
0.147799	0.938804	-0.311132
0.0808711	0.996439	-0.023861
-0.336773	0.928392	-0.157074
-0.0050364	0.959853	0.280457
-0.0220363	0.99962	0.0165624
0.317029	0.86175	0.39608
-0.147043	0.98793	0.0487049
0.328948	0.916317	-0.228377
0.21387	0.974221	-0.0717837
-0.275465	0.953454	0.122658
0.241546	0.96999	-0.0278308
-0.221568	0.975141	0.00263074
0.153173	0.975647	0.157006
-0.365484	0.810832	-0.457135
0.0754529	0.975331	-0.20745
0.162297	0.982778	0.0883563
-0.215509	0.942191	0.256576
-0.401357	0.909346	0.109553
0.173258	0.972232	-0.15731
0.0599327	0.982191	0.178069
-0.348915	0.936427	0.0369071
0.0712994	0.996607	0.0411212
-0.0388206	0.999021	0.0211949
0.0242567	0.95625	-0.291543
-0.189215	0.970921	-0.146661
0.110667	0.966688	0.230796
-0.0742477	0.995474	0.0593218
0.187901	0.906567	-0.377927
-0.196738	0.948172	-0.249528
0.267207	0.952147	-0.148381
-0.315448	0.943745	-0.0991899
-0.188117	0.979671	-0.0696875
-0.0388288	0.996468	0.0744544
0.0101573	0.935777	-0.352446
0.333502	0.935792	0.114322
-0.159433	0.884667	0.438115
0.00388679	0.985633	0.168856
0.0279194	0.997438	-0.0658651
-0.0685169	0.98321	0.169128
0.256422	0.931551	0.257801
0.0426783	0.997983	0.0470008
0.0277727	0.963224	0.26726
-0.264412	0.95073	0.161863
0.173224	0.974333	0.143765
-0.00782199	0.986173	-0.165535
-0.213569	0.967356	0.136418
-0.361121	0.92745	0.0970975
0.00999848	0.998033	0.0618852
0.116093	0.93675	0.330186
0.0205092	0.975462	0.21921
-0.0499792	0.981669	-0.183925
-0.219729	0.937482	0.269901
-0.0342203	0.981065	0.190629
0.10881	0.993211	0.0411397
0.0664839	0.96547	0.25189
0.114224	0.991033	0.0693249
0.0141294	0.990288	-0.138313
0.269422	0.916233	0.296528
-0.282904	0.8587	0.427318
0.29537	0.925117	-0.23857
0.352991	0.93475	-0.0404928
0.12103	0.981362	0.149269
0.269893	0.93565	0.227412
0.458686	0.742584	0.488033
-0.0782469	0.961897	0.261977
0.177548	0.920785	-0.347322
0.299049	0.953019	-0.0482179
0.19677	0.976889	0.0834835
0.0867116	0.992757	-0.0831552
0.132271	0.967576	-0.215178
-0.00198437	0.998662	-0.0516655
0.0204173	0.998287	0.0548199
0.0917447	0.990261	-0.104714
-0.0850936	0.983171	-0.161661
0.113138	0.887323	0.447054
-0.274558	0.961516	0.0101938
0.148364	0.98454	0.0931133
0.0420435	0.998627	0.0312486
-0.246493	0.958253	0.144886
-0.163822	0.968398	0.188062
0.129741	0.991284	-0.0228921
0.128414	0.984485	0.119579
-0.132871	0.97875	-0.156183
-0.438687	0.887328	-0.142135
-0.302889	0.908491	0.287929
0.215094	0.974633	0.061851
-0.290483	0.926717	0.23836
-0.0603319	0.998176	0.00199838
-0.119704	0.992229	-0.0339599
-0.0717919	0.932457	-0.354075
-0.356476	0.929485	-0.0947751
-0.43885	0.895907	0.0690024
-0.236827	0.902288	-0.360263
-0.17037	0.978727	-0.114309
-0.0538213	0.995737	-0.0749044
0.0274197	0.959509	-0.280342
-0.120791	0.954262	0.273483
-0.183172	0.966515	0.179713
0.0699787	0.997053	-0.0314303
-0.0207107	0.997146	-0.0726043
0.359373	0.922226	-0.142656
-0.0599294	0.967522	0.245581
0.121906	0.983498	0.133679
0.10642	0.958105	0.265912
-0.0186054	0.999495	-0.0257563
-0.158929	0.954756	0.251363
0.16751	0.984577	-0.0504853
0.252675	0.944178	0.211383
-0.194864	0.94209	0.272936
-0.0654134	0.941382	0.330939
-0.228178	0.972883	-0.0378747
-0.0401276	0.964016	-0.262797
0.103674	0.992573	-0.0636503
0.198594	0.979744	0.0257223
-0.0926618	0.992854	-0.0751993
0.145521	0.989352	0.0026519
0.0994639	0.990528	0.0946667
0.366732	0.840903	0.397982
0.181072	0.981361	0.064371
0.0651439	0.975109	-0.211942
0.448423	0.831777	-0.327206
0.287953	0.896547	0.336581
0.176922	0.96537	-0.191728
0.0575379	0.74216	0.667748
-0.298496	0.953706	-0.0366684
0.0735907	0.974759	0.210783
-0.159363	0.969763	-0.184834
-0.00243342	0.957875	-0.287176
0.123883	0.982961	-0.135796
0.0700568	0.987736	-0.139536
-0.00955772	0.940967	0.338363
-0.0338677	0.874095	0.484573
-0.104618	0.887289	-0.449192
-0.174826	0.984246	0.0263941
-0.145332	0.984349	-0.0996798
0.0856245	0.902077	-0.422995
-0.122221	0.905056	0.407352
-0.113398	0.96478	0.23736
-0.151124	0.985049	0.0827072
-0.00656242	0.991988	0.126162
0.104228	0.969167	-0.223277
0.0191397	0.998174	-0.0572852
-0.24721	0.959893	0.132263
-0.0492956	0.995267	0.0837514
0.205914	0.964225	-0.166942
-0.459112	0.885129	-0.0759146
-0.0339813	0.997569	-0.0608331
-0.333858	0.942007	0.034075
-0.126422	0.987219	0.0970378
-0.000461839	0.998868	0.0475672
-0.11068	0.993508	0.026298
0.229696	0.961221	-0.152622
-0.481116	0.876426	0.0201395
-0.0716081	0.937462	0.340641
0.0211788	0.995723	0.0899328
0.144546	0.969731	0.196793
0.165073	0.976171	-0.140858
0.0487782	0.968726	-0.243292
0.203721	0.969436	0.136716
-0.0566468	0.984705	-0.164761
0.0604523	0.910969	0.408021
0.0698972	0.985981	-0.151511
0.43683	0.898648	-0.0401474
0.018565	0.998869	-0.0437615
-0.00587523	0.989706	0.142998
-0.191128	0.981215	0.0261995
-0.105992	0.984079	0.142669
-0.118505	0.980859	0.154508
0.227042	0.934878	-0.272863
0.351363	0.913474	0.205206
0.153118	0.958771	0.2394
0.118461	0.99295	0.00406057
-0.105835	0.975832	-0.191183
0.0204863	0.940625	0.338828
0.0713067	0.957447	-0.27966
0.137932	0.969825	-0.201035
0.0946627	0.991216	0.0923539
0.107246	0.892177	0.43877
-0.127431	0.982706	-0.134351
0.0150403	0.990869	-0.133989
0.162392	0.978043	0.130616
-0.0993284	0.960039	-0.261645
0.170324	0.98474	0.0357298
-0.000540993	0.998294	0.0583879
-0.0342634	0.998558	-0.0413385
-0.278765	0.945435	0.168652
0.0215156	0.993524	-0.111563
-0.0152268	0.998824	-0.0460298
-0.008653	0.967832	-0.251448
-0.208107	0.87439	-0.438331
-0.152176	0.972629	0.175601
0.182521	0.974995	0.12677
0.460413	0.849936	0.25618
0.157663	0.935211	0.317054
0.35609	0.933786	-0.0352708
-0.242797	0.965654	0.0925294
-0.220219	0.905206	-0.363462
-0.219301	0.960257	-0.172668
0.141465	0.97263	0.184332
0.167834	0.908963	-0.381598
0.138821	0.99008	-0.0216811
-0.0855166	0.994682	-0.0573988
-0.284793	0.951941	0.1127
0.189658	0.912911	-0.361418
-0.186267	0.967425	-0.171448
-0.0145725	0.996753	-0.0791861
0.520498	0.843158	0.134782
-0.045024	0.875517	-0.481085
0.125128	0.935237	0.331173
0.103494	0.994599	-0.00789671
0.240441	0.966922	-0.0851444
-0.245308	0.967496	-0.0614482
-0.177014	0.97679	-0.120612
0.377043	0.896291	-0.233455
0.285058	0.952818	-0.104307
-0.218896	0.932262	0.288048
-0.136554	0.988646	0.0626987
-0.141129	0.969175	0.201949
-0.118484	0.992514	-0.0296169
-0.226897	0.957085	0.180294
-0.0890028	0.979763	0.179286
0.129037	0.991354	0.0238175
0.306117	0.941273	0.14247
0.327079	0.915564	-0.234011
-0.0285683	0.945101	0.325527
-0.120525	0.95695	0.264046
-0.106079	0.988696	0.105961
0.140958	0.978865	0.148171
-0.0256775	0.999626	0.00938601
-0.163981	0.979925	0.113393
0.141571	0.9519	-0.271743
-0.124896	0.98168	-0.143891
0.00573228	0.981361	0.192088
-0.176448	0.881601	-0.437773
-0.0318679	0.984113	-0.174657
0.0158466	0.996259	-0.0849559
-0.363391	0.931602	-0.00798021
-0.33674	0.932892	-0.127741
0.0466037	0.99817	0.0385224
0.0482744	0.967595	0.24785
-0.0511927	0.998515	-0.0186437
0.0486231	0.997991	0.0406203
0.497372	0.856125	0.140256
-0.0251077	0.968996	-0.245799
0.27655	0.959679	0.0503651
0.341512	0.934532	0.1001
0.113847	0.981636	0.153069
0.344587	0.864486	0.365956
-0.257739	0.963	-0.0787484
0.214321	0.949849	0.227713
-0.0076689	0.991223	-0.131976
0.322647	0.946136	0.0269285
-0.00631754	0.996112	-0.0878694
0.0829089	0.768406	0.63457
-0.338459	0.938545	-0.0676688
-0.138926	0.979101	-0.148531
0.361668	0.932307	-0.000282662
-0.38208	0.890106	0.248449
0.111025	0.99221	0.0565082
0.134141	0.978639	0.155797
0.283734	0.903776	0.320445
-0.00255879	0.983783	0.179342
-0.0523396	0.997099	-0.0552699
-0.195274	0.950098	-0.243273
0.29703	0.951832	0.0760893
0.217064	0.873372	-0.436009
0.210773	0.972925	-0.0948208
0.308189	0.920128	0.241628
0.0754193	0.9584	-0.275285
-0.0658389	0.934436	-0.349992
-0.0889661	0.994375	0.0574829
-0.0506825	0.919018	-0.390945
0.108807	0.993493	-0.0336675
0.163613	0.986501	0.00688537
-0.348733	0.932248	0.0964275
0.154062	0.975004	-0.160101
0.137785	0.98676	-0.0855586
-0.476494	0.87912	0.0100388
-0.0262929	0.993105	-0.114243
0.1044	0.994346	-0.0193929
-0.164092	0.980147	-0.111288
0.00103247	0.988897	-0.148602
-0.165432	0.973625	0.15712
0.108031	0.892517	-0.437885
0.0918789	0.991135	0.0959643
0.0727017	0.997022	0.0257147
0.325276	0.944028	-0.0548237
-0.151883	0.971786	0.180453
0.141761	0.969925	0.197862
-0.232147	0.959119	0.161862
0.0808963	0.968626	-0.234987
-0.16146	0.975932	0.146584
-0.192389	0.936602	0.292855
-0.291565	0.956229	0.024822
0.409948	0.91195	-0.0170187
-0.0655525	0.994441	-0.0823983
0.132222	0.977464	0.164564
-0.0821759	0.985813	0.146356
0.189246	0.934819	-0.300498
0.206866	0.966622	-0.151155
0.0778208	0.979418	0.186239
0.168834	0.966651	-0.192567
0.0250908	0.958691	-0.283341
-0.187881	0.981959	-0.0213803
0.133041	0.977845	-0.161617
-0.25076	0.912138	-0.324229
0.253766	0.964276	0.0759937
-0.0706976	0.972678	-0.221133
0.167007	0.941174	0.293768
0.283878	0.915935	0.283683
-0.0133626	0.99425	0.106251
0.220982	0.957806	0.18378
-0.359322	0.910872	0.202976
-0.0983648	0.995131	-0.0061976
-0.196618	0.969765	0.144558
0.0731559	0.995782	0.0553818
0.0991296	0.770032	0.630257
0.156775	0.974695	-0.159345
0.270387	0.9589	0.0860293
-0.0121012	0.997438	-0.0705085
-0.0359737	0.998186	-0.0482821
0.1048	0.947297	-0.302731
0.299321	0.953315	-0.0399626
-0.0223012	0.998379	0.052355
0.216644	0.973112	-0.0782216
0.062917	0.996815	-0.0490051
-0.0870256	0.97737	0.192807
0.397953	0.903742	-0.157745
0.112216	0.947686	-0.298829
-0.353891	0.920074	0.168003
0.255141	0.960695	0.109395
0.137902	0.98816	0.0672509
-0.0895843	0.918495	0.385151
0.350108	0.936166	0.0319099
0.0363395	0.986216	-0.161421
0.28255	0.948657	-0.142181
-0.38282	0.916667	0.114766
0.0428064	0.948244	0.314644
0.0288784	0.966442	0.255256
-0.116266	0.908216	-0.402028
0.225331	0.825176	0.517987
-0.0388427	0.939766	-0.339604
0.136121	0.988699	0.0628104
-0.268243	0.957106	0.109511
-0.251517	0.946176	-0.203692
0.0716665	0.97887	0.191513
-0.0437357	0.98646	-0.158065
-0.133061	0.970629	0.200433
-0.0223468	0.944376	-0.328108
-0.17399	0.984689	-0.0107316
-0.169181	0.98296	0.0718868
0.184439	0.982444	-0.0280348
0.441179	0.869068	-0.223789
-0.0413867	0.987097	-0.15468
-0.145026	0.986124	0.080791
-0.236169	0.953749	-0.185977
0.446288	0.891728	-0.0751495
0.0229641	0.982183	0.186517
-0.127115	0.965797	-0.226005
-0.262591	0.914598	0.307501
-0.171697	0.979547	0.104914
-0.334634	0.872878	0.355111
-0.237869	0.940086	-0.244248
-0.341782	0.926657	0.156501
0.110112	0.985728	0.127338
0.0829269	0.982502	-0.166771
0.148838	0.981754	-0.118347
-0.202715	0.976559	-0.0723825
0.0147866	0.999677	0.0206752
-0.285394	0.913239	-0.290765
-0.0144447	0.981222	-0.192341
-0.158163	0.97641	0.146993
-0.0445773	0.953861	0.296921
0.338595	0.828734	-0.445592
0.653182	0.75708	0.0135289
-0.37067	0.894951	-0.248326
0.101243	0.985976	-0.132669
0.0924709	0.995157	-0.0333428
-0.0894395	0.977961	-0.188659
0.0430812	0.98867	0.143791
0.396719	0.916702	-0.0476709
0.245318	0.962646	-0.114594
0.00923653	0.996971	-0.0772181
-0.0521108	0.971883	-0.229628
-0.0939063	0.994176	-0.052881
0.162787	0.974546	-0.154141
0.157368	0.957067	-0.24343
0.29644	0.833279	-0.466657
0.0641182	0.949058	0.308508
0.0160172	0.999363	-0.031886
-0.223924	0.937207	-0.267396
-0.145767	0.981673	0.122762
0.134874	0.984937	0.108202
-0.0647276	0.824053	0.562804
0.238068	0.971243	0.00315631
-0.0603971	0.995714	0.0700368
-0.0380118	0.962427	-0.268868
0.23608	0.971733	0.000938007
0.0117787	0.938511	0.345049
0.0091826	0.997093	-0.0756378
0.0163857	0.895965	0.443822
-0.0110587	0.99386	0.110087
0.138741	0.990169	-0.0178068
-0.0188644	0.92285	-0.384698
0.149896	0.984217	-0.0940615
-0.194477	0.9548	-0.224802
-0.134179	0.98197	0.13316
0.146157	0.947465	0.284513
-0.212983	0.959834	0.182641
-0.433149	0.815641	0.383551
0.254728	0.945296	-0.203787
0.24506	0.909867	-0.334795
-0.344019	0.938315	-0.0348749
-0.136521	0.898818	-0.416518
0.0823281	0.976361	-0.199852
-0.461985	0.881668	-0.0960802
-0.266049	0.938897	0.218381
0.0234929	0.974752	0.22205
0.249487	0.965748	-0.0713196
-0.0462704	0.993496	0.104042
-0.142395	0.983712	-0.109701
0.420171	0.902913	0.0905789
-0.303764	0.940855	0.150064
-0.418013	0.89438	-0.159215
-0.232844	0.891787	-0.387943
-0.277186	0.960806	-0.00444128
0.182602	0.97751	0.105501
-0.175526	0.97658	-0.124426
0.131892	0.966581	-0.219832
0.145674	0.969432	-0.197437
0.0346913	0.991492	0.125458
-0.292389	0.955988	0.0244086
0.193804	0.973743	-0.119434
-0.359543	0.904597	-0.228982
-0.0512348	0.997982	-0.0375177
-0.216298	0.955456	-0.200794
0.42144	0.851763	0.311267
0.172773	0.979315	-0.105317
-0.087012	0.984189	-0.154272
-0.189072	0.965748	-0.177713
0.0357398	0.876014	-0.48096
-0.487111	0.872536	-0.0374714
0.0186761	0.980178	-0.197236
-0.0564862	0.992346	-0.109816
-0.00304154	0.979525	0.201301
-0.297632	0.954351	0.0251035
-0.246845	0.933288	-0.260846
-0.00943781	0.986268	0.164883
0.0062544	0.942241	0.334876
0.0708703	0.989657	-0.124727
-0.270859	0.932941	-0.237184
-0.0217868	0.997493	-0.0673238
-0.107299	0.941393	-0.319791
0.099616	0.973859	-0.204144
0.0564384	0.991226	-0.119521
-0.179475	0.851407	0.492843
0.242277	0.966825	0.0809357
0.256051	0.874596	-0.411729
-0.0784248	0.996448	0.0306765
0.0184381	0.992349	0.122079
-0.13262	0.985856	-0.102473
-0.200165	0.946852	-0.251804
0.028756	0.99824	-0.0518685
0.10394	0.977696	-0.182503
-0.108574	0.980954	-0.161065
0.249426	0.955467	-0.157698
0.184516	0.92008	-0.345553
-0.223113	0.972412	-0.0680766
-0.298883	0.846995	-0.439623
0.155975	0.984517	-0.0799853
0.0873134	0.98248	-0.164651
0.226099	0.960908	-0.159797
-0.0828961	0.988337	0.127743
-0.0402906	0.979096	0.199366
0.492407	0.853823	-0.168884
0.290356	0.763869	-0.576366
-0.147938	0.98345	-0.1046
0.129724	0.988269	-0.0805969
0.288984	0.8817	0.372951
-0.105527	0.994188	0.0213051
0.10542	0.988456	0.108818
0.150078	0.960278	-0.235251
0.248163	0.931093	-0.267359
-0.184906	0.982755	-0.00138246
-0.0501596	0.994459	-0.0923882
0.206674	0.978095	-0.024809
-0.0374592	0.980476	-0.193037
-0.105218	0.991676	-0.0742185
0.142805	0.893393	0.425976
0.263568	0.963613	0.0445267
-0.481841	0.876219	-0.00836621
0.0089725	0.913469	-0.406809
-0.108965	0.914204	0.390331
-0.140617	0.979613	-0.143475
0.38745	0.912662	0.130116
-0.0586896	0.966175	-0.25112
0.305825	0.951807	0.0231082
-0.275384	0.919214	0.281442
-0.199219	0.954931	0.22004
0.30338	0.84545	0.439516
-0.259153	0.965122	-0.0371358
0.137453	0.985749	0.0969863
-0.0704162	0.986295	0.149212
-0.146718	0.974807	0.168004
0.0375104	0.978852	0.201102
0.0458894	0.984005	-0.172129
0.189133	0.981767	0.019007
-0.328607	0.944435	-0.0077239
-0.0298446	0.999077	-0.0308821
0.105385	0.969428	-0.221592
0.123808	0.988992	0.0810313
0.167297	0.985726	-0.018844
-0.327933	0.930095	0.165477
0.189883	0.977368	-0.093256
-0.173179	0.982698	-0.065671
0.101421	0.9603	-0.25988
0.120831	0.960747	0.249729
0.274328	0.898009	0.343982
0.0191635	0.980595	-0.195107
0.125491	0.990548	-0.0553763
-0.203414	0.979076	0.00567968
-0.0944205	0.991084	-0.0940057
-0.0806506	0.996164	0.0339665
0.246002	0.867048	-0.433256
0.168523	0.971718	0.165423
-0.130908	0.942573	-0.307279
-0.110288	0.991796	0.0646322
0.217621	0.975088	-0.0429398
0.137231	0.972555	-0.187894
-0.251468	0.966442	0.0524777
-0.0593041	0.910746	-0.408688
0.283119	0.894426	-0.346186
-0.0804209	0.98635	0.143687
0.060396	0.979948	-0.189879
-0.033798	0.934615	-0.354051
-0.243491	0.969528	-0.0269822
0.416648	0.888509	-0.192239
0.252994	0.929593	-0.268051
-0.0330704	0.99525	-0.0915627
0.429616	0.89914	-0.0835334
-0.176529	0.984077	0.0207503
0.0519877	0.921059	0.385938
0.309514	0.949398	0.0533303
-0.0855911	0.988275	0.126435
0.00746854	0.997915	-0.0641136
0.0145946	0.924246	0.381517
-0.277685	0.960525	-0.0168083
0.216467	0.910655	0.351922
-0.194469	0.977716	-0.0790794
0.173298	0.973626	-0.148392
0.208716	0.976072	-0.0609923
-0.0269175	0.999437	-0.0200522
-0.149914	0.969551	-0.193642
0.156729	0.841463	-0.517085
-0.0669934	0.978121	0.196955
0.262842	0.961668	0.0781616
-0.105596	0.994403	-0.00341024
0.20647	0.978437	0.00560486
-0.170076	0.985429	0.00191565
-0.216922	0.974401	-0.0590548
-0.029371	0.996476	-0.0785715
-0.323863	0.941175	-0.0964445
-0.0294768	0.978535	-0.203961
0.0951109	0.995463	0.00272989
0.138088	0.962713	-0.232627
-0.0820555	0.993321	0.0811155
0.267156	0.963322	0.025276
-0.0575667	0.937871	-0.342176
-0.140084	0.989456	0.0368002
-0.0957642	0.97059	-0.220872
0.291987	0.956341	0.0124638
0.103775	0.967368	-0.231149
0.185825	0.976107	-0.112621
0.0398398	0.987709	0.15114
-0.0838493	0.936217	-0.341273
-0.223929	0.959155	0.172852
0.112995	0.992983	0.0348792
0.225995	0.95263	-0.203523
0.268836	0.955528	-0.121214
-0.11556	0.983655	-0.138092
0.325174	0.943085	-0.0696609
-0.115832	0.975725	-0.185861
-0.21235	0.977149	-0.00934266
-0.349444	0.927473	-0.132976
0.223345	0.907984	-0.354516
0.0116658	0.992197	0.124132
-0.0485491	0.996434	0.0690128
0.0644665	0.899354	-0.432443
-0.0084166	0.99903	0.0432194
0.165061	0.984888	-0.0524466
0.0162434	0.988209	0.152247
0.242569	0.96867	-0.0532778
0.11071	0.870097	0.480285
0.0924375	0.987391	-0.128506
-0.239516	0.95674	0.165168
-0.0853735	0.993217	-0.0789345
-0.129735	0.98891	0.0722903
-0.182895	0.952144	-0.244889
0.152822	0.980173	-0.126123
-0.288653	0.954742	-0.0717462
0.130562	0.991433	-0.00374768
0.0117995	0.985738	0.167873
-0.100959	0.961312	0.256293
-0.0194362	0.990508	0.136073
-0.256591	0.961544	0.0979534
0.22706	0.973724	-0.0174992
-0.109142	0.98643	0.122657
0.00499024	0.991971	0.12637
0.221784	0.969299	0.106166
0.369663	0.92866	-0.0306394
0.388465	0.897305	-0.209617
0.0760677	0.997015	-0.013222
-0.124405	0.978402	-0.165087
0.284811	0.954926	0.0836607
-0.0810574	0.996584	0.0158349
0.21676	0.898578	-0.381541
0.000791051	0.996423	0.0845074
-0.316247	0.89174	0.323709
0.115028	0.988133	0.101793
-0.132677	0.985382	0.106859
-0.0453764	0.950968	0.305943
0.0846633	0.979784	-0.181262
-0.428159	0.891819	-0.146079
0.09481	0.980469	0.172315
0.223236	0.960854	0.164091
0.105142	0.98697	0.121798
-0.275643	0.945158	-0.175207
0.0388325	0.948429	-0.314601
-0.159343	0.963457	0.215314
-0.0279273	0.972334	-0.23192
-0.116277	0.993164	0.0102583
-0.033229	0.972271	0.231483
-0.0756782	0.963273	0.257638
-0.207945	0.649416	0.731449
0.257084	0.941714	-0.216984
0.108766	0.986082	0.12575
0.0859795	0.991721	0.0953749
0.406062	0.91362	-0.0203293
-0.005423	0.876945	0.48056
0.0172273	0.993435	0.113094
0.294656	0.919029	0.261845
-0.0262268	0.984158	0.175343
0.241815	0.915963	-0.320214
0.00979936	0.979396	-0.201711
0.318413	0.900186	0.297116
0.142559	0.984521	-0.101961
-0.634362	0.770673	-0.0603996
0.0502629	0.917249	-0.39513
0.219602	0.967751	0.12342
0.111186	0.993556	0.0220181
0.24617	0.939555	0.237987
0.292635	0.948961	0.117637
0.151244	0.899127	0.410726
0.305241	0.948666	0.0828274
-0.0262213	0.987044	-0.158291
-0.0697587	0.995924	0.0571785
0.233448	0.953711	-0.189569
-0.111427	0.979611	0.167173
0.0687989	0.987538	-0.141544
-0.148188	0.974885	0.166252
-0.0283326	0.93289	-0.359045
-0.315254	0.856235	0.409239
-0.0776403	0.975663	0.20507
0.319363	0.946224	0.0516369
-0.205995	0.933957	0.292046
-0.00675891	0.954265	0.298886
0.308411	0.945501	0.104451
0.000876838	0.988177	0.153313
0.42345	0.891878	0.158885
0.118819	0.992882	-0.00816928
0.331856	0.921338	-0.202505
0.248911	0.961878	-0.11329
0.284455	0.95625	0.0683454
0.134928	0.978771	0.154276
-0.0454446	0.976942	-0.208613
-0.24721	0.964569	0.0921586
-0.285129	0.958351	-0.0162683
-0.3759	0.871186	0.315806
0.31147	0.905582	0.287938
-0.0892403	0.976886	-0.19424
0.130971	0.985663	0.106377
-0.190959	0.94661	0.259739
-0.39527	0.913623	0.0951582
-0.388018	0.919532	0.0624825
0.0170573	0.999734	-0.0154955
0.106851	0.961417	0.253495
-0.220316	0.975428	0.00070716
-0.480909	0.874945	-0.0565482
-0.118452	0.992421	-0.0327157
-0.012931	0.999752	-0.0181549
-0.201939	0.963091	-0.17798
0.0119586	0.984399	-0.175546
0.24113	0.950455	0.196193
-0.141658	0.987208	-0.0731632
-0.0408414	0.999085	-0.0127164
-0.270042	0.852807	0.446987
0.292074	0.951744	0.0942178
-0.0464078	0.987956	-0.147609
-0.293628	0.941629	0.164672
-0.263477	0.911217	0.316644
0.0999241	0.966731	0.235471
-0.00460142	0.996234	0.0865797
0.144098	0.984639	-0.0986008
-0.0297018	0.972412	0.231372
-0.0722413	0.89429	0.441618
-0.0717117	0.962477	0.261715
0.0924824	0.990862	0.0981855
-0.0637478	0.98068	-0.184939
-0.335389	0.831915	0.442077
0.0308746	0.999153	0.0272114
0.15399	0.986031	0.0634791
-0.331154	0.938644	0.0963528
0.012732	0.994602	-0.102975
-0.0120993	0.998038	0.0614257
0.18006	0.969326	-0.167289
0.240381	0.930768	-0.275478
0.166174	0.96549	-0.200537
0.0755669	0.995631	-0.0548456
0.137841	0.957646	0.252814
0.406239	0.908464	-0.0982979
0.437339	0.892348	-0.111577
-0.277908	0.944482	0.175275
0.389443	0.920911	-0.0160597
0.242089	0.956461	0.16302
-0.274548	0.957809	0.0849992
0.0415978	0.949619	-0.310635
0.160101	0.98692	0.0188876
-0.037385	0.941026	0.336262
0.115947	0.970846	0.209798
0.343526	0.911439	-0.226426
0.10066	0.920697	-0.377074
0.174656	0.981537	-0.0779764
0.0925132	0.932531	-0.349038
0.0533956	0.989084	0.137338
0.154832	0.916247	0.369485
-0.0241664	0.998953	-0.0388487
0.184018	0.977824	0.0999886
0.111486	0.912966	0.39251
-0.13159	0.982327	-0.13311
0.215533	0.925709	0.310818
0.229778	0.865382	0.445326
0.153856	0.979962	0.126498
-0.203525	0.966907	-0.153845
0.15572	0.98443	-0.0815352
0.147444	0.970475	0.190889
-0.370524	0.926108	-0.0709698
-0.0262514	0.872491	-0.487925
0.0701139	0.997105	-0.0294247
-0.068071	0.971871	0.225464
-0.340492	0.919529	-0.196296
-0.233933	0.956022	0.176912
-0.101908	0.992675	-0.0648958
-0.191265	0.932842	-0.305326
0.0378793	0.970207	-0.2393
-0.16239	0.975951	-0.14543
-0.0861805	0.948812	0.303857
0.198109	0.942689	0.268497
-0.0498347	0.995306	0.0829602
0.0954349	0.894871	0.436003
-0.213188	0.975706	-0.0504914
-0.0195502	0.992368	0.121754
-0.0771394	0.976244	0.202478
-0.0668272	0.997582	0.0191099
-0.0287401	0.963419	-0.266454
0.447004	0.880091	0.160086
-0.116126	0.959527	-0.25656
0.32135	0.946183	0.0383588
-0.476187	0.87501	0.0872003
0.0536353	0.983744	0.171377
-0.166824	0.951741	-0.257603
-0.0823308	0.996127	0.0308556
0.0291654	0.991906	0.123576
0.0284912	0.999015	0.0340115
0.2752	0.953326	0.124234
-0.00862022	0.989218	0.146197
-0.0881058	0.995199	-0.0426225
-0.0655434	0.994152	-0.0858244
-0.0100269	0.967506	0.252651
-0.159981	0.981481	-0.10536
0.375204	0.926864	0.0119982
-0.0436827	0.989247	0.13958
0.12734	0.991549	-0.024811
-0.0143635	0.905739	-0.423593
-0.115464	0.993305	-0.00371854
-0.357402	0.93385	0.0136687
0.0125251	0.936042	-0.351665
-0.370849	0.882117	0.290416
-0.0611237	0.981147	0.183345
-0.00954363	0.999665	0.0240393
0.170362	0.811025	0.559657
0.501903	0.841558	0.199685
0.108721	0.990473	-0.0845146
-0.07563	0.952984	-0.293432
0.0434004	0.995897	-0.0794123
0.158956	0.987051	-0.0215436
0.255282	0.843233	0.473063
0.206058	0.84091	0.50041
0.100665	0.985975	-0.133116
-0.0658666	0.912152	0.404524
0.0793105	0.986299	0.14465
-0.111814	0.977264	0.180147
0.190279	0.981213	0.0318654
-0.380126	0.921866	0.0752825
0.30288	0.942479	0.141413
-0.224741	0.946995	-0.229548
0.0419525	0.998824	0.0243181
-0.0414111	0.989255	-0.140213
-0.226851	0.950837	-0.210825
0.0284351	0.997443	0.0655688
-0.448895	0.891275	0.0642017
0.144912	0.871674	-0.468172
-0.0794635	0.988511	-0.128579
0.0982176	0.988608	0.114055
-0.233426	0.927275	-0.292699
0.0179377	0.968585	-0.248035
0.0103539	0.996559	-0.0822334
-0.146128	0.931317	-0.33361
0.0839278	0.936588	-0.340233
0.446899	0.869707	-0.2095
-0.130732	0.991359	-0.0107881
0.123774	0.93503	-0.332262
0.0636878	0.997829	0.0167739
-0.112461	0.975858	-0.187228
-0.383656	0.921111	0.0660447
0.492077	0.866111	0.08782
0.383419	0.837205	-0.389972
-0.101697	0.905857	0.411195
0.535552	0.836066	0.119069
0.0131613	0.991333	0.130714
-0.0879675	0.991867	0.0919814
-0.0278657	0.998632	0.0442456
-0.00308956	0.999559	0.0295486
0.318437	0.917581	-0.237999
-0.186272	0.980468	0.0631357
0.317553	0.918622	-0.235146
-0.147861	0.971353	-0.18604
-0.178942	0.966938	-0.181688
-0.365534	0.889792	-0.273232
0.201369	0.96897	-0.143343
0.0727702	0.983042	-0.168323
-0.0500858	0.996504	0.066873
0.150301	0.986893	0.0587434
-0.0635838	0.991783	0.111015
-0.239058	0.946362	0.217371
-0.275684	0.933636	-0.228741
0.011786	0.968802	-0.247554
0.082657	0.931891	-0.353195
0.197535	0.97347	0.115483
0.055979	0.986036	0.15684
-0.0631906	0.968121	0.24238
0.0562272	0.998417	-0.00104128
0.0607827	0.984445	0.164843
0.409521	0.885235	0.22057
-0.0593273	0.996681	-0.0557342
-0.276809	0.960089	0.0400656
0.246009	0.898857	0.362678
0.536914	0.838201	0.0956174
-0.0281743	0.998581	0.045186
-0.161555	0.985583	-0.0502573
-0.101057	0.970727	0.217893
-0.114214	0.991635	0.0601295
-0.0959169	0.975674	-0.197129
0.0393608	0.908976	0.414985
0.535082	0.804025	0.259291
-0.0143324	0.990226	0.138731
-0.372336	0.927947	-0.0167597
-0.246637	0.968545	0.033029
0.0401583	0.999159	-0.00831413
0.0253841	0.997582	-0.0647021
0.236889	0.857885	-0.455979
0.0825993	0.936432	-0.340988
0.226256	0.958835	0.171588
-0.139446	0.989931	-0.0243254
0.000552808	0.97368	0.227918
0.0736499	0.997153	-0.0161644
0.163649	0.923105	0.347989
-0.0860787	0.927484	-0.363817
0.0995128	0.988056	-0.117658
0.194556	0.979267	0.0564244
0.355066	0.930995	0.0847108
0.0491497	0.983178	-0.175914
0.151633	0.981137	-0.119909
0.0178193	0.930601	0.365601
0.00940326	0.999561	-0.0280957
0.239168	0.965992	0.0982792
0.117242	0.937337	0.328108
-0.0923331	0.962495	0.255102
0.285682	0.947329	-0.144753
-0.0624312	0.992594	-0.104205
0.0224902	0.923323	0.383366
0.0792479	0.994567	0.0674928
0.176646	0.938241	-0.29749
-0.460348	0.850748	-0.253589
0.0307359	0.95065	0.308739
0.102916	0.96993	-0.220554
-0.0904772	0.95123	0.294917
0.0937642	0.99559	0.00306794
-0.0278723	0.998562	-0.045796
0.128369	0.944827	-0.30137
0.279408	0.954911	0.10038
0.205219	0.941628	0.266875
0.287885	0.907679	-0.305353
-0.103011	0.98797	-0.115346
0.116291	0.989751	0.0828824
-0.0660835	0.997188	0.0353286
0.328144	0.940648	0.0866148
0.0675255	0.993139	-0.0954701
0.080437	0.953712	-0.289763
-0.19053	0.972609	0.133153
-0.416954	0.901628	-0.114965
-0.00780018	0.951039	0.308973
0.489277	0.871175	-0.0407779
0.513196	0.855477	0.0692051
-0.263252	0.953833	-0.144572
-0.297238	0.941518	0.158723
0.259238	0.949628	0.176077
0.249755	0.938371	-0.238921
0.0640268	0.991707	0.111437
0.613421	0.787561	-0.0588393
0.172244	0.964727	0.199081
0.34922	0.922771	-0.162906
0.333221	0.926985	-0.17223
-0.0630793	0.977678	-0.200415
0.207317	0.977972	-0.0243174
-0.0707456	0.997232	0.0228828
0.0112997	0.978023	0.208191
0.215477	0.960036	0.178605
-0.0486386	0.97685	-0.208323
0.347527	0.937231	0.0286799
-0.195022	0.980627	0.0183317
-0.0120188	0.876465	0.481315
0.326505	0.936209	0.130027
-0.0139848	0.943678	0.33057
-0.178738	0.982842	0.0455518
-0.173234	0.861956	-0.476469
-0.25588	0.91139	0.322325
0.015121	0.995053	0.0981884
0.105509	0.9918	0.0721125
0.0595868	0.985914	-0.156276
-0.196509	0.961957	-0.189798
-0.269487	0.952422	0.14237
0.184031	0.95551	-0.230506
-0.209239	0.977808	-0.0105193
0.225521	0.962955	0.147843
0.199626	0.978292	0.0556156
0.0161042	0.994068	-0.107559
-0.0160949	0.981668	0.189917
-0.0546762	0.97608	0.210425
0.190465	0.955654	-0.224606
-0.167499	0.956792	-0.237684
0.0973776	0.97226	0.212668
0.0908501	0.991439	0.0937779
0.471009	0.862818	-0.183562
0.1851	0.982718	-0.00204141
-0.176139	0.983984	0.0273778
-0.268719	0.943729	-0.192785
-0.383012	0.908429	-0.167509
-0.166627	0.985996	-0.00683357
-0.00363113	0.98485	-0.173371
-0.0810736	0.98383	0.159706
-0.289687	0.926478	-0.240252
0.20729	0.961404	-0.180926
0.254242	0.944641	0.207398
-0.276725	0.958607	0.0670596
-0.0581751	0.985528	-0.159217
0.135142	0.990803	-0.00682537
-0.281067	0.933568	-0.222378
0.0435864	0.987863	-0.149087
0.185512	0.982638	-0.00276283
0.298056	0.948549	0.106849
-0.152173	0.943879	-0.293147
0.0463839	0.956039	-0.289546
-0.0196008	0.960362	-0.278065
-0.0269391	0.999592	-0.00949291
0.360102	0.860067	0.361401
0.238604	0.965304	-0.106093
0.312964	0.925945	0.211375
0.0812989	0.994837	-0.0607429
-0.0961481	0.8789	-0.467216
-0.129594	0.959571	-0.249858
0.380304	0.924661	-0.0192623
-0.00794883	0.996069	0.0882179
0.100812	0.974795	0.199026
0.402463	0.858645	-0.317415
0.175809	0.972506	0.152719
-0.00397212	0.987659	0.156571
-0.00743465	0.999878	0.0137523
-0.207329	0.922283	-0.326204
6.13081e-05	0.999792	-0.0203796
-0.0857998	0.992009	0.0925022
0.196566	0.912892	-0.357756
-0.140659	0.972113	0.187645
0.259212	0.965545	0.0230772
-0.43528	0.894094	-0.105487
-0.0560538	0.938381	0.341026
0.155665	0.970291	0.185215
0.129401	0.983039	-0.12996
0.261847	0.962557	-0.0701435
-0.0855269	0.991683	0.0961794
0.0110049	0.994296	-0.106088
-0.276997	0.915635	-0.291352
-0.157012	0.941258	-0.298966
0.0509508	0.980491	-0.189845
-0.18806	0.952063	0.241265
0.0159825	0.93252	0.360766
0.000342681	0.952656	0.30405
0.125989	0.989551	-0.0701065
0.0179462	0.939927	-0.340904
0.180198	0.981866	-0.0588822
-0.356636	0.924268	-0.136157
-0.114798	0.993358	-0.00787163
0.0719113	0.984604	-0.159322
0.107212	0.994051	0.0191956
-0.0924645	0.961014	0.260581
-0.201571	0.969443	-0.139816
0.243982	0.969683	0.0137383
-0.175164	0.969014	-0.174156
-0.129675	0.927152	0.351531
-0.130622	0.983379	-0.126114
-0.169356	0.976352	0.134373
-0.115521	0.992791	-0.0319416
-0.0427886	0.963544	-0.264107
-0.190364	0.977267	-0.0933282
0.330962	0.936606	0.115038
-0.210044	0.97702	-0.0362539
0.44638	0.894108	-0.0362782
-0.365711	0.907668	-0.205898
0.16729	0.983531	0.0684128
-0.245555	0.967733	-0.0565205
0.0803323	0.991874	0.0986527
0.185298	0.98192	0.038693
-0.300939	0.952935	-0.0367406
0.297278	0.937293	-0.181957
-0.0918329	0.990234	0.104897
0.0427822	0.998381	0.0374803
0.283988	0.910347	-0.30103
-0.108248	0.981172	0.159949
0.301404	0.953015	0.0303015
-0.0484162	0.964054	0.261257
0.115707	0.852342	0.510025
-0.268108	0.959827	-0.0827681
-0.163625	0.98484	-0.0575979
-0.36327	0.929723	-0.0604128
0.131452	0.989569	0.0589291
-0.240462	0.960076	-0.142943
0.0542869	0.997207	0.0512887
-0.215731	0.974418	-0.0630033
0.198595	0.966196	-0.164396
0.00185845	0.914633	-0.404282
-0.209037	0.949087	-0.235664
0.025356	0.999507	-0.0185405
0.010357	0.999854	-0.0135928
0.0492519	0.997587	0.0489351
0.250629	0.966034	0.0629593
0.00787571	0.853656	-0.520778
-0.269592	0.947497	-0.171957
-0.1743	0.959378	-0.22184
-0.329532	0.903529	0.273941
0.00791616	0.999639	0.0256921
0.331148	0.943142	0.0287041
-0.018324	0.982293	-0.186453
-0.107202	0.974425	-0.197494
-0.035496	0.999243	-0.0159411
0.146349	0.952993	-0.265304
0.129238	0.986141	0.104038
0.135019	0.954455	-0.266057
-0.0510719	0.998661	0.00828136
-0.128771	0.978383	0.161817
0.0804982	0.996686	0.0117139
0.182536	0.967888	0.172842
0.166774	0.971352	-0.169297
0.0450445	0.998981	0.00290638
0.163912	0.857901	-0.486969
-0.0750567	0.949797	-0.30373
0.0101534	0.999645	-0.0246171
0.255849	0.965024	0.0571881
-0.275086	0.961256	-0.0177554
-0.0806308	0.986166	-0.144825
0.477087	0.878022	0.0382707
-0.293011	0.952332	-0.084902
0.0369348	0.99639	0.076433
-0.239794	0.949661	0.2016
0.222729	0.967096	-0.122955
0.480217	0.777474	-0.406111
0.0901167	0.968232	0.233251
0.0326333	0.987062	0.156985
-0.2901	0.927105	0.237315
0.195025	0.937328	-0.288757
0.0984924	0.982417	0.158607
-0.00126376	0.974134	0.225967
0.0881867	0.995602	-0.0316312
-0.15623	0.888414	0.431638
-0.0902233	0.994281	-0.0571402
-0.233867	0.96635	0.107115
0.164833	0.985645	0.0365345
0.0533372	0.953373	-0.297044
0.145982	0.801017	0.58057
-0.167961	0.976994	0.131423
0.45526	0.842652	0.287534
0.30621	0.874411	-0.376352
-0.0229311	0.957732	0.286748
-0.0542344	0.959209	-0.277447
0.0376386	0.966029	0.255679
0.312986	0.825717	0.469288
-0.176933	0.978686	0.104249
0.14079	0.975842	0.167064
0.071579	0.991199	-0.111358
-0.29091	0.946188	-0.141773
-0.00636054	0.999906	0.0121234
0.157961	0.987351	-0.0136143
0.0397935	0.954875	0.294328
-0.229509	0.8963	-0.379436
-0.058871	0.997686	-0.0340035
0.0563835	0.997202	-0.0490847
0.110419	0.968422	-0.223533
0.0151449	0.860644	-0.508982
0.331701	0.937995	-0.100697
0.140339	0.979863	0.142036
0.067609	0.957271	-0.281179
0.124554	0.989923	0.0673782
0.317403	0.94828	-0.00450044
0.052526	0.99298	0.105981
0.152834	0.91837	-0.365019
0.107246	0.991274	0.0766412
-0.235009	0.970196	-0.0590783
0.544006	0.831785	-0.110413
-0.0893638	0.985241	0.145992
-0.162057	0.94181	-0.294501
-0.204767	0.9568	-0.206408
-0.0800801	0.984382	-0.156778
-0.279846	0.959489	0.0326742
-0.127297	0.991864	0.00106762
0.352621	0.926965	0.128043
0.128481	0.976457	0.173278
0.441513	0.889936	-0.114365
-0.0634952	0.997931	-0.0100914
-0.202016	0.92461	-0.322934
0.123181	0.967124	-0.222482
0.186921	0.964718	-0.185416
-0.101859	0.88292	0.458341
0.0866965	0.889177	-0.449276
-0.00163172	0.998658	0.0517731
0.180641	0.978205	0.10239
0.179737	0.983648	0.0114365
0.330673	0.942585	0.0467887
0.340427	0.852911	-0.395794
0.240406	0.786822	0.568433
-0.168556	0.964404	0.203749
-0.0842405	0.990274	0.110729
-0.426561	0.895718	0.125439
0.326891	0.942736	0.0662652
-0.0322719	0.999448	-0.00785519
-0.0118443	0.99903	-0.0424024
0.240536	0.944891	0.222089
-0.173434	0.969202	0.174837
-0.0951543	0.970209	0.222802
0.0702706	0.995844	-0.0579346
0.014097	0.997449	0.0699839
0.205099	0.91345	0.351489
-0.0405428	0.99398	-0.101784
0.281751	0.959038	-0.0293634
0.146863	0.958178	-0.245613
0.303942	0.952316	-0.0267246
0.0706298	0.988601	0.132966
-0.12282	0.982532	-0.139807
-0.153755	0.974021	0.166262
-0.342027	0.933919	-0.103983
-0.131509	0.985405	-0.108085
-0.0125025	0.982676	-0.184909
0.0613512	0.971152	-0.230433
-0.265963	0.957303	-0.113293
-0.310766	0.95038	0.0142509
-0.0772569	0.995466	0.0554844
0.125859	0.963989	0.234276
0.0883974	0.983445	0.158184
0.257985	0.963561	0.070661
-0.0297834	0.965182	0.259877
0.115775	0.968904	-0.218681
-0.127418	0.99096	-0.0419925
-0.00969364	0.962245	0.272011
-0.3665	0.898214	-0.242672
0.0391322	0.991811	-0.121568
0.390182	0.919894	0.0394037
0.152927	0.987889	0.0262594
0.0269785	0.915442	-0.401546
-0.248332	0.946397	-0.206551
0.262569	0.957184	0.121889
0.289648	0.950002	-0.11662
0.120916	0.99189	-0.0391651
-0.324127	0.931757	0.163618
-0.0954623	0.986521	0.132901
0.331336	0.92557	0.183128
0.00915734	0.993707	-0.111637
-0.0789058	0.989175	-0.123717
-0.0321502	0.989961	-0.137633
-0.305204	0.937275	-0.168423
0.445902	0.889409	-0.100614
0.365822	0.906897	0.209077
0.0548837	0.975797	-0.211677
0.062381	0.980887	-0.184309
-0.0335725	0.995387	-0.0898756
-0.0761581	0.997028	0.0116653
-0.0495075	0.986956	-0.153188
-0.188125	0.982052	-0.0135545
0.343083	0.926919	0.152037
0.0432257	0.979091	0.198778
-0.0820933	0.976939	0.197109
-0.146017	0.977218	0.154027
0.117681	0.872537	-0.474163
-0.166203	0.968355	-0.186186
0.186681	0.946703	-0.262496
-0.06991	0.992507	-0.100213
-0.240275	0.963403	0.118836
0.0731736	0.980579	0.181961
-0.220032	0.940608	0.25854
-0.0894276	0.983602	0.156617
-0.00791189	0.997696	0.0673758
0.18517	0.967474	0.172354
-0.049878	0.975799	-0.212906
0.197233	0.953047	-0.229782
0.289434	0.946809	0.140646
-0.202655	0.90535	0.373192
0.00720057	0.997045	0.0764821
0.0318202	0.976758	0.211972
0.0283911	0.999101	-0.031493
-0.116059	0.960944	-0.251232
0.0723681	0.995134	0.066874
0.0231601	0.86909	0.494111
-0.266459	0.962298	0.0546159
0.0277987	0.997678	-0.0621825
0.0930749	0.972429	-0.213818
0.211452	0.976482	-0.0420866
0.0478025	0.998211	0.0359056
-0.295048	0.933446	-0.204021
0.182878	0.982756	0.0273283
-0.187971	0.93777	0.291985
-0.0514219	0.980863	0.187788
0.220067	0.969951	-0.103758
0.126472	0.991685	0.0237771
-0.0712945	0.997062	0.0280053
0.382542	0.903812	-0.191795
0.460929	0.861597	-0.212591
0.0899685	0.967086	0.238011
-0.121538	0.992407	-0.0188724
0.302275	0.937332	0.173319
0.422337	0.896751	0.132167
0.268533	0.945533	0.184001
-0.127725	0.977925	-0.165376
0.0107342	0.960485	-0.278125
-0.165039	0.985883	0.0282147
0.129707	0.972036	-0.195759
-0.173092	0.98438	-0.0321787
0.142354	0.98981	0.00334871
-0.311733	0.920699	-0.234809
0.00821533	0.998075	-0.0614682
0.163804	0.986355	-0.0164734
0.414484	0.909837	0.0199774
0.267839	0.96343	0.00805191
-0.214584	0.968325	-0.127676
-0.0479942	0.963429	-0.26363
-0.516977	0.787889	-0.334613
-0.179862	0.979603	-0.0896007
-0.258989	0.939503	0.224184
0.293436	0.950664	-0.100665
0.412147	0.89876	-0.14955
-0.236625	0.811394	0.534462
-0.0291	0.99429	-0.102669
-0.145855	0.969953	0.194723
-0.161603	0.835105	0.525817
0.222746	0.972527	-0.0676467
0.0883332	0.904316	0.417623
-0.12644	0.990551	-0.0531128
0.0597978	0.997627	0.0341147
-0.037017	0.984724	0.170145
0.0847556	0.99279	0.0847655
0.117987	0.992975	-0.00889401
-0.10773	0.987379	0.116093
-0.197325	0.977396	-0.0758891
-0.450688	0.856026	-0.25318
0.209966	0.973914	-0.0860534
0.218581	0.968416	0.119974
0.188162	0.942191	0.277256
0.353662	0.923579	0.14807
0.0248257	0.999094	0.0345807
-0.177507	0.978134	-0.108376
-0.444452	0.886938	-0.125711
0.0761283	0.994937	-0.0656116
0.139585	0.943483	-0.300594
-0.0152659	0.997155	0.0738194
0.00637141	0.999973	0.00354871
0.141687	0.978947	0.146926
0.0825982	0.984383	0.155459
-0.0335795	0.992892	-0.114188
-0.0806455	0.996548	-0.0196967
0.321067	0.930083	-0.178497
-0.316109	0.939567	0.131486
-0.0563745	0.977217	-0.204617
-0.349315	0.925152	0.148571
-0.193798	0.928012	0.318176
-0.0904459	0.992595	0.0810832
-0.0376667	0.913997	0.403969
0.0488673	0.984785	0.166764
-0.150622	0.97707	0.150493
-0.0271301	0.987218	-0.157048
0.0192663	0.969014	0.246255
-0.156863	0.907524	0.389607
0.0168256	0.999523	-0.0258952
0.328506	0.94081	-0.0834224
0.442868	0.879069	0.176368
0.0824438	0.994134	0.0700036
0.277335	0.953627	-0.116969
-0.0835911	0.863582	0.49723
0.130047	0.985278	0.110971
-0.134881	0.972788	-0.188387
-0.126071	0.986502	-0.104503
0.116181	0.97344	0.197271
0.0750782	0.99706	0.0153433
0.307649	0.838267	-0.450178
0.0465841	0.455092	0.889225
-0.0232095	0.999314	-0.0288462
0.0689857	0.990088	-0.122338
-0.207385	0.963557	0.168966
-0.173115	0.966119	-0.191431
-0.0268337	0.995626	-0.0894922
-0.12892	0.945615	0.298651
0.201778	0.977879	-0.0551225
0.12531	0.99192	-0.0197918
-0.238674	0.944477	0.22583
-0.300794	0.873081	0.383734
0.0521441	0.986211	0.157062
-0.0994457	0.976737	-0.189989
0.175247	0.983606	0.0425101
0.369156	0.926415	-0.0740285
0.0111338	0.979003	-0.203541
0.196089	0.980541	-0.0094328
0.0753039	0.984578	-0.157907
0.000683095	0.950253	-0.311478
-0.260927	0.953636	-0.149987
0.0834357	0.996465	0.00975251
0.404685	0.909391	0.0961137
0.174033	0.971039	-0.163692
0.12817	0.981168	-0.144508
0.0589788	0.970704	-0.232929
0.160833	0.98036	0.114141
0.0130374	0.971653	-0.236054
0.112645	0.991057	-0.0715356
-0.183928	0.969053	0.164642
0.340968	0.934618	-0.101141
0.287755	0.943574	0.163905
0.234148	0.957909	-0.166086
-0.0606107	0.983525	-0.170311
-0.097024	0.986437	0.132396
-0.190052	0.979575	0.0656763
-0.362659	0.880203	0.306138
0.288595	0.927902	0.23603
-0.0313701	0.999411	-0.0139349
-0.113039	0.939768	0.32258
-0.107953	0.985941	-0.127542
0.00690493	0.99956	0.0288541
-0.0802341	0.968963	0.233821
-0.346003	0.911879	0.220812
0.219595	0.9637	0.151856
-0.137299	0.976147	-0.168185
-0.215849	0.970763	0.105012
-0.337477	0.937798	-0.081515
-0.347995	0.880067	-0.323083
-0.0870806	0.99048	0.10661
-0.121647	0.983087	0.136899
0.155229	0.96408	0.215529
0.243433	0.962692	-0.11817
-0.189755	0.975266	0.113352
0.14125	0.961876	-0.234185
-0.136441	0.981978	-0.130782
-0.384065	0.847511	-0.36636
0.193508	0.980877	-0.0208605
-0.0115335	0.998523	-0.0530934
0.167688	0.983339	0.0701851
0.282942	0.92766	-0.243701
0.374716	0.927027	-0.0144714
-0.484399	0.874589	-0.0212698
0.00289327	0.932969	0.359946
-0.13793	0.948347	-0.285681
0.0188629	0.994271	0.105215
-0.0898034	0.995279	-0.0368161
0.403665	0.863105	0.303488
-0.0105524	0.997846	0.0647408
0.45683	0.886613	-0.0722694
0.310208	0.946659	0.0872181
-0.0439199	0.980968	0.189139
-0.551861	0.828355	0.0963227
-0.0119281	0.999868	0.0110735
0.21892	0.961284	-0.167351
0.267609	0.958518	0.0981297
0.195295	0.971815	-0.132042
0.135057	0.778892	0.612444
0.555406	0.767716	0.319588
0.177607	0.957485	-0.227329
0.163466	0.983574	0.0765535
-0.134054	0.96586	-0.221683
-0.120949	0.987869	0.0973963
0.255471	0.966746	0.0116729
0.115842	0.987203	0.109598
0.0826425	0.967019	0.240924
-0.359047	0.920368	0.154943
0.170136	0.982933	-0.0699805
-0.76366	0.621492	-0.174844
0.418204	0.903566	0.0931372
-0.197873	0.978915	0.0507011
0.0490594	0.997563	0.049618
0.0593088	0.998084	-0.0176424
-0.290884	0.953747	-0.0758488
0.410673	0.886779	-0.212063
0.118233	0.992489	0.0314132
-0.146627	0.985912	-0.080485
0.221821	0.971406	0.0846564
0.174269	0.984693	-0.00325774
0.418654	0.889939	-0.180933
0.0325198	0.99895	0.0322606
0.027827	0.996878	-0.0738964
0.339465	0.939549	0.0448425
-0.129067	0.991633	-0.00230984
0.506661	0.844271	-0.174646
0.259642	0.916101	0.305524
0.16536	0.965981	-0.198836
-0.0519337	0.982869	-0.176839
-0.0276283	0.998505	0.047172
-0.294597	0.924141	0.243262
-0.299278	0.948932	0.0997996
0.348527	0.865836	-0.358968
-0.0628732	0.995493	0.0709996
-0.150437	0.987855	-0.0388676
0.225789	0.963139	-0.146228
0.239507	0.968971	0.0610816
-0.190822	0.981525	-0.0139738
-0.0931048	0.995644	0.00494399
0.183476	0.978563	-0.09355
0.181713	0.883797	-0.431142
-0.0359264	0.946182	0.321636
-0.0434374	0.997419	0.0571765
0.0430291	0.981807	-0.184942
0.279606	0.958046	0.0629958
0.21904	0.97168	-0.0886546
0.0839177	0.996465	-0.00397166
0.055628	0.984606	-0.165702
0.240712	0.901173	0.360478
-0.188539	0.884758	0.426211
0.195498	0.970013	0.144411
0.247494	0.957914	-0.145422
0.0633854	0.932243	-0.356237
0.31537	0.948317	0.0351639
0.356261	0.924401	-0.136239
-0.00301345	0.839867	0.542784
0.155412	0.979933	0.124814
-0.0359663	0.933673	-0.356317
0.45489	0.890482	0.010829
0.236982	0.964069	-0.120042
-0.252847	0.958725	0.13006
0.157155	0.986208	0.0519268
0.242333	0.969577	-0.0345733
0.20601	0.978533	-0.00571151
-0.329328	0.944183	-0.00782104
0.058207	0.992701	-0.105629
0.113556	0.981832	0.152021
-0.149444	0.984484	0.0919706
-0.0235945	0.995464	-0.092163
-0.101009	0.990766	-0.0904472
0.216646	0.913184	0.345194
0.273152	0.956734	-0.100243
-0.0254348	0.999676	-0.000233492
-0.127393	0.955076	0.267583
-0.307516	0.914072	-0.264398
-0.0839023	0.984853	0.151739
-0.0297507	0.952799	0.302142
0.0292908	0.98089	0.192343
0.142223	0.803289	-0.578359
0.27265	0.951563	-0.142093
-0.0190958	0.99206	0.124305
-0.0612555	0.989401	-0.131654
0.0192881	0.980406	0.19604
-0.0545139	0.984111	0.168979
0.0862967	0.983935	0.156285
-0.0139818	0.986907	-0.160682
0.0573708	0.995409	-0.0766184
0.0269314	0.972811	0.230029
0.0711084	0.921948	0.38073
0.0039474	0.992191	0.124662
0.170338	0.90976	0.378579
0.530015	0.843043	-0.0914442
-0.195976	0.971634	-0.132365
-0.0274609	0.999573	-0.00993865
0.034242	0.993614	0.107515
-0.130277	0.969929	-0.205587
-0.0627049	0.994999	-0.0777454
0.441234	0.884897	0.149233
-0.162204	0.986275	-0.0308613
0.171378	0.973944	0.148534
-0.156129	0.897589	0.412259
-0.00969564	0.997428	0.0710164
-0.104886	0.994473	-0.0047522
-0.113467	0.993506	0.00841925
-0.125263	0.926517	-0.35479
-0.215007	0.976513	0.0139634
-0.0239636	0.99029	-0.136937
0.118211	0.992888	0.0141058
-0.136887	0.936231	-0.323625
-0.230239	0.948776	0.216365
0.195171	0.977168	0.0839641
-0.0128557	0.987597	-0.156482
0.231561	0.960446	0.154671
0.182285	0.974336	0.132066
0.268115	0.960717	-0.0716688
-0.0501133	0.971752	0.230624
-0.080905	0.943636	-0.320943
0.0519569	0.966587	0.251016
0.492418	0.860226	0.13242
0.305343	0.950097	0.0638788
0.028483	0.984663	0.172126
0.221968	0.966064	-0.132099
0.248009	0.904335	0.347376
0.109835	0.951351	-0.287868
0.0516807	0.998661	0.00239946
0.0729917	0.995804	-0.0551898
0.319471	0.946141	-0.0524887
-0.0919805	0.928817	-0.35894
0.0228686	0.996471	-0.0807614
-0.0815353	0.964637	-0.250655
0.323619	0.941616	-0.0929022
0.239832	0.962126	0.129592
-0.377104	0.847881	0.372679
0.0733995	0.996537	-0.0390606
-0.0849868	0.995981	-0.0282583
0.112097	0.960108	-0.256177
-0.0612458	0.975343	-0.212026
0.00836089	0.999532	0.0294403
0.0886669	0.968061	0.234513
-0.115285	0.974228	0.193879
-0.0262042	0.985955	-0.164944
-0.0112221	0.992775	-0.119467
-0.0455982	0.930397	0.363706
-0.177903	0.984048	0.000725245
-0.134347	0.96078	-0.242596
0.114328	0.982906	0.144307
-0.295058	0.954378	-0.0458625
0.0184323	0.996144	0.0857748
0.105392	0.974708	-0.197072
-0.166979	0.985946	-0.00530722
-0.268144	0.928882	-0.255495
-0.437965	0.89887	-0.0147898
-0.0673752	0.987497	0.142517
0.153644	0.981161	0.11712
-0.00613754	0.956061	-0.293103
0.375083	0.787453	0.489112
0.0569154	0.995309	0.0782392
0.129249	0.987848	-0.0863194
-0.179819	0.898125	-0.401295
0.261459	0.964906	0.0244194
-0.191842	0.980929	0.0312158
-0.0130057	0.990685	-0.135551
0.330155	0.919444	0.21359
0.27962	0.949111	0.144919
0.0484157	0.96765	-0.247606
-0.325631	0.908671	-0.261307
-0.104496	0.917692	0.383305
-0.0874698	0.986236	-0.14031
0.210509	0.973754	-0.0865378
0.00323229	0.978366	-0.206858
0.0197147	0.977635	-0.209383
0.142168	0.904633	-0.40178
0.0786276	0.940693	-0.33002
-0.283146	0.94641	-0.155359
-0.12065	0.92076	0.371004
0.181146	0.966412	0.1823
0.403675	0.893318	-0.197559
0.170729	0.979759	-0.104521
-0.250845	0.964174	0.0862826
-0.267311	0.810977	-0.520444
-0.0376565	0.950993	-0.30691
0.216978	0.969995	0.109682
-0.211992	0.959637	0.184814
0.146828	0.938163	0.313514
0.0548101	0.963993	-0.260216
0.00465817	0.999938	0.0100912
0.127848	0.980528	-0.149062
0.0187553	0.985531	-0.168456
-0.144084	0.98807	0.0543883
0.004575	0.99864	0.0519405
0.1738	0.978894	-0.107521
0.0159503	0.998526	0.0518828
0.309237	0.949341	-0.0558982
-0.0482392	0.938537	0.341791
0.062605	0.980467	0.186455
-0.417608	0.892107	-0.172478
-0.119542	0.990498	-0.0679902
0.105525	0.989097	0.102725
0.169124	0.983179	-0.0689629
-0.0699665	0.958186	-0.277462
0.115544	0.986768	0.113745
0.132264	0.987088	-0.0903521
0.119866	0.99156	-0.0494086
-0.18662	0.934856	0.302023
-0.230638	0.932682	0.277326
-0.235456	0.960245	0.149968
-0.272567	0.961947	0.0191206
-0.357114	0.913049	-0.197006
-0.212328	0.830617	-0.514773
-0.194317	0.906495	-0.374844
-0.0100744	0.978801	0.204564
-0.49945	0.859123	-0.111616
-0.0659353	0.951144	0.301624
-0.163771	0.981694	-0.0972386
-0.0480984	0.983828	0.172537
0.427248	0.881773	-0.199836
0.108369	0.986702	0.12114
0.308813	0.947819	-0.0792019
0.27631	0.96014	-0.0422486
0.00354751	0.982774	-0.184777
-0.470203	0.879422	-0.0743425
0.145214	0.988233	0.0480396
0.291454	0.955813	-0.0384197
-0.0742562	0.98982	-0.121418
0.222486	0.974417	0.0317929
0.174025	0.952898	-0.248396
0.0551765	0.996235	0.0668678
0.000996729	0.991199	-0.132377
0.167709	0.932023	0.321258
0.236333	0.969049	0.07135
0.0832852	0.993241	-0.0808405
-0.0656808	0.971167	0.229174
-0.126731	0.947031	-0.29508
0.230699	0.972611	-0.0283931
-0.137746	0.894653	-0.424997
0.288463	0.949851	-0.120713
0.0149569	0.963357	-0.267805
0.227672	0.948936	-0.218372
-0.154486	0.921373	0.35666
-0.504414	0.860528	-0.0711245
0.202926	0.96442	0.169452
0.0883379	0.937053	-0.337828
-0.043967	0.993017	-0.109471
-0.14494	0.963409	0.225466
0.306173	0.949657	-0.066405
-0.018037	0.986722	-0.161414
-0.291992	0.948037	-0.126356
0.17553	0.984157	0.0250002
0.283299	0.949591	0.134235
0.0667682	0.993545	-0.0917083
-0.163655	0.983701	-0.074492
-0.075899	0.990413	-0.115417
-0.0137085	0.998538	0.0522851
0.0980662	0.980168	-0.172202
0.154939	0.977621	-0.142309
-0.129928	0.989074	0.0696527
-0.145898	0.985007	-0.0920546
-0.402688	0.912851	0.0674268
-0.283897	0.831895	0.476815
0.237785	0.957387	-0.163917
0.526033	0.840867	0.127406
0.145996	0.975325	-0.165607
-0.13251	0.959878	0.247135
-0.0440034	0.981639	0.185604
-0.103265	0.966367	-0.235525
0.357362	0.920992	-0.155134
-0.234742	0.954854	-0.182072
0.388894	0.914939	-0.107932
-0.178618	0.977917	-0.108507
-0.0190186	0.999612	0.0203603
0.476629	0.858759	0.188035
-0.246838	0.940244	-0.234546
0.0527137	0.952833	0.298883
-0.362147	0.932049	-0.0115969
0.35949	0.927079	-0.106258
0.0374671	0.989137	-0.142139
0.00355502	0.982341	0.187065
0.544817	0.838539	0.00519897
-0.250228	0.962821	0.101792
0.094614	0.990092	0.103757
0.0148389	0.79977	-0.600122
0.0440035	0.98844	0.145085
-0.146656	0.987409	-0.0592866
-0.180691	0.982699	0.0406563
-0.42284	0.906014	0.018577
0.175407	0.984386	0.014691
0.0977754	0.992204	-0.0772708
-0.179764	0.978576	-0.100373
0.150584	0.977147	-0.150029
0.44295	0.896286	-0.0216001
0.112291	0.986404	0.119989
0.0513523	0.946524	-0.318522
-0.10076	0.994667	0.0220162
0.0616072	0.979035	0.194151
0.12288	0.949749	0.287883
0.285406	0.946898	0.148081
0.102885	0.986057	-0.130789
0.21169	0.955906	0.203546
-0.0942801	0.968425	0.230789
-0.0404986	0.901583	-0.430707
0.0866702	0.996195	0.00917641
-0.146551	0.986926	0.0670834
-0.0146594	0.994248	0.106093
0.225933	0.974085	0.0106633
0.315988	0.905765	0.282386
0.109792	0.973666	0.1998
0.133188	0.967469	-0.21509
0.126745	0.983523	-0.128911
-0.0954473	0.995299	-0.0164393
0.4216	0.833105	0.358035
0.34463	0.813195	0.468982
0.442472	0.881054	0.16722
0.160035	0.971679	0.173865
0.268934	0.916226	0.296992
0.191511	0.98124	-0.0221848
0.242794	0.960585	-0.135378
0.0643622	0.997571	-0.0266523
0.350267	0.934954	-0.05634
0.0180256	0.969511	-0.244383
-0.0103578	0.998308	-0.05722
0.0334712	0.983257	0.179125
0.39493	0.900359	-0.182714
0.411172	0.883223	0.22551
-0.0469891	0.998616	-0.0236183
-0.147578	0.989049	-0.00154999
0.0447282	0.998587	-0.0286818
0.251742	0.953526	0.165571
-0.0451574	0.993928	0.100336
-0.208625	0.899963	0.382808
-0.273734	0.961209	-0.0338536
0.133474	0.990426	-0.0352403
0.0809336	0.989008	0.123748
0.370951	0.896745	0.241337
-0.128968	0.990622	-0.0451219
8.46203e-05	0.967705	-0.252086
0.154911	0.972507	0.173875
0.0867731	0.995239	0.0443913
0.361934	0.926741	-0.100777
-0.0456189	0.995184	0.0867616
0.26205	0.963285	0.0584107
-0.253208	0.918522	0.303649
0.409358	0.901059	0.143244
-0.0420236	0.983656	-0.175087
-0.0462866	0.993072	0.108005
-0.228037	0.960457	-0.159753
-0.0977629	0.994025	-0.0485536
-0.230284	0.958177	0.1699
0.199668	0.87299	-0.444996
-0.114572	0.926355	0.358803
0.235139	0.837987	-0.49243
-0.0107347	0.993591	-0.112527
0.0273229	0.894253	-0.446727
0.0342199	0.999183	-0.0214896
-0.178631	0.935654	0.304372
0.0818348	0.9926	-0.0897106
0.210918	0.849091	0.484311
0.029577	0.998312	-0.0499761
-0.0112831	0.982363	-0.186641
0.0891836	0.946575	0.309906
0.1996	0.960959	0.191619
-0.252331	0.967183	-0.0297624
0.0774544	0.981612	-0.174468
-0.00861668	0.975375	0.220382
-0.204185	0.971222	0.122621
-0.145509	0.986449	-0.0758041
0.257033	0.965163	-0.0489266
-0.242478	0.962963	-0.117925
-0.0947886	0.993658	0.0604938
-0.135352	0.988711	0.0642628
0.0849606	0.996378	-0.00355859
0.10791	0.980148	-0.16633
-0.021479	0.993803	-0.109065
-0.0231107	0.997779	-0.0624815
-0.133882	0.980724	-0.142325
-0.00143905	0.977956	0.208807
-0.0999038	0.939399	0.327947
0.435542	0.871122	0.226826
0.162666	0.963966	0.210497
0.226724	0.966827	-0.117651
0.124491	0.992063	-0.017686
-0.191116	0.981314	-0.0222969
-0.179213	0.979881	0.0878366
0.489518	0.862869	-0.125811
-0.0515111	0.970906	0.233854
-0.253571	0.952716	0.167437
-0.134915	0.986895	-0.0885255
-0.134406	0.990638	-0.0239198
0.185157	0.971708	0.146631
0.0200284	0.994037	-0.107185
0.221172	0.973752	0.0537537
-0.163094	0.974811	0.152129
0.461521	0.886871	0.0213772
0.118339	0.987783	-0.101391
0.227238	0.97343	-0.0282179
0.0186989	0.994211	-0.10581
0.0937968	0.937882	-0.334034
-0.0384421	0.998401	-0.0414507
-0.169665	0.968685	0.181284
0.281062	0.943563	-0.175192
0.124873	0.979067	-0.160729
-0.0279285	0.965627	-0.258425
-0.371834	0.917612	0.140457
-0.201385	0.969383	-0.140505
0.310791	0.941935	0.127148
0.021099	0.988919	-0.146949
-0.345199	0.931296	-0.116296
-0.154703	0.98382	-0.0903582
-0.242969	0.96985	-0.0189092
0.0739698	0.996949	-0.0249293
0.240891	0.97039	0.0177659
0.0690772	0.996043	-0.0559129
-0.0539656	0.966287	0.251749
-0.0660665	0.981513	-0.179631
0.229835	0.97289	-0.0257181
-0.468481	0.804104	0.365982
-0.112253	0.988649	-0.099861
0.192604	0.971845	0.135724
0.162392	0.985541	-0.0483498
0.00522431	0.998964	-0.0451976
0.0318246	0.991534	0.125886
0.413389	0.910481	0.011586
-0.262618	0.828678	0.494292
-0.27116	0.962496	0.0086214
-0.313014	0.947817	0.0605385
-0.12453	0.992207	-0.00413213
0.176625	0.98407	0.0202534
0.220418	0.97514	0.0227701
0.10326	0.861598	0.496977
0.0766828	0.992242	-0.0978594
-0.139641	0.989077	0.0472012
-0.0619416	0.99492	0.0793573
-0.158897	0.94662	-0.280468
-0.170803	0.972552	-0.158018
0.134112	0.890135	0.435516
-0.0525647	0.994641	0.0890286
0.146711	0.988114	0.0458903
0.0204088	0.988148	0.152144
-0.222027	0.890521	0.397085
0.189671	0.97362	-0.126846
-0.0281442	0.948603	-0.315214
-0.15843	0.927239	0.339306
-0.0133381	0.900203	-0.435266
0.0287673	0.998019	0.0559581
-0.0987979	0.993781	0.051369
-0.0687071	0.913496	0.401003
0.0831752	0.990924	-0.105603
0.120889	0.990333	0.0680203
0.235908	0.968543	-0.0791993
-0.395247	0.914469	-0.0867558
0.00291518	0.995179	-0.0980287
0.39745	0.905625	-0.147907
0.322899	0.946345	0.0129597
0.360798	0.9293	0.0788996
-0.157292	0.987064	0.0310467
-0.183554	0.979382	-0.0843692
0.212763	0.963918	-0.15998
-0.308587	0.929714	0.201014
0.511389	0.853318	0.101634
0.0348493	0.995557	0.0874767
0.146405	0.986415	0.0745008
0.296454	0.955015	0.00782751
0.189784	0.98072	-0.0465795
0.307545	0.934574	-0.178853
-0.142699	0.989758	0.0040698
-0.272263	0.951334	-0.144349
-0.0869796	0.995398	0.0402086
-0.240148	0.940222	0.241477
-0.36114	0.930604	0.0596073
0.262561	0.961274	-0.0837535
-0.558601	0.818154	0.136343
-0.240833	0.952696	-0.185389
0.00902673	0.957793	0.287317
-0.178306	0.95542	0.235331
0.0551443	0.998478	-0.000324805
-0.0990747	0.992572	0.0706042
0.220876	0.966148	0.133309
0.152949	0.978145	-0.140848
0.459759	0.859564	-0.223095
0.105355	0.994408	0.00727493
-0.158408	0.976842	-0.143826
0.120993	0.992503	-0.017279
-0.0536275	0.998027	0.0326528
0.0359732	0.997336	0.0634508
0.124014	0.954244	-0.272101
-0.191501	0.966915	0.16853
0.282674	0.956982	-0.0654288
-0.101779	0.93201	-0.347849
0.244487	0.953962	-0.173728
0.316383	0.939093	-0.134186
0.160872	0.979574	-0.120643
-0.0979832	0.987404	0.124232
0.33442	0.899396	-0.281513
-0.0146836	0.995494	-0.0936859
0.015011	0.99848	-0.0530324
0.247406	0.901975	-0.353879
0.00986675	0.997066	-0.075903
-0.215789	0.950441	0.223824
0.0478722	0.884619	0.463851
-0.172629	0.981992	-0.0767532
-0.330088	0.931786	0.151051
-0.200144	0.965641	-0.165772
-0.0240721	0.910877	-0.411974
0.126044	0.992012	0.00491249
-0.243343	0.936253	-0.253405
-0.0111475	0.99467	0.102505
-0.0617389	0.981211	0.182792
-0.228694	0.935659	-0.268776
0.165022	0.934928	0.31413
-0.234388	0.957993	0.165265
-0.0924085	0.985218	0.144241
-0.0402628	0.981517	-0.187091
-0.0604452	0.966102	-0.250984
0.244185	0.946305	0.21185
-0.305458	0.951136	0.0451187
0.277231	0.957955	-0.0739285
-0.507388	0.824141	0.251692
-0.0951909	0.971282	0.218062
0.275812	0.922397	-0.27039
-0.294119	0.938385	0.181461
0.061728	0.98179	-0.179664
0.030361	0.99933	0.02046
-0.0717064	0.981359	-0.178305
-0.327177	0.94217	0.0725937
-0.169628	0.981703	-0.0865163
-0.0309822	0.999167	-0.0265509
-0.152715	0.974116	-0.166662
-0.0537369	0.972865	-0.225047
0.469348	0.882355	0.0340751
-0.0754776	0.990775	-0.11255
0.104044	0.954416	0.27976
-0.101686	0.975413	0.195521
-0.00649016	0.959769	0.280714
0.351215	0.936284	0.00441239
0.10027	0.943773	0.315022
0.464215	0.884738	0.0417638
0.117733	0.990428	0.0720487
-0.221823	0.966436	-0.129598
0.0796735	0.973004	-0.216601
0.244596	0.934601	0.258253
0.457559	0.886355	-0.0708147
0.159302	0.958647	0.235838
0.0322174	0.994664	-0.0980097
-0.151144	0.946052	-0.286602
-0.0982995	0.939562	-0.327963
-0.33732	0.887984	-0.312569
0.445527	0.859565	0.250306
0.0659394	0.836556	0.543899
-0.252567	0.965188	0.0679811
0.383547	0.923194	0.0245869
0.101014	0.988137	-0.115681
0.144576	0.95287	-0.266713
-0.139709	0.990111	-0.0126864
0.286998	0.953408	-0.0929799
-0.032085	0.878054	-0.477485
0.0890371	0.970827	-0.222635
-0.114281	0.992426	-0.0450519
-0.110084	0.99366	0.0228437
0.315198	0.948966	0.0107087
-0.113334	0.946708	-0.301494
0.290041	0.944667	0.153234
0.151154	0.966603	0.206956
-0.000957467	0.941004	0.338393
-0.251563	0.937822	-0.239176
-0.0333285	0.978577	-0.203164
-0.238606	0.966026	0.0993043
-0.135957	0.988337	-0.0685993
0.230201	0.959564	0.162001
0.00457303	0.999956	0.00824176
-0.0856952	0.929525	-0.358663
0.340914	0.937277	-0.0727258
0.0524504	0.984808	0.165537
-0.516328	0.853588	-0.0692236
-0.250014	0.828641	-0.500846
-0.168707	0.984865	-0.0397431
0.211045	0.970471	0.116821
-0.0331201	0.989287	-0.142179
0.290939	0.911125	0.291901
-0.156516	0.880562	0.44734
-0.224221	0.97034	-0.0903654
0.316323	0.918327	-0.23794
-0.0489167	0.994922	-0.0879662
0.0560707	0.962187	-0.266558
-0.105392	0.948475	-0.298809
0.196158	0.952722	-0.232043
-0.00337999	0.996593	-0.0824024
0.139523	0.987612	-0.0717978
0.183062	0.942209	-0.28059
-0.0366298	0.912595	-0.407221
-0.144714	0.976193	-0.161572
0.0226134	0.958461	-0.284325
0.332298	0.940619	0.0693888
0.32441	0.940242	0.103459
-0.118514	0.984036	0.13277
-0.0571021	0.939513	-0.337718
0.00543554	0.999251	-0.0383103
-0.0326231	0.998845	0.0352779
-0.379563	0.920285	0.0949079
0.329558	0.944134	0.00178403
-0.204345	0.978592	0.0244971
0.181842	0.967312	-0.176753
-0.232596	0.969794	-0.0734748
0.0404194	0.968728	0.24481
0.00827809	0.942508	0.33408
-0.227572	0.952488	0.202431
0.0589356	0.998255	-0.00365595
-0.11723	0.979387	-0.164493
-0.000587355	0.996587	0.0825472
0.0372932	0.975287	0.217773
-0.2761	0.956889	0.0901745
0.194979	0.80686	0.557639
-0.12236	0.985001	0.121655
-0.232442	0.957984	0.168041
-0.0995044	0.919256	-0.380876
-0.123781	0.972714	0.19623
-0.0566676	0.920821	0.385846
-0.0152066	0.962281	-0.271632
0.291091	0.951444	-0.100097
0.301614	0.929453	0.212477
-0.0888699	0.965613	-0.244322
0.428055	0.898322	0.0989248
-0.204101	0.976886	-0.063527
-0.0911384	0.986563	0.135602
-0.227599	0.908234	0.351155
-0.0315005	0.934609	0.354279
-0.104765	0.992936	0.0557048
-0.382074	0.92413	0.00161803
-0.282381	0.95774	0.0547305
0.127733	0.985371	-0.112824
0.313038	0.90006	0.303148
-0.0932953	0.995312	-0.0254894
0.111716	0.993667	-0.0120386
-0.275338	0.874713	0.398831
0.135253	0.988836	0.0625368
0.0257228	0.999664	0.00309825
0.285975	0.94838	0.13709
0.177806	0.955008	0.237373
-0.154132	0.983545	-0.0942441
-0.192288	0.965242	-0.177012
0.0517699	0.991359	-0.12053
0.0678305	0.987347	-0.143337
-0.151414	0.938702	-0.309698
0.0322802	0.883686	-0.466967
0.261103	0.869801	-0.418653
-0.0155127	0.994449	-0.104072
0.142836	0.986241	0.0832311
0.170263	0.985359	-0.00886043
0.122451	0.985072	-0.120994
0.139207	0.963448	0.228887
0.355747	0.933349	-0.0479857
0.0495389	0.813156	-0.579934
-0.206544	0.953035	0.221505
-0.0192298	0.92758	0.37313
0.325748	0.944753	0.036458
-0.0513875	0.998678	0.00146152
-0.179412	0.848507	0.497842
0.229886	0.972602	0.0346206
-0.110147	0.981975	-0.153601
-0.249344	0.966133	0.0664436
-0.0780651	0.996943	0.00309353
-0.182652	0.980738	-0.0692168
0.303063	0.94307	-0.137013
-0.0692734	0.975354	0.209488
0.226034	0.95484	-0.192846
0.0913141	0.944921	0.314304
0.00567068	0.999681	0.024628
0.118593	0.992368	0.033799
-0.150569	0.973831	0.170239
0.0557968	0.99836	-0.0128139
-0.0848182	0.995037	0.0520327
0.250789	0.940983	0.227279
-0.00297343	0.999693	0.0246127
0.265394	0.857941	-0.43989
-0.110609	0.972354	0.205653
-0.066093	0.95107	-0.301822
0.476142	0.845599	0.241353
-0.0695396	0.950495	0.302857
0.123794	0.989472	0.0749697
-0.131876	0.972414	0.192407
0.239451	0.961262	-0.136523
0.194107	0.980861	0.0153281
-0.530684	0.841521	0.101077
0.219754	0.97198	-0.0834493
-0.0849731	0.993988	0.0690439
-0.459279	0.849274	0.260376
0.00413358	0.993578	-0.113074
0.544454	0.825618	-0.148074
0.137203	0.989553	-0.0442644
-0.253133	0.961711	0.105049
0.468227	0.882821	0.0372857
-0.0219908	0.932571	-0.360317
-0.0423954	0.943611	-0.328329
-0.549036	0.79828	0.247607
-0.0164564	0.999163	-0.0374624
0.164019	0.977332	0.133863
-0.15809	0.980061	-0.12037
0.0335298	0.873085	-0.486414
-0.518214	0.852343	-0.0704632
-0.166129	0.975592	-0.143605
-0.30544	0.923981	-0.230143
0.0262433	0.993366	-0.111963
0.0699016	0.988643	-0.133039
-0.165709	0.973351	0.158519
0.104184	0.972226	-0.209576
-0.0916616	0.986055	-0.138905
0.271818	0.941327	0.200045
-0.224001	0.940168	-0.256725
-0.191617	0.980513	0.0433199
-0.0587033	0.985707	0.157912
-0.0460181	0.97979	0.194663
0.359988	0.917472	-0.169274
0.0867818	0.993669	-0.0713496
-0.0214935	0.998523	-0.0498982
-0.0456102	0.963921	0.262251
-0.0252843	0.977423	-0.209774
0.242129	0.963299	0.115886
0.241694	0.954885	-0.172567
-0.176572	0.969243	0.171438
0.0567967	0.997945	-0.0296701
-0.131907	0.989765	-0.0544511
0.213682	0.944892	0.24803
-0.108695	0.97481	0.194756
0.0938758	0.95607	-0.277699
0.140963	0.989853	-0.0178805
-0.340443	0.939592	-0.0355797
-0.261798	0.940943	-0.214682
-0.0850805	0.98336	0.160516
0.196104	0.980574	-0.00423465
-0.12159	0.990488	0.0644126
-0.0483085	0.984427	-0.169028
-0.0413217	0.999113	0.00812249
-0.0652883	0.925013	0.374284
-0.108504	0.846185	0.521726
-0.121128	0.93892	0.322113
-0.359479	0.838164	-0.410191
0.0930642	0.962116	-0.256266
-0.0791862	0.995797	0.0460102
-0.171997	0.982898	0.0657871
0.0911892	0.994368	-0.0540017
-0.0646656	0.925238	-0.373836
0.122697	0.936517	-0.328453
-0.0562594	0.99416	0.0920964
-0.0312956	0.996405	-0.0787259
-0.00809584	0.984592	0.174682
-0.373491	0.924554	-0.0755308
0.297589	0.845738	-0.442909
-0.0280258	0.993053	-0.114284
0.0997713	0.977906	0.183698
-0.138579	0.93301	0.332095
0.070759	0.990707	-0.116163
0.245915	0.905626	0.345495
0.355479	0.925163	-0.133071
-0.139992	0.928488	-0.343965
-0.503441	0.790176	-0.349525
0.16489	0.895346	-0.413723
-0.412262	0.865824	-0.283528
-0.227198	0.939048	-0.25801
0.0898459	0.995812	-0.0168882
0.175834	0.98131	-0.0781903
0.344712	0.938627	-0.0123457
-0.374307	0.927278	-0.00704686
0.373557	0.92554	-0.0618869
0.226868	0.956679	-0.182474
0.0659726	0.960784	0.269336
0.117935	0.981891	0.148258
0.300688	0.922646	-0.241476
0.18977	0.981736	-0.0134805
-0.108664	0.992492	-0.0561356
0.237889	0.965939	0.101838
0.110927	0.986932	0.116879
-0.174639	0.98108	-0.0835696
-0.0887432	0.966634	-0.240298
-0.0141412	0.990086	-0.139749
-0.0235071	0.997732	-0.0630659
0.188837	0.972681	-0.135028
0.529599	0.812073	0.245078
-0.0123147	0.977957	0.208442
-0.301387	0.938622	-0.167796
-0.0907872	0.995628	-0.0219613
0.0810089	0.995616	-0.0467594
0.0135458	0.990435	-0.137314
0.0307767	0.952897	0.301728
-0.268429	0.946149	0.180962
-0.0170882	0.986774	-0.1612
-0.358271	0.919624	-0.161038
-0.539318	0.766922	0.347801
-0.074761	0.973863	0.214479
0.0481753	0.997373	0.0540956
-0.105403	0.976428	0.188355
0.0461139	0.976771	-0.209266
-0.00640527	0.992998	-0.117957
-0.264377	0.963862	0.0327835
-0.0959859	0.994293	0.0465738
0.0918055	0.986651	0.134503
0.027888	0.955409	0.293966
-0.313793	0.943705	-0.104671
0.162849	0.975802	0.145912
-0.0492267	0.984899	-0.165984
-0.352821	0.891361	-0.284592
-0.31201	0.93921	-0.143302
0.353285	0.935201	-0.0242559
0.233779	0.972002	-0.0236439
0.0561694	0.992713	-0.106609
0.114423	0.971832	0.206033
-0.0892127	0.995834	-0.0188368
-0.161216	0.980757	0.11011
-0.316822	0.898658	-0.303378
0.310809	0.937229	0.158115
-0.356067	0.929713	-0.0940754
0.137632	0.984709	-0.106797
0.335632	0.840219	-0.42589
0.0946402	0.926218	-0.364917
0.272203	0.910949	-0.309963
-0.184273	0.982371	0.0314888
0.138179	0.984365	0.109231
-0.199146	0.910685	-0.36193
-0.168099	0.98573	-0.00883598
0.256514	0.96434	-0.0651838
-0.0174783	0.898614	-0.438392
0.308628	0.917009	-0.252671
0.133428	0.990458	-0.0345016
-0.274137	0.96087	0.039719
-0.164866	0.982279	0.089146
-0.261241	0.953931	0.147545
0.314796	0.899838	-0.301987
0.235552	0.970285	-0.0553351
0.0251829	0.996254	-0.0827225
0.0209417	0.933861	-0.357023
-0.303516	0.95165	0.0473285
-0.228956	0.964641	0.130561
-0.346068	0.921851	-0.174438
0.012701	0.995696	-0.0918043
0.293501	0.923853	-0.245667
-0.338684	0.937928	0.0747303
-0.13209	0.912297	-0.387642
-0.00844647	0.973724	-0.227574
0.446087	0.882307	0.150135
-0.344234	0.931191	-0.119946
-0.425691	0.866101	0.262022
-0.308946	0.942191	-0.129722
-0.10347	0.916373	-0.386723
-0.106981	0.989517	-0.0970156
-0.0428252	0.998122	0.0438095
0.362743	0.909099	-0.204833
0.198836	0.957463	0.209113
-0.10258	0.994671	-0.0103724
-0.00124206	0.954572	0.297978
-0.491572	0.852115	-0.179599
-0.214145	0.970637	0.109567
-0.278351	0.917118	-0.285334
0.140025	0.916125	-0.375644
0.115971	0.970251	-0.212517
0.315769	0.948811	0.00690142
-0.00107187	0.995661	-0.0930466
-0.32904	0.938623	0.103536
0.0210958	0.966056	0.257471
0.359781	0.931508	-0.0533972
0.234174	0.964715	0.120362
0.232225	0.943525	-0.236287
0.0394416	0.957606	0.285368
-0.0906872	0.980639	-0.173558
-0.170265	0.985387	-0.00478793
0.0858239	0.992823	-0.0832867
-0.013172	0.997104	0.0749017
0.0434505	0.993784	-0.102499
0.0229479	0.992105	-0.123296
-0.146891	0.964592	0.219057
0.000682024	0.951482	-0.307704
0.0843414	0.896067	0.435833
0.0278241	0.954134	-0.298084
-0.176708	0.969121	-0.171982
-0.27763	0.945568	-0.169771
0.364997	0.89607	-0.252658
-0.0355243	0.990486	-0.132951
-0.145596	0.980813	-0.129643
0.0399925	0.989928	0.135806
0.0570598	0.972064	0.227673
-0.246662	0.960431	-0.129346
-0.0825046	0.975325	-0.204779
-0.0576139	0.970254	-0.235134
0.0180195	0.949177	-0.314225
0.539641	0.839117	0.0683327
0.298396	0.932377	0.204039
0.0691406	0.99605	-0.0557056
0.586856	0.80862	-0.0416344
0.0174498	0.999601	-0.0222026
-0.14647	0.9812	-0.125672
-0.0148149	0.981327	0.191776
0.166599	0.954191	0.248525
0.232176	0.949097	-0.212858
-0.275329	0.96135	-0.000344872
-0.360913	0.930181	-0.0671239
-0.199217	0.979952	0.00263396
0.143835	0.98765	-0.0621225
0.355051	0.93187	0.0745501
-0.296479	0.936388	0.187823
0.203239	0.97868	-0.0296569
0.226182	0.973642	-0.0293694
0.0488932	0.98921	0.138106
0.146821	0.989141	0.00664488
0.428153	0.903424	-0.0226012
-0.156344	0.958309	-0.239167
-0.0401018	0.992504	0.115444
-0.336566	0.94062	0.0442475
-0.062208	0.92892	0.365018
0.292445	0.953394	0.0742655
0.201331	0.979052	0.0303751
0.0816681	0.996445	0.020662
0.137912	0.990144	-0.0243952
-0.147794	0.971888	-0.183276
0.0329176	0.993701	-0.107124
-0.0264636	0.992291	-0.121073
0.231204	0.899406	0.370963
0.534712	0.839308	0.0982067
-0.0816809	0.923035	0.375945
-0.103716	0.940447	0.323731
-0.245946	0.88636	0.392271
0.21048	0.977573	0.00704165
-0.116322	0.979396	-0.165083
0.101815	0.982213	0.157767
0.142059	0.980105	0.138613
-0.178085	0.983828	0.0191968
-0.231821	0.970617	-0.0645177
-0.322452	0.911409	0.255651
-0.161454	0.974171	0.157875
-0.053258	0.790788	-0.609769
0.162062	0.986731	0.00984439
0.308476	0.940953	-0.139461
-0.556894	0.830537	-0.00878258
0.0501571	0.99874	-0.00170048
-0.0134586	0.988299	0.151933
0.0728778	0.996843	-0.0315097
-0.115534	0.731426	-0.672062
-0.226144	0.970248	0.0864729
0.0625635	0.996628	0.0530851
-0.240106	0.938914	0.246555
-0.347582	0.934292	0.0792797
0.222789	0.905099	0.362162
0.109317	0.850273	0.514865
0.248598	0.965346	0.0794118
-0.16064	0.96976	-0.183742
0.40115	0.894606	-0.196874
-0.00115543	0.914135	-0.405407
0.0542943	0.95242	0.299915
-0.094601	0.981098	-0.16881
-0.0483059	0.998202	-0.035476
0.158145	0.977486	0.13968
0.200728	0.973475	-0.109794
-0.0403662	0.996863	0.0680787
-0.161732	0.952341	-0.258629
-0.0442623	0.941131	0.335132
0.153931	0.954945	-0.253741
-0.187952	0.963842	0.188898
-0.00514276	0.979917	0.199338
0.118205	0.951822	-0.282954
-0.0286918	0.909492	-0.414729
-0.090481	0.987645	0.127946
0.166198	0.978644	-0.12097
-0.446196	0.89467	-0.0217868
-0.0860731	0.976062	0.199735
-0.0021171	0.950463	0.310832
0.217931	0.890275	0.399896
-0.124236	0.992209	0.0092752
-0.0219682	0.981822	0.188531
-0.0420311	0.973741	0.223746
-0.0728168	0.973515	0.216718
-0.234075	0.94211	0.240076
-0.201661	0.956692	0.209936
0.0958408	0.993056	0.0682178
0.10973	0.984385	0.13764
-0.125673	0.988927	0.0789333
-0.0134535	0.996486	-0.0826704
0.0349411	0.980753	-0.192102
0.29977	0.948217	-0.104987
-0.0684503	0.922421	0.38007
-0.111853	0.950573	-0.289656
0.241613	0.968076	0.0667189
-0.251462	0.966512	-0.0511967
-0.121998	0.982333	0.141907
-0.259392	0.92648	-0.272674
-0.184576	0.980617	-0.0657402
-0.272794	0.933639	0.232166
0.189493	0.979824	0.0635345
-0.110988	0.988458	-0.103115
-0.176467	0.983603	-0.0372061
-0.0324467	0.940467	0.338332
-0.338919	0.936462	-0.0904004
-0.223484	0.971118	0.0835691
0.291075	0.940944	0.172914
-0.124572	0.989221	-0.0769635
-0.0796206	0.996227	0.0345217
0.392414	0.871261	0.294813
-0.27846	0.8845	-0.374326
-0.468999	0.866518	0.170842
-0.0493004	0.998534	-0.0223523
-0.185125	0.982709	-0.00328833
0.193997	0.95033	0.243389
0.108736	0.983291	-0.145995
0.066467	0.975995	0.207404
-0.0745872	0.996585	-0.0354381
-0.108855	0.993732	-0.0254271
0.129939	0.988387	-0.0787842
0.114291	0.901746	-0.416883
0.0180926	0.996681	-0.079372
-0.318322	0.887331	0.333638
-0.0724745	0.996957	0.0287064
-0.183368	0.982912	-0.0161101
0.0794091	0.900539	-0.427461
0.275256	0.922145	-0.271813
0.178853	0.982534	0.0513764
-0.141376	0.984768	-0.101213
-0.0960633	0.968673	-0.229007
0.247273	0.955679	0.159792
-0.407714	0.902468	-0.139002
-0.018918	0.983884	-0.177803
-0.0905785	0.991816	-0.0899766
0.155573	0.944966	-0.287814
-0.237919	0.893002	0.382023
-0.0104842	0.993919	0.109614
0.163369	0.914407	0.370366
0.0880555	0.994807	0.051037
-0.311765	0.89526	0.318297
-0.244577	0.9625	-0.117368
0.184957	0.898592	0.397899
0.133565	0.944039	-0.301579
-0.0234514	0.988562	0.148979
0.164783	0.794524	-0.584446
-0.0694397	0.873264	-0.482275
-0.379665	0.888279	0.258487
0.297289	0.95127	0.0818835
0.0738448	0.997267	0.00229016
0.00499371	0.981229	0.192782
-0.532061	0.828094	0.176555
0.328502	0.907759	-0.260882
-0.141882	0.989618	0.0229425
-0.151166	0.987398	0.0468449
0.0758363	0.881605	0.465856
-0.336792	0.854451	-0.395582
0.00981555	0.959178	-0.282634
-0.11598	0.993242	0.00434727
0.326114	0.917089	-0.229341
-0.398565	0.859385	-0.320318
-0.304416	0.942419	0.138484
-0.2033	0.962237	-0.181022
0.110117	0.980584	-0.162261
-0.0253403	0.90609	-0.422326
-0.259986	0.963544	-0.0631646
-0.0996733	0.939146	0.328741
-0.351822	0.888493	0.294621
0.101026	0.984756	0.141597
0.397428	0.907348	-0.137003
0.107427	0.994164	0.00988171
-0.310119	0.913265	-0.264145
0.0132229	0.999596	-0.0251625
-0.0729383	0.938434	0.337672
-0.197369	0.972132	0.126511
-0.35862	0.932391	0.0451443
-0.413707	0.879695	-0.234484
0.15364	0.981655	-0.112905
0.194545	0.97442	-0.11251
0.250999	0.962905	0.0990582
0.192696	0.980695	-0.0332389
-0.107571	0.981861	0.156134
0.540915	0.733443	0.41167
0.0101838	0.915288	-0.402671
-0.0132101	0.998877	0.0455004
-0.259472	0.958975	0.114195
-0.0121676	0.957412	0.288469
-0.320505	0.937109	0.138215
-0.280394	0.879376	-0.384807
0.214285	0.974715	-0.0633404
-0.06017	0.92362	0.378557
-0.200121	0.978564	-0.0486176
-0.450518	0.87085	0.196604
0.085183	0.995892	0.0307067
0.152048	0.98686	0.0546705
-0.0134568	0.983936	0.178015
-0.0713673	0.967364	-0.243132
0.397646	0.882438	0.251357
-0.346963	0.937815	-0.010949
-0.261948	0.944058	0.200341
-0.410001	0.871137	-0.27022
-0.254475	0.967068	-0.00471701
0.18385	0.758745	0.624904
0.163799	0.97874	-0.12344
-0.0130294	0.923762	0.382745
0.344424	0.897031	-0.27696
-0.191154	0.921634	-0.337716
0.580662	0.813596	0.0298804
-0.362875	0.924529	-0.11648
-0.251935	0.913024	-0.320806
0.216573	0.971602	0.0953218
-0.123665	0.965183	-0.230499
-0.0168359	0.99966	-0.0199238
-0.184759	0.981476	-0.0506937
0.00901719	0.999831	0.0160064
0.220858	0.922175	-0.317513
0.0453855	0.996799	-0.0658143
-0.138744	0.980081	-0.142097
0.257839	0.961602	-0.0940234
-0.112357	0.863791	0.491163
0.174197	0.977379	0.11994
0.150219	0.988128	-0.0322178
-0.092631	0.821925	0.562014
0.0743249	0.997158	-0.012312
-0.048606	0.984858	0.166409
0.339194	0.894784	-0.290361
0.0716588	0.99287	0.0952572
0.00297776	0.999532	-0.0304559
0.380697	0.874968	0.299168
-0.481411	0.848147	-0.221109
-0.0454703	0.796759	-0.602584
0.302009	0.949237	-0.0879699
0.193748	0.958624	-0.208569
0.13744	0.983742	0.115591
-0.0414671	0.697129	0.715745
-0.0146846	0.99984	-0.0101704
-0.376829	0.842581	0.384782
-0.129957	0.962353	0.238722
0.142629	0.869047	-0.473724
0.302575	0.925825	-0.226486
-0.242559	0.968089	-0.0629959
-0.22038	0.972952	0.0692642
0.226168	0.973714	-0.0270058
0.389082	0.840857	-0.376265
0.303972	0.951511	-0.0471995
0.0292544	0.974805	0.221132
-0.0672159	0.963871	0.257749
0.0125561	0.950571	0.310255
0.269592	0.934514	0.232387
0.361447	0.825931	-0.432658
-0.394738	0.828018	-0.398206
-0.439735	0.897174	-0.041378
0.345141	0.823013	0.451141
0.222953	0.974294	-0.0322862
0.255203	0.959888	-0.116127
-0.315574	0.854692	0.412206
-0.283591	0.952323	-0.112507
0.397243	0.915055	0.0698025
0.448969	0.847648	-0.282702
0.371023	0.877911	-0.302677
-0.347756	0.827566	0.440681
-0.315369	0.939546	0.133398
0.113032	0.987822	-0.106921
-0.0699324	0.98412	-0.16315
0.0140923	0.969646	-0.244106
-0.0818318	0.996609	-0.00863774
-0.351477	0.930849	-0.0999215
-0.0761388	0.986044	0.148057
0.108485	0.932716	-0.343906
-0.0348691	0.998493	0.0423831
0.414382	0.872406	-0.259222
0.132349	0.988221	0.0768366
-0.311832	0.943031	-0.115991
-0.0629904	0.994708	-0.0811635
0.0576491	0.93401	0.352565
0.0481663	0.979425	-0.195974
-0.335784	0.821414	0.461007
-0.243317	0.962969	-0.116134
-0.445458	0.89405	0.0473372
-0.136661	0.950403	0.27939
-0.173163	0.962905	-0.206951
0.31133	0.946588	-0.0839355
0.0838499	0.995592	-0.0420297
0.348681	0.90406	0.247179
0.231024	0.935454	-0.267494
0.382482	0.867	-0.319403
-0.172184	0.984883	0.0189299
-0.543681	0.827157	-0.142204
0.0383728	0.997538	0.0586992
-0.232798	0.804741	-0.546074
0.0104863	0.996532	-0.082549
-0.306406	0.948931	0.0751306
0.0733867	0.866389	-0.493948
0.0201409	0.99878	-0.0450841
-0.191264	0.971778	-0.138075
0.297334	0.921089	0.25137
-0.347767	0.937492	-0.012935
0.103313	0.991014	-0.0849616
-0.336089	0.912116	0.234712
-0.529526	0.811961	0.245605
-0.388067	0.91797	0.08207
-0.272535	0.923228	0.270879
-0.446728	0.87223	-0.199121
0.0116844	0.963946	0.265842
-0.187827	0.882778	0.43061
-0.332621	0.942525	0.0317818
-0.420398	0.899361	-0.120068
-0.362518	0.923622	-0.124512
0.183537	0.876425	0.44519
0.310163	0.902606	0.298498
-0.0253316	0.999011	0.0365492
-0.204975	0.945131	-0.254387
-0.350562	0.915896	0.195555
0.050586	0.990606	0.127045
-0.231767	0.948576	0.215612
-0.397838	0.915022	-0.066776
-0.166872	0.974181	0.152067
-0.222229	0.870821	0.438503
-0.0366177	0.999272	-0.0106649
-0.30671	0.950438	-0.0509484
0.146629	0.986365	0.0747322
-0.256424	0.948804	0.18444
0.0331981	0.992583	-0.116946
0.023349	0.983772	0.177895
-0.19096	0.958171	0.21317
0.0876109	0.995891	0.0229428
-0.227646	0.967192	0.112771
0.651185	0.739839	0.169104
-0.00998815	0.945147	-0.326492
-0.424448	0.86732	-0.259999
0.200384	0.973892	0.106682
-0.487486	0.741312	0.461319
0.0356072	0.999354	0.00484152
-0.118774	0.992035	-0.0419421
0.401252	0.865926	-0.298611
-0.0852336	0.991228	-0.101003
-0.352591	0.909188	0.221487
0.00387608	0.999657	0.0258851
-0.0275382	0.995673	-0.0887486
-0.0315265	0.987426	0.154906
-0.222362	0.867998	0.443999
0.344985	0.827306	0.44334
0.0108928	0.986636	0.162575
0.273419	0.960639	-0.0491405
0.107881	0.891657	-0.43967
-0.305007	0.916041	0.260461
-0.359448	0.908394	0.213582
0.0814104	0.99236	0.0927001
-0.263291	0.929146	-0.259549
0.0281635	0.997806	-0.0599095
-0.130602	0.977135	0.167783
-0.0950104	0.934508	0.343028
-0.258943	0.9644	-0.0536722
-0.159715	0.970233	-0.182044
0.0798597	0.995542	-0.0501819
-0.388821	0.905682	-0.168988
0.152317	0.891012	-0.427664
-0.625674	0.778713	-0.0462399
-0.350956	0.903591	0.245669
-0.506666	0.861129	0.0417995
-0.318507	0.919642	-0.229809
-0.0411569	0.999033	-0.0154847
-0.293026	0.92684	-0.23474
0.0976983	0.86277	-0.496068
-0.221053	0.947732	0.230084
0.0153771	0.999688	0.0196996
0.0353439	0.975939	-0.215158
-0.122511	0.981755	-0.145423
0.382094	0.885734	-0.263588
0.204835	0.978732	-0.0112155
0.214907	0.939085	-0.268206
-0.415064	0.901969	0.11905
-0.215661	0.956767	0.19516
0.0046642	0.999784	0.020275
0.345487	0.89211	-0.291168
-0.316697	0.764677	-0.561224
-0.126298	0.991936	0.0105421
-0.472808	0.811046	-0.344466
-0.62033	0.778634	0.0944396
0.019885	0.848541	-0.528756
0.0172565	0.969263	-0.24542
-0.298952	0.94624	0.123522
-0.0927109	0.994739	-0.0435821
0.56498	0.825063	-0.00833241
0.14204	0.986883	-0.0767254
-0.110782	0.959569	-0.258755
-0.320836	0.926809	-0.195166
-0.21814	0.859144	-0.462912
-0.358703	0.799567	0.48169
0.725028	0.628773	0.28103
-0.142954	0.928479	-0.34277
-0.548503	0.76191	0.344437
-0.0428019	0.983244	-0.177199
0.442401	0.891238	0.0998787
-0.525343	0.850422	0.0282241
-0.339383	0.902987	0.263501
0.113374	0.992715	-0.0407888
-0.145197	0.979542	-0.139337
0.0931762	0.993137	-0.0706922
-0.395274	0.903836	0.163828
-0.424315	0.86335	-0.273099
-0.373894	0.914016	0.157407
-0.46613	0.878457	-0.105053
0.397488	0.820446	-0.410939
-0.35436	0.923067	-0.149587
0.357167	0.933782	0.0219754
-0.133797	0.963987	0.229843
0.0745396	0.965869	0.248075
0.268432	0.954828	-0.127471
0.0235477	0.990095	0.138413
0.227019	0.963549	0.14155
0.271218	0.961242	-0.0495433
0.0362285	0.998442	0.042429
-0.117661	0.978031	-0.17208
-0.284971	0.958154	-0.0270746
0.559364	0.82545	-0.0757887
0.0310557	0.990616	-0.133097
-0.332962	0.940103	0.0730995
-0.58114	0.749297	-0.31754
0.0700232	0.980588	-0.183152
0.414593	0.864779	-0.283319
-0.0250074	0.974271	-0.223989
0.28623	0.752807	0.592751
0.218201	0.972224	0.0846706
-0.0274216	0.999433	0.0195476
0.799947	0.521321	0.29717
0.331491	0.797451	-0.504169
0.00205091	0.955149	0.296118
0.114919	0.972731	0.201464
-0.00569892	0.970172	0.242351
0.111769	0.962656	-0.246579
-0.345043	0.926353	-0.151051
0.0763334	0.995933	0.0478626
-0.267652	0.953094	0.141327
-0.361441	0.93198	-0.0278313
0.10018	0.84738	-0.521451
0.268575	0.83929	-0.472715
-0.140613	0.974441	0.175196
-0.00601306	0.996111	0.0879068
0.374129	0.891005	-0.257172
-0.0883046	0.959984	-0.265769
-0.322527	0.91744	-0.23298
-0.141364	0.946236	-0.290953
0.630328	0.767103	0.119332
0.0660888	0.995885	0.0620029
0.164912	0.97139	0.170894
0.218995	0.966533	-0.133625
-0.0293591	0.960306	0.2774
0.350667	0.887418	-0.299203
0.583661	0.809738	0.0605295
-0.0770156	0.996789	-0.0218992
-0.125528	0.984314	0.123972
-0.46543	0.88504	0.008934
0.130247	0.983005	0.129373
0.636075	0.76056	-0.130219
0.137613	0.81556	0.562071
0.0510492	0.995491	-0.0799503
0.225279	0.887892	0.401121
-0.262652	0.940713	-0.214644
-0.0168603	0.999704	-0.0175242
0.262669	0.869344	0.418624
0.24333	0.862745	-0.443241
-0.0479433	0.89685	0.43973
-0.0880168	0.855356	0.510508
0.0990778	0.995074	0.00324829
0.249168	0.945647	0.208966
0.11491	0.986689	0.115071
0.149378	0.914465	-0.376085
-0.135789	0.933504	-0.331859
-0.0692763	0.916044	0.395049
0.164841	0.984643	-0.0574951
-0.104997	0.993752	0.0378397
0.0206267	0.990592	0.135286
-0.638005	0.752388	0.163896
-0.297722	0.840559	0.452574
-0.334757	0.93219	0.137695
-0.0992632	0.924362	-0.368378
-0.394919	0.888696	-0.232934
0.229107	0.967314	0.108693
-0.0139257	0.986498	-0.163178
-0.349077	0.908556	0.229502
-0.25413	0.896841	-0.362069
-0.597542	0.774706	-0.206819
-0.118486	0.989154	-0.0868039
-0.208265	0.842113	-0.497465
0.168774	0.880444	0.443095
0.0984269	0.966853	-0.235599
0.218043	0.967005	-0.131753
0.216279	0.975729	-0.0342895
0.143179	0.982921	-0.115612
-0.311839	0.94799	-0.0638115
0.0760892	0.987335	-0.13921
0.0743387	0.87041	-0.486683
0.0960874	0.971561	0.216418
0.157725	0.928996	-0.334798
-0.181982	0.967445	0.17588
0.267926	0.921375	-0.281574
0.214699	0.971442	0.101022
0.303919	0.941984	-0.142477
-0.137457	0.988624	-0.0610573
-0.172988	0.983137	0.059297
0.245769	0.966219	0.0775738
-0.195622	0.924011	0.328535
0.0317073	0.9978	0.0582185
0.0839366	0.992666	0.0870009
0.0238393	0.579158	-0.814867
-0.416002	0.86753	0.272642
-0.273905	0.933642	-0.230843
0.147789	0.978215	-0.145785
-0.239703	0.957604	-0.159803
0.0606825	0.993992	-0.0910888
-0.0716471	0.99472	-0.073473
-0.211455	0.913869	0.346598
0.0135095	0.990881	0.134063
-0.0423568	0.987188	-0.153834
-0.198535	0.970287	0.138303
0.216907	0.970963	-0.100906
0.102964	0.837498	-0.536652
0.0685644	0.979971	0.186963
-0.141082	0.989081	0.042602
0.233527	0.90009	-0.367836
0.032303	0.998962	-0.0321025
0.283715	0.958179	0.0373972
0.109313	0.988336	-0.106035
0.0278202	0.996749	0.0756109
-0.162709	0.986603	-0.0118361
0.221562	0.92535	0.307631
