3400
-0.522733	-0.83675	-0.163097
0.728773	-0.645543	0.228397
0.681865	-0.681117	-0.266721
0.0833984	-0.984182	0.1563
0.834517	-0.51902	-0.184931
-0.468427	-0.878952	0.0895521
-0.486426	-0.843296	0.228566
-0.154725	-0.953836	0.257404
-0.176995	-0.85882	0.48073
-0.16552	-0.973589	0.157248
-0.0512385	-0.997983	-0.0374854
-0.26938	-0.838144	-0.474288
-0.151064	-0.986219	0.06746
0.0582765	-0.960803	0.271039
-0.983983	-0.169452	-0.0553483
-0.0114674	-0.963096	0.268915
-0.0733539	-0.797759	0.598499
-0.581673	-0.75672	-0.298381
0.580194	-0.714468	0.391038
-0.316139	-0.807155	0.498555
0.022999	-0.797439	0.602962
-0.786502	-0.403141	-0.467858
-0.229001	-0.780164	-0.582154
0.108739	-0.908169	0.404234
0.128734	-0.970633	-0.20322
-0.175889	-0.881684	0.437832
0.438033	-0.889219	0.131971
-0.0632145	-0.88387	-0.463441
-0.618949	-0.418613	-0.66458
0.0270133	-0.884434	0.465882
0.168384	-0.49326	-0.853429
0.300579	-0.868408	0.39436
0.0590142	-0.813252	-0.578911
0.107796	-0.956204	0.272127
-0.135472	-0.838124	-0.52839
0.195625	-0.972923	0.123088
0.541108	-0.55919	0.6281
0.59377	-0.759571	-0.265498
-0.139626	-0.868357	0.47588
0.109296	-0.938927	0.326299
0.0170612	-0.964777	0.262516
-0.512563	-0.835263	-0.199034
-0.388928	-0.916992	0.088659
0.16473	-0.910084	0.380278
-0.424862	-0.767112	0.480657
0.0448129	-0.920011	-0.389323
0.0749523	-0.995374	0.0601019
-0.591792	-0.802072	0.0803878
0.77834	-0.232244	-0.58331
-0.00940139	-0.775641	0.631104
-0.0363007	-0.9756	0.216533
0.193242	-0.911188	-0.363861
-0.611609	-0.784202	-0.1047
-0.428153	-0.625014	-0.65272
0.309153	-0.908762	-0.280314
-0.267456	-0.853047	-0.448083
0.0467299	-0.985239	-0.164684
0.067429	-0.653716	-0.75373
0.290325	-0.950354	-0.111979
0.480985	-0.850579	-0.21253
0.238723	-0.951562	0.193756
-0.0465756	-0.853011	-0.519811
-0.518214	-0.56864	-0.63883
0.552652	-0.582642	0.595906
0.17132	-0.87077	-0.460879
-0.162194	-0.838815	0.519695
0.734291	-0.674746	-0.0743934
0.285147	-0.833527	-0.473206
-0.373505	-0.873318	0.312745
0.183158	-0.684211	-0.705909
-0.0303115	-0.951288	0.306809
0.328479	-0.937095	0.118128
-0.235976	-0.91574	-0.32517
-0.758638	-0.605804	-0.239731
0.0581334	-0.93884	0.339412
0.361965	-0.929442	0.0715488
-0.509272	-0.332769	-0.793666
-0.387838	-0.896715	0.213269
-0.0823991	-0.996483	-0.0152393
-0.431491	-0.864022	-0.259387
0.0942438	-0.990687	0.0982768
0.146127	-0.963537	-0.224151
-0.578186	-0.675404	-0.457746
-0.763678	-0.573325	0.296807
0.618118	-0.417495	0.666054
0.108624	-0.994059	-0.00691545
-0.111127	-0.904446	-0.411859
0.0596748	-0.808154	0.58594
-0.463537	-0.635176	0.617806
-0.198656	-0.960404	-0.195348
-0.15097	-0.763098	-0.628403
-0.82938	-0.553261	0.0776552
0.242158	-0.726171	-0.643456
-0.0171693	-0.872357	-0.488568
0.378921	-0.811524	-0.4448
-0.32345	-0.504816	-0.800338
-0.782684	-0.56492	-0.261288
0.232958	-0.971818	-0.0360536
-0.255556	-0.840597	0.477585
-0.109161	-0.974189	-0.197586
0.272071	-0.766063	0.582344
0.244162	-0.888039	-0.389578
0.269786	-0.959824	0.0771551
-0.210515	-0.969178	0.127975
0.223833	-0.971185	0.0818422
0.33701	-0.774468	0.535373
-0.138832	-0.838172	-0.52744
-0.389375	-0.907014	0.160354
0.73517	-0.500185	-0.457536
0.374586	-0.869144	0.322915
0.315375	-0.914737	-0.252575
-0.0856648	-0.972416	0.216952
-0.0827899	-0.901245	0.425327
0.611171	-0.786381	-0.0898636
0.807813	-0.332734	0.486545
-0.343797	-0.928715	-0.138892
0.314617	-0.914266	0.255214
0.231588	-0.784025	-0.57591
0.532988	-0.582329	0.613854
-0.211022	-0.462706	-0.86103
0.261784	-0.742385	-0.616712
-0.714097	-0.473461	-0.515656
0.302156	-0.758944	0.576807
0.0329331	-0.816422	0.576516
0.461052	-0.886561	0.0379622
-0.340922	-0.634099	-0.69404
-0.449673	-0.539178	-0.712096
-0.384704	-0.889762	-0.245613
0.137041	-0.990538	0.00740667
-0.237283	-0.957679	0.162938
-0.46326	-0.478211	0.746126
0.1985	-0.979569	0.0322987
0.403601	-0.808098	-0.42905
-0.243605	-0.887984	0.390051
0.29496	-0.823175	0.485162
-0.345328	-0.938437	-0.00923897
-0.331563	-0.894419	0.300133
-0.136939	-0.840971	0.523465
0.385287	-0.902754	-0.191285
-0.761804	-0.647781	0.00584652
-0.290628	-0.65205	-0.700261
0.946559	-0.30313	-0.110174
-0.392101	-0.919884	0.00836663
-0.562788	-0.105598	0.819829
-0.769295	-0.574619	0.279283
0.0133166	-0.913722	0.406121
0.0871825	-0.768941	-0.633347
0.408809	-0.661082	-0.629162
0.10554	-0.474935	-0.873669
0.0589207	-0.96183	0.267229
0.517322	-0.846642	-0.124805
-0.47228	-0.806358	-0.356004
-0.238939	-0.971024	0.00447672
-0.021503	-0.995875	0.0881556
0.507979	-0.666509	-0.54564
0.0284939	-0.993784	-0.107619
0.428501	-0.903479	0.0105602
-0.0806244	-0.974358	0.210062
0.0197865	-0.958148	-0.28559
0.71513	-0.601644	-0.355829
-0.00453793	-0.893809	-0.448424
0.177211	-0.981336	0.0746689
0.298907	-0.830187	0.470577
0.187931	-0.879227	-0.43777
-0.277633	-0.944309	0.176636
-0.242194	-0.804972	-0.54163
0.260296	-0.563697	-0.783896
-0.171437	-0.978935	-0.110889
0.294754	-0.912928	0.282279
0.134207	-0.897446	-0.420214
-0.192185	-0.815287	-0.546234
-0.0429749	-0.996868	-0.0663821
0.0233588	-0.997671	0.0640864
0.201733	-0.86443	-0.460505
0.531926	-0.634388	0.560898
0.421689	-0.753498	-0.5044
0.228813	-0.950489	-0.210273
0.71853	-0.681383	0.1394
0.0289575	-0.900845	-0.433173
0.526952	-0.803706	0.276366
-0.12151	-0.916086	0.382129
0.122324	-0.894331	0.430359
-0.433	-0.862932	-0.260498
-0.73135	-0.639938	-0.235809
0.496892	-0.811023	-0.30877
0.321621	-0.94175	-0.098321
0.214793	-0.97439	0.0665476
-0.279912	-0.793202	0.540814
0.404513	-0.914506	-0.00690249
0.041335	-0.939278	-0.34066
-0.454077	-0.890709	0.0212441
-0.184532	-0.967448	0.173182
0.668374	-0.72038	0.185279
-0.156055	-0.888954	0.43059
0.0621267	-0.978862	-0.194856
0.0781617	-0.995546	-0.0527123
-0.127488	-0.8409	-0.52596
0.247598	-0.919167	0.306314
0.350547	-0.872388	0.34067
-0.290393	-0.8804	0.374923
0.345848	-0.522083	0.779627
-0.807174	-0.580861	0.105218
-0.20703	-0.717009	-0.66561
-0.0321662	-0.925753	-0.376759
0.355355	-0.697555	-0.622205
0.0631409	-0.710482	0.700877
0.279671	-0.583606	0.762357
-0.0788952	-0.757572	0.647966
0.120759	-0.94865	-0.292371
-0.440761	-0.897106	0.0305011
-0.34667	-0.876525	-0.333953
-0.177412	-0.981247	-0.0753542
-0.458786	-0.818476	0.345851
0.250571	-0.952525	0.172944
0.0141099	-0.880976	0.47295
-0.171374	-0.977624	0.121992
-0.79843	-0.583485	-0.14851
-0.339856	-0.924994	0.169955
-0.384522	-0.705326	-0.595532
-0.2079	-0.975042	0.0779155
0.148053	-0.882821	0.445766
-0.0185158	-0.978874	0.203626
-0.0808267	-0.928012	0.363677
0.207034	-0.809951	0.548742
0.348381	-0.923263	0.161914
-0.320044	-0.698465	-0.640093
-0.480656	-0.815874	-0.321435
-0.357732	-0.926217	-0.118952
-0.421848	-0.847767	0.321457
-0.192635	-0.980367	-0.0421059
0.494443	-0.67042	0.55323
0.657756	-0.73742	0.153522
0.571496	-0.801952	-0.173971
0.0705402	-0.819548	-0.568652
0.0377315	-0.996525	-0.0742612
-0.164533	-0.525771	0.834562
0.457726	-0.824687	0.332232
-0.211171	-0.945501	0.247859
0.0478698	-0.998854	0.000146593
0.166491	-0.985849	0.0195521
-0.165644	-0.930492	-0.326722
0.270685	-0.94594	-0.17868
-0.656883	-0.753225	0.0339985
-0.335251	-0.909407	-0.24614
-0.19596	-0.885025	0.422291
-0.461927	-0.792006	0.399186
-0.917929	-0.164149	-0.361194
-0.466178	-0.854937	-0.227512
-0.251474	-0.965523	-0.0672836
-0.273984	-0.910811	0.308798
-0.0483478	-0.951249	0.304611
-0.426685	-0.150974	0.89171
-0.391349	-0.873194	0.290479
0.137152	-0.987955	-0.0716523
-0.663202	-0.736014	-0.135818
0.581869	-0.808866	-0.084639
-0.406045	-0.875177	0.263045
-0.000749453	-0.989148	0.14692
0.32802	-0.930852	0.16099
0.00611305	-0.854075	0.520114
0.669294	-0.73183	0.128342
0.12012	-0.649383	-0.750915
-0.236201	-0.954541	0.181825
-0.110558	-0.992721	0.0477608
0.275855	-0.888726	-0.366156
-0.413993	-0.691108	0.592436
0.0683965	-0.967978	0.241538
0.655295	-0.747394	0.109501
0.27017	-0.631957	-0.726387
-0.0953199	-0.232621	0.967885
0.0836457	-0.963109	-0.255782
-0.313934	-0.866412	-0.388298
-0.144754	-0.93155	0.333558
0.160688	-0.819462	0.550146
0.268947	-0.963111	0.00922057
0.220649	-0.90235	-0.370242
-0.511361	-0.76852	0.384561
0.192519	-0.903613	-0.382648
-0.487994	-0.732112	-0.475263
0.700173	-0.713722	0.0189403
0.112234	-0.993451	0.0214305
-0.24368	-0.90501	-0.348679
0.591673	-0.735536	-0.330015
0.476205	-0.712392	0.515487
-0.264138	-0.964386	-0.0138056
0.0868633	-0.996183	-0.00865097
0.289994	-0.956676	0.0259635
-0.530613	-0.757565	-0.380192
0.52436	-0.785839	0.327877
0.361678	-0.762809	-0.536014
-0.479221	-0.874498	0.07484
0.708283	-0.700532	0.0871244
0.435845	-0.867876	0.23839
0.376712	-0.926327	-0.00243355
0.862293	-0.40612	-0.302519
-0.462757	-0.663045	0.588411
0.10826	-0.889599	-0.443728
0.0333001	-0.728783	0.683934
-0.0554311	-0.444102	0.89426
0.231979	-0.789894	0.567674
0.121878	-0.959099	0.255488
-0.469415	-0.744589	-0.474591
-0.48871	-0.870184	0.0627801
-0.279729	-0.898721	0.337717
0.31348	-0.90559	-0.285722
-0.1328	-0.987375	-0.0863369
-0.169327	-0.980911	-0.0956132
0.0267092	-0.855161	0.517674
0.078418	-0.965377	-0.248792
0.537257	-0.786224	0.305296
-0.0870753	-0.956903	0.277047
0.358884	-0.925467	-0.121298
-0.130568	-0.986905	0.0947148
0.212718	-0.798164	0.563635
-0.457749	-0.887796	0.0477875
0.28976	-0.955287	0.0588633
0.310795	-0.751501	-0.581939
0.0213639	-0.965085	0.261063
0.490335	-0.720644	-0.490147
-0.151581	-0.948174	0.279264
-0.137239	-0.968253	-0.208931
-0.113439	-0.972102	0.205302
0.0388881	-0.79957	-0.599313
0.566651	-0.820218	0.0784119
0.709107	-0.69237	-0.133382
0.0698548	-0.994408	-0.0792024
-0.290008	-0.231486	-0.928606
0.756058	-0.611484	-0.233374
0.591793	-0.806077	0.00453441
0.291707	-0.955856	-0.0353122
0.0476563	-0.975836	-0.213244
-0.274478	-0.199545	0.940661
-0.0345322	-0.964406	-0.262162
-0.0712461	-0.639123	-0.765798
0.713715	-0.646649	-0.269177
-0.0231812	-0.426036	-0.904409
0.654181	-0.357484	-0.666522
0.499212	-0.675985	-0.542062
0.382932	-0.706127	0.595608
0.386298	-0.890036	-0.242093
0.13019	-0.939352	-0.317284
-0.257573	-0.918855	-0.298934
0.149678	-0.784227	-0.60215
0.634772	-0.765934	-0.102029
0.249059	-0.952209	-0.176827
-0.401931	-0.560319	0.72422
0.314092	-0.945897	0.0813945
-0.175786	-0.951619	-0.252033
-0.0246887	-0.993865	-0.107809
0.0702598	-0.865538	-0.49589
0.0744124	-0.964962	-0.251616
0.458351	-0.879027	-0.131251
-0.181145	-0.944914	-0.272625
0.309098	-0.920569	0.238769
0.194337	-0.781877	-0.592369
0.489614	-0.846942	0.207286
-0.299157	-0.932659	-0.201624
0.191858	-0.960533	0.20141
0.946367	0.0717193	-0.315033
-0.56672	-0.648761	-0.507876
-0.0495065	-0.856181	0.514299
0.667679	-0.740317	0.0783297
0.794146	-0.607292	0.0229879
-0.201321	-0.724408	-0.65932
0.00721593	-0.993355	-0.114861
-0.0744951	-0.957734	-0.27784
0.0813844	-0.869353	0.487445
0.498656	-0.827529	0.257948
-0.0305739	-0.893188	-0.448643
-0.555034	-0.670866	0.491809
0.266713	-0.709049	-0.652774
0.247689	-0.892948	0.375891
0.0242491	-0.693007	0.720523
0.342233	-0.913265	0.22096
0.156312	-0.94616	0.283457
0.730347	-0.682145	-0.0356541
-0.0529722	-0.974982	0.215881
-0.222546	-0.909947	-0.349956
0.424211	-0.89825	-0.114854
-0.180511	-0.979589	-0.0884363
0.366054	-0.925132	-0.100676
-0.480637	-0.781175	0.398438
-0.0395827	-0.79916	0.599813
-0.262852	-0.959043	0.10557
-0.0376249	-0.993171	-0.110437
-0.444692	-0.893384	0.0641429
-0.477703	-0.744911	0.465733
-0.284142	-0.953809	-0.0975308
0.0466742	-0.871615	0.487964
0.659398	-0.596894	0.45707
-0.537623	-0.841031	-0.0602343
0.201306	-0.96643	0.159649
-0.00135234	-0.835544	-0.549422
0.295105	-0.950246	0.0997295
0.233292	-0.727923	-0.64475
0.420163	-0.639572	0.643748
-0.226514	-0.93367	0.277403
-0.295014	-0.954787	0.0367318
0.247922	-0.560042	0.790499
0.516925	-0.610173	0.600398
-0.293716	-0.955684	-0.0199534
0.199925	-0.977598	-0.0658134
-0.176816	-0.946275	0.27074
-0.122485	-0.74801	-0.652287
-0.653701	-0.634781	0.411981
-0.127827	-0.844685	-0.519777
0.302534	-0.923816	0.2346
0.181339	-0.948339	0.260327
0.256846	-0.964189	-0.0661061
0.554419	-0.827439	0.0892383
-0.249438	-0.56495	-0.786519
0.708391	-0.686572	-0.163713
0.448171	-0.72425	-0.524028
-0.465514	-0.786759	-0.405349
0.766387	-0.609646	-0.202441
0.453644	-0.861968	-0.226315
0.250191	-0.870911	-0.422988
0.185794	-0.970162	0.155778
-0.293887	-0.879387	0.374578
-0.0199262	-0.999294	0.0318517
0.322108	-0.720028	-0.61466
-0.515945	-0.829725	0.212972
0.0727408	-0.890156	-0.449812
0.322855	-0.900697	0.290705
0.0424682	-0.996529	0.0716018
-0.0939422	-0.947095	-0.306899
0.258456	-0.86705	-0.425939
-0.138649	-0.990217	-0.015698
-0.0453277	-0.99894	-0.00803005
0.411555	-0.908695	0.0699735
-0.193093	-0.951747	0.23852
-0.694437	-0.423097	0.582019
-0.0455738	-0.940234	-0.337466
0.184722	-0.971482	0.148664
-0.702118	-0.685231	0.19362
0.325433	-0.828155	-0.456346
0.236913	-0.856215	0.459096
0.457483	-0.803959	0.379946
-0.505165	-0.580346	0.638754
-0.229227	-0.728692	-0.64534
0.346431	-0.923137	-0.166744
0.117453	-0.725407	0.678225
0.639757	-0.351597	0.68344
-0.247883	-0.712405	0.656532
0.163723	-0.942006	-0.292951
-0.0108678	-0.943518	0.331143
0.207779	-0.778629	-0.592085
-0.238177	-0.879563	0.411874
0.191747	-0.963704	-0.185762
0.775311	-0.62459	0.0937018
0.419094	-0.88546	-0.200798
0.250716	-0.829299	-0.499404
0.20181	-0.800985	-0.563646
0.176548	-0.731511	-0.658576
-0.0302746	-0.874371	0.484313
-0.376	-0.925674	-0.0418572
0.224707	-0.971055	0.0809917
-0.27865	-0.955467	0.0971452
-0.61608	-0.554463	0.559479
0.036908	-0.929504	-0.366962
0.610236	-0.741969	0.277657
-0.00246351	-0.399254	0.916837
0.146528	-0.290046	0.945729
0.495646	-0.588738	0.638532
0.0564624	-0.965551	0.254016
0.6821	-0.730938	-0.0216759
0.112878	-0.941434	0.317744
0.501409	-0.260066	-0.8252
0.366116	-0.781928	0.504528
-0.320675	-0.940221	0.114681
-0.579527	-0.438204	0.687114
-0.5346	-0.825117	0.182716
0.208676	-0.976156	-0.0597862
-0.0239115	-0.936786	0.349084
0.119724	-0.992782	-0.00704086
-0.139201	-0.895401	-0.422943
-0.00198247	-0.671342	-0.741145
-0.0560826	-0.988755	-0.138632
0.326857	-0.88915	0.320276
0.471513	-0.665477	-0.578633
0.267401	-0.865212	0.424152
-0.0861163	-0.927816	0.362962
0.574618	-0.526401	0.62667
-0.274666	-0.711633	0.646636
0.215194	-0.948386	0.232927
-0.307526	-0.951487	-0.0100615
-0.0798587	-0.936464	0.341553
-0.0543008	-0.96362	0.261703
-0.00928804	-0.967898	0.251172
0.6618	-0.742951	-0.100227
-0.31031	-0.937649	0.156597
-0.205379	-0.888996	0.409275
-0.366654	-0.90013	0.235227
-0.00493045	-0.947104	0.320887
0.0538397	-0.98939	0.134943
0.0278872	-0.997865	0.0590544
0.382661	-0.844783	-0.374048
0.378464	-0.875832	-0.299471
0.822057	-0.446865	0.352894
0.317923	-0.947859	0.0221081
-0.61136	-0.7738	0.165748
-0.387166	-0.914541	0.117122
-0.127613	-0.960089	-0.248887
0.281616	-0.929369	-0.238677
0.472585	-0.869125	-0.145895
-0.133126	-0.948005	-0.289076
-0.262567	-0.964449	0.0299398
0.446093	-0.892148	0.0712213
-0.114472	-0.985766	-0.123135
0.483502	-0.769143	0.417907
-0.190959	-0.959188	0.208549
0.620601	-0.780798	0.0721663
-0.597628	-0.756672	-0.26512
0.785004	-0.570727	-0.240916
0.299344	-0.928751	-0.218668
0.143758	-0.757957	-0.636266
0.743543	-0.607734	-0.278932
-0.603916	-0.774247	0.18928
0.509902	-0.850862	-0.126627
0.00440124	-0.978286	0.207215
0.164266	-0.975584	0.145782
0.384512	-0.917267	0.103783
0.0753252	-0.872418	0.482921
-0.611384	-0.600684	-0.515159
0.00373107	-0.944894	0.327354
-0.52888	-0.829784	-0.178168
0.485458	-0.775066	0.404478
-0.501808	-0.791858	-0.348066
-0.43884	-0.879734	0.182994
0.0462006	-0.82654	0.560979
-0.200009	-0.610974	-0.765968
0.0982727	-0.99094	0.0915479
-0.272612	-0.952456	0.136051
-0.327412	-0.837297	0.437877
-0.159684	-0.802791	-0.57448
0.237054	-0.812723	-0.532247
0.488347	-0.862992	-0.129469
-0.169638	-0.959612	-0.224429
-0.475509	-0.8029	-0.359504
0.428167	-0.870117	0.244068
0.476944	-0.852021	0.215834
-0.201153	-0.842792	0.499239
-0.191373	-0.972324	0.134022
-0.240209	-0.924822	0.294963
0.254711	-0.947703	0.192304
0.156285	-0.976146	-0.150711
-0.387352	-0.920043	0.0589857
-0.0348038	-0.998871	0.0323366
-0.408183	-0.84406	0.347779
-0.215706	-0.974227	0.0659763
0.185597	-0.77839	0.59972
-0.25408	-0.926206	0.278544
-0.691988	-0.55093	-0.466507
0.365643	-0.786057	-0.498417
0.315235	-0.849517	0.423022
-0.264957	-0.77309	-0.576307
0.14662	-0.986924	0.066959
0.523099	-0.842095	0.131316
-0.6909	-0.496391	0.525598
-0.251453	-0.919008	0.303637
-0.53548	-0.681575	-0.498716
0.543784	-0.837558	0.0528784
0.473778	-0.74448	-0.470408
-0.481134	-0.569827	0.666188
-0.293493	-0.916327	0.272409
-0.188395	-0.762377	-0.619103
0.460994	-0.670797	0.580961
-0.096134	-0.908945	-0.405682
-0.292832	-0.777457	0.556605
0.0827018	-0.962846	0.257074
0.23104	-0.87785	-0.419522
0.350661	-0.918946	-0.180486
0.211645	-0.919244	-0.331958
-0.560068	-0.822268	-0.100991
0.443012	-0.438156	0.782151
0.629673	-0.685576	0.365374
-0.081833	-0.967168	0.240601
0.747542	-0.262719	0.610049
0.710317	-0.424621	-0.561379
-0.153147	-0.906253	0.39402
0.178864	-0.628443	0.757012
0.294448	-0.955031	0.0348767
0.0770466	-0.89714	-0.434975
0.374625	-0.546682	-0.748863
0.0900127	-0.697939	0.710478
-0.459158	-0.824155	-0.331576
-0.572497	-0.812826	0.107521
0.476078	-0.837472	-0.268311
-0.304377	-0.952381	0.0180416
-0.332018	-0.873019	-0.357216
-0.249143	-0.85761	0.449925
-0.408603	-0.900644	-0.147933
0.187758	-0.976549	0.105349
-0.0528674	-0.701865	0.710345
0.69759	-0.374138	-0.611055
-0.167048	-0.98518	0.0389236
0.542156	-0.290031	-0.788638
0.35132	-0.726232	0.590898
-0.466517	-0.8844	-0.0140743
0.33602	-0.939885	-0.0608874
0.253348	-0.843465	0.473689
0.229536	-0.872289	0.431771
-0.119911	-0.984666	0.126709
0.0417327	-0.941385	-0.334744
0.252983	-0.901018	-0.352373
0.434639	-0.892557	0.12013
0.0610647	-0.989936	-0.127663
-0.254764	-0.953067	-0.163579
0.0277837	-0.886005	-0.462842
-0.185641	-0.963581	0.192479
-0.14949	-0.985982	0.0741085
-0.326782	-0.892033	-0.312234
0.174247	-0.92124	0.347786
0.229462	-0.97299	0.0252462
-0.543825	-0.753806	-0.368823
0.274142	-0.872789	-0.403839
-0.25919	-0.882369	-0.392741
0.115296	-0.977207	0.178251
0.268676	-0.963208	-0.00659551
0.400196	-0.915897	0.0312521
0.150422	-0.988602	0.00627464
-0.338459	-0.434511	-0.834653
0.284053	-0.870606	-0.401696
0.4576	-0.768049	0.447999
-0.591434	-0.695536	-0.407965
-0.0741676	-0.980725	0.180771
-0.325594	-0.790916	0.518112
0.0562881	-0.992929	0.104516
-0.336876	-0.776242	0.532882
-0.465643	-0.641326	0.609818
-0.697606	-0.63191	-0.337693
0.0818614	-0.948272	-0.306723
0.123858	-0.991086	-0.0490713
-0.305324	-0.951081	0.0471509
-0.0647621	-0.967987	0.242502
-0.11626	-0.930884	-0.346322
0.231501	-0.964579	0.126466
0.0054374	-0.996577	-0.0824862
-0.210042	-0.842976	0.495252
-0.0179797	-0.998981	-0.0413864
0.33712	-0.819489	-0.463452
-0.177696	-0.768793	0.614314
0.272869	-0.894312	0.35461
-0.220214	-0.967695	-0.122771
-0.0334036	-0.951837	0.30478
-0.558565	-0.774771	-0.2962
-0.278499	-0.940367	0.195316
0.294853	-0.888453	-0.351729
0.0121275	-0.999748	0.0189121
-0.0306039	-0.86246	0.505199
0.245659	-0.88923	0.385903
-0.346489	-0.868469	-0.354552
0.567384	-0.805705	-0.170045
0.0433368	-0.664421	0.746101
0.220093	-0.955328	-0.197251
-0.136224	-0.75806	0.637799
0.140065	-0.989943	0.0198526
0.696678	-0.694902	-0.17819
-0.277467	-0.933254	0.228141
-0.162385	-0.983371	0.0813222
0.253841	-0.943971	0.210912
0.387039	-0.899757	-0.201592
-0.0807188	-0.844694	-0.529129
-0.0885085	-0.98918	0.117004
0.206013	-0.820835	0.532718
-0.221611	-0.931266	-0.289194
-0.410722	-0.884647	0.220698
-0.47281	-0.86477	-0.169184
-0.121051	-0.873791	0.470995
0.389305	-0.881372	-0.26763
-0.114348	-0.991448	-0.0628931
0.436916	-0.887611	0.145776
0.55562	-0.815982	0.15956
-0.0683001	-0.988099	-0.137822
0.0775232	-0.996115	0.0417708
-0.0212775	-0.77508	0.631505
-0.132838	-0.879838	-0.456332
0.105341	-0.381451	-0.918367
0.151588	-0.950916	0.269779
0.32163	-0.869407	0.37508
0.228628	-0.869814	0.437209
-0.0731577	-0.809514	0.582524
0.683536	-0.723273	0.0982586
-0.707473	-0.646566	-0.285367
-0.261263	-0.927119	0.268685
-0.184982	-0.981942	0.0396483
-0.116979	-0.869418	0.48003
-0.342191	-0.901851	-0.26376
0.149234	-0.988468	0.0256921
0.645247	-0.73911	0.19332
0.48498	-0.873352	0.045273
-0.543993	-0.829228	-0.128264
-0.288817	-0.932099	0.218579
-0.0931665	-0.967779	-0.233933
-0.246274	-0.956672	-0.155329
-0.465687	-0.826962	-0.315071
-0.5876	-0.784492	0.198238
-0.049606	-0.710961	0.70148
0.179787	-0.916502	-0.357352
-0.22954	-0.940845	0.249243
-0.542647	-0.828762	-0.1367
-0.0713536	-0.996157	0.0507888
0.153463	-0.983095	0.0998675
-0.431985	-0.877428	-0.208586
0.412093	-0.889959	0.195325
-0.497598	-0.846605	0.188828
0.161061	-0.65062	0.742127
0.296349	-0.912977	-0.280448
0.593657	-0.757071	0.27279
0.425068	-0.882058	0.2032
0.377949	-0.796152	-0.472543
-0.037735	-0.97101	0.23604
-0.0783604	-0.810439	-0.580559
-0.11477	-0.988005	-0.103311
-0.354404	-0.935062	0.00750573
-0.241916	-0.962695	-0.121223
0.151311	-0.984299	-0.0908889
0.110505	-0.993685	-0.0194457
-0.394533	-0.918131	-0.0371256
-0.125706	-0.975314	0.181553
-0.269873	-0.943049	0.194493
-0.720301	-0.594436	-0.357508
0.130422	-0.984649	0.116004
0.719064	-0.635178	-0.281949
0.420863	-0.805407	0.417366
0.226955	-0.96687	0.11685
-0.332316	-0.932231	-0.143219
0.316596	-0.936006	-0.153816
0.0990903	-0.994755	-0.025387
0.0150423	-0.996464	-0.0826654
0.182235	-0.963541	0.195906
0.57926	-0.766139	-0.278368
-0.0694378	-0.951085	-0.301025
0.257342	-0.878564	-0.402368
-0.100264	-0.989868	0.100539
0.32584	-0.945108	0.0244713
0.23475	-0.970827	-0.0488548
0.0979748	-0.986935	-0.127909
0.382078	-0.872798	-0.30371
-0.206907	-0.964865	0.161944
-0.390934	-0.725153	0.566854
-0.0938751	-0.863985	0.49469
-0.219009	-0.97099	-0.0959849
-0.0767131	-0.95136	-0.298378
-0.428134	-0.903713	0.00194161
0.301534	-0.879689	-0.367729
-0.118543	-0.958671	0.258647
-0.218841	-0.912957	-0.344409
-0.0750149	-0.954118	-0.289881
-0.621099	-0.771921	0.135552
-0.636163	-0.635678	-0.437275
-0.0867835	-0.806025	0.585484
0.339951	-0.874117	-0.346917
0.227096	-0.922262	0.312827
0.226515	-0.956796	0.182296
-0.0809772	-0.938949	0.334392
0.33865	-0.86044	0.380734
-0.0183728	-0.998202	-0.0570479
0.579937	-0.807108	0.110675
0.225871	-0.91943	-0.321918
0.379629	-0.795813	0.471765
0.526308	-0.846187	0.0834743
0.220966	-0.936388	0.272675
0.043319	-0.943691	0.327981
0.335631	-0.806458	0.486803
0.149043	-0.668893	-0.728264
-0.0589485	-0.966191	-0.250996
-0.0338352	-0.986204	0.162037
-0.306494	-0.379498	-0.872951
-0.290374	-0.954189	-0.0721584
-0.403733	-0.907661	0.114675
0.294201	-0.919059	0.262252
0.00868621	-0.892816	-0.450338
-0.122095	-0.953132	0.276824
-0.0955138	-0.992898	0.0709306
-0.0145156	-0.994416	0.104524
0.604412	-0.791186	0.0933315
0.585818	-0.253408	-0.769806
-0.234209	-0.97066	0.0544514
0.496997	-0.861456	0.104344
0.174035	-0.971569	-0.160513
0.04569	-0.985072	0.165969
0.527823	-0.659181	0.535615
0.0903164	-0.975784	0.199218
0.0420748	-0.924951	-0.377749
0.198354	-0.929905	0.309731
-0.0384965	-0.922891	-0.383133
0.0483739	-0.993066	0.107141
0.261984	-0.964742	0.0252575
0.163746	-0.946775	0.277137
-0.32132	-0.811748	0.487667
-0.257	-0.964251	0.0645754
0.112508	-0.904875	-0.41054
0.566275	-0.728218	-0.386045
0.773526	-0.362993	0.519513
0.182516	-0.702824	0.687551
0.0616264	-0.99764	0.0302747
0.22857	-0.877697	0.421194
-0.691786	-0.674814	0.257017
0.370986	-0.926655	-0.0606656
-0.208632	-0.970229	0.122994
0.323322	-0.933024	-0.157886
-0.071261	-0.997136	-0.025317
-0.473636	-0.871138	0.129564
-0.374942	-0.900922	0.218538
0.252156	-0.941117	-0.2252
-0.498657	-0.861261	-0.0978323
0.087794	-0.938614	0.333609
0.280801	-0.957638	-0.0638842
-0.134289	-0.945804	0.29567
0.182532	-0.960978	-0.207853
-0.0561014	-0.989124	0.135963
-0.0627376	-0.996318	-0.0584362
-0.117743	-0.845491	-0.520847
0.639998	-0.739376	0.209108
-0.319886	-0.92807	-0.190681
0.114775	-0.946469	0.301701
0.117885	-0.942426	0.312948
0.490643	-0.870998	-0.0251387
0.000223352	-0.710389	-0.703809
0.202974	-0.906847	0.369364
-0.0883909	-0.995553	0.0325853
-0.821073	-0.349001	0.451705
-0.626631	-0.72578	-0.283861
-0.0986084	-0.991431	-0.0856775
-0.566498	-0.79186	-0.228118
-0.00999675	-0.974211	-0.225419
0.39189	-0.919862	-0.0166014
0.187407	-0.971329	0.146279
0.244228	-0.729986	-0.638336
-0.260625	-0.899679	0.350217
0.37016	-0.928873	-0.0132482
-0.114612	-0.968446	0.221304
-0.194094	-0.980979	0.00289867
0.928738	-0.24032	0.282298
0.311447	-0.950083	0.0184944
0.124479	-0.99215	0.0119388
-0.154716	-0.788942	0.594671
0.122553	-0.98002	0.156657
0.826797	-0.549503	-0.120223
-0.465291	-0.876735	0.121818
0.103962	-0.942499	0.317627
-0.229841	-0.873956	0.428221
0.05087	-0.93818	-0.342389
0.390206	-0.817672	0.423264
-0.480043	-0.644936	-0.594657
-0.420709	-0.897711	0.130839
0.149976	-0.674466	0.722913
-0.340401	-0.884169	0.319957
-0.123636	-0.990556	0.0592756
-0.295224	-0.853959	0.428482
0.175886	-0.967477	0.181804
0.337104	-0.934998	0.110178
0.127671	-0.984375	-0.121264
-0.270976	-0.822444	0.500157
0.165989	-0.961684	-0.218199
-0.393168	-0.863041	0.317142
-0.189672	-0.937928	-0.29037
0.0836854	-0.865273	-0.494267
0.171672	-0.952351	0.252105
0.376262	-0.921104	0.0999679
0.49999	-0.832255	0.239504
-0.343586	-0.880554	-0.326456
0.400424	-0.834119	0.379349
0.643003	-0.698507	0.314062
0.307304	-0.940816	0.142928
-0.576659	-0.706575	0.410142
0.0966993	-0.958057	0.269771
0.172946	-0.983872	0.0456622
-0.143628	-0.950418	-0.275821
-0.176401	-0.945242	0.27459
0.230682	-0.960084	-0.158193
0.301878	-0.802983	0.513894
0.0425034	-0.659063	0.750886
0.448008	-0.893356	0.0347043
0.369603	-0.916267	0.154432
-0.42704	-0.375577	0.822544
0.235489	-0.970092	-0.0588759
0.421817	-0.746045	-0.515256
0.078985	-0.932046	0.353628
-0.155228	-0.985331	0.0709088
0.447143	-0.888678	0.101562
-0.520763	-0.79805	-0.303188
-0.191122	-0.771577	0.606747
-0.497531	-0.750999	0.434123
0.599313	-0.642411	0.477631
0.414392	-0.691007	0.592275
0.697293	-0.705356	0.127495
0.0412167	-0.939306	0.340594
0.460192	-0.885564	0.0632393
0.412577	-0.899479	0.143939
-0.243613	-0.781017	0.575034
-0.373405	-0.893932	-0.247898
0.637406	-0.558598	0.530737
0.525817	-0.84433	-0.103066
-0.306397	-0.781105	0.544055
-0.316008	-0.914163	-0.253861
0.226995	-0.753001	0.617627
-0.701366	-0.707951	-0.0830112
-0.0709325	-0.941159	0.330436
0.13239	-0.980336	0.146334
0.598765	-0.782387	0.17132
-0.285268	-0.947968	0.141349
-0.324577	-0.945739	-0.0151011
-0.175439	-0.951144	-0.254059
-0.0614352	-0.947754	-0.313031
0.571357	-0.710914	-0.410064
-0.246082	-0.968773	-0.030373
-0.098518	-0.868659	0.485515
0.513305	-0.845728	0.145813
-0.285981	-0.931925	0.223004
-0.309456	-0.949548	-0.0509417
0.415156	-0.727252	0.546581
0.00741544	-0.856737	-0.5157
-0.0700379	-0.984503	-0.160775
0.0954756	-0.939569	0.328776
0.367822	-0.735124	-0.569472
-0.11493	-0.965909	0.231971
0.198211	-0.968531	0.150534
0.376557	-0.882711	0.281115
-0.154965	-0.911579	-0.380802
0.435568	-0.893186	-0.111799
0.713534	-0.689326	0.125296
-0.0922427	-0.983445	0.155974
0.267644	-0.738691	0.618629
0.152148	-0.930459	0.333311
0.339734	-0.846824	0.409231
-0.0765837	-0.926832	-0.367583
0.00573985	-0.975734	-0.218886
0.0967161	-0.991349	-0.0887338
-0.179605	-0.853379	-0.489374
0.39012	-0.918591	-0.0632194
-0.578192	-0.493583	-0.649668
-0.101674	-0.837008	0.537662
-0.217849	-0.964628	-0.148439
0.233553	-0.944121	0.232572
-0.0605499	-0.986552	-0.151821
-0.227124	-0.944799	-0.236155
-0.898002	-0.434463	0.0695279
-0.0365834	-0.995947	-0.0821613
0.715481	-0.698519	0.0125658
0.322686	-0.739988	-0.590162
-0.123124	-0.942199	-0.311612
-0.0904485	-0.994636	-0.0501807
-0.441633	-0.843868	-0.304708
-0.213629	-0.968494	0.127992
0.0052809	-0.999986	-0.000720521
-0.328362	-0.930872	-0.160175
-0.131075	-0.959698	0.248593
0.00573703	-0.736794	0.676093
-0.315214	-0.913812	0.256102
-0.215575	-0.889911	-0.401978
-0.197952	-0.980192	0.00617704
0.251283	-0.834088	-0.491075
0.760893	-0.603786	-0.237663
-0.203598	-0.651334	-0.730967
-0.00221857	-0.953987	-0.299839
-0.136561	-0.947584	0.288852
0.106076	-0.695797	0.710362
-0.272056	-0.956837	0.102213
0.10414	-0.809347	-0.578024
-0.233833	-0.794761	0.560069
0.183607	-0.939839	0.288083
-0.036571	-0.900073	0.434202
0.206548	-0.69544	-0.68826
-0.534571	-0.787319	0.307185
-0.573661	-0.712153	0.404661
-0.00280858	-0.969814	0.243831
0.0590409	-0.993349	0.0988546
0.0260329	-0.966213	0.256429
0.627449	-0.525973	0.57416
-0.174713	-0.575561	-0.798878
-0.138571	-0.987571	-0.0741782
0.346473	-0.918484	-0.190641
0.29652	-0.954922	-0.0141327
-0.187348	-0.982	-0.0240102
0.279682	-0.914668	-0.291822
0.45963	-0.886487	0.0536824
0.0379577	-0.984892	-0.168961
-0.0215669	-0.947786	0.318178
-0.170795	-0.940531	0.293651
0.330074	-0.872975	-0.359118
0.0778766	-0.855931	0.511192
0.140725	-0.990021	-0.00738212
0.0204726	-0.89141	-0.452735
0.051304	-0.997137	0.0555578
0.859364	-0.484073	0.164824
-0.413603	-0.909925	0.03112
0.414614	-0.719565	0.557065
-0.616622	-0.774371	0.141865
0.0473863	-0.974451	0.219545
0.66809	-0.515588	0.536493
-0.410328	-0.903588	0.123123
-0.147254	-0.978273	-0.145936
-0.577893	-0.804287	-0.138428
0.278362	-0.960129	0.0258223
-0.318803	-0.947415	0.0277501
0.249214	-0.91849	-0.307032
-0.0948408	-0.939152	0.330151
-0.102804	-0.957073	0.271002
-0.828772	-0.50371	0.243748
-0.426248	-0.878326	0.216462
0.0184911	-0.996686	0.0792164
-0.246999	-0.952654	0.177319
-0.107001	-0.976525	-0.186951
-0.687574	-0.725594	-0.0274962
-0.138916	-0.924302	-0.355484
-0.78972	-0.553998	0.263492
-0.12486	-0.0971221	0.987409
0.485943	-0.819653	-0.303364
0.337237	-0.928886	-0.15311
0.176927	-0.628771	0.757195
-0.161119	-0.979335	0.122244
-0.0301529	-0.936419	-0.349585
-0.447677	-0.88105	-0.152761
-0.046687	-0.983284	0.175988
0.865334	-0.489392	0.10813
0.31789	-0.695168	-0.644739
0.326582	-0.61769	-0.715405
-0.0860847	-0.985378	-0.147038
0.251153	-0.967873	0.0120014
0.360004	-0.900054	0.245559
-0.711655	-0.568658	-0.412524
0.162906	-0.970424	0.178155
0.191135	-0.606147	-0.772045
-0.538704	-0.816764	-0.20663
-0.0682031	-0.92871	-0.364481
0.371652	-0.867541	0.330527
0.440469	-0.693655	0.569938
0.771198	-0.593517	0.230198
0.150806	-0.936483	-0.316636
0.0526036	-0.980207	-0.190856
0.0200496	-0.992754	-0.11848
-0.0884242	-0.994822	0.0501026
-0.210522	-0.700624	0.681767
-0.038678	-0.906891	0.419587
-0.0934497	-0.790049	-0.60588
0.129667	-0.970967	0.201021
0.405917	-0.913854	0.0101277
0.780184	-0.625511	0.00703096
-0.211425	-0.830753	0.514926
-0.0778814	-0.968119	0.238077
-0.440462	-0.744774	0.501303
-0.0239009	-0.645038	-0.763777
0.441706	-0.872751	-0.207849
0.512454	-0.85747	0.0462131
-0.376036	-0.923383	0.0772026
0.109449	-0.978648	-0.173981
0.0431968	-0.993619	0.104185
0.632999	-0.772252	-0.0542156
0.3017	-0.69345	0.654296
0.339392	-0.841675	-0.419996
-0.1658	-0.90578	-0.389965
-0.233896	-0.962588	0.136812
0.19392	-0.965791	0.172171
0.472005	-0.874165	0.114223
0.442567	-0.800232	0.404676
0.041542	-0.981589	-0.186432
0.437275	-0.796692	-0.417221
-0.147839	-0.625692	-0.765933
-0.275076	-0.295425	0.914908
0.148541	-0.98884	0.0114237
0.0862133	-0.975282	0.20345
-0.225608	-0.927154	0.299142
0.664454	-0.398406	0.632277
0.0900081	-0.977746	-0.189504
0.281627	-0.921261	0.268263
0.206199	-0.971698	0.115257
-0.310728	-0.906022	-0.287355
-0.0858857	-0.841062	0.534077
0.511097	-0.833353	-0.210481
-0.107168	-0.817663	0.565634
0.451169	-0.782562	-0.429002
0.228512	-0.969985	-0.0831385
0.120232	-0.975961	-0.181779
0.26758	-0.751449	-0.603096
0.447486	-0.883737	0.136989
0.730159	-0.683256	-0.00545312
-0.165047	-0.956424	0.240857
-0.0406086	-0.953741	0.297873
0.670215	-0.299481	0.67906
0.586618	-0.626358	0.513376
-0.0057463	-0.996002	0.0891483
-0.34856	-0.887438	0.301597
-0.547818	-0.828436	-0.116573
0.312569	-0.895378	-0.317174
0.0797395	-0.941423	-0.327665
-0.266832	-0.95363	-0.139253
0.0626019	-0.961247	0.268488
-0.388036	-0.913402	0.122981
-0.693098	-0.720785	-0.00924339
-0.48451	-0.84858	-0.212512
0.0426616	-0.88002	0.473016
-0.0666327	-0.985366	-0.156887
-0.448689	-0.844929	0.291158
-0.191068	-0.971218	-0.14223
-0.729187	-0.670256	-0.138
0.331815	-0.912239	0.240246
-0.348645	-0.796233	-0.494429
-0.0401958	-0.942904	-0.330631
0.301441	-0.936197	-0.180746
0.227331	-0.810853	-0.539294
0.205362	-0.70424	-0.679612
-0.601512	-0.779741	0.173745
-0.318047	-0.786717	-0.529077
-0.350372	-0.830401	0.433214
0.499103	-0.861228	0.0958268
0.265982	-0.928534	-0.258994
-0.17417	-0.979021	0.105748
-0.811689	-0.513683	0.278013
0.246005	-0.967453	0.0593052
0.180028	-0.977387	0.110928
0.022462	-0.572791	0.819394
-0.0627329	-0.997333	-0.0372917
0.413987	-0.814695	0.406062
-0.18753	-0.980176	0.0639397
-0.00429499	-0.994897	-0.100807
0.10852	-0.951205	0.288847
0.0884542	-0.995962	-0.0153501
-0.169228	-0.977371	-0.126913
-0.286636	-0.957945	-0.0134607
0.34109	-0.939062	-0.0426664
-0.208683	-0.923453	0.322003
0.770001	-0.427756	0.473417
0.393115	-0.745534	0.538182
-0.0854599	-0.92641	0.366689
0.366886	-0.797592	-0.478792
0.352723	-0.935665	0.0108115
-0.193872	-0.977418	0.084065
0.160217	-0.981668	0.103239
0.176061	-0.907845	0.380553
0.396892	-0.865961	0.304282
-0.289305	-0.847206	0.445584
0.482366	-0.792227	0.373763
0.297154	-0.9262	-0.232061
0.0227716	-0.980816	0.193601
0.180993	-0.938778	-0.293151
-0.201347	-0.813032	-0.546295
0.0274215	-0.999577	0.00971734
0.349792	-0.935209	-0.0550433
0.290299	-0.942855	0.163558
0.478955	-0.844382	0.240043
0.733007	-0.61003	0.300938
0.509094	-0.826726	0.239472
0.0302455	-0.990788	0.131998
0.216998	-0.823085	-0.524826
-0.076892	-0.990769	0.111648
0.0387801	-0.955097	0.293744
0.275259	-0.246097	-0.929338
-0.284884	-0.880555	0.378766
0.190638	-0.981467	0.0194811
0.560537	-0.379547	0.736031
-0.357303	-0.925519	-0.125495
-0.273628	-0.918297	0.286108
-0.0150245	-0.791162	-0.611422
0.488351	-0.731483	-0.475864
0.237481	-0.86868	0.434738
-0.0847775	-0.97121	0.22263
0.0145111	-0.894052	-0.447728
-0.0477566	-0.995959	0.0760586
0.325761	-0.928267	0.179446
-0.446471	-0.726904	0.521799
-0.0167516	-0.997406	-0.0699985
0.273091	-0.846448	-0.457108
-0.221462	-0.97128	0.0870098
0.404618	-0.606834	0.684132
-0.369566	-0.682086	-0.631015
-0.290281	-0.563385	0.773521
-0.503676	-0.846505	0.172452
0.447665	-0.885023	0.127788
0.00213803	-0.999262	-0.0383645
0.236136	-0.953301	0.188302
-0.143032	-0.944408	0.296034
-0.117102	-0.956865	-0.265888
-0.180619	-0.900142	-0.396384
-0.672398	-0.734509	-0.0915281
-0.159056	-0.984047	-0.0797011
-0.253453	-0.958915	0.127449
0.391464	-0.915025	0.0973925
0.0209726	-0.97838	0.205751
-0.241632	-0.84857	0.470683
-0.0766053	-0.935142	-0.345891
-0.287954	-0.93719	-0.196869
-0.0986103	-0.880279	0.464096
-0.260587	-0.955915	0.135356
-0.0173206	-0.979057	-0.202847
-0.00734012	-0.998185	-0.0597678
-0.0819867	-0.951546	0.296375
-0.0594068	-0.843037	0.534565
0.0779384	-0.953721	0.290417
-0.19935	-0.973473	0.112293
0.0904714	-0.991122	-0.0974298
-0.395586	-0.908381	-0.135482
-0.300617	-0.95286	0.0410844
-0.0113424	-0.993605	0.112342
0.425788	-0.892125	-0.151056
-0.0559393	-0.949252	0.309503
-0.337805	-0.941198	-0.00577893
-0.563824	-0.768653	-0.302118
-0.113464	-0.900031	-0.420798
0.0641604	-0.926192	0.371554
0.308079	-0.950774	0.0334134
-0.302351	-0.948447	-0.0950335
-0.154219	-0.73397	-0.661441
0.390996	-0.920391	0.00138314
-0.107651	-0.992809	-0.0523699
-0.254799	-0.53368	-0.806389
0.246075	-0.89545	0.370967
0.524019	-0.829563	-0.192949
-0.725125	-0.670083	-0.158688
-0.183012	-0.931976	-0.312932
-0.59572	-0.788507	-0.15289
-0.233238	-0.769235	-0.594876
0.167394	-0.742123	-0.649024
-0.214746	-0.952546	-0.215734
-0.218318	-0.702528	-0.677342
-0.426213	-0.882315	-0.199657
-0.244489	-0.969483	0.0181011
0.312403	-0.925039	-0.216119
0.203875	-0.848218	-0.488837
0.0281381	-0.832587	0.55318
0.246421	-0.838728	0.485606
0.362566	-0.913222	-0.185936
-0.582082	-0.794782	-0.171761
-0.492523	-0.868022	-0.0629179
-0.0858332	-0.930846	0.355189
-0.0969791	-0.912524	-0.39736
0.250237	-0.765215	-0.59315
-0.339257	-0.842368	-0.418713
-0.0671719	-0.992477	0.102363
0.209175	-0.85067	-0.482294
0.756006	-0.615148	-0.223713
-0.317926	-0.747595	-0.583116
-0.690107	-0.722259	-0.0457647
0.0223103	-0.998374	-0.0524581
0.228441	-0.673294	-0.703199
-0.425532	-0.877312	-0.221914
-0.0238835	-0.933663	-0.357356
0.0892678	-0.939659	0.330262
-0.0958381	-0.986943	0.129458
-0.0667645	-0.997478	0.0241058
-0.180303	-0.859513	-0.478255
0.664509	-0.636316	-0.391829
0.28672	-0.606503	0.741583
-0.617957	-0.747389	0.244007
-0.261173	-0.959574	0.10491
-0.434619	-0.823003	-0.365749
-0.690948	-0.720396	0.0601686
-0.658596	-0.694097	-0.290655
0.136541	-0.941717	0.307451
0.318339	-0.910527	-0.26382
0.063558	-0.903398	-0.424065
-0.0806258	-0.851738	-0.517727
0.507798	-0.858008	0.0772259
0.464712	-0.788706	0.402475
0.735046	-0.469969	-0.488709
0.215967	-0.800794	-0.558648
-0.0845473	-0.951686	-0.295203
-0.284596	-0.952233	-0.110715
-0.26224	-0.957402	0.12088
-0.369271	-0.626298	0.686578
0.255889	-0.959014	-0.121709
0.300211	-0.91906	0.255347
-0.0384186	-0.942554	0.331838
-0.237318	-0.969199	0.0658316
0.205895	-0.976482	-0.0639555
0.222779	-0.949339	-0.22164
-0.24177	-0.970186	-0.0169191
0.308655	-0.725081	-0.615621
0.046715	-0.908154	0.416022
0.0473716	-0.977738	-0.204413
-0.458759	-0.857165	-0.23411
-0.0527215	-0.935634	-0.349013
-0.122627	-0.991816	-0.0355512
0.418601	-0.904384	-0.0828372
0.574486	-0.798854	-0.178319
-0.135097	-0.936667	0.323116
-0.0932821	-0.977647	-0.188427
-0.827064	-0.553318	0.0990152
0.33898	-0.93155	0.131552
0.362945	-0.926906	0.0954778
-0.295945	-0.934538	-0.197624
-0.0830561	-0.949887	-0.301356
-0.158908	-0.94811	0.275383
-0.279113	-0.953594	0.112937
0.440547	-0.894822	-0.0721886
-0.296657	-0.953177	0.058724
-0.0190656	-0.975519	0.219085
0.0902483	-0.992617	0.0810407
-0.388116	-0.844204	-0.36971
-0.0983389	-0.949262	-0.298715
0.211739	-0.64094	-0.73781
-0.468771	-0.844601	-0.258656
-0.558317	-0.698464	0.447695
-0.6464	-0.704218	-0.293674
-0.399615	-0.897769	0.185252
0.134488	-0.504101	-0.853109
-0.526409	-0.84195	-0.118379
0.0102951	-0.949748	-0.312845
-0.797897	-0.513229	0.316159
0.506958	-0.861223	-0.0358995
-0.514794	-0.848575	-0.122094
-0.5872	-0.801518	-0.112987
0.054945	-0.952553	0.299373
0.151792	-0.821111	-0.550214
0.216828	-0.971015	-0.100575
-0.164028	-0.85021	0.500238
0.231543	-0.951014	0.204844
-0.017731	-0.940146	0.340311
0.440404	-0.875373	-0.199415
0.425332	-0.86929	-0.251846
0.0254643	-0.995365	0.0927394
-0.277321	-0.838541	-0.46898
-0.136373	-0.989207	-0.0535827
-0.0687529	-0.947447	0.312438
0.334066	-0.934417	-0.12355
0.309222	-0.865744	-0.393534
0.256623	-0.94161	-0.217978
0.240166	-0.910437	-0.336786
-0.468188	-0.860824	0.199454
0.0207035	-0.978345	0.205943
0.589115	-0.797207	0.131929
-0.072816	-0.819238	0.568813
-0.788773	-0.471759	-0.394056
-0.0329402	-0.972511	0.230517
-0.206743	-0.95479	0.213618
0.313217	-0.949635	0.00935959
0.277449	-0.570519	0.773
-0.387766	-0.921752	-0.00317605
0.104231	-0.963568	0.246318
0.442536	-0.613522	-0.654028
-0.493929	-0.782668	0.378769
0.0492591	-0.866602	-0.496562
0.0293916	-0.852357	0.522134
0.488248	-0.853479	-0.182174
-0.144232	-0.929983	-0.338125
0.121408	-0.88711	-0.445305
0.0323349	-0.985152	-0.168612
-0.164066	-0.807109	-0.567149
-0.141945	-0.985077	-0.0973394
-0.111784	-0.972278	-0.205379
-0.304087	-0.918276	0.253576
-0.139696	-0.989804	-0.0277851
0.588781	-0.754327	-0.290393
-0.625621	-0.728194	0.279877
-0.0660774	-0.796312	0.601266
-0.273037	-0.620902	-0.7348
0.141591	-0.984305	-0.105335
0.129506	-0.763272	-0.632965
0.0782844	-0.996871	0.0109188
-0.0469896	-0.893971	-0.445653
0.795065	-0.603072	-0.0646231
-0.0212152	-0.974248	-0.224478
0.181515	-0.849235	-0.495835
-0.100307	-0.974537	0.200541
-0.993515	-0.0646914	-0.0935073
-0.16182	-0.896576	-0.412269
-0.0764939	-0.75893	-0.646664
-0.705323	-0.698877	-0.118699
0.177861	-0.957069	0.228876
0.136483	-0.945579	-0.295386
-0.376284	-0.749344	-0.54488
-0.441848	-0.894089	-0.0733198
0.273565	-0.960524	0.0505551
-0.134085	-0.97271	0.189358
0.25538	-0.897078	0.3606
0.156259	-0.911992	0.379281
0.428529	-0.845265	-0.319203
0.437228	-0.802617	0.405756
-0.24889	-0.857189	-0.450867
-0.278442	-0.825899	0.490265
-0.168923	-0.915221	-0.365837
0.0924492	-0.791923	0.603583
0.464592	-0.877596	-0.118234
0.427635	-0.646325	-0.631975
0.222288	-0.968395	0.113131
-0.567391	-0.802951	-0.182584
-0.512202	-0.821713	-0.249872
0.383672	-0.887412	-0.255528
0.386166	-0.917003	0.0999052
-0.274692	-0.931514	0.238381
0.465693	-0.882667	0.0634773
-0.134221	-0.976689	0.16752
-0.0582963	-0.937044	0.344311
0.470646	-0.77311	0.425198
0.276818	-0.948462	-0.154243
-0.0215447	-0.800839	-0.598493
-0.534727	-0.844999	0.006615
-0.0103045	-0.778701	0.627311
-0.20825	-0.886402	-0.413429
-0.312791	-0.949297	0.0315655
0.369387	-0.826391	0.425008
-0.418494	-0.898024	0.135704
0.147686	-0.887659	0.436177
-0.436924	-0.873937	0.212915
0.553484	-0.832543	0.0229702
-0.649718	-0.693834	-0.310582
0.525429	-0.843597	0.110763
-0.135861	-0.932369	0.335008
0.28616	-0.957984	-0.0194877
-0.393522	-0.916644	0.0700332
0.0337624	-0.995252	0.0912924
0.353644	-0.935379	-0.0016516
0.278501	-0.634487	-0.721015
0.239517	-0.955162	0.174058
0.222663	-0.97319	-0.0576449
0.37656	-0.853214	0.360873
0.0324247	-0.878058	0.477455
0.302118	-0.910199	-0.283307
0.0386581	-0.999083	0.0183936
-0.031292	-0.987287	0.15584
-0.560863	-0.793877	0.234928
0.134274	-0.989496	-0.0535587
0.0369525	-0.941518	-0.334929
-0.350483	-0.89827	-0.265091
0.239745	-0.967283	0.082977
-0.188611	-0.905455	-0.380233
-0.352853	-0.887886	0.295218
-0.352263	-0.934686	-0.0476763
0.263363	-0.938854	-0.221796
0.238781	-0.944207	0.226842
0.107118	-0.984891	-0.136071
0.2092	-0.976738	-0.047092
0.425633	-0.670054	-0.608165
-0.0797122	-0.972009	0.221009
0.105836	-0.967409	-0.230039
0.349421	-0.894759	0.278051
0.533873	-0.842785	0.0685023
0.177035	-0.973775	-0.142901
0.878804	-0.448979	0.161623
-0.0391672	-0.973608	0.224843
0.444092	-0.714378	0.540783
0.0605443	-0.982278	0.17738
0.115015	-0.890903	-0.43939
0.555898	-0.79708	0.235884
-0.0631557	-0.981955	-0.178256
0.00715465	-0.997315	-0.0728815
0.235037	-0.872575	0.428218
0.461445	-0.849638	0.255311
0.0938661	-0.903728	0.41769
0.307323	-0.951567	-0.00851396
-0.344854	-0.888152	0.303746
-0.16495	-0.916887	-0.363469
0.334328	-0.80443	-0.491038
0.685707	-0.701911	-0.192681
0.477107	-0.877569	0.0473421
-0.0362479	-0.991719	0.123201
-0.126115	-0.795626	0.592515
0.541014	-0.789076	0.290969
-0.0960713	-0.992985	-0.0689232
0.338014	-0.782659	-0.522678
0.596564	-0.742477	0.304696
-0.0341231	-0.990699	0.131724
0.398748	-0.915701	0.0499084
-0.306125	-0.810978	0.498601
-0.541661	-0.368019	0.755755
-0.502382	-0.660204	0.55834
-0.00537321	-0.997146	0.0753001
0.773924	-0.622616	-0.115721
0.701223	-0.709391	0.0710681
-0.374177	-0.905375	0.200717
-0.167655	-0.985718	0.0158776
0.225113	-0.971603	0.0728777
-0.150678	-0.987923	0.0361071
0.535744	-0.697293	0.476195
0.0102425	-0.997021	-0.0764471
-0.198604	-0.967668	0.155482
-0.115216	-0.959634	0.256571
0.0357779	-0.93911	0.341749
-0.181784	-0.960886	-0.208932
-0.0391302	-0.915522	0.40036
0.194002	-0.973179	0.123639
-0.157679	-0.854154	0.495539
-0.346534	-0.918811	-0.188945
0.373024	-0.909387	0.184034
-0.403745	-0.865742	-0.295772
0.294506	-0.92648	0.234311
-0.11301	-0.981837	0.152395
-0.0406758	-0.991569	0.123033
0.439376	-0.878389	-0.188099
0.137495	-0.918235	-0.371403
-0.0208046	-0.969062	-0.245938
-0.0959968	-0.973959	-0.205399
0.394213	-0.891843	0.221837
0.594211	-0.770592	0.230436
0.126608	-0.495135	0.859542
0.21523	-0.966345	-0.140906
-0.277241	-0.90257	-0.329401
0.456426	-0.887905	-0.0574504
0.413255	-0.904575	0.104713
0.152677	-0.900754	-0.406611
-0.210067	-0.884601	0.416356
0.0186755	-0.993566	-0.111708
-0.124042	-0.93673	-0.327339
-0.174519	-0.980138	0.0941946
-0.0440188	-0.924136	0.379519
0.74417	-0.65468	0.132684
0.485793	-0.805773	0.338727
0.445568	-0.836636	0.318604
-0.269545	-0.84456	0.462671
-0.0974064	-0.655804	0.748621
0.284428	-0.939511	-0.190841
0.234713	-0.960907	-0.146861
0.0654262	-0.950603	-0.303437
0.732569	-0.667479	0.133468
0.199805	-0.975934	-0.0873605
-0.1376	-0.86568	0.481316
-0.589655	-0.717611	0.370596
-0.555174	-0.766055	-0.323947
0.620548	-0.560172	0.548751
0.870273	-0.389013	-0.302149
0.0970092	-0.847237	-0.522283
-0.295542	-0.931487	0.212101
-0.426352	-0.762225	0.48707
-0.144173	-0.925807	0.349423
0.216657	-0.969582	-0.113888
-0.139384	-0.904853	0.40226
0.000672052	-0.869704	0.493573
0.462994	-0.853412	-0.239426
0.537858	-0.841165	0.0561294
0.0940247	-0.993444	-0.0650298
-0.242962	-0.781644	-0.574458
-0.0343891	-0.939032	0.342106
-0.231311	-0.940593	0.248558
0.169772	-0.985482	0.00167459
0.400692	-0.862274	-0.309724
0.269735	-0.935609	-0.22777
-0.230837	-0.77824	0.584001
0.052913	-0.968083	-0.244979
0.348679	-0.93724	-0.00205989
0.256413	-0.953027	0.161219
-0.0370125	-0.727245	0.685379
0.030067	-0.904592	0.425217
0.0202351	-0.886688	-0.461926
-0.00572168	-0.986975	-0.160774
-0.587094	-0.793762	-0.158942
-0.115531	-0.853522	-0.508087
-0.110862	-0.933974	-0.339709
-0.247231	-0.964447	0.0933782
-0.245727	-0.934306	-0.258245
-0.424328	-0.782953	-0.454897
-0.328999	-0.940368	-0.086418
0.450363	-0.885844	0.111594
-0.14133	-0.888322	-0.436933
-0.103121	-0.994646	0.00667982
0.419635	-0.72016	0.552518
-0.191607	-0.968667	-0.158021
-0.422621	-0.814553	0.397359
0.168303	-0.96326	-0.209296
0.0809365	-0.956552	0.280103
0.649468	-0.5592	-0.515254
-0.615715	-0.786238	-0.0522003
0.137418	-0.894051	0.426367
0.520189	-0.806107	0.282127
0.261567	-0.935668	0.23687
0.834361	-0.375991	0.403079
0.218972	-0.92568	-0.308491
0.65938	-0.746377	0.0902136
0.505742	-0.843177	-0.182423
-0.161901	-0.668744	0.725651
0.084309	-0.618399	0.781329
0.616691	-0.766932	-0.177505
-0.761551	-0.633179	-0.138292
0.131368	-0.938968	-0.317932
0.077438	-0.954497	0.28799
-0.029465	-0.995207	-0.0932445
0.330737	-0.846516	0.417162
0.169439	-0.943557	0.284589
0.243073	-0.969976	-0.0078319
-0.526388	-0.849261	0.0408964
0.198317	-0.969137	-0.146439
0.04231	-0.916204	-0.398473
-0.0197503	-0.794491	-0.606954
-0.181608	-0.940883	-0.285932
-0.00146342	-0.999813	0.0192896
0.458808	-0.837587	-0.296551
0.244258	-0.957463	0.15363
-0.0703988	-0.815307	-0.574733
-0.313167	-0.890797	-0.329253
-0.2443	-0.968864	0.0402607
0.206127	-0.964119	0.167292
0.169189	-0.922222	0.347679
-0.187876	-0.935152	0.300323
-0.100212	-0.691452	0.715438
0.0581506	-0.709776	0.702023
0.341067	-0.919275	-0.196489
0.176867	-0.931884	0.316717
0.459222	-0.686605	-0.563638
-0.315289	-0.914575	-0.253267
0.0672707	-0.989936	-0.124506
0.303903	-0.754738	-0.581389
0.431163	-0.90021	0.0609986
-0.0635143	-0.984754	-0.161944
-0.284329	-0.637423	0.716134
0.463775	-0.543048	-0.700008
-0.528417	-0.842866	-0.101741
0.113154	-0.990692	-0.0756646
-0.293465	-0.949308	-0.112664
-0.105724	-0.921923	0.372666
-0.12112	-0.877496	-0.464037
-0.201542	-0.916283	0.34613
0.386684	-0.920742	-0.0520522
0.114604	-0.838303	-0.533023
-0.0239091	-0.944723	-0.326997
0.513021	-0.830394	-0.217384
-0.0777707	-0.988512	-0.129597
-0.0394376	-0.999161	-0.0110201
0.168688	-0.951809	0.256133
0.211263	-0.927949	0.307048
-0.295545	-0.951243	-0.0882603
0.225635	-0.749583	-0.622265
0.105283	-0.638585	0.762316
0.346074	-0.91748	0.196121
-0.248657	-0.96321	0.101962
0.518976	-0.843426	-0.138911
0.50875	-0.268069	-0.818115
-0.236436	-0.785147	0.572401
-0.292341	-0.950779	-0.102748
0.0489342	-0.998259	0.0329321
0.280118	-0.693294	0.663986
0.236112	-0.96931	-0.0684805
-0.228823	-0.883755	-0.408188
-0.328189	-0.940704	0.0858395
0.12049	-0.900077	0.418742
0.0389479	-0.947987	0.315918
-0.15428	-0.977069	-0.146744
0.63246	-0.705145	-0.320569
0.527044	-0.703649	-0.476553
-0.0758742	-0.987906	-0.135219
0.543491	-0.833513	-0.099362
-0.495092	-0.786576	0.369028
-0.0363129	-0.988897	-0.1441
0.0886321	-0.940127	0.329097
0.660898	-0.588958	-0.465126
0.165	-0.909431	0.38172
-0.0574171	-0.988445	0.140287
0.637047	-0.770285	-0.0288269
-0.0900398	-0.970621	0.223131
0.538316	-0.622136	-0.568473
0.393202	-0.7538	0.526476
-0.776651	-0.623335	-0.09092
0.0583452	-0.87699	-0.476953
-0.00821754	-0.974496	-0.224256
0.823464	-0.28053	0.493163
0.701942	-0.709746	0.0594819
-0.390585	-0.91889	0.0555389
0.0305093	-0.887335	0.460115
0.363081	-0.906775	0.214317
-0.235043	-0.826339	-0.511781
0.57012	-0.742887	0.350831
-0.442686	-0.887303	0.129316
0.362609	-0.899488	0.243795
-0.516153	-0.849746	0.107322
-0.614316	-0.631053	-0.473696
0.171128	-0.984048	-0.0486385
0.709546	-0.674983	0.20234
0.498555	-0.765053	-0.407599
0.58361	-0.741237	0.331614
0.322914	-0.904915	0.277228
-0.181488	-0.958371	0.220424
0.262639	-0.29798	-0.91773
0.600666	-0.758687	0.252177
0.662387	-0.733391	0.152909
-0.669977	-0.734424	-0.108407
0.143153	-0.972394	0.184276
0.0192438	-0.782788	0.621991
0.285252	-0.958416	0.0083946
0.673223	-0.688233	0.270381
0.215941	-0.917469	-0.334095
-0.405903	-0.913722	-0.0188182
-0.0549538	-0.992685	0.107502
0.0125263	-0.993832	-0.110188
0.026136	-0.800115	0.599277
0.23129	-0.852795	0.468237
0.349347	-0.93546	-0.0535789
0.192964	-0.924306	0.329277
0.722377	-0.685814	0.0884895
-0.0119697	-0.926908	0.375097
-0.270971	-0.873546	-0.404341
-0.707556	-0.632033	0.316068
0.220499	-0.975296	0.0133284
0.254424	-0.906872	0.335933
-0.0668309	-0.994633	-0.0789842
0.525874	-0.680021	-0.51091
-0.420063	-0.858856	0.293111
0.298652	-0.836867	0.458761
0.900248	-0.400155	0.171549
0.00839906	-0.971624	-0.236381
-0.118036	-0.944019	0.308052
0.120657	-0.985935	-0.115649
-0.701416	-0.583654	0.409101
-0.45314	-0.863007	-0.223346
-0.310959	-0.792959	-0.523947
-0.400547	-0.909535	-0.110939
0.0739149	-0.963672	0.256658
-0.0936907	-0.991064	0.0949474
0.83798	-0.54373	-0.0463461
-0.610254	-0.656514	-0.443373
-0.080723	-0.935258	0.344639
0.818189	-0.043017	0.573338
0.15206	-0.932457	-0.327722
0.00209632	-0.999985	-0.00515798
0.396677	-0.91013	0.119626
0.261869	-0.963916	-0.0478705
0.178732	-0.947999	0.263348
-0.0496114	-0.691306	0.720857
0.66128	-0.596958	0.454257
-0.169993	-0.881198	0.441125
-0.536971	-0.842368	0.0455938
0.500472	-0.729053	0.466915
-0.560378	-0.750291	0.350769
-0.515253	-0.80612	-0.291006
0.322712	-0.943194	0.0790095
0.0613633	-0.996733	0.0525169
0.302177	-0.863955	-0.402828
-0.0757648	-0.951301	-0.298807
0.170754	-0.930929	0.322823
0.106056	-0.991135	0.0800241
-0.262447	-0.96476	0.0189717
0.424113	-0.855087	-0.29825
0.0794045	-0.988723	0.126975
-0.195415	-0.977852	0.0749514
-0.42919	-0.884526	-0.182783
-0.30681	-0.885794	0.34819
0.118443	-0.991458	-0.0546106
-0.489325	-0.857009	-0.161548
0.281573	-0.955381	0.0892419
-0.415047	-0.907596	-0.063282
-0.337527	-0.903055	-0.265646
-0.621135	-0.672967	-0.40163
0.748897	-0.49163	0.444356
0.0575569	-0.993699	0.0961738
-0.180368	-0.954069	-0.239207
0.436291	-0.865938	0.244544
-0.0722658	-0.89177	0.446681
-0.584997	-0.80947	0.0503693
0.504193	-0.844856	0.178907
-0.0828143	-0.996236	-0.025586
0.215858	-0.956865	-0.194458
0.487577	-0.866987	-0.102967
0.208151	-0.956187	-0.205863
-0.0373321	-0.904193	-0.425489
-0.0707139	-0.879205	-0.471167
-0.345868	-0.932669	0.102483
-0.0999735	-0.988534	-0.113165
0.488329	-0.854205	-0.178518
-0.113945	-0.951199	0.28677
-0.12538	-0.951327	-0.281527
0.498339	-0.844624	-0.195626
-0.590609	-0.787759	-0.174974
-0.115587	-0.525067	-0.843175
0.640879	-0.740063	0.203913
0.0134288	-0.943856	0.330084
0.660923	-0.744413	-0.0950251
-0.281836	-0.931973	-0.228023
0.559839	-0.825557	-0.0709623
-0.415579	-0.909557	-0.000279012
-0.309936	-0.949681	-0.0452293
-0.474084	-0.691474	0.545076
-0.0209733	-0.875982	0.481888
0.0134612	-0.991789	0.127178
0.113273	-0.886763	-0.44813
-0.540523	-0.745433	0.390084
0.60214	-0.782566	0.158173
0.14408	-0.988544	-0.0449705
-0.569144	-0.822237	-0.00126499
-0.073237	-0.982479	-0.171379
0.219823	-0.846225	0.485366
-0.340369	-0.93842	-0.0592993
0.0396659	-0.99752	0.058139
-0.200643	-0.944013	-0.261882
-0.461423	-0.859024	-0.221735
-0.477212	-0.707916	0.520695
0.452275	-0.787325	0.419008
0.375397	-0.896174	-0.236537
-0.35272	-0.927979	-0.120184
-0.388721	-0.787278	0.478633
0.125543	-0.966487	-0.223923
0.0242267	-0.993671	-0.109684
0.0888543	-0.995787	-0.022656
-0.250363	-0.907994	0.335954
0.58971	-0.707592	-0.389302
0.346876	-0.796285	0.495587
0.430389	-0.681086	-0.592358
-0.232269	-0.888214	-0.396393
0.0557505	-0.99538	0.0781677
-0.305476	-0.948948	-0.0786259
-0.542166	-0.683383	0.488921
0.144185	-0.956116	-0.255054
0.154742	-0.957409	-0.243767
0.583657	-0.750097	0.310963
-0.410539	-0.893429	0.182326
-0.183461	-0.800249	0.570914
0.0398093	-0.297144	0.954003
0.0645824	-0.975284	-0.211308
-0.146249	-0.914609	-0.376964
-0.292982	-0.861577	0.414544
0.106412	-0.81472	0.570007
0.0566966	-0.994281	-0.0905071
0.585214	-0.720406	-0.37221
0.554235	-0.81816	-0.153091
0.156751	-0.965545	-0.207731
-0.577679	-0.38069	0.722054
-0.0588605	-0.994306	-0.0888317
-0.363258	-0.930959	-0.0368586
0.309083	-0.94936	-0.0564212
0.615482	-0.771469	-0.161299
0.200499	-0.898865	-0.389669
0.29389	-0.949513	-0.109786
-0.230427	-0.953178	0.195846
0.000391803	-0.997976	0.0635892
-0.29793	-0.859756	-0.414797
-0.142679	-0.9657	-0.216946
0.215098	-0.870984	-0.441724
0.256666	-0.966323	0.0185084
-0.39505	-0.848806	-0.351375
-0.274776	-0.933944	-0.228574
0.0136326	-0.960612	0.277559
0.179746	-0.937316	0.298545
-0.23929	-0.969615	0.0508558
-0.399261	-0.887847	-0.228731
0.120011	-0.990042	0.0735839
-0.643646	-0.66821	-0.373115
0.392057	-0.7005	0.596314
-0.0397189	-0.923136	0.382418
0.506178	-0.674923	-0.536902
-0.249947	-0.810733	-0.529375
-0.313514	-0.948555	-0.0441806
0.0293664	-0.996763	-0.0748379
-0.338738	-0.938146	-0.071683
0.241171	-0.752437	-0.612923
0.163851	-0.736106	0.656735
0.692305	-0.625276	-0.360199
0.257608	-0.734541	-0.627764
0.579099	-0.740251	0.341573
-0.0610867	-0.664903	-0.744427
0.211699	-0.936442	-0.279749
-0.380247	-0.625099	-0.681662
0.0927248	-0.99454	0.0478866
-0.460728	-0.675683	0.575484
0.575833	-0.801343	-0.162066
-0.202573	-0.934342	0.293204
0.288116	-0.807088	0.515363
-0.0143645	-0.982217	0.187201
0.191941	-0.942075	0.275051
0.0550732	-0.830041	-0.554976
-0.286556	-0.957015	-0.0448048
-0.926965	-0.142129	0.347182
0.151071	-0.984259	0.0917149
-0.123096	-0.986839	-0.104863
0.26356	-0.964582	-0.0108695
0.100047	-0.886079	0.452608
0.334732	-0.710706	-0.61875
-0.142256	-0.920808	0.363147
-0.112939	-0.968945	-0.219978
-0.00514623	-0.996485	-0.0836135
-0.110348	-0.947049	0.301533
0.565206	-0.811018	-0.150967
0.0678019	-0.993498	-0.0914599
0.113293	-0.932904	0.341841
-0.460714	-0.871235	0.16939
0.409371	-0.893575	-0.184224
0.473488	-0.703222	-0.530366
-0.376956	-0.92623	0.00108712
0.187427	-0.632268	0.751737
-0.185606	-0.803174	0.566094
-0.499255	-0.562282	0.659229
-0.00660204	-0.996914	-0.0782217
0.0259282	-0.970099	0.24132
0.806714	-0.533646	-0.253842
-0.110279	-0.835176	-0.538813
-0.438407	-0.754598	0.488243
-0.162928	-0.986015	-0.0350659
0.0762273	-0.802677	-0.591523
0.0189116	-0.878732	-0.476942
-0.201976	-0.92618	-0.318427
0.326628	-0.846871	-0.419671
0.150317	-0.938212	0.311711
-0.028758	-0.776467	0.629501
0.188234	-0.919436	0.345262
-0.341319	-0.843327	-0.415092
0.332936	-0.181082	-0.925399
0.0419527	-0.963744	-0.263508
-0.238482	-0.970305	0.0404352
-0.573733	-0.775144	-0.264542
-0.0956707	-0.98619	0.13519
-0.0665435	-0.903609	0.423159
0.352366	-0.935651	-0.0198993
0.622806	-0.75586	-0.201961
0.0756101	-0.983938	0.161705
-0.462879	-0.877487	-0.125541
0.0478251	-0.990632	0.127908
0.594492	-0.796666	0.109102
0.621034	-0.776822	0.10423
-0.352366	-0.414255	-0.839185
-0.0874932	-0.88597	0.455414
-0.0779984	-0.41725	-0.905438
0.78487	-0.6009	-0.151323
-0.0337593	-0.980105	0.195586
0.167568	-0.981183	-0.0959208
-0.134217	-0.863667	0.485865
0.0364994	-0.750074	-0.660346
0.370593	-0.917845	-0.142202
-0.389569	-0.912669	0.123582
0.223359	-0.968651	0.108751
-0.510119	-0.837986	0.193802
0.367175	-0.92903	0.0456761
-0.102652	-0.988388	0.112038
-0.349098	-0.937017	-0.0113863
0.451339	-0.892287	-0.0107846
0.171419	-0.960966	0.217161
0.371999	-0.728666	0.575032
-0.325145	-0.843828	-0.426889
0.422606	-0.722095	0.547707
0.603757	-0.768885	-0.210457
0.29336	-0.83104	-0.472559
-0.599471	-0.796471	0.079173
-0.0906124	-0.992188	0.0857506
-0.183337	-0.934638	0.304696
0.275635	-0.946637	-0.167046
-0.139796	-0.97295	0.183915
-0.202898	-0.948473	0.243375
-0.699164	-0.678606	-0.225085
-0.00457631	-0.910641	0.413172
0.449812	-0.711778	-0.539483
-0.361	-0.425278	0.829951
-0.659644	-0.567715	0.492513
0.0535213	-0.992855	0.106655
0.123619	-0.628993	0.767519
-0.189313	-0.755545	-0.627146
-0.103577	-0.860536	0.498748
0.381286	-0.860371	0.338204
0.199435	-0.978751	0.0476596
0.0512736	-0.906098	0.419949
-0.34864	-0.933153	0.0876067
0.126589	-0.991019	-0.0430859
-0.22569	-0.973405	0.0393309
0.10859	-0.946125	-0.305051
-0.381358	-0.88129	-0.279094
0.521729	-0.714549	0.466066
-0.654471	-0.719683	0.231784
0.293506	-0.765718	0.572302
-0.433056	-0.897327	-0.0852388
-0.019351	-0.943747	0.330102
-0.0446566	-0.918656	-0.392526
0.538087	-0.8169	0.207695
0.0341125	-0.999048	-0.0271744
-0.200296	-0.974255	0.103484
0.00358387	-0.765272	0.643697
-0.120525	-0.941502	0.314717
0.035316	-0.994166	-0.101917
0.0809893	-0.987728	0.133547
-0.140574	-0.936521	0.321196
-0.303331	-0.944904	-0.123068
0.113487	-0.993455	-0.0129701
0.247385	-0.964141	-0.0960869
-0.400232	-0.911938	-0.0904575
-0.540743	-0.830584	-0.133145
-0.141939	-0.861043	0.488322
0.180847	-0.945447	0.270969
0.417353	-0.894565	-0.159905
-0.0635311	-0.776496	-0.626911
0.0348423	-0.96094	0.274555
0.434361	-0.684833	0.585094
0.474164	-0.874186	-0.104722
-0.567102	-0.593	0.571618
-0.433236	-0.839254	0.328571
-0.0658408	-0.710403	-0.700709
0.0576666	-0.887211	-0.457746
-0.173714	-0.949394	-0.261676
0.104854	-0.982182	0.155962
0.252464	-0.882066	0.39777
-0.51313	-0.79752	0.31727
-0.00891555	-0.763967	0.645193
0.227683	-0.965272	0.128107
0.438227	-0.48705	-0.755473
0.127463	-0.901587	-0.413393
0.423417	-0.879526	-0.217146
-0.566827	-0.821857	-0.0570731
-0.267814	-0.738219	0.619119
-0.298531	-0.953965	0.0287947
0.167913	-0.938607	0.301368
0.267779	-0.796667	-0.541863
-0.466288	-0.865401	0.183458
0.160911	-0.966509	-0.199921
-0.0944106	-0.99539	-0.0169073
0.54759	-0.805088	-0.227989
0.282979	-0.919258	0.273655
0.00791599	-0.989139	0.146767
0.344627	-0.552999	-0.758567
-0.439291	-0.827178	0.350429
0.388696	-0.871074	0.300243
0.314933	-0.814754	-0.48682
-0.366589	-0.930135	0.0214845
-0.0489668	-0.860627	0.506877
-0.0725799	-0.862345	-0.501092
-0.236258	-0.943306	0.233144
-0.10098	-0.990664	-0.0915823
0.13253	-0.8254	-0.548773
0.155293	-0.970325	-0.185349
0.106604	-0.978794	-0.174921
0.310078	-0.696249	0.647371
-0.0545602	-0.99048	0.126381
0.0642812	-0.926942	0.369657
0.361763	-0.929612	-0.0703513
-0.0692582	-0.946812	-0.314245
-0.17456	-0.920787	0.348826
0.381273	-0.918197	0.107446
-0.358066	-0.905718	-0.226856
0.0582453	-0.995687	0.0722119
0.332311	-0.880683	-0.33759
0.215733	-0.974656	-0.0592034
0.274459	-0.928191	0.251264
0.087351	-0.965912	0.243688
0.660418	-0.732791	-0.163905
-0.583507	-0.768132	-0.263613
0.25842	-0.893699	-0.36677
0.554404	-0.774814	-0.303808
0.0719576	-0.922306	-0.379702
0.362669	-0.878133	-0.312014
-0.137757	-0.890601	0.43342
0.46633	-0.835259	-0.29134
0.000634526	-0.963947	-0.266095
-0.470141	-0.882483	-0.0138064
-0.475867	-0.814276	-0.332424
0.0722138	-0.993902	0.0833285
0.500928	-0.842115	0.199784
-0.175805	-0.855679	0.48673
0.0131759	-0.993486	0.113189
0.511184	-0.666574	0.542559
-0.778263	-0.494346	0.387206
0.23786	-0.96945	-0.0599143
0.256729	-0.93924	0.227855
0.859954	-0.152191	0.487152
0.723876	-0.590702	0.356475
0.381588	-0.860548	0.337413
0.500855	-0.849162	0.167538
-0.0591893	-0.983529	0.170782
0.450488	-0.773462	-0.445889
0.268878	-0.935221	0.230361
0.385923	-0.668378	-0.635873
0.166623	-0.817422	-0.551414
0.606839	-0.779047	0.157583
0.10836	-0.987972	-0.110318
-0.120272	-0.848991	0.514538
0.422388	-0.902731	0.0816432
-0.0356025	-0.629651	0.776062
0.59194	-0.534993	-0.602818
-0.12944	-0.700629	-0.701687
-0.420039	-0.783036	-0.458717
0.362481	-0.629385	0.687373
-0.108359	-0.958492	0.263727
-0.125717	-0.833533	0.537975
0.448503	-0.513573	0.731497
-0.215137	-0.95247	0.215676
0.207005	-0.608714	-0.765909
-0.0340043	-0.989417	-0.141058
0.0854475	-0.861442	0.500616
-0.342611	-0.923711	-0.171392
0.0794005	-0.903577	-0.421003
-0.161904	-0.87031	0.465132
-0.0598368	-0.992418	-0.10736
-0.0839106	-0.994471	-0.0631399
0.305346	-0.947249	-0.0973784
-0.0361616	-0.997385	-0.0625769
0.120928	-0.898689	-0.421587
-0.509556	-0.725401	-0.462759
-0.116186	-0.993218	0.00441097
0.146503	-0.877244	0.457143
-0.355608	-0.848065	-0.392846
0.00693177	-0.992565	-0.121522
0.210124	-0.938667	0.27341
-0.326262	-0.798584	-0.505783
0.290516	-0.521297	-0.802402
0.261116	-0.964545	0.0383647
0.201513	-0.971735	0.122977
-0.262474	-0.96067	-0.0906632
0.0532265	-0.805833	-0.589746
-0.106408	-0.97891	-0.174392
0.517847	-0.853876	0.0522545
0.23763	-0.909707	-0.340537
-0.396001	-0.767709	0.503791
0.1447	-0.872208	-0.467243
0.470523	-0.881983	-0.0267164
0.176706	-0.923663	-0.340031
0.0493683	-0.966676	-0.251197
-0.0520085	-0.994405	0.0919419
-0.252188	-0.954528	0.158991
-0.00258644	-0.970408	-0.241457
0.0774521	-0.923342	-0.376086
-0.541797	-0.774371	-0.326812
-0.680622	-0.721545	-0.126994
0.0848479	-0.163244	0.98293
-0.0584801	-0.998244	0.0094064
-0.188	-0.975127	-0.117401
0.263759	-0.964381	0.0199995
0.269241	-0.960691	-0.0676899
-0.450588	-0.892686	-0.00905391
0.107497	-0.976696	-0.185766
-0.202009	-0.946604	-0.251264
0.00251435	-0.8424	0.538847
0.292117	-0.723908	-0.624999
0.260913	-0.960691	-0.0948564
-0.150791	-0.987715	0.0409995
0.246311	-0.892497	-0.377862
0.0821278	-0.99514	-0.0543341
0.00611927	-0.995142	-0.0982605
-0.0192419	-0.989362	-0.144199
-0.15476	-0.925457	-0.3458
0.231868	-0.972308	0.0292272
-0.242167	-0.885169	-0.39728
-0.151147	-0.96655	-0.207212
-0.00132616	-0.971834	-0.235662
0.248313	-0.920875	-0.300551
-0.307205	-0.928182	-0.210007
0.074079	-0.991223	0.109496
0.09853	-0.986415	-0.131444
0.527686	-0.772806	-0.352588
-0.0366686	-0.986537	-0.159373
-0.482749	-0.870409	0.0966494
-0.0216563	-0.716615	-0.697133
-0.325278	-0.86324	0.386018
0.810542	-0.563508	-0.159625
-0.0358535	-0.987282	-0.154884
-0.172617	-0.982525	-0.0696211
-0.656373	-0.3743	-0.655037
0.220387	-0.962722	0.156833
0.0991594	-0.877818	0.468619
0.226946	-0.972324	-0.0555143
-0.334826	-0.941856	-0.0282481
0.241838	-0.948785	0.203278
0.844387	-0.516314	0.142932
-0.269843	-0.925434	0.266002
-0.218045	-0.972696	0.0794934
0.401612	-0.903814	-0.147744
0.235566	-0.88026	0.411886
-0.0358536	-0.977927	0.205849
-0.0702788	-0.74445	-0.66397
0.361548	-0.851172	-0.380512
0.314196	-0.828246	0.463993
-0.301794	-0.95337	-0.0025858
-0.42194	-0.904157	-0.0668297
0.0458171	-0.612605	0.78906
-0.00832795	-0.975176	0.221276
-0.462796	-0.886413	-0.00955363
-0.263062	-0.928678	-0.26145
-0.415678	-0.903242	0.106613
0.300767	-0.953693	-0.00305488
-0.199901	-0.73131	0.652094
0.580935	-0.711475	0.39537
-0.160083	-0.970501	0.180283
-0.290253	-0.625746	0.724013
0.223593	-0.973969	-0.037292
0.326126	-0.916356	-0.232235
0.548223	-0.814939	-0.187951
0.0357206	-0.918779	0.393153
0.388191	-0.918497	0.0753081
0.65896	-0.675979	0.329885
0.78785	-0.481626	-0.383835
0.718695	-0.62647	-0.301684
-0.397276	-0.917155	0.031595
0.497682	-0.788566	-0.361214
-0.479509	-0.124695	0.868633
0.202489	-0.841833	0.500316
-0.508749	-0.854974	0.100964
-0.135305	-0.912051	-0.387112
-0.221789	-0.911487	-0.346412
0.321115	-0.913227	-0.250802
0.37914	-0.907019	-0.183217
0.0847816	-0.976326	0.198999
-0.0124382	-0.996276	-0.0853193
-0.463044	-0.88147	0.0927366
0.561502	-0.824986	0.0641382
0.523852	-0.808715	0.267507
-0.179412	-0.904023	-0.388012
0.0812637	-0.957038	-0.278344
0.27918	-0.906739	-0.316042
0.135299	-0.849675	-0.509654
0.123757	-0.981656	-0.14504
0.331788	-0.943279	0.0119206
-0.207591	-0.964214	0.164916
-0.0521075	-0.998267	-0.0273525
-0.0443901	-0.983164	0.177252
-0.242899	-0.931574	-0.2705
0.207996	-0.964364	0.16352
-0.069819	-0.777854	-0.624555
0.417538	-0.894727	-0.158514
0.0644002	-0.966634	-0.247935
-0.289012	-0.95525	0.0630033
-0.103753	-0.938457	0.329443
-0.108685	-0.993151	-0.04288
-0.107403	-0.948501	0.298011
-0.406067	-0.8896	0.209098
0.124081	-0.984573	-0.123372
-0.00702956	-0.969427	-0.24528
0.56671	-0.819818	-0.0820867
-0.218124	-0.962104	0.163639
-0.174971	-0.978348	-0.110544
-0.173004	-0.937709	-0.301284
-0.420216	-0.907411	0.0048318
0.0983385	-0.93747	-0.333885
0.508292	-0.525399	0.682345
0.303592	-0.845158	0.439931
0.505385	-0.849735	-0.150122
-0.029317	-0.964889	0.261018
-0.0299352	-0.995765	-0.0869292
-0.100327	-0.983924	0.147743
-0.211022	-0.967807	-0.137181
-0.551398	-0.826161	0.115834
0.563896	-0.734934	0.376687
-0.204007	-0.574391	0.792752
-0.275445	-0.929871	0.243865
0.299762	-0.926398	-0.227882
-0.189373	-0.875359	0.444842
0.033927	-0.842324	-0.537902
0.431556	-0.897488	0.0909639
-0.0503582	-0.959558	0.276971
-0.473986	-0.872314	-0.120022
0.283927	-0.948758	0.138722
0.471416	-0.851357	-0.230128
-0.215306	-0.815679	-0.536945
0.606644	-0.731304	-0.311732
-0.0152818	-0.971939	0.234737
0.27306	-0.95078	-0.146478
-0.0296438	-0.969494	0.243316
-0.347241	-0.907698	-0.235602
0.146513	-0.822573	0.549461
0.0365528	-0.808561	-0.587277
-0.222836	-0.974138	-0.0374078
0.845072	-0.354548	-0.400186
0.0116747	-0.998044	-0.061417
0.75517	-0.646701	0.107221
0.085116	-0.972506	0.216766
0.190318	-0.961141	-0.199968
0.454378	-0.887467	-0.0770942
0.305826	-0.826737	0.472203
0.200487	-0.676525	-0.708603
-0.203969	-0.978907	0.0117679
-0.895912	-0.248748	-0.368058
0.496481	-0.827407	0.262496
-0.375602	-0.866537	-0.328688
0.03562	-0.99923	-0.0164321
-0.359559	-0.864426	0.351405
-0.0144364	-0.850894	-0.525139
-0.415562	-0.903305	0.106528
-0.162944	-0.93101	-0.326602
-0.127151	-0.672326	0.729254
-0.343384	-0.934574	-0.09305
-0.666961	-0.684281	-0.294827
-0.196147	-0.947425	-0.25281
-0.264336	-0.915953	-0.301921
0.00606142	-0.898841	0.438232
0.0271338	-0.876893	-0.479919
-0.17534	-0.742251	0.646777
0.668449	-0.620068	-0.41072
-0.0366575	-0.856961	-0.514076
-0.207013	-0.978277	0.0109532
0.0933683	-0.951015	-0.294707
0.593031	-0.72538	-0.349483
0.0377346	-0.988613	-0.145671
-0.524903	-0.816169	0.241546
0.726549	-0.680826	-0.0927517
-0.243798	-0.456215	-0.855822
-0.408804	-0.897319	0.166429
0.488006	-0.828732	-0.273959
0.308914	-0.912301	0.268846
-0.202576	-0.652791	-0.72995
-0.00569703	-0.999002	0.0442929
-0.201315	-0.979325	0.0198705
-0.560112	-0.798599	-0.220258
0.0537726	-0.872618	-0.485434
-0.409845	-0.908997	-0.0758388
-0.331846	-0.943315	0.00587352
-0.314314	-0.830317	-0.460196
-0.316262	-0.863587	-0.392678
-0.353683	-0.933612	0.0572512
-0.341172	-0.832839	-0.435868
-0.200125	-0.742806	-0.638897
-0.241825	-0.473839	-0.846757
-0.110327	-0.951842	0.28605
0.464584	-0.825959	-0.319303
-0.0634237	-0.903078	-0.424769
0.161417	-0.986112	-0.0390978
0.352359	-0.922526	-0.157445
-0.0774285	-0.856903	-0.50963
0.277439	-0.959535	0.0481723
0.494221	-0.818306	-0.293463
-0.424054	-0.904865	-0.0373885
-0.111427	-0.919982	0.375789
-0.0748752	-0.970304	0.230009
-0.0726016	-0.527631	-0.846365
0.50604	-0.862356	-0.0163091
-0.45996	-0.887914	0.00676754
0.441203	-0.747936	0.495915
-0.574745	-0.732813	-0.364216
-0.457704	-0.809773	-0.367116
-0.06751	-0.997072	0.0359006
-0.0645521	-0.977011	-0.20318
0.161795	-0.966413	0.199672
0.261919	-0.958583	-0.111878
-0.185535	-0.981389	-0.0495241
-0.12654	-0.988471	0.0831416
0.190593	-0.84305	-0.502932
-0.147978	-0.958207	0.244831
0.0488121	-0.835993	0.546564
0.0936172	-0.969576	-0.22618
0.188087	-0.93051	0.314283
0.0719136	-0.953574	-0.292448
-0.128027	-0.749815	0.649143
-0.685745	-0.711975	0.151148
-0.455357	-0.884737	0.0994462
0.272161	-0.941757	0.197543
0.321239	-0.925255	-0.201762
0.14609	-0.854089	0.499189
0.0287964	-0.953972	-0.298511
0.445588	-0.892331	0.0720913
-0.522432	-0.849075	-0.0783414
0.0162709	-0.996279	-0.0846386
0.605195	-0.668599	0.432104
-0.477881	-0.858884	0.184248
0.653397	-0.690448	0.310409
-0.368758	-0.919753	-0.134432
-0.391834	-0.814998	-0.4269
-0.355078	-0.875427	0.327944
-0.11097	-0.643723	-0.75717
-0.107622	-0.899647	0.423147
-0.579858	-0.734623	0.35227
0.582139	-0.753354	0.305895
-0.167895	-0.983362	0.069352
-0.715432	-0.663915	0.217655
-0.0463653	-0.949598	0.310024
-0.562189	-0.682544	-0.466987
0.314732	-0.894678	0.317009
-0.356735	-0.870244	0.339729
-0.104994	-0.985398	-0.134043
0.185983	-0.762691	-0.619445
0.499652	-0.865303	-0.0399915
-0.162448	-0.960144	0.227453
-0.282775	-0.928384	0.241124
0.251126	-0.939612	-0.23252
-0.00438294	-0.855941	0.517055
0.374437	-0.709695	0.596766
-0.194561	-0.980766	-0.0156322
0.78447	-0.578622	-0.223166
0.397676	-0.888293	0.229759
-0.0909379	-0.994303	0.0556014
0.328104	-0.886625	-0.325952
-0.57463	-0.812725	0.0963237
0.334166	-0.821765	0.461558
0.501016	-0.784519	0.365396
-0.22893	-0.973409	0.00815791
-0.312601	-0.889081	0.33439
0.174581	-0.965808	-0.191668
0.651796	-0.757851	-0.028696
-0.389121	-0.660745	0.641873
0.49891	-0.839523	-0.21515
0.04176	-0.998351	-0.0393958
0.223515	-0.944588	-0.240407
-0.207513	-0.531892	-0.820993
-0.0222752	-0.958012	-0.28586
-0.273411	-0.930862	0.242366
0.417358	-0.867981	0.269112
-0.0882715	-0.993787	-0.0677919
0.141241	-0.953718	-0.265466
0.00929136	-0.854646	-0.519127
0.335319	-0.939389	-0.0714751
0.21831	-0.954811	0.201683
0.0712381	-0.957849	-0.278299
-0.00779723	-0.94967	0.313155
-0.354658	-0.879248	0.318026
0.076213	-0.972179	0.221495
0.281394	-0.804198	-0.52353
0.26318	-0.913239	0.311016
-0.15423	-0.924977	-0.34732
0.065469	-0.992496	0.103274
-0.39453	-0.875188	0.279986
0.634185	-0.71197	0.301511
-0.100825	-0.883695	0.457075
-0.51124	-0.637166	-0.576761
0.255144	-0.889454	0.379175
0.138553	-0.985805	-0.0948196
-0.357841	-0.932842	-0.0419047
0.00322438	-0.998146	-0.0607781
0.199957	-0.978572	0.0491379
-0.270935	-0.722531	0.636037
0.0533611	-0.873542	0.483816
0.904469	-0.262698	0.336045
-0.350224	-0.934275	-0.0668835
0.325961	-0.903985	0.276695
0.118926	-0.929893	0.348074
-0.234417	-0.960198	-0.151884
-0.230185	-0.941421	-0.246458
-0.0269102	-0.877014	0.479711
-0.116887	-0.983064	0.141149
-0.439559	-0.789662	-0.428044
0.611987	-0.709361	0.349682
0.375797	-0.6392	-0.670969
0.0701075	-0.979662	0.188009
-0.562625	-0.7505	-0.346704
0.406966	-0.831749	0.377588
-0.247351	-0.791513	0.55886
-0.303999	-0.91648	0.260094
0.326369	-0.931412	0.161105
0.164476	-0.840929	-0.515544
0.212433	-0.885253	0.413762
-0.0959461	-0.940182	-0.326883
0.0325293	-0.927819	0.371609
0.141885	-0.918409	-0.369314
0.39738	-0.917196	-0.0290092
0.134666	-0.903022	-0.40794
-0.321723	-0.92565	0.199163
-0.368323	-0.904797	-0.213728
-0.657991	-0.738011	0.149626
-0.342945	-0.844859	0.410612
0.128758	-0.99155	-0.0157811
0.518782	-0.842333	-0.146086
0.739227	-0.671254	-0.0544079
-0.394373	-0.894136	0.212112
-0.0526509	-0.8277	-0.558696
-0.504027	-0.735798	-0.452282
-0.831078	-0.519892	0.197537
0.0538584	-0.921357	0.384968
0.0795253	-0.894963	0.438995
0.297169	-0.954825	-3.23774e-05
-0.544215	-0.691375	-0.475216
-0.269936	-0.843634	-0.464129
0.369479	-0.765698	-0.52649
-0.0770949	-0.916631	0.39223
0.591907	-0.805606	0.0253896
0.303435	-0.898719	-0.316592
-0.180734	-0.982237	-0.050453
0.0776278	-0.97566	-0.205089
0.146644	-0.761231	-0.631683
0.749561	-0.650782	0.121
0.193997	-0.824234	-0.531981
0.162767	-0.902243	0.39933
-0.22982	-0.738886	0.633427
-0.219907	-0.383442	-0.897002
-0.0889922	-0.959987	0.265529
-0.566212	-0.814525	-0.126303
-0.709224	-0.698193	0.0976089
0.161226	-0.985018	0.0612085
-0.536732	-0.695481	-0.47773
-0.656875	-0.289091	0.696378
-0.35097	-0.935853	-0.0316027
0.381294	-0.55356	0.740396
0.776815	-0.446178	-0.444392
-0.462692	-0.868414	-0.178251
0.0508264	-0.994489	-0.091696
0.296273	-0.908672	-0.294172
0.328419	-0.861451	0.387354
-0.618203	-0.673265	0.405635
-0.206102	-0.973432	0.0997581
0.0925014	-0.959595	0.265747
-0.132065	-0.979909	-0.149454
0.149744	-0.740097	-0.655616
-0.552362	-0.748866	0.366192
0.275519	-0.7406	-0.612863
-0.259354	-0.856534	0.446189
-0.0268798	-0.999516	0.0156336
-0.398084	-0.912778	-0.0914639
-0.280176	-0.625189	0.728451
0.0466213	-0.988824	0.14161
0.143772	-0.853583	-0.500726
-0.349922	-0.933566	0.0775168
-0.611145	-0.745371	-0.266315
-0.135514	-0.984399	0.112223
-0.10532	-0.917582	-0.383341
0.356773	-0.831794	0.425242
-0.144443	-0.762001	0.631261
-0.082021	-0.957741	-0.275688
-0.423871	-0.891645	-0.159068
-0.214659	-0.949256	-0.229858
0.517216	-0.853114	0.0684367
0.0152133	-0.752783	0.658092
-0.390726	-0.670408	0.630783
0.012038	-0.862093	-0.506607
0.0500324	-0.929617	-0.365116
0.466221	-0.668997	-0.578861
0.3339	-0.743909	0.578887
0.225862	-0.921282	-0.316585
-0.418947	-0.683263	0.598025
-0.436515	-0.885142	-0.161176
-0.168381	-0.985719	-0.00224887
0.301587	-0.949185	0.0899614
0.474186	-0.79458	-0.379196
0.48703	-0.837871	-0.246524
0.0182858	-0.911053	-0.411884
0.288841	-0.898516	0.330514
-0.0608896	-0.87713	0.476377
-0.0777137	-0.860202	-0.503998
0.370516	-0.750851	-0.546755
0.505165	-0.557082	0.659142
-0.569062	-0.798117	-0.197935
0.672805	-0.694254	-0.255624
-0.029762	-0.999556	0.00129742
-0.579698	-0.802881	-0.139042
-0.135997	-0.903664	0.406074
-0.259406	-0.944722	-0.200522
-0.0933202	-0.978232	0.185347
0.224344	-0.950528	0.214864
-0.0895803	-0.881521	-0.463569
0.40646	-0.892763	0.194331
0.332005	-0.794565	-0.508369
-0.724286	-0.689215	-0.0198342
-0.111631	-0.665091	-0.738371
-0.350435	-0.890523	0.29011
0.80698	-0.587224	-0.062851
0.546657	-0.83733	-0.00665627
0.0639113	-0.99729	0.0364414
-0.137952	-0.944518	0.298086
-0.563033	-0.7408	-0.366345
-0.330306	-0.942933	0.0421415
-0.480968	-0.84624	0.229232
-0.383957	-0.923059	0.0232237
0.443339	-0.729629	0.520665
0.320893	-0.945633	0.0529777
0.414603	-0.907402	0.0687495
-0.443732	-0.869618	0.216485
-0.394689	-0.663192	0.635922
-0.0176067	-0.623246	-0.781828
-0.6012	-0.643049	0.474391
-0.48267	-0.177716	0.857582
0.0797121	-0.973455	0.214551
-0.333077	-0.940956	0.0605068
-0.439097	-0.825052	0.355645
-0.657602	-0.506	-0.558142
-0.230655	-0.964163	-0.131107
0.372466	-0.883787	-0.283179
-0.385309	-0.614706	0.68824
-0.536295	-0.773117	-0.338642
-0.593127	-0.803271	0.054373
-0.174654	-0.984377	-0.0223034
0.0756866	-0.987461	0.138533
0.469704	-0.859253	-0.202637
-0.391162	-0.620529	-0.679659
0.0817067	-0.91411	0.397149
-0.312573	-0.913152	-0.261633
-0.269256	-0.83705	-0.476286
0.412471	-0.875837	0.250552
0.147338	-0.898112	-0.414351
-0.0345081	-0.994458	-0.0993127
0.20464	-0.973579	-0.101319
-0.391925	-0.85383	0.342592
0.00554764	-0.981245	-0.192684
-0.548548	-0.608019	0.573941
-0.32142	-0.677392	0.661687
-0.451509	-0.680965	-0.576564
0.59997	-0.690554	0.403945
-0.0532031	-0.949693	0.308631
-0.42966	-0.296515	0.852919
-0.303454	-0.950222	-0.0706719
-0.196476	-0.980479	0.00766752
0.162844	-0.947121	-0.276485
-0.609401	-0.791149	0.0520941
0.0919265	-0.931345	0.352345
0.585643	-0.62261	-0.519018
-0.109398	-0.992412	0.0561254
-0.407663	-0.808507	-0.424414
0.0245908	-0.936849	0.348868
-0.859449	-0.404748	-0.312292
-0.0405499	-0.936242	-0.349008
0.249529	-0.867492	0.430341
0.32508	-0.915635	0.236509
0.333415	-0.900248	-0.279978
0.433539	-0.901124	-0.00445126
-0.718612	-0.652192	0.241337
-0.360235	-0.890731	-0.277182
0.682256	-0.700825	0.208259
-0.406152	-0.903249	0.138497
-0.29021	-0.850081	0.439478
0.218597	-0.0131368	-0.975727
-0.0692723	-0.996726	-0.0416876
-0.402309	-0.914887	0.0336076
0.138611	-0.871116	-0.47111
-0.279447	-0.89359	-0.351292
-0.0993854	-0.943519	-0.316062
0.111997	-0.99359	-0.0153369
0.595354	-0.729237	-0.337293
-0.726914	-0.535494	0.429932
-0.465592	-0.710043	0.528264
0.284334	-0.889729	0.357124
0.128562	-0.787851	-0.602298
-0.0763911	-0.92571	0.370439
-0.394194	-0.787266	0.474156
0.103932	-0.916083	-0.387285
-0.501591	-0.848175	-0.170312
0.0023591	-0.81063	-0.585554
-0.284113	-0.914182	-0.289053
0.919931	-0.186209	0.345042
0.140746	-0.864439	-0.482634
0.365347	-0.901735	0.231076
0.115227	-0.991364	-0.0626118
-0.241654	-0.965921	-0.0927361
0.407805	-0.796313	0.446746
-0.24011	-0.9399	0.242765
0.129756	-0.963855	-0.232693
-0.136593	-0.964262	-0.227027
-0.28531	-0.955982	0.0685265
0.0612453	-0.818792	0.570814
0.629722	-0.756172	0.177917
-0.0675867	-0.991238	0.113485
0.0149856	-0.965556	0.259764
-0.619002	-0.77883	0.101292
0.208199	-0.916189	0.342419
-0.779812	-0.479083	0.402955
0.0422298	-0.994261	-0.0982926
0.0854961	-0.919509	0.383657
-0.219121	-0.971677	0.0884866
-0.0214625	-0.989285	-0.144409
-0.113437	-0.942557	0.314195
-0.234826	-0.871896	0.429715
-0.507407	-0.813569	0.283979
0.299796	-0.136493	0.944189
0.512522	-0.858385	0.0222908
0.755152	-0.629417	-0.183247
0.264851	-0.737398	-0.621368
0.431431	-0.85932	0.274657
0.0874176	-0.970239	0.225819
-0.0155452	-0.986852	-0.160879
0.138514	-0.480211	-0.866147
0.464825	-0.672572	-0.575834
0.0954266	-0.794987	-0.599074
0.326618	-0.729725	-0.600684
-0.0113185	-0.998749	-0.0487153
0.162056	-0.930838	-0.327534
0.812539	-0.575916	-0.0900078
-0.522224	-0.67966	-0.515116
-0.387921	-0.901364	-0.192511
-0.391202	-0.870626	-0.298282
-0.0203239	-0.999596	-0.0198642
-0.359043	-0.861169	-0.359827
0.647283	-0.732714	0.210129
0.341814	-0.883938	0.319087
0.854884	-0.416591	-0.309234
0.195205	-0.843587	0.500256
0.144146	-0.868432	0.474393
0.338461	-0.91086	-0.236175
-0.0496291	-0.814326	0.578283
-0.576416	-0.816541	-0.0317041
0.51588	-0.856649	-0.00459207
0.100704	-0.95954	-0.262947
-0.303947	-0.415729	0.857196
-0.0172179	-0.96098	-0.276082
-0.291065	-0.945354	-0.146925
0.208527	-0.946219	-0.247359
0.514838	-0.846993	-0.132456
0.357918	-0.898772	-0.253187
-0.334333	-0.484783	-0.808212
-0.513308	-0.815762	-0.266548
-0.121873	-0.98726	0.102298
0.570287	-0.742443	-0.351498
0.125898	-0.97794	-0.166684
-0.193015	-0.976641	-0.0944377
0.0903066	-0.973809	0.208666
-0.108622	-0.845367	-0.523026
0.255014	-0.957277	-0.136341
0.143846	-0.788071	0.598541
0.404679	-0.907334	0.113934
0.267807	-0.955761	-0.121659
-0.415226	-0.760097	0.49984
-0.715086	-0.645687	0.267845
0.559769	-0.824253	0.0852396
0.367186	-0.883121	-0.292013
-0.283906	-0.956454	-0.0677782
-0.63158	-0.657332	-0.411122
0.298393	-0.952046	-0.067606
-0.300889	-0.935231	-0.186572
0.346091	-0.934291	-0.0855603
-0.164335	-0.849718	-0.500973
0.824722	-0.0557752	-0.562781
0.222036	-0.673261	-0.705279
0.0607459	-0.995958	0.0661687
-0.262465	-0.886253	-0.381664
-0.450728	-0.852626	0.264334
0.13454	-0.505671	-0.852171
0.200439	-0.793275	-0.574926
0.718263	-0.660395	-0.219037
0.125132	-0.836888	-0.532879
0.343701	-0.939077	0.00171576
0.289045	-0.520469	0.80347
0.146231	-0.981345	0.124815
0.031728	-0.778586	-0.626735
0.750645	-0.627509	-0.206799
0.455727	-0.861608	0.223484
0.406301	-0.913004	0.0366416
-0.0885245	-0.896272	0.434581
-0.604562	-0.763827	0.225994
-0.46269	-0.799126	0.383817
0.17009	-0.968762	-0.180473
0.16039	-0.958072	0.237431
-0.0805273	-0.951495	-0.296939
-0.143777	-0.946731	0.288148
-0.438981	-0.76185	-0.476319
-0.275603	-0.926669	-0.255593
-0.686633	-0.67441	0.27149
-0.128001	-0.672133	-0.729283
-0.332777	-0.702315	-0.629295
0.300801	-0.95341	0.0229866
-0.544563	-0.837647	0.0424251
-0.206456	-0.972561	0.107241
0.206932	-0.97823	0.0156832
0.0279236	-0.977995	0.206753
-0.672293	-0.737136	-0.068213
0.760931	-0.6277	0.164248
0.577058	-0.803669	0.145328
-0.246741	-0.936085	-0.250726
-0.224311	-0.795804	-0.562477
0.108987	-0.992983	0.0459027
0.11457	-0.958747	-0.260149
-0.105805	-0.859523	0.500025
-0.641518	-0.762694	0.08217
-0.109262	-0.828318	-0.549501
0.473037	-0.849943	-0.232021
-0.118709	-0.992751	0.0188028
0.232651	-0.963801	0.130238
-0.0983773	-0.769201	-0.631389
0.247764	-0.967092	0.0578421
0.286602	-0.614227	-0.735244
0.0149791	-0.998088	0.0599741
0.601359	-0.750393	-0.274368
-0.484988	-0.826035	0.287146
0.225782	-0.942617	-0.24596
-0.600247	-0.652015	-0.463228
0.173141	-0.981061	-0.0868388
0.129641	-0.981489	-0.14097
-0.254732	-0.966434	0.03342
-0.0770052	-0.744166	-0.663541
-0.256239	-0.769167	-0.585426
0.0087229	-0.776158	-0.630478
-0.358806	-0.726503	0.586048
0.603521	-0.727938	0.325373
0.296898	-0.952822	-0.0630975
0.170171	-0.978867	0.113406
-0.0787348	-0.917703	-0.389386
-0.115317	-0.985692	-0.122932
0.561282	-0.702473	-0.4376
-0.192216	-0.976167	0.10075
-0.849322	-0.0870003	-0.520656
-0.716801	-0.695604	-0.0482884
0.563027	-0.786354	-0.254259
0.975052	-0.211231	0.0682257
0.352046	-0.820822	-0.449794
-0.0443951	-0.997885	0.0474857
0.292181	-0.912047	0.287751
-0.489594	-0.80758	-0.328806
-0.0905924	-0.989573	0.111973
0.0499817	-0.821899	-0.567436
-0.515806	-0.855387	0.0475104
0.0781641	-0.991138	0.107407
-0.741811	-0.656615	0.136284
-0.332176	-0.46206	0.82229
-0.15825	-0.813227	0.560017
0.0370658	-0.962063	-0.270299
-0.25037	-0.899948	0.356943
-0.354764	-0.89784	0.260817
-0.283368	-0.95307	-0.106587
0.187163	-0.924722	0.331449
-0.0249851	-0.947137	0.319855
-0.070967	-0.997015	-0.0304018
0.0508813	-0.978357	0.20057
-0.509074	-0.855135	-0.0979162
-0.0522669	-0.954597	0.29328
0.307632	-0.651607	-0.693376
0.0430242	-0.958453	-0.281988
-0.103562	-0.963829	-0.245579
-0.00562025	-0.958137	0.286255
0.391636	-0.88991	0.233839
-0.16805	-0.904766	-0.391353
-0.326137	-0.944057	0.0489012
0.77712	-0.560797	-0.285642
0.30264	-0.949858	-0.0786083
0.127232	-0.990462	-0.0528771
0.274493	-0.956906	-0.0947851
0.60721	-0.732394	-0.30805
0.287745	-0.936599	0.199964
0.175298	-0.984498	-0.00588642
0.775176	-0.617904	-0.131521
-0.0956258	-0.846287	-0.524074
-0.418436	-0.87248	-0.252369
0.171937	-0.973424	0.151275
0.417575	-0.873423	0.250527
0.383065	-0.912535	-0.143324
-0.197288	-0.979414	-0.0427293
-0.629428	-0.768251	-0.116662
-0.387891	-0.79038	-0.474173
0.415752	-0.803256	0.426533
0.491708	-0.744665	-0.451329
-0.0112843	-0.973378	0.228927
0.0658343	-0.972254	-0.224473
-0.170082	-0.954324	0.245638
-0.207504	-0.974647	-0.083694
0.426909	-0.801906	-0.417966
0.403375	-0.886649	0.226144
0.0248888	-0.999475	-0.020759
0.307222	-0.92365	-0.229096
-0.664795	-0.225477	-0.712185
-0.815423	-0.343948	-0.465602
0.252112	-0.830347	-0.496955
0.398578	-0.916902	0.020638
0.373702	-0.917529	0.135968
-0.29791	-0.894548	0.333218
0.55459	-0.745726	0.369218
-0.611625	-0.465075	0.640015
-0.842607	-0.486973	0.229937
-0.524622	-0.770305	0.362496
-0.139339	-0.98816	0.0642155
0.557266	-0.828408	0.0565209
-0.018894	-0.998039	-0.0596735
0.267833	-0.951594	0.150776
-0.0707972	-0.782099	0.61912
0.54358	-0.833865	-0.0958671
0.0323319	-0.999178	-0.0244397
-0.621525	-0.528877	0.577924
0.336461	-0.869206	-0.362318
-0.159222	-0.893928	0.418976
-0.161174	-0.958338	0.23582
-0.249382	-0.845018	0.473026
0.111367	-0.965367	-0.235933
0.148001	-0.986376	-0.071825
-0.23755	-0.93054	-0.278684
0.0846036	-0.959296	-0.269433
0.768936	-0.578217	-0.272769
-0.356213	-0.925655	-0.12757
-0.56673	-0.816729	-0.108491
0.0664579	-0.970801	0.230497
0.65653	-0.707161	0.262474
-0.21056	-0.919547	-0.33181
0.189522	-0.891357	-0.411781
-0.125846	-0.991691	-0.0266645
0.4401	-0.764425	-0.471133
0.369759	-0.757551	-0.537954
0.423983	-0.900247	-0.0989651
0.269113	-0.896723	-0.351377
-0.122907	-0.93557	0.331062
0.00514666	-0.948959	0.315359
-0.00716831	-0.998839	0.0476348
-0.0127109	-0.9962	0.0861677
0.664717	-0.745833	-0.0434217
-0.572545	-0.406783	-0.711843
0.0556086	-0.876215	-0.478701
-0.443537	-0.735618	-0.511997
0.826075	-0.51474	-0.229441
0.0195149	-0.999407	0.0283543
-0.552381	-0.768735	0.322369
-0.265817	-0.928005	0.261052
0.359226	-0.905663	-0.225234
0.0669812	-0.990727	-0.118207
0.0353388	-0.98946	-0.140425
0.320611	-0.621931	-0.71443
0.0274217	-0.984493	0.173266
0.0295008	-0.988914	-0.145527
0.326234	-0.944552	0.0373164
0.221468	-0.973356	-0.0594148
0.422029	-0.861288	0.282974
0.0825839	-0.828906	-0.553258
0.432258	0.00361697	-0.901743
-0.183971	-0.949238	0.255152
0.0764835	-0.863879	-0.497858
0.72413	-0.689508	-0.0146471
0.0700276	-0.997054	0.031308
0.103326	-0.955427	-0.276555
-0.0119458	-0.996518	-0.082522
0.628656	-0.684613	-0.368914
-0.191842	-0.975913	0.10388
-0.0644457	-0.800771	-0.595493
-0.0730278	-0.975485	-0.207596
0.373481	-0.915146	-0.151721
-0.0676437	-0.946785	-0.314677
0.485304	-0.676788	-0.553568
-0.151297	-0.679389	-0.718011
-0.383626	-0.791312	-0.476085
-0.478937	-0.843001	-0.244885
0.466512	-0.878483	0.103121
-0.34951	-0.775342	-0.526011
-0.382964	-0.552962	-0.739981
-0.424812	-0.905167	0.0144003
0.164744	-0.921257	0.352342
-0.287704	-0.834747	-0.469493
-0.198766	-0.975008	0.0992523
-0.393087	-0.917541	-0.0600034
0.115933	-0.646456	0.754091
0.626396	-0.778543	0.0387186
0.431706	-0.786471	-0.441694
0.215984	-0.969389	0.116773
0.415734	-0.876924	-0.241184
0.154775	-0.799584	0.580268
0.687537	-0.652357	-0.318942
0.659859	-0.670925	0.338296
0.372345	-0.923007	-0.0970384
-0.294524	-0.945243	-0.140613
-0.0832981	-0.996295	-0.0213953
-0.0219815	-0.992574	0.119641
0.229362	-0.972271	0.0456284
0.40627	-0.913753	4.01505e-05
0.350123	-0.63542	-0.688226
0.518882	-0.81243	0.26593
0.256937	-0.873763	0.412942
0.170779	-0.967313	-0.187456
-0.731382	-0.645773	0.219221
0.391728	-0.845569	0.362715
0.276114	-0.960527	0.0339041
-0.572589	-0.431205	-0.697284
0.226625	-0.956846	0.181898
0.114133	-0.981427	0.154193
0.344674	-0.830233	0.43808
-0.745056	-0.665593	0.0433253
0.00622522	-0.942142	0.335157
0.187027	-0.982279	0.0121821
0.0962168	-0.965654	-0.24136
-0.557043	-0.743605	-0.369803
-0.205531	-0.507783	-0.836608
0.201022	-0.976898	0.0725238
-0.699772	-0.593134	0.398135
0.0236157	-0.9898	0.140496
-0.419005	-0.907973	-0.00443177
-0.183824	-0.631453	0.75331
0.735891	-0.671136	-0.0896751
0.00792898	-0.784982	-0.619468
-0.580687	-0.721658	-0.376846
-0.351788	-0.858986	0.372005
-0.218914	-0.907251	0.359126
0.166192	-0.973766	0.155437
-0.560601	-0.165723	-0.811334
-0.209035	-0.954264	-0.213741
0.291663	-0.892315	-0.344539
-0.340124	-0.628571	-0.699438
-0.0468792	-0.997716	0.0486348
-0.025482	-0.985755	0.166244
0.5522	-0.73423	0.394945
-0.557107	-0.743736	0.369443
0.208067	-0.890932	0.403668
0.586512	-0.794811	-0.155816
0.0793341	-0.4805	0.873399
-0.0248719	-0.891105	0.453115
0.0898828	-0.753253	0.65156
-0.851896	-0.469735	-0.231564
-0.0675654	-0.981634	-0.178406
0.0171566	-0.996718	-0.079119
0.0381763	-0.77737	0.627884
0.242815	-0.700769	-0.670794
0.421482	-0.801516	-0.424175
-0.478783	-0.863311	-0.159564
-0.0574039	-0.869038	0.491403
0.131001	-0.986144	0.10178
-0.588433	-0.808546	-0.000742108
0.305821	-0.748441	0.58848
-0.84989	-0.343975	-0.39921
0.305466	-0.885569	0.349941
0.0999	-0.99036	-0.0959546
0.451853	-0.697198	0.556547
0.16823	-0.914738	0.367359
-0.118588	-0.991885	0.0458383
-0.360922	-0.754256	0.548483
0.000717076	-0.890228	0.455514
-0.321579	-0.946659	-0.0206123
0.339634	-0.845338	-0.412374
-0.261918	-0.955991	0.132215
-0.202356	-0.96097	0.188648
-0.26404	-0.963989	-0.0317485
-0.0443746	-0.892672	-0.448518
-0.262224	-0.941972	0.20959
0.085747	-0.913351	0.398043
-0.176321	-0.959575	0.219379
0.567048	-0.816865	0.105772
-0.232582	-0.817984	-0.526126
-0.474322	-0.865852	0.159118
0.382862	-0.783919	-0.488762
-0.244189	-0.854765	0.457983
-0.192405	-0.926185	0.324285
0.132044	-0.974092	0.183602
0.0721683	-0.926446	-0.369445
-0.252118	-0.624364	-0.739328
0.186738	-0.959566	-0.210622
0.0491885	-0.989907	0.132905
-0.455396	-0.873652	-0.171308
0.308786	-0.878944	0.363466
0.167426	-0.977968	-0.124687
-0.138165	-0.925396	0.352919
-0.0894084	-0.88811	-0.45085
-0.387402	-0.874879	0.290699
0.29055	-0.733183	0.614836
0.366205	-0.910496	0.19207
-0.117335	-0.758887	-0.640564
-0.0346246	-0.95101	-0.307216
-0.258376	-0.89215	-0.370554
-0.419277	-0.878632	-0.2285
-0.897685	-0.353616	0.262903
-0.659465	-0.412736	-0.628295
-0.0713759	-0.89548	0.439341
-0.450463	-0.650572	-0.611424
0.101655	-0.965384	0.240209
-0.447994	-0.669658	0.592334
0.308713	-0.913356	0.265477
0.208454	-0.977323	0.037246
-0.033546	-0.425387	-0.90439
0.0467494	-0.945502	0.322242
-0.480628	-0.859246	0.175196
-0.381583	-0.91741	-0.112935
-0.160179	-0.968297	-0.191686
0.202557	-0.951504	0.231539
0.761489	-0.514997	0.393589
-0.228856	-0.850303	0.473931
0.987566	-0.156049	-0.0190176
0.221059	-0.691389	-0.687833
0.655517	-0.746309	0.115419
-0.417764	-0.885531	0.203244
-0.334226	-0.867289	0.368921
0.00195615	-0.560932	-0.82786
0.720926	-0.692718	0.0202056
-0.256041	-0.174538	-0.950778
-0.476861	-0.877616	0.0489275
-0.280298	-0.799158	-0.53177
0.528558	-0.774786	-0.34689
-0.0861182	-0.893222	0.441291
0.297618	-0.853181	-0.428376
-0.842901	-0.51845	0.143971
-0.802217	-0.360589	0.47584
0.083128	-0.747054	-0.659546
-0.206677	-0.962627	-0.175023
-0.29113	-0.84807	-0.442742
-0.414557	-0.882991	0.220157
0.288992	-0.825189	0.485331
0.351497	-0.250489	-0.902056
-0.272057	-0.928788	-0.25167
-0.0429702	-0.99293	-0.11065
0.508514	-0.833867	-0.21466
-0.101176	-0.992879	0.0628924
-0.365087	-0.91971	0.144377
0.0804423	-0.941647	0.326849
-0.382403	-0.919585	0.0901784
0.511767	-0.355612	0.782071
-0.00372223	-0.865597	-0.500727
-0.409183	-0.786857	0.46198
-0.521808	-0.81269	0.259329
-0.0733789	-0.934601	0.348047
-0.0782627	-0.996459	-0.0307224
-0.798426	-0.571806	0.188558
-0.694812	-0.680907	-0.231521
-0.942702	-0.13302	0.305972
0.0448515	-0.806655	0.589318
-0.0720772	-0.937723	-0.339825
-0.532938	-0.683205	0.499206
-0.714479	-0.354138	-0.603411
0.282239	-0.95906	0.0233242
0.236723	-0.876903	0.418335
0.206581	-0.894287	-0.396957
-0.492497	-0.866272	-0.083786
0.191189	-0.954587	-0.228497
0.340432	-0.83968	0.423136
-0.312225	-0.903389	0.293946
0.376631	-0.882652	0.281202
-0.375542	-0.28889	0.880631
0.413764	-0.807466	0.420473
-0.199458	-0.965116	-0.169612
-0.286328	-0.947285	0.143758
-0.688424	-0.682124	-0.246537
0.656369	-0.753785	0.0314225
-0.229307	-0.947215	0.22406
-0.722558	-0.69124	0.00990278
0.30878	-0.815102	-0.490166
0.159957	-0.921778	0.353183
0.333589	-0.585289	0.739023
-0.28138	-0.930419	0.23483
-0.393862	-0.907744	-0.144478
-0.334603	-0.939703	-0.0707013
-0.128567	-0.932051	0.338751
0.670323	-0.342224	0.658445
-0.46942	-0.671943	-0.572832
-0.0359327	-0.998834	-0.0322374
0.197455	-0.862665	0.465639
0.360968	-0.921535	-0.14309
-0.00507034	-0.964853	0.262743
-0.402951	-0.850424	-0.338244
0.489718	-0.744045	0.454503
-0.0678619	-0.972343	0.22348
0.547842	-0.802917	0.234931
0.993293	-0.0141692	-0.114757
0.00275461	-0.921581	-0.388176
-0.261191	-0.813599	0.519458
0.324695	-0.689872	0.647031
-0.100218	-0.992889	0.0642446
0.407705	-0.692585	0.595065
0.240982	-0.843797	-0.479515
0.0392843	-0.996206	0.0776511
0.0523237	-0.997292	-0.0516726
0.24021	-0.970525	0.0194864
-0.751428	-0.656064	-0.0702587
-0.279635	-0.836828	0.470662
-0.114072	-0.982907	0.144501
-0.452602	-0.891231	-0.0292999
0.070206	-0.874645	0.479654
0.524835	-0.791578	0.312975
0.245007	-0.951471	-0.186209
-0.405549	-0.758722	0.509775
-0.44369	-0.886819	-0.129197
0.681973	-0.556493	-0.474582
0.139307	-0.9873	0.0763665
-0.350846	-0.839955	0.413984
0.0405452	-0.982445	0.182093
-0.36048	-0.756386	-0.545833
-0.182728	-0.907048	-0.379309
-0.545117	-0.586183	0.599364
0.554712	-0.539805	0.633171
0.0793926	-0.996786	0.0106761
-0.545319	-0.837432	-0.0365432
-0.973619	-0.192488	-0.122532
-0.646713	-0.740638	-0.182255
-0.317788	-0.902359	0.291134
-0.739359	-0.253726	0.623676
-0.755654	-0.587285	-0.289972
-0.46959	-0.775167	-0.422612
-0.173468	-0.930919	-0.3214
-0.145225	-0.974748	-0.169632
-0.656026	-0.726588	0.204206
-0.427468	-0.886157	0.178876
-0.0336235	-0.890101	-0.454522
-0.396372	-0.881867	-0.255342
-0.750153	-0.376272	-0.543774
0.280576	-0.941746	0.185447
0.0600291	-0.937835	-0.341851
0.179854	-0.538218	-0.823392
-0.412919	-0.910404	0.0257231
-0.0821672	-0.901285	0.425363
0.0192277	-0.906313	-0.422169
0.195689	0.022024	-0.980419
0.611167	-0.791264	0.0193628
0.848024	-0.51614	0.120225
-0.24787	-0.94154	-0.228173
0.0544276	-0.929262	0.365389
0.57508	-0.76451	0.291216
-0.502057	-0.864608	0.019776
-0.188168	-0.840078	0.508785
0.132696	-0.895828	0.424127
0.268681	-0.935554	0.229235
0.145457	-0.949833	0.276875
-0.144126	-0.878986	-0.454546
-0.0980104	-0.987556	-0.122995
-0.773312	-0.584394	-0.24591
0.554732	-0.830041	-0.0574786
-0.808015	-0.35555	-0.469782
0.576707	-0.799643	-0.167274
-0.4711	-0.675222	-0.567573
-0.611355	-0.547838	0.571068
0.0676761	-0.988662	0.13404
-0.118171	-0.973988	-0.193346
-0.210471	-0.959077	0.189404
-0.151305	-0.932559	-0.327783
-0.62624	-0.588874	-0.510932
-0.198673	-0.965225	-0.169909
-0.705224	-0.605077	0.369515
-0.130984	-0.986749	0.0957614
-0.931363	-0.0405727	0.361825
-0.313314	-0.552721	0.772226
0.299683	-0.93069	0.209777
0.218533	-0.898231	-0.381345
0.461692	-0.701	-0.543543
-0.0553867	-0.998262	0.0201126
-0.135711	-0.94655	0.292619
0.321872	-0.863371	-0.388574
0.0659963	-0.835684	-0.54523
-0.439285	-0.166297	-0.882821
-0.419206	-0.734687	0.533386
0.426794	-0.895217	0.128195
0.184247	-0.836039	0.516809
-0.251855	-0.86821	-0.427527
0.278818	-0.95886	-0.0533667
-0.273701	-0.948099	0.161849
0.0774718	-0.7637	-0.640906
0.119494	-0.809635	0.574641
-0.413539	-0.903689	-0.11105
-0.560672	-0.403786	0.722913
-0.41977	-0.322172	0.848527
0.0346859	-0.998774	-0.035311
0.086362	-0.811164	0.578407
0.759055	-0.648112	-0.0615344
-0.952758	-0.301086	0.0399969
0.550933	-0.74067	0.384553
0.577364	-0.570845	-0.58377
-0.840666	-0.244882	0.483026
-0.132556	-0.938963	0.317454
-0.816385	-0.576113	0.0401116
0.00135156	-0.980182	-0.198094
0.529312	-0.707414	-0.468396
0.663695	-0.738315	0.120002
0.148966	-0.866258	0.476871
0.292359	-0.943776	-0.154311
-0.532315	-0.840768	0.0987377
-0.639918	-0.610527	0.46665
0.0219873	-0.968381	0.248506
-0.117634	-0.8832	0.454005
-0.197923	-0.859873	-0.47058
0.0479044	-0.915624	0.39917
-0.141541	-0.977094	0.158911
-0.467127	-0.628423	0.621994
0.379527	-0.785552	0.488741
0.235739	-0.967373	-0.092822
-0.214458	-0.910034	-0.354748
0.234737	-0.927303	0.29156
-0.439025	-0.80793	-0.393073
0.0272704	-0.911759	-0.409819
-0.0399838	-0.817716	0.574231
-0.730536	-0.612714	0.301495
0.0852787	-0.97318	0.213657
-0.303131	-0.768881	0.562968
0.083531	-0.788389	-0.609479
-0.189245	-0.919643	0.344154
-0.638711	-0.723689	-0.261384
0.000722745	-0.999651	0.0264049
0.196294	-0.97911	-0.0530261
-0.164357	-0.900875	-0.40176
0.0260547	-0.976129	0.215623
0.170497	-0.985032	-0.0253595
0.0354892	-0.997178	-0.0661583
0.41611	-0.770034	-0.483632
-0.241252	-0.96013	-0.14124
0.148287	-0.875888	-0.459163
-0.981946	-0.170856	-0.0811801
-0.430012	-0.889893	0.152252
0.591692	-0.304047	-0.74663
0.169258	-0.976635	0.132426
0.34541	-0.708964	-0.614868
-0.625251	-0.552204	0.551482
0.0989917	-0.827793	-0.552231
-0.830961	-0.511277	-0.219315
0.469313	-0.883003	-0.00714762
0.15007	-0.971709	0.182375
-0.864333	0.0593079	0.499411
-0.0671715	-0.967253	-0.244763
-0.434613	-0.0855362	-0.896546
-0.320477	-0.816376	0.480442
0.252265	-0.748482	0.6133
-0.846228	-0.255223	0.467717
-0.477979	-0.838382	0.262015
-0.707896	-0.630644	-0.318076
0.458159	-0.884509	-0.0879417
-0.340593	-0.937628	0.0696439
-0.388361	-0.79386	0.467934
-0.633589	-0.754532	0.171014
0.0165862	-0.991382	0.129949
0.530892	-0.839509	0.115664
-0.278076	-0.701892	0.65576
-0.178005	-0.968224	0.17566
0.678376	-0.608954	-0.411073
0.134384	-0.865675	-0.482232
0.0651567	-0.997585	0.0240733
0.136207	-0.989308	0.0521208
0.43391	-0.814436	-0.385249
0.781053	-0.610804	0.129901
-0.0814904	-0.932516	0.351813
-0.248275	-0.950652	-0.186064
0.751556	-0.594673	0.285532
0.613582	-0.78903	0.0308013
0.248379	-0.896819	0.366093
0.0930972	-0.739104	0.667127
0.157609	-0.984246	-0.0801218
0.0884894	-0.978351	0.187081
-0.141382	-0.732745	0.665655
-0.216977	-0.973119	0.0771993
0.0940729	-0.737107	0.669196
0.459749	-0.696504	0.55092
0.135762	-0.989683	0.0457913
0.0985074	-0.894776	0.435514
-0.384014	-0.903984	0.188008
-0.264915	-0.956067	-0.125523
0.659049	-0.677282	0.327022
0.0918054	-0.0624275	0.993818
-0.143567	-0.986662	-0.0767248
0.407477	-0.866968	-0.286929
-0.0839463	-0.914677	-0.395372
-0.0939457	-0.853622	-0.512352
0.0657044	-0.895141	0.440913
0.509501	-0.592395	-0.624081
0.342067	-0.938926	0.0375172
-0.317741	-0.790681	0.523321
0.166832	-0.984552	-0.0531465
0.0619628	-0.93593	-0.346692
0.490292	-0.670048	-0.557359
-0.138807	-0.975689	-0.169597
0.603133	-0.793985	-0.0762802
-0.558532	-0.813327	0.162916
0.142452	-0.906211	-0.398107
-0.177157	-0.662206	0.728079
0.56259	-0.390197	-0.728861
-0.0676976	-0.993384	0.0927697
-0.0255559	-0.982898	-0.182368
0.270477	-0.933029	0.237274
0.516324	-0.229268	0.825134
0.147122	-0.864918	0.479866
-0.564572	-0.628787	0.534682
0.465118	-0.595788	-0.654753
0.293866	-0.718432	0.630475
0.00750565	-0.997789	-0.066043
0.723712	-0.514356	0.460085
0.260914	-0.914209	-0.310072
0.543292	-0.821317	-0.173988
0.48323	-0.382281	-0.787623
0.478791	-0.874739	-0.0747741
0.0148077	-0.646716	0.762587
-0.593929	-0.776385	0.210891
-0.115554	-0.857988	-0.500503
-0.353504	-0.807656	-0.471939
-0.535498	-0.810849	-0.236149
0.337941	-0.940122	-0.0443336
-0.385102	-0.508781	-0.76996
0.22521	-0.883818	0.410056
-0.197798	-0.954887	-0.221512
-0.12741	-0.612271	-0.780315
0.336615	-0.933755	0.121623
-0.211481	-0.533145	-0.819166
0.375723	-0.926143	-0.0330325
0.130501	-0.985236	0.110809
-0.747578	-0.636457	-0.189866
0.132461	-0.888203	-0.439942
0.857584	-0.371258	-0.355975
-0.06512	-0.972903	-0.221856
0.475671	-0.776147	0.413924
-0.537715	-0.479748	-0.693328
-0.148814	-0.502857	-0.851463
0.237179	-0.942064	0.237197
0.0405444	-0.935682	-0.350508
0.668478	-0.725191	0.165029
-0.55976	-0.825574	0.0713863
-0.000453105	-0.957721	0.287697
0.438391	-0.590959	0.677186
-0.145355	-0.750102	-0.645151
0.402897	-0.91378	0.0517635
-0.364454	-0.649117	0.667698
0.356811	-0.766837	0.533523
0.320827	-0.472891	-0.820636
-0.130161	-0.846521	0.516198
-0.595181	-0.798302	-0.0920503
-0.70654	-0.691702	0.1495
0.0578962	-0.691763	-0.7198
0.394858	-0.913154	0.101182
0.281616	-0.69465	0.661932
-0.456591	-0.889297	-0.0259925
-0.247374	-0.9575	-0.148323
0.163026	-0.984632	-0.062633
0.193662	-0.790551	0.580969
0.668362	-0.737242	0.0988282
0.130844	-0.990933	-0.0305075
-0.010204	-0.947829	-0.318615
-0.114598	-0.938546	0.325573
0.655658	-0.700501	0.281799
0.152957	-0.98791	0.0252535
-0.338316	-0.594337	-0.729593
0.548588	-0.765211	0.336904
0.118328	-0.992567	-0.0284483
0.194476	-0.820039	-0.538252
0.260748	-0.906569	-0.331879
0.150577	-0.85743	0.492077
0.57623	-0.782541	-0.23577
0.388175	-0.867266	-0.311722
0.527534	-0.849297	0.0200625
0.776554	-0.354611	-0.520782
0.483641	-0.808748	0.33469
0.184459	-0.939185	0.289666
-0.139697	-0.972774	-0.184919
-0.548865	-0.780931	-0.298152
0.798011	-0.555882	0.232754
0.562538	-0.821912	0.0895089
0.964092	-0.229579	0.133489
0.616208	-0.778003	0.12247
-0.509962	-0.653641	-0.559189
0.204982	-0.914981	0.347551
0.724485	-0.439035	0.531384
0.333107	-0.429257	0.839511
-0.694755	-0.604886	-0.389138
-0.193806	-0.976349	0.0958198
0.344695	-0.919645	-0.188249
0.723425	-0.437616	0.533993
0.870305	-0.481518	0.103484
-0.610016	-0.640194	0.466939
0.0122815	-0.97792	-0.208617
0.0751835	-0.742623	0.665476
0.368853	-0.870845	-0.324926
0.710636	-0.168176	0.683164
-0.493559	-0.720998	0.486376
-0.307593	-0.45753	0.834298
-0.0407868	-0.960308	-0.275942
0.0947961	-0.995412	0.0129737
0.412273	-0.890703	0.19152
-0.65682	-0.36944	-0.657344
-0.506284	-0.27014	-0.818964
0.13465	-0.985628	0.102013
0.051741	-0.94631	0.319094
0.558304	-0.678674	-0.477177
-0.443532	-0.316991	-0.838329
-0.113326	-0.816804	0.565676
-0.500208	-0.798891	-0.334014
0.0977716	-0.776874	0.622019
-0.0785287	-0.882263	-0.464161
-0.755547	-0.647774	-0.0976626
-0.0634924	-0.99432	0.0854229
0.608319	-0.499529	0.616782
-0.335615	-0.863129	-0.377321
0.0256048	-0.996734	-0.0765925
-0.756729	0.21598	-0.617021
0.572286	-0.792915	-0.209223
