3400
-0.375904	0.923898	-0.0714689
0.192368	0.973782	-0.121425
0.213191	0.52519	0.823848
0.671549	0.736089	0.0848272
-0.165018	0.980574	-0.106039
-0.199917	0.76361	-0.613948
0.0158287	0.997619	0.0671301
-0.267354	0.884123	-0.383208
-0.0577405	0.660043	0.749006
0.416365	0.90079	0.123359
0.706839	0.62857	0.324465
-0.621153	0.556412	-0.551883
-0.757864	0.637959	-0.136566
0.0351951	0.991928	0.121821
0.0643023	0.983266	-0.17045
-0.234153	0.968819	0.0810061
-0.0361259	0.969167	-0.243743
0.650686	0.45173	0.610367
0.457434	0.8521	0.254322
0.320598	0.923123	-0.212275
-0.40914	0.630936	-0.659184
0.267818	0.960924	0.0699867
0.462964	0.863314	0.20088
0.397564	0.915525	-0.0612858
0.424077	0.638327	0.642415
-0.310344	0.821664	-0.478075
-0.116341	0.966329	-0.229505
-0.465373	0.866395	-0.181075
-0.104274	0.98243	-0.154784
0.0839216	0.996127	-0.0262349
-0.330153	0.941411	0.0688755
-0.441279	0.89737	0.000255919
-0.747323	0.544803	-0.380392
0.232323	0.965591	-0.116877
-0.22075	0.826492	-0.517861
-0.271356	0.941374	0.200453
0.246059	0.953126	-0.176082
-0.437802	0.888974	-0.134372
0.346274	0.926081	-0.149892
-0.781797	0.597269	0.179062
-0.545876	0.795247	-0.263821
0.213381	0.976946	-0.00666498
0.394969	0.779545	-0.486117
-0.39829	0.771269	-0.496497
0.0789854	0.852294	0.517066
-0.0987322	0.839693	0.53401
-0.952827	-0.0871816	-0.290724
-0.317201	0.937853	0.140765
0.50841	0.847542	0.152285
0.266508	0.802759	-0.533433
-0.356845	0.925027	0.130336
0.0501105	0.979035	-0.197431
-0.418367	0.867681	0.268513
-0.549019	0.776052	-0.310357
-0.343885	0.802394	-0.487757
-0.143459	0.350496	-0.925512
0.123053	0.78895	0.60201
-0.0300598	0.994066	-0.104547
0.150819	0.983509	0.0998211
0.0772748	0.980884	-0.178591
-0.160316	0.703533	-0.692344
-0.340831	0.548701	-0.763388
0.814734	0.479042	-0.326692
-0.273203	0.554537	-0.786034
0.214859	0.970522	0.109194
-0.322802	0.564656	0.75958
0.219748	0.958692	-0.18061
-0.108903	0.990817	0.0801318
-0.0137055	0.979145	0.202702
0.163883	0.87719	-0.45131
0.274756	0.774756	0.56944
-0.0896824	0.919577	-0.382538
0.48794	0.86742	0.0974547
0.274264	0.895601	-0.350253
-0.264248	0.942983	0.202378
0.0862498	0.860847	0.501501
-0.388769	0.905022	0.172608
-0.671485	0.694006	0.259738
-0.107857	0.849658	0.516186
-0.0247703	0.988577	0.14867
0.0951083	0.969053	-0.227795
0.536559	0.537241	-0.650751
-0.176906	0.967581	0.180254
-0.0360904	0.998051	0.0509108
0.143905	0.989569	-0.00664118
0.0438696	0.699174	0.713604
0.610713	0.606027	0.509667
-0.496906	0.737114	-0.457981
-0.523186	0.851427	-0.0367295
0.119276	0.985752	0.118598
-0.548494	0.833232	0.0698543
-0.0764853	0.984114	-0.160215
-0.24167	0.66787	0.703949
-0.556781	0.825039	0.0964609
-0.0104343	0.99121	0.131886
-0.130706	0.709292	-0.692691
-0.373121	0.6097	-0.699318
-0.497547	0.537454	0.680874
-0.128217	0.972679	0.193533
-0.614938	0.788453	-0.013895
-0.703653	0.205548	0.680164
-0.940581	0.33161	0.0730938
0.00179639	0.600757	-0.79943
-0.133416	0.975895	0.172713
0.363728	0.175934	-0.91474
-0.772143	0.597298	0.216864
-0.839619	0.543038	-0.0122246
0.603072	0.78282	0.153286
-0.0987848	0.869852	0.483321
0.331543	0.849276	-0.410864
0.394321	0.894577	0.210339
0.721448	0.683631	0.110281
0.178332	0.690207	-0.701293
-0.229851	0.964202	-0.132223
-0.45335	0.562933	-0.691072
0.0497705	0.925763	-0.374813
-0.195989	0.673328	0.712894
0.385092	0.922873	-0.00303187
0.0874051	0.570859	0.816382
-0.339719	0.877572	-0.338317
-0.349808	0.682534	-0.641702
-0.523352	0.846982	0.0934041
0.23186	0.951828	-0.200661
0.431306	0.854332	0.289986
0.706634	0.473328	-0.525955
0.828829	0.557974	0.0413135
-0.453193	0.877288	0.158054
-0.189161	0.976433	-0.103904
0.146301	0.878136	0.455493
-0.0966214	0.689326	0.717979
0.17982	0.636812	-0.749757
0.415538	0.211804	-0.884572
-0.0602982	0.998086	0.0136935
-0.269934	0.959969	0.0748021
0.123639	0.944215	0.305241
-0.0557205	0.789973	0.610605
-0.167321	0.903211	0.395239
-0.483762	0.870762	-0.0880266
-0.352045	0.893912	-0.277463
0.358803	0.906708	-0.221679
-0.601311	0.307524	0.737464
-0.26463	0.753403	0.601959
0.361475	0.851707	-0.379384
0.16258	0.776393	-0.608918
0.364947	0.930799	0.0206565
0.0271507	0.971382	0.235966
-0.266737	0.914064	-0.305512
-0.736587	-0.541722	-0.404941
0.366493	0.915448	0.166247
-0.0405351	0.963405	0.264966
-0.1541	0.972949	-0.172114
-0.121193	0.99099	-0.0570155
-0.345054	0.9037	0.253502
-0.570751	0.770792	0.28306
-0.290272	0.955231	-0.0572307
0.119498	0.776226	-0.619026
-0.217133	0.768483	-0.601902
0.272033	0.954938	0.118706
0.125081	0.823278	-0.553686
-0.535508	0.698029	0.47538
0.412745	0.842701	-0.345681
0.325765	0.924464	-0.198101
-0.386985	0.900875	-0.19664
0.592203	0.787004	-0.172974
-0.0887793	0.869657	-0.485608
-0.307491	0.861228	-0.404643
0.278827	0.369759	-0.886303
-0.764291	0.566285	-0.308514
-0.56177	0.686753	-0.461286
0.039026	0.989873	-0.136489
0.55371	0.804929	-0.213295
0.273917	0.95187	-0.137527
-0.609694	0.791636	0.0398257
-0.195552	0.97181	-0.131697
-0.566282	0.779165	0.26875
-0.459578	0.808781	0.366962
-0.208961	0.758592	0.61715
-0.000724712	0.0766733	-0.997056
-0.371192	0.615554	0.695205
0.40354	0.816797	-0.412308
-0.492166	0.793889	-0.35709
0.0791855	0.988717	0.127152
-0.0181701	0.922737	-0.385001
-0.947467	0.195204	0.253381
-0.127986	0.786495	-0.60419
0.435332	0.642942	-0.630168
-0.384286	0.719601	0.578358
0.00254799	0.961324	-0.275409
0.519664	0.805834	0.283867
0.299168	0.929325	-0.216458
-0.868308	0.460395	0.1846
0.563212	0.780936	0.270058
0.0323706	0.970445	-0.23914
0.265292	0.506999	-0.820105
-0.462452	0.85212	-0.24501
-0.51047	0.752339	-0.416422
-0.0136561	0.987153	0.159193
-0.726511	0.601632	-0.331996
0.151456	0.959056	0.239316
0.301128	0.923922	-0.235988
0.395757	0.783398	-0.479232
-0.385717	0.894759	-0.225009
0.364646	0.915303	-0.17104
0.211684	0.918241	-0.334699
0.00908893	0.880505	-0.47395
0.103494	0.903804	-0.415244
-0.222865	0.93766	-0.266694
0.162984	0.986477	-0.0173041
0.381057	0.534313	-0.754523
-0.455458	0.87886	-0.141999
-0.623902	0.709042	-0.328642
0.504418	0.852692	-0.135939
-0.699554	0.646553	-0.304292
0.445139	0.783013	-0.434443
-0.522288	0.563885	-0.639726
-0.205048	0.972855	0.107278
0.00761054	0.890558	-0.454806
-0.229449	0.539514	0.81011
-0.0673676	0.946557	0.315422
0.450912	0.790217	-0.415012
0.0806627	0.993147	0.0845675
-0.251637	0.948338	-0.193219
-0.620327	0.71501	-0.322422
-0.667592	0.73212	-0.135358
0.36396	0.783269	0.504006
0.313387	0.945489	0.0885401
-0.711696	0.671652	-0.205847
-0.757769	0.587188	-0.284601
0.0825771	0.436563	-0.895876
-0.76976	0.638321	0.00399308
0.222505	0.906548	-0.358694
0.73782	0.625503	0.253708
0.297074	0.920977	-0.252089
0.387994	0.63524	-0.667781
-0.407671	0.803135	-0.434487
0.437421	0.893351	-0.102889
0.329195	0.522119	-0.78678
-0.140196	0.759514	0.635203
0.714623	0.692144	-0.101244
0.161842	0.984514	-0.0673752
0.132849	0.432636	-0.891727
0.248041	0.960488	0.126252
0.296725	0.623932	-0.722954
0.021524	0.988158	-0.151922
0.799437	0.509664	-0.318029
0.319253	0.685114	0.654749
-0.180643	0.830018	-0.527673
-0.404186	0.856912	-0.3199
0.621091	0.691354	0.369155
-0.260346	0.590947	0.763545
-0.216652	0.973562	0.072377
0.307237	0.950476	-0.0469067
-0.0926222	0.978255	-0.185575
0.144002	0.989361	-0.0206767
-0.124401	0.837598	-0.531934
-0.227288	0.909661	-0.347646
-0.0570645	0.94277	-0.328524
0.100265	0.981686	0.161989
0.461482	0.829116	-0.315597
0.0492783	0.89629	-0.440723
-0.163324	0.915025	-0.368857
0.504666	0.679372	0.532696
-0.0924652	0.833585	-0.544598
0.191479	0.854563	-0.482761
-0.689495	0.681945	-0.244026
0.633278	0.773902	0.0058497
0.225676	0.973402	-0.0394868
-0.150128	0.936123	-0.318018
-0.25871	0.929063	0.264406
-0.266143	0.920057	0.287513
-0.786832	0.60192	-0.136335
-0.408761	0.480163	-0.776117
0.412159	0.910624	-0.0297971
0.367441	0.801905	0.4711
0.350361	0.923026	-0.158967
-0.0578473	0.734196	-0.676468
0.0577972	0.990292	-0.126415
0.0328947	0.993646	-0.107637
0.540888	0.762489	-0.355036
0.615149	0.622126	0.484304
0.738262	0.673886	-0.029098
-0.0312621	0.999474	0.00864883
-0.220791	0.954957	-0.198263
0.563773	0.68762	-0.457535
-0.298479	0.46115	-0.835614
-0.292446	0.956164	-0.0150149
0.375235	0.805631	-0.458428
-0.34895	0.936358	0.0383087
0.738518	0.221753	-0.636724
0.323446	0.944851	-0.0513716
0.802794	0.320195	-0.502988
-0.18981	0.900579	-0.391063
0.00828443	0.910656	-0.413083
0.717826	0.686826	0.114003
0.15866	0.951018	-0.265314
-0.400771	0.853278	-0.333616
0.375407	0.924823	0.0614211
0.311482	0.718091	-0.622354
-0.836022	0.539304	-0.101087
-0.141122	0.974477	-0.174581
-0.280433	0.9596	0.0229376
-0.423746	0.698736	0.576375
-0.405119	0.784216	0.469983
0.22076	0.962701	0.156436
0.0242618	0.995254	-0.0942425
0.395311	0.876257	0.275507
-0.288154	0.93749	0.195139
0.333829	0.942422	-0.0199734
0.552687	0.811831	0.188327
0.0737925	0.99557	0.0582699
0.140491	0.989909	0.0185048
0.491267	0.870424	-0.0319256
-0.181038	0.976487	-0.11704
0.152594	0.544431	0.824809
-0.208366	0.72775	0.653424
0.907652	0.384847	-0.167512
-0.196535	0.954292	0.225168
0.724935	0.647097	0.23608
-0.15553	0.887969	0.432807
0.468363	0.882604	0.0405739
0.283556	0.817747	-0.500886
0.136854	0.900483	0.412798
0.660088	0.706314	-0.255744
-0.456711	0.887416	0.0625087
-0.0589788	0.941515	-0.331769
0.133254	0.839104	0.527397
-0.504141	0.853394	0.132515
0.736604	0.676317	0.00304167
0.503023	0.850838	0.151795
-0.647465	0.631312	-0.426889
0.335403	0.861209	-0.381868
-0.293419	0.717964	-0.631216
-0.441903	0.895278	0.056557
0.149725	0.880484	0.449812
0.776698	0.515674	0.361691
0.0476305	0.985956	-0.160066
0.64525	0.665217	-0.375684
-0.159557	0.964431	0.210748
0.949289	0.286777	-0.128877
0.529034	0.7942	0.298948
-0.0989903	0.987624	0.121652
0.286873	0.805538	0.518471
0.377287	0.919475	0.110547
-0.0444268	0.997391	0.0569047
-0.613197	0.788604	-0.0457394
0.0153146	0.999422	0.0303638
0.0497027	0.977669	-0.204191
0.495966	0.836945	0.23139
-0.530804	0.839824	-0.113762
0.113709	0.978991	-0.169254
-0.217193	0.935214	-0.279647
0.115525	0.993248	-0.0105863
0.0733803	0.941927	-0.327702
0.325148	0.593976	-0.735847
-0.349646	0.935135	0.0571908
0.429162	0.807355	-0.404967
0.0962	0.995289	0.0120538
-0.195835	0.934554	0.297081
0.161068	0.952125	0.259837
-0.067861	0.985405	-0.156113
-0.0994387	0.965697	0.239876
0.151019	0.975186	0.161879
-0.254663	0.955636	0.148012
-0.877954	0.390777	-0.276568
-0.0958396	0.995245	-0.0173632
-0.54345	0.459681	0.702393
-0.282207	0.665892	0.690614
-0.257846	0.870091	0.420067
-0.133951	0.976458	-0.169075
0.601722	0.337083	-0.72409
0.0259363	0.740604	-0.671441
-0.147395	0.950303	0.274224
-0.288263	0.946117	-0.147539
0.820345	0.271502	-0.503309
0.266368	0.660982	-0.701534
0.100629	0.988258	-0.114974
0.783255	0.423837	-0.454835
0.831151	0.432299	-0.349723
-0.245474	0.935213	-0.255185
-0.239135	0.706036	0.666579
-0.106261	0.904385	-0.413275
-0.321656	0.834736	-0.446938
0.350227	0.859244	-0.372882
0.318659	0.935917	-0.150055
-0.00854152	0.999953	0.00462123
0.404136	0.907873	-0.111537
0.418843	0.820571	0.388887
-0.0571988	0.742194	0.66774
-0.00399191	0.982757	-0.184857
-0.140149	-0.0417982	0.989248
0.286717	0.730386	0.619943
0.0617448	0.950657	0.304038
-0.0568945	0.981878	0.180772
-0.0713973	0.908867	0.410929
-0.402678	0.626555	0.667292
-0.509637	0.754023	0.41439
-0.962748	0.0167271	0.269881
-0.686633	0.602258	-0.407211
0.0951947	0.895643	0.434467
0.494169	0.63324	0.595655
-0.302507	0.598804	-0.741568
0.296029	0.933949	0.200266
-0.135941	0.859786	0.492228
-0.0138191	0.989733	0.142261
-0.572784	0.488671	0.658118
-0.318437	0.880458	0.351273
0.510184	0.825447	0.241556
0.424306	0.884546	0.193761
0.85449	0.508779	0.10484
0.377051	0.850622	-0.366434
0.48959	0.864991	0.109968
-0.289376	0.794952	-0.53321
0.054703	0.861326	0.505098
0.318886	0.919408	-0.230219
-0.150486	0.984337	0.0918412
0.495249	0.8403	-0.220509
0.472327	0.825955	-0.307743
0.77938	0.0963018	0.619107
-0.507246	0.843044	-0.178823
0.350637	0.644251	0.679702
-0.48546	0.872581	-0.0541318
-0.327423	0.595371	0.733708
0.13706	0.85103	0.506915
0.148143	0.97936	0.137501
0.00616575	0.873563	-0.486672
0.353367	0.929824	0.102761
0.153028	0.941764	-0.299439
-0.688361	0.690475	-0.222269
-0.325182	0.8665	0.378728
-0.133056	0.642272	-0.75484
-0.0428932	0.821094	0.569179
0.302189	0.951853	-0.0515587
-0.1085	0.990749	0.081513
0.0550862	0.80939	0.584683
-0.227106	0.898172	-0.376444
0.429018	0.835708	-0.342834
0.0392972	0.995575	-0.0853629
0.0950598	0.967967	-0.232386
0.0237082	0.983656	-0.178491
0.477767	0.811946	0.335384
0.443327	0.405331	-0.79948
-0.713982	0.671643	0.197803
-0.222937	0.920238	-0.321652
-0.393973	0.906727	-0.150438
-0.226745	0.566799	-0.792039
-0.392442	0.907269	0.151171
0.344369	0.87988	0.327448
-0.0149381	0.683252	0.73003
0.500688	0.750919	0.430618
-0.854876	0.510642	0.0918256
0.224444	0.973879	0.0344113
0.195133	0.968508	0.154645
-0.429188	0.877994	0.211952
0.620859	0.751047	-0.224639
0.239122	0.61503	-0.751371
-0.242508	0.939965	0.240116
0.228492	0.87691	0.422871
0.244571	0.967226	-0.0682601
0.288727	0.896303	0.336569
-0.7426	0.649856	0.161965
-0.218765	0.947305	-0.233997
0.241175	0.702681	-0.669384
-0.572191	0.72451	-0.384297
-0.256347	0.832493	-0.491163
0.0380974	0.97887	-0.200901
0.205019	0.630832	0.748343
-0.225616	0.974174	-0.00907341
0.01689	0.850226	0.526147
-0.292855	0.82238	0.487778
-0.26971	0.651896	-0.708723
0.536659	0.697717	-0.47454
0.408604	0.868399	0.280936
0.316779	0.931112	0.18078
-0.343628	0.523942	0.779362
-0.252958	0.886658	-0.387103
-0.264372	0.921747	-0.283707
-0.372807	0.693879	0.616074
0.0854436	0.9629	-0.255975
0.611547	0.748845	-0.255424
0.907753	0.412161	0.0781499
0.0296412	0.773533	-0.633063
-0.176587	0.82173	-0.541827
0.0501026	0.965333	-0.256167
-0.51226	0.82507	0.23843
0.10755	0.987035	-0.119144
-0.0256194	0.979466	-0.199974
-0.244286	0.969396	0.0244082
-0.0466407	0.941417	-0.334004
-0.581965	0.763566	0.279792
0.478504	0.588064	-0.652086
-0.385013	0.862228	0.329132
0.278165	0.954986	-0.103085
-0.437568	0.875988	0.202924
0.904923	0.0405612	0.423639
-0.291831	0.370346	-0.881861
-0.436774	0.752265	-0.493281
-0.848591	0.504705	0.158641
-0.472745	0.869533	-0.142918
-0.44848	0.810914	-0.375878
-0.935488	0.225687	-0.271898
-0.669504	0.621946	0.406137
0.342009	0.901211	-0.266175
-0.305976	0.897574	-0.317396
-0.308414	0.716072	0.626196
-0.091569	0.995494	0.0246357
0.159438	0.912257	0.377316
-0.562313	0.806372	-0.183217
-0.138752	0.470824	0.871248
-0.463501	0.869997	0.16814
-0.741777	0.635984	-0.212818
-0.094747	0.982139	-0.162564
0.646855	0.750739	0.134049
-0.00456132	0.946214	0.32351
0.584147	0.801887	0.125499
0.0255749	0.993538	0.110582
-0.275082	0.740744	0.612886
-0.448273	0.847949	0.282902
-0.269811	0.926957	-0.260678
0.446741	0.60717	0.65709
0.488017	0.840789	0.234335
-0.349229	0.8845	0.309354
-0.712674	0.233958	-0.661332
-0.787482	0.564466	0.24749
-0.0289971	0.584919	-0.810573
-0.000402801	0.917687	0.397303
0.125856	0.905773	-0.404642
0.283469	0.776537	-0.562704
-0.0538626	0.928555	0.367266
0.249949	0.966256	-0.0622527
-0.00980787	0.977012	-0.212957
-0.0528363	0.962558	-0.265877
0.291164	0.954894	0.058316
0.278461	0.363333	-0.889072
0.50835	0.838312	0.197012
-0.0534569	0.836586	-0.545222
0.628549	0.621164	-0.468061
-0.289118	0.90063	-0.324461
0.601364	0.730682	0.323212
-0.427899	0.900038	-0.0826653
0.446262	0.780237	-0.43827
0.250977	0.555911	0.792448
0.194491	0.919567	-0.341423
0.144056	0.95109	-0.273268
0.890179	0.10495	-0.443359
-0.474925	0.81271	-0.337563
-0.830475	0.449525	-0.328997
-0.568161	-0.118729	0.814307
0.389384	0.890112	-0.236814
-0.0961922	0.982125	0.161797
-0.734311	0.578532	-0.355089
0.706689	0.664967	-0.241678
0.0925593	0.986121	-0.137833
-0.624737	0.772696	0.112453
-0.325194	0.908381	0.262856
-0.239023	0.931991	-0.272509
0.473976	0.810147	-0.344976
-0.438158	0.813059	-0.383343
0.462411	0.67082	-0.579808
0.118571	0.992432	0.0319358
0.436787	0.718147	-0.54174
-0.312448	0.859329	0.404883
-0.927493	0.35335	-0.12207
0.325359	0.94548	-0.0144843
-0.220474	0.633539	-0.741633
-0.439887	0.891652	0.107036
-0.320725	0.931468	-0.171766
-0.111413	0.553169	-0.825586
-0.667821	0.631164	0.394521
-0.230669	0.959751	0.160216
-0.190343	0.959064	0.20968
-0.294158	0.695602	0.655446
-0.367593	0.837222	0.404888
-0.548151	0.767932	0.331378
0.37478	0.784039	0.494796
0.0768678	0.95869	0.273869
-0.110059	0.921894	0.371481
-0.0906067	0.966762	0.239085
-0.732215	0.184422	0.655629
-0.727851	0.685701	0.00679137
0.00284615	0.979092	-0.2034
0.588552	0.795115	-0.146285
0.136507	0.967388	-0.213371
0.170166	0.919539	-0.354247
-0.200433	0.939414	-0.27808
-0.552783	0.802628	-0.224098
-0.710929	0.672013	0.207311
0.0998312	0.895576	-0.433563
-0.231754	0.734307	0.638031
-0.781965	0.532418	0.324132
-0.273623	0.867817	0.414757
-0.146149	0.987089	-0.0655379
-0.300198	0.751204	-0.587855
0.239	0.92766	0.286924
0.726386	0.621618	-0.29318
0.0998744	0.944631	-0.312565
0.323761	0.945818	-0.0246432
0.571896	0.819209	-0.0427933
0.267838	0.833201	0.483776
-0.0851152	0.312079	-0.946236
0.70387	-0.161736	0.691671
-0.0688242	0.846681	0.527631
0.155043	0.969448	-0.190085
0.235385	0.720241	-0.652569
-0.391717	0.908016	0.148541
-0.0591191	0.88165	-0.468186
0.454832	0.865761	0.208771
0.208696	0.977712	-0.0229026
-0.250089	0.961824	-0.111129
-0.331855	0.940755	-0.0696553
-0.635317	0.770504	0.0519277
-0.304267	0.928241	-0.213988
0.278445	0.81366	0.510319
0.150125	0.840658	0.520343
0.534301	0.775687	-0.335906
0.010794	0.82498	0.565059
-0.428266	0.667885	-0.608701
-0.0965309	0.980712	0.169956
-0.374401	0.926457	-0.0387413
-0.44084	0.881363	-0.16988
-0.131388	0.811795	0.56897
-0.0148699	0.980399	-0.196462
-0.855641	0.201131	0.476891
-0.323326	0.890576	-0.319897
-0.288997	0.957058	-0.0228146
0.143193	0.907201	-0.395577
-0.270793	0.887588	0.372637
0.119685	0.952214	0.281006
-0.116849	0.89317	0.434273
-0.316965	0.896512	0.309515
-0.30128	0.94681	-0.113051
0.451731	0.846229	-0.282553
-0.918804	0.391149	0.0529236
-0.400059	0.915181	-0.0489552
-0.364346	0.930674	0.0331368
-0.48016	0.877104	0.0115932
-0.756661	0.653633	0.0151313
-0.157714	0.986407	-0.046131
-0.579933	0.811481	-0.0719436
-0.326527	0.941505	-0.0833585
-0.558989	0.800543	-0.216015
-0.917095	0.277796	0.285947
-0.210294	0.976853	0.0391697
0.145468	0.976348	0.159948
-0.602542	0.697854	0.387224
0.0903645	0.976847	0.19392
-0.17153	0.984572	-0.0345894
-0.930368	0.363327	-0.0490866
-0.224941	0.974369	-0.00240966
0.0310392	0.999471	-0.00968039
-0.495016	0.634365	-0.59375
-0.667	0.744636	-0.0250677
0.205726	0.793943	0.572129
0.240376	0.860222	-0.449709
-0.257921	0.896947	-0.359115
0.124264	0.991038	-0.0490058
0.527037	0.837659	-0.143384
0.165633	0.746197	-0.644791
-0.552019	0.63048	-0.545682
0.47605	0.838282	0.265818
0.0451475	0.512268	0.857638
-0.455738	0.729651	-0.509816
0.112873	0.964217	-0.239884
-0.753895	0.644291	-0.128576
-0.0128417	0.937879	-0.346724
-0.340751	0.940142	-0.00468813
0.11997	0.98608	0.115123
-0.332776	0.933866	0.130971
-0.146554	0.962863	-0.226752
0.519156	0.691742	-0.501967
-0.285972	0.648177	0.705753
0.173289	0.785634	0.593927
-0.295795	0.90494	0.305924
-0.0415704	0.832822	-0.551977
0.00559767	0.783363	0.621539
-0.27529	0.956546	-0.0961013
-0.251946	0.967124	-0.0345762
-0.0445654	0.782799	0.620677
-0.548209	0.818269	0.172925
0.00960867	0.961796	-0.273599
-0.401779	0.911434	0.0886686
0.343545	0.932341	-0.112768
-0.581254	0.752508	0.309639
0.112918	0.928485	0.353787
-0.0715099	0.972504	-0.221634
-0.760612	0.597462	0.253985
0.544392	0.807807	-0.22602
-0.0435261	0.923658	0.380737
-0.783112	0.611318	-0.114132
-0.202223	0.850602	0.485368
0.847672	0.453173	0.275836
-0.549994	0.407683	-0.728904
-0.32001	0.947387	0.00720878
0.237365	0.818697	-0.52287
-0.207086	0.964904	-0.161483
-0.520568	0.848586	-0.0943974
0.247339	0.964323	-0.0943664
-0.120553	0.950016	-0.287986
-0.17906	0.977007	0.115736
-0.458365	0.760737	-0.459544
-0.445655	0.77278	-0.451888
0.253807	0.954253	-0.158058
0.51625	0.824855	0.230433
-0.338733	0.816303	-0.467878
-0.0309075	0.973422	-0.226923
0.651399	0.396476	0.646905
-0.457808	0.887666	0.0496088
-0.599724	0.68181	-0.418888
0.127191	0.897797	-0.421642
-0.248398	0.950296	-0.187713
0.173136	0.937972	-0.300387
-0.548626	0.831764	-0.0847245
-0.511013	0.728502	-0.456235
0.000419321	0.992394	-0.1231
-0.229183	0.972624	-0.0384387
-0.479823	0.56262	-0.673223
-0.160211	0.953141	-0.256622
-0.0819356	0.950213	-0.300637
0.025192	0.994688	0.0998055
-0.123692	0.985294	0.11788
0.402425	0.831263	-0.38348
-0.325582	0.934381	-0.144665
0.237043	0.809423	-0.537256
0.292458	0.95335	-0.0747745
-0.117149	0.780835	-0.613655
0.0520629	0.923926	-0.379013
-0.253021	0.764965	0.592291
-0.0325446	0.971132	0.236313
-0.408879	0.552522	0.726318
-0.474708	0.868865	-0.14045
0.0757065	0.894899	-0.439801
-0.141569	0.967197	0.210921
0.24663	0.435326	0.865832
0.247709	0.92357	0.292675
-0.279325	0.952344	0.12255
-0.400599	0.912326	0.084742
0.356374	0.933899	0.028811
0.0312796	0.994807	-0.0968562
-0.383843	0.878603	0.284114
0.0934575	0.955902	0.278417
-0.0645198	0.928184	-0.366485
0.0989771	0.795888	-0.597298
0.0639385	0.915547	0.397096
0.320417	0.945998	-0.0492082
-0.872588	0.480553	-0.0875156
0.0283076	0.769362	-0.638185
0.0635436	0.896028	-0.439426
-0.20143	0.963017	0.178951
-0.2963	0.861716	-0.411888
-0.246103	0.847808	0.469738
-0.501203	0.813376	0.295322
-0.41832	0.846512	0.329281
0.126077	0.829437	-0.544186
-0.364101	0.817104	-0.446958
-0.313228	0.884786	0.345025
0.360705	0.928589	0.087263
0.0224437	0.989003	0.146185
-0.157909	0.963443	-0.216432
0.3898	0.919553	-0.0497859
-0.205153	0.932479	-0.297312
0.245584	0.767595	-0.59202
-0.188229	0.844104	-0.502054
0.186265	0.916013	0.355282
0.0230312	0.974555	-0.22296
0.538481	0.832808	-0.128333
-0.36983	0.871906	-0.320945
-0.485087	0.755338	-0.440631
-0.109242	0.988747	0.102202
-0.29803	0.941996	0.154343
0.434062	0.872373	0.224846
0.187923	0.980589	0.0559538
-0.247396	0.863534	0.439436
0.0930519	0.799522	-0.593385
-0.297624	0.856402	-0.421896
0.358641	0.855335	-0.373871
0.390915	0.896108	-0.210182
-0.267798	0.865503	0.423307
0.143965	0.96639	-0.212991
0.153272	0.979708	-0.129151
-0.24833	0.948723	-0.195595
0.0761514	0.95786	0.276956
0.315755	0.923068	0.219644
0.20711	0.8128	-0.544482
0.796193	0.575622	0.186374
0.025004	0.779251	-0.626213
-0.644647	0.764023	-0.0264617
-0.0413216	0.953564	-0.298341
-0.277448	0.862751	-0.42271
0.345384	0.933808	-0.0933414
-0.113291	0.968168	-0.223196
-0.450212	0.880435	0.148809
-0.18771	0.957082	-0.220813
-0.40637	0.877949	-0.253118
0.28375	0.85194	-0.440096
-0.251813	0.960844	0.115625
-0.183882	0.955385	0.231142
-0.354457	0.935036	0.00826016
0.748796	0.632297	-0.19876
0.172688	0.928883	0.327652
-0.108053	0.979633	0.169244
-0.254564	0.707338	-0.659447
0.0788618	0.961149	-0.264524
0.0216272	0.946708	-0.321366
-0.21598	0.873952	0.435386
0.115415	0.794626	-0.596028
-0.791386	0.520507	0.320593
-0.413017	0.859491	0.30115
-0.305831	0.863957	0.400058
-0.0791158	0.994055	-0.074797
0.183542	0.966579	0.178989
-0.572438	0.819724	0.019157
0.206771	0.977623	0.0387215
0.310196	0.609752	-0.72937
-0.661965	0.649451	-0.374186
-0.461939	0.720852	-0.516705
-0.239754	0.761595	-0.602072
-0.42815	0.854544	0.29401
-0.359137	0.843023	-0.400417
0.0146157	0.902659	0.430107
0.546163	0.578687	-0.605663
-0.398643	0.524379	-0.752403
0.196036	0.917917	0.344961
-0.433818	0.853275	-0.289349
0.384002	0.81628	-0.431542
-0.10363	0.538484	-0.836239
-0.499869	0.85906	0.110209
0.216963	0.935045	0.280388
-0.293292	0.864249	-0.408721
-0.0601642	0.784141	0.61766
0.341953	0.88963	-0.3027
0.561256	0.693922	-0.451071
0.0593056	-0.193258	-0.979354
0.602553	0.792049	0.0979181
-0.208219	0.838039	0.504318
0.0224747	0.912383	-0.408721
-0.0874402	0.99612	-0.00991011
0.11804	0.990213	-0.0744673
0.168407	0.982488	-0.079722
0.235768	0.908123	0.346015
-0.456369	0.70818	-0.53871
0.130703	0.969329	0.208128
0.0277791	0.970034	0.241377
0.673988	0.557808	-0.484345
0.189352	0.943217	0.272925
0.384531	0.917123	0.104982
0.552308	-0.0477205	-0.832273
0.0610198	0.972947	-0.222825
-0.684913	0.499698	0.530279
-0.465273	0.880825	-0.087567
-0.743668	0.626079	0.234482
0.115944	0.992306	0.0434143
-0.592645	0.739607	0.318987
0.252025	0.960956	-0.114224
-0.162383	0.817271	0.552901
-0.111115	0.990333	0.0830257
0.510646	0.845723	0.154896
-0.552186	0.586898	0.592149
0.266758	0.957034	0.113692
-0.313195	0.790935	-0.525672
-0.240539	0.931399	-0.273198
0.437362	0.87781	0.195355
0.0766579	0.981978	0.17275
0.0690652	0.951921	-0.298458
-0.597271	0.800843	0.0438034
0.276158	0.957084	0.0879047
-0.37552	0.876719	-0.300581
-0.731114	0.604071	0.317128
-0.175719	0.967094	0.183988
0.284225	0.625496	-0.726616
-0.302712	0.932501	-0.196998
-0.51953	0.852555	-0.0569069
-0.14009	0.970815	-0.194661
0.116456	0.955584	0.270736
-0.578362	0.767936	0.275268
0.393999	0.916814	-0.0649361
-0.19159	0.980434	-0.0451987
-0.654172	0.730759	-0.195065
-0.769149	0.606636	-0.201003
0.00506055	0.898301	-0.439352
-0.272188	0.94842	0.16252
0.199598	0.815525	0.543212
0.00816401	0.946515	-0.322558
-0.116308	0.986828	0.112438
-0.276608	0.951914	-0.131709
0.362427	0.817193	-0.448154
-0.564437	0.811029	-0.15376
0.242256	0.495461	-0.834165
0.274197	0.913662	0.300063
0.331143	0.877641	0.346541
-0.69125	0.387593	0.609873
0.372142	0.92434	-0.0842915
0.644296	0.612289	-0.45824
-0.532699	0.740967	0.4089
0.370081	0.797619	-0.476282
-0.34862	0.930248	-0.11447
-0.0428515	0.948571	-0.31365
-0.167002	0.949926	0.264104
0.157546	0.98642	-0.0464106
0.165305	0.937845	-0.305156
-0.172197	0.919014	0.354629
-0.340233	0.895975	-0.285429
0.731197	0.625772	0.271588
0.0128548	0.862895	-0.50522
0.00821887	0.941461	-0.337021
-0.152423	0.955109	-0.254036
-0.324606	0.939871	0.106175
-0.0355717	0.783453	0.620432
0.390268	0.917072	0.0816717
0.438491	0.819974	-0.367924
0.107104	0.692142	0.713771
-0.212397	0.973991	-0.0789233
-0.266729	0.962362	0.0521092
0.516761	0.806391	0.287561
0.537943	0.527376	-0.657641
-0.367872	0.681644	-0.632481
-0.231596	0.946121	-0.226314
0.112927	0.875736	0.469397
0.245532	0.502006	0.829279
-0.396598	0.917981	0.00453315
0.0528906	0.996658	0.0622474
-0.0146294	0.977612	-0.209908
-0.216103	0.976292	-0.012396
0.436899	0.841918	0.316692
0.469532	0.879311	0.0797001
0.703931	0.70293	0.101833
0.465258	0.569161	0.677932
-0.207201	0.956322	0.206196
0.280199	0.914363	0.292283
-0.264608	0.962589	-0.058354
-0.224503	0.907393	0.355297
0.499087	0.85866	-0.116684
0.196214	0.939485	0.280836
-0.251826	0.913438	0.319711
0.135145	0.870614	0.47304
0.41134	0.911312	0.0176211
-0.222488	0.793726	0.566125
0.208477	0.960605	0.183784
0.219781	0.965308	-0.140985
-0.0145058	0.999824	-0.0118608
-0.481755	0.875949	0.0250027
-0.0964651	0.995262	0.0121898
-0.272557	0.895797	0.351084
0.159642	0.953232	0.256639
-0.188785	0.976666	-0.102394
-0.0377706	0.998883	0.0284073
0.0202152	0.96371	0.266184
0.199069	0.788436	0.582014
0.649557	0.54975	-0.525214
-0.431354	0.84647	-0.312124
-0.810103	0.580258	0.0838733
0.00213883	0.993126	-0.117028
0.311651	0.383168	-0.869515
-0.458497	0.881575	0.112274
0.469508	0.569487	-0.67472
-0.0774734	0.992317	-0.096463
0.177971	0.977516	-0.113084
-0.558822	0.813603	0.160527
-0.109866	0.889885	0.442758
0.387045	0.921964	-0.0133814
-0.0303236	0.965695	-0.257902
0.290426	0.91518	0.279461
-0.402479	0.778047	-0.482342
-0.325165	0.922814	-0.206598
-0.0848305	0.99279	0.0846861
-0.121153	0.977745	-0.17128
-0.116311	0.632404	0.765857
-0.218357	0.974747	0.0467839
-0.242663	0.892832	0.379428
-0.0947762	0.995371	-0.0159495
0.196586	0.966908	0.16261
-0.00556858	0.999938	-0.00963984
-0.194228	0.933262	-0.302156
-0.120204	0.965488	0.231051
-0.153121	0.966269	0.20707
-0.313186	0.7853	0.534059
-0.115452	0.927227	-0.356259
-0.964331	0.254464	0.0728903
0.363695	0.931405	0.0145274
0.0582476	0.70373	-0.708075
-0.386629	0.841392	0.377594
0.448213	0.816775	0.363295
-0.566214	0.808012	0.162843
-0.106623	0.97849	-0.176604
-0.552328	0.619788	0.557491
0.180126	0.96221	0.204221
0.367812	0.395802	0.84146
-0.620452	0.731421	-0.282953
0.868248	0.495844	-0.0168477
-0.210497	0.713402	0.668392
0.632388	0.711229	-0.306983
0.367859	0.299198	0.880432
0.176985	0.984213	0.00141478
0.0134071	0.814809	0.579574
0.167555	0.94813	0.27014
0.474095	0.784533	0.399676
0.452787	0.856675	0.247168
0.125855	0.990431	-0.0566328
0.122049	0.990767	-0.0590304
-0.780509	0.541649	0.312124
-0.289969	0.899881	-0.32578
-0.398825	0.903287	0.158147
-0.275126	0.949558	0.150485
-0.140347	0.940949	0.308087
-0.575144	0.817981	0.0107784
-0.58473	0.732287	-0.349067
-0.0569342	0.947141	-0.315724
-0.374986	0.918473	0.125671
-0.303839	0.932804	0.193798
0.0174119	0.983109	0.182194
-0.163434	0.637107	-0.753249
-0.190026	0.610745	-0.768688
-0.528651	0.71623	-0.455568
-0.218703	0.95439	0.203246
-0.482296	0.846731	-0.224582
-0.391682	0.920097	-0.00251383
-0.129408	0.867051	0.48112
-0.106074	0.840972	-0.530579
-0.12372	0.988321	-0.0889693
-0.0400329	0.990518	-0.131423
-0.0127827	0.924751	0.380359
0.0333866	0.916166	-0.399407
0.255412	0.952493	0.165898
-0.632241	0.723108	0.278183
0.131775	0.875143	0.465576
0.60766	0.784852	-0.121479
-0.312405	0.901649	0.299053
-0.410206	0.911467	-0.0309725
-0.64486	0.762512	-0.0522704
0.0374553	0.836014	0.547429
0.0519413	0.997779	0.0417033
-0.310533	0.943854	0.112734
-0.323045	0.93189	-0.164993
0.0497793	0.996132	0.0724117
0.0504296	0.962843	-0.265313
0.132583	0.959986	0.246675
0.42154	0.903861	0.0730714
-0.590609	0.75816	0.276359
-0.280548	0.954673	-0.0994629
0.0467118	0.882885	-0.46726
0.189078	0.94128	0.279716
0.0988045	0.987795	-0.120407
-0.124606	0.953725	0.273646
0.719438	0.538494	0.438672
0.495169	0.599229	0.629072
0.156625	0.98761	0.00976897
-0.123777	0.976183	-0.178173
-0.459795	0.827034	0.323424
-0.51247	0.848656	-0.130986
-0.214915	0.934203	-0.284739
0.533362	0.840945	-0.091304
0.380523	0.70526	0.598172
-0.171326	0.866969	0.467987
0.256515	0.932364	-0.25475
-0.257522	0.566031	0.783129
-0.291076	0.925188	0.243522
0.175743	0.982027	-0.0688266
0.655668	0.614329	0.438976
0.0769804	0.988377	0.13109
-0.068987	0.927119	-0.368364
-0.0745256	0.989584	0.123164
-0.527045	0.844447	0.0955682
-0.796424	0.518429	0.311352
0.0448759	0.930544	0.363419
-0.0510119	0.570065	0.820014
-0.0295938	0.999041	0.0322546
-0.103682	0.812465	-0.573716
-0.0341806	0.781954	-0.622399
0.0985535	0.912494	-0.397041
-0.0458602	0.934749	0.352336
-0.902643	0.420364	-0.092357
0.156648	0.743936	0.649631
-0.176055	0.966058	0.189039
0.811262	0.524303	0.258766
-0.00700538	0.994004	0.10912
-0.100647	0.994558	-0.0269155
-0.190011	0.644285	-0.740806
-0.318098	0.937894	0.138451
-0.322049	0.910626	0.25893
-0.330617	0.839003	0.432166
0.174068	0.980346	0.0928566
0.132826	0.821955	0.553847
-0.0129764	0.893979	0.44792
-0.579362	0.805933	-0.121707
-0.259546	0.965355	-0.0269222
-0.433242	0.791839	0.430456
-0.132918	0.813054	0.566812
-0.196459	0.978383	-0.064577
-0.251327	0.965626	0.0663382
-0.383894	0.572233	-0.724689
-0.853669	0.489166	-0.17879
-0.117582	0.969754	-0.213895
0.0947262	0.995409	0.013685
-0.313416	0.949087	0.0316782
0.0381827	0.867722	-0.495581
0.349918	0.936752	-0.00732044
-0.127553	0.767119	-0.628696
-0.109752	0.988287	-0.106031
-0.0594734	0.924324	-0.376945
-0.477165	0.838065	-0.264501
0.434832	0.891892	0.124298
-0.263717	0.961161	-0.0813826
0.0490439	0.966859	-0.250556
-0.356027	0.806966	0.471222
-0.165353	0.981578	0.0957272
0.632039	0.763826	-0.130757
0.438394	0.8446	-0.307346
-0.347086	0.891234	-0.291949
-0.747946	0.505366	-0.430328
-0.7687	0.63665	-0.0614596
0.287831	0.925382	0.246621
-0.382894	0.883344	0.270364
-0.662986	0.660395	0.352601
0.0551794	0.781534	-0.621418
0.0410765	0.766517	0.64091
-0.379313	0.910679	0.163662
-0.144351	0.963766	0.224316
-0.204906	0.961357	0.183864
0.209419	0.895945	0.391697
-0.295087	0.781659	0.549485
0.0147872	0.905777	-0.423496
0.314304	0.944848	0.0920617
0.0103332	0.994052	-0.108413
-0.1895	0.93453	0.301236
-0.65552	0.662481	-0.362509
0.22599	0.971523	-0.0712094
-0.408487	0.820878	0.39912
-0.128511	0.918307	-0.374428
0.471641	0.863839	-0.177021
0.540446	0.689793	-0.481771
0.846117	0.0703864	-0.528329
-0.596754	0.477475	-0.644905
-0.497774	0.725339	-0.475504
0.253313	0.885435	0.389663
0.0487158	0.998634	0.0188827
-0.341609	0.91453	0.216651
-0.189518	0.968803	-0.159698
-0.499465	0.854388	0.14337
-0.516584	0.747191	-0.418146
-0.777984	0.536957	-0.326218
-0.00063751	0.750191	-0.661221
-0.000986567	0.977286	0.211923
0.162771	0.973977	0.157719
0.655329	0.594314	0.466193
-0.824229	0.477294	-0.304691
0.240942	0.85583	0.457714
-0.0210699	0.934733	0.354724
-0.583718	0.77312	-0.24811
-0.582092	0.794163	0.174567
0.687097	0.699085	-0.197933
-0.498436	0.688173	0.527238
-0.805485	0.545562	0.23142
0.442914	0.859748	-0.254286
0.136749	0.931481	0.337111
0.0453529	0.72844	-0.683607
-0.380909	0.921351	0.0775998
0.303503	0.650587	-0.696148
-0.833706	0.518476	-0.190047
-0.482586	0.640797	-0.597068
0.255	0.965181	0.0583107
0.107927	0.81466	0.569807
0.144881	0.819245	-0.55484
-0.0290006	0.593803	-0.804088
0.38976	0.85006	0.354238
-0.429765	0.792074	0.433499
0.40348	0.747582	0.527566
0.118575	0.944956	0.304955
-0.351572	0.700104	0.621491
-0.0648479	0.99731	0.034163
0.479242	0.40968	-0.776202
-0.378628	0.855331	-0.353625
-0.417303	0.851406	0.317752
-0.380855	0.924396	0.0210184
-0.246382	0.92773	0.280379
0.392985	0.725135	0.565457
-0.120666	0.669709	0.732755
0.29534	0.908424	-0.295874
-0.724299	0.685504	-0.0739889
0.124402	0.862269	0.490934
-0.681261	0.575324	-0.452642
-0.197116	0.970027	0.142102
-0.593724	0.711567	-0.375718
-0.574775	0.794679	0.195238
-0.447943	0.858383	-0.250052
0.146654	0.957528	-0.248258
-0.0273489	0.999157	-0.0306164
-0.495516	0.850306	0.177321
-0.181536	0.955799	0.231284
0.0548609	0.98309	0.174712
-0.187088	0.888431	-0.419153
-0.205735	0.829515	-0.51921
-0.212033	0.797072	0.565436
0.415189	0.896685	0.153542
-0.252793	0.953364	-0.164903
-0.253766	0.965798	-0.0532723
-0.0730435	0.67695	-0.732395
0.721565	0.493645	0.485447
-0.534777	0.325876	-0.779627
-0.425389	0.90036	0.0916316
0.152843	0.904908	0.397215
-0.290376	0.839151	-0.459899
-0.374767	0.548192	-0.747687
-0.0778926	0.690927	-0.718716
-0.104212	0.985666	-0.132673
0.616911	0.776938	0.12565
-0.397522	0.820086	0.411624
0.294815	0.90441	-0.308426
-0.107677	0.984355	0.139468
-0.858855	0.512173	0.0069405
-0.243407	0.959453	-0.142141
0.0866474	0.991417	-0.0979043
0.0603644	0.730476	0.680265
0.072718	0.777642	-0.624488
-0.0725633	0.985093	0.15597
0.344307	0.925908	0.155391
-0.326412	0.799488	-0.504256
-0.033316	0.982289	0.184384
-0.504474	0.862273	-0.0446158
0.076752	0.111192	0.990831
-0.331002	0.812559	0.479777
-0.151141	0.988201	-0.0247847
0.0529153	0.996513	-0.0645145
0.352611	0.746715	-0.563987
0.145694	0.69867	-0.700452
-0.597422	0.782198	-0.176785
0.0937936	0.995132	-0.0302581
-0.205808	0.973262	-0.101995
-0.0588412	0.85884	-0.508854
-0.1084	0.785807	-0.608898
0.217444	0.552311	-0.80478
-0.284761	0.95447	0.0888706
0.184681	0.97816	-0.0953734
0.0514163	0.996084	0.0719219
-0.0494789	0.91124	0.408893
-0.755778	0.650907	0.0715522
0.513668	0.822118	-0.245494
-0.329142	0.943825	0.0293331
-0.0627208	0.996841	0.0487293
-0.266731	0.940553	-0.210274
0.501039	0.854803	-0.135171
-0.287121	0.937066	-0.198669
-0.15698	0.980701	-0.116542
0.240729	0.958375	-0.153518
0.0555831	0.980012	-0.191014
-0.588347	0.65513	0.473975
0.468427	0.721008	0.510611
0.0320811	0.944272	0.327598
0.660885	0.362035	0.657391
-0.270638	0.789893	0.550295
0.0277505	0.999472	0.0169269
-0.0470968	0.994612	-0.0923521
0.714921	0.695984	0.0670421
-0.264105	0.873141	-0.409725
-0.453479	0.850324	0.267032
0.0635011	0.803931	-0.591322
-0.594367	0.776018	0.211008
0.153327	0.981845	-0.111672
0.45344	0.838172	-0.303083
0.224574	0.540083	0.811096
-0.494431	0.869209	-0.00364461
-0.481121	0.793804	-0.372019
-0.101049	0.958313	-0.267255
0.0808915	0.912305	-0.401442
-0.286175	0.827355	-0.483309
-0.250431	0.965179	0.0755851
0.366403	0.804198	-0.46799
-0.0853168	0.946074	0.312513
-0.551304	0.727469	-0.408475
0.0769993	0.947701	-0.309733
-0.241403	0.970161	0.0226547
-0.137284	0.982643	-0.124764
-0.047156	0.989698	-0.135185
0.622325	0.664323	-0.413988
0.0558645	0.991874	-0.114303
-0.184893	0.947892	0.259451
-0.245044	0.7772	0.57958
-0.0788346	0.940923	-0.329317
0.218076	0.974163	-0.0587305
0.162737	0.962291	0.217975
0.198146	0.903865	0.379164
0.166153	0.972739	0.161777
0.140461	0.823212	-0.550085
-0.600038	0.539986	-0.590229
-0.448704	0.887021	-0.108898
0.696669	0.692759	0.186377
0.316103	0.938073	-0.14177
0.255492	0.941613	-0.219291
-0.0200554	0.922537	-0.385386
0.0435982	0.993042	0.109395
-0.402505	0.913196	0.0637438
0.127344	0.976693	-0.172782
0.594439	0.79348	0.130503
-0.271966	0.947262	-0.169497
-0.398512	0.850799	-0.342533
0.207487	0.942688	0.26132
-0.677067	0.73323	0.0628813
-0.95545	0.173924	-0.238464
0.79266	0.609538	0.0124235
0.204179	0.790668	-0.577196
-0.195906	0.948805	0.247769
-0.127257	0.991076	-0.0396614
-0.0294418	0.982887	0.181842
-0.638679	0.705923	-0.306206
0.499743	0.843605	0.196438
-0.165758	0.98593	0.0216144
0.0625829	0.973936	0.218017
0.414268	0.891809	0.181821
0.471933	0.881325	0.0233577
-0.692806	0.549224	0.467303
0.288708	0.956817	0.0338929
0.0663736	0.997717	0.0124497
-0.507245	0.855984	-0.0999736
0.016826	0.948092	0.317552
-0.081421	0.993004	-0.0855212
0.391295	0.891996	0.226344
0.183581	0.981399	-0.0561583
0.268664	0.951704	0.148587
-0.0872205	0.779466	-0.620343
-0.0561795	0.932567	0.3566
-0.165026	0.984885	0.0526118
0.141119	0.959829	0.242514
-0.264047	0.95804	-0.111526
0.0546355	0.908468	-0.414367
-0.249588	0.958922	0.134813
-0.145724	0.836949	-0.527523
-0.355136	0.876702	0.324457
-0.14174	0.969397	0.20045
0.0500076	0.989843	-0.133076
-0.106812	0.706197	-0.699912
-0.190637	0.937954	-0.289656
0.567435	0.801633	0.188154
-0.179942	0.978486	0.100921
-0.101032	0.937577	0.332779
-0.286298	0.957977	0.0177031
0.18305	0.944782	0.271808
-0.582147	0.53887	-0.608871
-0.0310652	0.965888	0.257092
-0.176001	0.915734	-0.361184
-0.157946	0.929843	-0.332333
0.323366	0.893889	-0.310478
-0.245835	0.962888	-0.111409
0.187418	0.964035	0.188445
0.623149	0.742041	-0.247102
0.37487	0.881207	0.288005
-0.387437	0.870582	-0.303282
-0.471714	0.806365	0.356737
-0.545046	0.562989	0.621263
-0.182156	0.956396	-0.228309
-0.00856924	0.807958	-0.589177
-0.131947	0.983541	0.123436
-0.12403	0.979862	0.156485
0.057215	0.998042	0.0252795
-0.252315	0.967505	0.0164855
0.30481	0.629689	-0.714551
0.222441	0.950625	0.216406
-0.437541	0.719604	-0.539193
-0.467138	0.877569	-0.107953
-0.537421	0.842317	0.0409913
0.200111	0.95511	0.218451
0.0840476	0.965884	0.244958
0.338379	0.887201	-0.313647
-0.107838	0.981873	-0.155872
-0.0194681	0.920012	-0.391406
0.402376	0.889648	0.215919
-0.172343	0.760178	-0.62644
-0.590328	0.710765	-0.382526
0.25578	0.581598	0.772218
0.807534	0.58343	-0.0865933
-0.145927	0.970382	-0.192523
0.636024	0.312487	0.705568
0.540547	0.835799	-0.0961702
-0.380888	0.876371	0.294786
0.157509	0.967877	-0.195971
0.56005	0.819174	0.123685
-0.341095	0.91545	0.213553
0.536095	0.785251	0.30981
0.539932	0.807907	-0.236134
-0.104127	0.919587	-0.378837
-0.497153	0.612093	0.614965
-0.283035	0.90445	0.319157
-0.0416989	0.976139	-0.213104
0.0590936	0.982282	-0.177851
-0.115527	0.949539	-0.291599
-0.382554	0.920413	-0.0805793
-0.451035	0.851011	-0.268973
-0.286682	0.934853	0.209438
-0.0106402	0.932699	-0.360498
-0.222818	0.96809	-0.114688
0.224038	0.965427	-0.133258
-0.641675	0.743453	0.188499
-0.289694	0.952227	-0.0966513
-0.338103	0.692212	-0.637596
-0.0627625	0.997762	-0.0230796
-0.16935	0.985222	-0.0256675
0.0470182	0.522977	-0.851049
-0.273086	0.96122	-0.0384673
0.853856	0.510229	-0.102941
-0.267184	0.759552	-0.593038
0.0414476	0.638319	-0.768655
-0.496778	0.733175	0.464398
-0.573338	0.793549	-0.203873
-0.751452	0.293104	0.591109
-0.610323	0.627566	0.483391
0.280076	0.944149	0.173611
0.567127	0.408153	-0.715387
0.0855063	0.946244	-0.311948
-0.618615	0.770404	0.154251
-0.40861	0.747228	-0.524106
-0.387936	0.756847	-0.526012
-0.372875	0.774526	-0.510953
-0.434091	0.889857	0.140426
0.0744393	0.88623	-0.457225
-0.182671	-0.110697	0.976922
-0.365284	0.907862	-0.205801
-0.099444	0.50683	-0.856291
-0.498061	0.608435	-0.617853
0.361194	0.898939	-0.247887
-0.556964	0.514705	-0.651821
-0.34132	0.740768	-0.578588
0.0691468	0.957057	-0.281531
0.131024	0.987747	0.0847872
0.256763	0.959458	0.116246
0.011278	0.885505	-0.464492
-0.00106012	0.948456	0.316908
-0.595665	0.540574	0.594107
0.665149	0.712858	0.222285
0.220473	0.940271	-0.259388
-0.480578	0.787695	-0.385464
0.593903	0.774972	0.216095
-0.0713717	0.997109	-0.0260766
-0.171172	0.941537	-0.290188
-0.76115	0.623062	0.180121
0.499931	0.600588	0.623989
-0.238489	0.840433	-0.486616
0.0440466	0.986404	-0.158329
0.316207	0.864185	0.391403
0.173119	0.892294	0.416942
-0.443958	0.863122	-0.240669
-0.560256	0.817585	0.132917
0.076448	0.955273	-0.285673
0.173801	0.982919	-0.0605321
0.0638337	0.819595	0.569376
-0.119838	0.984576	0.127468
-0.312683	0.949765	-0.0132195
-0.759604	0.643233	0.0961907
-0.334249	0.94235	-0.0159302
-0.271774	0.694193	-0.66651
-0.258623	0.965132	0.0404178
0.691547	0.720601	0.0499655
0.477016	0.878562	0.0241853
-0.541635	0.77513	-0.325276
-0.495427	0.728922	0.472466
-0.749842	0.65004	0.123228
-0.0128763	0.990251	-0.1387
-0.159229	0.936819	-0.311475
-0.0791289	0.90656	-0.414593
0.272589	0.948692	0.160243
-0.210237	0.621	-0.755089
-0.425233	0.880945	0.207636
0.00108256	0.982053	0.188603
0.425968	0.902932	0.0571344
-0.516944	0.619015	-0.591261
0.563932	0.817401	0.117628
-0.257645	0.948751	0.183004
-0.960045	0.277854	-0.0333385
-0.6541	0.747326	0.116866
0.232136	0.972678	0.00333579
-0.380969	0.632483	0.674409
-0.501473	0.657926	-0.561834
0.0927051	0.571634	0.815255
-0.255938	0.911011	-0.323349
-0.60857	0.791381	0.0579551
0.0454646	0.896622	0.440456
-0.545309	0.77138	0.328042
-0.0682801	0.532007	0.843983
0.618792	0.779916	0.0939566
-0.434964	0.893671	0.11027
0.224744	0.942763	-0.246348
-0.521189	0.172258	0.835877
0.557301	0.792346	0.248201
-0.746633	0.49623	-0.443052
-0.819164	0.387792	0.422596
-0.00705084	0.943789	0.330474
-0.382483	0.80606	-0.451635
-0.0118308	0.866176	-0.4996
-0.450744	0.824338	-0.342487
0.425712	0.859334	-0.283398
-0.568523	0.777318	0.269366
0.854197	0.519948	-0.00136441
0.378575	0.882195	-0.280023
0.454296	0.880322	0.136561
-0.160875	0.980459	0.113224
-0.378478	0.89956	0.21805
0.0143226	0.957845	0.286929
0.0673641	0.797056	0.600137
0.141489	0.973196	0.181303
-0.22961	0.491671	-0.839963
0.198758	0.916166	0.348046
0.372622	0.923725	0.088797
-0.45507	0.885294	0.0957383
0.276874	0.951129	0.13673
-0.632231	0.423051	0.649086
-0.0705097	0.994192	-0.081304
-0.161045	0.981266	-0.105743
-0.13148	0.9883	0.0773047
0.594459	0.70211	0.391994
-0.42058	0.892045	-0.165431
-0.148088	0.889634	-0.431996
0.37057	0.694769	0.61642
-0.135178	0.961752	-0.238242
-0.15952	0.937107	-0.310458
0.0792414	0.977942	0.193263
-0.0268578	0.882127	0.470245
-0.847375	0.524103	0.0852719
-0.267797	0.87888	-0.394785
-0.480978	0.873598	-0.0740684
-0.334425	0.828208	-0.449701
0.8527	0.294052	-0.431782
0.336521	0.909855	-0.24273
-0.181703	0.958378	0.220216
-0.0318173	0.978903	0.201831
0.0122487	0.96861	-0.248282
0.838761	0.40226	-0.366969
0.232814	0.972259	0.0225702
0.297425	0.954073	-0.0358279
-0.0753737	0.997117	0.00877216
-0.189527	0.971744	0.140688
-0.0106715	0.951114	-0.308654
-0.40041	0.792465	-0.460077
0.260575	0.791327	0.553084
0.254566	0.925353	-0.280922
-0.107292	0.99006	-0.0909328
-0.171215	0.884218	0.434561
0.0140852	0.764358	0.644638
0.491015	0.740528	-0.458827
-0.0965725	0.929048	-0.357133
-0.0597156	0.99809	-0.0158289
-0.179707	0.774403	0.606634
0.34859	0.698063	0.625454
0.58096	0.781432	-0.227703
0.164188	0.96333	-0.212221
-0.28041	0.700719	0.656021
0.123526	0.990852	0.0543523
-0.104897	0.933544	0.342772
-0.0636416	0.995168	-0.0747664
-0.387892	0.884922	-0.257784
0.0870642	0.995792	-0.0285953
0.131958	0.986079	0.101166
-0.322988	0.906951	0.270403
-0.303089	0.911298	-0.2787
-0.540256	0.287066	0.791022
0.0626403	0.972749	0.223237
0.228749	0.962342	0.146875
-0.224223	0.89965	0.374638
0.185127	0.982373	0.0259065
0.098865	0.721859	0.684941
0.232116	0.948486	0.21563
0.0887826	0.836539	-0.540666
-0.317595	0.587601	0.744217
-0.146553	0.938123	0.313763
-0.0098103	0.868335	-0.495882
-0.120263	0.838878	0.530868
-0.696183	0.443904	-0.564163
0.308072	0.935204	0.174598
-0.0560448	0.928034	0.368254
-0.398986	0.871603	0.284812
0.0192898	0.998479	0.0516405
-0.266532	0.94827	-0.172466
0.0659583	0.988132	-0.138722
-0.614411	0.785094	0.0782761
0.658754	0.599184	0.454997
0.444102	0.895115	0.0392844
-0.0767808	0.948637	0.306908
0.434115	0.84232	0.319439
-0.159858	0.924536	-0.345947
0.222524	0.928334	-0.297789
0.0210752	0.95433	0.298012
-0.258135	0.965143	-0.0431885
-0.309126	0.887691	0.341241
0.1449	0.985872	-0.0840265
0.822229	0.471987	-0.318068
-0.232772	0.92489	0.300659
0.355391	0.704261	0.614584
0.0126354	0.879028	0.476603
0.31815	0.946773	-0.0490015
-0.113305	0.985934	0.12287
0.051049	0.938143	-0.342463
0.744373	0.66697	-0.032555
-0.195034	0.980796	0.000890323
0.148022	0.983419	0.104764
-0.163586	0.920813	-0.354038
0.441723	0.876357	0.192038
0.515138	0.585226	-0.626213
-0.114753	0.961609	-0.249279
0.731428	0.673499	0.106824
0.0436229	0.950781	-0.306779
0.452705	0.672138	0.585908
-0.272293	0.944105	-0.185802
-0.238175	0.970614	-0.034358
0.155355	0.91406	0.374645
-0.0710324	0.990091	-0.121135
-0.616984	0.785804	-0.0429331
-0.504271	0.451425	-0.736156
0.473439	0.823423	0.312777
-0.218836	0.960306	-0.172984
0.587443	0.745603	0.314621
-0.429752	0.902657	-0.0228928
0.0822768	0.937689	0.337595
-0.120831	0.963606	-0.23846
-0.222688	0.955476	0.193585
0.072126	0.842658	0.533597
0.0926448	0.994035	-0.0575482
-0.104301	0.842351	0.52874
0.222643	0.831302	-0.50928
-0.352506	0.931892	-0.0855435
-0.281161	0.718099	-0.636618
0.210707	0.436718	-0.874574
0.297851	0.940962	0.160857
0.334327	0.901583	0.274542
-0.1198	0.992018	0.039357
-0.116505	0.84754	0.517786
-0.641692	0.695936	0.322341
0.720834	0.580865	0.378146
0.795351	0.578089	0.182293
-0.382594	0.923718	-0.0191667
0.575043	0.759432	0.304282
-0.436292	0.833083	0.340032
-0.647888	0.504895	0.570371
-0.577786	0.560057	0.593717
0.222687	0.937507	0.26738
0.363068	0.889078	0.278786
-0.184343	0.902869	0.388389
-0.035544	0.751521	-0.658751
-0.277806	0.946803	0.162445
0.166121	0.959688	-0.226723
0.143487	0.988299	-0.0517357
-0.55364	0.823849	-0.121475
0.600756	0.648723	-0.467174
-0.0811494	0.919956	-0.383531
-0.0967442	0.992541	-0.0741808
0.646075	0.138641	0.750577
0.503925	0.862271	0.0504752
0.414954	0.90909	0.0369898
-0.787887	0.61398	-0.0475604
0.163303	0.986187	0.0276933
-0.222127	0.857621	0.463838
-0.147281	0.94667	-0.286574
0.293258	0.940382	-0.172283
0.897302	0.432597	-0.0877935
-0.207727	0.954803	-0.212603
0.339025	0.848177	0.407012
-0.209892	0.800202	-0.561802
0.173442	0.884362	-0.433385
-0.199853	0.965003	0.16979
0.228522	0.972352	-0.048066
0.655802	0.570653	0.494245
-0.165714	0.984147	0.063195
-0.0943206	0.994024	-0.0549616
-0.313357	0.935901	-0.160927
0.28938	0.954781	-0.0682077
-0.514995	0.824261	0.235316
-0.296592	0.913736	0.277704
-0.240393	0.955349	-0.171814
-0.449273	0.733644	0.509823
-0.235843	0.962801	0.131882
-0.425357	0.857026	-0.290823
-0.482785	0.785816	-0.386537
-0.344566	0.933363	-0.100532
0.400828	0.913386	-0.0711495
-0.595595	0.78683	-0.161757
0.0572942	0.99275	0.105668
0.50941	0.674136	-0.534829
-0.139258	0.816589	0.56017
-0.00187414	0.87612	-0.482089
-0.370535	0.902141	-0.221012
0.404545	0.793937	-0.45388
-0.0614465	0.91369	0.401741
-0.269744	0.961325	-0.0556075
0.0116889	0.994365	-0.105367
0.677549	0.730297	0.0871492
-0.220166	0.376067	0.900056
0.648324	0.723494	0.237133
-0.112041	0.942141	-0.315938
0.193163	0.962683	0.189553
0.116596	0.925202	0.361118
-0.282189	0.958897	-0.0297744
0.307546	0.920296	-0.241809
-0.315259	0.856195	-0.409319
-0.22558	0.968217	0.108029
0.647061	0.659734	-0.382182
-0.299588	0.917549	-0.261439
0.34593	0.663876	0.663024
0.638572	0.767052	0.0621048
-0.141616	0.901687	0.40854
-0.595622	0.758985	0.263015
0.105483	0.99367	0.0386361
0.36949	0.894673	-0.251074
-0.430433	0.901714	0.040492
0.0261198	0.996332	-0.0814938
0.260964	0.76213	-0.592499
0.0907583	0.915066	-0.39296
0.115003	0.987252	-0.110035
0.0457315	0.930016	-0.364662
-0.183395	0.978206	0.0973579
-0.371618	0.826374	-0.423091
-0.142258	0.837057	-0.528297
0.326618	0.890483	-0.316797
0.0919458	0.956595	0.276534
0.0395215	0.942187	-0.33275
-0.314254	0.905233	-0.286003
0.229205	0.822881	-0.519935
-0.746156	0.648535	-0.150507
-0.123345	0.811555	0.571108
-0.676253	0.734984	-0.0498027
-0.229189	0.949621	-0.213756
-0.151482	0.919711	-0.362194
0.365813	0.911651	-0.187278
0.313617	0.939695	0.136448
-0.34342	0.906316	0.246283
-0.59802	0.663468	0.449647
0.490358	0.867278	0.0858961
0.4278	0.858101	-0.28399
-0.83645	0.386569	0.38848
-0.021789	0.784485	-0.619765
-0.210174	0.843109	0.494968
0.279535	0.926496	0.251924
0.154763	0.910054	0.384513
-0.261577	0.884636	-0.386001
0.191642	0.698597	-0.689373
-0.724997	0.68196	-0.0964945
-0.000416515	0.722564	-0.691304
-0.482939	0.856136	-0.183849
-0.448497	0.856399	0.255795
-0.113402	0.964825	-0.237178
-0.183475	0.951446	-0.24716
0.584173	0.809463	0.0592587
-0.105548	0.977812	-0.180951
-0.0843802	0.701377	-0.707778
-0.521647	0.819982	-0.235613
-0.550966	0.682779	0.479842
-0.242969	0.968399	-0.0563023
-0.0990087	0.89451	0.435946
0.722359	0.691348	0.0153546
-0.189564	0.972386	-0.13613
-0.404841	0.911559	0.0718655
-0.335455	0.940411	0.0556468
0.23002	0.972096	0.0460473
0.152539	0.922593	0.354335
-0.264014	0.957967	-0.112228
0.12309	0.761284	0.636629
0.381135	0.924288	0.0206728
-0.51781	0.853148	-0.0633383
0.623396	0.714457	-0.317693
0.207785	0.95515	-0.210982
-0.309733	0.942476	-0.125716
-0.186702	0.896034	-0.402821
0.527698	0.613139	0.587874
0.0026576	0.977089	-0.212816
0.0929699	0.994353	0.0511762
0.181437	0.983402	-0.000492961
0.111658	0.990984	-0.0740503
-0.27394	0.858468	-0.433578
0.080531	0.991542	-0.101778
-0.492583	0.864248	-0.102167
0.488162	0.460001	-0.741685
0.0659559	0.997736	0.0131374
-0.0349544	0.986724	-0.158599
-0.153917	0.972345	0.175654
0.274507	0.951048	-0.141964
-0.125628	0.957463	0.259773
0.162629	0.962086	-0.21896
-0.368611	0.724687	0.582198
0.219599	0.975473	-0.0151363
-0.196238	0.865502	-0.460865
0.0241854	0.896487	0.44241
-0.235377	0.946204	0.222026
0.129782	0.991541	0.00177765
-0.630298	0.775347	0.0395108
0.15994	0.94497	-0.285394
-0.616949	0.772855	-0.148555
0.18563	0.947658	0.25978
-0.535583	0.84034	-0.0835437
0.105739	0.745063	-0.658559
0.408169	0.905839	-0.113376
0.258484	0.964995	-0.0443974
-0.0866411	0.987365	0.132675
0.0615424	0.929691	0.363162
-0.228716	0.867823	0.441103
0.0294711	0.972526	0.230922
0.607078	0.783644	0.13175
-0.533668	0.844117	0.051618
-0.0880562	0.990385	-0.106694
0.0447605	0.93606	-0.348982
-0.388403	0.745542	-0.541582
-0.297176	0.916191	0.268849
-0.675277	0.724418	0.138638
0.251252	0.92712	-0.278066
-0.668974	0.741384	0.0531367
-0.433875	0.896512	0.0895482
0.167751	0.776485	0.607397
-0.0240936	0.957423	-0.28768
0.0445337	0.964339	-0.260898
-0.278307	0.959878	0.0343427
-0.460571	0.881047	0.107848
-0.298418	0.94943	0.0976132
-0.201881	0.970003	0.135416
0.516242	0.798452	0.309788
-0.158883	0.970118	0.183379
0.074991	0.879188	0.470536
-0.507925	0.860606	-0.0370081
-0.423613	0.899517	0.106871
-0.237943	0.786154	0.57039
0.195216	0.960228	0.19963
0.0788128	0.968065	-0.237989
-0.32842	0.905784	-0.26776
-0.0347602	0.274729	0.960893
-0.959048	0.274561	0.0696001
-0.395574	0.815892	0.421712
0.0949927	0.849387	-0.519152
-0.012475	0.989495	-0.144027
0.269643	0.895565	-0.353914
0.5403	0.831453	0.129467
0.0941494	0.91828	-0.384575
0.14953	0.98841	-0.0262073
-0.0199974	0.936201	-0.350894
-0.00801126	0.823186	-0.567715
0.350351	0.872851	0.339685
-0.42509	0.905036	-0.0144697
-0.174174	0.642297	-0.746403
0.0539747	0.998294	-0.0222612
0.0143853	0.980042	0.198269
0.897236	0.432989	0.0865378
-0.326355	0.791031	-0.517458
-0.0172232	0.985315	-0.169875
-0.155594	0.873061	0.46212
0.109365	0.936241	-0.333903
0.342932	0.853994	0.391269
-0.334315	0.821452	-0.462006
0.153554	0.987203	-0.0430236
-0.34586	0.909366	-0.231158
-0.10052	0.740807	-0.664155
-0.615424	0.599896	-0.511252
-0.225504	0.888713	0.39917
0.289381	0.951618	0.10335
-0.0966212	0.937179	0.335201
-0.201524	0.806739	0.555482
-0.186624	0.886007	0.424455
0.0898991	0.92986	0.35676
0.14805	0.985626	-0.0813816
0.175566	0.984036	-0.0291607
-0.438223	0.725452	-0.530735
-0.101824	0.868415	0.485271
-0.2916	0.859783	0.419216
-0.143981	0.837277	-0.527481
0.4468	0.460331	0.767115
-0.455358	0.680605	-0.573956
-0.502757	0.8195	-0.275056
-0.689508	0.699357	0.188356
-0.123206	0.992029	-0.0264233
0.97892	0.194609	0.0619898
0.390407	0.838743	0.379595
0.60357	0.683327	-0.410814
-0.308257	0.82026	0.481821
0.136935	0.984247	0.111829
-0.078237	0.93224	-0.353282
-0.125101	0.909521	-0.396386
0.0468281	0.998677	-0.0212434
0.506255	0.862312	-0.0111355
0.48136	0.859802	-0.170392
-0.254229	0.962061	0.0990312
-0.457975	0.784524	0.418068
0.0589614	0.983439	0.171378
-0.617658	0.722421	-0.310817
-0.121478	0.784239	0.60845
0.277438	0.959458	0.049687
-0.416152	0.90892	0.0261156
-0.191805	0.879052	-0.436438
0.402615	0.782011	0.475773
0.664448	0.650517	0.367882
0.417272	0.432204	-0.799427
-0.322027	0.728267	-0.604919
0.388839	0.918685	0.0694394
-0.297336	0.861253	-0.412109
0.466149	0.849799	0.246061
0.133092	0.937068	0.322784
0.462699	0.885867	-0.0339006
-0.856532	0.436016	0.276122
-0.406485	0.735869	-0.541541
0.319637	0.888725	0.328633
-0.535416	0.843018	-0.0514851
-0.25681	0.966437	-0.00697246
-0.486363	0.722549	0.491299
-0.24369	0.957947	0.1515
0.393762	0.906616	-0.151654
0.0541004	0.996476	-0.0640916
0.385009	0.915158	0.119387
0.440018	0.897929	-0.0103819
0.187399	0.921144	0.341138
-0.000928145	0.983637	0.180159
0.225381	0.850488	-0.475262
0.60488	0.647301	0.463812
-0.0909874	0.991549	-0.0924739
0.322678	0.933343	0.157321
0.237091	0.84356	-0.481866
-0.289403	0.95663	0.0332346
-0.874443	0.280675	0.395692
0.0727739	0.991275	-0.109895
0.0649343	0.997828	-0.0111049
-0.657454	0.752188	0.0443563
0.794669	0.602841	0.0713093
0.00181938	0.846423	0.532507
-0.0590297	0.94664	0.316841
-0.316738	0.942905	0.102988
0.0798305	0.979069	0.187221
-0.251368	0.951347	-0.178195
0.315524	0.860405	-0.400185
0.28618	0.938459	0.193383
-0.118855	0.971227	-0.206379
-0.55639	0.830893	0.00690529
-0.599954	0.796464	0.0755057
0.128312	0.912053	-0.389481
-0.19086	0.851166	0.488967
0.0946079	0.98903	-0.113441
0.754248	0.36412	-0.546376
-0.263999	0.905313	0.332734
-0.385187	0.922425	0.0276145
0.117095	0.837982	-0.532986
0.641024	0.682158	-0.351779
-0.0484073	0.955112	-0.292263
0.00882388	0.999925	-0.00853455
0.464836	0.803176	0.372606
0.0411177	0.875668	-0.48116
-0.277255	0.942258	0.18783
-0.243037	0.943487	0.225312
-0.103905	0.941918	-0.319365
-0.20892	0.842882	-0.495885
0.383998	0.874812	-0.295382
0.230163	0.964439	0.129933
-0.567262	0.812514	-0.134292
-0.0431713	0.850746	0.523801
0.550268	0.802282	-0.231408
0.0312228	0.98626	-0.162224
-0.303289	0.811659	-0.499225
-0.186133	0.935302	0.300939
0.211187	0.976735	-0.0372661
0.333988	0.84513	0.417381
-0.661243	0.737965	-0.134777
-0.165554	0.974416	0.152008
0.065823	0.859573	0.506755
0.0346077	0.999274	-0.0159136
-0.119908	0.981374	0.150093
-0.205358	0.818385	-0.536725
0.146295	0.93054	-0.335697
-0.132474	0.965653	-0.223528
-0.605769	0.749312	-0.267537
0.0374517	0.911268	-0.410107
-0.130127	0.941667	0.31037
-0.681572	0.721311	0.123171
-0.322726	0.929006	-0.181095
-0.361874	0.577596	-0.731731
0.0300033	0.981893	0.187044
-0.0230651	0.991884	-0.125033
0.235254	0.931403	0.277748
-0.0703553	0.990638	0.116992
0.0752183	0.966992	-0.24345
0.629758	0.773641	0.0698913
0.13195	0.486635	0.863583
0.168993	0.984591	0.0449654
-0.300096	0.8849	-0.356223
0.625392	0.760442	-0.174965
0.227786	0.962016	0.150459
-0.220865	0.95134	0.214873
0.479276	0.87634	0.0481997
-0.249996	0.963015	0.100513
0.0093942	0.997625	0.0682314
0.261629	0.766746	0.586217
0.227914	0.965044	-0.129405
-0.754829	0.604863	0.253722
0.0185981	0.909859	0.414501
0.162097	0.986644	-0.0160543
-0.532067	0.744966	-0.402405
-0.371038	0.851556	0.370383
0.023207	0.962335	-0.270874
0.0815929	0.85128	0.518328
0.347709	0.925897	0.147695
-0.310603	0.86809	-0.387228
-0.251645	0.665858	0.702359
0.00503666	0.756805	-0.653621
0.27562	0.95231	0.130921
0.124486	0.939598	-0.318841
0.0577536	0.953415	-0.296081
0.0609369	0.998116	-0.00712016
-0.240285	0.942511	0.232244
-0.525697	0.737402	-0.424124
-0.219053	0.819257	-0.529938
0.426658	0.903449	-0.0417426
0.439983	0.439848	-0.78291
0.421718	0.862351	-0.280187
-0.222064	0.722246	-0.655018
-0.0358143	0.661897	-0.748739
0.644388	0.48473	0.59144
0.139087	0.976594	0.164068
0.720302	0.692137	-0.0459436
0.624115	0.754262	-0.203885
-0.557548	0.783422	0.274573
-0.636408	0.700718	0.322457
0.234829	0.957994	0.164627
0.0237782	0.951588	-0.306456
0.173577	0.978975	-0.107141
-0.15265	0.958931	0.23906
-0.391319	0.917709	0.0684096
0.400706	0.878014	-0.261773
-0.460614	0.871714	0.167184
0.210633	0.960396	0.18241
0.201541	0.964338	-0.171561
0.478397	0.857167	-0.190792
-0.272257	0.961774	-0.0294444
0.102485	0.772417	-0.626792
0.332784	0.915322	0.226806
0.0216565	0.985494	-0.168325
0.301832	0.915413	-0.2663
0.345888	0.938118	-0.0172193
0.212857	0.871447	-0.441896
-0.112071	0.952437	-0.283378
0.25353	0.961293	-0.107877
0.644289	0.723182	-0.248796
-0.236755	0.907216	-0.347716
0.0835881	0.950443	0.299452
0.0223811	0.997578	0.0658608
0.281435	0.388055	-0.877615
-0.768186	0.621789	-0.152538
0.226473	0.931775	0.283735
0.54939	0.682139	0.482553
-0.606852	0.703644	-0.369615
-0.257793	0.840917	0.475817
0.0903699	0.964988	0.246233
-0.083068	0.995782	-0.038954
-0.311795	0.948298	0.059284
0.197057	0.640315	0.742405
-0.2604	0.836637	0.481903
-0.258624	0.925198	0.277711
-0.330395	0.940164	0.0832498
0.0203015	0.992313	0.122078
-0.427292	0.743196	0.51486
-0.35337	0.718906	-0.598585
0.218402	0.951195	-0.218009
0.438664	0.811415	-0.386237
-0.510791	0.847425	0.144788
-0.293883	0.74397	0.600119
-0.260177	0.957525	0.12431
-0.567708	0.685087	-0.456469
0.419183	0.907378	-0.0308329
-0.367267	0.929741	0.0263848
0.190336	0.850663	0.490045
0.0939822	0.599914	0.794526
-0.948655	0.17852	-0.261121
-0.296159	0.952558	0.0701633
-0.141596	0.88223	-0.449022
-0.21035	0.882486	-0.420681
-0.188307	0.895856	-0.402471
0.200744	0.853241	-0.481333
-0.202978	0.705417	0.679108
0.00795288	0.738622	0.674073
0.438731	0.898519	-0.0133636
-0.451503	0.760098	-0.467328
0.466941	0.75055	-0.46759
0.457245	0.889309	-0.00749612
-0.179419	0.983726	0.0095952
-0.0275918	0.910932	0.411632
-0.262934	0.922098	0.283903
0.407342	0.891947	0.19622
-0.149987	0.974435	-0.167272
0.173894	0.868111	-0.464913
-0.0574562	0.954831	-0.291542
-0.40667	0.908602	0.0951926
0.551352	0.738254	0.388576
0.142346	0.922776	0.358082
0.798643	0.443277	0.407032
-0.31748	0.93996	0.125224
0.264612	0.945369	0.190417
-0.415107	0.770125	0.484349
-0.349226	0.668845	0.656268
-0.131454	0.948362	0.288669
-0.537678	0.842629	-0.0296468
-0.459491	0.854532	-0.242164
0.0952141	0.983219	-0.155608
0.425349	0.887452	-0.177504
0.374855	0.837631	-0.397313
-0.358409	0.866979	0.346252
0.542432	0.814536	0.205667
0.559694	0.693193	-0.454122
-0.32758	0.50259	0.800059
0.429633	0.894244	-0.125472
0.0310976	0.89903	-0.436782
0.66284	0.683558	0.305601
-0.801316	0.591841	-0.0872753
-0.00527996	0.976978	0.213276
0.0248742	0.966908	0.253908
-0.350247	0.765567	0.539661
0.838018	0.478045	-0.263056
-0.699463	0.712795	-0.0517126
-0.379032	0.88844	0.25886
-0.306133	0.824021	0.47673
-0.308681	0.918767	0.246137
0.670419	0.656215	0.346296
-0.339322	0.761042	-0.552879
-0.280895	0.919184	0.276041
0.936885	0.332246	0.108899
-0.0773811	0.945035	0.317682
-0.46737	0.834527	0.291772
-0.72743	0.585458	-0.357889
0.596154	0.802444	0.0261379
-0.314459	0.949234	-0.00834658
0.466433	0.805087	-0.366437
0.482622	0.800678	0.354952
-0.184048	0.97302	-0.139133
0.0121325	0.996682	0.0804864
-0.639542	0.709801	-0.295244
-0.11525	0.888966	-0.443235
0.166281	0.862165	-0.478563
0.334631	0.671911	-0.660725
-0.751421	0.659696	-0.0129438
0.0675191	0.997652	-0.0114446
-0.281538	0.946173	0.159664
-0.329369	0.804718	0.493908
0.39862	0.70913	-0.581581
0.168628	0.945504	0.278544
-0.0028966	0.945478	-0.325672
-0.303965	0.931776	-0.198491
-0.0612278	0.870663	0.488054
-0.496985	0.442926	-0.746205
-0.644348	0.691463	-0.326641
-0.353974	0.85742	0.373541
-0.124825	0.929023	0.348331
0.0473301	0.923812	-0.37991
-0.209753	0.940255	-0.268185
0.181041	0.158683	0.970589
0.30855	0.950649	0.032619
-0.240934	0.958324	0.153511
0.135384	0.953399	-0.269633
-0.449538	0.744011	0.494331
-0.360835	0.930905	-0.0566944
0.236445	0.849513	0.471616
0.380412	0.842957	0.380408
0.267751	0.921323	0.281911
-0.69233	0.710033	0.12858
-0.641708	0.74038	0.200122
-0.0878545	0.990459	0.106171
0.226266	0.949675	0.216613
-0.0252231	0.977229	0.210681
0.0741733	0.963798	0.256107
-0.0956285	0.995326	0.0134619
0.818657	0.573367	0.0324232
-0.57252	0.797251	0.191339
-0.000303071	0.998779	0.0494091
0.409087	0.834883	-0.368263
-0.21279	0.722686	0.657605
0.650381	0.729	0.213456
-0.24786	0.960727	-0.124777
-0.311137	0.940452	-0.136911
-0.495948	0.868134	-0.0194615
0.11294	0.779996	0.615508
-0.874863	0.437076	-0.208757
-0.141172	0.978139	0.152692
-0.644686	0.482077	0.593281
-0.219544	0.962878	0.157059
0.386385	0.908395	0.159766
0.0597334	0.92086	0.385292
-0.230157	0.964576	-0.128922
-0.292704	0.835617	0.464833
0.549587	0.805428	-0.221898
-0.479995	0.833783	0.272785
-0.0958761	0.959692	-0.264196
0.204249	0.849516	0.486421
-0.265884	0.945084	0.190058
0.120233	0.959216	0.255828
0.459803	0.704746	0.540291
0.0443712	0.990779	0.128014
-0.409308	0.897202	-0.165817
-0.118067	0.926535	0.357201
-0.179621	0.983441	0.0240659
0.22379	0.888079	0.40154
0.209218	0.678352	-0.70432
-0.181429	0.975397	-0.125234
-0.758444	0.487376	-0.432697
0.441682	0.83325	-0.332583
0.476631	0.834914	-0.275212
-0.334263	0.739839	0.583872
0.458494	0.556136	0.693179
-0.160159	0.904741	-0.394706
0.0954993	0.855135	0.509533
-0.173896	0.763984	-0.62136
-0.281159	0.95347	0.108829
0.301035	0.916087	0.264881
-0.577185	0.75339	0.315059
-0.297808	0.954142	-0.0303981
-0.197114	0.922839	0.330929
0.284933	0.951065	-0.119537
-0.173452	0.691121	-0.701617
0.121321	0.983281	0.135796
-0.249891	0.564452	-0.786733
-0.427453	0.689291	0.584945
0.489274	0.867229	0.092327
-0.354638	0.58404	0.730157
0.399848	0.391964	0.828544
0.44396	0.895959	0.0125328
0.383417	0.736011	0.557924
-0.26705	0.894626	-0.35823
0.0514357	0.981327	0.185339
-0.595263	0.274209	0.755295
-0.174708	0.759465	0.626649
0.500987	0.854078	0.139868
-0.0989003	0.636373	0.765016
0.306536	0.944321	0.119556
-0.395514	0.915314	-0.0759536
0.140862	0.789161	0.597815
-0.649125	0.759826	0.0360731
-0.413648	0.896709	0.157506
-0.486507	0.853724	0.185653
0.330298	0.909162	-0.25363
-0.0254379	0.979042	-0.202064
-0.111387	0.981888	-0.153261
0.895705	0.394275	-0.205573
0.691114	0.412139	0.593719
-0.131931	0.767148	0.627757
-0.122745	0.795787	0.593007
0.170013	0.942692	0.287103
-0.723151	0.684951	0.0888514
-0.0596289	0.857462	-0.51108
0.0583393	0.570025	-0.819554
-0.140883	0.982793	0.119459
0.405645	0.769756	0.492878
0.406311	0.870928	0.276398
-0.0831195	0.909806	0.406624
0.465304	0.800705	0.377311
-0.376732	0.914023	-0.150448
-0.430657	0.73962	-0.5172
0.145463	0.988221	-0.0475299
-0.129348	0.916073	-0.379578
-0.296346	0.948482	0.112078
-0.286719	0.944369	0.16112
0.00981422	0.998148	0.0600335
-0.654793	0.728907	0.19985
-0.041614	0.990282	0.132703
0.145863	0.914217	0.378063
0.0903204	0.988438	-0.121787
0.81154	0.511703	0.282069
-0.229254	0.952994	0.198103
0.153179	0.903208	0.400939
-0.0359152	0.995353	-0.0893443
-0.391846	0.895181	-0.212385
0.346716	0.848022	-0.400808
0.649413	0.596614	0.471502
0.356592	0.835267	-0.418535
0.713212	0.667535	0.213835
-0.0562932	0.895967	-0.440538
0.13826	0.912975	0.383876
-0.141003	0.87698	0.459374
0.487469	0.840593	0.23617
-0.2746	0.782401	0.558967
0.303683	0.677356	0.670049
0.219902	0.641617	0.734827
-0.616353	0.787328	0.0149206
0.250539	0.877106	0.409774
-0.337789	0.60785	-0.718622
-0.392311	-0.213968	0.894601
0.700653	0.71006	0.070003
0.0439354	0.968936	0.24338
-0.41805	0.811181	-0.408924
0.107486	0.993802	0.0283627
0.112805	0.993448	-0.0183516
0.0337655	0.915625	0.400614
-0.713571	0.334097	-0.615789
0.046902	0.945183	0.323154
-0.185447	0.72017	0.668554
-0.180566	0.928991	0.323065
0.57271	0.640636	0.511457
0.0330859	0.761716	0.647066
0.00488803	0.999986	-0.00197444
0.330863	0.94249	-0.0473505
-0.119562	0.953273	0.277446
0.400913	0.916116	-0.00079076
0.110835	0.993675	-0.0180464
-0.430513	0.864199	0.260418
0.141104	0.762421	0.63151
0.65179	0.737751	-0.175762
0.041554	0.854202	0.518277
-0.140402	0.668234	0.730582
0.323761	0.729356	0.602676
0.364356	0.543806	-0.755989
0.846656	0.518686	0.118909
-0.591233	0.805675	0.0364871
0.154747	0.985511	0.0694309
0.0819587	0.995911	-0.0379926
0.135489	0.829977	-0.541092
0.452765	0.852194	-0.26224
0.288623	0.886593	0.361454
0.385884	0.917144	0.0997037
0.0200363	0.948029	-0.317553
0.0396225	0.99637	0.0753492
0.390822	0.9086	-0.147326
-0.219097	0.969934	0.105943
0.0831098	0.974877	-0.206656
0.542992	0.745253	-0.386984
-0.424305	0.46424	-0.777462
0.551125	0.0355157	-0.833666
0.234692	0.919206	0.316196
-0.0458636	0.975977	-0.21299
0.58395	0.790414	-0.185061
0.125988	0.783157	-0.608928
0.334616	0.919835	-0.204783
0.175508	0.964544	0.19711
0.479325	0.778095	0.405975
-0.0230909	0.997807	0.0620355
0.163597	0.857391	-0.487972
0.0765819	0.955827	-0.283779
0.517906	0.59591	-0.61373
-0.0463504	0.973093	-0.225701
0.535184	0.766082	0.355944
0.355588	0.934261	-0.0267308
0.326951	0.706355	-0.627827
0.385304	0.920691	-0.0622052
0.369802	0.855855	-0.361605
-0.141054	0.970851	0.193784
-0.0395591	0.772166	0.634188
-0.372768	0.784891	-0.494965
0.179756	0.738156	-0.650241
0.1469	0.973589	0.174769
0.0373443	0.984487	0.171438
0.175796	0.971997	-0.155938
0.423213	0.850298	0.312864
0.196398	0.963306	0.182946
0.208646	0.97548	-0.0700353
-0.175924	0.960897	-0.213839
-0.0221884	0.86817	0.495771
-0.350454	0.667256	0.65723
0.0723336	0.951981	0.29749
0.0470502	0.938216	0.342837
-0.0212718	0.709528	0.704356
-0.119861	0.902727	-0.413178
0.49512	0.837191	-0.23231
-0.141082	0.979447	0.144153
-0.466577	0.803543	0.369628
-0.484869	0.840982	0.240106
-0.281239	0.785901	-0.550695
0.0306488	0.957202	0.287792
0.112945	0.967532	-0.226108
-0.503388	0.673129	0.541755
0.116976	0.673666	0.72972
-0.0197489	0.996886	0.0763421
-0.376623	0.925174	0.0469986
0.0619584	0.954897	-0.290402
0.195539	0.978452	-0.0663005
0.0775606	0.991963	-0.0999706
-0.298613	0.933918	-0.196538
0.0381846	0.983363	0.177595
-0.231175	0.968924	0.088003
-0.498686	0.831693	-0.244128
-0.648603	0.720201	0.246219
-0.418672	0.90675	0.0501747
0.290641	0.952052	0.0955251
0.272844	0.808178	0.521924
0.111724	0.895035	0.431776
-0.220323	0.651624	-0.72584
0.229798	0.964022	-0.133621
0.265353	0.782795	0.562868
0.551906	0.782687	0.287749
0.174221	0.867052	-0.466763
0.109169	0.922383	0.370529
-0.00803787	0.994496	0.104461
-0.220831	0.867605	0.445528
0.66322	0.44188	-0.604054
-0.00669616	0.995345	0.0961435
-0.304967	0.890758	0.336964
0.064345	0.984728	0.161772
0.0351047	0.891251	0.452149
-0.160988	0.94573	-0.282272
0.399338	0.906629	0.136208
0.303472	0.868025	0.392986
0.546931	0.807238	-0.221886
0.207064	0.977555	-0.0388801
-0.216092	0.920125	0.32661
0.0544733	0.985819	0.158727
0.0502975	0.906862	-0.418415
0.051114	0.834733	-0.548277
-0.324984	0.793692	0.514236
0.770121	0.637869	-0.00601229
0.11422	0.84645	-0.520073
-0.666794	0.741001	-0.0793968
0.0942095	0.680059	0.727079
-0.539874	0.824067	0.171607
-0.488338	0.843806	0.222523
-0.0274556	0.984313	-0.174283
0.0266796	0.987328	0.156435
0.623408	0.601884	0.499097
-0.173197	0.872321	-0.45723
-0.146577	0.888125	-0.435602
-0.0258124	0.849884	-0.526337
0.00247745	0.98349	-0.180945
-0.110692	0.869425	-0.481505
-0.714414	0.278134	0.64207
-0.209167	0.914776	-0.345592
0.694881	0.662769	0.279067
-0.37088	0.852224	0.369002
-0.31987	0.947111	0.0257599
-0.195626	0.930748	-0.30893
-0.0047853	0.87347	0.486854
0.260246	0.799735	0.541014
-0.415618	0.663756	-0.621843
0.0860174	0.964757	-0.248687
-0.0142719	0.983609	0.179747
0.341208	0.938689	0.0494052
0.012904	0.984452	-0.175178
0.570882	0.798061	0.192855
-0.0932496	0.693306	-0.714585
-0.1774	0.615508	-0.767906
0.0508112	0.923451	0.380337
-0.798219	0.602269	-0.0109018
-0.0108431	0.46212	0.886751
-0.134454	0.841897	-0.522619
0.194424	0.980662	-0.0223888
0.457731	0.636182	-0.621092
-0.202095	0.978452	-0.0422952
0.355248	0.779995	-0.515176
0.086414	0.977033	0.194782
-0.151334	0.988043	0.0294907
0.0880566	0.829694	-0.551229
0.27479	0.878159	-0.391571
-0.279462	0.957184	0.0754995
-0.128359	0.99157	0.0176695
0.431827	0.749306	-0.502061
0.631755	0.774863	0.0217438
-0.936155	0.351563	-0.00427398
0.373169	0.724053	-0.58008
-0.434506	0.854434	0.284864
-0.237791	0.962482	-0.130705
0.649532	0.748511	0.133566
-0.00430473	0.999583	0.0285566
0.619156	0.769295	-0.157582
0.250219	0.967678	0.0314525
0.749501	0.644865	-0.14966
-0.417461	0.899894	0.126166
0.48313	0.874614	-0.0404457
0.142601	0.850411	0.506426
0.259525	0.896872	-0.358144
0.230094	0.920621	-0.315459
-0.0544849	0.706909	0.705203
0.290486	0.931259	0.219941
-0.074536	0.947985	-0.309464
-0.00834334	0.953089	0.302574
-0.406733	0.727133	-0.553033
0.186064	0.843551	-0.503787
0.183821	0.791167	-0.583322
-0.00661512	0.998646	-0.051592
0.740156	0.574248	0.349869
-0.665716	0.744247	0.0540172
-0.146681	0.94841	0.281075
-0.840246	0.444053	-0.311132
0.319966	0.947417	-0.00474704
0.153001	0.959612	0.236085
0.190297	0.94727	0.257812
0.0712861	0.996111	-0.0517792
-0.236004	0.602877	0.76213
0.798014	0.30187	0.521583
0.530071	0.78383	0.323473
-0.265981	0.631809	-0.72806
-0.0960472	0.961882	-0.256043
-0.122416	0.989763	0.073375
-0.51909	0.839668	0.159694
-0.673657	0.716895	-0.179576
-0.409116	0.91229	0.0187343
0.184982	0.981785	-0.0433533
0.19464	0.949201	-0.247251
0.203334	0.88848	-0.41141
-0.367257	0.823838	-0.431756
0.213148	0.678641	0.702861
-0.305093	0.937858	0.16535
0.0420369	0.864067	-0.501618
0.258156	0.916255	0.30632
-0.232299	0.917973	0.3215
-0.324758	0.883929	0.336456
0.063552	0.929415	-0.363523
0.378038	0.6883	-0.619137
0.119754	0.620803	-0.774766
0.280294	0.941052	0.189357
-0.400751	0.900751	0.167469
0.290327	0.932549	-0.214623
-0.132601	0.988199	-0.0766822
0.107065	0.945358	0.307954
-0.247746	0.950674	-0.186657
-0.0803816	0.979876	-0.182708
0.208101	0.978022	0.0129223
-0.108323	0.884793	0.453219
0.44106	0.895554	0.0587329
0.349745	0.93094	0.105019
-0.0561768	0.961134	0.270307
-0.558081	0.639462	-0.528804
0.175548	0.842987	0.508484
0.640911	0.750531	-0.161048
-0.0608281	0.904412	-0.422301
0.129286	0.871978	-0.472165
-0.0833466	0.880334	0.466974
0.510367	0.813271	0.279492
-0.187883	0.982109	0.0127193
0.588403	0.792597	-0.159916
0.224262	0.887392	0.402794
-0.113309	0.992828	0.038122
-0.0682977	0.795326	-0.602322
0.255061	0.486942	0.835363
0.201061	0.964532	0.171034
0.603136	0.719718	-0.343849
-0.307711	0.886722	0.34502
-0.197145	0.738243	0.645082
0.33259	0.531426	0.779083
0.0124935	0.894372	0.447149
-0.2343	0.439053	0.867373
-0.107982	0.992189	0.0624617
-0.193657	0.951546	-0.238865
-0.361317	0.883188	0.299046
-0.110167	0.848631	0.517386
-0.168864	0.984699	0.0430373
-0.120092	0.965992	-0.228992
0.5548	0.831623	-0.0245011
0.113779	0.813207	0.570744
0.425056	0.890427	0.162689
0.423965	0.87387	0.237918
0.173171	0.800003	0.574462
0.251259	0.945478	-0.20722
0.510158	0.326629	-0.795646
-0.273188	0.890341	0.364227
-0.707072	0.692432	0.143478
0.162334	0.167985	0.972332
-0.319695	0.859185	-0.399496
0.164806	0.628895	0.759822
-0.532739	0.838081	0.117512
0.191847	0.829118	-0.525128
-0.150737	0.980539	0.125784
0.337201	0.921087	0.194663
0.0721419	0.903875	-0.421669
-0.157976	0.987418	0.00707887
0.45376	0.891106	-0.00559499
0.624728	0.757081	0.191163
0.709393	0.409359	0.573747
-0.141922	0.853632	-0.501169
0.320802	0.947028	-0.0149664
-0.287718	0.942935	-0.167607
0.321401	0.889808	-0.323948
0.55651	0.829392	0.049037
0.555225	0.824501	0.109194
0.396948	0.777481	-0.487807
-0.00984779	0.893863	0.448233
0.0428206	0.556066	0.830034
0.107422	0.925271	-0.363778
0.226276	0.973869	-0.0194397
-0.450494	0.888157	0.0907343
0.0497107	0.848192	0.527351
-0.229735	0.960066	0.15967
-0.815946	0.51412	-0.26441
0.118923	0.992034	0.0415449
0.114911	0.978667	-0.17031
0.143476	0.968065	-0.205585
-0.454673	0.753981	0.474114
0.0167073	0.998465	-0.0527975
0.244931	0.78012	0.575693
-0.429214	0.888592	0.161799
-0.481143	0.844495	0.235224
0.136392	0.871783	0.470522
-0.44649	0.889299	-0.0989592
0.0491842	0.919301	-0.390469
0.567493	0.811577	0.138902
-0.401905	0.900251	0.167396
0.0680108	0.976983	0.202187
-0.451372	0.889244	0.0742163
-0.0597032	0.955373	0.289307
-0.0800228	0.957465	0.27723
0.502183	0.503077	0.703368
-0.227339	0.883921	0.408657
-0.506578	0.82302	0.256938
-0.233059	0.969396	0.0771641
0.222696	0.952091	0.209594
-0.776338	0.599408	0.19496
-0.148398	0.911373	0.383897
0.708458	0.24229	0.66286
-0.226633	0.691295	0.686112
0.0302446	0.606646	0.794396
0.455671	0.84411	-0.282564
0.583897	0.766338	0.267939
-0.596137	0.663125	0.452643
-0.254154	0.75387	-0.605876
-0.255725	0.90479	0.340528
-0.797902	0.600895	-0.0477262
-0.328603	0.86259	-0.384654
0.234481	0.741031	-0.629199
-0.0546007	0.97847	-0.199036
-0.342929	0.654711	-0.673612
-0.221765	0.779944	-0.585242
0.0341441	0.958754	0.28218
-0.147363	0.976676	0.156166
-0.21629	0.804138	0.553697
0.312516	0.86286	0.397248
0.411854	0.897247	-0.159135
0.100803	0.831863	-0.54575
-0.193731	0.963054	-0.187068
0.0217013	0.838023	0.545203
-0.0773508	0.995473	0.0552238
0.939972	0.330964	0.0831562
-0.163266	0.953504	-0.253328
0.498384	0.837215	-0.225133
0.297498	0.837515	-0.458327
-0.434322	0.670923	0.601021
0.0906337	0.645118	0.758688
0.14268	0.884147	0.44489
0.416496	0.903922	-0.0972435
-0.181683	0.859434	-0.477875
-0.346334	0.93102	0.115131
-0.532536	0.844666	0.0542618
-0.853648	0.466879	-0.230888
-0.342957	0.925148	0.162732
0.18938	0.881887	-0.431752
-0.449968	0.892146	0.0400577
0.0178273	0.564383	0.825321
0.611471	0.782331	-0.118579
0.0266035	0.998978	0.0365304
-0.7321	0.630507	0.257859
-0.190943	0.89793	0.396564
-0.109216	0.834686	0.539788
-0.265123	0.934286	0.238367
0.0396287	0.92322	0.382224
0.352455	0.928426	-0.117478
0.526323	0.814974	-0.24249
0.440074	0.897949	-0.00469007
0.456586	0.586402	0.669076
-0.0503416	0.998477	-0.0225763
0.172871	0.949153	0.263105
-0.270604	0.897106	0.349249
0.712633	0.691987	-0.115362
-0.136522	0.904688	0.403611
0.207488	0.809757	-0.548856
-0.0826974	0.99571	-0.0415072
0.567069	0.799988	-0.196092
-0.29897	0.841924	0.4492
0.765645	0.641756	-0.0440225
-0.515806	0.563397	0.64539
-0.252254	0.961948	-0.104993
-0.465319	0.844991	-0.26357
0.126024	0.93837	-0.321837
-0.485701	0.807447	0.334849
0.109468	0.967293	0.228826
0.587432	0.748802	0.306952
-0.462344	0.838907	0.287181
0.381746	0.769725	0.511658
-0.0147013	0.990453	-0.137063
0.504487	0.713774	-0.485818
-0.0341436	0.866083	-0.498733
-0.0140935	0.963	-0.269131
0.684718	0.668704	0.289819
-0.236039	0.845693	0.478633
0.398152	0.762771	0.509564
-0.60414	0.756268	-0.251145
-0.194909	0.978153	0.0722976
0.233654	0.791864	-0.564231
0.170212	0.758361	0.629219
-0.0522176	0.939269	-0.339185
0.366438	0.919661	-0.141234
0.706041	0.699143	0.112719
0.1119	0.768631	-0.629829
-0.51867	0.831092	0.200667
0.416909	0.804757	-0.422556
-0.0787707	0.996812	0.0127163
-0.129075	0.884685	0.447965
0.196537	0.72891	0.655792
-0.184383	0.982843	-0.00478581
-0.151763	0.963247	0.221637
-0.521897	0.846025	-0.108927
-0.0170357	0.79264	-0.609452
-0.113527	0.901903	0.416753
-0.301252	0.952805	-0.037537
-0.268113	0.798778	0.53858
0.303929	0.756419	0.579186
-0.253571	0.959623	0.121765
-0.399667	0.637624	0.658561
-0.369891	0.91356	0.169084
0.00724216	0.993589	0.112822
-0.118441	0.378993	-0.917789
-0.0684914	0.989997	-0.123347
0.288346	0.909925	-0.298149
-0.126355	0.982816	-0.134564
-0.728946	0.601977	0.325979
-0.732712	0.658237	-0.17279
-0.031998	0.905497	0.423144
0.00490976	0.747953	0.663733
0.174765	0.97827	0.111558
0.171459	0.965191	-0.197504
0.131267	0.986783	0.0950194
0.00271026	0.998843	0.0480139
-0.394246	0.914697	0.0888801
0.493255	0.850032	-0.184782
0.804485	0.579902	-0.128523
-0.497048	0.855656	0.144206
0.579214	0.76533	-0.28068
-0.660819	0.698594	-0.27438
-0.750826	0.658833	0.046895
0.150878	0.645921	0.748346
-0.464372	0.68007	-0.56733
-0.256399	0.92345	0.285482
-0.192861	0.979197	0.0630676
-0.546095	0.835269	-0.0640709
0.188776	0.97206	0.139506
-0.0443893	0.984554	-0.169362
-0.976075	0.107201	-0.189171
-0.181497	0.764094	0.619047
0.438389	0.861259	-0.256997
0.262403	0.646118	-0.716712
0.400227	0.78462	-0.473487
0.612069	0.786098	0.0861493
-0.384578	0.802478	0.456211
0.0371167	0.756889	-0.652489
0.51806	0.418018	0.746241
0.00116007	0.978834	-0.204654
-0.268088	0.798174	-0.539487
-0.00445408	0.999902	-0.0132585
0.0841425	0.73956	0.667811
0.740571	0.640032	0.204728
-0.368344	0.926405	-0.0780787
-0.0150363	0.979861	0.199115
-0.327762	0.90571	0.268816
-0.30551	0.8568	0.4154
-0.777178	0.602099	-0.182952
-0.646435	0.697487	0.309248
-0.724599	0.580391	0.371621
-0.238564	0.949524	-0.203695
-0.173197	0.496206	-0.850754
-0.493087	0.867405	-0.0668806
-0.46703	0.824992	-0.318231
-0.107771	0.954237	-0.278957
-0.267994	0.961465	0.0613493
0.271696	0.872378	-0.406372
-0.156869	0.800052	0.579059
-0.237178	0.971341	-0.0155756
-0.307451	0.950081	-0.0531018
0.226459	0.947768	0.224615
-0.220661	0.873299	-0.434346
-0.227288	0.507717	0.831002
0.346081	0.937819	0.0269117
-0.537726	0.525732	0.659133
0.316164	0.929684	0.189017
0.0645927	0.986563	0.150072
0.306849	0.929442	0.204894
-0.481988	0.820325	-0.307824
0.0143945	0.885692	0.464049
-0.460289	0.848617	0.260734
-0.578007	0.803218	0.144043
0.696217	0.705363	0.133209
-0.43509	0.899467	0.0407007
0.0426903	0.959508	0.278428
0.256444	0.951332	-0.17089
0.428358	0.834062	0.347635
-0.872156	0.377687	0.310959
-0.110834	0.966102	-0.233158
-0.355264	0.775682	0.521637
0.491413	0.853164	0.174999
0.12311	0.99197	-0.0289589
-0.248497	0.937309	0.244336
0.484694	0.838078	0.250392
-0.773951	0.632796	0.0238329
0.364357	0.926525	-0.0937877
-0.131862	0.990596	0.0364992
0.113913	0.960014	0.25573
0.150029	0.988169	0.0318256
0.380039	0.869363	0.315877
0.727685	0.685336	-0.028102
-0.592595	0.804868	-0.0319296
0.445821	0.889341	0.10157
0.137272	0.987897	-0.0722263
-0.208572	0.941415	-0.265018
-0.0754615	0.906852	0.414638
-0.329476	0.731676	-0.596738
0.075509	0.769533	0.634127
0.0978497	0.965504	-0.241302
-0.11429	0.988161	-0.102349
0.445501	0.848839	-0.284606
0.110364	0.855377	-0.506113
0.369192	0.52093	-0.76963
-0.0426269	0.896734	0.440512
0.100961	0.710534	0.696382
0.189193	0.811705	-0.552577
0.607318	0.567636	-0.555836
0.773	0.633613	-0.031698
-0.111663	0.980488	-0.161787
-0.300262	0.840897	-0.45026
-0.253639	0.962762	0.0935777
0.0265044	0.971408	0.235931
0.188232	0.979877	0.0664101
0.448414	0.893776	0.00946742
-0.0745528	0.883931	-0.461636
-0.439842	0.897781	0.0229722
0.415886	0.850879	0.321004
-0.202465	0.97225	-0.117207
-0.682828	0.719892	0.124506
-0.114625	0.854569	0.506531
0.540493	0.839612	0.0540219
-0.33733	0.817703	-0.466444
-0.153821	0.987984	0.0150482
-0.187342	0.926698	-0.325782
0.23373	0.80852	-0.540061
-0.0608268	0.987882	-0.142788
-0.29824	0.498428	0.814016
0.241721	0.966622	-0.0849226
-0.0784814	0.924793	-0.372288
0.254663	0.961401	0.104183
0.235605	0.971763	-0.0129106
0.589938	0.77083	-0.240403
0.0115302	0.594847	0.803756
-0.299721	0.953592	-0.0288128
0.0874909	0.991783	0.0933389
-0.0639192	0.700949	0.710341
0.663034	0.532073	0.526578
0.163508	0.793794	0.585796
0.508245	0.861068	-0.0157994
0.0165984	0.99945	0.0286935
-0.462657	0.822464	0.330911
-0.431219	0.819218	0.378064
-0.032007	0.999432	-0.0105496
0.370669	0.910985	0.18086
0.0220701	0.96636	-0.256245
0.78754	0.58867	-0.18234
0.118445	0.812074	0.571408
0.745186	0.452649	0.4897
-0.0656494	0.878831	0.472595
-0.0856645	0.880981	-0.465333
0.217042	0.823079	-0.524817
-0.174008	0.93601	-0.305952
-0.0901193	0.993462	0.0700873
0.358806	0.894188	0.267742
-0.517712	0.559569	0.647192
-0.195822	0.923205	0.330675
-0.489602	0.87167	-0.021939
0.0230733	0.673544	0.738787
-0.211029	0.976448	0.0449066
-0.00657454	0.48617	-0.873839
-0.215206	0.959948	-0.179406
0.356581	0.926914	0.116966
0.533645	0.845535	-0.0171395
-0.315488	0.946213	-0.0717557
0.339415	0.910326	0.236863
-0.43557	0.841043	0.320819
-0.520654	0.852447	0.0474681
0.199611	0.877209	-0.436646
0.504979	0.857188	-0.101121
-0.0896555	0.990476	0.104492
0.808284	0.29204	-0.511263
-0.0042367	0.799056	-0.601242
-0.425236	0.886241	-0.183716
0.258994	0.92767	-0.26898
0.277085	0.618006	0.735726
0.372956	0.92084	0.113829
-0.0866762	0.979644	-0.181066
-0.138667	0.968783	0.205499
0.207969	0.845745	0.49139
-0.315139	0.945061	-0.0868802
-0.680831	0.696426	-0.226847
-0.0507472	0.794688	0.604893
0.121505	0.957072	0.263155
0.155445	0.87989	0.449032
0.106206	0.908335	-0.404534
-0.0212098	0.995586	-0.0914222
-0.0926199	0.98427	-0.15045
-0.772443	0.609268	-0.179234
-0.787754	0.585945	0.190029
-0.369084	0.910537	0.18628
-0.289051	0.783314	-0.550335
-0.315835	0.916992	-0.243668
0.102367	0.977738	0.183164
-0.41492	0.89352	-0.171648
-0.184341	0.715647	0.673697
-0.106674	0.880642	0.461618
-0.204919	0.973277	0.103637
-0.256931	0.791617	-0.554372
0.549482	0.829738	-0.0980009
0.345058	0.672487	0.654749
0.178742	0.844064	0.505575
-0.581864	0.609282	-0.538712
-0.380638	0.557885	0.737482
-0.0884388	0.789886	0.606843
0.539193	0.625613	-0.563807
-0.457356	0.871525	-0.176834
0.263431	0.895438	-0.35888
0.293554	0.826255	0.480758
0.00366617	0.999331	0.0364004
0.212223	0.627635	0.749024
0.121358	0.916042	0.382281
-0.0613545	0.979874	0.189952
-0.512165	0.854691	0.0847928
0.245866	0.933888	0.25962
-0.0671574	0.927457	0.367849
0.138062	0.769716	-0.623278
0.0208052	0.893464	0.448653
-0.47822	0.877003	0.0466071
0.259263	0.84244	0.472311
0.0333466	0.748996	-0.661735
-0.0359966	0.975684	0.216207
-0.0276537	0.999321	0.024366
-0.257675	0.955186	-0.145684
0.119754	0.763896	-0.634131
-0.205331	0.97242	0.110624
-0.666785	0.720863	0.189089
0.609788	0.734446	-0.297905
0.260606	0.465999	0.845535
-0.190074	0.538073	0.821188
0.671641	0.725751	-0.148945
0.151094	0.860558	-0.486427
0.465287	0.885027	0.0153163
0.678176	0.733287	0.0486698
0.504889	0.837136	-0.210455
-0.797433	0.542162	0.26488
0.680556	0.692063	0.240609
0.256439	0.926402	0.275716
0.532396	0.647259	-0.545537
0.542748	0.784088	0.301049
-0.00743195	0.998041	-0.0621257
-0.011264	0.9474	0.319854
0.286896	0.949793	-0.124838
0.00491525	0.990613	-0.136604
0.269662	0.931849	0.242774
0.365204	0.93006	0.0401884
0.2149	0.976612	-0.0068525
0.599181	0.787466	0.144499
-0.359981	0.651663	0.667644
-0.779806	0.50839	-0.365297
0.190589	0.827871	-0.527547
-0.188487	0.900699	-0.391424
0.349607	0.922639	-0.162824
-0.478712	0.858362	0.184522
0.352403	0.913381	-0.203832
-0.285097	0.940269	0.186047
0.106404	0.485287	-0.867857
-0.136403	0.845433	-0.516368
-0.08609	0.79076	-0.606042
-0.493184	0.755628	-0.431041
0.232956	0.971993	0.0310021
-0.187482	0.980559	0.0579116
-0.729058	0.639314	0.244441
-0.145456	0.987744	-0.0566055
0.785107	0.52655	-0.326117
-0.417008	0.757357	0.502509
-0.470563	0.839528	0.271593
0.396037	0.917749	0.0298661
0.0534365	0.707621	0.704569
0.0705367	0.985334	0.155376
-0.159575	0.984211	0.0765782
0.367449	0.926996	0.0752276
-0.0249094	0.99957	0.0154682
-0.469455	0.707647	-0.528061
-0.230532	0.968351	-0.0956573
0.19428	0.849084	0.491235
-0.203691	0.979029	-0.00340795
0.136099	0.959197	0.247829
-0.352037	0.900133	-0.256576
0.145998	0.823664	-0.547962
0.559776	0.661491	-0.499079
0.200075	0.963172	-0.179637
0.0215218	0.995778	0.0892409
0.231464	0.971702	-0.0471084
-0.217644	0.89532	0.38863
-0.815618	0.542864	-0.200165
0.596524	0.80197	-0.0316621
-0.0833078	0.98445	-0.154655
-0.265528	0.955581	0.127904
0.325603	0.921135	-0.213293
0.8102	0.553482	0.192962
-0.262961	0.899503	-0.34892
-0.585068	0.755381	-0.295119
0.47476	0.880047	0.0109794
-0.60797	0.701592	-0.371675
-0.237465	0.934202	0.266229
-0.265574	0.961565	-0.0697336
0.206641	0.752222	-0.625669
0.180011	0.974737	0.132227
-0.0039921	0.909837	-0.414947
0.245599	0.731922	0.635587
-0.254281	0.957314	-0.137443
0.0973229	0.944856	0.312692
0.112405	0.985121	-0.130009
0.299753	0.874292	0.381786
-0.028749	0.903719	-0.42716
-0.216061	0.963356	0.158943
0.979431	0.100511	0.174966
-0.174773	0.978575	-0.108841
0.598641	0.70803	-0.374596
0.429922	0.853317	-0.294986
0.168448	0.931757	0.321643
0.606543	0.736051	-0.300557
0.212171	0.975111	-0.0643625
0.667374	0.729994	0.147379
-0.657701	0.586862	-0.472252
0.199597	0.768068	-0.608467
-0.399001	0.887441	-0.230753
-0.0974315	0.936181	0.337745
-0.828315	0.0572098	-0.557335
0.548351	0.828932	-0.110376
-0.405383	0.832743	-0.377099
0.0140943	0.785257	0.619009
0.95282	0.0693754	-0.295501
0.383582	0.879801	0.28074
0.586197	0.809274	-0.0380612
-0.000616775	0.962099	-0.272701
0.411785	0.727595	-0.54867
0.155274	0.95712	-0.244563
0.54437	0.659554	0.518315
-0.11134	0.984238	-0.1374
0.402203	0.904783	0.14
0.197614	0.956637	-0.213995
0.19013	0.889574	-0.415341
0.675519	0.736164	-0.0416749
0.768209	0.598108	0.228303
0.395518	0.714593	0.576994
0.593824	0.686403	0.419791
0.705223	0.3925	-0.590428
-0.364856	0.910648	-0.193908
-0.0979343	0.976109	-0.193959
0.454888	0.848448	0.270579
-0.0292054	0.991039	-0.130343
-0.455016	0.80404	0.382727
-0.40434	0.853907	-0.327646
-0.35499	0.354105	0.865212
0.309336	0.909508	0.27768
-0.874057	0.485815	0.0028052
0.306874	0.946063	-0.103887
0.962331	0.0204423	-0.271113
0.30652	0.93646	0.170553
0.0511483	0.922276	-0.383132
0.326424	0.94408	0.0464801
0.733468	0.623322	-0.271099
0.454575	0.582918	-0.673475
-0.425521	0.904918	0.00742159
0.915469	0.227204	-0.332108
-0.743971	-0.235051	0.625507
-0.516108	0.82352	-0.235471
0.0623811	0.970119	-0.234474
-0.0848443	0.995105	0.0506781
0.636029	0.758104	0.144033
-0.772986	0.450109	0.447097
0.461545	0.82694	-0.321166
-0.585674	0.342619	-0.734573
-0.00221867	0.86906	-0.494702
0.147141	0.439576	0.886071
0.143853	0.951023	0.273608
-0.205968	0.887587	-0.412027
-0.186307	0.982464	0.00733516
-0.610785	0.750962	-0.250992
-0.924254	-0.379559	-0.0411013
0.400854	0.634223	0.661118
0.0439852	0.800117	0.598229
-0.757405	0.638074	0.138559
0.646532	0.747372	0.153075
-0.294578	0.678903	0.672544
0.461587	0.798018	-0.387434
-0.327964	0.772872	0.543238
0.239944	0.842817	0.481753
-0.340214	0.906274	-0.250842
-0.576517	0.454295	-0.67915
0.17789	0.971624	0.155891
-0.759887	0.647823	-0.0538279
0.48879	0.484165	0.725719
0.199897	0.418795	0.885806
-0.219955	0.975372	0.016427
-0.889722	0.455698	-0.027094
-0.303301	0.906593	0.293424
-0.409564	0.904464	0.119171
0.147802	0.731766	0.665337
0.401693	0.710837	0.577367
-0.117284	0.947674	0.296916
-0.646455	0.514305	0.563547
0.760486	0.633715	-0.141659
-0.581665	0.810996	-0.0628572
0.171589	0.938693	-0.29902
0.759812	0.123746	0.638258
0.0472371	0.937825	-0.343878
-0.797845	0.576893	-0.175038
0.818973	0.569973	-0.0664346
0.221863	0.726505	0.650359
0.329128	0.941974	0.0660271
-0.185667	0.949315	0.253632
-0.0396347	0.65567	-0.754006
-0.0719301	0.943898	0.322308
0.739479	0.604732	0.295752
0.231857	0.31935	0.918835
0.19778	0.835054	-0.513388
-0.10991	0.990959	0.0769349
-0.373598	0.820393	-0.432875
0.284881	0.879668	-0.380824
-0.380693	0.888604	-0.255843
0.182551	0.909379	-0.373772
-0.934555	-0.219837	-0.279781
0.0350381	0.981091	0.190349
0.619556	0.781506	-0.0734804
0.491222	0.866811	0.0856691
-0.47533	0.878579	0.0464732
0.0627806	0.965314	-0.25343
0.45065	0.862053	0.231904
-0.673939	0.730999	0.106994
-0.0936713	0.690339	0.717397
-0.651907	0.419636	-0.631604
-0.584493	0.709975	0.392815
-0.161171	0.952871	-0.257021
-0.628062	0.687531	-0.364472
0.252708	0.192627	-0.948174
-0.218816	0.968411	-0.119582
-0.0239284	0.176988	0.983922
-0.119304	0.902821	0.413135
-0.857099	0.270906	0.438167
0.105173	0.961392	-0.25429
-0.222599	0.899485	-0.376
-0.617695	0.786359	0.00960741
0.0610155	0.628885	-0.7751
-0.13198	0.495385	0.858589
-0.284459	0.951402	-0.117971
-0.217526	0.967166	-0.131424
-0.151133	0.980675	0.124238
-0.509332	0.0714544	-0.857598
-0.136927	0.965359	0.22211
0.0856066	0.955105	0.283631
-0.157192	0.921679	-0.354682
-0.602285	0.674054	0.427672
0.307377	0.911959	0.271755
0.304968	0.948203	-0.0889185
0.124382	0.988066	0.0908518
0.305238	-0.645211	0.70038
-0.674129	-0.335602	0.657968
-0.700264	0.551681	-0.453076
-0.569161	0.815713	-0.103289
-0.189211	0.867299	-0.460426
0.712566	0.68938	-0.130404
-0.406651	0.527479	-0.745923
-0.367354	0.668208	-0.646954
-0.54699	0.826716	0.131688
0.157152	0.973499	0.16614
-0.0269103	0.933544	0.357452
-0.921409	0.221597	0.319217
0.221619	0.887641	0.403706
0.877002	0.165921	-0.45093
0.553075	0.808247	-0.202101
-0.371969	0.781633	0.500689
-0.832012	0.412743	-0.370675
-0.297795	0.937446	-0.180312
-0.0107788	0.918758	0.394674
-0.190309	0.769644	-0.609451
-0.40029	0.916389	-0.000152634
-0.713571	0.411077	-0.567302
-0.723838	0.521509	-0.451759
-0.29219	0.929453	0.22526
-0.417948	0.854941	0.307238
-0.57143	0.815316	0.0934215
0.561874	0.80049	-0.208599
0.56988	0.667868	-0.478737
0.443097	0.885507	0.139792
0.393515	0.916564	0.071106
0.492582	0.870183	0.0119982
0.352581	0.150045	-0.923674
0.0736901	0.892035	0.445919
0.459571	0.761577	-0.456941
-0.160497	0.986789	-0.0220798
-0.0934306	0.265396	0.959602
0.212721	0.946698	-0.241895
0.283891	0.904639	0.317858
0.0790141	0.994951	-0.0618772
0.197005	-0.222515	-0.954817
-0.845206	0.527521	0.0857241
-0.377378	0.832772	0.405064
0.358549	-0.458685	0.81305
-0.572307	0.817321	0.0667179
-0.386693	0.795223	0.466999
-0.166465	0.72054	0.673135
0.113328	0.875278	-0.470154
0.134411	0.985619	-0.102416
0.337516	0.923561	-0.181984
0.0195463	0.568301	0.822589
0.449396	0.694827	0.561479
-0.0230268	0.998712	0.0452061
0.246693	0.715012	0.65414
-0.546982	0.802007	0.239989
-0.236871	0.708253	0.665034
0.38975	0.832886	0.392932
0.351235	0.892295	0.283627
-0.00434033	0.999836	0.0176059
-0.403144	0.861009	-0.310063
0.142892	0.979629	-0.1411
-0.571084	0.810695	0.128979
0.156518	0.502193	-0.850473
0.741589	0.64219	0.194004
-0.78895	0.262655	0.555491
-0.634017	0.564177	0.528891
0.144426	0.901866	-0.407159
-0.321307	0.938493	-0.12646
-0.20199	0.305032	0.930675
-0.622345	0.779595	0.0701298
-0.024198	0.67017	0.741813
-0.0193669	0.955207	0.295302
0.210075	0.964061	-0.162651
0.837645	0.51309	0.187323
0.480733	0.817487	-0.317191
-0.389441	0.918997	-0.061491
0.0541033	0.647301	0.760312
0.536218	0.836077	-0.115956
0.536597	0.4384	0.721019
0.235607	0.954535	0.182625
-0.59419	0.73293	0.331287
0.52335	0.841256	-0.135621
0.546909	0.534518	-0.644345
0.258252	0.901722	0.346703
-0.135243	0.132793	-0.981873
-0.283734	0.733124	-0.618081
0.262906	0.906258	-0.331025
-0.176983	0.801253	0.571552
-0.425412	0.90476	-0.0208217
-0.22019	0.875987	0.429142
-0.93653	-0.234174	-0.26091
0.297825	0.790021	-0.53588
0.31467	0.812496	0.490747
-0.529251	0.804843	0.268553
0.26698	0.468988	-0.841886
0.369802	0.640961	0.672618
0.375271	0.616431	0.692232
-0.426107	0.899277	0.0986577
0.494047	0.837593	-0.233145
0.633377	0.752354	-0.181099
0.556103	0.712582	0.427758
-0.749739	0.503459	0.429442
-0.215142	0.762748	-0.60986
-0.149473	0.399984	0.904252
-0.423549	0.384661	0.820148
-0.447508	0.618842	-0.645578
-0.278155	0.9549	0.103902
-0.312513	0.934721	-0.169213
-0.0320575	0.554491	0.831572
-0.625365	0.500094	-0.59902
0.911074	0.180464	-0.370644
-0.812381	0.472697	0.341459
-0.353451	0.927767	-0.119672
0.249191	0.669313	0.699945
0.305513	0.951939	0.0217457
0.624059	0.777154	0.0811271
-0.447157	0.89216	0.0640398
0.664191	0.721131	0.197029
0.309729	0.600026	0.737588
0.0766534	0.945099	0.317668
0.0646845	0.668948	-0.740489
-0.203121	0.830173	0.519187
0.0536685	0.737149	-0.673596
-0.244857	0.964553	-0.0983982
-0.153675	0.710082	-0.687145
-0.451732	0.883672	0.122727
0.0512679	0.934902	0.351184
0.0690939	0.866034	-0.495189
0.762757	0.122482	-0.63498
-0.236006	0.962866	0.131114
-0.549855	0.788241	-0.27629
0.261049	0.934657	0.241391
0.0175672	0.928062	-0.372011
-0.161021	0.338655	-0.92703
-0.530864	0.706558	-0.467931
0.688822	0.607148	0.396101
-0.320255	0.894876	-0.31086
-0.0095644	0.986756	-0.161929
-0.0412062	0.55936	-0.8279
0.00644349	0.995314	0.0964781
0.124006	0.935038	0.332156
0.423353	0.430502	-0.797145
0.0980321	0.825382	0.555999
-0.560682	0.767499	0.310775
0.984163	-0.038475	-0.173041
0.500761	0.0902876	0.860864
-0.326181	0.705275	0.629439
-0.498326	0.822534	-0.274059
0.163814	0.921687	0.35165
0.132779	0.816685	-0.561601
0.109734	0.867429	0.48531
0.129762	0.933463	-0.334378
0.76192	0.474442	0.440888
0.407304	0.879746	-0.245257
0.420432	0.77261	0.475721
0.233065	0.892282	0.386669
-0.23246	0.549949	-0.802196
0.849259	0.504637	-0.155244
0.351307	0.292706	0.889329
-0.0177538	0.999775	0.011639
0.504251	0.860424	0.0734922
-0.78802	0.327488	-0.521321
0.687733	0.329114	-0.647076
-0.414245	0.278039	0.866658
-0.0533126	0.835787	0.54646
0.706376	0.690407	-0.156113
0.28602	0.868542	-0.404755
-0.302794	0.949096	-0.0867852
0.275594	0.87309	-0.402196
0.631094	0.539173	0.557685
0.25755	0.887922	0.381134
-0.446165	0.776355	0.445207
-0.39064	0.898248	-0.201373
0.51825	0.854867	-0.024891
0.395604	0.359531	-0.845124
-0.355693	0.355947	-0.864167
-0.506343	0.856435	0.100677
0.40479	0.853171	0.329006
-0.208133	0.909101	-0.360855
0.304338	0.917321	0.256712
-0.242173	0.825047	0.510538
-0.130891	0.459089	0.878695
0.619211	0.783478	0.0523405
0.10718	0.856454	-0.504974
0.653456	0.71463	0.249598
-0.118453	0.647122	0.753128
0.737152	0.54691	-0.396859
0.208171	0.916726	-0.340997
0.242142	0.94627	0.214338
-0.0404424	0.34822	0.93654
-0.0504007	0.635762	0.770238
0.536153	0.828251	-0.162912
-0.479107	0.862529	0.16279
-0.345559	0.761763	0.548002
0.181527	0.0871386	0.979518
0.147081	0.985928	-0.0794609
0.042525	0.738129	0.673318
0.0213201	0.983263	0.180938
-0.597278	0.794438	-0.110125
-0.104291	0.86948	-0.482832
-0.374255	-0.238348	0.896172
0.483936	0.851985	0.199818
-0.345801	0.349119	0.870941
-0.352573	0.825042	0.441586
0.268647	0.958558	-0.0948462
0.317682	0.944381	0.0849856
-0.41896	0.733677	-0.534967
0.373977	0.810845	-0.45019
0.224389	0.718423	-0.658421
0.276508	0.960737	0.0229815
0.181443	0.973999	-0.13566
-0.819005	0.472572	0.325434
0.131193	0.929903	-0.343611
0.404878	0.809676	-0.424851
0.547391	0.437195	0.713599
-0.340289	0.940029	-0.02341
0.506309	0.842142	0.185603
0.248331	0.692049	0.67779
-0.535397	0.829146	-0.160831
0.159217	0.970012	-0.183647
-0.315805	0.386152	-0.866691
-0.232237	0.873125	-0.428623
0.210299	0.812474	-0.543747
-0.703494	0.707136	0.0710941
0.469308	0.879066	0.0836212
0.406468	0.606265	-0.68354
-0.0209991	0.704179	-0.709712
-0.222816	0.974128	0.0377938
0.189448	0.247652	0.950146
0.358643	0.540499	-0.761076
-0.0589956	0.969462	0.238042
0.176005	0.282757	0.942906
0.0193661	0.915533	0.401777
0.0848679	0.949239	0.302891
-0.533319	0.786324	-0.311874
-0.269064	0.627775	0.730413
0.126083	0.925975	-0.355912
0.807992	0.555983	0.195016
0.943189	0.233379	-0.23649
0.423107	0.791145	-0.441666
0.396369	0.908543	-0.132065
0.181224	0.982891	0.0329186
-0.246232	0.837692	-0.487486
0.164623	0.980939	-0.103233
0.141753	0.989898	0.00279957
0.935427	0.087042	-0.342636
0.0795303	0.854896	-0.512667
0.0989412	0.987102	-0.125857
-0.0858342	0.991173	0.101036
-0.465818	0.357157	-0.8096
0.793874	0.583236	-0.172045
-0.1005	0.994509	0.0291764
0.550475	0.379046	0.743842
-0.377197	0.872557	0.31043
0.839388	0.543369	0.0133492
0.287523	0.796584	0.531774
0.1489	0.958599	0.242727
0.959279	0.225488	-0.170115
0.803037	0.57333	0.162556
-0.162037	0.933246	0.320617
0.0770014	0.977496	0.196401
0.0962103	0.976966	-0.190478
0.510482	0.78432	-0.352492
-0.673837	0.738454	0.0250951
-0.809674	0.131062	-0.572059
-0.0347314	0.888631	0.457307
-0.23925	0.343881	-0.908023
0.922951	0.370186	0.105474
0.0443674	0.99834	-0.0367373
-0.88803	0.135069	0.439498
0.356463	0.917103	0.178485
-0.763609	0.40656	-0.501607
0.755723	0.477526	-0.448164
-0.0636102	0.892924	-0.445691
-0.136295	0.97392	0.181392
-0.56619	0.280785	0.774977
