3400
0.0714638	0.978075	-0.195609
0.310949	0.948432	-0.0615432
-0.144371	0.985183	-0.0925798
0.14169	0.964047	0.224807
0.242896	0.940475	0.237714
-0.097435	0.992348	0.0758432
0.432438	0.895233	0.107493
0.253311	0.939162	-0.231966
-0.0784258	0.974535	0.210072
-0.374528	0.884772	-0.277321
0.124003	0.889123	0.440549
0.0410643	0.879437	0.474241
-0.0434959	0.996535	0.0708941
0.348249	0.87422	-0.338322
0.0350139	0.999158	-0.0213669
-0.0526122	0.939797	0.337659
-0.108364	0.958164	0.264912
-0.216968	0.922171	0.320195
0.290828	0.919315	0.265101
-0.122166	0.967049	0.223364
0.388781	0.896732	-0.211475
0.107721	0.979577	0.169779
-0.389096	0.919903	0.0488212
-0.149925	0.856334	0.494181
-0.42758	0.903919	-0.0102581
0.116085	0.984741	0.129655
0.195394	0.934307	0.298146
-0.238469	0.970952	-0.0195972
-0.197154	0.929611	0.311375
-0.0871795	0.995528	-0.0363863
-0.0362265	0.931541	0.361827
0.0622743	0.989964	-0.12686
0.118757	0.690346	0.713666
-0.160438	0.977502	0.136931
-0.251059	0.964332	-0.0838586
-0.064196	0.957498	0.281205
0.142393	0.865815	0.479676
-0.0353294	0.995615	-0.0866176
0.20137	0.883963	-0.42197
0.0141781	0.961212	0.275448
-0.260817	0.959298	0.108272
-0.027823	0.997216	-0.0691832
-0.197353	0.980241	-0.0133843
0.0687768	0.992578	0.100297
-0.391262	0.804695	-0.446519
-0.0259834	0.96872	0.246794
-0.134166	0.981754	0.134754
-0.00996025	0.997541	-0.069373
-0.238414	0.970523	0.0352541
0.0362842	0.969871	-0.2409
0.0219331	0.947731	-0.318316
-0.118218	0.877447	-0.464877
0.0787795	0.99483	-0.0640872
0.0462185	0.990301	-0.131027
0.105051	0.967508	-0.229982
-0.604682	0.795655	-0.0359725
-0.0985111	0.994366	-0.0391451
-0.308633	0.93646	-0.1667
-0.0335593	0.999373	-0.0112626
0.308258	0.930564	-0.197552
0.144548	0.987818	0.0576375
0.265589	0.9073	0.32599
-0.225875	0.947386	-0.226805
0.413658	0.882045	0.225576
0.0221762	0.964216	-0.264189
0.250552	0.964459	-0.0839176
-0.145431	0.98825	-0.0470241
-0.177303	0.975176	-0.132649
0.0836636	0.970143	0.227645
-0.0979026	0.990782	0.0936257
0.114474	0.990721	0.0732598
-0.245375	0.947706	0.204071
-0.394421	0.910488	-0.124271
0.145943	0.887097	-0.437903
-0.395845	0.91763	-0.0355222
-0.0150345	0.908335	-0.417973
0.120003	0.979081	-0.164315
0.022535	0.96037	0.277817
-0.0784685	0.945121	0.317157
-0.190026	0.981521	0.0225263
-0.126581	0.93742	0.324376
-0.478058	0.875713	-0.0677293
0.196685	0.974888	0.104442
0.204557	0.978209	-0.0355351
-0.345077	0.938556	0.00595629
-0.0543058	0.992399	0.110429
-0.173433	0.974604	0.141664
-0.195014	0.973186	0.121979
0.296615	0.878377	0.374799
-0.346569	0.922104	0.172089
0.261955	0.91513	-0.306458
-0.206499	0.978234	-0.0203894
-0.295914	0.953903	-0.0500431
0.0517868	0.998576	0.0127905
-0.181566	0.962168	0.203141
0.339534	0.902406	0.265291
-0.0341772	0.996442	0.0770471
0.213456	0.924733	-0.315128
0.410756	0.885079	0.218897
-0.146593	0.98052	-0.130731
-0.130758	0.886822	-0.443225
-0.145645	0.989335	-0.00182823
-0.0890642	0.987718	0.128374
0.0203923	0.962205	0.271561
-0.123002	0.983378	-0.133557
-0.0337276	0.99854	-0.0421969
-0.233967	0.960904	-0.148063
-0.0413614	0.981705	-0.18586
-0.128807	0.988933	-0.0736292
0.0793247	0.993644	0.0798709
-0.263082	0.96338	-0.0518318
0.189333	0.981527	0.0275278
-0.126828	0.989555	0.0685201
-0.0369191	0.938552	-0.343157
0.248774	0.953733	0.168835
0.00561772	0.950819	-0.309697
0.550019	0.772052	-0.318459
-0.122004	0.983235	0.13551
0.204344	0.929676	-0.306507
0.210867	0.975444	0.0635979
0.0326788	0.987497	-0.154214
-0.0755389	0.981995	0.173148
-0.0315677	0.990082	0.136901
-0.481001	0.876667	0.00965413
-0.241247	0.970317	-0.0168655
-0.09994	0.949859	-0.296278
0.299739	0.949762	-0.0900486
-0.24396	0.933164	-0.263985
-0.235595	0.94599	0.222707
-0.223138	0.974687	0.0139342
-0.554658	0.722062	0.413498
0.262092	0.943193	0.204191
-0.453839	0.849838	-0.267965
0.230345	0.954467	0.189565
0.0916197	0.943494	-0.318472
0.186553	0.974164	0.127285
-0.0623051	0.987036	0.14791
-0.127883	0.935193	0.330243
0.317043	0.728283	-0.607526
0.0586462	0.998118	-0.0178911
-0.2626	0.945596	0.192069
0.296818	0.938656	-0.175568
-0.488687	0.797854	-0.353008
-0.142199	0.850241	-0.506824
-0.111483	0.992311	-0.0537644
-0.163684	0.846565	-0.506494
-0.189223	0.980848	0.0461797
0.0939773	0.977476	0.18897
0.307842	0.951436	-0.00165739
0.0719691	0.963652	0.257285
-0.148086	0.891709	0.427699
-0.0699443	0.9868	0.146057
0.297136	0.950948	-0.086065
-0.25203	0.967112	-0.0342928
0.377339	0.916251	0.134529
-0.0210703	0.997352	-0.0696105
0.289114	0.939684	0.182774
0.170023	0.891507	0.419889
-0.0364599	0.994016	0.102973
0.317089	0.947301	0.0455541
0.13828	0.930718	0.338589
0.103195	0.986694	0.125645
0.22644	0.966744	0.118876
0.19349	0.974987	-0.109374
0.247999	0.934191	-0.256483
-0.45484	0.890311	0.0216247
0.421149	0.873171	0.245369
0.0130882	0.992837	0.11876
-0.00554652	0.993182	0.116439
0.0954669	0.961758	0.256726
-0.0815606	0.990169	0.113636
-0.00172148	0.989332	-0.145671
-0.21292	0.97209	0.0985159
-0.154271	0.871644	-0.465227
-0.0432549	0.980706	-0.190641
-0.104571	0.993145	0.0522282
-0.0941336	0.98505	0.144277
-0.174544	0.984639	-0.00441452
0.316248	0.931053	-0.182011
-0.24945	0.952737	0.1734
0.0620625	0.992563	0.104724
0.109531	0.982308	-0.151898
0.103898	0.971221	-0.214325
-0.270533	0.961012	0.0571704
0.108715	0.992497	-0.055953
-0.159805	0.981802	0.102606
0.041225	0.997974	-0.0484513
-0.140588	0.879613	0.454441
-0.142119	0.975186	0.169747
-0.291759	0.952448	-0.0878611
0.224531	0.972185	-0.0666474
0.291336	0.758172	0.583352
-0.142684	0.968747	0.202907
-0.0551008	0.99729	0.0487464
-0.417469	0.898221	-0.137547
-0.0831394	0.993809	0.0736966
-0.0968155	0.941997	-0.321355
-0.110565	0.960651	0.254805
-0.0611343	0.853091	-0.518169
-0.114286	0.993428	-0.00626161
-0.272389	0.960956	0.0486569
0.18867	0.981079	-0.0434396
-0.277224	0.956264	0.0933069
-0.0591494	0.995743	0.0706959
0.211913	0.942858	0.257121
0.140969	0.975349	0.169769
0.0316567	0.990039	-0.137187
-0.196236	0.953937	-0.226925
-0.0610744	0.945312	0.320398
-0.130516	0.991412	0.00820651
0.374944	0.920779	-0.107619
0.206237	0.964379	0.165649
-0.207707	0.975857	0.0675332
0.250828	0.967879	0.0171687
0.0694404	0.929164	-0.363087
0.215704	0.774052	0.595244
-0.0756805	0.930287	0.358942
-0.14268	0.912237	-0.384013
0.335348	0.93851	-0.082105
0.390714	0.917003	0.0803048
0.536169	0.833082	-0.136004
-0.0441395	0.985191	-0.165683
0.152779	0.95251	0.263406
-0.031234	0.99715	-0.0686814
0.298297	0.924188	-0.238528
0.521758	0.813852	0.255761
0.106375	0.978968	0.174084
-0.0145786	0.884856	-0.465637
0.100952	0.983859	0.147751
-0.0331357	0.995687	0.0866605
0.817532	0.525931	-0.234601
0.323851	0.908531	-0.263992
-0.0320851	0.96415	-0.26341
-0.0684273	0.983699	0.166293
0.034458	0.950739	0.30807
0.119952	0.985777	-0.117706
0.105459	0.923323	-0.369259
0.240257	0.970509	-0.019726
-0.226634	0.969305	-0.095312
-0.223027	0.972556	-0.0662939
0.128802	0.990638	-0.0452394
-0.131764	0.957112	0.258023
0.148418	0.987281	0.0570003
0.0378272	0.995227	0.089961
-0.0457443	0.997711	0.0498033
-0.0148141	0.964594	0.263324
-0.231548	0.971183	0.0564755
0.0412963	0.997219	0.0620439
0.0512611	0.908224	0.415333
-0.0412572	0.971665	0.232733
-0.412959	0.863257	0.290262
-0.0174572	0.992057	0.124569
0.182013	0.970786	0.156351
0.0917885	0.958916	0.268431
-0.146145	0.973397	-0.176463
0.121156	0.981264	0.149809
-0.447309	0.863704	0.232229
-0.297333	0.942448	-0.152918
-0.327736	0.840734	-0.430993
-0.0147708	0.970373	0.241159
-0.291859	0.90114	-0.320568
-0.125937	0.991771	0.0230143
0.108388	0.994052	0.0106469
-0.20165	0.972228	0.11879
0.0404251	0.967899	0.248067
0.0402938	0.987087	-0.155037
-0.0419619	0.999111	0.00409464
0.100474	0.876668	0.470488
0.185142	0.95915	0.213899
0.0484496	0.989666	-0.134962
-0.220793	0.954048	-0.202589
0.102201	0.992455	0.0677403
-0.154271	0.964938	0.212357
-0.0798839	0.990194	-0.114608
0.168516	0.97237	-0.161554
0.372412	0.846068	0.381415
0.506422	0.855981	-0.104085
-0.0944845	0.883752	-0.458317
-0.260435	0.869293	0.420122
0.283145	0.958494	-0.0334484
0.0724911	0.993158	-0.0915497
0.361645	0.931569	0.037311
0.141321	0.983403	0.113783
0.281523	0.957747	0.0588607
0.0621495	0.953218	0.295825
0.0685853	0.99329	0.0931173
-0.126083	0.97692	-0.172423
-0.00959612	0.995549	0.0937519
0.0871059	0.947931	-0.306333
-0.40978	0.909307	-0.0723937
-0.228854	0.87781	0.420803
-0.253828	0.956937	0.140863
0.0859984	0.996225	-0.0118538
0.127867	0.975737	-0.177729
-0.0775043	0.973572	-0.214828
-0.169795	0.976797	-0.130526
-0.398237	0.833735	0.382483
-0.453614	0.883716	-0.115245
-0.00126825	0.991775	-0.127988
-0.356153	0.929177	0.0989184
-0.0336859	0.995263	-0.0911939
-0.0308983	0.966957	-0.253059
0.00646924	0.947675	0.319171
-0.475216	0.817723	0.324805
0.0647884	0.965355	-0.25277
0.139385	0.971058	-0.193953
-0.199263	0.926845	-0.318203
-0.253545	0.938659	-0.233738
0.516963	0.818845	0.249484
0.325951	0.90557	0.271474
-0.105769	0.788394	0.60601
-0.207723	0.960462	-0.185377
-0.351132	0.874396	0.33487
-0.221374	0.962223	-0.158493
-0.157144	0.969016	-0.190563
-0.216575	0.825578	0.521073
-0.171377	0.965711	0.19502
0.425517	0.875647	0.228425
0.133771	0.971888	-0.193752
0.0644797	0.991693	0.111295
0.11481	0.992098	0.050592
-0.240492	0.961213	-0.135031
-0.0528665	0.955698	0.289564
0.115371	0.731695	-0.671797
-0.181058	0.975247	-0.126933
0.170231	0.972133	-0.16118
0.379206	0.922127	-0.0767075
-0.242996	0.96463	0.102188
-0.240404	0.959416	0.147399
-0.183273	0.977807	0.101513
-0.367111	0.90518	0.214192
0.310584	0.943518	0.115378
0.112704	0.988464	-0.101176
0.429926	0.880806	-0.198353
-0.0826077	0.977126	-0.195962
-0.117925	0.983415	-0.137801
-0.067222	0.996469	-0.0503083
-0.143366	0.938015	0.315552
-0.00475876	0.99223	0.124326
0.0421037	0.998952	-0.017929
-0.190012	0.830663	0.523349
-0.311096	0.946115	-0.0899181
-0.25368	0.920017	-0.298688
-0.242834	0.970067	0.00135323
0.191322	0.898125	0.395939
-0.0178543	0.935696	0.352354
0.0355781	0.948359	0.315199
-0.0473551	0.990583	-0.128462
-0.153726	0.973754	0.167843
-0.063921	0.997933	-0.00655057
-0.111604	0.983798	-0.140308
-0.68628	0.718865	0.110692
-0.0161749	0.970456	0.240735
0.136261	0.979385	-0.149122
0.0443467	0.986954	0.154774
0.089459	0.987875	-0.126886
0.181424	0.979985	0.0819465
0.0530827	0.973214	0.223689
-0.0531985	0.998526	-0.0107481
-0.445512	0.89523	0.00910022
-0.0310113	0.957898	0.28543
-0.00567517	0.952435	-0.304688
0.25533	0.93492	0.246436
0.447555	0.890261	-0.0844352
0.13083	0.946049	0.296437
0.201643	0.960154	0.193505
-0.0534403	0.995771	-0.0747235
-0.213631	0.962962	0.164516
-0.247186	0.951777	-0.181711
0.097768	0.973243	-0.207939
-0.0173901	0.999849	0.000225827
0.111787	0.991184	0.0711213
0.0528037	0.985678	-0.160159
-0.194198	0.977437	0.0830896
0.065276	0.995577	0.067571
0.0429606	0.989125	0.140662
0.0830574	0.97754	-0.193691
-0.176021	0.935231	0.30718
0.153914	0.988068	0.00575304
-0.129806	0.972205	-0.194856
-0.0132383	0.945575	-0.325136
0.15383	0.985956	0.0650181
-0.45677	0.871193	0.179953
-0.0187866	0.999606	-0.0208638
-0.266338	0.959599	0.0907395
0.623205	0.744736	0.238714
0.360765	0.919813	-0.154251
-0.165261	0.980816	-0.103387
0.220789	0.973328	-0.062331
-0.0516424	0.997968	0.0373354
-0.198622	0.946611	0.253924
-0.0643459	0.997367	-0.0334509
0.0038003	0.994627	0.103452
0.391999	0.897276	0.203059
-0.341344	0.936452	0.0808863
-0.121858	0.990777	0.0592522
0.161387	0.951715	0.261136
-0.0699131	0.986623	-0.147266
-0.0438962	0.998458	0.0339952
0.0917991	0.965011	0.245617
-0.236003	0.965731	0.10801
-0.258547	0.963581	0.0682992
-0.0507077	0.957754	0.283084
-0.118265	0.940689	0.317991
-0.193093	0.975664	-0.103898
-0.242342	0.96264	0.120806
-0.361621	0.872879	0.327586
0.149376	0.974556	-0.167113
0.288934	0.939222	0.185415
-0.163698	0.973017	0.162607
-0.462889	0.849831	0.252034
-0.0663189	0.978793	0.19382
-0.0602468	0.9253	-0.374419
-0.0139718	0.978419	0.20616
-0.25093	0.959519	0.127895
0.124825	0.966583	0.223912
0.0758276	0.994639	-0.070303
0.0217728	0.981668	0.189349
-0.34087	0.848723	0.404324
-0.119238	0.982279	-0.1446
0.282587	0.958103	0.0467197
0.0418108	0.998367	0.0389253
-0.292077	0.943146	0.158641
-0.227267	0.957989	-0.174946
0.192714	0.972632	-0.129803
0.48485	0.860751	-0.155014
0.343928	0.937452	-0.0538279
0.208516	0.966486	0.14975
-0.27296	0.942215	-0.194228
0.260789	0.964899	0.0309761
-0.154421	0.947047	-0.281525
-0.162835	0.982828	0.0868023
-0.424402	0.905468	-0.00312699
0.576203	0.804356	-0.144917
-0.00148231	0.99905	-0.0435434
0.224548	0.964212	0.140975
-0.0253271	0.99775	-0.0620774
-0.111574	0.950157	0.291124
-0.223632	0.947778	0.227387
-0.16747	0.978612	0.119464
0.0357566	0.999334	-0.00728647
-0.0412847	0.954227	-0.296221
-0.345622	0.921318	0.178099
0.272697	0.923719	0.269033
0.223219	0.953345	0.20324
0.144139	0.918898	0.367219
-0.326148	0.943169	-0.0637199
-0.135043	0.844271	0.518623
0.395514	0.916044	-0.0665695
-0.318295	0.945376	-0.0703792
0.292164	0.953662	-0.0718951
0.148586	0.980523	0.128437
0.162578	0.983525	0.0790391
-0.165899	0.97899	0.11856
-0.275029	0.960185	0.0490367
-0.0825147	0.993898	0.073193
-0.0537582	0.940981	-0.334162
0.278845	0.865069	0.417014
-0.0315981	0.998067	0.0535091
0.236828	0.960121	-0.148593
0.245867	0.969303	-0.000243389
-0.163769	0.962718	-0.215298
-0.233778	0.972277	-0.0050898
-0.0895703	0.971179	0.220881
-0.32535	0.916944	0.230999
-0.160638	0.93915	0.303633
-0.226919	0.967041	0.115494
-0.0723895	0.969767	-0.233047
-0.0434713	0.9963	-0.0741379
-0.206844	0.96428	0.165469
0.307871	0.881097	-0.359002
-0.0221466	0.947253	0.319721
-0.246433	0.958805	0.141291
-0.196233	0.930248	0.310051
-0.259022	0.914099	0.311979
-0.284093	0.906145	-0.313357
-0.255012	0.9589	-0.124418
-0.446721	0.883628	0.140149
-0.0807397	0.980465	0.17936
-0.0937822	0.966797	-0.237716
-0.412835	0.894792	0.170045
0.0136399	0.973259	0.229307
0.411413	0.905105	0.107352
-0.127044	0.96564	0.226715
0.0500229	0.996374	-0.0688217
0.190189	0.969951	-0.151736
0.290948	0.91366	0.283855
-0.582417	0.796978	-0.160052
-0.318512	0.945132	0.0726353
-0.0259316	0.940896	-0.3377
-0.263175	0.903695	0.33775
0.131705	0.986644	-0.0958509
-0.0883467	0.980935	0.173093
0.228379	0.931123	0.284346
0.149596	0.90765	-0.392165
0.606522	0.76997	-0.198184
0.581002	0.780987	-0.229121
0.614695	0.776931	0.136118
0.174669	0.982175	-0.0694481
-0.00286337	0.99871	0.050687
0.0557339	0.982628	0.177019
-0.293325	0.834708	-0.466073
-0.176133	0.98316	0.0487261
-0.037433	0.997381	-0.0618868
-0.0366785	0.996	-0.0814796
0.232179	0.928946	0.288361
0.18911	0.980152	-0.0594975
-0.0411034	0.997926	0.0495477
0.0794701	0.963307	0.256369
-0.149199	0.984348	0.0938039
-0.18633	0.972871	-0.137127
-0.0408755	0.965438	0.257409
0.459803	0.879116	0.125445
0.290036	0.943581	-0.159793
0.0689397	0.955109	-0.288122
-0.180606	0.983288	0.0229153
0.27886	0.924722	-0.259086
0.0235971	0.999163	-0.0334187
-0.0827281	0.958367	-0.273292
-0.0378088	0.997975	0.0511423
0.201454	0.919086	-0.338671
0.350553	0.80029	-0.486465
-0.17364	0.943403	-0.28256
0.0788516	0.986717	-0.142029
0.234875	0.970522	-0.0540523
0.263186	0.958047	0.113487
-0.312674	0.949854	0.00364288
-0.245845	0.857311	-0.452303
-0.243309	0.965098	-0.0968791
0.153043	0.962654	-0.223328
-0.0663919	0.995065	-0.0737385
0.321322	0.934192	0.155039
-0.0926117	0.983333	-0.156461
-0.163341	0.985969	0.034425
-0.167529	0.951981	0.256256
0.0304474	0.998049	-0.054515
-0.321852	0.86343	0.388458
0.00102275	0.995296	0.0968745
-0.122672	0.965271	-0.23066
0.105213	0.979887	0.169561
-0.0360978	0.964461	0.261747
0.226524	0.947629	0.225135
-0.0295711	0.999157	-0.0284918
-0.300476	0.858986	0.414557
0.0334829	0.995661	-0.0868249
-0.0064631	0.981891	0.189334
-0.252542	0.962165	-0.102285
-0.146243	0.942276	0.301214
0.511848	0.843914	0.160692
0.100253	0.929296	0.355469
0.0661683	0.987037	0.14622
0.0507074	0.996848	-0.0610184
0.285356	0.951862	-0.111938
-0.163715	0.986336	0.0183846
-0.0542823	0.998499	0.00725399
-0.0783255	0.904537	0.41914
-0.428503	0.900034	0.0795187
-0.0857993	0.965917	-0.244221
0.223829	0.958708	-0.17544
0.275979	0.899864	-0.337759
-0.0285007	0.950851	-0.308334
-0.505292	0.862624	0.0236698
-0.220178	0.961574	-0.164001
0.0286949	0.998867	-0.0379743
0.28045	0.945715	-0.16423
-0.0560468	0.995982	-0.0698408
-0.0906969	0.994828	-0.0457213
-0.167524	0.923843	0.344165
-0.0932769	0.906871	-0.410956
-0.101193	0.994344	0.0322577
0.0512083	0.933929	0.35377
0.309206	0.853309	0.419828
-0.276128	0.960994	-0.015628
0.0620066	0.997716	0.0267846
-0.094827	0.981868	0.164144
-0.0621413	0.907218	-0.416045
0.37346	0.871888	-0.316763
0.320184	0.927275	-0.194021
0.292319	0.925127	-0.24226
0.0730837	0.953771	0.291514
-0.0594029	0.954014	0.293816
-0.190367	0.981191	-0.0320059
0.275591	0.960282	0.0436949
0.31491	0.864058	-0.392728
-0.0658491	0.992673	0.10131
0.0331856	0.965364	0.258787
0.250312	0.967937	0.0210317
0.234085	0.967389	-0.0967659
0.0895701	0.979263	-0.181715
-0.00289443	0.998711	-0.0506732
-0.256713	0.952276	-0.165135
-0.518468	0.850818	-0.085431
-0.00180663	0.984548	0.175106
0.222806	0.932709	-0.283568
0.396057	0.88176	0.256199
-0.0939008	0.98405	-0.151088
0.037301	0.99878	0.0323493
-0.0875924	0.995827	-0.0256118
0.177863	0.982748	0.0507041
0.317468	0.888058	0.332515
0.0873176	0.950737	0.297448
-0.0637767	0.975498	-0.210559
-0.21541	0.966536	-0.139308
-0.20325	0.940921	0.270844
0.107636	0.993687	0.0316425
-0.00752871	0.99984	-0.0162367
-0.352615	0.925118	0.140783
-0.0700751	0.978027	0.19635
-0.0605548	0.878625	0.473657
0.363413	0.893261	0.264605
-0.145248	0.989111	-0.0237133
0.209092	0.945597	0.249252
-0.000292047	0.999707	-0.0242181
-0.0701774	0.983759	0.165205
-0.148441	0.949105	-0.277784
0.0314608	0.98295	0.181163
0.12833	0.949566	-0.286104
-0.359039	0.907644	0.217423
-0.416188	0.819692	0.393563
0.113925	0.968995	0.219247
-0.183886	0.96797	-0.170936
0.145344	0.989381	-0.00105375
-0.0844125	0.988825	-0.122878
0.439998	0.894949	-0.0739497
0.124409	0.949725	-0.287306
0.0547318	0.984027	-0.169398
-0.0941632	0.994791	-0.0390336
0.449459	0.873183	0.188514
0.051203	0.99611	0.0717191
0.151396	0.826531	0.54215
0.313842	0.940044	-0.133493
-0.370941	0.92864	-0.00550466
0.155795	0.964995	0.210981
-0.289008	0.955913	0.0520136
0.18202	0.974372	0.13217
-0.0413041	0.993951	0.101757
0.223851	0.936013	0.271606
0.412634	0.870847	0.267128
-0.0697398	0.994018	0.0840474
0.150746	0.963678	0.220454
-0.18043	0.973134	-0.143023
0.39518	0.918576	-0.00716366
0.521701	0.846472	0.106363
-0.0940485	0.942787	0.319855
0.0732781	0.997141	-0.0184185
-0.0541403	0.974759	-0.216594
-0.16943	0.98474	0.0397582
-0.0938452	0.977716	0.187787
-0.0555211	0.985532	-0.160138
0.140311	0.958596	0.247804
0.312127	0.877965	0.36298
-0.328337	0.93575	0.12871
-0.120952	0.991864	-0.0397064
0.304411	0.938662	0.162011
-0.118686	0.970829	-0.20834
0.346159	0.916067	-0.202472
0.552426	0.795379	0.249396
-0.0427607	0.998311	0.0393402
0.042102	0.991338	-0.124403
-0.162829	0.983014	-0.084673
0.107029	0.994146	-0.0147647
0.0483513	0.940172	-0.337251
0.172506	0.973922	-0.147368
0.0343513	0.941366	0.335634
0.0483178	0.994535	-0.0925461
-0.130906	0.971109	-0.199526
0.0770425	0.968884	0.235219
0.382022	0.898175	0.217581
0.14397	0.936458	0.319874
0.0088808	0.918613	-0.395059
0.125077	0.988812	0.0812815
0.487222	0.869145	-0.0848601
0.0507866	0.997477	0.0495929
-0.111471	0.991481	0.0673818
0.104692	0.992086	0.0693147
-0.372228	0.925191	-0.0739496
-0.286641	0.951677	-0.110214
-0.0428316	0.994387	0.0967493
0.356082	0.924254	0.137697
0.0569979	0.98715	0.149283
-0.0911682	0.983629	0.15544
0.0209815	0.969679	0.243479
0.0917233	0.987356	0.129287
-0.166703	0.962733	-0.21297
0.143487	0.948475	-0.2825
0.051974	0.984742	0.166078
-0.0963647	0.96965	0.224707
-0.0835931	0.995801	0.0373209
-0.00916761	0.999916	0.00917256
-0.141386	0.989389	0.0334569
-0.131743	0.984858	0.112689
-0.419329	0.901528	0.106816
-0.233212	0.966884	0.103666
-0.459429	0.846131	-0.270161
-0.121038	0.96561	-0.230103
-0.270244	0.962625	-0.0179091
-0.0402339	0.971291	-0.234468
-0.180133	0.937109	0.298964
0.0391187	0.996423	0.0749084
0.33652	0.93043	-0.145103
-0.16885	0.962246	-0.213477
0.23373	0.955467	-0.180149
0.0988588	0.994306	-0.0397871
-0.265583	0.963873	-0.0203637
0.205344	0.916777	0.342569
-0.0671118	0.994882	0.0755384
-0.129341	0.982848	-0.131456
-0.315538	0.948514	-0.0274988
-0.164332	0.973824	-0.157043
-0.245786	0.968061	-0.049472
-0.0336608	0.988128	0.149903
0.118	0.992817	0.0197551
0.0335555	0.981061	-0.190769
-0.109472	0.993829	0.0178966
0.0109026	0.999919	-0.00663919
0.0168201	0.99106	-0.132353
-0.0722408	0.831244	0.551193
0.307519	0.948362	-0.0777227
0.0172527	0.952348	0.304525
-0.0189554	0.981887	-0.188516
-0.00973998	0.99938	-0.0338418
-0.443767	0.893156	-0.0730934
0.100779	0.902993	-0.417669
0.306605	0.951149	0.0361793
-0.0526944	0.991693	0.117337
0.240861	0.94233	0.232379
0.179242	0.969808	0.165364
-0.368156	0.911782	0.181973
-0.0296784	0.882872	0.468675
-0.130119	0.956839	-0.259863
0.200466	0.962032	-0.185221
-0.0774217	0.972426	-0.219984
-0.00782132	0.999458	-0.0319753
-0.12229	0.981826	0.14513
0.209601	0.975467	-0.0673212
-0.119895	0.957372	0.262801
0.0375541	0.963974	0.263332
0.0699878	0.933762	-0.350984
-0.069161	0.989264	-0.128736
0.0465088	0.969848	-0.23923
-0.117414	0.984386	-0.131145
-0.0515516	0.994274	-0.0936045
-0.291945	0.951129	0.100609
-0.168768	0.974351	0.148853
-0.176993	0.976824	-0.120365
-0.293547	0.833665	-0.467795
-0.11239	0.983264	0.143389
-0.243495	0.96927	0.0350093
-0.0311491	0.999348	0.0182689
-0.0879913	0.976607	0.196205
0.383557	0.912187	0.144222
0.203251	0.976843	0.0668371
0.550569	0.834025	-0.0357273
0.148372	0.940178	0.306679
-0.198908	0.975263	-0.0964223
-0.109888	0.988416	0.104678
-0.0884775	0.996036	-0.00917238
-0.261889	0.962278	0.073728
-0.112743	0.962247	-0.247728
0.493077	0.856744	0.151211
-0.017458	0.996221	0.0850821
0.0780931	0.996014	0.0430908
-0.0253029	0.854019	-0.519626
0.193703	0.975762	-0.101827
-0.291137	0.937191	-0.192126
0.136228	0.985098	0.104995
-0.110897	0.993818	0.00521151
0.456906	0.889514	0.00105768
0.19911	0.976131	-0.0867384
-0.230687	0.841882	0.487871
-0.140767	0.982184	-0.124496
-0.204076	0.928291	-0.310852
0.0504044	0.986943	-0.152979
0.0208592	0.993829	0.108944
-0.0691573	0.997234	-0.0272357
0.0436243	0.917296	-0.395808
0.276858	0.953984	-0.115172
-0.111167	0.961076	-0.252934
-0.0044991	0.991047	-0.133441
-0.148814	0.934989	0.321948
-0.317256	0.948269	0.0115746
0.0740188	0.989775	-0.121925
-0.011855	0.998867	0.0460993
0.029386	0.985382	0.167807
0.123777	0.952052	0.279779
-0.0444482	0.861648	-0.505557
0.253452	0.964927	-0.0683968
-0.0313041	0.995188	0.0928447
-0.221705	0.974084	-0.044791
0.0445222	0.995254	0.0865235
-0.071745	0.964525	0.254054
-0.000296848	0.960852	-0.27706
-0.198613	0.96945	-0.143941
-0.0121612	0.971305	-0.237526
-0.182003	0.983297	0.00148261
0.0605391	0.994673	-0.0834275
-0.229549	0.972082	-0.0486155
-0.275681	0.942362	0.189615
-0.0706778	0.984962	-0.157655
-0.246459	0.927721	0.280344
-0.199881	0.976887	0.0757585
-0.0578267	0.956319	-0.28655
0.284791	0.958243	0.0257949
-0.142919	0.979722	-0.140425
-0.191566	0.97474	0.114827
0.168144	0.985179	-0.0339158
-0.398255	0.785317	0.473994
-0.147829	0.988944	0.0116356
-0.323392	0.932211	-0.162483
-0.163821	0.984257	-0.0663317
0.123632	0.991717	-0.0348243
0.131177	0.991128	-0.0214101
0.238885	0.965374	-0.10482
0.076972	0.988848	-0.127493
0.368307	0.927152	-0.0688404
-0.119655	0.970272	0.210366
-0.162945	0.972061	-0.168959
0.324229	0.934546	-0.146625
-0.231097	0.959182	0.162983
-0.376662	0.884183	0.276306
-0.0303711	0.94692	-0.320031
0.028714	0.991944	0.123383
0.0872287	0.925453	0.368685
-0.131601	0.981075	-0.142031
-0.114087	0.857249	-0.502104
0.0497476	0.998761	-0.0015489
0.208528	0.966311	0.150862
-0.0393222	0.997686	-0.0554637
0.118286	0.950793	-0.286359
0.437093	0.820156	-0.369179
0.136592	0.984342	-0.111418
0.106431	0.975469	0.192697
-0.368768	0.926908	-0.0696512
0.114216	0.884414	-0.452512
0.292397	0.902069	-0.317451
-0.127605	0.949661	-0.286114
0.248053	0.967989	0.0383061
-0.202027	0.891832	0.404749
-0.201277	0.975583	-0.0878906
-0.324172	0.899473	-0.29302
-0.192926	0.932319	-0.305877
-0.126979	0.927368	-0.351945
-0.395682	0.905135	-0.155455
-0.419758	0.900531	0.113343
-0.0955048	0.992901	-0.0708913
-0.136391	0.917142	-0.374496
-0.243114	0.925198	0.291385
-0.16583	0.922532	0.348476
-0.0989211	0.968675	-0.227777
-0.0229561	0.999724	0.00498536
-0.194468	0.980894	-0.00542618
-0.0908874	0.991076	0.0975052
-0.120754	0.986446	-0.111094
-0.15703	0.987165	-0.0290999
-0.419315	0.888476	0.18651
-0.0299084	0.999514	0.00882898
-0.0448105	0.990627	-0.129034
0.363915	0.916739	0.164791
0.247123	0.955017	-0.163927
0.0175259	0.998764	-0.0465122
-0.108016	0.906872	-0.407327
-0.0769475	0.992186	0.0982112
0.26461	0.955945	0.127083
0.268189	0.960797	0.0703168
0.313371	0.829127	0.462976
0.000294568	0.99332	-0.115394
0.298453	0.954422	0.00209809
-0.0883156	0.996067	-0.00717274
0.0364924	0.989471	0.140053
-0.218533	0.97572	0.014606
-0.396897	0.916049	0.0576807
-0.0170568	0.993956	0.108442
0.336968	0.794458	-0.505261
-0.224903	0.970742	-0.084129
-0.0771303	0.986108	-0.147109
-0.0388402	0.998504	0.0384907
0.0815255	0.968564	-0.235025
0.148002	0.918498	-0.366682
0.0984124	0.993034	0.064803
0.222116	0.972498	-0.0700871
0.207374	0.946171	-0.24851
0.00529437	0.998268	0.0585879
0.191437	0.981299	0.0201171
-0.0168171	0.986887	-0.160533
0.154147	0.988026	0.00659388
0.235857	0.971478	0.0245556
0.0792626	0.984993	-0.153318
0.122895	0.930124	0.346073
-0.10622	0.96254	-0.249467
0.146139	0.984027	0.101655
-0.0881412	0.978929	0.184198
0.0410069	0.982054	-0.184086
-0.55372	0.830337	-0.0627261
0.0413243	0.962661	0.267536
0.0524637	0.998518	-0.0144558
-0.340056	0.901038	-0.269245
0.119374	0.989525	-0.081182
-0.152539	0.9881	-0.019762
0.129478	0.954196	-0.269712
-0.286502	0.949502	0.127914
-0.0686401	0.974132	0.215303
0.0083739	0.990818	0.13494
-0.152135	0.988033	-0.0254269
-0.435814	0.868757	-0.235218
0.0786334	0.995805	0.0467968
-0.000584302	0.997613	-0.0690468
0.0169666	0.990761	0.134556
-0.252064	0.899961	0.355717
-0.0450918	0.995954	0.0777315
0.191697	0.975865	-0.104595
-0.187896	0.974654	-0.121429
-0.153191	0.93419	-0.322214
-0.224818	0.94806	0.225031
0.416666	0.908139	0.0409128
-0.370184	0.887359	0.274877
-0.174754	0.916735	0.359245
0.242424	0.953388	0.179673
-0.0505583	0.998254	0.0305341
-0.121734	0.988241	0.0925186
0.236802	0.951146	0.198105
0.18745	0.913345	-0.361474
0.131733	0.973306	0.187938
0.0835551	0.988007	0.12985
-0.220378	0.954949	-0.198762
0.0755046	0.963373	0.257316
-0.309911	0.913971	0.26194
-0.281268	0.952016	0.120637
-0.0693671	0.988562	-0.133919
0.319363	0.942081	-0.102422
-0.186167	0.976453	0.109003
0.217437	0.972908	-0.0785505
-0.0694444	0.98037	0.184532
-0.25414	0.96713	0.00846559
-0.136775	0.971537	0.193415
0.105639	0.880952	0.461263
-0.00995116	0.911236	-0.411764
-0.0453474	0.994235	-0.0971609
0.235436	0.936934	0.258312
0.128082	0.948553	0.289554
-0.276179	0.886424	-0.371452
0.0512722	0.931692	0.359612
-0.273682	0.961798	0.00650597
0.0358779	0.989924	-0.136982
0.227403	0.940373	0.252955
-0.147155	0.984694	0.0933946
-0.253764	0.965889	0.0515885
0.104913	0.977621	0.182345
-0.125179	0.968926	0.213336
-0.36687	0.916561	-0.159132
-0.195262	0.973895	-0.115765
-0.0714223	0.995369	-0.0643459
-0.219168	0.974044	-0.0565991
0.289707	0.922866	0.253748
-0.159541	0.968304	0.192182
-0.0203511	0.970909	0.238584
-0.148722	0.986878	0.062881
-0.349657	0.936701	0.0181687
-0.435683	0.897652	0.0663334
-0.120278	0.989587	-0.0790671
-0.202557	0.892626	0.402727
-0.0241263	0.993877	0.107826
0.185001	0.959998	0.210189
0.164851	0.913735	0.371366
0.0436435	0.994869	0.091269
-0.322022	0.945821	-0.0415186
-0.255201	0.942738	0.214748
-0.143845	0.916616	0.372994
0.0154988	0.999042	-0.0409221
0.314512	0.773127	0.550778
-0.305987	0.83413	0.45891
0.384954	0.824796	-0.414151
-0.0482531	0.991877	-0.117696
0.40807	0.911086	-0.0583246
0.00273379	0.975006	-0.222164
0.0296782	0.996833	0.0737808
0.247601	0.965629	0.0790869
-0.262558	0.88915	0.3748
-0.331839	0.844995	0.419364
0.262204	0.964375	-0.0350671
0.360368	0.925684	0.115085
-0.000594093	0.999283	-0.0378477
0.000797682	0.999728	0.0233217
0.124189	0.991535	-0.037877
-0.143794	0.975697	-0.165346
-0.306125	0.951732	0.0222357
0.302487	0.953153	0.000858807
0.119437	0.991415	-0.0532149
-0.415674	0.894228	-0.166049
0.221651	0.881455	0.417023
0.527818	0.798623	-0.289153
0.293337	0.920294	-0.258865
-0.260152	0.965345	-0.0207288
0.0565244	0.998211	-0.0194868
-0.0984248	0.989089	0.109618
-0.0266152	0.998047	-0.0565195
-0.070893	0.922994	0.378229
-0.0424708	0.976797	0.209916
0.103228	0.986827	0.124563
-0.102507	0.994611	0.0155632
0.309962	0.930771	0.193878
-0.110149	0.955847	-0.272442
0.434228	0.894536	-0.106073
-0.135334	0.987059	0.0860184
-0.00581558	0.987496	0.157539
0.202273	0.951241	0.232865
0.354058	0.845028	0.400714
0.00346822	0.994983	0.0999825
-0.244326	0.943766	0.222732
0.345107	0.893216	0.288214
-0.00586532	0.98608	0.16617
-0.173389	0.975835	-0.132976
0.0477984	0.998541	0.0251054
-0.143099	0.974678	0.171827
-0.020455	0.987961	0.153346
-0.273859	0.956423	-0.101271
0.192277	0.971509	-0.138563
0.0467804	0.99835	-0.0332853
0.134454	0.989357	-0.0556328
0.0473628	0.981439	0.185834
0.224612	0.966726	-0.122437
0.13904	0.822885	0.550935
-0.277384	0.921988	0.270179
0.25026	0.963761	0.0923871
-0.287246	0.925084	0.248414
0.0675617	0.997711	0.00301835
0.151192	0.96186	0.227961
0.0945378	0.963781	-0.249378
0.509506	0.857845	-0.0671251
-0.0310739	0.932358	0.360198
0.158234	0.982862	-0.094577
0.31349	0.91588	-0.250776
0.0799709	0.979382	0.185514
0.131842	0.987764	-0.0833101
-0.0506941	0.909021	0.413655
-0.0548923	0.99274	-0.107025
0.0690449	0.984354	-0.162113
-0.0162032	0.995584	-0.0924678
0.38848	0.916708	0.0934376
0.367322	0.922398	-0.119402
-0.156461	0.980422	0.119549
-0.0471711	0.986801	0.154918
0.0706123	0.99542	0.0644408
0.0807473	0.9743	-0.210285
-0.166237	0.928788	-0.331238
-0.0276046	0.998066	0.0556983
0.261212	0.961822	-0.0816474
-0.155626	0.953697	0.257377
-0.410179	0.911889	-0.0145722
0.483535	0.869143	0.103843
-0.414271	0.899014	-0.141962
-0.0406912	0.987927	0.149477
-0.164938	0.955771	-0.243509
-0.140402	0.985459	0.0956949
-0.0426854	0.99648	-0.0721505
0.0610872	0.998027	0.0145331
0.353525	0.92882	0.110971
-0.0810238	0.984656	-0.154556
0.202388	0.962767	0.179218
-0.135597	0.91751	-0.373883
-0.096497	0.989897	0.103887
0.252087	0.965585	0.0640227
-0.0260634	0.981236	0.19104
-0.390698	0.916249	-0.0885571
-0.032453	0.996145	0.0814952
0.0178983	0.999824	-0.00558797
0.265066	0.954608	0.135881
0.151181	0.986632	0.0608447
-0.102692	0.935163	0.339005
-0.214752	0.949811	-0.227466
0.207121	0.969694	-0.129591
0.142987	0.971325	0.189953
-0.0983165	0.992895	0.0670332
-0.306544	0.932152	0.192676
0.0438281	0.968606	-0.244709
0.0593691	0.996475	-0.0592622
-0.0719144	0.995577	0.0604617
0.0098222	0.999219	0.0382696
-0.0801328	0.99137	0.103751
0.21461	0.937712	-0.2732
0.0203869	0.999489	0.0246346
0.0145752	0.964558	-0.263467
-0.100615	0.992985	-0.0621018
-0.396576	0.771965	0.496787
-0.371984	0.903064	0.214717
0.206635	0.970257	-0.126111
-0.0173758	0.972317	-0.23302
0.428125	0.843551	-0.324239
0.143643	0.943125	-0.299803
-0.117027	0.99299	-0.0166012
0.352866	0.846124	0.399449
-0.335867	0.883277	0.327131
0.0336679	0.979837	0.19694
0.219789	0.969481	0.108628
0.157631	0.980935	0.113662
0.173817	0.98177	-0.0769174
-0.242938	0.970025	-0.00574684
-0.229478	0.95451	0.190397
-0.374733	0.925242	0.0591813
0.0462069	0.994163	-0.0974896
0.132177	0.964484	-0.22869
0.215033	0.975659	0.0430242
0.131899	0.985101	-0.110359
-0.22118	0.975192	0.00897973
0.0972067	0.915417	0.390593
0.413451	0.907254	-0.0771275
-0.150999	0.988534	6.59455e-05
-0.0944497	0.99412	0.0529628
0.119366	0.985325	0.122013
-0.358862	0.889767	0.282014
0.071432	0.987141	0.143001
-0.231757	0.96222	0.142901
-0.123829	0.908907	-0.39819
-0.0253145	0.988213	0.150976
-0.0691115	0.956581	0.283154
-0.0167673	0.964159	0.264795
0.598086	0.786533	-0.153813
-0.0165493	0.981672	0.189859
0.337881	0.91408	-0.224264
0.00119766	0.987099	-0.160107
0.196078	0.969025	-0.15015
-0.0368463	0.953321	-0.299702
0.247743	0.962072	-0.114198
0.0869207	0.995264	-0.0435201
-0.0433265	0.990828	-0.127993
0.148314	0.988785	-0.0175459
-0.432695	0.900492	-0.0434583
-0.101926	0.981689	0.160927
-0.114932	0.993076	0.024315
-0.117564	0.992815	0.0222728
-0.182113	0.973908	0.135416
-0.00619097	0.9999	-0.012703
-0.198264	0.976313	0.0866306
0.119125	0.957143	0.26398
-0.0699131	0.997541	-0.00493384
-0.23054	0.970634	0.068714
-0.101374	0.99156	-0.0808171
-0.429876	0.900706	-0.0627296
-0.438776	0.844986	0.305737
-0.308198	0.944617	-0.112753
-0.194571	0.959756	0.202509
-0.210871	0.952335	0.220435
-0.117512	0.992711	-0.0267538
0.11601	0.942497	0.313433
-0.130589	0.942646	0.307188
0.0317536	0.992091	0.121439
-0.339484	0.939696	0.0414906
0.0302076	0.992407	0.119227
0.0970236	0.988992	0.111723
0.116873	0.981206	0.153543
0.0291368	0.936479	0.349512
0.150998	0.988532	0.00202232
0.42984	0.886926	-0.169115
0.0770277	0.994189	-0.0751982
0.103595	0.938187	-0.330262
-0.000660343	0.999999	-0.00135739
-0.154613	0.974198	-0.164418
0.143112	0.983724	0.108658
-0.0673197	0.992782	-0.099261
0.0587147	0.845336	-0.530998
0.0613643	0.996146	-0.0626714
-0.103034	0.992221	0.0698723
-0.196411	0.950226	-0.241854
0.00832821	0.99866	0.051086
-0.0666931	0.981218	-0.181007
-0.373912	0.89649	-0.237689
0.198811	0.972018	-0.125119
0.013246	0.980013	0.198493
-0.19337	0.967344	0.163874
-0.214445	0.966428	-0.141529
0.256265	0.961075	0.103261
0.229322	0.946405	0.227439
-0.043632	0.98681	-0.155891
-0.0707912	0.98499	-0.157429
-0.0903213	0.989044	-0.116765
0.0983412	0.938928	0.329761
0.129373	0.960049	0.248132
-0.163435	0.94784	-0.273656
0.302594	0.948199	0.0967228
-0.164452	0.959595	-0.228326
0.293271	0.949783	-0.10911
0.0291369	0.984959	0.170314
0.0562914	0.891258	0.449989
-0.239574	0.891763	-0.383879
0.355988	0.910869	-0.208782
0.258042	0.93909	0.226989
-0.172055	0.983666	0.0528978
0.597283	0.77524	-0.205562
-0.205629	0.97835	0.0233973
-0.048167	0.998651	-0.0193788
-0.248386	0.956929	-0.150302
-0.12088	0.988397	-0.091972
0.0940737	0.993437	0.0650636
0.345831	0.926616	-0.147591
-0.0122611	0.999271	0.0361547
0.209499	0.971832	0.107951
0.0455287	0.969368	-0.241356
-0.1553	0.985585	0.0671105
0.131974	0.986776	-0.0941017
-0.26579	0.961522	-0.0695135
-0.0812456	0.994075	-0.0722037
-0.276392	0.949212	0.150345
-0.215502	0.973908	0.0711497
0.240107	0.966096	-0.0949015
-0.0873172	0.880434	-0.46606
-0.121506	0.973352	0.19448
0.0428777	0.992389	-0.11544
-0.387218	0.90082	0.19643
-0.0862467	0.96852	0.233519
-0.3162	0.916657	0.244454
0.160661	0.958454	0.235697
-0.0299303	0.999132	-0.0289867
0.139886	0.918935	0.368769
0.12815	0.886448	0.444732
0.00135462	0.982063	0.188548
-0.298209	0.954437	-0.0110126
-0.164221	0.957784	-0.235967
0.291222	0.93843	0.185847
-0.00512572	0.999984	0.00256145
0.0651213	0.986864	-0.147847
0.134342	0.947258	0.290954
-0.0933996	0.963742	0.249956
-0.0658119	0.997399	-0.0293853
0.104217	0.982594	0.153782
0.0147931	0.981559	0.190584
0.115213	0.928255	-0.35365
0.538915	0.803293	-0.253557
-0.318732	0.947822	0.00660539
0.0852122	0.981164	-0.17337
0.0934683	0.992289	-0.0813976
0.212217	0.97573	0.0539927
0.18447	0.954855	0.232858
0.203675	0.978334	-0.0371377
-0.142099	0.978509	0.149428
-0.105258	0.993991	-0.0300473
0.0820286	0.993596	0.0777031
0.196218	0.968471	-0.153501
0.369934	0.912529	-0.174472
0.151197	0.977621	-0.146279
0.362286	0.931751	0.0242701
-0.175089	0.974912	0.137442
0.322843	0.944212	0.0650811
-0.0423488	0.987151	-0.154074
0.112905	0.900694	-0.419527
0.206903	0.934147	-0.290791
-0.19163	0.901748	-0.387465
0.0995022	0.993548	0.0544268
-0.0148996	0.999007	0.0419892
0.188531	0.90088	-0.390988
0.00318057	0.987419	0.158092
0.291347	0.942608	-0.163114
-0.268513	0.9234	0.274289
-0.31229	0.874887	-0.3702
-0.00784517	0.968435	0.249144
0.0540182	0.981297	0.184768
-0.0751786	0.989193	-0.125881
0.0682571	0.984127	0.163811
-0.392895	0.828693	-0.398623
-0.117901	0.94941	0.291068
-0.188039	0.978384	-0.0860595
-0.134887	0.988518	-0.0681082
-0.0496948	0.993102	-0.106206
0.198587	0.708106	-0.677605
-0.19102	0.981487	0.013927
0.0998208	0.973587	0.205337
0.0216669	0.99558	-0.0913805
-0.0910354	0.995779	-0.0116931
-0.0982184	0.991623	-0.0838879
0.345422	0.873032	0.344237
0.115221	0.971115	-0.208948
-0.22039	0.952062	-0.212145
-0.162498	0.970581	-0.177672
0.223658	0.972504	0.0649038
0.221704	0.970488	-0.0948662
-0.092227	0.995729	-0.00420741
-0.234269	0.91732	0.321935
-0.115769	0.986149	-0.118778
-0.0306592	0.998851	-0.0368296
-0.0140608	0.994557	0.103241
0.110061	0.99379	0.0163984
0.0320268	0.993366	-0.110444
0.245576	0.968391	-0.0437282
-0.0272903	0.965094	-0.260478
0.0695913	0.924707	0.374266
0.341995	0.939549	-0.0169724
0.301113	0.91124	0.281019
-0.109519	0.993933	0.0101888
0.265454	0.860151	-0.435517
0.468789	0.882645	0.0342674
-0.168305	0.955443	-0.242492
-0.038163	0.978322	0.203543
0.0407478	0.998631	-0.0327897
0.035862	0.995153	-0.0915717
-0.0690015	0.991881	-0.106826
0.135888	0.871786	-0.470664
-0.453223	0.886721	0.0911866
-0.14748	0.978737	-0.142562
0.475158	0.828315	-0.296847
0.079086	0.993801	-0.0781314
0.00914196	0.999567	0.0279854
-0.305767	0.941576	-0.141213
0.166825	0.977118	-0.131949
0.216396	0.973023	0.079994
-0.342647	0.934722	-0.0942748
0.396671	0.917959	-0.00182373
-0.0318928	0.984073	0.174878
0.129672	0.991423	0.016316
-0.342844	0.901775	-0.263173
0.147621	0.988074	-0.0437962
-0.245784	0.94062	-0.234146
0.127727	0.98776	-0.0895372
0.0901881	0.988986	-0.11736
-0.1976	0.978019	-0.0665838
0.140758	0.989275	-0.0390057
-0.0730344	0.996381	0.0434865
0.0293365	0.987575	-0.154383
-0.0419497	0.981276	-0.187983
-0.00576437	0.999306	0.0367901
-0.183985	0.946317	-0.265768
-0.240748	0.969853	0.0377501
-0.158244	0.973154	-0.167122
-0.0290921	0.953168	-0.301038
0.0886841	0.989161	0.117032
0.143173	0.974369	-0.173511
0.0120711	0.977819	0.209105
-0.388665	0.920801	0.0326261
-0.0947972	0.995126	-0.0271542
-0.140114	0.972836	-0.184277
0.00742284	0.998506	0.0541356
0.216244	0.973428	-0.0753435
-0.386218	0.915969	0.108795
0.0237132	0.999704	-0.00537803
-0.251385	0.956997	0.144782
-0.268284	0.953959	0.134112
-0.078683	0.975828	0.203883
0.00486345	0.985412	0.170114
-0.176154	0.982591	-0.0590391
-0.153233	0.985791	-0.0688232
-0.0732974	0.99649	-0.0404296
0.324521	0.944603	-0.0490945
-0.0803968	0.996716	-0.00965783
-0.12741	0.985846	0.108972
-0.00625878	0.9975	-0.0703864
-0.317996	0.947255	0.0398294
-0.0588673	0.989027	-0.135502
-0.0195882	0.989276	-0.14474
-0.067019	0.984218	0.16378
0.155625	0.985243	0.0712499
0.0956783	0.995119	0.0241545
0.000201153	0.998739	-0.0501995
0.22434	0.955182	-0.193131
-0.283876	0.872629	-0.397408
-0.0460117	0.880449	-0.471903
-0.127946	0.966406	0.222911
-0.250014	0.905282	-0.343449
0.0250066	0.982012	-0.187158
0.157325	0.95441	-0.253676
0.112327	0.963365	-0.243538
0.0448696	0.971322	0.233496
-0.107518	0.976719	-0.185632
-0.254179	0.913468	0.317758
0.144135	0.985827	0.0858527
0.123195	0.989804	-0.0714935
0.00153621	0.97592	0.218123
0.075673	0.973563	0.215519
-0.0917863	0.995289	-0.0312306
-0.0329227	0.989775	-0.138788
-0.0313168	0.998126	-0.0525731
-0.041071	0.998988	0.0183531
0.0648907	0.996279	-0.0567152
-0.155412	0.91723	0.366791
-0.249344	0.967554	-0.040817
0.0979108	0.961548	-0.256592
-0.240187	0.967859	-0.0745582
-0.0506518	0.979484	-0.195053
0.0279345	0.996226	-0.0821851
0.328915	0.941667	-0.0712607
0.0282882	0.997749	0.0607987
0.025304	0.991474	-0.127827
-0.0317234	0.995687	0.0871888
-0.18631	0.957158	0.22167
-0.23961	0.968274	0.0709455
-0.146831	0.967402	0.206337
-0.0488278	0.972405	-0.228131
0.27446	0.941328	-0.196402
-0.342782	0.939119	0.0235828
0.142883	0.988209	0.0550262
0.340865	0.900124	0.271271
-0.0675637	0.973628	0.217906
-0.375844	0.923401	0.0779255
-0.0473122	0.975608	-0.214359
0.12595	0.991986	0.010047
-0.195391	0.969587	0.147387
-0.0646031	0.982831	-0.172827
-0.00605095	0.985392	0.170194
0.000705739	0.929545	0.368707
0.229361	0.9725	-0.0404521
-0.271912	0.962192	-0.0158423
0.0535489	0.998554	-0.00466863
0.235463	0.969073	-0.0738557
-0.113538	0.935179	-0.335484
0.028608	0.994981	0.0958877
-0.22563	0.973565	-0.035527
-0.0963388	0.994665	-0.0368883
-0.589887	0.790809	0.163259
-0.101188	0.95816	-0.267752
0.046099	0.996166	-0.074348
0.121421	0.974901	-0.186615
-0.0666487	0.91399	-0.400225
-0.0115689	0.999674	-0.0227512
-0.137214	0.990453	-0.0132109
-0.171053	0.98498	0.0235788
-0.15098	0.956426	-0.249908
0.224017	0.932083	-0.284672
-0.189914	0.925325	-0.328187
0.0551443	0.992213	-0.111682
-0.112495	0.9637	-0.242131
0.147817	0.974899	-0.166499
-0.367247	0.926108	0.0863338
0.340532	0.915347	0.21489
0.225594	0.954303	0.195994
-0.236402	0.959122	0.155558
-0.195933	0.975066	-0.104197
-0.268919	0.938111	0.218244
0.111282	0.965458	-0.235599
-0.338403	0.935895	0.0978965
0.421523	0.906817	-0.00076349
0.0902817	0.994216	-0.0581727
0.0307666	0.990532	-0.133792
-0.0888323	0.975576	0.2009
-0.505611	0.858903	-0.0815088
0.0815879	0.992075	-0.0955523
0.138022	0.988897	0.0550747
0.458388	0.885136	-0.0800919
0.162071	0.985559	-0.049045
-0.00491967	0.998741	-0.0499185
-0.490935	0.866216	0.0930174
-0.0782593	0.989946	-0.117827
0.0824472	0.981797	-0.171103
0.0073704	0.996624	-0.0817717
0.188491	0.981728	0.0261028
-0.0509983	0.998657	-0.00908069
0.312301	0.920588	0.234491
-0.153519	0.911922	-0.380566
-0.126112	0.981814	-0.141907
-0.0129375	0.999703	-0.0206462
-0.00581674	0.994063	0.108647
0.210807	0.974742	-0.0737401
-0.0731456	0.98597	-0.150044
0.117003	0.991859	0.0502533
0.0820171	0.970681	-0.225947
-0.10884	0.990044	0.0892623
0.0459606	0.994127	0.0979798
-0.0582741	0.991062	0.120003
-0.277671	0.944855	0.17363
0.0611489	0.997747	0.027583
-0.226012	0.973098	0.0446994
0.0919063	0.983909	-0.153217
0.0332101	0.991863	-0.122904
-0.0858168	0.994658	-0.0573614
0.0723072	0.982202	-0.17335
-0.0996966	0.950587	0.294014
-0.0326285	0.981366	-0.189356
-0.00146296	0.999737	0.0228839
0.582096	0.807788	-0.0929714
0.287147	0.905623	-0.31208
-0.381478	0.923565	0.0387574
0.183401	0.913163	-0.364002
-0.0533647	0.984793	-0.165332
0.0426681	0.998591	-0.0315649
-0.205936	0.857695	-0.471116
-0.0938949	0.993071	0.0706701
-0.167607	0.917285	-0.361242
-0.0981439	0.97981	-0.174186
-0.130824	0.973568	-0.187219
0.432362	0.865765	-0.25202
-0.100705	0.965157	-0.241516
-0.182247	0.928215	-0.324351
-0.190335	0.966642	-0.171395
0.172798	0.98481	-0.0170421
0.103937	0.992285	-0.0675875
-0.0757909	0.877945	0.472724
0.247946	0.967547	0.0487317
0.265748	0.963622	-0.0284756
0.319457	0.942531	-0.0978873
0.0646711	0.997423	0.0310526
-0.279548	0.932742	-0.227697
-0.197915	0.977283	-0.0758097
0.257882	0.898784	0.354519
0.142396	0.918237	-0.369546
0.282949	0.958614	0.0316007
-0.101007	0.993163	0.0585267
-0.20835	0.955518	-0.20875
-0.116023	0.966354	0.229561
0.395666	0.918394	-0.000893048
-0.0934878	0.993182	-0.0696322
-0.12042	0.946075	-0.300736
0.217403	0.918329	0.330769
-0.392928	0.84289	0.367619
-0.307498	0.941384	0.138714
-0.000486906	0.989576	0.144011
-0.288919	0.938967	0.186724
0.119729	0.939499	-0.320946
-0.025719	0.990519	0.134943
-0.303945	0.912781	0.272852
0.0358112	0.984272	-0.172991
-0.323664	0.908787	-0.26334
-0.210108	0.977431	0.0219618
-0.0465733	0.996844	-0.0642833
0.135727	0.989513	-0.049426
-0.349061	0.937076	0.00676596
-0.117294	0.984194	-0.132679
-0.0505185	0.998722	-0.00135274
-0.252764	0.879099	-0.404098
0.53011	0.826907	-0.187636
0.0464496	0.990295	-0.130988
-0.143814	0.989172	0.0292578
0.0802695	0.94668	-0.312017
-0.197995	0.931524	-0.305057
-0.0109962	0.999913	0.00734593
-0.153102	0.987241	-0.0437685
-0.0819825	0.947998	-0.307537
0.116339	0.990294	0.0760444
0.125829	0.989665	-0.068772
0.123158	0.938641	-0.322157
-0.365631	0.93046	0.0236207
-0.023504	0.988071	-0.152192
-0.148222	0.980366	-0.130049
0.181105	0.980778	-0.0726284
0.0516426	0.998665	0.000743579
0.0744659	0.829905	0.552913
0.266878	0.924321	0.272776
0.0479039	0.961419	-0.270886
-0.120962	0.953004	-0.277763
0.256635	0.919471	0.297843
-0.144929	0.946781	-0.287405
-0.453609	0.891053	0.016246
-0.0687463	0.994229	-0.0823557
0.539623	0.830792	0.136352
-0.0410818	0.977304	-0.20782
-0.134979	0.880083	-0.455231
0.036346	0.976744	0.211306
0.139457	0.920843	0.364143
-0.379476	0.925147	-0.010079
-0.186693	0.975045	-0.120134
-0.0452628	0.994573	-0.0936784
-0.0304346	0.969219	0.244311
0.449101	0.848055	-0.281266
0.0570224	0.998314	-0.0108156
0.261373	0.960345	0.0970662
-0.0833944	0.975761	0.202327
0.138723	0.979497	0.146088
0.140872	0.97026	-0.19685
-0.0500168	0.918943	-0.391205
0.505398	0.764881	-0.399411
0.268723	0.962833	0.0271976
0.22081	0.943858	0.245714
-0.17209	0.861362	0.477954
0.168931	0.959646	-0.224814
0.384597	0.913251	0.134378
-0.199941	0.915224	0.34984
-0.124187	0.976255	0.177494
0.234504	0.962352	-0.137432
-0.110235	0.981373	0.157339
-0.330346	0.940472	-0.0798945
-0.1171	0.943144	0.311072
0.137362	0.883467	0.447904
0.1844	0.974294	0.129413
0.0145374	0.982502	-0.185686
-0.123433	0.971369	0.202996
0.0970337	0.990894	0.0933462
-0.00703798	0.99973	-0.022143
0.0951174	0.960833	0.260294
0.140017	0.978315	-0.152626
-0.0691678	0.996816	0.0396582
-0.0161302	0.984338	0.175552
0.0204499	0.992546	-0.120146
-0.136071	0.973516	-0.183713
-0.0866034	0.991969	-0.0921862
-0.205041	0.955302	0.21297
0.379058	0.872922	-0.307119
-0.167665	0.985052	-0.03952
0.428926	0.903337	-0.00225511
-0.0877242	0.994799	0.0517603
0.0729159	0.989922	0.121398
-0.315482	0.947764	-0.0470549
-0.119332	0.98607	0.115869
-0.0419816	0.975782	-0.214678
0.042424	0.998472	0.0354057
0.00410922	0.999655	-0.0259453
-0.0232025	0.997841	0.0614427
0.28271	0.931083	0.230562
0.149022	0.98739	0.0534187
0.17939	0.950563	0.253473
-0.0520762	0.980868	0.187577
0.304662	0.92864	0.211679
0.187806	0.947981	0.257022
-0.0679535	0.980771	-0.182952
0.176819	0.961999	-0.208068
0.132524	0.973141	-0.188241
0.0341377	0.966977	0.252566
0.082353	0.990649	0.108774
0.191565	0.97593	-0.104232
0.247114	0.965183	0.0857712
-0.249878	0.956221	-0.152321
-0.246931	0.89633	0.368263
0.136655	0.986814	0.0867386
-0.040273	0.986657	0.15775
0.0524974	0.990118	-0.130039
0.199754	0.977776	-0.063655
-0.127568	0.988939	-0.0756711
-0.0990562	0.994929	0.0174529
0.357804	0.904304	0.232832
0.14417	0.982977	0.113893
-0.224024	0.971656	0.0754779
-0.19729	0.973834	-0.112804
-0.00785137	0.991022	-0.133471
0.0777197	0.96148	-0.263658
-0.112195	0.864956	0.489146
-0.230614	0.971953	0.0461004
-0.0994983	0.994756	-0.0236914
0.0464906	0.968139	0.246058
0.020494	0.970731	-0.239292
-0.194122	0.980651	-0.0252913
0.0516266	0.9981	0.0336177
0.141799	0.989194	-0.0372478
0.0673484	0.959411	-0.273852
0.0557853	0.998291	0.0173952
0.00884295	0.999959	-0.00191547
0.0522622	0.994936	-0.0858552
-0.0651591	0.989986	0.125229
0.191457	0.971023	0.143032
0.0171323	0.975367	-0.219923
-0.235501	0.947124	0.217935
0.0772181	0.980914	0.178451
0.0390717	0.99641	-0.0751032
-0.263596	0.959621	-0.0982102
0.0749223	0.994645	0.0711965
0.371081	0.927398	0.0472488
0.203606	0.917236	0.342379
-0.0497819	0.977459	0.205171
0.100938	0.991875	-0.0774369
-0.0446919	0.982103	0.182965
-0.109423	0.966568	0.231892
0.32137	0.943243	0.0837533
0.230146	0.969776	-0.0810358
0.0420449	0.906537	0.420027
-0.4176	0.88904	-0.187667
-0.0136148	0.986883	-0.160861
-0.201656	0.977556	0.0609901
0.259474	0.928397	0.265994
0.258234	0.948049	0.185792
0.236918	0.971523	0.0036975
0.0875675	0.995507	-0.0360118
-0.0309661	0.990873	-0.131192
0.0684062	0.931575	-0.357057
0.312053	0.943384	0.112474
0.0717201	0.995797	0.0569601
0.431875	0.887192	0.162403
0.293948	0.901561	-0.317461
-0.366115	0.921252	0.131354
0.0963667	0.970007	0.223159
-0.0269397	0.943516	-0.33023
-0.131331	0.986097	-0.101808
0.374124	0.923619	-0.083424
0.191955	0.973887	0.12123
-0.13029	0.963813	-0.232572
-0.318986	0.938593	0.131499
0.0162821	0.995282	0.0956478
0.0441242	0.871464	-0.488471
-0.235511	0.948661	-0.211134
0.272502	0.956209	-0.106801
0.0992701	0.995059	0.00168748
-0.00887946	0.9999	-0.0109833
0.148391	0.906374	0.395559
0.258752	0.964383	0.0548833
0.00468549	0.965007	0.262183
-0.395948	0.913821	-0.090316
0.187678	0.981591	0.0354454
0.0560854	0.994945	-0.0833009
-0.468883	0.877925	0.0969311
-0.163899	0.909328	-0.382438
0.106794	0.994241	-0.00895792
0.0544884	0.989944	-0.130544
-0.0319519	0.99458	-0.098945
-0.144766	0.967575	-0.206982
-0.230867	0.966635	0.110982
0.18359	0.966298	-0.180451
0.226214	0.973789	-0.0237183
0.19911	0.947309	0.25092
-0.291198	0.955953	-0.0368528
-0.198243	0.960719	-0.194211
0.0449284	0.970544	-0.236697
0.253652	0.964702	0.0707837
0.163827	0.967332	-0.193467
0.193814	0.980023	-0.0446235
-0.110595	0.990606	0.080428
0.424598	0.901498	-0.0837746
-0.063093	0.91924	-0.38861
-0.134806	0.980546	0.142678
-0.0189258	0.997834	0.0630086
-0.0249964	0.998112	-0.0561029
0.140882	0.932982	-0.331206
0.221031	0.935403	0.275984
0.243669	0.962124	0.122238
-0.049486	0.998385	-0.0279136
-0.203845	0.975628	0.0812171
0.164867	0.924179	0.344546
0.0169328	0.99078	0.134421
-0.0199898	0.985381	0.16919
-0.00024684	0.975531	-0.219861
-0.20253	0.958702	-0.19968
-0.208781	0.977631	-0.0254582
0.413695	0.873007	0.258294
-0.180838	0.958892	0.218685
-0.187729	0.960619	-0.204863
0.155361	0.987743	-0.0150254
-0.121258	0.967297	0.222786
0.214947	0.97497	0.0568446
-0.032386	0.985224	-0.168179
0.204301	0.946223	0.250845
-0.158718	0.953527	-0.256114
0.0509427	0.949289	-0.310252
-0.300507	0.952036	-0.0576452
-0.0493571	0.997823	-0.0437449
0.286951	0.881504	0.37498
0.145079	0.989068	0.0264024
0.34225	0.915812	-0.210126
-0.143309	0.989259	0.0287811
-0.17526	0.983702	0.0401746
-0.0213143	0.999648	-0.015821
-0.0428569	0.991704	-0.121184
-0.131401	0.990727	-0.0345629
-0.00175482	0.996539	-0.0831118
-0.0959357	0.99214	-0.0803376
-0.0123114	0.984965	-0.172313
-0.343626	0.897375	0.276837
-0.0505275	0.970743	0.234743
0.0395944	0.889801	0.454628
0.216298	0.906492	-0.36261
-0.0482596	0.998691	0.0169467
0.378206	0.910634	-0.166453
-0.0841173	0.95831	-0.273067
0.00221764	0.977745	-0.209783
-0.0151142	0.998164	-0.0586471
0.11301	0.97859	-0.172018
0.455922	0.844983	-0.279533
-0.226906	0.965772	-0.125687
0.503476	0.839092	-0.206003
0.225834	0.974026	-0.0165258
0.00134813	0.998792	0.049119
-0.414793	0.900681	-0.129311
-0.0597065	0.874161	0.481952
0.0029128	0.987996	0.154455
-0.434246	0.900739	-0.00996428
0.200697	0.91131	0.359492
0.245908	0.956986	0.153969
0.0453621	0.996931	-0.0638103
-0.475461	0.868261	-0.141634
-0.393522	0.905202	-0.160469
0.407818	0.913013	-0.00961384
-0.112201	0.990351	-0.0813327
0.112776	0.963568	-0.242525
-0.160393	0.98603	-0.0449232
-0.27328	0.927134	0.256399
0.0526014	0.988013	-0.145132
-0.104716	0.987963	-0.113859
0.245907	0.955072	0.165432
0.0181612	0.999797	0.00870418
0.136845	0.814364	-0.56399
0.127597	0.988233	-0.0843525
0.0552157	0.973909	0.220121
0.3951	0.917775	-0.0398189
-0.0874045	0.976236	0.198303
0.259304	0.965542	0.0221356
0.260226	0.955985	0.135557
0.0414307	0.995193	-0.0887335
0.199997	0.964309	0.173521
-0.400445	0.911701	-0.0918967
0.360681	0.929236	-0.0801842
-0.24547	0.958983	-0.141759
-0.255229	0.958546	0.126679
-0.0779931	0.987416	0.137575
0.165708	0.981563	-0.095267
-0.226159	0.971522	-0.0706943
0.0783254	0.996927	-0.00123968
0.0586851	0.982595	-0.17625
0.216821	0.934111	-0.283595
0.333873	0.895928	-0.292986
0.131486	0.961662	0.240662
0.125229	0.983597	-0.129825
-0.355864	0.928264	0.108103
0.0983353	0.982474	0.158354
-0.169935	0.886075	0.431269
-0.207701	0.971606	-0.113326
0.13996	0.988343	-0.0599086
0.112065	0.982924	-0.145953
0.0477948	0.88963	0.454174
-0.131602	0.989076	-0.0663984
0.127851	0.991745	0.00980809
-0.179742	0.960449	0.212675
0.167615	0.960751	-0.221047
-0.0895525	0.957711	0.27344
-0.023943	0.99962	-0.0136698
-0.17977	0.982753	0.0433561
-0.0745887	0.980428	-0.182203
-0.061984	0.980094	0.188612
0.344172	0.902294	0.259637
0.0764292	0.983829	0.161983
-0.203627	0.976488	-0.0707566
-0.270715	0.889429	0.36828
0.252549	0.966518	0.0454001
0.158632	0.987249	0.0132417
-0.24025	0.932585	0.269381
0.223607	0.960382	-0.166335
0.0861824	0.987997	0.128197
-0.280644	0.938791	0.199775
-0.110116	0.929453	0.352123
-0.104577	0.988281	0.111194
0.202675	0.978244	0.0442836
-0.0257538	0.981137	0.191592
-0.0141803	0.998298	0.0565775
-0.274101	0.92525	-0.262262
-0.187855	0.9811	0.0463975
0.25939	0.939473	0.223848
-0.0913191	0.962919	-0.253865
-0.0105538	0.944005	0.329762
-0.0124521	0.99446	-0.104374
-0.109322	0.957451	-0.267087
0.0539435	0.954749	-0.292481
0.0367016	0.99436	0.0995008
-0.0731811	0.991207	-0.110238
0.190584	0.979942	-0.0582434
-0.00554213	0.989075	-0.147309
0.0471071	0.910478	-0.410866
-0.0729852	0.975075	-0.209528
0.450418	0.892736	0.0120972
0.570514	0.812619	0.119012
-0.190072	0.976541	0.101193
0.00627582	0.998165	-0.060227
0.0640503	0.95764	0.280754
0.223713	0.971149	-0.0825995
0.18	0.943439	0.278431
-0.238228	0.936147	0.258603
-0.286784	0.944907	0.157819
0.324195	0.945807	-0.0186404
-0.212992	0.976827	-0.0210769
0.20442	0.975478	0.0815762
-0.439156	0.882426	0.16872
-0.151734	0.980375	0.125866
-0.110931	0.939775	0.32329
-0.128116	0.900674	0.415178
0.0972282	0.995234	-0.00747124
0.233531	0.971404	0.0428701
-0.110683	0.986556	-0.120233
-0.169902	0.97881	0.114298
-0.203286	0.936014	-0.287321
0.38607	0.887134	-0.252871
0.0594619	0.990869	0.121008
0.194258	0.971933	0.132703
0.0162835	0.999574	0.0242139
-0.270838	0.94935	0.159314
0.255839	0.883795	-0.391731
0.26922	0.93603	-0.226646
-0.128001	0.975104	0.181073
-0.116234	0.981525	-0.151981
-0.0591939	0.980908	-0.185247
-0.180584	0.980634	-0.0758094
-0.0915733	0.994045	-0.0590673
0.229958	0.953589	0.19439
0.158074	0.984466	0.0764085
-0.0171474	0.983636	-0.179352
-0.0465295	0.997968	-0.0435354
-0.213308	0.969334	-0.122031
-0.487101	0.865385	-0.117651
-0.139735	0.937332	0.319192
0.0052308	0.952501	-0.304491
-0.226681	0.970494	0.0822068
-0.469916	0.852176	-0.230165
-0.499968	0.865591	0.0280135
0.0235958	0.869994	0.492497
0.238792	0.95013	0.200578
-0.21391	0.971823	-0.0990052
-0.125159	0.977267	0.17113
-0.0275481	0.997468	-0.0655644
-0.0932187	0.957818	-0.271838
-0.452752	0.877508	-0.158097
0.108237	0.99387	0.0225289
0.230839	0.972824	0.0180669
0.235424	0.957078	0.169046
0.456331	0.838492	-0.297813
0.169712	0.936844	-0.305811
0.137866	0.989362	0.0464394
0.122164	0.992338	-0.0184798
-0.127779	0.966534	-0.222452
-0.233752	0.923987	0.302669
-0.0393891	0.962343	-0.268971
-0.270595	0.962693	-0.000217345
-0.126053	0.978711	0.161973
0.323113	0.894633	-0.308593
0.15389	0.97609	-0.153515
-0.0442507	0.996835	-0.0660496
0.0117532	0.995857	0.0901723
0.179194	0.861896	0.474368
0.0932515	0.989839	-0.107346
-0.234357	0.941785	0.241077
0.0179393	0.970994	-0.23843
0.417848	0.864761	-0.278551
0.509161	0.856074	0.0888429
0.0436964	0.994964	0.0902052
-0.0444076	0.974389	-0.220442
-0.0795929	0.989634	0.119538
-0.108065	0.993628	-0.0320135
-0.11018	0.98392	0.140575
0.271071	0.905411	0.326728
0.037732	0.953137	-0.300176
0.0900832	0.982016	-0.165923
-0.090198	0.995357	-0.033584
-0.0373725	0.97995	-0.195709
0.123815	0.990632	-0.0576051
0.460482	0.887632	0.00809277
-0.246753	0.959944	-0.132741
0.0950245	0.971258	-0.218239
-0.0839966	0.992792	-0.085494
0.0860464	0.972865	-0.214778
-0.0533898	0.998411	-0.0180417
-0.087198	0.917699	-0.387588
0.128034	0.988612	-0.07908
-0.381865	0.921278	0.0736584
-0.494185	0.848693	-0.188416
0.0299688	0.957912	0.285495
-0.205833	0.955486	0.211373
-0.0422944	0.983321	-0.176892
-0.0370707	0.999188	0.0157863
-0.00683708	0.916813	-0.399258
0.218348	0.972379	-0.0824831
-0.4045	0.714626	0.570693
-0.202291	0.973157	0.109748
-0.106408	0.990929	-0.0820773
-0.00619545	0.990617	-0.136526
0.00451097	0.96689	-0.255155
-0.179378	0.970557	-0.160758
0.0843828	0.995901	-0.0325718
0.281726	0.946274	0.158731
-0.187241	0.958265	0.216032
0.230836	0.971398	0.0556821
0.07482	0.961793	-0.263356
-0.0514106	0.997762	-0.042749
0.0715924	0.990919	0.113812
-0.141249	0.989307	-0.0363257
0.302879	0.952341	-0.0362079
0.0491012	0.98172	-0.183888
-0.273401	0.852139	-0.446218
0.0842056	0.995898	-0.0331023
-0.142419	0.979942	-0.139391
0.0142231	0.996716	-0.0797148
-0.128647	0.968482	-0.213289
-0.0655717	0.958572	0.277199
-0.0296526	0.960894	0.275325
-0.139539	0.935147	0.32562
0.232698	0.967532	-0.09866
-0.00931762	0.989197	-0.146292
-0.128065	0.991677	0.0133052
-0.194231	0.979597	0.0516133
0.164829	0.982608	-0.0855174
-0.126684	0.946079	0.298138
-0.0538949	0.998307	-0.0218877
0.294952	0.822788	-0.485822
0.188974	0.945524	-0.26509
0.349887	0.93565	-0.046238
-0.0372651	0.999013	-0.0241785
0.0486631	0.995784	0.0777508
0.12301	0.923567	-0.36317
-0.127137	0.907723	-0.399844
0.228696	0.973361	0.0163324
0.0245647	0.909179	0.41568
0.0875139	0.9929	0.0805642
0.282395	0.933045	-0.222891
-0.17124	0.968573	-0.180398
0.0218613	0.983362	-0.180339
-0.0812872	0.977346	-0.195413
0.117236	0.985846	-0.119846
-0.198464	0.978469	0.0566674
-0.132227	0.968422	-0.211366
0.205349	0.971554	0.117961
-0.25424	0.959207	-0.123629
-0.0903123	0.994782	-0.0474612
-0.140458	0.98741	0.0727594
-0.114888	0.975161	0.18937
0.247056	0.964653	0.0916981
0.34638	0.926958	0.144119
-0.0839141	0.996225	-0.0222343
0.441053	0.896303	0.0459752
0.205238	0.91733	-0.341149
-0.195031	0.980659	0.0164299
-0.134164	0.946274	0.294219
-0.0159364	0.966573	-0.255897
-0.0681949	0.904597	0.420777
0.100296	0.9836	0.149906
0.412305	0.887804	0.204471
0.0518569	0.994871	-0.0868446
-0.0510925	0.939116	-0.339779
0.35455	0.928516	-0.11024
0.166425	0.982077	0.0884699
0.226654	0.973718	0.0223692
-0.07303	0.989801	-0.122316
-0.0298673	0.992773	0.116233
0.08097	0.992531	-0.0912523
-0.0928028	0.979328	-0.179733
0.133886	0.893729	-0.428163
-0.12678	0.927138	-0.352622
-0.00525311	0.951101	-0.308835
0.532364	0.823049	-0.197936
0.248823	0.959923	0.128975
0.196406	0.980208	-0.024856
0.163408	0.978835	-0.123208
-0.144563	0.944199	-0.295956
-0.127358	0.952699	-0.275943
0.106546	0.994162	0.0170507
0.107085	0.928993	0.354265
0.116303	0.992975	-0.0217662
0.253241	0.955861	0.14899
-0.131275	0.98987	0.0540673
0.257053	0.964958	-0.0527275
0.175029	0.984369	-0.0195672
0.103644	0.990412	-0.0913369
0.123843	0.991006	-0.0506975
-0.189047	0.971408	0.143622
0.0249244	0.998701	0.0444472
0.074762	0.981777	-0.174714
0.0715413	0.986287	-0.148724
0.189724	0.981214	0.034985
-0.0237941	0.996858	-0.0755564
-0.29708	0.9441	-0.142892
0.0370077	0.9925	-0.116505
0.190842	0.909548	0.369191
-0.0320588	0.9926	-0.117123
-0.0855222	0.906194	-0.414125
-0.407531	0.907314	0.103438
-0.155884	0.960765	0.229413
-0.129134	0.991601	-0.00719549
0.159617	0.987094	0.0129524
0.0464462	0.984744	-0.167698
0.118299	0.946205	0.301167
0.234647	0.970527	0.0549296
0.274539	0.915673	-0.293549
0.223596	0.974095	-0.0338252
0.0296034	0.99922	-0.0261453
0.167057	0.982783	0.0789308
0.459727	0.811754	0.360149
-0.0858158	0.991606	-0.0967132
0.0462234	0.957366	-0.285156
-0.0781842	0.952959	-0.292842
0.195881	0.980586	-0.00898557
-0.365571	0.918539	0.150477
0.190219	0.977981	-0.0858437
-0.164877	0.979751	0.113594
0.355423	0.867605	0.347759
0.257339	0.859861	0.440926
-0.00296193	0.99925	-0.0386154
-0.203976	0.899465	0.386466
0.128987	0.990445	-0.0488003
0.112241	0.924912	-0.363235
-0.0724002	0.993601	0.0866872
0.191494	0.951881	0.239273
0.329738	0.907717	-0.259466
0.145227	0.988579	-0.0402675
-0.414844	0.881784	-0.224412
0.370586	0.927652	-0.0461291
0.289121	0.952331	-0.0973386
0.198387	0.956232	-0.215089
0.0492361	0.998117	-0.0365744
0.235461	0.944244	0.230132
-0.310077	0.949798	0.0416611
-0.010518	0.977161	-0.21224
0.068025	0.995988	0.0581381
0.0707446	0.9385	-0.337954
-0.273808	0.944565	-0.181181
0.127782	0.98795	0.0873338
0.215969	0.938461	0.269534
0.194132	0.978243	-0.0731711
0.210592	0.97432	0.0796944
0.14184	0.948611	-0.282874
-0.32878	0.934136	-0.1389
0.162474	0.951031	0.262948
-0.107323	0.977019	0.184162
0.175238	0.979033	-0.103858
0.03866	0.996623	0.0724445
-0.32536	0.923806	-0.201801
-0.0358617	0.997556	0.0599717
-0.18168	0.955477	-0.232501
0.207065	0.978101	-0.0210269
0.159796	0.985999	-0.04765
0.325626	0.882458	0.339464
-0.101289	0.986516	0.128557
0.239793	0.936787	-0.254812
-0.233273	0.964963	0.120126
0.169389	0.96345	0.207535
0.193944	0.973252	0.12315
0.0276066	0.977341	-0.209862
-0.368531	0.929294	-0.0244472
-0.0924231	0.992955	0.0741503
0.378477	0.919074	-0.109807
-0.0797846	0.799776	-0.594973
0.305454	0.951515	0.0362949
0.157194	0.984169	-0.081865
0.135259	0.9693	0.205335
-0.0345328	0.999006	0.0281983
0.315696	0.936443	-0.153005
0.161212	0.96809	-0.191866
0.0780854	0.990353	-0.114474
0.0841027	0.927816	0.363433
0.0953025	0.989809	0.105808
0.0735939	0.984358	0.16007
-0.01411	0.983627	-0.179662
-0.247304	0.964326	-0.0944251
0.0450504	0.998981	0.00261619
0.233214	0.957902	-0.167438
0.0144598	0.954087	0.29918
-0.162309	0.984043	-0.0729118
-0.122216	0.969926	0.210491
0.0271443	0.942914	-0.331929
-0.169634	0.985014	-0.0311644
0.00499143	0.979124	0.203204
0.124345	0.959207	-0.253889
-0.00345792	0.99378	-0.111304
0.0136095	0.999763	0.0169918
0.135505	0.990103	-0.0365335
-0.315826	0.864595	-0.390806
-0.0913782	0.98945	0.112424
-0.13108	0.991313	0.0108247
0.0072639	0.972133	0.234316
0.367127	0.890342	-0.269275
0.0943521	0.993923	-0.0566944
0.123777	0.95757	0.260269
0.141496	0.916059	-0.375253
-0.242819	0.755892	-0.608002
-0.0229265	0.946119	-0.323007
0.308771	0.937739	0.159079
0.429212	0.884693	0.181922
0.0333114	0.998915	-0.0325438
-0.0654473	0.901453	0.427902
0.276053	0.949049	0.151991
-0.465773	0.881902	0.0728306
0.0586327	0.948584	-0.311048
0.0514961	0.98351	0.173365
-0.0486002	0.997818	0.0446811
0.0329594	0.989124	-0.143345
0.264175	0.959693	0.0959219
-0.216432	0.969489	-0.115097
-0.173872	0.969474	-0.172882
0.10164	0.994816	-0.00331937
0.175037	0.984246	-0.0249568
0.0841981	0.996418	-0.00787027
-0.133184	0.990911	-0.0189222
0.296757	0.925413	-0.235681
0.0217884	0.9621	-0.271826
0.337003	0.913828	-0.226598
0.299737	0.947833	-0.108495
0.249342	0.942381	0.223039
0.0700275	0.893153	0.444268
-0.124061	0.982368	-0.139863
0.060721	0.960002	0.273331
-0.0266243	0.999424	-0.0210351
0.176521	0.975805	0.129016
0.3684	0.929532	-0.0158885
0.103719	0.984323	0.142657
-0.148096	0.892127	0.426822
0.000515451	0.998683	0.0513099
-0.334947	0.942197	-0.00867795
0.0803122	0.973482	-0.214201
0.193342	0.955925	0.220966
0.0632747	0.99274	0.102295
0.386826	0.918853	-0.0779452
-0.0665625	0.996753	0.0453078
-0.00584314	0.999312	-0.0366346
0.0048057	0.996829	0.0794223
0.0426952	0.915318	-0.400463
0.105293	0.990622	-0.0870757
0.168773	0.979288	0.111852
-0.0944323	0.951864	-0.291611
-0.041641	0.995089	-0.0898025
-0.196474	0.93592	-0.292321
0.119073	0.9886	-0.0921483
0.0308285	0.973916	0.224806
-0.0227141	0.999354	0.0278571
-0.162583	0.968766	0.18724
-0.0141264	0.999727	0.0185844
0.194928	0.978428	0.0684261
0.228867	0.954487	-0.191244
-0.239699	0.90305	-0.356435
-0.0490673	0.996849	0.0623213
-0.22279	0.913486	-0.340452
0.135372	0.949819	0.281988
0.265303	0.964017	-0.0168831
-0.0718512	0.972173	0.222971
0.489328	0.871531	0.0314931
-0.0102965	0.968775	-0.247727
0.0567154	0.962396	0.265664
-0.0531643	0.900633	-0.431317
0.0325983	0.998933	-0.0327261
-0.234952	0.956312	0.173968
-0.156093	0.984666	-0.077896
-0.170236	0.984717	0.0367844
0.364018	0.887186	0.283536
0.0890418	0.981822	0.16762
0.179748	0.97665	-0.117665
0.0762892	0.973445	0.215837
-0.0776731	0.981149	-0.176955
-0.0701269	0.989867	-0.123469
0.0629071	0.995176	-0.0752815
-0.268379	0.963137	0.0184406
-0.0934008	0.995608	-0.00641024
-0.168849	0.985548	0.013638
0.0405058	0.891597	0.451015
-0.282691	0.935656	0.211266
0.089455	0.987908	0.126634
0.0570043	0.997646	-0.0381303
-0.277234	0.960322	0.0303679
-0.610285	0.792069	0.0133485
-0.369787	0.899776	-0.231645
0.108083	0.95514	-0.275727
0.205973	0.974523	0.0887681
-0.0820344	0.951452	-0.296663
0.205324	0.978141	0.0329089
-0.233382	0.970899	0.0537474
0.462855	0.8688	-0.175933
-0.470915	0.774529	0.422308
0.174537	0.965089	0.195297
0.0273243	0.956317	0.291052
0.0341674	0.998639	0.0394074
0.139422	0.977673	0.157216
-0.287764	0.867003	-0.406814
0.197838	0.935364	-0.293179
-0.453553	0.830946	0.322209
-0.100119	0.913768	-0.393706
-0.320555	0.94113	0.107328
0.0735368	0.974715	-0.211005
0.28046	0.932727	-0.226631
-0.0263543	0.968354	-0.248186
0.566585	0.78146	0.261346
0.19149	0.926747	-0.32322
-0.521419	0.837594	-0.162969
-0.28904	0.918062	0.271327
-0.114213	0.930539	-0.347927
0.290949	0.946455	-0.139896
-0.00561694	0.968714	-0.248116
0.338027	0.939312	-0.0585755
0.186055	0.947159	0.261291
0.0725198	0.936249	0.343771
0.170886	0.964633	-0.200703
0.312181	0.94763	-0.0673803
0.0760149	0.964221	-0.253968
-0.207105	0.97794	0.0272303
-0.0781775	0.992259	-0.096488
0.286771	0.936839	0.200238
-0.0526983	0.97349	0.222576
0.0505911	0.992215	0.113796
-0.223041	0.961322	-0.161598
0.0495889	0.974761	-0.217674
0.0680695	0.989812	-0.125055
0.136194	0.988742	-0.0619643
0.353622	0.925102	-0.138341
-0.29737	0.886829	-0.353703
-0.0232237	0.95913	0.28201
-0.158218	0.970078	0.18416
-0.0367836	0.971031	0.236106
0.00679551	0.999977	-0.000454652
0.390659	0.919599	0.0415142
0.37239	0.917382	0.140485
-0.117078	0.992704	0.0288344
-0.126179	0.97106	0.202783
0.113578	0.937625	0.328572
-0.150663	0.963008	0.22342
0.305424	0.944091	0.124131
-0.190798	0.967704	-0.164757
0.00919742	0.88622	-0.463174
0.12994	0.988738	0.0742516
-0.124634	0.988228	0.0887265
0.0779283	0.99661	-0.0263807
-0.140666	0.930044	0.339457
-0.277474	0.935997	-0.216606
-0.00639788	0.999976	0.00257033
0.31671	0.942432	0.107315
-0.279272	0.959363	-0.0403745
0.0766994	0.988965	0.126746
0.180673	0.978963	0.0948066
0.0858513	0.993678	0.0723393
-0.0373329	0.826134	-0.562236
-0.146956	0.977821	0.149231
0.268195	0.857746	0.438571
0.320593	0.944369	0.0733931
0.15863	0.98505	0.0671812
-0.0320797	0.991962	0.122404
-0.205169	0.978615	-0.0147826
-0.210883	0.975328	-0.0652962
0.375719	0.904619	-0.201244
0.363765	0.919397	-0.149612
-0.168631	0.983287	0.0686234
0.181063	0.97101	-0.156064
0.0879235	0.966953	-0.239313
0.00639732	0.986056	-0.166293
-0.0258559	0.992253	0.121511
-0.257277	0.956217	-0.13949
-0.245102	0.964532	-0.0979937
-0.131074	0.991295	0.012373
0.316591	0.876982	-0.361486
0.170576	0.980494	-0.0976502
-0.147974	0.982539	-0.112784
0.0650218	0.99782	-0.0113196
0.0724316	0.980507	0.182646
0.288784	0.953847	0.0823355
0.20009	0.979706	-0.011869
0.0933538	0.983336	0.155996
0.0626764	0.993724	-0.0926499
0.0875234	0.910282	-0.40463
-0.158703	0.969477	-0.186888
-0.283499	0.947038	-0.15082
-0.134309	0.990231	-0.0374535
0.512801	0.845689	0.147799
-0.265759	0.964007	-0.00795673
0.364729	0.929309	-0.0579394
-0.300342	0.952898	-0.0422032
-0.266708	0.962427	-0.0510059
-0.0883834	0.993143	-0.0765163
-0.0564086	0.991598	0.116414
0.304229	0.86157	0.406376
-0.0699576	0.994946	0.0720311
0.281611	0.958715	-0.039502
0.140124	0.892007	0.429753
0.246008	0.965275	0.0878838
-0.0135005	0.996445	0.0831572
0.25335	0.956936	0.141727
0.0812148	0.983863	-0.159427
0.0215515	0.999399	-0.0271662
0.0158205	0.988006	0.1536
0.335509	0.926873	0.168348
0.383944	0.887724	0.254033
0.0347968	0.971375	-0.234987
0.172038	0.963842	0.203498
-0.0751948	0.996783	0.0277279
-0.121835	0.988823	-0.0859435
-0.0397612	0.97341	-0.225594
0.29123	0.921512	0.256905
0.0835816	0.930117	0.357625
-0.00281619	0.994066	-0.108739
0.182353	0.980788	-0.069293
-0.155587	0.983532	-0.0919696
0.0640226	0.989017	0.133218
0.134674	0.93677	-0.322993
0.151326	0.971597	-0.181933
-0.000170425	0.99634	-0.085479
0.117067	0.990315	0.0746463
0.157931	0.986727	0.0377819
0.145408	0.968299	-0.203109
0.255102	0.966914	0.000746154
0.0877659	0.989981	0.110608
0.301308	0.928111	-0.218684
0.043241	0.95801	0.283456
0.0868264	0.966947	0.23974
-0.44165	0.866117	0.234065
-0.101432	0.990837	0.0891862
0.0483856	0.989173	-0.13855
0.423145	0.889728	0.171268
-0.0947967	0.886837	-0.452253
-0.0684743	0.960776	0.268739
-0.164183	0.947879	-0.273075
-0.122724	0.979315	0.160878
-0.174042	0.953032	-0.24787
-0.22587	0.939267	0.258379
-0.0400936	0.889109	0.455936
0.131986	0.991163	0.0132493
-0.134759	0.954094	-0.267478
0.0845624	0.996341	0.0124415
-0.0927273	0.98352	-0.15521
0.0982025	0.9723	-0.212104
0.143972	0.989377	0.0201459
0.155651	0.984245	0.0838747
0.168169	0.984356	-0.0525516
-0.243474	0.96964	0.0227848
-0.0420125	0.996392	-0.0737403
0.231854	0.967592	-0.100049
0.0763472	0.996191	-0.0421376
-0.196912	0.978528	-0.0608988
-0.196684	0.97956	0.0421625
0.115626	0.937772	0.327436
-0.0941584	0.994629	-0.0429718
0.209877	0.967804	-0.13895
-0.0370078	0.994825	0.0946268
-0.153256	0.921338	0.357281
-0.195014	0.947211	-0.254483
0.261124	0.962494	0.0736179
-0.106937	0.910995	0.398312
0.0756271	0.974402	0.211713
-0.0164168	0.997306	-0.0714891
-0.385163	0.912451	0.138137
-0.198569	0.947076	0.252226
-0.214572	0.958692	0.186731
-0.294608	0.949437	0.108514
0.0539901	0.984392	-0.167501
-0.179521	0.943876	-0.277254
-0.155049	0.979272	0.130328
0.0605089	0.992201	0.108973
0.313614	0.936641	-0.156043
0.261429	0.965212	0.00453184
0.0844633	0.9955	-0.0429612
0.210435	0.977061	-0.0327018
-0.148191	0.987192	0.0590806
-0.304432	0.879981	0.364629
0.488409	0.84016	0.235771
-0.00572564	0.984678	-0.174286
-0.120656	0.991697	-0.044491
0.0558062	0.996818	0.0569105
0.0418541	0.984529	-0.170149
-0.31513	0.864647	-0.391253
-0.0724674	0.994019	0.0817004
-0.045285	0.995967	0.0774536
-0.00996299	0.936436	-0.350697
0.458401	0.774135	-0.436558
-0.147738	0.962942	0.225645
-0.0542094	0.992732	-0.107444
0.393045	0.897239	-0.20119
-0.0260083	0.918207	0.395247
0.0135213	0.998733	-0.0484791
-0.277188	0.938395	-0.206355
-0.19419	0.980298	-0.0361515
-0.539703	0.837762	-0.0829184
0.210576	0.954893	0.209371
0.300295	0.937877	-0.173811
0.0247651	0.976575	0.213747
-0.228045	0.952582	-0.201453
-0.295061	0.944796	-0.142473
-0.277993	0.96045	0.0159894
0.0124413	0.914431	0.404551
0.157667	0.983517	0.0885161
0.129909	0.976392	-0.172576
0.0253569	0.985795	0.166026
0.409627	0.910605	-0.0548075
-0.265922	0.944757	-0.191625
0.164029	0.985261	0.0485341
0.193355	0.969766	0.148887
-0.00725279	0.998764	-0.049173
-0.0115689	0.973903	0.226669
-0.071655	0.994205	0.0801371
0.416405	0.819458	-0.393822
-0.138213	0.981039	-0.135862
0.25015	0.965797	-0.0682691
-0.198625	0.890461	0.409422
-0.242492	0.965197	0.0979368
0.211936	0.886533	0.41127
-0.0502404	0.976214	-0.210908
0.288454	0.942611	0.168162
-0.439383	0.889081	0.128362
0.330263	0.936904	0.114612
0.00472974	0.965467	0.260484
0.461835	0.861279	-0.211913
0.493792	0.836176	0.238704
0.0571029	0.99714	0.0495174
-0.316498	0.934344	0.163802
-0.292263	0.956275	0.0109591
0.361158	0.932444	-0.0106072
-0.060059	0.918919	-0.389848
-0.296882	0.932403	-0.206122
-0.183093	0.945032	-0.270907
-0.109723	0.987906	0.109557
-0.0486505	0.995893	-0.076357
0.0894481	0.970749	0.222811
0.127765	0.989567	-0.0665862
0.563545	0.825763	-0.0230708
0.10133	0.98312	0.152338
-0.356549	0.883619	0.303464
-0.227833	0.964868	0.130853
0.0801876	0.996503	-0.0234718
0.165754	0.983534	-0.0720154
0.0573901	0.991559	0.11626
-0.220134	0.970456	-0.0987777
-0.0960904	0.993802	-0.0558931
-0.202517	0.948243	0.244588
-0.149936	0.988564	0.0161209
-0.135239	0.984015	0.115868
-0.216057	0.970872	-0.103572
-0.216893	0.97539	-0.0396444
-0.160609	0.986551	-0.0303501
-0.147692	0.988575	-0.0301156
0.168943	0.965129	0.199961
-0.0692975	0.914138	-0.399436
-0.0913022	0.979756	-0.178165
0.125379	0.932012	0.340048
-0.0405832	0.97686	-0.209993
0.138772	0.974631	0.175606
-0.078729	0.996894	0.00183065
0.232422	0.969323	-0.0799578
-0.232714	0.9721	0.0294174
-0.165238	0.957933	0.23465
-0.424061	0.814647	0.395629
-0.293252	0.898694	-0.326118
-0.000410617	0.999642	-0.0267622
-0.00907215	0.999796	0.0180184
-0.108765	0.993898	-0.0183533
0.0166604	0.943288	-0.331557
-0.34848	0.927444	0.135682
-0.181182	0.976577	0.116061
-0.0208325	0.993181	-0.114703
-0.121873	0.96924	0.213823
0.270094	0.962682	-0.0170896
-0.321954	0.933609	0.157225
-0.0401078	0.991671	0.122393
-0.0076374	0.999625	0.0262866
-0.0167082	0.999456	-0.0284434
0.0451057	0.931969	-0.359722
0.00894998	0.99795	0.063374
0.0097786	0.997743	-0.0664286
-0.186526	0.952108	0.242279
0.391636	0.851537	0.348576
-0.0980458	0.971841	0.21427
0.0571885	0.996837	0.0551795
0.335777	0.929754	0.151034
0.0958924	0.927894	-0.360301
-0.180273	0.964354	0.193707
-0.0215952	0.996483	0.0809694
-0.352441	0.852999	-0.384939
-0.120612	0.990291	0.0691124
-0.169624	0.985194	0.0248885
0.113188	0.934462	-0.337594
-0.141455	0.943171	-0.300699
-0.2531	0.94704	-0.197624
0.232195	0.970973	0.0574205
-0.209203	0.975466	0.0685598
-0.139203	0.980735	-0.137048
-0.221164	0.933238	-0.283114
0.0865939	0.950892	-0.297164
0.00809094	0.98585	-0.167435
0.159079	0.96469	0.209921
0.147176	0.9448	0.292731
-0.134893	0.919359	0.369571
0.216869	0.952056	0.215769
-0.204897	0.970482	-0.12721
-0.0404142	0.975797	-0.214914
-0.166457	0.976156	-0.139324
0.03614	0.994339	-0.0999222
0.181987	0.982551	0.0383933
0.198998	0.97874	0.049673
-0.0940897	0.995442	-0.0155956
0.144183	0.980842	-0.130997
0.121961	0.947229	-0.296451
-0.179855	0.966139	-0.185006
-0.123321	0.992344	0.0067124
0.174021	0.976457	-0.12747
-0.0190337	0.968602	-0.247887
-0.0963232	0.995322	0.00750329
0.0214475	0.895166	-0.445216
-0.116069	0.99324	-0.00171508
0.0895749	0.909047	-0.406952
-0.606739	0.786034	-0.118398
-0.0086876	0.999013	-0.0435632
-0.151355	0.967623	0.201982
-0.086636	0.996212	-0.00752553
-0.0149258	0.977394	-0.210899
-0.100454	0.983662	-0.149393
0.0210289	0.992601	-0.119585
-0.0636884	0.995942	0.0635793
-0.302515	0.951244	0.0601604
-0.0699984	0.967832	-0.241664
0.0540243	0.961036	0.271091
0.233713	0.944225	-0.231986
0.213352	0.966278	-0.14418
0.0456164	0.994748	0.0916303
0.175807	0.982369	0.0635879
-0.201077	0.96913	0.142672
-0.138774	0.979645	-0.145042
0.0544376	0.855712	0.514581
0.223454	0.919654	0.322962
-0.218266	0.95388	0.206088
-0.189531	0.980249	-0.056476
-0.331337	0.781101	0.529242
-0.242383	0.951042	0.191756
0.178874	0.962101	-0.205832
0.393576	0.886814	-0.242197
-0.266087	0.941823	0.205345
-0.205014	0.977291	-0.0535932
-0.229446	0.968583	0.0959191
-0.0491594	0.998741	-0.0100271
-0.215879	0.976338	-0.0126996
0.158793	0.98149	0.107064
-0.038964	0.983888	0.174486
-0.20936	0.972028	0.106446
0.22984	0.917258	-0.325287
0.0451494	0.988704	0.142921
0.111051	0.993812	0.00221642
0.0755167	0.944472	0.319796
-0.0013921	0.979674	-0.20059
-0.151672	0.973423	-0.171589
-0.102378	0.984372	0.143283
-0.070403	0.99462	-0.0759904
0.42745	0.892188	-0.1459
0.18471	0.957251	0.222604
-0.470427	0.865273	0.173211
0.0900254	0.973031	0.212384
-0.106045	0.992749	-0.0566035
4.03613e-06	0.993636	-0.112639
0.581176	0.744919	-0.327612
-0.181777	0.983335	-0.00313017
-0.0795439	0.932737	0.351674
-0.10005	0.949307	-0.298003
-0.106379	0.985064	0.135396
0.162045	0.951588	-0.261193
0.159804	0.982861	0.0919112
0.188209	0.972426	-0.137711
-0.0339832	0.994248	-0.101569
0.0110791	0.99982	0.0154231
0.0793824	0.996694	0.0172982
-0.23963	0.950918	0.195785
0.290782	0.955902	0.0411949
-0.00355759	0.946245	0.323432
0.0586023	0.989128	0.134879
-0.0265884	0.999616	0.00778893
0.135018	0.977754	0.160522
-0.0696038	0.997298	0.0234998
0.261905	0.932808	0.247536
0.149312	0.940784	-0.304354
0.105594	0.972177	0.209097
0.669471	0.696846	0.257322
0.0505728	0.990093	-0.130993
0.409395	0.899402	-0.153203
-0.104292	0.994546	-0.00126506
-0.145441	0.961271	0.234104
-0.0457082	0.98719	-0.152859
-0.193826	0.957313	-0.214436
0.286065	0.946827	-0.147259
-0.0529706	0.997933	-0.036393
0.0177232	0.999161	0.036932
0.479097	0.83942	-0.256594
0.0394728	0.988094	0.148703
-0.140873	0.976722	0.161769
-0.181517	0.983009	-0.0272964
-0.0592453	0.988051	0.142286
0.149024	0.953147	0.263252
-0.0396373	0.929888	0.365701
0.0017996	0.992268	0.124102
-0.0386622	0.986076	-0.161737
0.0803584	0.993111	-0.0852818
0.300388	0.947598	-0.108744
0.310019	0.943679	-0.115579
0.10791	0.9637	0.244208
0.127453	0.974895	-0.182579
0.181113	0.981641	-0.0598324
-0.304727	0.942386	0.138022
0.245954	0.95162	0.184191
-0.230872	0.966429	0.112751
0.0637053	0.907584	-0.41501
-0.332621	0.927915	0.168337
0.226618	0.964237	0.137447
-0.0883375	0.972097	0.217312
-0.0284429	0.995481	0.0906052
-0.0141674	0.854217	0.519724
0.382365	0.866684	0.3204
0.10456	0.990642	0.0877288
-0.0945232	0.955208	0.280433
0.0680146	0.950563	0.302992
0.216812	0.900501	0.376949
-0.085924	0.990827	0.104299
0.0947558	0.995032	-0.0305517
0.361234	0.932452	0.00656699
-0.211147	0.972671	-0.0965792
0.177558	0.984081	0.00755531
0.347172	0.933093	0.0938565
-0.169017	0.985276	-0.0257878
0.227696	0.973099	0.03512
0.311834	0.927791	0.204851
-0.10096	0.961004	0.257448
0.0222137	0.994816	0.099237
0.0660603	0.991296	-0.113882
0.15448	0.968514	-0.195234
-0.169532	0.977508	0.125448
0.0756583	0.987825	0.13593
0.0206792	0.995789	0.0893167
0.194253	0.98057	0.0273498
0.202269	0.971521	0.123428
0.252442	0.93878	-0.234447
-0.107976	0.960302	0.25722
0.199707	0.90639	0.372257
-0.00746884	0.988638	-0.150133
0.382188	0.910388	0.158509
-0.124144	0.99224	-0.00689821
-0.0783078	0.979748	0.184289
0.0927416	0.992512	0.0794963
-0.113972	0.981003	0.156981
0.135197	0.990167	-0.0359383
-0.172049	0.960148	0.220261
0.00130926	0.996935	-0.0782239
0.0535504	0.963888	-0.260868
-0.0274463	0.993814	-0.107616
-0.252152	0.9227	-0.291624
-0.0211028	0.998893	-0.0420379
0.168512	0.953661	-0.249267
0.108902	0.979355	0.170308
-0.207232	0.977589	-0.0370644
-0.292197	0.95389	0.068663
0.273914	0.946321	0.171601
-0.342392	0.937599	-0.0606213
0.0646211	0.997906	0.00290999
0.354581	0.823386	0.443066
0.0559884	0.951637	0.30208
0.344139	0.874482	0.341834
0.197453	0.977926	-0.0683582
-0.0676279	0.974013	0.216161
0.0850777	0.879953	-0.46738
-0.0712817	0.994533	0.0763094
-0.00887768	0.995934	-0.0896455
0.0137181	0.972714	0.231603
-0.169855	0.975758	0.138007
-0.00725247	0.928995	0.370021
0.112639	0.985543	0.126563
-0.0876661	0.995391	-0.0388884
0.0736817	0.942944	0.324697
-0.306702	0.951766	-0.00870349
0.0121219	0.989055	-0.14705
-0.097218	0.993539	-0.0585621
0.0571944	0.961694	0.268091
-0.200333	0.979704	-0.00679084
0.0524823	0.995012	-0.0848346
-0.154072	0.973201	0.170708
0.374207	0.880971	0.289584
0.0821318	0.942688	0.323408
0.292261	0.946085	0.139664
0.285145	0.949496	0.130953
0.38128	0.884242	-0.269706
0.192622	0.947912	-0.253693
-0.0915842	0.995773	0.00693931
0.0320061	0.998715	0.0392881
-0.12456	0.991914	-0.0243192
0.0427159	0.946196	-0.320762
0.245716	0.968398	0.0427673
-0.0203124	0.908543	-0.417298
0.169923	0.94701	-0.272577
0.188854	0.947893	0.25658
0.158336	0.899511	0.407198
0.0917722	0.994168	0.056635
-0.262499	0.962213	0.0723869
-0.134182	0.979837	0.148034
-0.320038	0.909682	-0.264677
0.16791	0.983013	0.0741098
0.0595015	0.996964	-0.050219
0.037757	0.999243	-0.00937459
0.0947557	0.995493	-0.00400248
-0.390531	0.91964	-0.0418043
-0.345245	0.887508	0.30518
-0.226354	0.941209	0.250777
0.0351404	0.988033	0.150187
0.230015	0.899156	-0.372306
-0.0994057	0.995028	-0.0060786
0.496521	0.862015	0.101966
0.086068	0.945333	0.314543
-0.178912	0.977251	0.113894
-0.251822	0.877661	0.407795
-0.576108	0.77402	0.262666
0.432574	0.901564	0.00790396
-0.21816	0.967629	0.126887
0.343253	0.934284	-0.0963848
-0.117759	0.970696	-0.209479
0.386608	0.920581	-0.0553597
0.12413	0.971428	0.202286
-0.0778913	0.975657	-0.205002
0.0672758	0.809765	0.582885
-0.546774	0.825822	0.138047
0.183182	0.921506	0.342449
0.000699875	0.911823	-0.410582
-0.000587976	0.997224	0.0744569
-0.102979	0.992662	-0.0633866
-0.37523	0.853252	0.362165
0.0590537	0.986822	0.150651
0.157528	0.93179	0.327036
-0.215232	0.962427	-0.165558
0.18763	0.979941	0.0671655
0.0869623	0.945499	-0.313797
0.130115	0.945902	-0.29722
-0.209783	0.928949	0.305033
-0.0112433	0.970672	-0.240147
-0.231011	0.949974	-0.210197
-0.044426	0.998952	0.0109707
0.652751	0.757421	0.0151238
0.303089	0.952478	0.0303629
-0.0867941	0.968694	-0.232592
-0.089523	0.983345	-0.158169
0.226917	0.957302	-0.179114
0.284879	0.946656	-0.150623
-0.0656213	0.991898	-0.108772
0.63661	0.767477	0.075543
-0.368097	0.912755	-0.17715
-0.161218	0.956362	-0.24368
-0.117262	0.948949	-0.292822
0.0809475	0.996718	0.000914234
0.189585	0.942539	0.275095
0.110171	0.946225	-0.304174
0.00536113	0.996157	0.0874197
-0.286508	0.940335	0.183529
0.030373	0.997928	-0.0567167
0.186457	0.97073	-0.151386
-0.182225	0.920589	0.345412
-0.13613	0.968354	-0.209185
-0.0896635	0.995106	-0.0415218
0.348664	0.932655	-0.0926664
-0.10904	0.986892	-0.11897
0.158482	0.982927	-0.0934796
0.157925	0.939134	0.305101
-0.419714	0.904928	0.0703198
-0.0770637	0.983674	0.162626
0.329166	0.944115	-0.0171963
0.0457613	0.996878	-0.0643403
-0.0924906	0.94528	0.312876
-0.0310594	0.966904	0.253245
0.36891	0.901624	0.225786
-0.342053	0.918536	0.198219
-0.107715	0.97003	-0.217805
0.358952	0.855548	0.373084
-0.0510049	0.97268	-0.226477
0.187809	0.885212	0.425591
-0.105496	0.955363	0.275959
0.317505	0.916812	0.242171
-0.278886	0.959841	-0.0304728
-0.271135	0.904285	0.329779
0.170648	0.95922	-0.225335
-0.438526	0.840748	-0.31755
0.301441	0.933714	-0.193161
0.1855	0.927792	-0.323714
0.0670954	0.992712	-0.100106
-0.243584	0.961182	0.1296
0.0277133	0.969511	-0.243476
0.614552	0.765267	-0.19155
-0.225078	0.97215	-0.0653054
-0.561766	0.800347	-0.209435
0.022465	0.999471	-0.0234977
-0.142453	0.982888	0.116779
-0.213007	0.976873	-0.0186208
0.230232	0.951067	-0.206072
-0.0912824	0.970013	-0.22526
-0.0929333	0.993534	-0.0652233
-0.376465	0.885521	-0.272261
-0.200274	0.964873	0.170028
-0.749268	0.635145	-0.187585
-0.227783	0.972767	0.042897
-0.0333726	0.996339	-0.0787056
-0.153518	0.988083	0.0111887
-0.0567721	0.997354	-0.0454183
-0.39614	0.838023	-0.37522
-0.0494856	0.947455	-0.316038
-0.645958	0.747882	-0.153005
-0.0922401	0.969807	-0.225758
0.0480923	0.925068	-0.376745
0.0479785	0.997422	0.0533654
0.26001	0.870482	-0.417919
0.105594	0.97417	-0.199606
0.32502	0.9241	0.201
0.503802	0.709197	-0.493177
0.399118	0.905708	0.142824
0.403985	0.904338	-0.137726
-0.146764	0.989169	0.00239979
0.115166	0.955562	0.271364
0.059903	0.944295	-0.323603
-0.340277	0.902421	0.264288
0.144287	0.988523	0.0447686
0.00212011	0.99785	0.0655085
0.539325	0.819113	-0.195402
-0.101275	0.991987	-0.0755313
0.234246	0.925965	-0.296171
-0.441921	0.896899	-0.0166543
-0.195651	0.979883	0.0393697
-0.165809	0.983834	0.0676642
0.216727	0.945108	0.244542
0.228941	0.971458	-0.0620943
-0.126536	0.974912	0.183128
0.0488792	0.972033	-0.229703
-0.305781	0.910247	0.279191
-0.1118	0.989593	0.0905937
-0.0848009	0.989178	0.11973
0.0135243	0.986895	0.160797
-0.19843	0.88959	0.411407
0.132536	0.977037	0.166829
0.391139	0.91971	0.0338173
-0.370848	0.907733	-0.196195
0.118687	0.992878	0.0103605
0.165501	0.937913	-0.304842
-0.0864232	0.904765	0.417052
-0.0821759	0.889521	-0.449444
-0.104484	0.986754	0.124095
-0.0536652	0.997107	-0.0538249
0.108494	0.993084	-0.0448754
-0.188345	0.976724	-0.102642
0.070235	0.99751	0.00639135
0.0184978	0.955162	-0.295506
0.294629	0.95326	0.0670033
0.0848152	0.972394	-0.217384
-0.200714	0.874742	0.441067
-0.174149	0.968147	0.179898
-0.0867639	0.940601	0.328241
-0.197043	0.973513	-0.115957
-0.158927	0.945796	0.283217
0.229912	0.953302	-0.195845
0.349094	0.919432	0.181045
0.0119944	0.988343	-0.151772
-0.337634	0.882398	-0.327686
-0.168833	0.951216	0.25823
-0.408614	0.876903	-0.253132
0.0393989	0.996168	0.0780842
-0.106528	0.993931	-0.0274456
-0.202097	0.978059	-0.0505696
0.180435	0.980547	-0.0772702
-0.249793	0.919149	-0.304579
-0.290632	0.956149	-0.0362175
0.10432	0.991697	-0.0752013
0.354548	0.931818	-0.0775304
0.198515	0.980097	0.000835847
0.141577	0.982749	-0.118999
0.301287	0.887219	-0.349383
-0.0202604	0.974759	-0.222337
0.0957006	0.958053	-0.270139
-0.0853099	0.993101	0.0804486
0.3384	0.936723	0.0896428
0.295788	0.953644	-0.0554408
-0.00288627	0.996901	-0.0786118
-0.207646	0.920651	0.330582
-0.203176	0.979139	0.00253547
0.0600851	0.97399	0.218478
0.206845	0.961611	0.180331
0.0962423	0.979977	0.174308
0.148994	0.985837	0.0769818
-0.0145118	0.990655	-0.13562
0.0808343	0.993403	0.0813352
-0.442504	0.863023	0.243683
-0.060572	0.964276	0.257881
0.145535	0.953558	0.263718
0.23945	0.965065	0.106368
0.334666	0.942252	0.0126426
0.136967	0.984094	-0.113131
-0.075693	0.996046	-0.0465158
-0.152964	0.959248	-0.237581
0.0359091	0.995934	-0.0826238
-0.0743166	0.872671	0.48262
0.0841503	0.981676	-0.170969
0.205817	0.978044	-0.0326926
0.236999	0.970889	0.0347203
0.0915018	0.813094	0.574896
0.147829	0.97977	0.134898
-0.139984	0.982714	-0.121151
-0.122261	0.984576	-0.125148
-0.491635	0.870086	0.0352916
0.0116153	0.972438	0.23287
-0.0432216	0.890349	0.453221
-0.0648783	0.99035	-0.122462
0.111942	0.988784	-0.0988643
0.0654519	0.996098	0.0592009
-0.0721372	0.981749	0.175966
-0.081789	0.992207	-0.0939951
0.261755	0.925682	-0.273126
0.101722	0.989203	-0.105501
-0.242242	0.949208	-0.200804
0.0998129	0.994067	0.0432132
-0.0359134	0.998371	0.0443435
0.270253	0.962658	-0.0159185
0.448596	0.875699	0.178641
0.434784	0.895705	0.0931404
-0.168226	0.922591	-0.347169
-0.455283	0.833784	-0.312286
-0.0959977	0.965908	0.240429
-0.115475	0.984893	0.129044
-0.0784015	0.97511	0.207396
0.243543	0.969715	0.0184227
-0.053368	0.955828	0.289042
-0.469202	0.866713	-0.16929
0.0326553	0.948008	-0.316566
0.0921651	0.943234	0.319084
-0.326358	0.936861	-0.125626
0.00836168	0.995576	-0.093585
-0.0129022	0.96657	-0.256077
-0.23911	0.965177	0.106107
0.0248306	0.994117	0.105424
-0.0236553	0.998734	0.0443875
0.102044	0.993306	-0.054128
0.232874	0.921429	0.311028
-0.267837	0.956229	-0.117858
0.167906	0.9855	0.0244395
-0.271696	0.958797	-0.0830019
-0.12557	0.990445	-0.0570248
-0.0898971	0.992294	-0.0852706
0.22169	0.971304	-0.0861474
0.242391	0.803681	0.543454
-0.180257	0.977181	-0.112358
-0.180003	0.943569	-0.277987
0.217507	0.973252	0.0739616
0.0976493	0.98211	0.161014
-0.236641	0.950713	0.200362
-0.0372108	0.986714	-0.158148
-0.0661051	0.990062	0.124129
0.0707647	0.997489	0.00293431
0.0593858	0.866047	-0.496423
0.0163547	0.989442	-0.144002
0.0503171	0.980582	0.189543
0.151158	0.962011	-0.227346
-0.151163	0.98157	-0.116919
-0.0660169	0.972684	-0.222548
-0.357669	0.899608	-0.250554
0.250805	0.967009	0.0446188
-0.133079	0.892042	-0.431916
-0.128028	0.96194	0.241414
0.191868	0.967379	-0.165421
-0.15244	0.955506	-0.252529
0.233426	0.956252	0.176338
0.0332892	0.998179	0.0503013
0.0734508	0.945445	-0.317393
-0.00700599	0.995961	0.0895165
-0.0332983	0.99591	0.0839948
0.134903	0.604711	-0.784937
0.0766577	0.947623	-0.310054
0.268652	0.961667	-0.0549699
0.392801	0.823508	-0.409319
-0.227571	0.922092	0.312983
-0.107586	0.993275	0.0427863
-0.0923703	0.957912	0.271795
-0.217883	0.945217	-0.243086
0.208617	0.975033	0.076085
0.262752	0.948393	-0.177518
-0.00404081	0.999769	0.0211256
0.600266	0.794146	-0.0949313
0.099987	0.974212	-0.20227
-0.0840249	0.969332	-0.230944
0.135593	0.987816	0.0763831
-0.114123	0.985465	0.125832
-0.076451	0.95406	-0.289697
0.393236	0.911224	-0.122622
0.211166	0.963803	-0.162765
-0.131605	0.956185	0.261517
-0.208688	0.97339	0.0946672
-0.366914	0.852943	0.371297
-0.146442	0.94368	0.296687
0.442019	0.896257	0.0366391
0.561369	0.820899	0.104831
-0.130658	0.939678	-0.316122
0.0189924	0.947272	0.319868
-0.646747	0.762697	0.00351697
0.14076	0.989614	-0.029157
-0.0252296	0.973692	-0.226467
-0.0929331	0.930382	-0.354615
-0.204362	0.968256	-0.143931
0.356747	0.933678	0.0312669
-0.299079	0.89973	-0.317863
0.259413	0.957448	0.126484
-0.494741	0.78507	0.372689
-0.452741	0.881839	-0.131853
0.118414	0.992905	0.010849
-0.221079	0.940578	-0.257753
0.288112	0.955769	-0.0591334
0.00785828	0.96177	-0.273747
0.336126	0.904762	0.261581
-0.154798	0.956737	0.246357
0.0393762	0.948873	0.313192
0.129033	0.979861	0.152392
-0.321758	0.925905	0.197916
-0.525241	0.80202	-0.284405
0.0143296	0.999849	0.00982532
-0.0804013	0.989761	-0.117937
0.400087	0.914316	-0.0629042
0.0556703	0.990001	0.12961
-0.609718	0.791902	-0.0336922
-0.219984	0.858283	0.463634
0.25166	0.961638	-0.109172
-0.201278	0.728709	-0.654577
0.342351	0.938875	-0.0361796
0.0983093	0.828638	0.551084
-0.0262949	0.99963	0.00698334
0.0944049	0.898598	-0.428496
0.0928231	0.994564	-0.0471889
0.295455	0.931552	-0.211937
-0.35586	0.922686	0.148371
0.182609	0.917634	0.35299
0.382807	0.923718	-0.0142896
-0.234831	0.887715	0.396002
0.27257	0.854451	-0.442288
0.378604	0.923937	-0.0547691
-0.10086	0.933778	0.343345
-0.241849	0.957896	0.154741
-0.240535	0.968813	-0.0595391
-0.107887	0.898006	-0.426551
-0.446906	0.871558	-0.201649
0.239522	0.970552	0.025646
0.00662525	0.986775	-0.161959
-0.253845	0.842322	-0.475453
0.156162	0.98388	-0.087141
-0.206584	0.97833	-0.0139168
-0.3544	0.857457	0.373051
-0.46075	0.887366	0.0170501
0.0519819	0.86774	-0.494293
-0.168699	0.982495	-0.0790197
0.0301226	0.95489	0.295428
-0.100166	0.977664	0.18477
-0.33817	0.833754	-0.436458
-0.068618	0.991964	0.106301
-0.1965	0.873844	-0.444729
0.3719	0.823095	-0.429192
-0.30173	0.899739	0.315324
0.0553314	0.740081	-0.670238
0.0207508	0.986228	-0.164083
0.390687	0.919519	0.0430031
0.241989	0.97027	0.00423227
0.385579	0.922642	-0.00773557
-0.397235	0.878	-0.267057
-0.211549	0.97377	0.0837825
-0.284072	0.915829	-0.283832
-0.19687	0.978808	-0.0563581
-0.152859	0.98771	0.0326085
-0.0553714	0.987095	-0.150255
0.54653	0.836197	0.0455889
0.402619	0.87637	0.264336
0.0650232	0.904862	0.420709
-0.351614	0.92566	0.139714
-0.129451	0.987776	0.0868435
0.542555	0.71552	0.440075
-0.138135	0.942826	0.303311
-0.570949	0.747194	-0.340174
-0.276415	0.959725	0.0502297
-0.117113	0.989996	0.0786903
0.00425629	0.885245	0.465105
-0.179937	0.940988	-0.286642
0.214294	0.974759	0.0626255
-0.277759	0.94118	-0.192431
0.158442	0.982955	-0.093254
0.37561	0.926774	0.00280247
-0.245167	0.946991	0.20761
0.0645199	0.879975	-0.470618
0.286467	0.910303	-0.298805
-0.285443	0.844375	-0.453379
-0.139775	0.962698	0.231679
-0.157851	0.968132	-0.194433
-0.138337	0.973984	0.179495
-0.524434	0.847896	-0.0777301
0.133543	0.981521	-0.137051
0.344196	0.895898	0.280883
0.198767	0.828574	-0.523409
0.263888	0.960291	0.0905736
0.0382142	0.884019	-0.465886
0.156292	0.98058	-0.118475
0.0286005	0.781795	0.62288
-0.0290582	0.991607	0.125984
-0.327378	0.917317	0.226612
0.376309	0.923452	-0.0750153
0.269571	0.96113	-0.0596719
-0.204334	0.972533	-0.111477
-0.176131	0.898205	0.402748
-0.350247	0.919934	-0.176203
-0.10954	0.981263	-0.158503
-0.189976	0.977892	-0.0873871
-0.0516213	0.983946	-0.17084
-0.0821501	0.996618	-0.00171775
0.310256	0.947921	0.0720258
-0.261163	0.959559	0.105079
0.179818	0.946692	0.267282
0.123771	0.989104	0.0797064
-0.183778	0.96657	0.178796
-0.120948	0.98309	-0.137499
-0.187249	0.981216	0.0464087
-0.116446	0.978158	0.172185
0.30633	0.932351	0.19205
0.315047	0.946255	0.0731248
0.176497	0.956812	0.230998
0.183002	0.98044	0.0724398
0.393653	0.899806	0.188113
0.0891045	0.975003	0.203541
0.228751	0.926202	0.299706
0.281509	0.938448	0.20017
0.283572	0.958294	0.0354916
-0.316747	0.934188	-0.164204
-0.11966	0.974262	0.191037
-0.435941	0.887121	0.151565
-0.0355506	0.976806	0.211154
0.6112	0.761011	0.21748
-0.0647245	0.943174	-0.325934
-0.161402	0.986885	0.00282896
0.355316	0.885236	0.30018
0.0829967	0.908519	-0.409517
0.393164	0.812532	0.430365
0.207591	0.903762	-0.374326
-0.182445	0.94657	-0.265929
0.163632	0.953233	0.254108
0.20491	0.962475	-0.177914
0.497399	0.837204	0.22734
-0.122291	0.982588	0.139881
0.00706444	0.985954	0.166868
0.0496231	0.994915	0.0876484
0.159024	0.979585	-0.122979
0.325587	0.935517	0.137117
-0.221899	0.950412	-0.217896
-0.130178	0.944327	0.302159
0.23936	0.948667	-0.206729
-0.0722601	0.994767	0.0722335
0.244175	0.886673	-0.39267
-0.350234	0.930093	0.11074
-0.377927	0.896818	-0.229976
0.0554104	0.952861	0.298304
0.376065	0.900666	0.217659
-0.210482	0.869168	-0.447487
0.0190812	0.944525	0.327884
0.028152	0.973653	0.226291
0.141657	0.980274	0.137826
0.177786	0.983911	0.0176608
0.0876809	0.885244	-0.456788
0.361276	0.931571	-0.0406794
0.0148678	0.993279	-0.11479
-0.380098	0.876654	-0.294963
-0.180623	0.927554	0.327136
-0.427782	0.893888	0.134042
-0.269979	0.838953	0.472514
-0.138529	0.976388	0.16576
0.143697	0.953945	0.263323
-0.65333	0.753678	-0.0716202
-0.0935685	0.701691	0.70631
0.0427792	0.966045	-0.254808
0.161011	0.924931	0.34435
0.0401015	0.973916	-0.223337
-0.403802	0.913877	-0.0421002
0.0559551	0.889897	0.452717
-0.0557021	0.921429	-0.384533
0.284276	0.885535	0.367443
0.265456	0.890439	0.369664
0.191061	0.899726	-0.392414
0.0909103	0.948087	0.304738
0.249542	0.966988	0.0516067
0.0394307	0.832276	-0.552957
-0.142141	0.839095	0.525086
-0.0305223	0.991424	0.127071
-0.214886	0.898445	0.382909
-0.277146	0.895215	0.348971
-0.203948	0.797485	0.567823
0.174024	0.979624	-0.100258
0.191409	0.887114	0.41999
0.615976	0.77099	0.161701
-0.319299	0.945604	0.0623059
0.0144233	0.998874	0.0452024
-0.0491872	0.970244	-0.237081
-0.0726831	0.996781	0.0338364
0.331388	0.807694	0.487661
0.481703	0.86884	0.114366
-0.0925424	0.958347	0.270198
0.0628284	0.67544	0.734733
0.0370592	0.999141	-0.0185537
-0.371974	0.685627	-0.625741
0.229697	0.955387	-0.185672
-0.426916	0.901413	-0.0720907
0.00880442	0.999377	0.0341839
-0.0775208	0.951326	0.298276
0.109276	0.986719	0.120183
0.0249563	0.99349	0.111148
-0.458936	0.817166	0.348738
-0.0961409	0.960817	0.259975
0.0575446	0.972735	-0.224668
0.173787	0.959381	-0.222232
-0.16542	0.963269	-0.211539
0.227322	0.901605	0.368013
-0.0504069	0.966825	-0.250419
-0.332967	0.864486	-0.37656
-0.107706	0.960568	-0.256336
-0.244601	0.960754	0.130851
-0.0742954	0.989382	-0.124913
-0.228184	0.869596	0.437875
0.034987	0.851757	-0.522767
-0.117027	0.993106	0.00675267
0.00156342	0.982769	-0.184829
0.00896666	0.993692	-0.111781
-0.0367662	0.900156	0.434013
0.121396	0.984979	0.122795
0.119782	0.982251	-0.144348
0.221162	0.974818	0.0285701
0.144557	0.833952	0.532566
0.0575801	0.994765	-0.0844252
0.363765	0.916082	0.168729
0.450907	0.885254	0.11405
-0.10506	0.950898	0.291129
0.0137469	0.842803	0.538046
0.0988123	0.960656	-0.259571
0.192923	0.978959	-0.0664777
0.313116	0.824347	-0.471604
-0.138284	0.96948	-0.202452
-0.237896	0.80622	0.541678
0.158145	0.98551	-0.0613197
0.00557492	0.979014	0.203719
-0.608992	0.790367	0.0667029
0.0548809	0.94	-0.33673
-0.0567922	0.994259	-0.0906836
0.319911	0.917668	-0.235674
0.0899499	0.804776	0.586723
0.136142	0.936067	0.324415
0.0297651	0.998872	0.0370015
0.0579688	0.968091	-0.2438
-0.16996	0.985443	-0.00390382
-0.217396	0.877833	0.426788
0.111634	0.885162	-0.451693
0.0139954	0.996148	0.0865641
-0.0491907	0.874138	-0.483181
-0.217438	0.965717	0.141815
-0.0154851	0.999866	0.00539477
0.346728	0.926012	-0.149271
0.0682028	0.997346	-0.0254985
-0.398119	0.868098	-0.296492
0.183211	0.793515	0.580317
0.0514785	0.998661	0.00513032
-0.140644	0.989558	0.0315459
0.134078	0.990287	-0.0368069
0.0607533	0.947813	0.312986
0.112227	0.933499	0.340565
0.0368027	0.954339	-0.29645
-0.298961	0.865796	0.401272
-0.531308	0.828908	0.174995
-0.0546505	0.973893	0.220333
0.320567	0.928427	0.187777
0.0876119	0.994188	-0.0625608
-0.315532	0.928495	0.195796
0.323616	0.941195	0.097081
-0.126372	0.989811	-0.0656002
-0.309157	0.866939	0.390945
0.555874	0.771895	0.308516
-0.294267	0.926111	0.236063
0.346654	0.92722	0.141755
-0.410793	0.910003	0.0560793
-0.0669309	0.979138	0.191856
-0.00391678	0.944732	0.327821
0.0375697	0.993123	0.110887
0.19871	0.978732	-0.0509708
0.518938	0.835454	-0.180889
-0.273726	0.919103	-0.283414
-0.130244	0.98903	-0.069685
0.189424	0.972723	-0.133898
-0.185296	0.982566	-0.0151322
0.369825	0.925821	-0.0780083
-0.00905428	0.980382	-0.196898
-0.0328009	0.947108	0.319235
0.294873	0.944062	0.147636
0.0790085	0.871529	-0.483937
0.00912364	0.996149	-0.0871995
0.377516	0.820154	-0.429917
-0.589223	0.798516	0.123241
0.332169	0.942919	0.0238327
-0.211629	0.977307	-0.00922087
-0.303986	0.951535	-0.0466259
-0.459633	0.8773	-0.138136
0.063005	0.979254	-0.192592
0.247785	0.948847	0.195682
0.187899	0.981781	0.0282689
0.0329811	0.999081	0.0273677
0.206454	0.965502	0.158691
-0.344456	0.911327	-0.22546
0.34873	0.903601	0.248782
0.241321	0.857455	-0.454462
-0.120391	0.991283	0.053508
-0.0103061	0.956462	0.291676
-0.282092	0.926455	0.249208
-0.100883	0.994503	0.0280357
0.596097	0.801002	-0.0553611
0.144878	0.937842	-0.315376
-0.198109	0.973031	0.118166
-0.449778	0.887595	0.0993752
0.395338	0.876578	0.274443
0.333943	0.919572	-0.207051
0.0266731	0.987833	-0.153217
-0.314597	0.948203	0.0440531
-0.127933	0.991693	0.0133635
-0.0274531	0.918978	0.393351
0.341617	0.928024	0.148557
-0.0913815	0.992509	-0.0810844
-0.174443	0.908625	-0.379434
-0.0197829	0.984581	0.173808
-0.389811	0.903465	0.17832
0.0362492	0.996146	-0.0798669
0.24007	0.97073	0.00703822
-0.205906	0.963722	0.169832
-0.134772	0.977177	0.164201
-0.0965548	0.975111	-0.199589
-0.242089	0.969442	0.0396873
-0.049799	0.952958	0.298982
0.404373	0.898704	-0.169748
0.139733	0.959502	0.244602
-0.369865	0.896957	0.242215
0.151639	0.893273	0.423166
0.342361	0.924992	-0.164857
0.491301	0.805065	-0.332407
-0.140077	0.982443	0.123227
0.283511	0.920172	0.270011
0.298581	0.945371	0.130856
-0.0922641	0.98681	-0.133014
0.335211	0.737994	-0.585661
-0.111758	0.937301	-0.330115
0.137561	0.980765	0.138482
-0.101829	0.988474	-0.112029
-0.149871	0.952134	-0.266421
-0.0574264	0.99756	0.0396905
-0.142454	0.989073	0.0379679
0.270248	0.943708	0.19074
-0.0254666	0.999399	-0.0234997
-0.473373	0.871686	-0.126814
-0.304744	0.950895	-0.0541308
-0.0295836	0.997185	0.068897
0.285423	0.945549	0.15643
-0.183936	0.97289	0.140187
-0.647853	0.745295	-0.15755
