3400
-0.601805	0.736769	0.308225
-0.29089	0.922181	0.254881
0.199242	0.979464	0.0308714
0.244228	0.969514	-0.0198732
-0.371486	0.857896	0.354982
0.0929552	0.815888	-0.570689
0.0590377	0.982406	-0.177182
0.0252975	0.891887	0.45155
0.184517	0.825032	0.534112
0.574805	0.62594	-0.527066
0.415363	0.907942	-0.0558077
-0.12772	0.977044	-0.170509
0.117258	0.98538	-0.123601
0.249517	0.724018	0.64307
0.295317	0.901379	-0.316708
0.27929	0.698102	0.65928
-0.0201814	0.989814	0.140929
0.213845	0.97416	-0.0726764
0.109221	0.979809	-0.167468
-0.291033	0.951679	-0.0980094
0.308936	0.920609	0.238825
0.416125	0.893538	0.16861
0.130607	0.986244	0.101315
-0.545562	0.23178	-0.805382
-0.136795	0.530185	-0.836774
0.0112522	0.9135	0.406683
0.33637	0.935732	0.106115
-0.459745	0.887303	-0.0364377
0.295898	0.86815	-0.398446
-0.291357	0.783156	-0.549343
0.258769	0.774583	-0.577114
0.174936	-0.0800173	0.981323
-0.251856	0.963749	0.0880709
0.262746	0.956379	0.127687
-0.0842452	0.981474	0.172079
0.653988	0.756486	0.00537823
0.373844	0.770368	-0.516502
0.159475	0.986344	-0.041151
-0.160278	0.423846	0.89144
0.346586	0.937348	0.0354474
0.368951	0.905257	0.210677
-0.0887988	0.781871	-0.617084
-0.0916648	0.906247	0.412691
0.0745628	0.957725	-0.277856
0.222611	0.644191	0.731753
0.789601	0.570988	-0.224728
-0.121839	0.885483	0.448414
0.0152364	0.962612	0.270456
-0.288436	0.309734	-0.906019
0.772925	0.592621	-0.226688
0.425636	0.859474	0.283088
0.420802	0.903091	0.0857422
0.108791	0.974013	-0.198651
0.201814	0.960491	0.191647
0.391063	0.893022	0.222671
0.170248	0.968877	0.179702
-0.361607	0.931242	-0.0450441
0.245985	0.956736	0.155396
-0.425784	0.896309	0.123843
-0.459876	0.856675	-0.233712
-0.231226	0.933947	0.272539
0.132052	0.864941	-0.48419
-0.264216	0.313235	0.912181
0.13581	0.811324	0.568602
0.337846	0.880704	-0.331994
-0.297384	0.925375	0.235039
-0.112435	0.988356	0.102521
-0.385303	0.867524	-0.314553
-0.473565	0.864908	0.166344
-0.323932	0.65821	0.679579
0.198085	0.980021	0.0179421
0.153879	0.959695	-0.235172
-0.436239	0.899447	-0.0262973
0.321311	0.752816	-0.57448
0.30504	0.905942	0.293631
-0.0991745	0.988568	0.113565
0.0855808	0.96633	0.242656
0.14237	0.948487	0.283026
0.128354	0.989141	-0.0715916
0.211869	0.976996	-0.0242971
0.594587	0.794826	-0.121313
-0.295488	0.875365	-0.382653
0.36873	0.902699	-0.221748
0.0309335	0.985868	-0.164642
0.219912	0.890122	-0.39915
0.246778	0.939243	-0.238587
-0.405645	0.908702	0.0985557
-0.41006	0.906736	0.0983877
0.330738	0.941523	-0.064389
0.143295	0.869592	-0.472521
0.136116	0.988277	0.0691438
0.672487	0.439301	-0.595631
0.139319	0.921556	0.362389
0.110338	0.99373	-0.0180407
-0.611094	0.783887	0.109933
-0.0096794	0.96996	0.24307
0.428252	0.811891	-0.396779
-0.206092	0.9737	-0.0971319
0.271322	0.954432	0.124271
0.26269	0.615774	0.742844
0.21574	0.976311	-0.0165511
0.0697161	0.99141	0.110662
-0.0160064	0.998225	-0.0573558
0.224106	0.954949	-0.194548
0.638949	0.755461	-0.144993
0.575833	0.708028	-0.408794
0.17689	0.795037	0.580195
-0.023724	0.999007	0.0377228
-0.627238	0.778301	-0.0286465
-0.778316	0.333887	-0.531736
-0.34165	0.902298	-0.262934
0.325432	0.930465	-0.168312
0.80799	0.476263	-0.346881
-0.0399171	0.999159	-0.00934886
-0.238889	0.596538	-0.766208
-0.168431	0.976431	-0.134955
0.157982	0.984728	0.0731642
0.883053	0.463451	-0.0736877
-0.835582	0.401354	0.375123
-0.425643	0.787591	0.445565
0.296242	0.862527	0.410229
0.233872	0.888061	0.395792
-0.654925	0.721403	-0.225056
0.597345	0.700368	-0.390723
-0.423076	0.879072	-0.219635
-0.0945743	0.950623	-0.295586
-0.18907	0.960705	-0.20322
0.592297	0.805125	0.0309403
-0.0906688	0.822835	0.561
0.0826579	0.174919	0.981107
-0.535153	0.826397	-0.175157
-0.652507	0.698848	0.292996
0.596165	0.733445	0.326567
-0.205397	0.978285	0.0277611
0.0506753	0.916974	-0.395715
0.207484	0.965794	-0.155537
-0.111972	0.9441	0.310062
-0.475031	0.541692	0.693481
0.678232	0.514321	-0.524858
-0.258712	0.883127	0.391349
-0.077283	0.938633	-0.336149
-0.15006	0.978799	-0.139409
0.195156	0.801377	0.565428
-0.113237	0.972731	0.202414
-0.814618	0.578925	-0.0352472
-0.160842	0.783713	-0.599936
0.117162	0.987967	0.100963
-0.182506	0.581686	0.792675
-0.149619	0.984526	-0.0912249
-0.725912	0.650504	-0.223373
-0.191774	0.653219	-0.73248
-0.399737	0.916514	-0.0146004
0.313933	0.939642	-0.136086
0.375311	0.804187	-0.460895
0.208499	0.976911	-0.0466098
0.0669237	0.877296	-0.47526
0.857434	-0.500187	-0.12091
-0.146741	0.98533	-0.0871264
-0.265745	0.955866	-0.125302
0.0371948	0.89099	0.452498
0.35101	0.928539	-0.120861
0.725115	0.622238	0.295004
-0.105137	0.981989	0.156985
-0.13077	0.669846	-0.730894
0.114821	0.976035	-0.184856
-0.435627	0.88857	-0.143778
0.103863	0.829227	0.549177
0.149598	0.856246	-0.494431
0.690379	0.72252	0.0366323
0.366116	0.929924	-0.0346631
-0.0217977	0.842138	0.538822
-0.105449	0.0938745	-0.989984
-0.16271	0.965569	0.202985
-0.414854	0.887303	0.20147
0.0308152	0.988788	0.146112
-0.165486	0.972441	-0.164234
-0.23512	0.640561	-0.731027
-0.0766356	0.974569	-0.210577
-0.215413	0.37907	-0.899946
-0.15559	-0.347612	-0.924639
0.198324	0.900635	-0.386683
0.169272	0.949467	-0.26431
-0.0774918	0.934988	-0.346112
0.366162	0.919082	0.145647
0.234174	0.873005	-0.427813
0.398246	0.866349	0.301395
-0.358008	0.632272	-0.687068
-0.351865	0.771538	-0.530018
-0.708949	0.70526	-0.000165105
0.278432	0.932597	-0.229648
-0.593343	0.783801	-0.183302
0.193442	0.867333	0.458599
-0.319025	0.57311	0.75483
0.0994466	0.983399	0.151778
-0.52487	0.844356	-0.107587
0.161243	0.761598	0.62767
0.475536	0.789168	-0.388688
-0.52137	0.585277	0.620986
0.330579	0.675055	0.659559
-0.537422	0.769454	-0.345135
0.187472	0.922968	0.33613
0.504149	0.538373	-0.675269
0.102253	0.982711	0.154349
0.121965	0.980419	-0.154603
-0.358389	0.886695	0.292111
0.182948	0.963537	0.19526
-0.653695	0.756696	0.00968983
-0.545813	0.735088	0.402161
0.197878	0.95095	0.237778
0.572488	0.802419	-0.168466
-0.0293348	0.380888	-0.924156
-0.10286	0.846036	-0.523109
0.43681	0.88512	0.160499
-0.648452	-0.0312761	-0.760613
0.0808806	0.731297	-0.677247
-0.222178	0.97492	0.0129881
-0.293859	0.829211	-0.475454
0.0625495	0.905695	-0.41929
-0.250575	0.649829	-0.71759
-0.702575	0.655505	-0.276951
0.197801	0.701314	-0.68486
-0.219884	0.840211	-0.495677
0.544471	0.835121	-0.0782554
-0.437072	0.888751	-0.138169
0.228035	0.901503	-0.367821
0.102754	0.852559	0.51243
-0.141458	0.881577	-0.450347
-0.00326505	0.985424	-0.170084
0.38998	0.920533	0.023108
0.635354	0.682895	-0.360528
0.3282	0.805065	0.49412
0.201774	0.977836	0.0558993
0.191041	0.883036	-0.428662
-0.230606	0.966968	-0.108596
0.125478	0.821987	0.555511
-0.15774	0.980509	0.117132
0.171161	0.982366	0.0752342
-0.168017	0.971106	-0.169478
-0.329998	0.943947	0.00813316
0.159128	0.938218	0.307288
-0.144332	0.851695	0.503769
0.573194	0.658891	0.487146
0.103065	0.937576	0.332157
0.509834	0.769967	-0.383692
-0.00319215	0.976801	0.214123
0.633425	0.755249	0.168437
-0.109126	0.980309	-0.164576
0.302625	0.938705	0.16508
0.303428	0.852688	0.42527
0.617944	0.70931	0.339152
-0.0266584	0.994975	-0.0965093
0.765296	0.612287	-0.198561
0.755257	0.0425064	-0.654049
0.379376	0.894074	0.23813
-0.0347485	0.881439	0.471017
0.161707	0.833841	0.527788
-0.242633	-0.396206	-0.885522
0.616295	0.689189	-0.381051
0.592542	0.740113	0.318003
0.665542	0.516474	-0.538803
-0.069132	0.940386	0.333008
0.0608427	0.988814	0.136177
-0.265217	0.954156	0.138728
0.191455	0.92619	0.324832
0.214363	0.919792	-0.328681
0.31668	0.494275	-0.809572
-0.641118	0.175847	-0.747024
-0.0139639	0.85742	0.514428
0.483896	0.774915	0.406634
0.116282	0.712352	0.692122
-0.561378	0.785602	0.260162
-0.123186	0.989809	-0.0714361
-0.3728	0.905478	0.202804
-0.517761	0.708635	0.479333
0.134316	0.967384	-0.214773
-0.074247	0.494687	-0.865894
-0.345731	0.746545	-0.568455
-0.431931	0.803016	0.410611
0.260713	0.965283	-0.0160764
0.172143	0.843273	-0.509173
-0.571291	0.57228	0.588321
-0.109749	0.822867	-0.557535
0.0883741	0.688824	-0.719522
-0.0354639	0.964301	-0.262422
-0.44592	0.587981	0.674858
-0.606852	0.776191	-0.171052
0.509965	0.848927	0.138775
-0.409692	0.869245	0.276705
-0.190391	0.91561	-0.354132
0.0125942	0.391917	-0.919914
0.805357	0.138536	0.576374
-0.0645974	0.843966	-0.532493
0.0111798	0.939129	0.343383
0.0883401	0.868261	0.488179
-0.485199	0.698384	0.526158
-0.542865	0.839536	-0.0218399
0.0289357	0.763609	-0.64503
0.468406	0.801363	0.37204
-0.116379	0.978594	0.169734
0.550483	0.817435	0.169611
0.21781	0.968276	0.122478
0.202717	0.780824	0.590948
-0.0128439	0.953261	-0.301874
0.0266861	0.957406	0.287509
-0.079804	0.783261	0.61655
-0.226359	0.871829	-0.434368
0.0580854	0.772664	-0.632152
0.385441	0.921824	-0.0409293
-0.008727	0.901709	0.432255
0.0963894	0.991053	-0.0923186
0.363585	0.915525	0.172105
-0.515837	0.834796	0.192427
-0.18782	0.964882	0.183649
0.997039	0.0631282	0.0439021
-0.45636	0.869754	0.187785
0.0353553	0.929249	0.367759
0.344216	0.92054	0.184721
0.244194	0.951785	0.185675
0.708573	0.616149	-0.343926
0.0407076	0.941724	0.333915
0.231805	0.782698	0.577625
0.409638	0.835402	-0.36647
-0.708854	0.662259	-0.242772
-0.400249	0.852729	0.335639
0.0381046	0.931566	0.361571
-0.123756	0.99128	0.0452514
-0.0630773	0.997332	-0.0367335
0.22775	0.955106	0.189478
-0.677353	0.732266	-0.0705661
-0.565864	0.82291	0.051161
-0.538569	0.831702	-0.134967
-0.647057	0.685503	-0.333771
-0.130653	0.954637	-0.267577
-0.114266	0.962156	-0.247383
-0.210611	0.773644	-0.597593
0.295284	0.775386	0.558197
-0.890596	0.10836	0.441698
0.356131	0.922309	-0.150056
0.205541	0.875606	-0.437113
0.36987	0.912819	0.173082
-0.267966	0.92475	0.270243
0.68916	0.67404	-0.265949
0.0544061	0.991104	0.121461
0.0344997	0.656084	0.753898
0.244784	0.909125	0.337006
0.757973	0.550928	0.34922
0.137572	0.976596	-0.165332
-0.383814	0.922798	0.0336119
-0.574202	0.725104	-0.380154
-0.543466	0.673741	0.500717
0.289669	0.926273	-0.241059
-0.0188303	0.961924	0.272669
0.631131	0.605081	0.485336
-0.240325	0.957302	-0.160676
-0.190806	0.961317	-0.198654
-0.13964	0.983702	0.113271
-0.234449	0.971567	0.0330492
-0.274619	0.948414	-0.158416
0.267842	0.681486	-0.681056
-0.0264772	0.997803	-0.0607258
0.682295	0.731036	-0.0077344
0.0159947	0.893123	-0.449527
-0.0303037	0.872363	-0.487919
0.403659	0.89457	-0.191842
0.237873	0.815415	-0.527745
-0.351294	0.672801	0.651101
0.26572	0.840283	-0.472565
0.1077	0.444239	0.889411
-0.1394	0.799393	0.584413
-0.0750918	0.489419	-0.86881
0.10981	0.900184	-0.421438
-0.355402	0.924253	0.139446
-0.388744	0.505558	-0.770253
0.0735641	0.924984	-0.372819
-0.111945	0.95714	0.267117
0.423517	0.831594	-0.359285
0.25187	0.620335	-0.742796
-0.0411395	0.987978	0.149022
0.866641	0.46175	0.188996
-0.153693	0.904819	0.397091
0.310328	0.944963	-0.103645
0.34834	0.89058	-0.29245
0.218098	0.946916	0.236187
0.153738	0.988111	0.00129898
0.269313	0.959291	0.0850331
-0.926957	0.238941	0.289238
0.335622	0.933806	-0.123949
0.490839	0.609584	0.622483
0.605646	0.610034	-0.510932
0.510813	0.633116	-0.58158
0.830892	0.52675	-0.179312
-0.531357	0.836597	0.133286
0.0568749	0.500989	-0.863583
0.0194597	0.991707	0.127038
0.0218914	0.85903	-0.511457
-0.0237401	0.936164	0.350761
-0.486485	0.814873	-0.315141
0.37596	0.805006	-0.458932
-0.216035	0.974523	0.0602882
0.0464025	0.997991	0.0431348
0.0377392	0.997735	-0.0556776
-0.498018	0.854828	-0.145768
-0.0848695	0.996244	0.0172025
0.326882	0.818919	0.47172
-0.0833761	0.975565	-0.203278
-0.444228	0.695664	-0.564547
-0.141903	0.888703	-0.435972
-0.198348	0.880815	0.429911
0.304053	0.93276	0.193677
-0.00646771	0.530342	-0.847759
0.367235	0.653497	-0.661876
-0.26318	0.953146	0.149162
-0.185449	0.962049	-0.200177
0.608904	0.792929	0.0223247
0.154021	0.760995	-0.630209
0.258929	0.92336	0.283483
0.384871	0.839819	-0.382855
0.597204	0.708841	-0.375356
-0.331432	0.837924	0.433632
0.371744	0.925929	-0.066793
-0.468843	0.838857	0.276597
-0.32769	0.943878	0.0414026
0.242336	0.657805	0.713138
0.00964153	0.914196	-0.405159
-0.198529	0.817546	-0.540559
0.0277507	0.796928	0.603437
0.236752	0.969172	0.0682233
0.298325	0.952755	-0.0570956
0.0897285	0.995751	-0.0206896
-0.319089	0.945968	-0.0576851
0.0881639	0.834516	-0.543885
-0.0355828	0.977689	-0.207023
-0.231757	0.967321	-0.102852
0.395733	0.90004	-0.182546
0.231299	0.966804	0.108585
0.32669	0.913852	0.241138
-0.111028	0.959718	0.258098
0.297192	0.952776	0.0624151
0.0865147	0.959641	0.267591
-0.186217	0.839887	-0.509816
-0.062966	0.954025	-0.293038
-0.0613634	0.543731	-0.837013
-0.0197283	0.863393	-0.504146
-0.476848	0.320054	-0.818646
0.352854	0.898608	-0.260764
0.272391	0.858728	-0.434039
0.479119	0.877744	-0.00319761
-0.601547	0.765576	-0.228111
-0.300959	0.923754	-0.236858
0.608268	0.719366	-0.335444
0.463013	0.882539	-0.0821208
-0.444333	0.892881	-0.0730118
0.0945957	0.949618	-0.298793
-0.501179	0.857674	-0.114957
-0.0920483	0.989976	-0.107122
-0.247938	0.701826	0.667808
-0.704409	0.706402	-0.0693166
-0.0823801	0.985814	0.146231
-0.202565	0.969948	-0.134791
0.463184	0.884743	-0.0518631
-0.0242631	0.979996	-0.197531
-0.237281	0.830006	0.504765
0.0210464	0.99946	-0.0252363
0.501518	0.0227341	0.864848
-0.163332	0.985524	-0.045444
0.0676939	0.979567	-0.189383
0.021137	0.999605	-0.0185075
0.146216	0.964053	0.22186
0.0762716	0.991565	-0.104788
-0.604523	0.796571	0.00510681
-0.214632	0.97575	0.0429553
0.596252	0.797343	-0.0934234
-0.425582	0.900306	-0.0912676
-0.284519	0.944495	-0.164253
-0.545147	0.220386	-0.808854
-0.0475516	0.732439	-0.67917
-0.424539	0.900281	0.0962328
0.427874	0.831607	-0.354054
0.157692	0.976627	-0.146061
0.277714	0.793655	0.541283
-0.42182	0.90198	-0.0921975
-0.479408	0.867726	-0.131225
0.0277882	0.988877	-0.146115
0.306459	0.951223	-0.0354553
-0.546263	0.826694	0.134811
0.263128	0.761284	-0.59263
-0.393243	0.766296	-0.508085
0.264482	0.814294	-0.516696
-0.349691	0.800661	0.486475
0.0323588	0.734978	0.677318
0.0579023	0.578332	0.813744
0.125494	0.986054	0.109315
0.197497	0.956064	-0.216648
-0.0128041	0.917218	0.39818
0.620223	0.682338	-0.386959
0.0819224	0.947374	0.30947
0.290356	0.823126	0.488013
0.906274	0.406177	-0.116994
-0.117625	0.921347	-0.370518
0.145644	0.96924	-0.198396
-0.0156812	0.998169	-0.0584252
-0.253346	0.792835	0.554281
-0.252866	0.93832	0.235826
0.581122	0.797283	-0.16321
0.581081	0.793893	-0.179106
0.316627	0.585698	-0.746127
0.0902911	0.902693	-0.420705
0.230456	0.968276	-0.0966045
-0.0381695	0.922143	0.384962
-0.382874	0.772749	0.506228
-0.12853	0.990797	-0.0424441
0.208691	0.923715	-0.321244
0.485026	0.829655	-0.276445
-0.372701	0.926142	0.0579213
-0.0664531	0.72738	-0.68301
0.138017	0.890842	-0.432843
-0.12839	0.968888	0.211594
0.132908	0.990277	-0.0410702
-0.703414	0.707232	0.0709426
0.571709	0.784864	0.239035
0.383097	0.911221	-0.151373
-0.270606	0.888749	0.369996
-0.442566	0.892803	-0.0838917
-0.351335	0.934891	0.0504202
-0.493465	0.843681	0.211413
-0.116281	0.694345	0.710186
-0.151277	0.735493	-0.660429
0.603922	0.784735	-0.139532
-0.124278	0.898498	-0.421019
-0.36355	0.915993	-0.169672
0.53385	0.49998	0.681926
-0.252072	0.521731	0.81502
-0.2316	0.97274	0.0117913
0.149672	0.649194	0.745751
0.421844	0.901883	-0.0930338
-0.273602	0.92426	0.266243
0.287507	0.95629	0.0533739
-0.474703	0.652531	0.590645
-0.0842366	0.724874	-0.683712
0.673288	0.387764	0.629542
0.226873	0.727811	0.647163
0.14953	0.957454	-0.246824
-0.784814	0.594013	0.176678
-0.281462	0.948895	0.142749
-0.22335	0.785155	-0.577622
0.457546	0.522549	0.71944
0.417947	0.834559	0.358931
-0.485954	0.828582	-0.27803
0.263698	0.963226	0.0515628
0.602864	0.790056	0.111209
-0.422117	0.857994	0.292684
-0.169409	0.927128	0.334266
0.199612	0.881177	0.428581
0.946635	0.172001	0.272575
-0.0503866	0.94805	-0.314105
0.437599	0.799669	-0.411141
0.205144	0.922474	0.327043
-0.452149	0.558921	0.695104
0.313609	0.902627	0.294811
0.209572	0.637311	-0.741562
0.710092	0.67667	0.194647
0.353342	0.923623	0.148561
-0.260043	0.965357	0.0215468
-0.020638	0.837734	-0.545688
0.668315	0.681803	-0.297489
0.281557	0.933226	0.223194
-0.154867	0.664551	-0.731019
0.711441	0.66221	0.235225
-0.192619	0.719007	-0.667778
0.143105	0.980983	0.131125
-0.0131848	0.820618	-0.571326
-0.317543	0.905523	-0.281416
-0.154179	0.987936	0.014518
-0.280311	0.949453	0.141294
0.473805	0.771967	0.423764
-0.346371	0.929831	-0.124261
-0.154648	0.946574	0.282988
0.203056	0.674484	-0.709817
0.0411546	0.993998	-0.101365
-0.0586546	0.916594	-0.395493
0.00693822	0.999439	0.0327587
0.0300685	0.891796	0.451437
-0.161715	0.957641	0.238267
-0.0526259	0.965035	-0.256784
-0.157297	0.746741	-0.646247
0.66473	0.728951	-0.163599
0.297364	0.944669	0.138473
-0.1253	0.955151	-0.268304
-0.320039	0.857216	0.40343
-0.18923	0.981583	0.0261999
-0.817115	0.419757	-0.395129
0.385641	0.855993	0.344321
0.337553	0.935166	-0.107345
0.869857	0.386982	-0.30593
0.142456	0.812442	-0.565371
-0.653078	0.689893	0.312308
-0.0475026	0.80559	-0.590566
0.451302	0.888636	0.081568
0.143314	0.835184	0.53097
0.0114762	0.889593	0.45661
-0.0199184	0.896191	-0.443221
0.191294	0.943656	0.270038
-0.100685	0.926626	-0.362253
0.172329	0.910965	0.37476
-0.100842	0.976869	-0.18857
0.239441	0.82471	0.512369
-0.200904	0.964617	0.170737
-0.271649	0.926076	0.261898
-0.154664	0.982795	0.100962
-0.365884	0.58601	-0.722995
-0.127744	0.750038	0.648941
-0.202621	0.976198	0.0773413
-0.0120785	0.999926	-0.00148555
-0.889267	0.416107	-0.189893
-0.287493	0.937697	0.195123
-0.0052228	0.99864	-0.0518656
0.181846	0.973846	0.136223
0.442244	0.845556	0.299091
0.188639	0.978158	0.0873064
-0.373659	0.893085	-0.250554
-0.714379	0.662483	0.225344
0.0720666	0.979905	-0.185992
-0.189693	0.971173	-0.144359
0.330856	0.911819	0.243147
-0.0527883	0.976053	0.21103
-0.0352279	0.998571	-0.040198
-0.0595548	0.829741	-0.554962
-0.163411	0.924365	-0.344742
-0.0221682	0.979513	0.200159
0.0903397	0.988696	-0.11966
0.357961	0.863494	-0.355306
-0.06879	0.92372	-0.37684
-0.0303515	0.997513	-0.0636103
-0.836154	0.520288	-0.173627
-0.0927807	0.945133	0.313233
-0.195841	0.960745	-0.196509
0.413047	0.910354	-0.025452
-0.348933	0.891018	-0.290402
-0.160743	0.9867	-0.0241833
0.911538	0.228326	-0.342003
0.0851289	0.970706	-0.224686
0.00430939	0.912013	0.410139
0.0744352	0.978005	0.194845
-0.207861	0.946495	-0.246864
-0.529931	0.84078	0.110735
-0.413623	0.759683	0.501794
0.729674	0.676493	-0.0996685
0.0167391	0.933087	-0.359262
-0.307124	0.906187	-0.290688
-0.0314865	0.992168	-0.120878
-0.219731	0.964824	-0.14434
0.129583	0.866683	-0.481736
-0.28095	0.956572	-0.0777008
0.214083	0.954159	-0.209161
0.0454665	0.660682	0.749288
-0.482606	0.678349	-0.554016
-0.225498	0.90259	-0.366718
0.265293	0.850843	-0.453527
-0.0559627	0.962722	0.264641
0.516552	0.465832	-0.718453
0.64203	0.766604	0.010764
-0.418229	0.8066	0.41771
-0.162271	0.986725	0.00651963
-0.434548	0.900157	-0.0297751
0.0141678	0.97908	0.202982
-0.260276	0.958361	0.117477
0.670442	0.72617	-0.152263
0.519959	0.809655	0.272216
0.461615	0.887048	-0.0075426
0.0770875	0.961809	0.262643
-0.161492	0.844938	-0.509902
0.0630502	0.870923	-0.487358
0.307142	0.8502	-0.427579
0.307595	0.95133	0.0189097
0.140612	0.671471	-0.727567
0.0907646	0.906678	0.411942
-0.479295	0.704787	-0.523021
0.481482	0.849359	-0.21625
0.0290372	0.871597	-0.489362
-0.161411	0.949292	-0.269797
0.306504	0.951869	0.000209376
0.199735	0.803022	0.561482
-0.709729	0.652509	0.26555
-0.410224	0.883484	0.226214
0.0521508	0.998634	-0.00312996
0.176028	0.975036	-0.135348
0.0107469	0.966615	-0.256009
-0.299317	0.742409	-0.599365
-0.364639	0.912062	0.187564
0.0416672	0.994021	-0.100922
-0.0174429	0.827291	-0.561502
-0.112727	0.937367	0.3296
0.304815	0.945291	0.116244
-0.26973	0.944707	0.186477
0.491779	0.784383	-0.378017
-0.136513	0.906368	0.399827
0.0400662	0.85553	0.516201
0.00220371	0.99058	0.136921
-0.154442	0.83219	-0.532547
-0.120829	0.76325	0.634705
0.0980906	0.851467	-0.515153
-0.014699	0.648015	-0.761486
0.700106	0.682118	0.211109
-0.114404	0.880821	0.45942
-0.125939	0.928302	0.349851
-0.512007	0.811551	-0.281484
-0.254744	0.797479	0.546931
0.375099	0.886655	0.270453
-0.159456	0.981147	-0.109202
0.591724	0.773035	0.228649
-0.205455	0.976884	-0.0590394
-0.731344	0.681765	0.0182002
-0.196669	0.679905	-0.706435
-0.351295	0.923687	-0.152953
0.145151	0.982568	-0.11615
-0.474178	0.721818	-0.504118
0.517046	0.847988	-0.116536
-0.458747	0.546754	0.700437
0.473627	0.601043	-0.643759
0.481142	0.874393	-0.0627607
0.596525	0.64062	-0.483491
-0.592622	0.799725	-0.0961235
0.582204	0.800953	0.139685
-0.406417	0.910319	-0.0783884
0.0129797	0.850552	-0.525731
-0.48266	0.698582	0.528226
-0.503912	0.853899	0.130108
-0.19776	0.858232	-0.473633
0.533665	0.746738	0.396968
-0.0553828	0.938481	-0.340861
0.489309	0.869849	0.0627625
0.221788	0.961835	-0.16026
0.0757037	0.708666	-0.701471
0.34582	0.252901	-0.903576
0.517528	0.615792	0.594108
0.118771	0.976059	-0.182214
0.184754	0.979296	-0.0827358
0.355127	0.826554	-0.436685
0.519575	0.804698	-0.287234
-0.422924	0.720102	0.55008
-0.034484	0.9893	-0.141759
-0.234616	0.810578	0.53658
-0.136441	0.987292	-0.0814752
0.759502	0.644568	0.0876869
-0.258678	0.720338	0.643583
0.251744	0.918608	0.304605
-0.700543	0.451502	-0.552617
-0.298765	0.816608	-0.493853
0.693824	0.582042	-0.424071
-0.046957	0.988288	-0.145198
-0.0291835	0.698856	-0.714667
-0.428826	0.845979	-0.316904
-0.221854	0.969633	0.102924
-0.0786188	0.762004	-0.642782
0.196932	0.81237	-0.548883
-0.477003	0.511928	0.714421
-0.687328	0.724786	-0.0475981
0.708084	0.588677	-0.38997
-0.320481	0.946354	-0.0412962
0.0814874	0.82634	-0.557245
-0.363275	0.924116	0.118492
0.433176	0.899216	0.0613927
-0.0940028	0.951924	-0.291555
0.188441	0.964254	0.186288
0.449633	0.892425	0.0375154
0.375009	0.778608	0.503128
0.371667	0.912522	-0.170784
-0.611313	0.768287	-0.189818
0.0870434	0.765518	-0.6375
-0.163503	0.951549	0.260426
0.187129	0.923891	0.333779
0.476114	0.876682	-0.0688791
0.103552	0.949481	0.296248
-0.0261789	0.979664	0.19893
0.645047	0.75769	-0.0991018
0.16347	0.880002	-0.445953
-0.298563	0.703002	-0.645483
0.0659095	0.953059	-0.295525
0.646314	0.605243	0.464714
0.109416	0.916151	-0.38561
-0.0864905	0.938123	-0.335328
0.964805	0.132696	0.227031
-0.594242	0.79982	0.0846453
-0.0065848	0.597691	0.8017
0.822126	0.395574	0.409427
0.0814691	0.803565	-0.589615
0.18298	0.756181	-0.628258
0.262437	0.907864	-0.326969
0.315858	0.942867	0.106002
0.065742	0.997732	-0.0144368
-0.4549	0.728902	0.511633
-0.103956	0.972058	0.210468
0.287026	0.953115	-0.0958519
-0.411648	0.854478	-0.316881
0.3951	0.841041	0.369522
0.00278343	0.997607	-0.0690797
-0.28952	0.841231	0.456628
-0.519898	0.853864	0.0249571
0.607426	0.786183	0.113798
0.178101	0.970243	-0.164039
-0.529976	0.843776	-0.0846592
0.398153	0.880622	0.256865
0.241408	0.952508	-0.185611
-0.233771	0.853448	0.465808
-0.0827543	0.983299	-0.162097
0.288404	0.710971	-0.641361
0.0823274	0.980188	-0.180149
0.0124462	0.951461	0.307517
0.462464	0.642396	-0.611109
-0.0891698	0.993326	0.0731545
0.108579	0.84949	-0.516311
-0.0774553	0.945243	-0.317042
-0.206719	0.86795	-0.451586
-0.087466	0.99273	-0.0826821
-0.208288	0.971227	0.115477
-0.183357	0.982957	-0.0132606
-0.0354595	0.965178	-0.259181
-0.38702	0.694026	0.607078
0.128061	0.947463	0.29311
-0.424166	0.766724	-0.48189
-0.429541	0.89799	-0.0954368
0.202017	0.979055	0.0253058
0.180772	0.959247	-0.217178
-0.21773	0.963268	-0.157187
-0.311417	0.890304	0.332233
0.500188	0.86111	-0.0911112
-0.114082	0.993275	0.0197769
0.452464	0.88762	-0.0860673
-0.263355	0.963987	0.0370685
-0.267377	0.879191	-0.394376
-0.156886	0.706643	-0.689958
0.48996	0.871742	0.00232592
-0.580858	0.807033	-0.106304
-0.425966	0.868263	0.254307
-0.0930522	0.985555	-0.141504
0.0526971	0.984067	-0.169809
0.131049	0.990331	0.0455044
0.553817	0.630021	-0.54439
0.334376	0.941768	-0.0355627
0.0975392	0.983779	-0.150546
0.630523	0.743776	0.221894
0.155423	0.90748	0.390287
0.422583	0.8972	-0.128281
-0.730518	0.539788	0.418298
-0.575538	0.694995	-0.430973
0.277065	0.893244	0.354049
-0.207044	0.744167	0.635097
-0.245242	0.96576	-0.0846446
0.182717	0.93923	0.290623
0.123235	0.965406	-0.229794
0.129537	0.989673	0.0613861
-0.638308	0.768849	0.0378757
-0.294486	0.205461	0.933308
-0.583376	0.795051	-0.166032
0.344767	0.911426	-0.224583
-0.686537	0.602322	0.407279
0.177457	0.785446	-0.592944
0.900276	0.394001	-0.185114
0.675575	0.546388	-0.495033
-0.103054	0.990977	-0.0856983
0.536525	0.713491	0.450635
0.702782	0.711234	0.0156231
-0.512404	0.857914	0.0377588
0.0589863	0.985878	0.156734
0.313781	0.891993	0.325407
0.313752	0.929354	0.194576
-0.0319552	0.977048	-0.210609
-0.11073	0.605667	-0.787976
0.316531	0.923049	0.218606
0.365656	0.669684	-0.646389
0.438221	0.894027	0.0931536
0.522404	0.793792	0.31143
-0.379139	0.893676	-0.239993
-0.17331	0.940893	-0.291005
-0.305633	0.906998	-0.28973
-0.161666	0.884764	0.4371
0.861812	0.481883	-0.158332
-0.438396	0.897086	-0.0551872
-0.272181	0.940583	0.203028
-0.576181	0.680426	0.452809
0.304881	0.952013	-0.0268002
-0.769999	0.557286	-0.3107
0.397903	0.873543	-0.28035
0.880594	-0.0900125	0.465244
-0.120037	0.909581	0.39781
-0.35281	0.928151	-0.118581
0.245032	0.742727	0.62315
-0.0713594	0.733354	0.676092
-0.784895	0.476967	-0.395528
0.511971	0.852887	-0.102323
0.0998842	0.950828	-0.29317
0.435309	0.879574	0.19198
0.0551906	0.908918	-0.413306
0.118879	0.992539	0.0270808
0.461388	0.681289	0.568301
-0.362542	0.852887	-0.375694
-0.240618	0.947994	0.208349
-0.206991	0.974274	-0.0891321
-0.230415	0.926804	0.296553
-0.313247	0.943988	0.103743
-0.338186	0.333617	-0.87996
-0.0781136	0.516744	-0.852569
0.20925	0.962416	-0.173121
0.288993	0.930739	-0.224072
-0.0673007	0.943549	-0.324325
0.0114098	0.969899	-0.243241
-0.169555	0.850472	-0.497944
0.333891	0.655165	-0.677698
-0.493474	0.856708	-0.150118
0.469953	0.676606	0.566876
-0.465771	0.876345	-0.122789
-0.139854	0.990135	0.00857537
0.72707	0.549495	-0.411612
0.199911	0.979462	-0.026272
-0.105037	0.815759	-0.568775
-0.474912	0.841701	0.2569
-0.161192	0.362186	0.918062
0.327515	0.930231	-0.165542
0.419472	0.791535	-0.444426
0.00469588	0.992327	0.123549
0.417393	0.850231	-0.320764
0.15354	0.987714	0.0290979
-0.000605162	0.927332	0.37424
-0.610348	0.731997	0.302745
0.275556	0.955537	-0.104969
-0.19528	0.876188	-0.440636
-0.12972	0.954199	0.269586
0.522466	0.850664	0.0583051
0.378622	0.877613	0.294008
0.0276218	0.936498	-0.349583
0.274225	0.899399	-0.340414
0.587456	0.806303	-0.0690744
-0.103282	0.812755	0.573378
-0.293166	0.895718	-0.33428
-0.733007	0.666979	-0.133566
-0.208772	0.965969	0.152703
0.661707	0.732328	-0.160749
-0.23966	0.940203	-0.242037
0.0229866	0.97341	0.227914
0.264607	0.96435	0.00346829
0.284795	0.956984	0.0554328
-0.0100264	0.964999	-0.262063
0.441587	0.895029	0.0626489
-0.296029	0.856361	0.4231
-0.525774	0.686075	-0.502855
0.0998332	0.922419	0.373063
0.258319	0.959134	-0.115475
-0.55073	0.516	-0.656079
0.230245	0.267649	0.935602
0.25461	0.915489	0.311535
0.195042	0.942822	0.270271
-0.479201	0.85828	-0.183635
0.151185	0.955964	0.251546
0.165258	0.980171	0.109337
-0.22545	0.830775	-0.508906
0.307287	0.761631	0.57052
0.807753	0.513072	0.290332
-0.290584	0.94814	-0.128807
0.316087	0.946866	-0.0594439
-0.506141	0.825674	0.249165
-0.24049	0.685728	-0.68698
-0.134208	0.990446	-0.0317078
0.404092	0.902227	0.150655
0.453945	0.867909	0.201663
-0.106983	0.978549	-0.176057
-0.0244872	0.880111	-0.474136
0.0748599	0.936831	-0.341677
0.123515	0.949624	-0.288023
0.25708	0.966361	0.00750084
-0.107698	0.895957	-0.430884
-0.489935	0.776542	0.396165
0.0261283	0.939401	0.341824
-0.450936	0.78582	-0.423253
-0.315476	0.477369	-0.820118
-0.63125	0.771048	-0.0837119
0.101921	0.985491	-0.135716
0.00754162	0.895569	-0.444858
-0.38455	0.917558	0.101035
-0.161816	0.519305	0.83913
0.294171	0.842124	0.451985
0.158431	0.664063	0.730698
0.199607	0.864752	0.460827
0.492431	0.869749	-0.0323828
0.212449	0.977115	0.0106067
0.129942	0.991449	-0.0119825
-0.157784	0.978424	-0.133383
0.318832	0.947809	-0.00206022
-0.0158521	0.970009	0.242553
-0.157139	0.977675	-0.139493
0.239658	0.868432	-0.43404
0.29531	0.9351	-0.195909
0.0065495	0.997646	0.0682626
-0.986506	-0.162602	0.0191531
0.553413	0.832845	0.0101955
0.159001	0.91999	0.358243
0.0613761	0.992579	-0.104973
0.133408	0.97725	-0.164881
-0.0884292	0.872545	-0.480463
0.175048	0.961147	0.213437
-0.372668	0.807091	-0.457956
0.420906	0.906674	0.0279205
0.195655	0.957649	0.211253
0.607913	0.790572	0.0737436
0.352271	0.896736	0.2679
0.829236	0.492937	-0.263402
0.283788	0.934758	0.213758
-0.248826	0.966204	-0.0673507
0.366223	0.925462	-0.0969563
-0.323498	0.54139	-0.776045
-0.314695	0.932505	-0.177205
0.108806	0.675341	0.729436
0.208878	0.864741	0.45672
-0.193801	0.846176	-0.496415
-0.20147	0.945719	-0.255002
0.63324	0.772927	0.0398848
-0.0117955	0.894683	0.446545
-0.359518	0.90303	-0.235123
-0.0115427	0.999198	-0.0383444
0.439285	0.893592	-0.0923163
0.697638	0.685659	0.20778
0.221194	0.416892	-0.881631
-0.102113	0.985026	-0.138914
0.450121	0.880839	-0.146675
-0.0336515	0.838941	0.543181
-0.31723	0.929585	-0.187716
0.199899	0.976126	-0.0849576
-0.357674	0.865397	-0.350937
-0.477118	0.456724	0.750841
0.407902	0.912952	-0.0116396
0.492071	0.852912	0.174376
0.195836	0.980637	-0.000357071
0.0741865	0.933169	0.3517
0.442713	0.87441	0.198524
0.440993	0.740565	-0.507039
0.711922	0.546142	-0.441471
-0.0640385	0.912676	-0.403635
-0.511883	0.157056	-0.844576
0.134297	0.987078	0.0874172
0.32598	0.613807	-0.719012
-0.210597	0.972088	-0.103413
-0.917845	0.215194	-0.333544
0.288165	0.929496	0.230213
0.262398	0.964683	-0.0231203
-0.129793	0.987833	-0.0856766
-0.28373	0.95698	-0.0607246
0.578116	0.654763	0.486896
0.25778	0.965995	-0.0200886
0.0932505	0.778084	-0.621201
0.0976846	0.995215	-0.00223867
-0.255715	0.966691	-0.0109286
-0.182358	0.724528	0.664684
-0.334517	0.938266	-0.0880592
0.304613	0.74958	0.587658
-0.128165	0.896321	0.424479
-0.397864	0.887752	0.231518
-0.0578049	0.996789	-0.0554118
0.101253	0.994829	-0.00794602
-0.468205	0.866586	0.172666
-0.505182	0.790571	-0.346106
0.230203	0.928639	-0.290923
0.0983275	0.87762	-0.469163
0.19077	0.975019	0.113776
-0.206407	0.978466	0.000426832
-0.247004	0.802163	-0.543621
0.203945	0.961816	0.18253
-0.160243	0.986883	-0.0195953
-0.321813	0.928698	0.184274
-0.00250124	0.954228	0.299069
-0.439553	0.89766	0.0316234
-0.0571709	0.754025	-0.654353
-0.283212	0.942159	0.179239
-0.0513092	0.984902	0.165332
-0.00229074	0.995759	0.091973
0.157462	0.983087	0.0935173
0.0937391	0.938491	-0.332337
0.571384	0.450471	0.686001
0.218959	0.915709	0.336947
-0.445188	0.887634	0.117955
0.539687	0.423225	-0.727749
-0.159861	0.98297	0.0906301
-0.191625	0.976745	0.0961703
-0.178903	0.981882	-0.0624691
-0.244442	0.663653	-0.706974
-0.347709	0.578651	0.737741
-0.0970803	0.98051	-0.170807
-0.149065	0.888595	0.433796
0.281275	0.904459	0.320684
-0.281413	0.804248	0.523443
-0.323276	0.943633	-0.0710639
0.350477	0.903725	-0.24586
-0.592407	0.769378	-0.238979
-0.191247	0.97328	-0.127084
-0.789123	0.580051	0.202057
-0.288586	0.95272	0.0950895
-0.198697	0.88913	-0.412272
0.16249	0.931843	0.324446
-0.259896	0.780921	-0.567993
0.100318	0.962862	0.250665
-0.368769	0.681175	0.632463
-0.250782	0.495352	-0.831706
-0.0192226	0.797188	-0.603425
-0.0605359	0.996818	-0.0518628
-0.1211	0.991786	0.0411817
-0.773327	0.583288	0.248476
-0.408915	0.908395	0.087215
-0.2685	0.638307	0.721437
-0.298482	0.945941	0.126905
0.171478	0.976953	0.127118
-0.212306	0.943873	-0.253042
0.342435	0.689552	-0.638166
0.227689	0.641101	0.732904
0.0775486	0.991019	0.108942
-0.345376	0.917163	-0.198816
-0.478615	0.860908	-0.172528
0.284778	0.783272	0.552618
0.143855	0.98046	-0.134181
-0.545114	0.836734	-0.0522297
-0.254798	0.793966	-0.551993
-0.502943	0.792132	0.345797
0.426588	0.904252	-0.0187153
-0.559156	0.828797	0.0209731
0.128098	0.991723	0.00872037
-0.10932	0.993184	-0.0404282
-0.324719	0.854656	-0.405118
0.402432	0.810046	-0.426467
0.233383	0.963278	0.132772
-0.431918	0.749882	0.501123
-0.00094068	0.813618	-0.5814
0.148203	0.956954	-0.249547
0.511345	0.8396	0.1833
-0.230168	0.877344	0.421059
0.49923	0.707689	0.499945
-0.138329	0.859509	-0.492046
0.59846	0.608823	0.52075
0.0321457	0.826385	-0.562188
-0.250159	0.915992	-0.313655
0.0796627	0.781627	0.618638
0.669326	0.74173	0.0428968
0.171097	0.901736	0.396986
-0.407205	0.911954	-0.0502464
0.0211662	0.999342	-0.0294456
-0.101595	0.879691	0.464566
0.428057	0.860286	0.276902
-0.577855	0.816034	-0.0131242
-0.277956	0.837457	-0.470539
-0.518241	0.329224	0.789328
0.111566	0.979875	-0.165525
0.0720737	0.786039	0.613961
-0.489615	0.868402	-0.0784566
0.446735	0.882785	0.145324
-0.708761	0.704947	0.0265858
0.371959	0.928139	-0.0143275
0.0759321	0.984893	-0.155625
0.238622	0.711859	-0.660542
-0.235649	0.810556	0.536161
-0.0933341	0.852506	0.514317
0.393398	0.529443	0.751617
-0.110037	0.990646	-0.0806972
0.115243	0.619898	0.776173
0.30243	0.925331	-0.22869
0.603519	0.775227	0.186513
0.224674	0.973959	-0.0304088
-0.199147	0.925678	-0.321653
0.734308	0.421284	-0.53227
0.0749635	0.992651	-0.0950015
-0.0047318	0.829349	-0.558711
0.102561	0.886162	0.451884
-0.108098	0.923093	-0.369072
0.284678	0.92887	-0.236979
0.501982	0.715443	0.485958
0.234521	0.957726	0.166615
0.553368	0.518442	0.651921
-0.507063	0.861896	-0.0047658
0.472226	0.868195	-0.152446
0.52816	0.678201	0.510971
-0.14439	0.988048	-0.0539716
0.0104476	0.879912	-0.475022
0.862407	0.131601	-0.48881
-0.156454	0.967398	-0.199154
0.284762	0.941799	0.178679
-0.280392	0.938833	-0.199933
0.0728293	0.979225	-0.189248
-0.405965	0.877707	0.254605
0.594343	0.798488	0.0957747
-0.117634	0.937667	-0.327022
-0.185351	0.970071	0.156867
-0.0908037	0.864082	-0.495093
0.605494	0.437166	-0.665028
0.558759	0.718996	-0.413321
-0.43649	0.876656	-0.202363
0.626466	0.515241	0.584864
0.206166	0.946239	-0.249254
-0.166417	0.886108	0.432571
0.016168	0.973344	0.22878
-0.0381549	0.565789	0.823667
0.661848	0.356635	0.659369
-0.387536	0.897329	0.211226
-0.26424	0.93327	0.24328
-0.00738823	0.987842	0.155285
-0.148783	0.987787	0.0462575
-0.440974	0.896671	-0.0390255
0.0477518	0.851627	-0.521969
-0.178723	0.964321	-0.195302
-0.325392	0.821076	0.468994
-0.360662	0.748184	-0.556906
-0.356227	0.934251	0.0166576
0.439267	0.890506	0.118502
0.0280128	0.984015	-0.175869
0.307595	0.928735	0.206972
-0.318684	0.944038	-0.0850451
-0.124675	0.991116	0.0463234
0.228248	0.968601	0.098561
0.455844	0.728279	0.51168
0.343687	0.927208	0.148876
-0.454094	0.879415	0.142926
0.065188	0.994681	0.0797541
-0.311807	0.785737	-0.534222
0.0150102	0.999839	0.00985449
0.495638	0.860955	-0.114455
0.405874	0.877687	-0.254817
-0.187422	0.875498	0.445395
0.15162	0.983551	0.0981743
-0.0380209	0.973117	-0.227153
-0.378259	0.828199	-0.413529
-0.217617	0.433756	-0.874356
0.539777	0.837063	-0.0892579
-0.14214	0.799409	0.583731
-0.321466	0.862001	0.391936
0.0911627	0.961419	0.259543
-0.614216	0.786449	0.0650882
-0.832162	0.552409	-0.0484832
0.344191	0.814761	-0.46658
-0.237696	0.968816	-0.0699731
0.469953	0.815084	-0.338795
-0.39029	0.903401	0.177598
0.185966	0.769142	-0.611422
-0.429617	0.675842	0.598888
0.0626063	0.910951	0.407735
0.112581	0.889661	-0.442526
0.481493	0.68623	-0.545209
0.192585	0.97914	-0.0647831
-0.364655	0.871762	0.327197
0.425641	0.894734	-0.135202
-0.61127	0.781141	0.127153
0.411256	0.888302	0.20442
-0.366665	0.822912	-0.434019
-0.153764	0.961426	0.228072
0.121807	0.688496	0.714938
-0.00710877	0.955368	0.295334
-0.795427	0.148222	-0.587645
0.532028	0.224624	0.816388
0.482842	0.799467	-0.357373
-0.215918	0.972863	-0.0831705
-0.4765	0.839036	-0.262616
-0.437968	0.8265	0.35367
0.479633	0.814613	0.326124
-0.17199	0.972222	-0.158758
0.168743	0.985234	0.0289745
-0.24953	0.930289	-0.268881
-0.306865	0.651258	0.694044
-0.444246	0.885131	0.138522
-0.555846	0.800057	0.225707
0.40043	0.826317	0.396049
0.00990049	0.963583	-0.267227
-0.278467	0.948248	0.152581
-0.0881836	0.943833	-0.318438
0.3578	0.933587	0.019875
0.682434	0.672897	0.285469
0.0431441	0.96485	-0.259237
-0.032173	0.996739	-0.0739991
0.602814	0.684563	-0.409865
-0.34776	0.850512	0.394578
0.134656	0.908449	0.395712
0.769887	0.536496	-0.34561
0.912485	0.358426	0.197237
0.0332115	0.986518	-0.160247
-0.50377	0.848887	0.160018
-0.286151	0.955999	-0.064675
0.437209	0.899203	0.0167883
-0.504344	0.631272	0.589179
0.0834654	0.986819	0.138645
0.272496	0.950845	0.147105
0.328562	0.721951	-0.608961
0.0444176	0.998937	0.0122964
-0.526312	0.625435	-0.576044
0.521369	0.831495	0.191806
-0.255845	0.958454	-0.126135
-0.059074	0.977157	0.204141
-0.0216014	0.979905	-0.198291
0.214468	0.936736	0.276638
0.184093	0.982569	-0.025839
-0.410038	0.90559	-0.108514
-0.663996	0.719352	0.204064
-0.108073	0.957132	-0.268737
-0.260583	0.958578	-0.114994
-0.491699	0.866094	0.0900716
-0.118934	0.984716	-0.127238
-0.271535	0.95925	-0.0781599
-0.189844	0.981014	0.0396403
-0.150848	0.799993	0.580737
0.647189	0.732029	0.212789
0.436657	0.777192	-0.453104
-0.104037	0.851996	-0.513108
0.435359	0.837614	0.329947
0.0785605	0.522836	-0.848806
0.367413	0.930058	0.000458945
0.374939	0.915801	-0.143974
-0.267503	0.868328	0.41767
-0.314279	0.940262	-0.130905
0.102831	0.982906	-0.152711
-0.00913386	0.990032	-0.140547
0.317852	0.800375	-0.508301
-0.345841	0.902119	0.258023
-0.137571	0.734031	-0.665035
-0.342062	0.865291	0.366422
0.181238	0.968633	-0.170009
0.0794399	0.992181	-0.0962576
-0.889409	0.454522	0.0485962
-0.128655	0.600119	-0.789496
-0.345733	0.679946	-0.64664
0.458205	0.878647	-0.134264
-0.102654	0.947107	0.304058
-0.443849	0.844081	0.300874
0.526959	0.840465	0.126224
0.731693	0.495728	0.467846
0.573573	0.679917	0.456866
-0.186283	0.963927	-0.190116
0.723666	0.66576	-0.181858
-0.309064	0.915233	0.25851
0.040335	0.935621	0.350694
-0.466112	0.875156	-0.129778
0.487764	0.796911	0.356396
-0.165394	0.915779	-0.366052
-0.06131	0.761105	-0.645724
0.223127	0.807798	-0.545597
0.470714	0.864691	-0.175322
-0.376852	0.83693	0.396901
0.37145	0.885052	0.280549
0.460132	0.885859	0.0594378
0.0188316	0.998433	0.0526916
0.829125	0.534804	-0.162897
0.510845	0.833231	-0.211572
0.503158	0.842707	-0.191513
0.214642	0.946743	-0.240015
0.569353	0.821658	-0.0267427
-0.283201	0.956516	0.06981
-0.46414	0.599639	-0.651925
-0.0080421	0.943453	0.331407
0.216279	0.887929	0.405962
-0.491523	0.796511	-0.352102
-0.319827	0.673352	-0.666564
-0.153497	0.900439	-0.406999
-0.397145	0.87988	-0.260933
0.101001	0.979697	0.173184
-0.87992	0.411806	-0.236973
-0.297131	0.839655	0.454635
0.424188	0.900574	-0.0950314
-0.161718	0.823552	-0.5437
0.423572	0.75805	-0.49593
-0.828098	0.468621	0.307648
-0.501055	0.865283	-0.0151457
-0.208717	0.92937	-0.30448
0.126099	0.981767	0.142243
0.411298	0.888102	0.205203
0.049674	0.785313	0.617103
0.619011	0.739665	0.264049
-0.0911346	0.963243	0.252699
-0.452732	0.886866	0.0922097
0.420865	0.898223	0.126759
-0.372522	0.444427	0.814685
0.293857	0.929771	0.22175
-0.095511	0.99395	0.0542364
0.0711277	0.997059	-0.028551
-0.286167	0.952374	0.105317
0.272352	0.832847	-0.481862
0.168516	0.925534	0.339101
-0.158476	0.881433	-0.444927
0.491277	0.864806	0.103715
0.252757	0.849627	-0.46287
-0.0806829	0.996673	-0.0115447
0.4647	0.815958	-0.3439
-0.076637	0.950116	0.302336
-0.151389	0.755445	-0.637482
0.185772	0.972516	-0.14036
0.172917	0.979386	0.104414
0.160217	0.948562	-0.273056
0.0324844	0.99916	-0.0249985
-0.197702	0.862561	-0.465728
0.261351	0.756609	0.599365
0.114679	0.538144	-0.835015
0.00389157	0.869396	0.4941
0.334716	0.890045	0.309492
0.56267	0.818073	-0.118988
0.073895	0.696991	-0.713262
0.0407027	0.946367	-0.32052
-0.195524	0.856129	-0.478345
-0.00292988	0.956986	-0.29012
0.0670012	0.895524	0.43994
0.470703	0.833519	-0.289283
-0.322422	0.885966	-0.33333
0.375922	0.853355	0.361203
0.434486	0.899756	-0.0407568
-0.112979	0.761559	-0.638172
-0.274015	0.961618	-0.0143739
0.183788	0.966365	0.179889
0.361611	0.887845	-0.28455
-0.174653	0.975004	-0.137346
-0.405968	0.889189	0.211028
-0.0777022	0.895566	-0.438091
0.0442362	0.993759	-0.102405
-0.0827663	0.68795	-0.721024
-0.516246	0.796065	0.315863
-0.900164	0.426101	0.0902386
0.156515	0.926138	-0.343179
0.0365026	0.881585	0.470613
0.497007	0.783374	-0.373243
-0.569783	0.752597	0.33007
0.105508	0.98225	0.155092
0.304318	0.655999	-0.690693
-0.798234	0.0976286	-0.594383
0.210591	0.942337	-0.260102
-0.161165	0.728115	0.666238
-0.660205	0.725981	0.192564
-0.529447	0.843493	0.0905849
-0.149056	0.944671	-0.292197
-0.227229	0.904288	-0.361428
0.242303	0.865974	0.437468
-0.322176	0.94455	-0.0634717
-0.565545	0.804605	0.181027
0.0666771	0.938816	0.337904
-0.381629	0.820571	0.425467
-0.0258557	0.965012	0.260929
0.16635	0.872975	-0.458521
-0.121886	0.989511	0.077539
0.109548	0.863977	-0.491471
0.0991822	0.800894	-0.590535
-0.185549	0.925068	-0.331393
-0.111574	0.859286	-0.499178
-0.225854	0.943627	-0.241987
0.622474	0.737928	-0.260745
-0.319936	0.87654	0.35961
-0.649138	0.679925	-0.341059
0.301576	0.88159	0.363113
0.219117	0.929095	-0.297944
0.206354	0.774589	0.597854
0.574166	0.818611	-0.0144395
0.00223143	0.998208	0.0598038
-0.0821262	0.873236	0.480328
-0.00190436	0.982689	0.185253
0.365573	0.766989	0.527336
0.0931795	0.987102	-0.130178
-0.152359	0.95258	-0.263398
-0.424654	0.740774	-0.520503
0.245736	0.905112	-0.346967
0.381223	0.915793	0.126458
-0.44973	0.594318	0.66673
0.0557158	0.993225	-0.10198
-0.291335	0.9545	0.0636735
0.162924	0.984985	-0.057094
0.129795	0.984612	-0.117014
-0.00913822	0.999941	-0.00590416
0.0915074	0.989275	-0.113852
-0.736015	0.45538	0.500911
0.192841	0.950282	0.244492
0.1632	0.557984	-0.813646
0.318502	0.942182	0.10416
-0.189306	0.82614	-0.530713
-0.390886	0.883103	0.259493
0.136037	0.96686	0.216043
0.0939936	0.970455	-0.222223
-0.561226	0.808573	0.176736
-0.218148	0.970962	-0.0982055
-0.15466	0.835309	-0.527578
0.38186	0.908404	-0.170253
-0.462133	0.783268	0.415841
-0.280714	0.877647	-0.388505
0.0346895	0.967141	-0.251864
-0.118611	0.992354	-0.0341436
0.0929874	0.878011	-0.469522
-0.0833787	0.972206	-0.218776
0.0903732	0.949714	0.299793
0.0580968	0.617706	0.78426
-0.290741	0.857117	0.42523
0.0603071	0.995211	0.0769238
-0.209132	0.954492	-0.212622
0.269556	0.95857	-0.0921074
0.0519599	0.914671	0.400846
0.154465	0.977031	-0.146805
0.274522	0.904827	-0.325464
-0.160868	0.815572	0.555845
-0.117684	0.990934	0.0648166
0.202642	0.979057	0.0195933
0.766546	0.641574	-0.0281069
-0.0602498	0.985804	0.15672
0.296602	0.23671	0.9252
-0.199289	0.807644	-0.554973
0.485151	0.86159	0.149302
0.22472	0.973652	-0.0387639
-0.418861	0.816027	0.398316
-0.316785	0.948345	0.0170039
0.519192	0.853399	0.046355
-0.0106182	0.911835	-0.410419
-0.684692	0.714759	0.142535
-0.298668	0.922096	-0.24604
0.258082	0.957228	0.130802
0.568973	0.746473	-0.345033
-0.14963	0.987899	0.0408108
-0.118133	0.983623	0.136124
0.0876096	0.902581	0.421512
-0.300154	0.66429	-0.684563
-0.51257	0.839192	-0.181735
-0.102022	0.875074	0.473114
0.268114	0.82341	0.500112
-0.439785	0.898005	-0.0132337
-0.174222	0.92809	0.329082
-0.00614642	0.94203	0.335472
-0.0684893	0.992365	-0.102573
0.32943	0.881074	0.339389
-0.314284	0.319258	-0.894036
-0.0665996	0.992084	0.106463
-0.151519	0.967674	0.201616
0.369817	0.773422	-0.514833
-0.589936	0.750421	-0.298066
0.55787	0.778001	-0.288956
0.60635	0.794264	-0.0385257
0.205229	0.966894	-0.151645
-0.0872549	0.962611	-0.25645
0.108176	0.991636	-0.070394
-0.198505	0.82618	-0.527278
0.0726737	0.992702	-0.0962334
-0.200996	0.902009	-0.382074
-0.269583	0.854237	0.444527
-0.0406702	0.713693	-0.699277
0.0511043	0.68586	0.725937
0.620198	0.728141	0.291831
0.290899	0.914823	-0.280137
-0.192649	0.737574	0.647202
-0.143156	0.933896	-0.327636
-0.444512	0.759419	-0.47507
0.716819	0.686981	0.119283
0.130775	0.978116	-0.161825
-0.0672827	0.979056	0.192151
-0.558912	0.512937	0.651547
0.05679	0.931248	0.359934
0.161882	0.277861	-0.946883
-0.235599	0.770365	0.592479
-0.304842	0.865718	0.396992
0.327071	0.937136	-0.121662
0.137538	0.934025	0.329667
0.0686712	0.825658	0.559976
-0.441838	0.860573	-0.253365
0.170146	0.489203	0.855413
-0.126851	0.887104	-0.443797
-0.198841	0.949739	-0.241782
-0.461999	0.885912	0.0414251
-0.450175	0.868895	-0.205826
0.120654	0.635874	0.762303
-0.0458359	0.948781	0.312592
0.737651	0.522079	0.42814
0.380766	0.837517	0.391896
0.361646	0.864766	-0.348413
0.065418	0.938188	0.339887
-0.0110192	0.916491	-0.399903
-0.308047	0.874279	-0.375158
0.0934765	0.904928	-0.415171
-0.185503	0.982641	-0.00228927
-0.599497	0.790782	0.123559
0.0123882	0.955524	-0.294652
0.0526804	0.949181	0.310291
-0.102503	0.689397	0.717095
0.36582	0.889615	0.273425
-0.368355	0.905909	0.208911
-0.146534	0.806374	-0.572965
0.100761	0.994675	0.0216574
-0.288225	0.819226	0.495778
0.423272	0.897165	-0.126234
0.00819213	0.9865	-0.163559
-0.209221	0.968602	0.134299
0.505986	0.750515	0.425095
-0.627662	0.640875	-0.441949
-0.0833828	0.994569	-0.0622804
-0.0591108	0.993206	-0.100235
-0.100923	0.99435	-0.0328983
-0.0230305	0.808663	0.587822
0.0364169	0.818447	-0.573427
0.0123932	0.932885	-0.359961
0.693993	0.719746	0.0184436
0.333238	0.92627	-0.176002
-0.516816	0.823926	-0.232481
0.525348	0.647109	-0.552502
0.201056	0.972289	-0.119295
-0.0231175	0.91075	-0.41231
-0.11113	0.990907	0.0758554
0.244867	0.968034	0.0543181
0.285682	0.957669	0.0354377
0.525427	0.422384	-0.738592
-0.189237	0.717223	-0.670656
0.0226422	0.933528	-0.357789
0.192062	0.382831	0.903633
0.0167083	0.724584	-0.688983
0.626161	0.768306	0.132772
0.351519	0.925932	0.138144
-0.314188	0.945678	0.083534
-0.278703	0.769957	-0.574013
-0.222959	0.972895	-0.0613602
0.189639	0.917687	-0.349125
0.163186	0.926141	-0.340048
0.0637816	0.908673	0.412609
-0.104484	0.850999	0.514669
-0.544852	0.524855	-0.65396
-0.0349985	0.9669	-0.252746
0.776866	0.535185	-0.331746
0.0378566	0.975905	-0.214888
0.743937	0.566426	0.354569
0.25533	0.947484	-0.192561
-0.390575	0.863805	0.318263
0.299752	0.953345	0.0357988
-0.10484	0.982837	-0.15179
0.447903	0.877875	0.169467
0.0409701	0.934919	-0.352488
0.150128	0.966247	0.209352
-0.103293	0.994455	0.0197479
-0.31818	0.932911	-0.168636
0.188385	0.816867	-0.545197
-0.356344	0.916873	-0.179896
0.0754948	0.993053	-0.0902556
-0.252532	0.6468	0.719637
0.341427	0.939733	-0.0181542
-0.711058	0.661308	0.238891
-0.127713	0.840895	-0.525914
-0.717328	0.609804	0.337015
-0.0960185	0.993464	-0.0617185
0.578077	0.717269	-0.38904
0.230866	0.337616	0.912533
0.16707	0.976369	0.137081
0.221432	0.945558	-0.23851
-0.512601	0.745545	-0.425914
0.450006	0.885921	-0.112418
-0.0363097	0.977667	0.207001
0.273942	0.959083	0.071521
0.265671	0.508345	0.819149
-0.0868502	0.897068	-0.433273
0.212694	0.975744	0.0518095
0.157885	0.868129	-0.470557
-0.406694	0.90942	0.0869235
0.468314	0.875538	-0.118809
0.630029	0.646185	-0.430707
0.00488743	0.920856	0.389873
0.420271	0.830264	0.366107
-0.513154	0.827676	-0.227211
-0.2567	0.96604	0.0295378
0.5699	0.821109	-0.031543
-0.0300563	0.967833	0.249791
0.140551	0.937085	-0.319558
-0.0868107	0.986119	0.141536
0.854147	0.509137	0.105892
0.163527	0.923777	0.346259
-0.00612764	0.99594	-0.0898098
0.342492	0.926216	-0.157553
-0.302189	0.782572	0.5443
0.0688812	0.70376	0.707091
0.46681	0.742436	-0.480497
0.444786	0.871057	-0.208387
-0.166851	0.819997	-0.547508
-0.131047	0.991355	0.00646042
0.363886	0.411507	-0.835612
0.187411	0.953655	0.235413
0.10368	0.861488	0.497081
0.056444	0.965356	0.25476
0.0619176	0.803374	-0.592247
0.0529353	0.993253	0.103185
-0.0282458	0.87233	0.488101
-0.569841	0.803974	-0.170021
0.00571209	0.91844	0.395519
-0.326321	0.659422	-0.677258
0.236447	0.859123	-0.453872
-0.239222	0.950141	-0.20001
0.0471603	0.998858	0.00771181
0.770296	0.524781	0.362284
-0.328837	0.840423	0.43076
-0.478918	0.788397	0.386093
0.323556	0.829351	-0.455508
0.209033	0.77754	0.593073
-0.398247	0.913148	0.0869458
-0.484347	0.853986	-0.190044
-0.00988839	0.982496	-0.186021
0.485528	0.691035	-0.535476
-0.61581	0.786113	-0.0529518
0.312806	0.878136	0.36198
0.162326	0.939831	0.300611
-0.161849	0.859398	0.485015
-0.00862071	0.916278	-0.400451
-0.00907829	0.975597	-0.219379
0.263328	0.712511	-0.650374
-0.225331	0.95618	-0.186939
0.520112	0.851032	-0.0723074
-0.103357	0.969692	0.221394
-0.257764	0.877777	0.403814
0.301597	0.747919	-0.591317
-0.868962	0.39544	-0.297544
0.0418583	0.998637	-0.0311781
0.128563	0.86554	0.484057
0.298733	0.946033	-0.125622
0.370604	0.84791	-0.37908
0.505875	0.794221	0.336605
0.0921637	0.989307	0.113041
-0.49779	0.731534	0.4659
0.374174	0.922881	-0.0910193
0.364298	0.83016	0.422043
0.0395412	0.830647	0.555394
-0.330532	0.923609	0.194153
0.0819182	0.935876	-0.342673
0.420551	0.864402	0.275584
0.0990831	0.882452	0.459848
0.208394	0.931058	-0.299506
0.380261	0.7528	0.537302
0.720288	0.692615	0.0383422
-0.0588854	0.998174	0.0134461
-0.256605	0.118659	-0.959205
0.335597	0.395736	-0.85485
0.18239	0.983129	-0.0138324
0.502486	0.860241	-0.0865651
0.0393016	0.993982	-0.102247
0.745306	0.664808	-0.0504888
0.218899	0.941887	0.254818
-0.463287	0.713082	-0.526193
-0.300282	0.947976	-0.105695
0.22185	0.930326	-0.292022
0.132534	0.972701	-0.190493
-0.0828566	0.834498	0.544745
-0.144368	0.982214	0.12006
-0.354154	0.81578	0.45725
-0.118183	0.928699	0.351497
-0.357284	0.850769	0.385409
0.00712798	0.914024	0.405596
0.504312	0.79122	0.34589
-0.436607	0.893148	-0.107989
-0.637375	0.665722	0.38803
-0.0726547	0.987416	0.140464
-0.174907	0.896568	0.406908
0.256654	0.964356	-0.0643972
-0.760585	0.647219	0.0511656
0.226222	0.74677	0.625427
-0.128409	0.825933	-0.54895
-0.0975315	0.935791	0.338797
-0.63971	0.636036	0.431543
-0.823299	0.562568	-0.075477
-0.607917	0.785963	-0.112688
0.412219	0.901866	-0.129276
-0.0725761	0.996751	-0.0349305
0.235857	0.75999	0.60563
0.465561	0.88348	0.0521232
0.585579	0.810608	-0.0034995
-0.097696	0.973378	0.207343
-0.533089	0.833805	0.143473
0.177227	0.869995	0.460108
-0.249787	0.967455	-0.0404614
0.560863	0.820921	0.107333
0.524313	0.591355	0.612696
-0.369179	0.880598	0.297076
0.179486	0.967081	0.180387
0.235628	0.950672	-0.201746
0.215097	0.623557	-0.751605
0.209554	0.9325	0.294163
-0.0798288	0.812909	0.576894
0.29643	0.952132	-0.0746651
0.246603	0.960874	0.126129
0.180775	0.970354	-0.160419
-0.219888	0.918162	-0.329588
0.326888	0.932185	-0.155483
0.730908	0.67919	-0.0668901
0.29636	0.9019	0.314242
0.0672595	0.997735	0.000628486
0.401298	0.903504	-0.150464
0.156543	0.882072	0.444347
0.241731	0.952991	0.182688
0.02362	0.969039	0.245775
0.633752	0.772538	0.0392843
0.444466	0.894254	-0.0525404
0.132076	0.859329	0.494075
0.344045	0.257854	-0.902854
0.525892	0.548053	-0.650442
-0.496785	0.833749	-0.240969
-0.327427	0.943467	-0.0515836
-0.449741	0.706141	0.546899
-0.633359	0.745036	-0.20923
0.853478	0.336964	0.397529
-0.10925	0.993703	0.0248597
-0.230125	0.942301	0.243128
-0.105167	0.877508	0.467889
0.643165	0.759685	0.0960088
-0.729145	0.669288	-0.142832
-0.407631	0.191399	0.892863
0.166688	0.852172	0.496002
-0.130381	0.990562	0.0422838
0.140181	0.977858	-0.155381
0.0605443	0.885916	0.459877
0.295575	0.178404	0.938513
0.192667	0.981234	0.00771621
0.0562914	0.865859	0.497111
-0.260518	0.954517	-0.145009
-0.425078	0.870803	-0.247002
-0.0904487	0.983831	-0.154582
0.794261	0.250165	0.553686
0.141664	0.883042	0.447401
0.239481	0.910559	0.336943
-0.50796	0.764983	-0.395951
-0.357588	0.769937	0.528515
-0.269428	0.95203	0.145076
0.552915	0.827184	0.100254
0.463921	0.885708	0.0172784
-0.545818	0.666631	0.507627
-0.106594	0.987132	-0.119202
-0.659269	0.651547	-0.375302
-0.463157	0.627145	0.626239
-0.322934	0.871094	0.370012
0.571332	0.697045	0.433254
0.0151001	0.997213	0.0730692
0.194219	0.979974	0.043936
0.125537	0.784685	-0.60705
-0.512401	0.820075	-0.254797
-0.0857625	0.996245	0.0119005
-0.185127	0.953867	0.236359
0.573523	0.815066	-0.0820898
-0.0771217	0.973733	-0.214234
0.408308	0.911682	0.0460509
-0.716504	0.697572	0.00387976
-0.736578	0.672684	0.070343
0.0432514	0.597179	0.800941
0.0576074	0.940924	0.333681
-0.25513	0.965607	-0.0501296
0.171129	0.985217	0.00791507
0.132525	0.981105	-0.140962
-0.314471	0.748263	0.584132
-0.378195	0.90578	0.191129
-0.678233	0.632963	-0.373307
-0.0854284	0.925501	0.368984
0.320815	0.864832	0.386191
-0.639875	0.735386	0.223087
0.280551	0.952759	0.116372
-0.054692	0.964265	-0.259232
-0.790593	0.436056	-0.429904
-0.263069	0.453524	0.851534
-0.232567	0.952025	-0.198898
0.289241	0.895765	0.337557
-0.0483526	0.975501	-0.214618
0.404481	0.861893	-0.305838
0.367112	0.707045	0.604414
-0.212664	0.595351	0.77481
0.078959	0.896584	0.435779
-0.0896701	0.893622	0.439771
0.32878	0.894386	0.303278
-0.649108	0.335923	-0.682506
-0.0497634	0.98883	-0.140493
0.24966	0.966357	0.0618335
-0.0492782	0.911248	-0.408899
0.376923	0.326165	0.866917
-0.137518	0.731147	-0.668216
0.257306	0.911765	0.320124
-0.140808	0.957273	0.252588
-0.281863	0.953979	0.102358
-0.418733	0.904548	-0.0803509
-0.473259	0.230277	-0.850293
-0.299154	0.935342	-0.188791
-0.0520799	0.990564	-0.126772
0.422301	0.552899	0.718307
0.559225	0.725689	0.400803
0.366286	0.674207	-0.641311
-0.0843651	0.882257	0.463147
0.124115	0.982225	-0.140815
0.193383	0.955288	0.223667
0.557605	0.63054	0.539904
0.334513	0.934179	-0.124137
0.347718	0.91262	-0.214982
-0.183556	0.923998	0.335461
0.482341	0.760942	0.433951
0.198172	0.94369	-0.264909
0.203271	0.949865	-0.237567
-0.426496	0.725309	0.540397
0.368042	0.912253	0.179834
0.107823	0.761706	-0.638889
0.776298	0.597618	-0.200535
-0.922808	0.361009	-0.134532
0.240953	0.917968	-0.315082
0.0109523	0.892507	0.4509
0.356203	0.933786	-0.0341076
0.138889	0.986337	0.0885961
0.106089	0.695052	-0.711089
-0.156283	0.937793	-0.310031
-0.685408	0.691149	-0.229191
-0.0157133	0.984749	-0.173272
-0.104267	0.977088	0.185548
0.0688403	0.98425	-0.162831
-0.160577	0.939541	0.302454
0.165982	0.980158	0.108349
-0.0505793	0.96358	0.262593
-0.485447	0.501753	0.715951
-0.0200435	0.543965	0.838869
0.668733	0.741642	-0.0525704
-0.50407	0.733762	0.455528
-0.000799611	0.99954	0.0303209
0.150348	0.874886	0.460403
-0.608388	0.748726	-0.263196
0.0645	0.994282	-0.0851102
-0.0315985	0.846472	0.531494
0.256398	0.893119	0.369593
0.241347	0.90566	-0.348614
-0.0335754	0.886729	-0.461069
0.646551	0.64977	-0.399714
-0.55807	0.809727	-0.181387
0.751311	0.566533	-0.338486
-0.073463	0.834329	0.54635
0.52833	0.579074	-0.62092
-0.00916882	0.881359	-0.472358
-0.238567	0.96954	-0.0554752
0.15482	0.891287	-0.42619
-0.502945	0.773413	-0.385848
-0.760864	0.520623	0.387347
-0.279534	0.955897	-0.0901199
0.464452	0.741787	-0.483772
-0.0656861	0.904127	-0.422185
-0.592313	0.756734	-0.276621
0.532626	0.813292	0.234234
-0.487265	0.700247	-0.521753
-0.0436866	0.896031	-0.441836
-0.226332	0.870463	-0.437112
-0.305333	0.906376	0.291983
0.504298	0.81891	0.273989
0.32202	0.755832	-0.570105
-0.342097	0.84966	0.401307
0.249025	0.717534	-0.650486
0.0280803	0.999595	-0.00471805
0.416143	0.896589	0.151501
0.160125	0.869472	0.46731
0.16428	0.861503	0.480442
0.101247	0.889402	-0.445773
-0.361946	0.695382	0.620837
-0.00304628	0.990064	0.140584
0.144237	0.934659	0.324975
0.125864	0.975558	0.180124
-0.834681	0.550532	-0.0149133
0.218605	0.943223	0.250084
0.231125	0.58674	-0.776091
0.238256	0.87043	0.430797
0.212896	0.973866	-0.0791284
-0.0901378	0.99326	0.0728658
0.0037433	0.977928	-0.208907
0.214996	0.884155	-0.414785
-0.161285	0.983736	-0.0790572
0.497961	0.392008	-0.77354
0.0685296	0.925517	-0.372455
-0.619118	0.779374	-0.0962757
0.469899	0.593098	-0.653781
0.318664	0.785497	-0.530517
0.0509065	0.734242	0.676977
-0.687028	0.705689	-0.17319
-0.762755	0.57331	0.299198
0.342854	0.765343	-0.544703
0.151768	0.987007	-0.052767
0.52153	0.847673	-0.0972419
-0.468194	0.863424	0.187863
0.0187913	0.997888	0.0621746
0.197773	0.973801	0.112236
-0.359102	0.799999	0.480673
0.751676	0.584775	0.304995
0.226557	0.97368	0.0248737
-0.0712904	0.994652	-0.0747335
0.251704	0.948609	0.191795
-0.258856	0.911345	-0.320068
-0.0703932	0.99641	0.0470242
0.646037	0.560804	0.517818
0.193694	0.574042	-0.795587
-0.145807	0.969974	0.194658
0.0837305	0.996488	-0.000125643
0.113352	0.97808	-0.174674
-0.168956	0.985389	0.0215273
-0.0359741	0.909317	-0.414546
0.174913	0.948974	0.262401
-0.0556136	0.995998	-0.069962
0.0859462	0.996273	-0.00727489
0.55996	0.799465	-0.217489
0.111742	0.783434	0.611346
-0.0568063	0.996898	0.0544736
-0.0408373	0.787167	0.615386
0.434168	0.845958	-0.3096
0.552456	0.829282	0.084166
0.498748	0.772715	-0.392636
-0.1221	0.987826	-0.0963883
0.396225	0.741452	0.54153
-0.689267	0.656309	0.306872
0.163505	0.98573	-0.0400385
0.480338	0.832799	-0.275175
-0.151475	0.93181	0.329827
-0.574816	0.804708	0.14843
0.0919076	0.559648	0.823618
0.638104	0.668394	0.382195
0.519214	0.786394	0.334665
0.27879	0.838291	-0.468555
0.0539031	0.971528	0.230711
-0.0121957	0.842909	-0.537918
0.153399	0.644536	-0.749027
-0.114136	0.968733	-0.220296
-0.167966	0.883991	-0.436288
0.783179	0.54701	0.295653
0.321517	0.946904	0.00020934
0.144769	0.926011	-0.348634
0.0533594	0.725394	-0.686263
-0.127223	0.940683	0.314531
0.194381	0.980671	-0.0223526
0.60904	0.751761	-0.252835
-0.508068	0.861212	-0.0134405
-0.308002	0.913671	0.265218
0.176407	0.983067	-0.0495994
0.214996	0.963156	-0.161576
-0.777719	0.508156	-0.37004
0.403379	0.911792	-0.0769507
-0.208223	0.978044	-0.00853307
0.800172	0.599456	-0.0194435
-0.236518	0.970376	0.049297
0.396066	0.81865	-0.415865
-0.104179	0.914296	0.391421
0.314503	0.9472	0.0624559
-0.608605	0.721521	-0.330162
-0.316399	0.926231	-0.204911
-0.128287	0.95544	-0.265852
-0.52602	0.829881	0.186013
0.748795	0.645542	-0.15027
0.0092866	0.84386	0.536483
-0.597753	0.78477	0.163791
-0.570117	0.779601	-0.259208
-0.0597847	0.994364	-0.0875536
0.312415	0.949789	0.0172736
0.449515	0.866026	0.218941
0.380476	0.923602	-0.0468855
-0.270534	0.962708	0.00230287
0.700584	0.675723	0.229305
0.200532	0.624238	0.755059
0.330485	0.68882	-0.645219
0.519356	0.499026	0.693716
0.561379	0.783298	-0.267016
-0.295303	0.853889	-0.428567
0.844433	0.532286	0.0600375
-0.330513	0.90368	-0.272257
0.237963	0.871565	0.428658
-0.199335	0.904814	-0.376266
-0.33225	0.862862	-0.380892
-0.285085	0.498365	-0.818754
0.13645	0.948571	-0.285649
-0.325549	0.908757	0.261112
-0.0539082	0.751408	-0.657633
0.659241	0.731888	0.172456
-0.0692985	0.928261	0.365416
0.796909	0.503817	0.333324
-0.100602	0.994358	-0.0336414
0.658809	0.750494	0.0522473
0.021889	0.975567	-0.218608
0.262575	0.927635	-0.265608
0.0364102	0.999336	0.00136336
0.372467	0.8282	-0.418753
0.344737	0.935284	0.0799966
-0.392355	0.599918	0.697249
-0.145292	0.788003	-0.598282
0.215408	0.934067	-0.284812
0.165183	0.936875	-0.308188
-0.311059	0.873864	0.373636
0.751206	0.658483	0.0457159
-0.0727764	0.964861	-0.25248
0.414552	0.798869	0.435839
-0.118892	0.960759	-0.250612
-0.0540042	0.942593	-0.329547
-0.449726	0.892133	-0.0429505
0.3046	0.942967	0.134283
0.580209	0.791947	-0.190204
0.0223221	0.958131	-0.285459
0.125707	0.984385	0.123225
0.311884	0.935766	-0.164528
0.0942003	0.971901	0.215719
0.245579	0.969375	-0.00170832
0.256493	0.956652	0.137941
0.0261268	0.752765	-0.65777
-0.0180256	0.917608	0.397078
0.142265	0.964042	0.224463
-0.145226	0.977595	-0.152374
-0.282873	0.869	0.405982
-0.513882	0.791923	-0.329823
-0.262467	0.930241	0.256444
-0.00886027	0.99638	-0.0845523
0.0775322	0.8871	-0.455019
0.234104	0.931215	-0.279346
-0.190674	0.888248	0.417922
-0.724364	-0.0684437	0.686012
0.707806	0.686507	-0.166493
-0.371066	0.886211	0.277382
0.400003	0.783596	0.475367
-0.223864	0.974182	0.029243
0.280159	0.937486	-0.206472
-0.0433067	0.990576	-0.129934
-0.122696	0.974727	0.186689
0.338347	0.761763	-0.552484
0.063508	0.995856	0.0650964
0.169024	0.985504	-0.0145839
0.303111	0.928505	0.214483
-0.20432	-0.188771	0.960531
0.0666067	0.96979	0.234672
0.227422	0.941141	-0.250065
0.751986	0.655742	0.0672293
-0.496137	0.586865	0.639873
-0.730056	0.490087	0.47627
-0.110514	0.986646	-0.119651
0.686836	0.586913	-0.428707
-0.00627966	0.998847	0.0475843
-0.179586	0.973799	-0.139513
-0.543115	0.671917	-0.503541
0.0383682	0.971349	0.234539
-0.243626	0.835991	-0.491696
-0.232402	0.453985	0.860167
0.361597	0.921533	-0.141511
-0.833582	0.518418	0.190743
0.108766	0.993895	-0.0185004
-0.582719	0.691419	0.427058
-0.36414	0.910943	0.193867
-0.404415	0.868491	-0.286658
-0.263215	0.959394	0.101392
0.0899319	0.818244	-0.567794
-0.443523	0.598905	-0.666783
0.518113	0.815595	-0.257611
-0.395078	0.906204	0.150689
0.537171	0.842918	-0.03061
-0.297979	0.879236	0.37169
-0.552153	0.784758	0.28157
-0.277666	0.867753	0.412198
-0.660783	0.681724	-0.314034
-0.0737102	0.952667	0.294945
0.112135	0.892026	0.437852
0.262965	0.960124	-0.0949339
0.188813	0.979087	-0.0757544
-0.18346	0.814683	-0.550122
0.398892	0.897317	0.188966
0.259743	0.956366	0.133784
-0.37592	0.814771	-0.441398
-0.683839	0.566238	-0.460151
-0.414428	0.880105	0.231655
-0.481856	0.875553	0.0349521
-0.0509938	0.995794	-0.0761234
0.331203	0.943543	-0.00563189
-0.406922	0.715221	0.568219
0.250441	0.961682	0.111568
0.107809	0.993584	-0.0341837
-0.216492	0.609749	0.762455
0.355338	0.586557	-0.727795
0.0698312	0.965016	-0.252721
-0.429065	0.816486	0.386335
0.0907683	0.739612	0.666884
-0.599872	0.716137	0.356794
0.317519	0.855554	-0.408913
-0.0538958	0.984178	0.168786
-0.10928	0.993968	0.00925246
-0.162264	0.98593	0.0401466
0.163469	0.986344	0.0200881
0.32093	0.887639	-0.330305
0.554442	0.832082	0.0153022
-0.0291445	0.999085	-0.0313046
0.305105	0.832113	0.46314
0.0617878	0.980979	-0.184018
-0.338316	0.941032	-0.00010226
0.0037346	0.970277	-0.241969
-0.277382	0.960033	-0.0373724
-0.0817096	0.820481	0.565804
0.17271	0.984679	0.0240385
0.145065	0.705303	0.693904
-0.70137	0.711004	0.0505205
-0.232112	0.97217	-0.0317666
0.341581	0.745757	0.571986
0.00334677	0.975609	-0.219488
-0.789598	0.604766	-0.103888
0.233623	0.899924	0.368182
-0.651504	0.527637	0.545107
-0.443452	0.691838	0.569834
0.600045	0.789303	-0.130181
0.621144	0.763113	0.178431
0.342478	0.939291	0.020991
-0.139497	0.752093	0.644125
0.435051	0.716583	-0.545197
-0.0113936	0.834412	0.551023
-0.262377	0.945348	0.193586
-0.718898	0.64293	0.264248
-0.168715	0.949768	-0.263585
0.511114	0.770197	-0.381523
0.0977517	0.808517	0.580298
0.714588	0.699522	-0.0056779
0.599561	0.798586	0.0527889
0.49513	0.810929	-0.311833
0.0425092	0.958275	0.28267
0.0590017	0.995316	-0.076576
0.292612	0.892542	-0.343144
0.653401	0.663753	-0.364005
0.254987	0.904092	0.342928
0.714268	0.607333	0.347805
-0.126473	0.962982	-0.238055
0.145628	0.973032	-0.178891
0.0410901	0.968366	0.24613
-0.0699026	0.990459	-0.118766
-0.310046	0.77325	-0.553133
0.719852	0.694127	-0.000332984
0.405752	0.617778	-0.673584
0.30577	0.941911	-0.138955
0.135729	0.990708	0.00864445
0.0626502	0.990759	0.120298
0.728425	0.566212	0.385748
0.649878	0.715448	-0.256502
-0.118404	0.971982	-0.203054
0.309198	0.655457	0.689038
-0.0782451	0.949551	-0.303693
0.108379	0.994108	0.00155581
0.650989	0.74898	0.123458
-0.132387	0.982229	-0.133038
-0.257451	0.960444	0.106147
0.398787	0.828361	0.393431
-0.434055	0.900631	0.0214301
0.021015	0.989371	0.143889
0.164821	0.925858	-0.340032
0.124392	0.990394	-0.0603905
-0.257343	0.935089	-0.243685
-0.0331795	0.91061	-0.411934
0.102112	0.96066	-0.258274
-0.631545	0.595224	-0.496849
-0.307511	0.933489	-0.184486
-0.145433	0.520819	0.841188
-0.446007	0.559171	0.69886
-0.500174	0.799504	0.332594
-0.25174	0.941624	-0.223544
-0.789472	0.588394	-0.174718
-0.00566099	0.911562	-0.411124
-0.771843	0.573527	0.274454
0.434259	0.33202	0.837366
-0.486252	0.687596	-0.539232
0.350466	0.62601	0.696624
0.57302	0.735107	-0.362306
-0.538536	0.839101	-0.0767358
0.457236	0.848875	0.265231
0.872803	0.488066	-0.00263889
0.463851	0.873489	0.147848
0.312521	0.724979	-0.613789
0.40594	0.899412	0.162084
-0.207422	0.836474	0.507235
0.429866	0.844003	0.320739
-0.154739	0.962882	0.221167
-0.432109	0.709812	-0.556281
0.124652	0.682024	-0.720628
0.339484	0.938044	-0.0694485
-0.417319	0.812909	0.406231
-0.286115	0.793746	0.536754
0.709837	0.680101	0.183285
-0.0234339	0.999053	0.0366703
0.0154718	0.709512	-0.704524
0.254436	0.957024	0.139164
-0.628508	0.643811	0.436446
-0.182962	0.83858	0.513137
-0.244528	0.73838	0.628491
0.486634	0.712629	-0.505319
0.414653	0.593303	-0.689967
0.220229	0.782543	0.582345
-0.529417	0.775271	-0.344487
0.249014	0.702858	0.66632
0.294074	0.941592	-0.164087
-0.399639	0.914555	-0.062271
0.374694	0.644876	-0.666138
0.0946821	0.994725	0.03947
0.186173	0.91445	-0.359335
-0.13316	0.620079	-0.773156
0.372297	0.904208	0.20929
-0.160605	0.905837	0.392001
0.0103473	0.998304	0.0572906
-0.00424144	0.897476	-0.441043
-0.27118	0.952756	-0.136814
-0.336204	0.918615	0.207637
0.611883	0.790904	0.008403
0.455702	0.885535	-0.090349
0.691675	0.257121	-0.674889
-0.322948	0.808058	0.492694
-0.190805	0.969431	-0.154262
0.0556703	0.603786	-0.7952
-0.613321	0.788677	0.0427267
-0.681749	0.551544	0.480643
-0.69319	0.551554	0.463978
-0.0604216	0.955481	0.288799
0.188287	0.963102	-0.19231
-0.500448	0.829569	0.247724
-0.120281	0.850944	-0.5113
0.908412	0.278333	-0.311958
0.265375	0.537252	0.800585
-0.492419	0.755675	-0.431833
0.66342	0.74147	-0.100478
-0.195744	0.890001	0.411805
0.114107	0.990357	0.0785634
-0.210417	0.963259	-0.166904
0.536185	0.829075	0.158559
0.695371	0.698969	0.16704
0.393149	0.835237	0.384465
0.254924	0.923797	-0.285678
0.799007	0.57019	-0.190972
0.413907	0.906063	0.0879282
-0.453571	0.879589	0.143514
0.0154313	0.80892	-0.587716
-0.600301	0.763917	-0.236789
0.535598	0.681383	0.498851
-0.0447134	0.973743	-0.223216
0.14097	0.876935	-0.45947
0.41351	0.864999	-0.284229
-0.344323	0.842035	0.415233
-0.51198	0.800676	0.311119
-0.0515506	0.735671	-0.675374
-0.0955368	0.9565	0.275646
-0.000203444	0.986012	-0.166677
-0.1177	0.947391	-0.297652
0.559057	0.783865	-0.270203
0.270815	0.741036	-0.614431
0.247111	0.82325	0.511072
0.0693636	0.895473	-0.439678
0.223143	0.755168	0.616383
-0.763564	0.522941	-0.378819
-0.735209	0.635874	-0.234802
0.138643	0.937131	-0.320255
-0.373295	0.727008	0.57629
0.0965717	0.971253	0.217582
-0.651489	0.68669	0.322521
0.629048	0.737995	0.244258
0.0577957	0.903373	-0.424943
-0.336285	0.936664	0.0978437
-0.366606	0.897005	-0.246945
-0.535284	0.82816	0.166197
-0.107186	0.938387	-0.328543
-0.1463	0.986122	0.0784889
0.519644	0.813369	0.261534
0.627476	0.773344	-0.0906193
-0.443387	0.526726	0.725236
0.112298	0.982678	0.14742
0.0157898	0.80548	0.592413
0.523886	0.837097	-0.15752
-0.433877	0.824253	-0.363811
-0.482375	0.838068	0.254866
0.125434	0.683696	0.718906
0.1906	0.974449	-0.118835
-0.251148	0.952543	-0.172005
0.0589867	0.876987	-0.47688
0.213096	0.948866	0.232903
0.185328	0.946546	0.264016
0.153865	0.987433	0.0360677
-0.0735067	0.911893	-0.403791
-0.395362	0.733688	0.552622
0.271316	0.944825	0.183558
0.204335	0.705219	0.678906
0.192941	0.806767	0.558481
0.804315	0.356379	0.475469
0.778897	0.608224	-0.152915
0.259754	0.928924	-0.263871
-0.371263	0.92503	-0.0805135
0.430641	0.897316	-0.0968127
0.300421	0.918874	-0.255769
-0.13206	0.937309	-0.32251
-0.29401	0.93727	0.187306
0.0979949	0.849772	0.517962
0.693839	0.487768	-0.529783
0.38569	0.804821	-0.451117
0.258283	0.922316	-0.287443
-0.523895	0.708503	-0.472819
0.206293	0.975428	0.0773538
-0.181017	0.979262	0.090987
0.0119648	0.923453	0.383525
0.775934	0.591703	0.218666
-0.694769	0.684844	-0.219738
0.00159434	0.924371	0.381492
-0.196116	0.934462	-0.297186
0.390923	0.876756	-0.280138
-0.038312	0.870942	-0.48989
-0.584261	0.72135	0.371877
-0.0632705	0.966545	-0.248572
-0.206836	0.673832	-0.709345
0.358139	0.848637	-0.389297
0.164987	0.948479	-0.270493
-0.698696	0.606935	0.378754
-0.0365804	0.817877	-0.574229
0.480873	0.822275	0.304344
0.118933	0.972701	-0.199268
-0.331896	0.931643	-0.147937
0.3237	0.856526	-0.401973
0.117511	0.844099	0.523152
-0.330164	0.916257	-0.22686
-0.564924	0.752597	0.338316
-0.402017	0.912769	0.0723597
-0.727799	0.646814	0.227905
-0.340694	0.936656	0.0812552
-0.377512	0.892218	0.247853
-0.0282353	0.919188	0.392807
0.174168	0.984586	0.0160051
0.697929	0.647464	-0.306081
-0.636164	0.76847	-0.0689118
-0.349034	0.919847	0.179045
0.487962	0.849462	-0.200769
0.256808	0.902333	0.346185
0.0453867	0.988211	0.146217
0.276627	0.960163	0.0395629
0.381334	0.872733	-0.304832
0.18355	0.953251	0.240045
0.299342	0.922066	0.245335
-0.328594	0.943968	-0.0308227
0.212323	0.962611	-0.16822
0.131916	0.787915	-0.601488
0.69104	0.685183	0.230191
0.194864	0.971847	-0.132444
-0.55852	0.826118	-0.0747259
0.616854	0.786866	0.0182333
-0.263397	0.920354	0.289086
0.503541	0.625545	0.595936
-0.421897	0.871104	0.251357
-0.0752274	0.99656	0.0347797
-0.138122	0.968643	-0.206525
0.213203	0.856782	-0.469542
-0.516569	0.758393	0.397488
-0.246821	0.892084	0.378505
-0.592794	0.566668	-0.57226
-0.502643	0.799517	0.32882
-0.307007	0.637433	0.706701
-0.341483	0.726555	-0.596244
0.564992	0.776326	0.279468
-0.0782395	0.972548	-0.219153
0.469784	0.882205	0.0319071
0.0223482	0.851582	-0.523745
-0.017922	0.961715	0.273466
-0.317009	0.897557	0.306425
-0.368159	0.929437	0.0246103
-0.716167	0.687062	0.122682
-0.159825	0.981974	-0.100907
0.534403	0.74897	-0.391736
0.315046	0.948628	0.0291527
0.244939	0.799653	0.548234
0.272785	0.953918	0.125019
-0.180809	0.983349	0.018249
0.297585	0.88231	-0.364653
-0.450048	0.88134	-0.143864
0.314784	0.921843	0.226088
-0.248277	0.96295	-0.10529
0.0396912	0.842864	-0.536661
-0.237149	0.938367	0.251449
-0.102802	0.984195	0.144194
0.119193	0.975782	0.183417
-0.748265	0.661943	-0.0439482
0.209428	0.976471	0.0514275
-0.747271	0.203558	0.632574
-0.485401	0.737759	-0.469145
-0.346017	0.933486	-0.0942126
0.708978	0.691193	-0.14001
0.343379	0.888668	0.303909
-0.137606	0.971694	0.19203
0.185863	0.929659	0.318101
-0.279512	0.63907	0.716563
0.878544	0.107233	-0.465469
0.453588	0.696527	-0.555975
-0.32756	0.944568	-0.0222477
0.287083	0.909753	-0.299889
0.127138	0.794181	-0.594233
0.148036	0.845593	0.512892
0.17951	0.941683	0.284622
0.539165	0.763291	-0.355933
0.0115259	0.945985	-0.324006
-0.10344	0.993523	-0.047039
-0.188042	0.979575	0.0712183
-0.0413311	0.987462	0.152349
0.180101	0.86885	-0.461153
-0.366725	0.909758	0.19456
0.233285	0.713331	0.660861
0.375829	0.842529	0.385873
0.346708	0.935285	0.0709676
0.245379	0.811905	0.529716
-0.201523	0.947675	0.247589
0.700975	0.709622	0.0712068
-0.887969	0.350529	-0.297725
-0.862399	0.371722	0.343644
0.272847	0.941943	0.195698
-0.259877	0.956994	0.128941
-0.273679	0.938957	-0.208468
-0.586015	0.738767	0.332881
0.879914	0.439894	-0.179566
-0.328489	0.577693	-0.747239
0.335408	0.912275	-0.235064
0.418866	0.90633	0.0558256
0.187663	0.831972	0.522117
0.482678	0.865012	0.137028
-0.206746	0.964214	-0.165975
0.405217	0.766087	-0.498908
-0.107158	0.956631	0.270879
-0.719942	0.69395	0.0107859
-0.261551	0.907993	0.327321
0.055647	0.996457	0.0630637
-0.102064	0.94511	0.310404
0.495227	0.863412	0.096276
-0.0803312	0.986742	-0.141019
-0.254946	0.925796	0.279114
-0.0233825	0.952154	-0.304724
-0.210711	0.858576	0.467384
0.348255	0.78144	0.517754
0.192264	0.981342	-0.00184052
0.254991	0.966613	-0.0252798
0.255365	0.584808	0.769927
0.829946	0.248462	-0.499455
-0.0564413	0.92803	-0.368206
-0.123684	0.969229	0.212831
-0.107169	0.796494	-0.595073
0.197587	0.980154	-0.0160472
-0.0311827	0.953118	0.300987
0.429449	0.80887	0.401626
0.0333897	0.944944	0.325524
-0.0292349	0.979918	-0.197245
-0.118275	0.899019	-0.421635
-0.0155847	0.799385	-0.600617
0.838529	0.448754	-0.309013
0.00466224	0.998962	0.0453184
0.103645	0.673262	-0.732104
0.370833	0.925939	0.0715551
-0.276031	0.959745	-0.051922
-0.733443	0.352756	0.581055
0.407705	0.909898	-0.0765705
-0.391234	0.597412	-0.700025
-0.355694	0.791165	-0.497534
-0.174093	0.668041	0.723473
0.444014	0.761333	-0.472465
-0.578029	0.65989	0.48003
-0.50197	0.743877	0.441218
-0.491277	0.844981	-0.211313
0.293572	0.763604	0.575087
-0.691685	0.644365	-0.326137
0.33598	0.890488	0.306837
-0.3834	0.898182	0.215112
-0.466296	0.877111	0.115085
0.0858482	0.569371	-0.817586
0.131813	0.981872	-0.13621
-0.314725	0.941161	-0.123139
0.45376	0.713682	0.533629
0.513219	0.818163	-0.259259
0.13319	0.98148	0.137685
0.488235	0.824959	-0.284726
0.371154	0.889108	0.267827
-0.238307	0.917237	-0.319196
-0.372462	0.138397	0.91767
-0.417959	0.822358	0.386055
0.126112	0.545919	0.828292
0.172308	0.958904	0.225416
0.283713	0.925094	-0.252406
-0.347077	0.362309	0.865026
0.0802702	0.996085	-0.0370239
0.713091	0.701071	-0.00105751
0.955441	0.0114558	0.294961
0.317938	0.934538	0.159859
-0.329864	0.917804	-0.220966
0.0315719	0.978816	0.202293
0.282018	0.601265	-0.747627
-0.0384434	0.962909	-0.267075
0.318552	0.929218	-0.187293
-0.398491	0.915939	-0.0475503
-0.27553	0.949334	0.151155
-0.390954	0.823623	-0.410853
-0.705801	0.631101	-0.321801
-0.287847	0.92461	0.249482
-0.116312	0.858016	-0.50028
0.326472	0.721203	0.610968
0.69431	0.686565	0.215783
-0.364095	0.613883	-0.700416
-0.0126032	0.937911	-0.346646
0.361611	0.927525	-0.0945231
-0.302743	0.952069	-0.043724
0.183071	0.98252	0.0337658
-0.189394	0.942384	-0.275758
0.51204	0.858961	-0.000908464
0.467739	0.882519	0.048784
0.684862	0.637268	0.353347
-0.599536	0.42669	0.67712
-0.109217	0.977246	0.181831
0.0533312	0.927806	-0.36923
0.339851	0.932661	-0.121014
-0.232208	0.897359	-0.375268
-0.5664	0.733997	0.374752
-0.42711	0.707148	-0.563488
0.504049	0.854028	-0.128731
-0.230208	0.960142	0.158531
0.626963	0.767532	0.133464
-0.406421	0.430194	-0.806074
0.0859628	0.644619	-0.759656
-0.679234	0.629172	-0.377866
-0.546302	0.803458	-0.236663
0.311959	0.93395	-0.17441
-0.414344	0.745269	-0.522391
0.323639	0.893851	-0.310304
-0.0590805	0.832298	-0.551171
0.369766	0.804961	-0.464017
-0.0777452	0.84115	0.535185
-0.0112529	0.981555	0.190846
0.644706	0.665735	0.375702
0.143533	0.88272	0.447441
-0.374879	0.925643	-0.0514957
-0.619188	0.427716	0.658533
0.305963	0.818475	0.486297
0.713656	0.672921	-0.194612
0.0448375	0.904433	0.424254
-0.0907572	0.912214	-0.399536
-0.214051	0.97009	-0.114489
0.141429	0.738244	-0.659541
-0.387183	0.896937	0.213526
0.444399	0.890181	0.100433
0.280218	0.903823	0.323391
-0.288372	0.803166	-0.521312
0.44207	0.890501	-0.107617
0.119354	0.953878	-0.275446
0.458648	0.830502	0.316082
-0.364356	0.765991	0.529625
-0.319671	0.945418	-0.0632041
-0.10954	0.946032	-0.304999
-0.0610041	0.877603	-0.475491
-0.363386	0.929348	-0.0652929
0.187551	0.85267	-0.487626
0.508531	0.86083	-0.0191949
0.135202	0.857587	-0.49625
-0.282061	0.956182	0.0784694
0.0210354	0.841657	-0.539603
0.458469	0.564064	-0.68676
0.607748	0.76906	-0.197959
-0.620766	0.745637	-0.242227
0.465754	0.766976	0.441386
-0.280286	0.909568	-0.306798
0.562512	0.8031	0.196496
-0.0505347	0.883506	0.465686
-0.210368	0.976206	-0.0525947
-0.24913	0.96774	0.0376022
-0.63717	0.71554	0.286385
-0.041338	0.941299	-0.335035
0.0607255	0.972379	-0.22537
0.0583607	0.998261	0.00829582
0.131492	0.866628	-0.481317
0.0314352	0.994619	-0.0987134
0.0724155	0.948067	-0.309717
-0.179724	0.983515	0.0199451
0.718342	0.634551	-0.285184
-0.122745	0.9915	0.0431512
-0.357217	0.732095	-0.580028
-0.219456	0.949729	-0.223278
0.530138	0.799214	0.283215
0.103383	0.981262	0.162594
0.140506	0.700572	-0.699612
0.766348	0.621915	-0.161034
0.231241	0.933404	0.27438
-0.141889	0.945733	-0.292329
0.292383	0.917277	0.270397
0.254315	0.961613	0.103071
-0.175567	0.883063	-0.435173
-0.173667	0.96912	-0.17506
-0.0925721	0.843747	-0.528698
0.604959	0.779483	0.162574
-0.0163313	0.999863	0.00270629
0.294836	0.80434	0.515857
0.0337415	0.927611	-0.372021
0.383906	0.728353	-0.567554
-0.298394	0.836323	-0.459918
0.368535	0.832763	-0.413144
-0.45487	0.424798	0.782713
0.03724	0.910538	0.411745
0.257839	0.830569	0.493634
0.444178	0.592353	0.672179
0.196326	0.980263	-0.0232543
0.464255	0.866924	-0.181412
0.231003	0.963215	-0.137314
0.475862	0.86919	0.134401
0.313106	-0.00146312	-0.949717
-0.406995	0.886619	-0.219687
-0.00328616	0.950029	-0.312145
-0.117267	0.949309	-0.291651
0.830342	0.555522	0.0438969
0.085748	0.964853	-0.248406
0.613208	0.779522	-0.127756
-0.0432895	0.996787	0.067385
-0.550286	0.81452	-0.183691
0.177591	0.983815	-0.0238619
-0.127641	0.987632	0.0910534
0.179066	0.82582	0.534749
-0.243285	0.877335	0.413638
-0.034558	0.98746	0.15404
-0.052987	0.823671	-0.564587
0.209407	0.914851	0.345249
0.324801	0.936156	-0.134599
-0.0950376	0.970529	-0.221452
-0.545432	0.837994	0.0164256
-0.815847	0.570735	-0.0930347
0.364025	0.647974	-0.669041
0.549755	0.713074	-0.435081
-0.158	0.819035	0.55156
-0.515822	0.835011	-0.191534
-0.286157	0.95808	-0.0139962
0.144961	0.900389	-0.410228
0.219539	0.802037	0.555463
-0.160253	0.95085	-0.264959
-0.255502	0.832876	0.490955
-0.465673	0.866873	-0.17799
0.459212	0.843609	-0.278296
-0.498027	0.702027	-0.509046
-0.279032	0.787824	-0.549067
0.439625	0.882274	-0.168295
0.299895	0.931672	0.205062
-0.653025	0.722184	0.228052
-0.254141	0.962001	0.0998311
-0.263044	0.838463	0.477271
0.107923	0.917905	0.381843
-0.205513	0.977707	0.0430588
-0.332024	0.937904	0.100477
-0.365082	0.688082	0.627104
0.421218	0.889957	0.174791
0.469855	0.529429	-0.706358
0.257641	0.888588	-0.379516
-0.503386	0.832646	-0.230878
-0.173272	0.942831	-0.284686
-0.0922225	0.770247	0.631043
-0.617849	0.778448	-0.110821
-0.033503	0.786874	0.616204
0.220314	0.730167	-0.646775
-0.656339	0.725038	0.20866
0.528753	0.717741	-0.453064
0.212731	0.905933	0.366101
-0.482631	0.870774	0.0939215
0.60005	0.72497	-0.338169
-0.0128062	0.954396	-0.29827
-0.35666	0.934173	-0.0106472
0.0845439	0.927295	0.364658
0.0592381	0.909492	-0.411479
-0.414856	0.897267	0.151019
0.0433195	0.987777	0.149732
0.246181	0.896251	-0.368957
-0.316604	0.948464	-0.013369
0.0919038	0.985188	0.144772
-0.0510384	0.52526	0.84941
0.220484	0.964154	0.147629
0.135993	0.957319	-0.255043
0.300679	0.946097	-0.120388
0.0371784	0.987289	0.154524
0.268957	0.784653	0.558553
-0.0482329	0.998744	0.0135986
0.579113	0.449389	-0.680204
-0.289267	0.745058	0.60101
-0.481628	0.876293	0.0120081
-0.222795	0.905477	-0.361211
-0.394562	0.88483	0.247785
0.3205	0.862359	-0.391941
0.135454	0.617736	0.774632
-0.274965	0.940328	0.200442
0.342461	0.918553	0.197436
-0.749214	0.661812	0.0261319
-0.705106	0.309425	-0.63803
-0.0802418	0.918055	-0.388248
-0.145155	0.975419	0.165796
-0.181829	0.963062	0.198619
0.756702	0.35216	-0.550804
0.675978	0.350282	-0.648349
-0.262459	0.936921	0.230857
-0.319222	0.830304	-0.456829
-0.164306	0.985733	-0.0365213
0.49034	0.722302	-0.487696
0.0146252	0.989596	-0.143131
0.14164	0.989833	0.0129861
-0.186167	0.83914	-0.511063
0.630297	0.743232	-0.224349
-0.162026	0.84102	-0.516171
-0.918858	0.391808	0.0467545
-0.48051	0.876796	0.018419
0.178731	0.983708	-0.0193208
-0.148	0.916178	-0.372444
0.00518335	0.988643	-0.150192
-0.574109	0.693778	0.434822
-0.671264	0.251401	0.697282
-0.306694	0.736884	-0.602446
-0.47277	0.859176	0.195719
-0.454761	0.581737	-0.674369
-0.775387	0.61951	-0.122405
-0.371254	0.928237	-0.0233701
0.715393	0.555201	-0.424221
-0.388496	0.596548	0.702283
-0.0936601	0.958736	0.268426
-0.123899	0.589844	-0.797955
-0.480446	0.531609	-0.697541
0.20176	0.977011	-0.0688587
0.109325	0.923708	0.367166
0.774536	0.605467	0.183042
0.285581	0.955137	0.0784587
-0.65469	0.747684	-0.111128
-0.516662	0.850075	0.102142
0.539794	0.837111	-0.0887049
0.733466	0.666549	0.13319
0.254807	0.892844	0.371352
0.601081	0.786262	-0.143158
-0.335093	0.803333	0.492309
-0.438541	0.8987	0.00455939
-0.0129882	0.959223	-0.282353
-0.102436	0.954832	0.278932
-0.175189	0.886547	-0.428186
-0.217755	0.973639	0.0678965
0.148514	0.918105	0.36746
0.00381151	0.999167	-0.0406311
-0.317175	0.931111	0.18009
0.941076	0.317232	-0.117218
0.459076	0.60083	0.65441
0.509688	0.820458	0.258972
-0.130564	0.929737	-0.344299
-0.173015	0.789443	0.588936
0.143399	0.868381	-0.474712
0.251012	0.561993	-0.788135
0.0260643	0.973239	0.22831
0.305423	0.939041	0.157856
0.527708	0.834957	-0.156112
-0.243484	0.969155	-0.0381225
-0.199464	0.975636	0.0913717
-0.321022	0.945462	0.0551972
-0.0845116	0.940942	-0.327849
0.258123	0.941158	-0.218162
0.205637	0.977182	0.0531854
0.396612	0.917575	-0.0274582
-0.421565	0.87535	-0.236739
0.688049	0.618039	-0.380286
0.059854	0.854921	0.515294
0.395353	0.908706	0.133979
0.359651	0.88195	-0.304657
0.285151	0.820915	-0.494761
0.230006	0.920498	0.315881
-0.513611	0.857565	0.02804
-0.164798	0.548042	-0.820056
-0.251705	0.967729	0.0120404
0.160012	0.935245	0.315773
0.286472	0.8732	0.394279
-0.318075	0.718299	-0.618769
-0.302044	0.826984	-0.474202
0.0679408	0.814059	-0.576794
-0.650505	0.550662	0.523082
-0.00257211	0.599565	0.800322
-0.537866	0.614544	0.577092
0.250402	0.934761	0.252033
0.28666	0.750606	-0.595329
-0.0996494	0.992978	0.0637595
0.333827	0.744584	-0.578061
0.266938	0.903456	0.335428
0.091095	0.919051	-0.383466
-0.273559	0.904326	-0.327659
0.155831	0.98636	-0.0530167
0.437441	0.863001	0.252734
-0.119006	0.969145	-0.215859
0.659826	0.740082	-0.13003
-0.0981093	0.892431	-0.440388
0.175527	0.930934	-0.320236
-0.0543753	0.995136	-0.0821463
0.62934	0.768238	-0.117227
0.291316	0.659754	0.692719
-0.0555125	0.960652	0.272151
0.284084	0.942225	-0.177508
0.293789	0.954793	-0.0453745
-0.0222458	0.997879	0.0611837
0.0508971	0.89794	-0.437165
0.443227	0.74262	-0.50206
0.549251	0.688484	0.473618
-0.427454	0.894783	0.12902
0.190857	0.584464	-0.788654
-0.140144	0.9828	-0.120264
-0.594102	0.624865	-0.506545
0.43444	0.831067	0.34726
0.372938	0.887304	0.271308
-0.122532	0.889451	0.440298
-0.523457	0.799398	0.294883
0.31371	0.845704	0.431707
-0.0373213	0.986345	-0.160405
-0.461262	0.864226	-0.200875
0.110134	0.85223	-0.511444
0.430056	0.894497	0.122177
0.0831138	0.994199	-0.0682634
-0.126411	0.986547	-0.103662
0.205539	0.978622	-0.00731796
-0.118981	0.802888	-0.584136
-0.042341	0.977286	0.20765
0.0685268	0.935266	-0.347249
0.0662475	0.991002	0.1163
-0.652173	0.757934	-0.0143555
0.546371	0.837538	0.00305905
0.529172	0.123501	0.839479
-0.0169365	0.959891	-0.279862
0.365879	0.896082	-0.251335
0.951051	0.271947	-0.146789
0.331097	0.661971	-0.672435
0.0908211	0.995341	-0.0323593
-0.112224	0.957269	-0.266535
-0.0894725	0.970647	0.223245
-0.876078	0.257816	-0.407454
-0.188493	0.7321	-0.654599
0.124353	0.983867	0.128616
0.197136	0.980356	0.00623185
0.473519	0.733713	-0.487282
-0.0587022	0.810277	-0.5831
-0.460199	0.885457	-0.0646754
-0.1762	0.983701	-0.0358644
0.389479	0.919614	0.0511439
0.37174	0.905111	0.206356
-0.434815	0.84272	0.317424
0.191262	0.669536	0.717733
0.769596	0.246254	0.589136
0.478384	0.837946	0.262668
0.394962	0.79363	-0.46277
0.0706652	0.949218	0.30658
0.0135021	0.997662	0.0669947
-0.128787	0.8121	0.569129
0.481926	0.850852	-0.209283
-0.538173	0.659176	-0.525221
0.452959	0.887776	-0.0817422
0.361793	0.856724	-0.367601
-0.0890465	0.918021	0.386405
-0.0771519	0.555427	-0.827978
-0.0285384	0.83472	0.549935
-0.49092	0.826951	0.274134
-0.682326	0.474444	-0.556178
-0.543131	0.839352	0.0222837
-0.520905	0.825076	-0.21888
0.300023	0.953305	0.0345743
0.619452	0.448706	-0.644159
-0.0605874	0.974574	0.215717
-0.613798	0.599087	0.514147
-0.430445	0.877225	-0.212588
0.469858	0.837601	-0.278672
0.0500502	0.948579	0.31256
0.087356	0.926205	0.36676
0.459275	0.85871	0.22734
0.206208	0.975562	0.0758707
-0.10027	0.894095	0.436508
-0.0315282	0.99483	0.0965401
-0.260024	0.948436	-0.181266
-0.101609	0.973576	-0.204514
-0.0196153	0.955203	0.295299
0.0239086	0.513139	-0.857972
0.679554	0.733072	0.0284936
-0.661516	0.739623	0.12391
-0.276414	0.898472	0.34109
0.39993	0.620339	0.674712
0.242847	0.922061	0.301378
0.128335	0.991077	0.0360006
-0.489129	0.738725	-0.463723
0.289651	0.919815	-0.264657
0.364698	0.920302	0.141565
-0.0932041	0.925368	-0.367433
0.172238	0.85088	0.496323
-0.271256	0.96146	-0.0448957
0.744325	0.613936	0.262798
0.594006	0.773213	-0.222032
0.375044	0.903055	-0.209365
-0.363129	0.929628	-0.0626793
-0.658374	0.717733	0.226721
-0.300843	0.949057	0.0937232
0.224191	0.972365	-0.0651449
0.419875	0.90685	-0.0364334
0.86528	0.487943	0.114899
0.602384	0.763841	-0.231692
0.0138416	0.930101	-0.367042
0.295876	0.897237	-0.327756
-0.17524	0.982855	-0.0573379
0.0167723	0.805403	-0.59249
-0.296666	0.948832	-0.108199
-0.79306	0.563392	0.231615
0.111761	0.890096	0.441858
0.539154	0.537965	-0.648002
0.158691	0.680706	0.715162
-0.246519	0.814335	-0.525439
-0.322048	0.603234	-0.729653
0.188197	0.981321	-0.0398877
0.404644	0.870053	0.28155
0.625854	0.770614	-0.120252
0.156406	0.979032	-0.13051
-0.552892	0.817482	-0.16135
-0.0763724	0.962364	-0.260812
0.49084	0.843733	0.217235
-0.256705	0.920778	0.293717
-0.23512	0.546433	0.803822
0.355513	0.929212	0.100874
-0.822353	0.568687	0.0181904
0.217158	0.904051	-0.368149
0.238214	0.909565	-0.340506
0.537732	0.801797	-0.260703
0.0687562	0.991106	0.113938
-0.238683	0.14478	0.960244
-0.0668122	0.991869	-0.108313
-0.257039	0.754371	0.604033
-0.214153	0.916972	0.336603
0.0958885	0.953938	0.284268
0.146536	0.963174	-0.225439
0.0857005	0.996171	0.0172958
-0.587214	0.780323	-0.215118
-0.293994	0.427971	0.854639
0.409192	0.890345	-0.199619
-0.597293	0.796759	-0.0917359
0.944947	0.295931	-0.139646
0.689217	0.663397	0.291348
-0.0895523	0.983784	0.1554
-0.429068	0.886984	0.170763
-0.319378	0.75389	0.574149
0.84591	0.532964	0.0196134
0.737587	0.22482	-0.636728
-0.674555	0.725163	0.138255
-0.398165	0.886088	-0.237303
-0.210726	0.86647	-0.452576
-0.622552	0.702272	-0.345317
0.230953	0.945544	0.229364
-0.589296	0.272276	0.760655
0.538799	0.831815	-0.133342
-0.353981	0.935235	0.00574975
-0.721655	0.478755	-0.500007
-0.0797569	0.930832	0.356638
-0.714895	0.697136	-0.0541
-0.342386	0.752264	0.562913
0.876637	0.287145	-0.386076
0.132081	0.980435	-0.145951
0.134453	0.990681	0.0217608
-0.126266	0.955342	-0.267169
-0.959775	0.123562	-0.252121
-0.465878	0.799661	-0.378814
0.097631	0.763978	-0.637814
0.208383	0.974957	-0.0776853
-0.825234	0.080139	0.559077
-0.862337	0.500897	-0.0740152
-0.988504	0.0762685	-0.130548
-0.0773482	0.966925	-0.243049
0.331141	0.863971	-0.379342
0.666598	0.701306	0.252622
0.598508	0.0871392	0.796364
0.100953	0.991659	0.0801339
-0.550012	0.797123	0.249162
0.63198	0.598445	-0.492407
0.183738	0.950968	-0.248796
0.784492	0.48108	0.391323
-0.874324	0.478149	-0.0832569
-0.911421	0.160257	0.378984
0.176067	0.891534	-0.417334
-0.612612	0.629227	0.47831
-0.892045	0.451108	-0.0275264
0.0555588	0.986248	-0.155656
0.631467	0.469745	0.61692
-0.183688	0.932379	0.311334
0.032683	0.638554	-0.768882
0.812921	0.43531	-0.386865
0.00350711	0.984781	-0.173764
-0.396389	0.809123	-0.433816
0.297317	0.834574	0.463777
0.38455	0.904435	0.184716
0.195439	0.961125	0.195047
-0.759031	0.590986	-0.273145
-0.613882	0.710146	-0.344733
0.0615348	0.458721	0.886447
-0.291061	-0.083826	0.953025
0.333674	0.719716	0.608827
-0.492536	0.670284	0.555092
0.383557	0.747286	-0.542631
-0.508025	0.318909	0.80013
-0.859272	0.494158	-0.132131
0.449359	0.681367	-0.577768
-0.384778	0.92293	0.0120817
-0.176967	0.981426	0.0740612
-0.478467	0.823654	0.304406
0.549002	0.825711	0.129612
0.072682	0.988612	-0.131775
0.593465	0.649615	-0.475184
0.525946	0.766731	-0.368109
-0.791755	0.602925	0.0980089
-0.10131	0.993367	0.0543931
0.74303	0.658349	0.12035
0.466475	0.773981	0.428198
-0.0938403	0.417782	0.903688
-0.185308	0.929152	-0.319903
-0.115937	0.952566	-0.281384
0.37538	0.924132	-0.0712018
-0.1824	0.913443	-0.363802
0.0905341	0.847001	-0.523825
0.889281	0.290485	-0.353268
0.55455	0.77452	-0.304292
0.343852	0.860534	-0.375828
-0.49022	0.8707	0.0395658
0.44006	0.835477	-0.329128
0.387504	0.768758	0.508775
-0.340264	0.463342	0.818251
-0.0511581	0.998163	-0.0324536
-0.750513	0.601377	-0.274001
-0.251335	0.592676	0.765223
0.194662	0.871396	0.450306
-0.152598	0.472762	-0.867877
0.39191	0.910499	0.131904
-0.766139	-0.338919	0.546044
-0.0426154	0.435872	0.898999
-0.196262	0.871605	0.449205
-0.102004	0.994727	-0.0106251
-0.143842	0.862334	0.485479
-0.561123	0.528547	0.637008
0.325755	0.875804	0.356162
-0.249036	0.761663	-0.598206
-0.279454	0.795708	0.537358
-0.642313	0.617683	-0.453765
-0.487657	0.872821	0.0193449
-0.741421	0.647979	-0.174408
-0.43991	0.798982	-0.410008
0.0108148	0.829119	0.558967
-0.0416317	0.820698	-0.569843
-0.323242	0.869332	-0.373866
-0.383005	0.909162	-0.163497
-0.089365	0.982267	0.164821
0.331385	0.832115	0.444712
0.0157239	0.906546	0.421813
-0.248949	0.950129	-0.187826
0.220011	0.894679	-0.388774
0.452649	0.556763	0.696508
0.180554	-0.528921	0.829242
0.362362	0.924018	0.121999
-0.244846	0.96948	0.0126348
-0.0949172	0.936098	0.33869
0.99208	0.0684683	0.10531
-0.899704	0.42337	0.106257
-0.0393936	0.855076	0.517004
0.478266	0.872412	-0.100787
-0.00183519	0.901859	-0.432027
0.824364	0.561104	-0.0747368
-0.0767809	0.931444	-0.355692
0.174152	-0.152456	0.972845
-0.343398	0.912886	-0.220719
0.685469	0.69208	-0.226179
0.5272	0.62322	0.577631
-0.520674	0.602259	-0.60513
-0.546356	0.669607	-0.503112
-0.512758	0.857445	0.0432071
0.0416563	0.932339	0.359177
0.245767	0.409059	-0.878788
0.109099	0.980109	-0.165783
-0.356271	0.250508	0.900176
0.420729	0.86317	-0.27915
0.393844	0.907619	0.145309
0.112104	0.463015	0.879233
-0.277294	0.768946	0.576047
-0.554696	0.673576	0.488475
-0.532194	0.421333	-0.734335
-0.150093	0.83638	0.527201
0.185349	0.922693	-0.338059
-0.663165	0.684277	0.303276
0.148755	0.564982	0.811583
-0.340686	0.835336	-0.431448
0.482283	0.455476	0.748295
-0.999901	-0.0136644	-0.00322893
-0.293021	0.335153	-0.895439
-0.42425	0.802711	-0.419126
-0.114437	0.814982	0.568075
-0.230117	0.965223	0.124056
-0.1715	0.618851	-0.766558
-0.424565	0.723786	0.543947
0.0639003	0.94889	-0.309071
-0.254564	0.713057	0.653259
-0.663178	0.605291	-0.440247
-0.600146	0.793403	-0.101669
-0.739775	0.598795	0.306883
-0.0925342	0.985403	0.142892
-0.593228	0.802264	-0.0667381
-0.510266	0.558129	-0.65431
0.329142	0.917063	-0.225081
0.264838	0.64987	-0.712411
0.129895	0.681413	-0.72028
0.349725	0.296531	0.888685
0.136557	0.932155	-0.335319
0.266658	0.951475	-0.153586
-0.69494	0.516599	-0.500184
-0.8972	0.343302	-0.277807
0.056693	0.979085	0.195394
-0.445165	0.783675	-0.433222
-0.166124	0.875524	-0.453718
0.221499	0.57293	-0.789107
-0.164243	0.850417	-0.499815
0.0933833	0.854429	0.511107
-0.359601	0.692681	0.625204
0.632047	0.122945	-0.765115
0.735292	0.669065	-0.108159
-0.415215	0.811629	0.41092
0.60411	0.794124	0.0664752
-0.193174	0.975876	-0.101733
-0.225324	0.943616	-0.242522
-0.211213	0.488703	0.846498
0.576493	0.366304	-0.730395
-0.222786	0.949232	0.222093
-0.45766	0.886381	-0.0698346
0.00191395	0.744858	0.66722
0.0107572	0.965128	-0.261556
-0.247031	0.966222	-0.0734245
-0.829192	0.182476	-0.52834
-0.445299	0.805461	-0.391077
-0.123727	0.9772	0.172545
0.737534	0.671382	0.0727319
0.119103	0.98623	-0.114741
-0.141304	0.934476	-0.326783
-0.815035	0.364593	-0.450321
0.0968168	0.837256	0.538172
0.737126	0.625063	0.256792
0.121573	0.961613	-0.246009
0.0858884	0.962042	-0.259034
0.289257	0.784711	0.548232
0.0267959	0.475144	0.8795
0.201331	0.925041	0.322124
0.394354	0.739475	-0.545583
-0.0319494	0.996861	-0.0724441
0.0810291	0.978246	-0.190967
-0.0389325	0.968043	0.247743
-0.365757	0.770988	0.521344
-0.407435	0.594111	0.693563
-0.0400915	0.865667	0.499012
0.068682	0.99137	-0.111659
-0.168208	0.959867	0.224413
-0.175926	0.871797	0.457187
-0.256282	0.867257	-0.426831
0.457966	0.863712	0.210402
-0.776661	0.627986	0.049314
-0.183777	0.943297	0.276435
-0.8055	0.585373	-0.0922409
-0.831213	0.356401	-0.426689
0.807875	0.582036	0.0925856
0.309924	0.507041	0.804274
0.24131	0.954886	0.173094
-0.578179	0.559902	0.59348
-0.266796	0.918693	-0.291244
-0.921075	0.370602	-0.119474
-0.449147	0.81286	0.370844
0.0258876	0.886497	0.462009
0.515561	0.83248	-0.202914
0.0544049	0.946404	-0.318371
0.00481189	0.562243	-0.826958
0.103004	0.927119	0.360334
-0.657162	0.724404	0.208269
0.243388	0.959606	0.141131
-0.929687	0.368244	0.00882187
0.0760658	0.99426	0.0752419
0.141916	0.951688	-0.272304
-0.802063	0.440959	-0.402802
-0.290875	0.932419	-0.214443
-0.1494	0.869282	-0.471198
-0.264031	0.959116	0.1019
0.261084	0.587145	-0.766222
0.251061	0.88512	0.39183
-0.845106	0.486907	0.220723
-0.45192	0.844466	-0.287482
-0.441018	0.872802	0.209093
-0.0697261	0.947205	0.312956
-0.590325	0.768167	0.247865
0.111016	0.991488	0.0680209
0.648172	0.575185	0.499034
-0.881965	0.138955	-0.450366
0.478552	0.677104	0.559033
-0.344185	0.760692	0.55035
0.798025	0.39337	-0.456526
0.948874	0.236852	-0.20866
0.372342	0.786268	-0.493096
-0.498133	0.793621	0.349327
-0.716729	0.460519	0.523662
0.274082	0.854546	-0.44117
0.15023	0.936679	0.316329
-0.619167	0.783555	-0.0517128
0.15599	0.986777	-0.044027
0.0256754	0.969262	0.244688
0.329133	0.940493	-0.0845207
0.203741	0.955924	-0.211421
-0.638394	0.76389	0.094473
-0.205348	0.962463	0.177475
-0.61076	0.790693	0.0421473
0.0900603	0.71221	0.696166
0.0818466	0.8597	-0.504199
-0.521951	0.825057	0.216444
0.448002	0.821334	-0.353136
0.319489	0.145802	-0.936306
0.765496	0.635794	-0.0989048
0.930881	0.29748	-0.212051
0.109387	0.91382	0.391111
-0.141494	0.989103	-0.0406844
-0.148447	0.943986	0.294709
0.170364	0.666654	-0.725637
-0.867785	0.258655	-0.424319
0.413918	0.88322	0.220442
0.609715	0.260874	-0.74846
0.0196674	-0.0404074	0.99899
0.431453	0.898784	-0.077695
0.0673313	0.918261	0.390208
-0.486562	0.850312	0.200566
0.642547	0.467314	-0.607248
-0.225309	0.682641	-0.695153
-0.304633	0.942867	0.134909
-0.563198	0.71409	0.415792
-0.231635	0.960773	-0.152516
-0.433325	0.424924	-0.794776
0.213401	0.705767	-0.67554
0.835526	0.54834	-0.0349104
-0.104145	0.689345	0.716908
0.612479	0.776689	-0.147048
-0.0244293	0.82265	0.568023
-0.477158	0.419279	0.772351
0.418215	0.862862	-0.283839
0.0377371	0.935632	-0.350954
0.656412	0.546981	0.519552
0.670284	0.0150401	-0.741952
-0.570486	0.717505	0.399665
-0.00953956	0.802872	0.596075
0.130266	0.645806	0.752307
0.557795	0.684134	-0.46992
0.325039	0.945608	0.013205
-0.42729	0.764402	0.482817
-0.347699	0.867522	0.355684
-0.520503	0.623608	0.583258
0.817327	0.3023	-0.4905
0.683125	0.729894	-0.0243933
0.157001	0.983463	0.0902842
-0.396269	0.917918	-0.0199415
-0.06787	0.615759	-0.785006
0.23556	0.97186	-0.000272882
0.253158	0.964526	0.0748436
0.667317	0.653032	-0.358102
-0.86571	0.489376	-0.105153
-0.40589	0.887015	0.22013
-0.522226	0.716437	-0.4626
0.792463	0.370449	-0.48453
0.0485144	0.638544	-0.768054
0.361284	0.87053	-0.334144
0.0813427	0.374755	0.923549
0.724601	0.686163	-0.064296
0.535038	0.782984	0.317286
-0.637711	0.681971	-0.358106
0.961079	0.260515	-0.0919722
-0.221268	0.974089	-0.0468069
-0.125743	0.709634	-0.693259
0.390776	0.850637	0.351725
-0.164813	0.598823	-0.783739
-0.647992	-0.0492961	-0.76005
0.328009	0.814571	0.478418
0.818119	0.447486	0.361161
-0.0998471	0.711221	0.695841
-0.85119	0.474847	0.223597
-0.599475	0.699976	-0.388155
-0.235785	0.967213	-0.0943632
0.470567	-0.0841299	-0.878344
-0.675748	0.628869	0.384563
0.267884	0.963129	0.0248992
0.303312	0.944797	-0.123937
-0.837951	0.47574	-0.267412
-0.203847	0.55484	0.806598
-0.639562	0.745632	0.187065
0.633669	0.73867	0.229847
0.0714682	0.717227	-0.693165
0.439493	0.685576	-0.580373
-0.532667	0.718175	0.447762
0.305896	0.94504	0.11544
0.245527	0.910349	-0.333137
-0.0951831	0.985806	0.138303
0.284358	0.862643	-0.418315
0.177998	0.978186	0.107095
-0.37702	0.92619	0.00535596
-0.21612	0.9327	-0.288725
0.0972687	0.989002	-0.111413
0.873014	-0.384314	-0.30025
0.226798	0.857878	0.461095
-0.0183942	0.867004	-0.497962
0.704769	0.708153	-0.0426581
-0.509702	0.356498	0.783016
0.0756441	0.373871	-0.924391
0.47039	0.8813	0.0452126
-0.554938	0.818546	0.148411
-0.433773	0.892121	-0.126338
-0.0797379	0.227791	0.97044
-0.536256	0.305231	0.786933
-0.079376	0.93462	-0.346676
-0.0127674	0.999202	0.0378463
-0.338221	0.781645	-0.524058
0.284815	0.819671	-0.497011
0.110569	0.941034	0.319734
-0.131607	0.95954	0.248922
-0.519821	0.816487	-0.251266
-0.29768	0.817199	0.493531
0.180427	0.983551	0.00858183
-0.426958	0.873146	0.235209
-0.895085	0.411244	0.172341
-0.274282	0.499172	0.821947
-0.0671905	0.923787	0.376965
-0.15934	0.348655	0.923607
-0.642719	0.670965	0.369754
0.494957	0.868288	-0.0330593
0.0804411	0.98275	0.166531
-0.809868	0.527869	-0.255867
-0.197834	0.849767	-0.488628
-0.34673	0.736266	0.581112
0.088521	0.414965	0.905521
-0.39836	0.891299	0.216555
-0.409247	0.699213	-0.586189
0.315922	0.945702	-0.0764243
0.0893859	0.973102	0.212327
-0.520273	0.625452	0.581486
0.503557	0.535051	0.678345
-0.126129	0.878524	-0.460746
-0.224295	0.964507	-0.139351
-0.536136	0.534972	0.652965
-0.650348	0.747392	0.135841
