3400
0.0947759	-0.734182	-0.672305
-0.0721074	-0.988933	0.129663
0.802416	-0.552876	0.224626
-0.563702	-0.782776	-0.263631
0.265776	-0.951594	0.154374
-0.784947	-0.224712	-0.577376
-0.396297	-0.687303	-0.608739
0.576758	-0.792462	-0.198381
-0.149615	-0.956852	-0.2491
0.12562	-0.912691	0.388862
-0.206413	-0.80662	-0.553857
0.236189	-0.966367	0.101733
0.67478	-0.693356	0.252842
-0.0208574	-0.97823	0.206474
0.0521228	-0.970244	0.236454
-0.0576997	-0.95337	0.296237
0.534557	-0.840147	0.091661
-0.856874	-0.271519	-0.438228
-0.469528	-0.449858	0.759718
0.248474	-0.712288	0.656435
0.0743818	-0.666241	0.742017
-0.769967	-0.52151	-0.367665
0.729283	-0.671326	-0.132169
0.350408	-0.845359	-0.403216
-0.495707	-0.859377	0.125478
-0.604099	-0.656446	0.451823
0.425304	-0.874625	0.232697
0.239225	-0.519318	0.820415
-0.287392	-0.957287	-0.0317451
0.0993137	-0.947669	0.303413
0.49768	-0.861884	0.0973183
0.0569362	-0.977052	0.205248
-0.813416	-0.504284	0.289917
-0.0721235	-0.980069	-0.1851
0.021955	-0.995342	-0.0938786
-0.10616	-0.903124	-0.416049
0.0834805	-0.707352	-0.701914
0.0272797	-0.987693	0.15401
-0.385052	-0.823843	0.415955
-0.196236	-0.793897	0.575516
-0.356018	-0.728789	0.584909
0.00257058	-0.884241	0.467024
0.697488	-0.715638	-0.0370522
-0.399446	-0.886473	-0.233686
-0.209355	-0.97081	0.117043
0.270086	-0.634356	-0.724325
0.685755	-0.723844	0.0760866
-0.131857	-0.912732	0.386695
-0.324697	-0.0696175	0.943253
0.411618	-0.902527	0.126555
-0.134664	-0.655875	0.742761
-0.379396	-0.857247	-0.348118
-0.103046	-0.89907	-0.425505
0.174263	-0.984262	0.0293422
-0.519472	-0.676253	0.522331
0.267427	-0.960883	-0.072013
0.0918441	-0.683148	0.724481
0.203451	-0.937692	0.281676
-0.190866	-0.748387	0.635207
-0.171507	-0.985008	0.0185762
0.427969	-0.7588	0.490984
-0.48918	-0.748971	0.446928
0.711947	-0.576388	-0.401134
0.226744	-0.960826	0.159373
-0.536533	-0.78305	-0.314586
0.0452835	-0.596137	-0.801605
-0.250191	-0.638595	-0.727736
0.616436	-0.683508	0.390927
-0.0930171	-0.991052	-0.0957289
0.357974	-0.93158	-0.063349
-0.19952	-0.97516	0.0962016
-0.43483	-0.870301	0.231299
0.346004	-0.922341	-0.171957
-0.565144	-0.650452	-0.507469
-0.219479	-0.709621	0.669527
0.17391	-0.865214	0.470277
0.602232	-0.798258	-0.0100187
-0.0512801	-0.993431	-0.102301
0.0966189	-0.767127	0.634177
0.380881	-0.453819	-0.805592
-0.0993437	-0.794479	-0.599111
0.248619	-0.818096	0.518562
0.0144696	-0.983229	-0.181801
-0.337391	-0.93915	0.06454
0.0754245	-0.910936	-0.405594
0.0112811	-0.804933	-0.593258
-0.622177	-0.616759	0.482187
0.533474	-0.738343	-0.41262
0.100292	-0.965312	-0.241069
-0.363665	-0.902792	0.229598
-0.408798	-0.586591	0.699139
0.610215	-0.768571	-0.192186
0.471159	-0.60872	-0.638333
0.609776	-0.657909	0.44196
-0.182388	-0.973219	-0.139923
0.410349	-0.877968	0.246547
0.639356	-0.612857	-0.46436
-0.564431	-0.795428	0.22071
0.571815	-0.701803	-0.424854
-0.107093	-0.551027	-0.827587
0.505366	-0.604767	-0.615518
0.407391	-0.888335	-0.21188
0.512143	-0.852319	-0.106122
0.634483	-0.772379	-0.0293587
0.221834	-0.974532	-0.0328091
0.189648	-0.873767	0.447845
0.184521	-0.209559	-0.960228
-0.160231	-0.594878	-0.787684
0.887179	-0.36094	-0.287465
0.751343	-0.422016	-0.507332
-0.0284872	-0.999558	-0.00844986
-0.096142	-0.962335	0.254298
0.291186	-0.925892	0.240695
-0.28849	-0.919277	-0.267773
0.216312	-0.557485	-0.801511
0.0745978	-0.818508	-0.569631
-0.114745	-0.989086	-0.0924219
0.201069	-0.94439	-0.26019
0.220802	-0.788037	-0.574669
0.0272958	-0.541894	-0.840003
-0.230541	-0.952628	0.198372
0.543489	-0.821591	0.172072
-0.29844	-0.92531	0.233956
-0.787829	-0.608755	0.0935031
0.270833	-0.962502	0.0154564
-0.417623	-0.89387	-0.163058
-0.748732	-0.662534	0.021173
-0.304843	-0.744799	0.593586
-0.653396	-0.598017	0.464165
-0.269111	-0.578053	0.770347
0.222617	-0.739847	0.634877
0.115862	-0.962622	-0.244814
-0.0993785	-0.736927	-0.668627
-0.263989	-0.944336	-0.196314
-0.0430464	-0.99653	0.0712454
0.258346	-0.961474	-0.0939441
0.202201	-0.969332	0.139678
-0.431512	-0.885567	-0.171956
-0.327635	-0.94078	-0.087107
-0.0860722	-0.973128	0.213572
0.11644	-0.973324	0.197692
-0.190672	-0.597224	-0.779081
-0.252215	-0.764196	-0.593626
0.375552	-0.816939	0.43769
-0.495123	-0.737101	0.45993
0.253355	-0.850557	-0.460831
0.0695146	-0.992679	-0.09877
-0.664331	-0.3713	-0.648692
0.111446	-0.993149	0.035133
0.239362	-0.911671	-0.334008
-0.203319	-0.911076	-0.35861
-0.0640186	-0.974865	-0.213402
-0.322403	-0.799441	-0.506903
0.491938	-0.64016	0.590078
-0.144932	-0.867027	-0.476716
0.420372	-0.889556	0.178821
0.634635	-0.564563	-0.527737
0.22083	-0.975305	-0.00379417
-0.56781	-0.822489	0.033213
0.0389886	-0.811336	0.583279
0.44928	-0.682418	0.576588
-0.595904	-0.720305	-0.355049
-0.787491	-0.530616	0.313536
0.337936	-0.795281	-0.503317
0.0697717	-0.950949	0.301375
0.0854243	-0.975469	-0.202887
-0.099045	-0.927556	-0.36032
0.0154086	-0.77758	0.628596
-0.404525	-0.881527	-0.243454
-0.107177	-0.993395	0.0409799
0.33268	-0.941229	-0.0584099
0.130479	-0.829551	-0.542973
-0.16969	-0.982852	-0.0721583
0.123277	-0.992031	-0.0260232
0.683569	-0.529441	-0.502419
-0.699912	-0.705817	-0.109294
-0.894781	0.433609	-0.106537
0.391845	-0.733962	0.554758
-0.281735	-0.949015	0.141405
-0.00895935	-0.985665	0.168478
-0.267789	-0.957508	0.107091
-0.457265	-0.884881	0.0888478
0.0751251	-0.58113	0.810336
0.000534175	-0.864265	0.503036
-0.25448	-0.862492	0.437434
0.20178	-0.976782	-0.0719784
0.696504	-0.585797	0.414395
-0.46255	-0.885906	-0.0349127
-0.0304083	-0.984632	-0.171974
0.111076	-0.691943	0.713356
-0.378716	-0.924556	0.0420876
-0.229072	-0.968182	-0.100744
0.827715	-0.561137	-0.00351098
0.48364	-0.769093	-0.417837
-0.108029	-0.794767	-0.597222
-0.83578	-0.509284	0.205184
0.0183098	-0.987001	-0.159665
-0.0276758	-0.793737	-0.607631
-0.539844	-0.841264	0.0290424
0.587704	-0.283748	0.757688
-0.0509428	-0.984015	-0.170641
-0.0227134	-0.598391	0.800882
0.393506	-0.91708	0.0641684
0.558731	-0.826096	-0.0733896
-0.571867	-0.56397	-0.59574
0.0397611	-0.954562	-0.295348
-0.0183183	-0.964455	0.263612
0.154323	-0.980129	-0.124625
0.398831	-0.909984	0.113417
-0.30146	-0.953253	-0.0207598
0.0170638	-0.991315	-0.130398
0.748176	-0.518614	0.413851
0.962152	-0.270471	-0.0332969
0.114177	-0.967715	-0.224702
-0.65875	-0.7508	-0.0484563
0.512494	-0.74817	-0.421417
0.862944	-0.487174	-0.134124
0.302852	-0.756612	-0.579499
0.53452	-0.565139	0.628415
0.415404	-0.874158	-0.251569
-0.950093	-0.194855	-0.24363
-0.308475	-0.354142	0.882852
-0.540168	-0.315785	0.780063
0.436536	-0.880489	-0.184867
0.258551	-0.965868	0.0158044
0.530418	-0.744839	0.40481
0.200214	-0.974519	-0.101126
0.0569726	-0.989516	-0.132714
-0.712415	-0.671462	-0.203971
0.461203	-0.88689	0.0267869
-0.310647	-0.950148	-0.0267728
-0.649207	-0.760472	-0.0145798
-0.132543	-0.984233	0.117126
-0.153346	-0.870607	-0.467471
-0.461576	-0.663814	0.588472
-0.725581	-0.144776	0.672735
0.784579	-0.619158	-0.0328509
-0.164926	-0.936482	-0.309518
0.242428	-0.953019	0.181613
-0.311471	-0.808317	0.499609
-0.798434	-0.254837	0.545492
0.643442	-0.743311	-0.182949
-0.03507	-0.954883	0.294905
-0.630382	-0.71114	-0.311286
-0.383797	-0.786246	-0.48427
-0.231722	-0.531785	0.814561
-0.218995	-0.974011	0.0578184
-0.679795	-0.73072	0.0626645
0.388837	-0.84069	-0.37689
-0.739083	-0.634148	0.227185
-0.0805061	-0.799985	-0.594594
-0.496662	-0.867561	-0.0257818
0.61611	-0.757276	-0.216659
-0.739477	-0.664142	-0.109954
0.30279	-0.916353	-0.261945
0.0787612	-0.897742	-0.433423
-0.413629	-0.673361	-0.612777
0.543111	-0.702655	-0.459681
-0.148311	-0.564639	-0.811903
0.666095	-0.702257	-0.251301
-0.86573	-0.0342302	0.49934
-0.352163	-0.80522	-0.477077
-0.426134	-0.784248	0.450959
-0.335546	-0.86153	0.381017
-0.0920155	-0.989023	-0.115611
0.144685	-0.970997	-0.190343
0.20001	-0.942085	-0.269204
-0.0396476	-0.92164	0.386014
0.116878	-0.988714	-0.0937259
0.220066	-0.935283	-0.277159
-0.389573	-0.920913	-0.0123309
-0.359079	-0.266831	-0.894351
0.433512	-0.846107	0.310113
-0.105302	-0.700769	-0.705574
0.31927	-0.913898	0.250712
0.407067	-0.517708	-0.752512
-0.780613	-0.546676	0.302966
-0.611638	-0.546369	-0.572171
0.418521	-0.880919	-0.220956
0.840964	-0.513916	0.169321
-0.0931707	-0.966421	-0.239476
-0.54814	-0.773479	-0.318232
0.0380429	-0.99897	-0.0247257
0.659021	-0.750232	-0.0533221
-0.0384898	-0.879352	-0.474615
-0.23397	-0.969438	-0.0738161
0.157684	-0.940121	0.302172
0.383939	-0.70798	0.592752
0.129673	-0.977998	0.163418
0.534365	-0.831248	0.153236
0.381524	-0.32607	0.864938
-0.637658	-0.559997	-0.528957
-0.74574	-0.659314	-0.0957975
-0.0485305	-0.964408	-0.259929
0.615541	-0.783589	-0.0842517
0.213655	-0.976888	0.00648576
-0.120185	-0.95949	0.254823
0.0270459	-0.818078	0.574471
0.489233	-0.743006	-0.45672
-0.0502673	-0.937406	-0.344591
0.302878	-0.946314	0.112936
-0.648986	-0.4225	0.632701
0.239382	-0.785175	0.571136
-0.0786482	-0.982862	-0.166723
-0.645843	-0.62282	-0.441568
-0.441103	-0.849794	0.288579
-0.33736	-0.928274	0.15651
-0.311046	-0.682151	-0.661756
0.0306452	0.0889782	0.995562
0.148241	-0.734806	0.66188
-0.333174	-0.872834	-0.35659
-0.798177	-0.583757	0.1488
-0.125979	-0.86285	-0.489509
0.213027	-0.927448	0.307344
-0.448166	-0.891707	0.0632839
-0.398947	-0.564706	0.72246
-0.179942	-0.907409	-0.379775
-0.319121	-0.947693	-0.00631769
-0.464244	-0.439666	0.768876
-0.00691077	-0.99781	0.0657858
0.050083	-0.967317	0.248576
0.192737	-0.971351	0.13903
0.0875742	-0.83758	0.53925
0.547184	-0.463755	-0.696793
0.0456327	-0.641502	-0.765763
-0.282427	-0.719349	0.634643
0.0135017	-0.864314	-0.502771
-0.218132	-0.944467	-0.245765
-0.26309	-0.954179	-0.142569
0.273442	-0.81366	0.513017
0.263775	-0.913041	0.311094
0.444235	-0.825686	-0.347704
0.315688	-0.815378	0.485282
0.231937	-0.957081	-0.173783
-0.0312801	-0.722072	-0.69111
-0.665495	-0.351632	-0.658386
-0.0883041	-0.99605	-0.00927058
-0.213403	-0.972794	-0.0901783
-0.104749	-0.918231	-0.381943
0.239604	-0.86785	0.435231
0.279162	-0.946253	0.163319
0.521518	-0.846708	0.105379
0.620454	-0.778947	0.0909824
-0.38514	-0.78436	0.486257
-0.0918411	-0.995523	0.0223219
0.122268	-0.987777	-0.0966774
0.0472579	-0.978092	-0.202737
0.0830294	-0.937078	-0.339102
0.00827301	-0.92807	-0.372313
-0.244422	-0.251178	-0.936572
0.705326	-0.579486	-0.408303
0.377737	-0.864155	0.332492
0.744082	-0.651909	-0.146137
-0.221211	-0.48519	-0.845965
0.613329	-0.0707531	-0.786652
0.286035	-0.836811	0.46683
-0.721833	-0.595112	0.353269
0.140753	-0.637638	-0.757368
0.555293	-0.706031	0.439512
0.626342	-0.734914	-0.259995
0.729544	0.579706	-0.362913
-0.284439	-0.846452	0.450126
0.47573	-0.832822	0.283
0.32215	-0.771932	-0.548033
-0.387458	-0.658455	0.645223
-0.404993	-0.910626	-0.0821036
-0.0655236	-0.874263	0.481009
0.464471	-0.700867	-0.541343
-0.296358	-0.938045	0.179566
0.39359	-0.917684	0.0542459
0.131041	-0.981048	0.142737
0.107477	-0.888875	0.445364
0.520157	0.298674	0.800144
-0.448391	-0.559766	-0.696856
-0.126093	-0.991974	0.0094089
0.34276	-0.92278	0.176046
0.2506	-0.939871	-0.232037
-0.417235	-0.436798	0.796946
-0.160999	-0.701453	0.694293
0.959867	-0.268672	-0.0804395
-0.703973	-0.695904	0.141915
-0.335826	-0.931626	0.138903
0.701118	-0.698987	-0.140893
0.516813	-0.783167	0.345767
0.0697666	-0.635497	0.768945
0.347704	-0.837021	-0.42249
0.917416	-0.233921	-0.321916
-0.330384	-0.751811	-0.570637
-0.290847	-0.439368	-0.84992
0.277907	-0.838469	-0.468761
-0.755951	-0.302792	-0.580393
0.104734	-0.626804	-0.772106
0.694944	-0.704128	-0.145796
-0.599611	-0.761196	-0.247079
0.722056	-0.684751	-0.0987468
-0.11352	-0.937526	0.328874
-0.0564185	-0.804387	0.591421
0.564802	-0.489225	-0.664573
0.332766	-0.687285	-0.645683
0.128317	-0.968289	-0.214364
-0.225972	-0.969773	0.0920707
-0.21709	-0.972969	-0.0787654
-0.345859	-0.630506	0.69487
-0.0512824	-0.772432	-0.633024
-0.301873	-0.889816	-0.3422
-0.535473	-0.8286	0.16337
-0.118181	-0.786183	0.606589
0.124529	-0.951058	-0.282811
-0.399151	-0.870517	-0.287886
-0.0935756	-0.96153	-0.258271
0.370153	-0.91609	0.15416
-0.0475494	-0.989267	0.138165
-0.428189	-0.810562	-0.399554
-0.0301481	-0.999219	0.0255391
-0.371386	-0.91025	-0.18308
-0.0844681	-0.853709	-0.513854
0.0129637	-0.998229	-0.0580645
0.404883	-0.755134	-0.515599
-0.320325	-0.0804662	0.943884
0.0622633	-0.832762	-0.550119
-0.761574	-0.641455	0.0924161
-0.0713306	-0.681081	0.728725
-0.137966	-0.977418	-0.16006
0.00328938	-0.940901	0.338667
-0.256363	-0.966318	0.0225297
0.410952	-0.897982	-0.157309
0.16386	-0.936046	-0.311396
-0.390537	-0.81535	0.427418
-0.781493	-0.601874	-0.164366
0.599721	-0.3878	-0.699961
-0.616236	-0.780389	0.106054
0.483645	-0.874382	-0.0392889
0.823686	-0.566733	0.0188507
-0.428271	-0.417378	0.801485
-0.270167	-0.799475	0.536516
-0.327292	-0.943177	0.0574227
-0.237192	-0.964487	-0.116213
0.909242	-0.36802	0.194525
0.150822	-0.983251	-0.102327
0.0546613	-0.996244	-0.067163
-0.483651	-0.686159	0.543385
0.373975	-0.877544	0.300099
-0.400832	-0.543324	-0.737654
-0.369202	-0.859814	0.352719
-0.136643	-0.578387	0.804237
0.338546	-0.832108	-0.439299
-0.467728	-0.747388	-0.47185
-0.329399	-0.821755	-0.46499
0.075974	-0.741762	0.666346
0.418321	-0.908244	0.00997775
-0.225496	-0.9742	-0.00932754
-0.170253	-0.606279	0.776813
-0.521116	-0.787463	-0.32915
-0.813752	-0.453733	-0.363228
-0.350726	-0.928615	-0.121099
0.384695	-0.855302	0.347085
0.910701	-0.228668	-0.343998
0.245493	-0.696631	0.674121
0.396829	-0.915101	0.0715351
-0.0857923	-0.996313	-0.00084608
-0.0357431	-0.52658	-0.849374
0.580112	-0.719409	0.381996
0.0776858	-0.966178	0.245897
-0.0233659	-0.987096	-0.158418
0.740095	-0.166428	0.651584
-0.106025	-0.969471	-0.221097
-0.231732	-0.971612	-0.0476388
0.437641	-0.838409	0.324871
-0.0840244	-0.95216	0.293823
0.392349	-0.700355	0.596293
0.580621	-0.712595	0.393813
0.737675	-0.600107	-0.309368
-0.738872	-0.653501	0.164329
-0.18779	-0.922699	0.336691
-0.452377	-0.884749	-0.112135
-0.156828	-0.952596	0.260702
0.635419	-0.672934	0.378685
0.139796	-0.985035	0.10081
-0.248137	-0.464061	-0.850339
-0.0871052	-0.973255	-0.212574
0.414066	-0.899582	-0.13893
0.696998	-0.544715	0.466347
0.18363	-0.943276	0.276605
0.211802	-0.964252	0.15924
0.490521	-0.853639	0.175186
-0.289913	-0.904529	0.312694
0.184653	-0.583318	0.790976
0.386693	-0.769931	-0.507617
0.104095	-0.733108	0.672099
0.683278	-0.609238	0.402444
0.106625	-0.884043	0.455081
0.631907	-0.773583	0.0475579
-0.331031	-0.92751	0.173619
0.0920088	-0.940015	-0.32849
0.26769	-0.948418	-0.169839
0.192206	-0.926042	-0.324813
0.915879	0.162532	0.367083
0.831997	-0.492061	0.256235
0.786818	-0.610672	-0.0894246
-0.523282	-0.789105	-0.321697
-0.852924	-0.315274	-0.41608
-0.202624	-0.978592	0.036073
0.188452	-0.926444	0.325863
0.599548	-0.258663	0.757388
-0.291886	-0.696749	0.655243
0.497351	-0.709189	-0.499694
0.0287796	-0.79452	0.606556
-0.42374	-0.638882	-0.642086
-0.636498	-0.706352	-0.309737
0.318466	-0.947724	-0.019982
-0.134992	-0.923366	0.359406
0.555888	-0.828408	-0.0687661
0.101572	-0.969688	-0.222233
-0.272038	-0.961534	-0.0380364
-0.515362	-0.599074	-0.61279
-0.240991	-0.948986	0.203345
-0.221629	-0.63139	0.74312
-0.0605592	-0.990342	0.124721
0.516725	-0.820825	-0.243398
-0.415548	-0.795033	-0.441862
0.314266	-0.560169	-0.766451
-0.0108493	-0.985997	-0.166409
0.164878	-0.6305	-0.758476
0.510279	-0.845788	-0.155749
-0.378993	-0.902074	0.206462
0.169837	-0.810018	-0.561272
-0.708417	-0.674512	-0.207794
0.134847	-0.990497	-0.0270438
-0.61363	-0.21111	0.760848
0.0309251	-0.610618	-0.791321
-0.556842	-0.806135	0.200186
0.468016	-0.882479	-0.0468251
0.168252	-0.96159	-0.216876
0.211001	-0.883627	0.41795
0.303906	-0.664129	-0.683062
0.4424	-0.77989	-0.442779
-0.553056	-0.807681	-0.204403
0.209812	-0.875839	0.434609
0.0446352	-0.774641	0.630825
0.194687	-0.979833	0.0449926
-0.0339454	-0.994737	0.0966749
0.612998	-0.577772	0.5389
-0.021086	-0.932513	0.360521
0.866384	-0.316267	0.386463
0.568043	-0.775484	-0.275593
0.263394	-0.94199	-0.208035
0.559771	-0.814373	0.153141
0.473667	-0.853677	0.216509
0.0707525	-0.877356	0.474594
-0.312771	-0.945052	0.0951328
0.356477	-0.910545	0.209363
0.145834	-0.91404	-0.378501
0.158925	-0.957417	0.241028
0.699814	-0.714111	-0.0174849
0.245264	-0.841071	-0.482126
0.0763177	-0.907933	-0.412108
0.36342	-0.928134	0.0805798
-0.463228	-0.627984	-0.625345
-0.685108	-0.651838	0.325168
-0.443692	-0.740717	0.504456
0.458147	-0.804453	0.378096
-0.081893	-0.982679	-0.16624
-0.543352	-0.783137	0.302433
0.438649	-0.897293	-0.0495179
0.135026	-0.971491	0.194867
-0.115401	-0.936228	0.331903
-0.108321	-0.88711	0.448668
0.0611177	-0.958242	0.279352
-0.016708	-0.753795	0.656897
-0.233125	-0.972144	0.024244
-0.539411	-0.839793	-0.0615198
0.173558	-0.984332	0.0311078
0.232262	-0.659844	0.714605
-0.234455	-0.958354	-0.163058
-0.391373	-0.892179	-0.225486
0.65025	-0.756998	-0.0642573
-0.396058	-0.918184	-0.00877139
0.0962237	-0.995198	-0.0179422
0.130918	-0.989651	0.0587504
-0.225951	-0.972636	-0.0540829
-0.137333	-0.94448	-0.298493
-0.44104	0.0305671	0.896967
0.445174	-0.779561	0.440573
-0.603544	-0.656281	0.452803
0.0141325	-0.895382	0.445074
-0.698482	-0.4666	0.542594
0.134557	-0.987	-0.0878965
-0.329706	-0.855695	-0.398848
-0.255451	-0.938046	-0.234124
0.261572	-0.9409	0.215143
0.210492	-0.977595	0.000480275
-0.0894535	-0.900356	0.42586
-0.288496	-0.939536	0.184507
0.0787814	-0.962047	0.261264
0.0531612	-0.960155	0.274364
-0.118762	-0.841518	-0.527014
0.736937	-0.648074	0.192155
0.110013	-0.962816	0.246742
-0.0856442	-0.971509	0.220987
0.249933	-0.966521	0.0580565
-0.113179	-0.809649	-0.575898
-0.0062574	-0.97138	0.237447
0.144441	-0.909128	-0.390671
-0.288807	-0.794582	0.53407
-0.750123	-0.661295	-0.00192359
0.854973	-0.256472	-0.450826
0.446079	-0.730401	0.517231
-0.253965	-0.909375	-0.329451
-0.0166714	-0.991335	0.130292
-0.234308	-0.780981	-0.578937
0.450847	-0.852107	-0.265801
-0.0967152	-0.994436	-0.0417634
-0.384859	-0.673126	-0.631494
0.302296	-0.746881	-0.592272
-0.484729	-0.800278	0.352977
0.657005	-0.705554	-0.26559
-0.519604	-0.850247	-0.0842159
0.146189	-0.875102	0.46133
0.508363	-0.832225	-0.22129
-0.2159	-0.927013	-0.306651
0.0764424	-0.966594	-0.244648
-0.348558	-0.921644	-0.170527
0.417996	-0.775137	-0.473753
-0.0279516	-0.962203	-0.270895
0.456711	-0.758623	0.464658
0.427758	-0.888499	0.166108
-0.884568	-0.359198	0.297515
-0.198923	-0.927636	0.316103
0.157035	-0.971164	-0.179388
0.28887	-0.806819	0.515361
-0.129914	-0.970018	0.205397
0.571969	-0.805628	0.154324
-0.00732484	-0.981834	0.189601
0.00478307	-0.938542	-0.345133
-0.482363	-0.875958	-0.00483948
-0.477355	-0.835648	0.271705
-0.217284	-0.975133	-0.0436281
-0.271505	-0.784323	0.557783
0.2473	-0.928368	0.277446
0.271024	-0.962434	-0.016352
-0.259338	-0.94655	-0.191797
-0.0429086	-0.810318	-0.584417
0.555373	-0.823922	0.112752
0.790307	-0.551045	0.267889
-0.211423	-0.977287	-0.0145203
0.401351	-0.888021	-0.224358
-0.0402539	-0.986129	-0.161024
0.30698	-0.914208	-0.264552
0.111338	-0.989771	0.0892051
0.496101	-0.795206	0.348614
0.524851	-0.808907	0.264953
-0.030972	-0.964153	-0.263531
-0.133735	-0.949583	0.283562
-0.145177	-0.938136	0.314365
0.166819	-0.893222	0.417524
0.419764	-0.846775	0.326758
0.497159	-0.79402	0.349808
-0.31987	-0.930822	0.176789
-0.559359	-0.819838	-0.122405
0.81564	-0.577135	0.0405713
-0.653002	-0.754863	-0.0614082
0.465189	-0.875413	-0.131346
0.164638	-0.985251	-0.0466324
0.410069	-0.898381	-0.157336
-0.496317	-0.641813	0.58459
0.181932	-0.967412	-0.176108
0.3481	-0.829455	0.436842
-0.0950078	-0.975431	-0.198764
-0.0737342	-0.703883	0.706479
0.106679	-0.98005	0.167694
0.23198	-0.971614	0.0463886
-0.31179	-0.844094	-0.436226
-0.387148	-0.519565	-0.761688
0.412132	-0.896352	0.163399
-0.376094	-0.887094	-0.267614
0.235994	-0.971682	-0.0118753
0.832631	-0.083176	-0.547546
-0.0704156	-0.973355	0.218224
-0.207497	-0.930341	-0.302343
0.196535	-0.955516	0.219915
0.583238	-0.734319	0.347289
0.107007	-0.43623	-0.89345
-0.0893276	-0.969376	0.228761
-0.323934	-0.825021	0.46304
-0.0832606	-0.884024	-0.459966
-0.251114	-0.963021	-0.0976327
-0.132325	-0.880252	0.455683
0.435771	-0.898023	-0.0604833
0.343795	-0.933614	-0.100852
-0.771293	-0.623783	0.126497
-0.250585	-0.887652	-0.386369
0.0515643	-0.873729	0.483671
0.263773	-0.821207	-0.506006
-0.828064	-0.372038	0.419401
-0.514655	-0.836228	0.18935
0.174742	-0.94158	0.287912
0.219349	-0.970299	0.102005
0.00474105	-0.967738	-0.251913
0.537586	-0.840013	-0.0733466
0.0531116	-0.952789	-0.298952
-0.269797	-0.922269	0.276822
0.398666	-0.895865	-0.196191
0.248731	-0.960041	-0.128274
-0.309664	-0.790303	-0.528706
0.200544	-0.959968	-0.195558
0.492067	-0.7256	0.481015
-0.453427	-0.670061	-0.587727
-0.380139	-0.698826	0.605918
-0.164983	-0.751203	0.63912
0.0748197	-0.968652	0.236887
-0.223466	-0.818816	-0.528775
0.445907	-0.880701	0.159792
0.255073	-0.876478	0.408318
0.152734	-0.98793	0.0258217
0.327591	-0.930483	0.163968
-0.687199	-0.717713	0.112451
0.423511	-0.832148	0.358006
-0.391536	-0.913872	-0.107409
-0.0121932	-0.999578	-0.0263658
-0.937315	-0.0831247	0.338425
-0.888969	0.399966	0.223071
0.367359	-0.764919	-0.5291
-0.0574898	-0.998346	0.000653446
-0.775142	-0.629845	-0.0495029
-0.331125	-0.943569	0.00578007
0.00367516	-0.982767	0.184811
0.0983028	-0.888723	0.447781
0.446809	-0.878818	-0.167451
0.00135672	-0.998489	-0.0549289
-0.217077	-0.952806	-0.212224
-0.736045	-0.536102	0.413319
0.274666	-0.938991	0.207013
0.446845	-0.852721	-0.270548
0.443968	-0.669988	0.594987
-0.571553	-0.747331	-0.338857
-0.192562	-0.981194	-0.0133382
0.398996	-0.691044	-0.602711
-0.0598763	-0.997958	0.0222459
0.247993	-0.963025	0.105275
-0.0720728	-0.967916	-0.240716
0.230707	-0.864851	0.445878
-0.401952	-0.727314	-0.556281
0.398454	-0.912898	0.0886065
0.224776	-0.766076	-0.602166
-0.185695	-0.950971	-0.247329
-0.0505498	-0.989281	-0.136995
-0.0318271	-0.913449	-0.405707
0.187856	-0.907316	-0.376149
0.399606	-0.901956	-0.163679
0.0333611	-0.999303	-0.0167295
-0.305816	-0.921878	0.237944
-0.00158646	-0.954972	-0.29669
-0.223108	-0.969992	-0.0966344
0.249058	-0.935571	0.250354
0.204781	-0.976043	0.0735135
-0.0892029	-0.992014	0.0891664
0.461737	-0.759997	0.457387
-0.422001	-0.901391	0.0970034
0.237616	-0.918351	0.316498
0.404173	-0.887027	0.22322
0.168468	-0.972669	-0.159795
0.462846	-0.868487	-0.177494
-0.0689839	-0.989141	-0.129775
0.563863	-0.670168	0.482632
-0.130324	-0.953206	-0.272789
-0.00104599	-0.996086	-0.0883838
0.235278	-0.950776	-0.201665
-0.176221	-0.919887	-0.350362
0.0205336	-0.956723	-0.290274
0.655178	-0.75513	0.0228123
-0.0151139	-0.999338	-0.0330834
-0.0347811	-0.999036	-0.0267986
0.167134	-0.915269	-0.366536
0.480597	-0.858877	-0.177077
-0.138884	-0.942968	0.302526
-0.0148925	-0.996915	0.0770667
0.317275	-0.946846	-0.0531038
0.53119	-0.831796	-0.161095
-0.251052	-0.865669	-0.433117
0.0127257	-0.952844	-0.303193
-0.489366	-0.805352	0.334558
0.116933	-0.914288	0.387819
0.114089	-0.973892	-0.196261
-0.160649	-0.852021	0.498249
-0.0184896	-0.982162	-0.187128
0.362895	-0.222468	0.904884
0.0679132	-0.941361	0.330496
-0.234678	-0.886678	-0.398408
-0.00646049	-0.993916	-0.109952
0.32518	-0.933026	-0.154013
-0.452302	-0.858827	0.240498
-0.425159	-0.888501	-0.172643
-0.504456	-0.723264	-0.471607
0.724911	-0.652182	-0.221724
-0.206438	-0.969197	-0.134312
0.482023	-0.787193	0.384683
-0.745822	-0.13879	-0.651527
0.33859	-0.939952	0.042989
0.518927	-0.77677	0.356853
-0.339363	-0.800932	-0.493296
0.148774	-0.967735	0.20336
-0.0348768	-0.818267	0.573779
-0.165207	-0.971424	0.170418
-0.440237	-0.888586	0.128862
0.347861	-0.862253	-0.36812
0.413904	-0.908603	0.0558906
-0.0309242	-0.803562	0.594417
0.0641879	-0.974437	0.215298
-0.307011	-0.935192	-0.176521
0.10825	-0.965568	-0.236561
0.460443	-0.876774	0.138778
-0.0551353	-0.985138	0.162674
-0.387272	-0.791059	0.473546
-0.701606	-0.572801	0.423849
0.676033	-0.699746	0.230943
0.536385	-0.839325	-0.0884589
0.0337031	-0.982644	0.182412
-0.251189	-0.882742	0.397077
-0.104855	-0.99049	-0.0890843
0.314624	-0.932957	0.174939
0.171744	-0.64383	-0.745645
0.475022	-0.800656	0.365109
-0.0462827	-0.89795	-0.437657
0.300939	-0.894854	0.329654
0.320161	-0.928786	-0.186689
-0.186027	-0.850579	0.491843
0.00689467	-0.999941	-0.00837082
0.125045	-0.880819	0.456641
0.0208417	-0.986775	0.160748
-0.394331	-0.877096	0.274236
-0.0720181	-0.622644	-0.779184
0.133838	-0.990648	0.0265234
-0.231518	-0.95021	-0.208566
0.140139	-0.766559	0.626696
0.706407	-0.640113	-0.302068
0.177939	-0.826432	0.53418
-0.527609	-0.847137	-0.06314
0.122978	-0.823786	0.553401
-0.443534	-0.735626	-0.511987
0.194295	-0.914151	0.355778
0.244102	-0.544711	0.802312
0.317991	-0.878212	-0.357246
-0.231868	-0.957425	-0.17197
-0.351437	-0.902389	0.249371
-0.436258	-0.895618	0.0868722
-0.0962296	-0.981031	0.16828
-0.941777	-0.335959	-0.0136881
-0.472685	-0.873423	0.117051
-0.208081	-0.764784	-0.609761
-0.03866	-0.977876	-0.205581
-0.0126602	-0.788053	0.615478
0.578153	-0.809383	-0.103139
0.160691	-0.985726	-0.0502185
-0.678143	-0.628896	-0.380277
-0.618921	-0.763317	-0.185159
0.618668	-0.679462	-0.394439
-0.327014	-0.941665	0.079558
-0.311207	-0.950301	0.00880659
0.393101	-0.869739	-0.298372
0.0425092	-0.993356	-0.10694
0.555404	-0.799698	0.228055
0.233297	-0.972058	-0.0259787
0.209996	-0.471965	-0.856242
-0.0619019	-0.897919	0.435786
-0.397226	-0.869786	-0.292717
-0.743185	-0.668817	-0.018968
0.506026	-0.80154	0.318545
0.432411	-0.891868	0.132639
-0.0914882	-0.991218	0.0954842
-0.119461	-0.900475	0.418179
-0.327435	-0.942715	-0.0638331
-0.342145	-0.91739	0.203302
0.137118	-0.945733	-0.294597
-0.479178	-0.801472	0.357814
-0.120153	-0.983665	-0.134039
0.0572986	-0.915131	0.399065
0.90044	-0.432852	0.0429652
0.723779	-0.648337	-0.236227
-0.108958	-0.973811	-0.19955
0.247493	-0.84842	-0.4679
0.406583	-0.868868	-0.282416
-0.414033	-0.904568	-0.101654
-0.260868	-0.870755	0.416814
-0.623724	-0.747385	0.228876
-0.161503	-0.971463	-0.173715
-0.153844	-0.985754	-0.0679789
0.160964	-0.906001	-0.391475
0.641991	-0.763835	0.0663693
0.349107	-0.926216	0.142297
-0.589615	-0.804716	0.0691788
0.467216	-0.865343	-0.181358
0.0354124	-0.797604	0.602141
0.186621	-0.852153	-0.488884
0.605227	-0.718124	-0.343508
0.350364	-0.904554	0.242953
0.215689	-0.968643	-0.123323
-0.178143	-0.734102	-0.655256
0.584918	-0.7356	0.341708
-0.144593	-0.98692	0.0712814
-0.267873	-0.902315	-0.337746
-0.764861	-0.625463	0.154218
0.425636	-0.739414	0.521632
0.78122	-0.527657	0.333576
-0.157851	-0.926442	-0.341742
0.00711993	-0.992259	0.123984
-0.428129	-0.9012	0.0674052
-0.601585	-0.798574	-0.0193901
-0.717713	-0.696212	0.0133098
-0.0204035	-0.693196	-0.72046
-0.115759	-0.784978	0.608613
0.0348752	-0.989833	-0.137895
-0.482263	-0.771483	0.415014
0.590286	-0.792706	-0.152247
0.300234	-0.858467	-0.415805
-0.613413	-0.76269	0.205008
-0.266977	-0.901622	-0.340294
-0.218375	-0.922041	-0.319612
-0.174966	-0.771308	0.61194
0.270008	-0.911057	-0.311562
-0.0332512	-0.979555	0.198409
0.405347	-0.906155	-0.120733
0.171708	-0.979639	0.104035
-0.151237	-0.988497	0.00139358
0.0481975	-0.972119	-0.229483
-0.00508593	-0.824488	0.565857
-0.337744	-0.916833	0.212947
-0.0990461	-0.910548	-0.401362
0.0405272	-0.975407	-0.216654
0.349259	-0.935728	0.0493039
-0.0109416	-0.909408	-0.41576
-0.913295	-0.348058	-0.211536
-0.0949503	-0.905286	-0.414055
0.157804	-0.987447	-0.00673165
-0.200781	-0.979255	0.0273216
0.653727	-0.733975	-0.184179
0.06769	-0.842627	0.534226
0.0397535	-0.86078	0.507422
-0.233705	-0.649794	-0.723291
-0.274533	-0.940027	-0.20244
-0.555596	-0.811158	-0.18258
-0.257876	-0.61278	0.746994
-0.522701	-0.85241	-0.0134613
-0.100792	-0.376904	0.920752
0.130779	-0.900482	-0.414764
0.223641	-0.936449	-0.270273
0.540091	-0.464496	-0.701816
-0.706217	-0.679478	-0.198914
-0.284581	-0.943668	0.168834
0.762663	-0.645788	0.0360961
0.22616	-0.96965	0.0928987
-0.52413	-0.843027	0.120807
0.658196	-0.74014	-0.137735
0.166686	-0.948712	-0.268629
0.556156	-0.820244	0.13375
-0.34898	-0.680784	-0.644008
0.107916	-0.859892	0.498939
0.486881	-0.5955	0.639004
0.566249	-0.765681	0.305113
-0.0633689	-0.98722	0.146221
-0.237274	-0.921932	-0.306172
-0.535422	-0.802191	0.26422
-0.456636	-0.690017	0.56157
-0.261394	-0.895112	-0.361174
0.205175	-0.933354	0.29454
-0.206675	-0.583517	0.785362
0.324248	-0.794123	0.514035
0.304734	-0.912649	-0.272411
-0.0970115	-0.968406	-0.229735
0.681984	-0.683223	0.260966
0.136289	-0.931109	-0.338321
0.613022	-0.585226	-0.530767
-0.271385	-0.880706	0.388209
0.052033	-0.55115	0.832782
-0.450365	-0.881961	-0.138986
-0.308279	-0.950333	-0.0427818
-0.436893	-0.89258	0.11147
-0.0331793	-0.970538	-0.238654
-0.0142413	-0.863342	-0.504418
0.294641	-0.943535	-0.151421
-0.313711	-0.949009	0.0311175
-0.508923	-0.614495	-0.602821
0.52211	-0.845708	0.110354
0.0719524	-0.915846	0.39503
0.0517278	-0.97905	0.196942
0.625482	-0.702071	0.340394
-0.163069	-0.976966	0.137642
0.134218	-0.966312	0.219605
0.359726	-0.927012	-0.106048
0.478375	-0.567941	-0.669777
0.200107	-0.960977	0.191
-0.421275	-0.905683	0.0475965
0.495922	-0.868326	0.00844792
0.277791	-0.952393	0.12562
0.113987	-0.940274	0.320768
0.017896	-0.530909	-0.84724
-0.227207	-0.887061	-0.40187
-0.328678	-0.835808	0.439769
0.122561	-0.991952	-0.0317835
0.0282061	-0.999273	-0.0256312
0.110424	-0.81518	-0.568585
0.353936	-0.932953	0.0657914
-0.445744	-0.647258	-0.61836
-0.540127	-0.841582	0.00182931
-0.398877	-0.905584	0.144272
0.234736	-0.904748	-0.355429
-0.711231	-0.695111	0.104742
0.0127814	-0.725943	-0.687636
-0.926936	-0.0639288	-0.369734
-0.470745	-0.875315	-0.11056
0.198628	-0.976483	0.0838272
0.309346	-0.95086	-0.0130315
0.695276	-0.566296	-0.442605
-0.440662	-0.524827	0.728268
-0.425409	-0.871313	0.244624
-0.574723	-0.770018	-0.277067
-0.478771	-0.848709	-0.224659
0.237289	-0.941651	-0.238719
-0.240055	-0.405458	0.88203
0.0949846	-0.886656	0.452569
-0.362559	-0.931144	0.0390045
0.346404	-0.83806	-0.421497
0.372848	-0.888138	0.26869
0.263116	-0.944372	-0.197309
-0.504177	-0.828103	0.245054
0.299382	-0.954113	-0.00624717
-0.319622	-0.947403	-0.0163889
0.242961	-0.965905	0.0894244
-0.361309	-0.863588	0.351669
0.274191	-0.956871	-0.0960053
0.477083	-0.675744	-0.561927
-0.1813	-0.944646	0.273448
0.125243	-0.81507	-0.565664
-0.517937	-0.5799	-0.628854
0.102803	-0.866217	-0.488977
0.150296	-0.822352	0.54877
-0.0912264	-0.991351	0.0943444
-0.165153	-0.963855	0.209065
0.279459	-0.924439	-0.25945
-0.468026	-0.76611	0.440486
-0.195362	-0.657265	0.727899
-0.237062	-0.913501	0.330633
0.385596	-0.881707	-0.271861
0.381696	-0.922636	-0.0552356
-0.0216234	-0.956498	-0.290936
0.24357	-0.965499	-0.0921111
0.15541	-0.987848	0.00212827
-0.0935035	-0.827739	0.553268
-0.0684742	-0.895894	0.438959
-0.0291739	-0.833298	-0.552053
-0.12508	-0.984182	-0.125462
-0.595486	-0.803189	0.0168383
0.637681	-0.769078	0.043377
0.189209	-0.950585	0.246146
-0.204084	-0.844012	0.495978
0.0175662	-0.935911	0.351799
-0.538739	-0.842473	-0.000896561
-0.22377	-0.862264	0.454343
-0.151021	-0.741927	-0.653251
-0.325068	-0.909855	-0.257868
-0.289111	-0.647758	-0.704857
0.0589069	-0.948827	0.310253
-0.0456245	-0.981103	-0.18803
0.187412	-0.978684	-0.0839955
-0.798614	-0.5599	-0.220743
-0.223428	-0.913877	-0.338983
0.293932	-0.691839	-0.659517
0.149689	-0.89662	0.416733
0.438277	-0.896605	0.0633444
-0.199819	-0.947301	0.250388
-0.573365	-0.675354	-0.463842
-0.131474	-0.941103	0.311511
-0.0315134	-0.973806	0.225186
-0.00482397	-0.999659	0.0256757
-0.234924	-0.958528	0.161356
0.279122	-0.879793	-0.384778
0.211717	-0.93908	-0.270749
-0.488446	-0.811057	0.321881
-0.414462	-0.875205	-0.249473
-0.449522	-0.893239	-0.00735795
0.287068	-0.819476	0.496035
0.0815578	-0.927843	0.363944
0.25778	-0.903133	0.343365
0.0253382	-0.995232	-0.094192
0.147199	-0.988043	0.0458678
0.333226	-0.913248	0.234389
0.632161	-0.590457	0.50173
0.436234	-0.79864	-0.414577
0.025815	-0.938822	-0.343434
0.571646	-0.81946	-0.0413095
0.214035	-0.901484	-0.376185
0.380376	-0.686186	-0.620051
0.532206	-0.833693	0.147351
-0.129946	-0.983147	-0.12859
0.0656621	-0.82782	0.557138
0.242815	-0.940238	-0.238733
0.255444	-0.774147	-0.579176
-0.0542746	-0.996858	-0.057692
0.638083	-0.62819	-0.445228
0.196537	-0.6673	0.71839
0.432244	-0.897517	0.0873397
0.166722	-0.94127	0.293624
-0.189725	-0.973798	0.125388
-0.236473	-0.901083	-0.363498
0.449786	-0.855705	0.255855
-0.710672	-0.660861	0.241264
-0.66044	-0.672453	0.334103
0.248669	-0.966136	0.068886
0.0181125	-0.800754	0.598719
-0.484177	-0.873851	0.0442283
0.21025	-0.90272	0.375355
-0.475692	-0.862812	-0.171096
-0.270549	-0.95912	-0.0830213
-0.662738	-0.698162	-0.270828
0.609549	-0.792454	0.02162
0.142993	-0.912654	0.382903
-0.11136	-0.829024	-0.548013
-0.556933	-0.805799	0.201278
-0.122838	-0.983198	0.135027
-0.178863	-0.981672	-0.0657868
-0.00371634	-0.929235	0.369471
0.176414	-0.973575	0.145016
-0.444824	-0.759782	-0.474198
-0.147655	-0.978767	0.14217
-0.351702	-0.928192	-0.121512
0.245649	-0.948059	0.20209
0.438977	-0.721983	0.534827
-0.408045	-0.836933	-0.36475
0.112369	-0.70439	-0.700863
-0.256027	-0.59339	-0.763111
0.114048	-0.963762	0.241157
0.0103908	-0.999361	0.0341994
0.300319	-0.51089	-0.805481
0.339083	-0.848169	-0.406979
-0.117658	-0.993025	-0.00758733
0.0749953	-0.982307	0.171605
-0.355748	-0.924356	-0.137872
0.0661871	-0.991964	-0.107826
0.62007	-0.761064	-0.190514
-0.00606943	-0.947951	-0.318357
-0.466907	-0.730154	-0.498871
0.327103	-0.815976	0.476642
0.594091	-0.401225	0.69719
0.177596	-0.926181	-0.332638
-0.00347563	-0.975446	0.220212
0.111046	-0.953916	0.27877
0.525978	-0.55352	0.645727
-0.386679	-0.763393	0.517408
0.113188	-0.834141	-0.539812
0.148275	-0.941868	-0.301496
0.523601	-0.699725	-0.486031
0.317468	-0.919773	0.230718
-0.152522	-0.953828	-0.258744
0.209633	-0.952975	0.218845
-0.336642	-0.936369	-0.0994231
-0.581467	-0.58739	-0.562912
0.589693	-0.791811	-0.15905
-0.0946027	-0.597075	-0.796587
-0.106057	-0.727305	-0.67807
-0.0561875	-0.990921	-0.122142
-0.0348039	-0.841497	0.53914
0.57035	-0.772928	-0.277998
-0.329758	-0.898375	-0.290142
0.70153	-0.709171	-0.070231
-0.0633733	-0.895806	-0.439904
-0.173084	-0.940821	-0.291371
-0.00135042	-0.683556	0.729897
-0.423941	-0.873689	0.238624
0.600145	-0.795949	0.0793142
0.474307	-0.843437	0.252284
-0.152279	-0.61494	0.773731
-0.794812	-0.125252	0.593789
-0.892682	-0.404782	0.198169
0.139579	-0.896466	0.420554
-0.237279	-0.957366	0.164768
-0.263385	-0.903428	0.338299
0.0341804	-0.986823	-0.158154
0.518029	-0.600207	0.609425
0.0990551	-0.862758	-0.495818
-0.819498	-0.564122	0.100938
-0.592293	-0.804772	-0.0391173
-0.650385	-0.641159	0.407325
0.0201292	-0.940549	0.33906
-0.193949	-0.961807	0.193161
0.384286	-0.921763	-0.0517468
0.0793946	-0.94676	-0.311997
-0.298967	-0.929261	0.217007
0.228101	-0.971999	-0.0564534
0.637262	-0.739029	-0.218479
0.15614	-0.972894	-0.170579
-0.0861111	-0.859037	0.504619
-0.178008	-0.974144	-0.139131
-0.512638	-0.833922	0.204391
0.294758	-0.936226	0.191307
0.489565	-0.756962	0.432821
0.292185	-0.869582	-0.398063
-0.345578	-0.938388	0.00188495
0.414015	-0.884053	0.21689
0.290693	-0.709451	0.64201
0.121552	-0.88237	0.454587
0.708139	-0.705892	0.0159842
0.194042	-0.731575	-0.653564
0.44806	-0.855426	0.259787
0.468446	-0.802497	-0.369535
0.0423231	-0.475066	-0.878932
0.305427	-0.886868	0.346668
0.0157194	-0.9588	0.283647
-0.259564	-0.9237	0.281788
-0.56227	-0.745454	0.357982
-0.837112	-0.246443	0.488375
-0.659952	-0.609829	-0.43883
-0.84933	-0.324438	0.416388
0.338738	-0.901537	-0.269237
0.152498	-0.950602	-0.27037
-0.817936	-0.562979	0.118471
-0.363698	-0.931126	-0.0269993
-0.724518	-0.671509	-0.1554
0.0156648	-0.958999	-0.282976
-0.458762	-0.647923	-0.608057
-0.00757036	-0.983787	0.179183
-0.0359151	-0.998699	0.0362065
0.0356735	-0.84444	-0.53446
0.545334	-0.802905	0.240737
-0.154902	-0.987686	-0.0219371
-0.0985551	-0.977699	0.185448
0.398092	-0.897871	0.188015
0.116894	-0.993114	-0.0077949
0.0819079	-0.919343	0.384837
-0.052042	-0.874531	0.482169
-0.316567	-0.947996	-0.0329889
-0.101618	-0.750325	0.653212
0.332523	-0.940678	-0.0674808
0.208511	-0.936672	-0.281369
0.427442	-0.900509	0.0798493
-0.313029	-0.850504	-0.422677
-0.429904	-0.900414	0.0666207
-0.229359	-0.973199	0.0166515
-0.627764	-0.777702	-0.0330393
-0.198772	-0.958805	-0.202934
-0.526231	-0.782161	0.333623
-0.441479	-0.83886	-0.318449
0.372084	-0.913863	-0.162509
-0.0590473	-0.977788	0.201106
0.0458359	-0.998652	-0.0243445
-0.755904	-0.578225	-0.307028
0.0803991	-0.894734	0.439304
-0.628087	-0.606758	-0.487188
0.567186	-0.821268	0.0617984
0.146537	-0.825296	0.545356
0.126437	-0.989556	-0.0692325
0.524706	-0.848334	-0.070799
-0.306538	-0.949761	-0.0631574
0.359334	-0.731251	-0.579785
-0.276738	-0.897826	0.342525
-0.169363	-0.926486	-0.336066
-0.892841	-0.158046	-0.421731
0.283714	-0.904822	-0.317496
0.00577821	-0.848093	0.529816
-0.142036	-0.981025	0.131965
0.316762	-0.927185	-0.199976
-0.359881	-0.930684	0.0656708
-0.182649	-0.79586	0.577274
0.290061	-0.788607	-0.542184
0.268906	-0.91729	0.293715
-0.315287	-0.946758	-0.0651396
0.0434344	-0.739015	0.672287
0.511708	-0.231611	0.827352
-0.317783	-0.862158	0.394586
0.777386	-0.522508	0.350224
0.565995	-0.809623	0.155438
0.0750762	-0.988378	0.13218
-0.224545	-0.917967	0.326979
0.536168	-0.807498	0.24591
0.0171471	-0.872994	-0.487429
0.715553	-0.612399	-0.336082
-0.451727	-0.887449	0.0915277
-0.905337	-0.419751	-0.0646165
-0.231813	-0.955031	0.184875
-0.0266766	-0.993112	-0.114093
0.359874	-0.92486	0.122982
-0.650919	-0.663258	-0.369315
-0.0236419	-0.994688	0.100187
-0.422691	-0.905583	-0.0353803
-0.199999	-0.979785	-0.00470481
0.38528	-0.737914	0.554113
-0.287169	-0.945744	0.151997
0.258607	-0.933026	-0.250171
0.16154	-0.958951	0.233061
0.434531	-0.802794	0.408295
0.338936	-0.914274	-0.221869
-0.023003	-0.993046	-0.115458
-0.0823211	-0.958314	0.273602
-0.0913923	-0.989398	0.112871
-0.288976	-0.886692	-0.36093
-0.118731	-0.988332	0.0954093
-0.280071	-0.95667	-0.0796456
0.518687	-0.196997	-0.831959
0.355552	-0.930348	0.0896367
0.339434	-0.872522	0.351412
-0.427139	-0.790239	-0.439403
-0.27469	-0.958328	0.0784415
0.443597	-0.894922	0.0483324
0.128516	-0.940639	0.314138
-0.471705	-0.777405	0.416096
0.0381232	-0.87956	-0.474258
-0.0858667	-0.80933	0.581044
-0.167375	-0.97329	-0.157135
-0.143756	-0.660652	0.736799
-0.0399388	-0.965937	-0.255676
0.0146704	-0.998851	0.0456201
-0.25597	-0.854137	0.452691
-0.26827	-0.893027	-0.361294
0.466601	-0.776084	0.424238
0.384421	-0.917661	0.100589
0.0860664	-0.995877	-0.0286742
-0.0119068	-0.829808	-0.557922
-0.256862	-0.936315	0.239452
-0.9141	-0.396305	0.0858178
-0.19268	-0.960874	0.198986
-0.165579	-0.9073	0.386511
0.254555	-0.9664	0.0356764
-0.117563	-0.991064	-0.0630128
-0.356902	-0.895353	-0.26639
0.770797	-0.636674	0.0227664
0.256903	-0.944089	-0.206634
-0.805827	-0.553946	-0.209253
0.830042	-0.462249	-0.31202
0.0390269	-0.980716	-0.191502
0.129603	-0.967826	0.215677
-0.0091968	-0.973442	-0.228747
0.450551	-0.501455	0.738612
-0.348305	-0.932458	0.0959499
-0.361623	-0.864387	0.349377
-0.397583	-0.894542	-0.204262
0.160522	-0.966671	-0.199447
-0.741957	-0.667908	0.0582964
0.0706785	-0.95122	0.300309
0.352535	-0.725175	0.591473
-0.558752	-0.77288	0.300754
0.172718	-0.984886	-0.0129739
0.781213	-0.503251	-0.369385
-0.237112	-0.968676	0.0737822
-0.420866	-0.747127	0.514464
0.410637	-0.866525	-0.283744
-0.547421	-0.816257	0.184539
0.246169	-0.938536	0.241972
0.344489	-0.919049	-0.19151
-0.11419	-0.923131	-0.367138
0.780805	-0.624311	-0.0240643
-0.375009	-0.814627	0.442437
-0.256915	-0.902106	-0.346697
-0.401074	-0.757015	-0.515818
-0.0769472	-0.899846	-0.429368
0.288351	-0.932063	0.219345
0.58061	-0.7947	0.177043
-0.372014	-0.926717	-0.0529297
-0.109606	-0.991916	-0.0639441
0.674555	-0.737156	0.039708
0.616143	-0.654932	-0.43753
0.461392	-0.838968	0.288532
0.855397	-0.452896	0.25136
-0.278162	-0.958383	-0.0642507
0.685142	-0.72472	0.0732168
0.217828	-0.709417	0.670283
0.0995803	-0.961084	-0.257686
-0.334524	-0.614824	0.714202
0.367354	-0.911757	-0.183712
0.136755	-0.898267	0.41763
0.129748	-0.866156	-0.482637
0.101924	-0.919477	-0.379701
0.34077	-0.899876	-0.272211
0.151723	-0.924526	-0.349617
-0.393938	-0.908787	0.137543
0.668869	-0.709801	0.220899
0.360023	-0.932532	0.0277016
0.416776	-0.831324	0.367693
0.407994	-0.912984	0.00125465
-0.353976	-0.934517	-0.0371477
-0.674237	-0.595816	-0.436356
-0.205689	-0.706098	-0.677583
0.34772	-0.896883	0.273298
-0.173725	-0.729796	0.661224
0.588619	-0.808267	-0.0152471
0.270808	-0.736345	-0.620047
-0.185079	-0.957786	-0.219982
-0.0313379	-0.925849	-0.376592
0.367927	-0.884056	0.288226
-0.281402	-0.956743	-0.073864
-0.275006	-0.866673	0.416233
-0.143073	-0.972337	0.184637
-0.347389	-0.914023	0.209482
-0.199058	-0.787412	-0.583402
0.110734	-0.855183	0.506359
-0.206987	-0.978127	-0.0205719
0.619898	-0.779898	-0.0865199
0.587137	-0.809424	-0.0101455
0.128508	-0.991369	0.0259322
-0.237592	-0.910204	-0.339233
-0.54654	-0.699619	0.460246
0.545995	-0.716109	0.434829
0.3318	-0.852086	0.404794
0.493019	-0.863038	-0.109989
0.646458	-0.741206	-0.180847
0.0425406	-0.999007	0.0132249
0.299653	-0.905856	0.299389
0.0840424	-0.965955	0.244678
-0.0690283	-0.898324	-0.433876
0.425448	-0.889748	-0.165356
-0.0994003	-0.897936	-0.428754
-0.0209975	-0.721487	-0.69211
0.209757	-0.93604	0.282546
0.104377	-0.945606	-0.308113
0.804737	-0.592991	0.0275585
0.325168	-0.599778	-0.731117
-0.227151	-0.945	0.235324
-0.548102	-0.743127	0.383857
-0.258111	-0.965732	0.0272259
0.0442222	-0.99749	-0.0552978
0.463222	-0.822237	0.330685
0.733062	-0.677268	0.0626727
-0.19147	-0.923933	-0.33119
0.516639	-0.794485	0.319182
-0.0642332	-0.367734	0.92771
-0.137965	-0.597617	0.789823
0.229521	-0.970283	-0.0766296
0.702944	-0.646933	0.295548
-0.623234	-0.714158	0.318681
0.459234	-0.858367	0.228715
-0.0108622	-0.960519	-0.278001
-0.440368	-0.890937	-0.110941
0.339194	-0.874934	0.345599
0.516036	-0.841315	0.160925
0.187043	-0.921479	0.340429
-0.283775	-0.931348	0.228171
-0.00878556	-0.976968	0.213206
0.188367	-0.914258	0.358678
-0.1342	-0.95827	-0.252406
0.195888	-0.980396	0.0212598
-0.136931	-0.896168	0.422058
-0.201412	-0.767875	0.608113
-0.328351	-0.816768	0.474421
0.092924	-0.981195	0.169179
0.586676	-0.725031	-0.360751
-0.42829	-0.898019	0.100643
0.292693	-0.930673	-0.219494
-0.486832	-0.865343	-0.119059
-0.334597	-0.913121	0.232925
-0.429569	-0.870318	-0.240868
-0.0448542	-0.994536	0.0942639
-0.0205488	-0.999078	0.0376892
-0.256575	-0.92542	0.278867
0.161831	-0.985457	0.0518231
0.0898029	-0.784122	0.614074
0.258503	-0.908624	-0.327991
0.712336	-0.560925	-0.42183
0.296423	-0.846007	-0.443177
0.619893	-0.771076	-0.145516
-0.355106	-0.790565	-0.498905
0.116638	-0.854971	0.505391
0.0448636	-0.954146	-0.295961
-0.190701	-0.757546	-0.624305
0.464904	-0.78601	-0.407495
0.421163	-0.827146	0.37209
0.669473	-0.740487	0.0590422
-0.270547	-0.939052	0.2121
0.313371	-0.938444	0.145333
-0.696999	-0.431176	0.572957
0.133506	-0.989466	-0.0559724
-0.487993	-0.868586	-0.0861462
0.170717	-0.945708	-0.276571
0.353544	-0.902693	-0.24526
-0.114867	-0.915954	-0.384493
-0.881109	-0.308784	-0.35819
0.375568	-0.863039	0.337805
0.736128	-0.591186	-0.329568
-0.0180716	-0.978005	-0.207797
0.00707719	-0.726209	0.687438
-0.396344	-0.889068	0.229065
-0.243785	-0.964307	0.103347
-0.4373	-0.898909	-0.0270336
-0.236072	-0.800466	-0.55093
0.59907	-0.716401	-0.357611
-0.102894	-0.901764	-0.419803
-0.107098	-0.865744	-0.488893
0.400243	-0.903453	-0.153554
-0.113827	-0.945936	0.303723
-0.591779	-0.71979	-0.362905
-0.00861936	-0.843893	0.536443
0.247251	-0.891533	0.379521
-0.120985	-0.744381	0.656704
0.193123	-0.975112	0.108906
0.370173	-0.920098	-0.12803
-0.127643	-0.901292	-0.41398
0.519112	-0.854372	0.023884
0.0553413	-0.742855	0.667162
0.529102	-0.800347	0.281951
0.0652335	-0.993745	0.0906345
-0.346198	-0.903077	-0.254165
0.507752	-0.778877	0.368156
-0.175195	-0.890816	-0.41923
-0.729349	-0.666101	-0.156072
0.243976	-0.939266	-0.241359
0.228937	-0.930142	-0.287096
-0.536675	-0.843351	-0.0271777
-0.0602934	-0.981139	-0.183659
0.229985	-0.806416	0.544793
-0.000525169	-0.996501	-0.0835751
-0.582969	-0.697954	0.415942
-0.465773	-0.827685	0.313038
-0.474705	-0.82506	0.306482
-0.768298	-0.638808	-0.0405352
-0.118422	-0.98506	0.125036
-0.193514	-0.931632	-0.307594
-0.13105	-0.990243	0.0473874
-0.110579	-0.934979	0.337026
0.00682672	-0.897439	0.441086
0.0494372	-0.941968	0.332044
0.645705	-0.682538	-0.342354
-0.550226	-0.823644	0.137339
-0.463207	-0.562408	0.684936
-0.286656	-0.906556	0.309813
-0.72595	-0.471653	-0.50054
0.410836	-0.902949	0.126084
-0.267816	-0.697982	-0.664151
0.283798	-0.793723	0.538017
0.700153	-0.708105	-0.0915029
0.53275	-0.801812	-0.270693
0.0808609	-0.993735	0.0771554
-0.0642595	-0.984629	-0.162407
-0.00894218	-0.852926	-0.521955
-0.452034	-0.876944	-0.163202
-0.26165	-0.954632	-0.142188
0.161813	-0.87636	-0.453664
0.799299	-0.59352	0.0941021
0.0760986	-0.993541	-0.0841725
-0.542865	-0.821484	0.174532
0.134002	-0.990861	0.0154037
0.331833	-0.804113	0.493243
-0.314398	-0.858998	0.404074
-0.0448305	-0.97923	0.197735
-0.112389	-0.991228	-0.0695374
0.58496	-0.669077	-0.458429
0.34981	-0.927839	-0.129413
0.190479	-0.622674	-0.758943
0.628988	-0.754701	-0.186549
-0.0739772	-0.961274	0.265481
0.0363842	-0.998187	0.0479542
0.478206	-0.753005	-0.451997
-0.336257	-0.900574	-0.275494
0.409312	-0.19482	-0.891352
0.336834	-0.93748	0.0876058
-0.07466	-0.969589	-0.233075
0.178354	-0.98331	0.0359376
0.212638	-0.890814	-0.401542
-0.464769	-0.867381	-0.177879
-0.521717	-0.812495	-0.260122
-0.108748	-0.924261	0.365946
-0.317173	-0.850369	0.419849
0.5221	-0.167017	-0.836371
-0.0420656	-0.949957	-0.309535
-0.212269	-0.976897	-0.0247929
-0.288482	-0.957004	-0.03037
-0.749991	-0.615104	0.24323
0.205978	-0.975127	0.081849
-0.267563	-0.95587	0.121332
-0.180004	-0.920281	-0.347394
-0.611494	-0.53171	-0.585968
0.376897	-0.204192	-0.903468
-0.153633	-0.928442	-0.338219
0.262772	-0.958169	0.113411
0.52899	-0.685606	-0.500114
0.147676	-0.963488	0.223344
-0.0438892	-0.990026	0.133875
0.0764823	-0.904913	0.418668
0.190423	-0.902061	0.387331
-0.454413	-0.848521	0.271148
-0.143447	-0.971033	-0.191097
-0.594001	-0.759521	0.265125
0.243506	-0.764742	-0.596552
0.0603038	-0.931729	-0.358112
-0.592108	-0.666332	0.453221
-0.178734	-0.978711	-0.10089
0.272813	-0.606144	-0.747103
-0.442928	-0.834876	0.326798
-0.588442	-0.80463	-0.0794103
-0.0688877	-0.995383	-0.0668359
0.501904	-0.859694	0.0949686
-0.578292	-0.789688	0.204871
0.357419	-0.932592	-0.0502331
0.132695	-0.98844	-0.0733322
0.255386	-0.941633	0.219331
-0.352678	-0.750071	-0.559474
-0.165115	-0.953978	0.250325
-0.218183	-0.935276	-0.278665
-0.168769	-0.968052	-0.185454
0.793578	-0.607301	-0.0376753
0.35328	-0.837317	-0.417246
-0.0499856	-0.878294	-0.475501
0.210517	-0.94137	-0.26364
-0.379652	-0.884247	0.271977
-0.541225	-0.748449	0.383275
0.0646937	-0.976961	0.203376
0.296727	-0.947983	0.115241
0.109025	-0.891488	-0.43973
-0.586363	-0.759217	-0.282432
0.330864	-0.716414	-0.614231
0.200914	-0.908038	-0.367561
-0.536515	-0.838244	0.0974627
0.475791	-0.868475	-0.139191
-0.076406	-0.994805	-0.0672618
0.148174	-0.902762	0.403814
-0.860638	-0.246845	-0.445387
-0.269711	-0.838581	-0.473327
-0.242997	-0.935138	0.257815
0.223481	-0.861296	0.456317
-0.215707	-0.928396	0.302576
-0.292631	-0.769465	-0.567707
0.267671	-0.895552	0.355441
0.00393475	-0.844931	-0.534861
-0.200658	-0.893506	0.401725
0.843693	-0.527243	0.100984
0.110909	-0.98767	-0.11049
0.740707	-0.128295	-0.659465
0.152227	-0.96873	0.19593
-0.62535	-0.700142	-0.344586
-0.0983813	-0.976227	0.193135
-0.00542727	-0.920183	0.39145
-0.0759292	-0.926765	0.367889
0.522188	-0.793897	0.311523
-0.186379	-0.409381	-0.893124
0.205476	-0.969916	0.130544
-0.176905	-0.962589	-0.20525
0.330843	-0.652267	-0.681975
0.212116	-0.874412	-0.43636
0.27774	-0.960029	-0.0347107
0.177477	-0.894705	0.409885
-0.0897354	-0.968575	-0.23197
-0.0791005	-0.979172	-0.186988
-0.113017	-0.94226	-0.315236
-0.0973607	-0.977791	0.185597
0.226336	-0.543731	0.808164
-0.107596	-0.956736	-0.270332
-0.17128	-0.868859	0.464487
-0.380944	-0.67964	-0.626873
-0.437951	-0.603675	-0.666165
-0.0926652	-0.285101	0.954008
-0.469783	-0.603357	0.64441
-0.646674	-0.758521	-0.0803621
-0.30983	-0.881343	0.356706
-0.0927927	-0.885545	0.455191
-0.541483	-0.813009	-0.21404
-0.262316	-0.954991	-0.138499
-0.829965	-0.129756	0.542514
-0.7221	-0.647661	0.243119
-0.116014	-0.946809	0.300155
-0.305976	-0.933286	-0.188033
0.0738685	-0.955966	0.28403
0.378794	-0.852492	-0.36024
-0.16389	-0.98452	-0.0621333
0.171022	-0.855689	-0.488414
0.21499	-0.965759	0.145223
-0.73263	-0.438186	0.520813
-0.204191	-0.967596	-0.148539
0.508326	-0.854269	0.108767
-0.133665	-0.95918	-0.249216
0.44641	-0.894393	-0.0279092
-0.375723	-0.898443	0.227226
-0.363832	-0.921156	0.138197
-0.0753708	-0.996436	-0.0378841
-0.0717722	-0.928702	-0.363815
0.508203	-0.641695	0.574419
0.415025	-0.909677	0.0155863
0.434914	-0.805183	0.403149
0.367191	-0.886933	-0.280214
0.565016	-0.824284	-0.0362432
-0.467726	-0.847844	0.249785
0.329204	-0.894384	0.302824
-0.0911095	-0.994923	-0.042749
-0.439687	-0.820616	0.365055
0.0954267	-0.848462	0.520583
0.175164	-0.886646	0.427991
-0.681081	-0.690863	-0.242564
-0.268016	-0.960693	-0.072362
0.406557	-0.90674	-0.111953
-0.426297	-0.442489	-0.788971
0.0261949	-0.953679	-0.299684
0.0748939	-0.976819	-0.20054
0.633085	-0.591637	-0.499168
-0.320806	-0.89747	-0.302708
0.0045429	-0.999973	-0.00583556
0.174137	-0.978092	-0.114073
0.366387	-0.898731	-0.240921
-0.150024	-0.906459	0.394746
-0.336746	-0.888039	-0.313031
0.315251	-0.918487	-0.238746
-0.0642154	-0.95207	0.299065
-0.105259	-0.991746	-0.0732164
-0.116735	-0.977575	0.17527
-0.287784	-0.809561	-0.511657
-0.120656	-0.359322	-0.925381
0.0233381	-0.955301	-0.294711
-0.35099	-0.934207	0.0637473
-0.306655	-0.377576	0.873727
0.331834	-0.844718	-0.419926
-0.0554125	-0.342457	0.937898
0.597214	-0.80128	0.0358666
-0.531102	-0.783707	0.322077
0.321858	-0.672908	0.666035
-0.539514	-0.682947	0.49245
0.0533418	-0.962264	-0.266838
-0.00758282	-0.838116	0.545439
-0.0376289	-0.977881	0.205749
0.289845	-0.937245	-0.19381
-0.201506	-0.978974	-0.0317174
-0.375677	-0.899235	0.224152
-0.889012	-0.440922	0.123476
-0.0696045	-0.937112	0.342019
-0.507689	-0.768638	-0.389163
0.869857	-0.46041	-0.177118
-0.132617	-0.987113	-0.0895635
0.694466	-0.691908	-0.197433
-0.333128	-0.862148	0.381742
-0.308043	-0.951319	0.0100467
-0.0194308	-0.866852	0.498187
-0.00796924	-0.762823	-0.646558
0.251479	-0.964245	-0.0836029
-0.354289	-0.923754	0.145459
0.226015	-0.856797	0.463482
0.344742	-0.887851	0.304753
0.586659	-0.806801	0.0700242
-0.167732	-0.960567	-0.221758
0.0163597	-0.997848	-0.0634886
-0.241381	-0.881941	-0.404865
-0.607081	-0.789373	0.0913382
0.476392	-0.873445	0.100723
-0.217634	-0.878627	-0.425029
-0.607977	-0.734097	0.302433
-0.886688	-0.387398	0.252403
-0.283741	-0.957694	-0.0481017
0.136472	-0.798845	0.585851
-0.245728	-0.968551	-0.0390816
0.274889	-0.928595	0.249296
0.0734428	-0.875444	-0.477707
0.0241481	-0.982342	0.185531
-0.199824	-0.831866	0.517755
0.784926	-0.618203	-0.0414267
-0.194533	-0.974239	0.114087
-0.422293	-0.904145	0.0647299
-0.200293	-0.880435	-0.429787
0.239902	-0.877406	-0.415458
0.0220769	-0.990735	0.134
0.269722	-0.955993	-0.115445
0.500479	-0.704407	-0.503321
-0.0667071	-0.85384	0.516244
-0.487784	-0.66829	-0.561654
-0.511196	-0.807251	0.294998
0.104531	-0.686904	-0.719191
0.257964	-0.869501	-0.421215
0.370226	-0.880457	-0.29619
0.221862	-0.969919	-0.100169
0.0673821	-0.902821	0.424705
0.528094	-0.847816	0.0482129
-0.173481	-0.885748	0.430528
-0.496813	-0.858222	0.128969
-0.245619	-0.923219	0.29553
0.725415	-0.68655	0.0492129
0.0677452	-0.866778	0.494072
-0.202417	-0.935146	-0.290739
-0.0884452	-0.916557	0.390002
-0.296714	-0.85307	0.429223
-0.373011	-0.900625	-0.223018
-0.641265	-0.685133	-0.345503
0.0673886	-0.751467	0.65632
-0.311297	-0.950305	0.0037992
0.167346	-0.922357	0.348213
-0.41794	-0.86374	0.281566
-0.70821	-0.612045	-0.351908
-0.349641	-0.934435	0.0676878
-0.701672	-0.656801	0.276168
-0.271398	-0.960875	-0.0553404
0.158768	-0.898272	0.409756
-0.196566	-0.925614	-0.323419
-0.271476	-0.96244	0.00326351
0.0839238	-0.901515	0.424532
-0.0622381	-0.982441	-0.175889
0.24836	-0.88148	0.401636
0.158356	-0.981591	-0.106784
0.474153	-0.880438	0.00281497
-0.557105	-0.784013	0.273783
-0.424527	-0.863241	0.273116
-0.215661	-0.9764	0.0115065
-0.402654	-0.857384	0.320567
0.275576	-0.869233	-0.410477
0.0306071	-0.987655	0.153627
0.00377862	-0.969815	-0.243813
0.164644	-0.89241	0.420115
-0.438879	-0.813437	-0.381714
0.160531	-0.986866	-0.0180532
-0.123545	-0.984733	-0.122625
-0.114808	-0.913817	0.38956
0.150838	-0.942116	0.299443
-0.0257636	-0.975203	-0.219809
0.487811	-0.840845	0.234564
-0.240294	-0.88798	-0.392109
-0.0347282	-0.991217	0.127601
-0.296321	-0.868463	0.397449
0.461037	-0.880672	0.108908
0.293469	-0.946718	-0.132671
0.172894	-0.982384	-0.0709189
0.776727	-0.554347	0.29899
0.718182	-0.694233	-0.0474942
-0.442134	-0.791181	-0.422552
-0.219748	-0.885693	0.408973
0.126052	-0.591433	0.796441
-0.372174	-0.856043	-0.358716
0.026738	-0.934578	0.354752
0.834606	-0.496017	-0.239583
0.0416455	-0.875419	0.481567
0.371526	-0.903529	-0.213552
-0.251249	-0.953875	0.164305
0.553758	-0.18331	0.81225
0.284429	-0.956683	-0.0621191
-0.757122	-0.554997	0.344593
-0.553567	-0.661146	-0.506408
0.047236	-0.997217	0.0576812
0.122753	-0.84011	-0.528343
0.134696	-0.955443	-0.262652
-0.281334	-0.943637	-0.174356
-0.00684774	-0.903445	0.428649
0.0434275	-0.984548	0.169646
0.563543	-0.583758	-0.584505
0.267917	-0.762458	-0.588963
0.527062	-0.747712	0.403896
-0.0223765	-0.961295	-0.27461
0.0369404	-0.981003	0.190441
0.538588	-0.813325	-0.220058
-0.558669	-0.686842	-0.464905
-0.468918	-0.158113	0.868974
-0.714897	-0.696197	0.0650576
-0.302291	-0.881513	-0.362705
0.628159	-0.394177	-0.670851
-0.136845	-0.93308	-0.332618
-0.23559	-0.841167	0.48676
-0.118853	-0.989989	-0.0761307
0.146745	-0.794927	0.588691
-0.393783	-0.918734	0.0293786
-0.378123	-0.48695	0.787339
0.18429	-0.627275	-0.756679
0.583116	-0.604142	0.543129
-0.211496	-0.888366	-0.407523
-0.335235	-0.921505	0.196077
0.618396	-0.74722	-0.243409
0.497169	-0.867332	-0.023637
-0.0492781	-0.949832	-0.308854
0.342013	-0.927716	-0.149568
-0.557193	-0.808717	-0.188447
0.245871	-0.95119	-0.186509
-0.393434	-0.792835	-0.465427
0.00681622	-0.994176	0.107551
0.487029	-0.71286	0.504612
0.572915	-0.81007	-0.124716
-0.563972	-0.795464	-0.221748
0.226447	-0.948239	0.222632
-0.478744	-0.293258	0.827529
-0.535331	-0.212311	0.817524
0.325067	-0.943929	-0.0577106
-0.521309	-0.697448	0.491735
0.401864	-0.893933	0.198469
-0.17925	-0.982535	-0.0499484
0.0866283	-0.896711	-0.434057
-0.165878	-0.93388	0.316785
-0.0886329	-0.960332	0.2644
-0.276769	-0.874484	0.398342
-0.222229	-0.863357	0.453022
-0.0156435	-0.904339	0.426527
-0.255578	-0.954577	-0.153178
-0.288384	-0.925672	-0.24488
0.492913	-0.695554	-0.522724
-0.32132	-0.808945	0.492302
-0.681606	-0.727967	-0.0740144
-0.372595	-0.927348	0.0346322
-0.0665629	-0.994413	0.0819288
0.289684	-0.955065	0.0627258
-0.0373777	-0.963858	-0.263781
0.303761	-0.676768	-0.670608
0.300714	-0.831939	-0.466314
-0.039382	-0.990073	-0.134921
-0.205988	-0.939802	-0.272656
-0.312351	-0.915388	0.253969
-0.625131	-0.770816	-0.122692
0.385587	-0.917957	0.0931547
-0.174235	-0.855896	0.486912
-0.0890871	-0.988409	-0.122929
-0.200297	-0.843345	0.498648
-0.307402	-0.943932	0.120401
0.248337	-0.750806	-0.612061
0.300218	-0.87337	-0.383528
-0.273438	-0.898992	-0.342119
0.158687	-0.927308	0.338997
0.387579	-0.921527	0.0238783
0.654626	-0.597812	0.462694
0.379678	-0.92493	0.0186914
-0.15279	-0.879949	-0.449827
-0.10416	-0.754581	-0.647888
-0.254467	-0.644106	0.721369
-0.280401	-0.595722	-0.752656
-0.0244084	-0.973789	-0.226138
0.204212	-0.978197	0.0377835
-0.234792	-0.958936	-0.159108
0.274409	-0.745855	-0.606959
-0.215505	-0.892848	-0.39545
-0.773808	-0.586564	0.239091
-0.306874	-0.784054	-0.539525
-0.680755	-0.263796	0.683363
-0.137643	-0.984265	0.110805
-0.470442	-0.880001	-0.0654409
-0.306158	-0.934249	0.182882
0.296264	-0.863071	-0.409068
0.147476	-0.942634	-0.299486
-0.30042	-0.942884	0.143934
-0.343068	-0.92084	0.185358
-0.556631	-0.790226	0.256328
-0.00913394	-0.985012	0.172245
0.210818	-0.902325	-0.375986
-0.179952	-0.959292	-0.21766
-0.401776	-0.908867	-0.111969
0.0850941	-0.94981	0.301031
-0.171301	-0.765409	0.620326
-0.778769	-0.623832	0.0659787
-0.268137	-0.962976	0.0279181
-0.447599	-0.412892	0.793206
0.812236	-0.56384	-0.149523
-0.590396	-0.768325	0.247202
0.0910467	-0.872731	-0.479637
-0.272309	-0.88246	0.383551
-0.421939	-0.845744	0.326627
-0.474267	-0.863947	-0.169309
-0.299702	-0.700285	-0.647904
0.586529	-0.716528	-0.377586
0.468311	-0.695843	-0.544507
0.159132	-0.976189	0.147416
-0.492646	-0.858358	-0.14325
0.285013	-0.938934	-0.192798
-0.0946803	-0.990214	0.102523
-0.477269	-0.877382	0.0491505
0.304727	-0.949909	0.0693892
0.642632	-0.750902	-0.152217
0.0698514	-0.984245	0.162429
0.174715	-0.96795	-0.18041
0.60492	-0.616114	-0.504455
0.0866572	-0.976972	0.194979
-0.172702	-0.946792	0.271586
-0.733333	-0.593388	0.331834
0.68661	-0.711061	-0.15152
0.565505	-0.820373	-0.0848066
0.144384	-0.895747	0.420464
0.346318	-0.93532	-0.0723862
0.480693	-0.872898	-0.0835701
0.114238	-0.982284	0.14855
0.245897	-0.84015	0.483408
-0.373508	-0.895128	-0.243387
0.072923	-0.977741	0.196734
-0.518713	-0.822085	-0.234761
-0.563602	-0.785922	-0.254322
0.0850242	-0.913291	0.398334
0.418662	-0.580904	-0.698049
0.564065	-0.825706	0.00639742
-0.278271	-0.946928	-0.160912
0.535939	-0.833995	0.131228
-0.227199	-0.423807	0.876795
0.429163	-0.746015	-0.509196
0.0369835	-0.981055	-0.190165
0.154626	-0.974021	-0.165451
-0.588779	-0.785483	0.190674
0.307358	-0.891026	-0.334072
0.179427	-0.966889	0.181472
-0.0111227	-0.988647	-0.149842
0.0988624	-0.862045	0.497096
0.241834	-0.869537	-0.430606
0.489784	-0.866057	-0.100283
0.208054	-0.675573	-0.707329
-0.607841	-0.438482	-0.662015
0.390571	-0.908243	0.150163
-0.00979296	-0.895673	-0.444605
-0.0380705	-0.997619	0.0575029
-0.333044	-0.917776	0.216262
0.106095	-0.56411	-0.818855
0.462792	-0.791377	-0.399432
0.56899	-0.811455	0.133385
0.59527	-0.781002	-0.188915
-0.298639	-0.770624	-0.562986
-0.0503575	-0.897781	0.437554
-0.697515	-0.684417	-0.212242
0.22924	-0.898787	-0.373671
0.820374	-0.563248	-0.0986866
0.308671	-0.729819	-0.609988
0.336554	-0.902712	-0.268034
0.430193	-0.854177	-0.292086
-0.234801	-0.963893	-0.125617
-0.159151	-0.880506	-0.44652
-0.104752	-0.965721	-0.237509
0.347917	-0.854585	0.385537
0.204267	-0.967589	0.148483
-0.267742	-0.963366	-0.01548
0.571764	-0.742735	-0.348469
-0.255443	-0.87969	-0.401118
-0.243026	-0.953452	-0.178517
0.403049	-0.915156	-0.00634328
-0.334048	-0.918484	0.211659
0.50232	-0.858064	-0.106778
0.1353	-0.990773	-0.00788387
-0.00170387	-0.953437	-0.301587
-0.142671	-0.796766	-0.587204
-0.182665	-0.907984	0.377093
-0.187633	-0.775618	-0.60267
0.268243	-0.951442	-0.151008
0.554778	-0.808529	-0.196219
0.101055	-0.900278	-0.423424
0.443786	-0.829523	0.339037
-0.0419933	-0.775703	0.629699
-0.07158	-0.960634	0.268438
0.322826	-0.919789	0.223095
0.58314	-0.675553	0.451195
0.417512	-0.58434	0.695867
-0.101943	-0.994779	-0.0046667
0.174079	-0.979883	-0.0976034
-0.0418334	-0.88394	0.465726
0.669526	-0.737725	0.0865837
0.195261	-0.95264	0.233132
0.0839232	-0.806856	-0.584757
-0.36972	-0.909711	-0.189033
-0.00839608	-0.691836	0.722006
-0.523496	-0.838563	0.150878
0.572917	-0.758464	0.310643
0.0458017	-0.989883	-0.134293
0.106168	-0.986254	0.126611
-0.464052	-0.885807	-0.00120978
-0.233246	-0.955428	-0.180979
0.258374	-0.954395	0.149576
-0.761547	-0.591805	-0.264221
0.565522	-0.512681	0.646021
-0.015795	-0.999869	0.00360342
0.536868	-0.777142	0.328364
-0.164502	-0.840426	0.516356
-0.164845	-0.847183	-0.505081
-0.411051	-0.907417	-0.0873575
-0.465762	-0.773586	-0.429686
0.316315	-0.791614	0.522773
-0.662523	-0.6322	0.401729
0.0565082	-0.997693	-0.0376294
0.307522	-0.918421	0.248863
0.629062	-0.649911	0.426494
0.0142551	-0.965453	-0.260188
0.0208351	-0.971855	-0.234657
0.0968731	-0.995287	0.00432705
0.534862	-0.77639	0.33338
0.472844	-0.777876	-0.413918
0.647195	-0.737038	-0.194714
0.36234	-0.664391	-0.653677
-0.0379346	-0.89121	-0.452002
0.707699	-0.655165	-0.264425
0.0249004	-0.985471	-0.168008
0.658253	-0.748042	-0.0844775
-0.146782	-0.962827	-0.226757
0.35092	-0.808533	0.472366
-0.244999	-0.939672	-0.23873
-0.214295	-0.736892	-0.641146
0.455686	-0.719828	0.523639
-0.318477	-0.938497	0.133403
0.646399	-0.680079	0.34592
-0.390835	-0.88936	0.237249
0.694484	-0.434091	0.573809
-0.368628	-0.794282	0.482939
-0.0798994	-0.964049	-0.253427
0.116117	-0.845321	-0.521487
0.194567	-0.97098	0.139077
0.227907	-0.960949	0.156959
-0.625156	-0.596802	-0.502998
0.0808259	-0.93407	0.347822
0.165239	-0.979677	0.113703
0.0797765	-0.645383	0.759682
-0.171968	-0.707822	0.685138
0.430747	-0.898785	0.0814992
0.00645153	-0.998528	-0.0538484
0.115211	-0.951059	-0.28673
-0.353272	-0.91743	0.183086
0.39415	-0.899862	-0.1868
-0.0390166	-0.999175	-0.0112505
0.074834	-0.99231	-0.0985933
-0.0937794	-0.991246	-0.0929306
-0.307233	-0.949625	-0.0618147
0.393549	-0.918819	-0.0298551
0.269107	-0.922019	0.27832
0.498157	-0.865607	-0.0506374
0.138624	-0.736505	0.662075
0.57046	-0.818428	-0.0689306
0.602333	-0.796051	0.0591428
-0.602123	-0.786923	0.134908
0.162348	-0.855466	-0.491754
-0.0215104	-0.982906	-0.182849
-0.53888	-0.760596	0.36208
0.438724	-0.896429	0.0627406
0.592694	-0.801725	0.0771365
0.301056	-0.942434	0.145549
0.415248	-0.907824	0.0585159
-0.0531939	-0.958363	-0.280555
-0.35849	-0.929549	0.0861626
-0.180707	-0.967005	0.179571
0.07393	-0.719156	-0.690904
0.163289	-0.942474	0.291684
-0.322923	-0.914283	0.244556
-0.379169	-0.876146	0.297655
0.026204	-0.988248	-0.150598
0.011721	-0.998644	-0.0507183
0.273865	-0.960504	-0.0492976
0.296134	-0.773625	-0.560187
-0.372648	-0.91979	-0.122965
-0.110264	-0.79125	0.601469
0.169147	-0.814215	-0.555377
0.00517222	-0.857214	-0.514934
-0.312969	-0.945533	0.0895371
-0.149249	-0.857441	-0.492462
-0.233151	-0.915335	-0.328334
-0.149817	-0.945681	0.288518
-0.519194	-0.838801	0.16386
-0.233098	-0.968196	0.0908899
0.199383	-0.97725	-0.0723078
0.348996	-0.824351	-0.445698
0.206268	-0.967386	-0.147028
0.202963	-0.909838	0.36194
-0.427236	-0.809655	0.402403
0.394872	-0.796538	0.457824
0.175259	-0.896166	0.407641
-0.038346	-0.992962	0.11205
-0.500023	-0.859993	-0.101925
0.249794	-0.968273	0.00716093
0.0750545	-0.996225	0.0436208
0.0220517	-0.998147	-0.0567056
0.381459	-0.923847	0.0315688
0.0307979	-0.997783	0.0589928
0.00367315	-0.945546	-0.325467
-0.280046	-0.956534	-0.0813395
0.00613178	-0.956505	-0.291651
-0.138578	-0.56615	-0.81257
0.894664	-0.407991	-0.181988
-0.242937	-0.96506	0.0981845
0.000835086	-0.972048	-0.234782
-0.0836066	-0.979866	-0.18131
-0.045345	-0.980241	0.192541
0.439001	-0.646659	-0.623787
-0.310197	-0.858686	-0.407965
0.0764529	-0.911281	-0.404625
-0.179062	-0.565999	-0.804725
0.888614	-0.435727	0.143203
-0.309082	-0.664176	0.68069
-0.24334	-0.585669	-0.773161
0.22791	-0.771997	0.593362
-0.033806	-0.935577	0.351501
0.0791655	-0.972202	0.220356
-0.911666	-0.379699	0.157141
-0.0397284	-0.605183	-0.795095
0.466404	-0.787466	-0.402944
0.67215	-0.740414	-0.00133728
0.14457	-0.814177	-0.562331
0.769831	-0.630971	0.0961039
-0.295354	-0.832049	0.469532
-0.200251	-0.882185	0.426204
0.37643	-0.798515	-0.46976
0.223618	-0.970975	0.0848641
-0.131855	-0.98987	-0.0526499
-0.523082	-0.666779	-0.53084
-0.688171	-0.579222	0.436947
0.15987	-0.986529	-0.0346624
-0.705078	-0.702143	0.0993009
0.264093	-0.836202	0.480647
0.982187	-0.0690158	-0.174774
0.115073	-0.857361	-0.501687
-0.0406213	-0.960425	-0.275562
-0.560907	-0.827517	-0.0244613
-0.424454	-0.90448	0.0418983
-0.598979	-0.647702	-0.470856
-0.306634	-0.775716	0.551581
0.394406	-0.892312	-0.219598
-0.125182	-0.969363	-0.21134
0.519517	-0.542229	-0.66037
-0.652464	-0.699151	0.292369
0.200385	-0.880836	0.428922
-0.109281	-0.942323	-0.316363
-0.021002	-0.983776	-0.178168
0.389025	-0.899403	-0.199334
0.233497	-0.965944	-0.111494
0.0949548	-0.856728	0.506953
0.0162639	-0.999399	-0.0306082
0.388417	-0.921472	-0.00462604
0.271397	-0.962432	-0.00832858
-0.186344	-0.939286	-0.288127
0.259596	-0.964536	0.047752
0.495271	-0.816842	0.295763
-0.551259	-0.617471	0.561109
0.281436	-0.698438	-0.658011
-0.353673	-0.689718	0.631827
-0.103835	-0.861963	0.496223
0.0469929	-0.997011	-0.0613268
-0.449065	-0.87973	-0.156257
-0.177425	-0.984132	0.00193402
0.632895	-0.758085	-0.157324
0.175529	-0.853775	-0.490161
-0.0831087	-0.949805	0.301602
-0.167873	-0.963519	-0.208445
-0.159998	-0.981405	0.106046
-0.0501391	-0.740813	0.669837
-0.412229	-0.905557	0.100168
0.44525	-0.448801	-0.77481
0.132653	-0.981835	-0.135661
-0.0848959	-0.996317	-0.0120516
0.00767948	-0.999592	0.0275196
0.230981	-0.913086	0.336038
0.347627	-0.547311	0.761319
0.243958	-0.967846	0.0613053
0.448677	-0.865561	0.22247
-0.0178836	-0.967393	-0.252647
-0.345704	-0.888753	0.301011
-0.55112	-0.739665	0.386215
0.193441	-0.979445	0.0571664
0.0773539	-0.995309	-0.0581132
-0.268716	-0.947009	-0.175972
-0.385962	-0.898365	0.209698
-0.485536	-0.872184	-0.0595729
-0.148822	-0.975783	-0.160309
-0.257029	-0.70723	0.658606
-0.444892	-0.493614	0.747273
0.131997	-0.99073	0.0320974
-0.196744	-0.98002	-0.0291878
-0.137278	-0.975445	-0.172223
-0.4729	-0.872076	0.125893
-0.611815	-0.789511	-0.0485299
0.180144	-0.956174	-0.230825
-0.249759	-0.960211	0.124963
0.236907	-0.895112	-0.377691
0.13273	-0.984691	-0.112993
-0.494944	-0.779737	-0.38346
0.239366	-0.876486	-0.417704
-0.464625	-0.877502	0.118805
-0.021857	-0.908626	0.417038
0.0355538	-0.990116	0.135671
-0.223212	-0.974695	0.0120783
-0.114558	-0.886465	-0.448393
-0.0418608	-0.78648	0.616195
-0.399941	-0.904339	-0.149059
0.658197	-0.699444	-0.278488
0.707194	-0.637177	-0.306402
0.213529	-0.906475	0.364292
-0.3267	-0.772038	-0.545183
-0.262867	-0.964728	0.0141466
-0.241486	-0.884583	0.398995
0.207778	-0.854748	0.475641
-0.209321	-0.882648	-0.420853
-0.00874282	-0.997853	0.0649126
-0.0975188	-0.949579	0.297976
-0.0176436	-0.979667	-0.199854
-0.351307	-0.852232	-0.387665
0.145108	-0.976747	0.157827
0.452938	-0.78806	-0.416903
0.191018	-0.981415	0.01837
-0.153038	-0.9876	0.0350201
-0.00520909	-0.999759	-0.0213264
-0.232471	-0.963661	-0.131586
0.0908542	-0.849697	-0.519385
0.60768	-0.790979	-0.0712626
0.00830773	-0.919203	0.393696
0.00512161	-0.995878	-0.0905632
-0.143214	-0.639269	-0.755529
0.125052	-0.900736	-0.415977
0.668698	-0.737071	-0.0978174
0.358414	-0.87989	-0.311984
-0.100306	-0.863386	-0.494473
0.295607	-0.954669	-0.0349883
-0.252285	-0.917546	0.307347
-0.0391264	-0.993914	0.102979
0.361762	-0.909989	-0.202603
0.429808	-0.898233	0.091881
-0.0121033	-0.929815	0.367829
-0.0541482	-0.794953	-0.60425
0.072362	-0.997217	-0.017947
-0.0689089	-0.988505	-0.134572
-0.464317	-0.875238	-0.135527
0.06942	-0.949393	0.306324
0.0899352	-0.988418	0.122237
-0.412258	-0.796585	0.44215
0.256754	-0.949932	0.178063
0.448345	-0.770697	-0.452783
-0.235455	-0.969567	-0.0670955
-0.577257	-0.694815	-0.42896
-0.20632	-0.978484	0.000365204
0.113893	-0.921622	0.371
-0.397364	-0.912291	0.0991299
0.357029	-0.931011	-0.0758192
0.0489826	-0.947825	-0.315005
0.330774	-0.926885	0.177403
0.204024	-0.894006	0.398908
-0.121961	-0.933895	-0.336103
-0.259551	-0.964685	-0.0449035
0.450589	-0.363512	-0.81537
0.738553	-0.667451	0.0951261
-0.756893	-0.653527	-0.00376449
0.088907	-0.929791	-0.357189
-0.441597	-0.734045	-0.515916
-0.0484571	-0.842462	0.536571
0.289455	-0.840564	0.457895
-0.0965364	-0.97609	-0.194753
0.140437	-0.177449	0.974058
-0.800882	-0.413905	0.432749
-0.129712	-0.990315	-0.0495109
-0.363416	-0.843471	0.395582
-0.343316	-0.933033	-0.107625
0.520053	-0.839599	0.156902
-0.0616004	-0.950825	0.303541
-0.0551057	-0.959553	0.276082
-0.0519285	-0.991493	0.11935
0.162658	-0.632921	0.756937
-0.018704	-0.806969	0.590298
-0.112293	-0.990527	-0.0790366
-0.247325	-0.899564	0.36002
-0.340534	-0.940117	-0.0147044
0.476144	-0.874535	0.0920647
0.0166858	-0.806362	0.591187
-0.281841	-0.902774	-0.324908
-0.102411	-0.828231	-0.550949
-0.246713	-0.968811	0.0231873
0.476434	-0.844681	0.243978
-0.478404	-0.877506	-0.0333473
0.573592	-0.531135	0.623608
-0.0838408	-0.930847	0.35566
-0.180029	-0.888319	-0.422468
0.0926663	-0.97215	-0.215263
0.187796	-0.976771	-0.103202
0.263082	-0.896374	-0.356794
-0.770696	-0.269605	-0.577356
0.351908	-0.928717	0.116814
0.0225174	-0.983607	-0.178912
-0.176542	-0.955598	0.235935
0.142997	-0.941908	0.303911
0.0571694	-0.833879	0.548979
-0.221972	-0.835756	0.502236
0.477525	-0.877458	0.0451289
0.119328	-0.535897	-0.835808
-0.403375	-0.913431	-0.0541562
-0.100056	-0.970212	0.220629
-0.0568888	-0.92322	-0.380038
0.227045	-0.966673	0.118297
0.599141	-0.601916	0.527946
0.466496	-0.859533	0.208771
-0.0626997	-0.756852	-0.650572
0.359771	-0.919367	0.159155
0.171929	-0.928409	-0.32939
-0.344115	-0.915759	-0.207293
0.410011	-0.912047	0.00780329
0.193244	-0.955084	-0.224657
0.538227	-0.826634	0.16428
0.763502	-0.645243	-0.0269335
-0.062215	-0.997863	-0.0199781
0.302154	-0.93772	0.171415
-0.22908	-0.793446	-0.563884
-0.382901	-0.862516	0.330838
0.41012	-0.834109	-0.368869
-0.232778	-0.919876	0.315661
-0.283569	-0.397064	0.872886
-0.227195	-0.116025	-0.966913
0.612377	-0.786108	0.0838339
-0.331646	-0.692076	-0.641125
0.288585	-0.949386	-0.124035
0.271361	-0.876869	0.396817
-0.256624	-0.960524	0.107417
-0.479308	-0.8093	0.339554
0.512511	-0.804477	-0.300248
0.514124	-0.852871	-0.091036
-0.0475315	-0.982855	0.178146
0.284875	-0.89633	0.339762
0.165744	-0.9604	-0.223967
0.643136	-0.76131	-0.0823599
-0.0268682	-0.999485	0.017528
0.803939	-0.520797	0.287146
-0.585585	-0.553377	0.592338
-0.141095	-0.987461	-0.0708093
-0.274822	-0.947119	0.165644
-0.497329	-0.814802	0.297929
0.642279	-0.343615	0.685133
-0.0482748	-0.998206	0.0354189
0.245165	-0.914486	-0.321883
0.427343	-0.889169	0.163575
0.0853432	-0.995846	-0.0317469
-0.104612	-0.910504	-0.400048
-0.423218	-0.905996	0.00757552
-0.253663	-0.963632	0.0840794
-0.804031	-0.593602	0.0342182
-0.150743	-0.987378	0.0485952
0.113515	-0.952125	0.283853
0.0788356	-0.99023	0.115019
-0.165603	-0.986113	-0.0124938
-0.475709	-0.832242	-0.284736
-0.550745	-0.818305	0.16449
0.1207	-0.898552	0.421943
0.678685	-0.685117	0.264579
0.396728	-0.876295	-0.273339
-0.255956	-0.963082	-0.0834301
-0.249318	-0.725189	0.641826
-0.138751	-0.862776	0.486175
-0.64878	-0.692611	0.315236
-0.475956	-0.587797	-0.654187
0.488205	-0.844496	-0.220187
0.00954152	-0.896974	-0.441981
-0.81348	-0.436139	0.38475
0.138465	-0.758245	-0.637096
-0.199026	-0.24051	-0.950023
-0.199687	-0.883336	-0.424079
-0.363494	-0.890462	-0.273769
-0.386647	-0.719915	0.576392
0.574631	-0.77397	0.266024
0.437536	-0.578054	-0.688779
-0.237714	-0.846936	-0.475596
0.0733434	-0.923199	0.377259
-0.312622	-0.922442	0.226645
0.056384	-0.741548	-0.668526
0.223795	-0.949698	0.219067
-0.0674473	-0.973804	-0.217155
0.256581	-0.837479	0.482488
0.130927	-0.480616	-0.867102
0.771247	-0.224465	-0.595646
-0.300911	-0.95364	0.00475854
0.19247	-0.916287	0.351245
0.202407	-0.970812	0.128672
0.0356523	-0.991498	-0.125144
-0.0453516	-0.997798	-0.0483952
-0.547336	-0.836895	0.00546081
0.0438291	-0.973827	-0.223023
-0.263374	-0.960326	-0.0916933
0.735778	-0.67503	0.0544549
-0.220129	-0.901851	-0.371763
-0.29313	-0.952971	-0.0769466
-0.00104841	-0.848426	0.529313
0.0670081	-0.979899	0.187902
0.51474	-0.719052	-0.466912
-0.117984	-0.711078	0.693143
0.22986	-0.89417	-0.38422
0.0942833	-0.757988	0.645418
-0.379724	-0.800592	0.463531
0.253758	-0.964593	0.0718824
-0.395353	-0.764288	0.50947
-0.0319267	-0.940228	-0.339046
-0.846241	-0.532422	-0.0200497
-0.103923	-0.978723	-0.176924
-0.0181823	-0.98216	0.187167
0.589543	-0.708578	0.387757
-0.0123958	-0.981873	0.189136
0.243457	-0.920264	-0.306339
-0.111959	-0.767111	-0.631669
0.543588	-0.780476	-0.308817
0.124418	-0.991878	0.0264115
-0.118901	-0.909854	0.397528
-0.103919	-0.919654	-0.378731
0.0294782	-0.984318	0.173921
0.0157034	-0.378189	0.925595
0.774663	-0.628048	0.0738453
-0.144089	-0.904466	0.401471
-0.111094	-0.932393	-0.34395
-0.406286	-0.907155	0.109549
-0.987389	0.0240745	0.15647
-0.413228	-0.907998	-0.0691553
-0.27722	-0.92887	-0.245661
-0.00852371	-0.876398	0.481512
0.0242165	-0.992516	0.119689
0.160217	-0.945955	0.281957
0.500555	-0.836698	0.222221
-0.313413	-0.900058	0.302767
-0.737269	-0.634469	-0.232127
-0.831544	-0.402291	0.38301
-0.532986	-0.775131	0.339261
-0.3905	-0.733814	-0.555902
0.0603741	-0.980803	-0.185422
0.379843	-0.923679	0.0503564
0.564685	-0.796984	0.214352
0.40033	-0.814808	-0.419313
-0.130004	-0.988319	-0.0795289
0.453574	-0.508299	0.732054
-0.0363309	-0.858619	-0.511325
-0.132749	-0.990126	-0.0450399
-0.161087	-0.913445	0.373723
-0.372611	-0.849188	-0.374219
0.565075	-0.822358	0.0664597
0.0692658	-0.914974	-0.397523
-0.431515	-0.877692	-0.208448
-0.132039	-0.932854	-0.335185
-0.454367	-0.72877	-0.512293
-0.296903	-0.953634	-0.0493033
-0.0118377	-0.904004	-0.42736
-0.456455	-0.868462	0.19345
-0.331189	-0.924916	-0.186668
0.686691	-0.352281	-0.635888
0.0788273	-0.993392	0.0834129
0.131203	0.647729	-0.750488
-0.805686	-0.56554	0.176169
0.108028	-0.960239	0.25743
0.418442	-0.668306	0.615039
0.0673698	-0.996394	0.0515737
-0.129922	-0.229554	-0.964585
-0.0875102	-0.958325	-0.271946
0.660895	-0.743819	0.0997558
0.122241	-0.735256	0.666675
0.117095	-0.915959	0.383808
-0.405591	-0.438761	-0.801863
0.142369	-0.811177	-0.567206
0.314363	-0.398679	-0.861529
0.044571	-0.707796	-0.705009
-0.067472	-0.975334	0.21017
-0.605047	-0.793848	-0.0610238
-0.0496227	-0.660248	0.749407
-0.000356702	-0.978053	0.208358
-0.161012	-0.943967	-0.288099
-0.0391627	-0.570485	0.820373
-0.304373	-0.933031	-0.191859
-0.0259943	-0.949651	0.31223
0.193339	-0.902811	-0.384126
-0.0889479	-0.979712	0.17959
-0.179949	-0.616919	-0.766178
0.521634	-0.795564	0.30818
0.133693	-0.909746	0.393051
-0.485912	-0.873994	-0.00497669
-0.019006	-0.609771	0.79235
-0.0439551	-0.99608	0.0767601
0.378843	-0.892884	0.243383
-0.494284	-0.773942	0.395849
0.349553	-0.90096	-0.257067
0.323887	-0.94238	0.0837732
-0.00923096	-0.999152	0.0401355
0.203279	-0.975519	0.0839018
-0.451631	-0.870104	-0.197354
0.5894	-0.467907	0.658537
-0.16321	-0.983506	0.0779666
-0.481475	-0.680842	0.551939
0.493985	-0.867984	-0.0508175
0.32171	-0.94391	-0.0744067
-0.216083	-0.843429	-0.49187
0.725428	-0.615781	0.307519
-0.00531028	-0.982108	0.188246
-0.059238	-0.943701	-0.325452
-0.0477396	-0.988794	-0.141449
-0.0880292	-0.706595	-0.702121
-0.0574105	-0.997286	0.0461047
0.0422068	-0.976008	-0.213605
-0.466898	-0.814066	-0.345403
0.582173	-0.784505	0.213604
-0.0519904	-0.924985	-0.376431
0.0391121	-0.966463	-0.25381
0.454004	-0.858458	-0.2386
0.499196	-0.79837	-0.336762
0.422231	-0.71919	0.551804
0.201473	-0.405246	-0.891731
-0.161139	-0.928166	0.335472
0.558394	-0.139938	0.817688
0.233923	-0.971756	-0.0311617
0.251699	-0.960939	0.115083
-0.488201	-0.860176	0.147504
0.506311	-0.861513	-0.0380188
0.141861	-0.584505	0.798892
0.208893	-0.837682	-0.504631
0.870365	-0.416849	0.26211
0.22246	-0.83487	0.503491
0.398716	-0.91017	0.112323
0.864135	-0.462216	0.199067
-0.371587	-0.885219	0.279838
-0.232363	-0.817272	0.527328
0.542997	-0.704601	-0.456827
0.317931	-0.853862	0.412116
0.477433	-0.848232	0.229259
-0.0798697	-0.990878	-0.108545
-0.775973	-0.609518	0.162337
0.133127	-0.980256	0.146204
-0.0749148	-0.964376	0.253706
0.0205834	-0.755212	0.655158
-0.167219	-0.985503	0.0286666
0.0690931	-0.991334	-0.11173
-0.310947	-0.946135	-0.0902218
-0.0636457	-0.996547	0.0533184
-0.579155	-0.731532	-0.359778
0.163853	-0.873864	0.457727
0.128307	-0.986616	-0.100632
0.146765	-0.986731	0.069436
-0.452161	-0.891264	-0.0346192
0.353006	-0.933351	0.0651366
-0.111179	-0.975729	0.188659
0.161028	-0.86429	0.476522
-0.328323	-0.90992	0.253473
0.332865	-0.875543	0.35018
0.0428164	-0.960533	-0.27485
0.590812	-0.648585	-0.479873
0.493096	-0.371008	0.786899
-0.228264	-0.913748	0.336097
0.381801	-0.584516	0.715939
0.252648	-0.950363	-0.181602
0.637277	-0.758609	0.135615
0.313566	-0.243418	0.917837
0.908425	-0.416446	-0.0365708
-0.390818	-0.916223	0.088302
-0.592812	-0.634772	-0.495619
0.567073	-0.786451	-0.244793
0.318694	-0.837288	-0.444278
0.372472	-0.926666	0.0505489
-0.490712	-0.800635	0.34378
0.284785	-0.958578	0.0050226
0.0997977	-0.968286	0.229046
0.633181	-0.495519	-0.594595
-0.884877	-0.0045485	0.465802
-0.267138	-0.79426	0.545699
-0.138492	-0.990276	0.0131925
-0.480822	-0.869382	-0.113956
0.380746	-0.901077	-0.207588
-0.131048	-0.980295	-0.147812
-0.247584	-0.953811	0.170136
0.740035	-0.662049	-0.11849
-0.0959593	-0.915964	-0.389617
0.539552	-0.762387	0.357282
0.0378341	-0.898969	0.436375
-0.0461069	-0.977229	0.207116
-0.759674	-0.552769	0.342552
0.150546	-0.963309	-0.222199
0.198194	-0.752053	-0.628598
0.430255	-0.891744	0.140261
-0.104408	-0.973926	0.201411
0.461883	-0.846381	0.265149
0.178432	-0.9239	-0.338482
-0.503633	-0.779049	-0.373412
0.0551095	-0.992741	-0.106901
-0.200386	-0.955855	0.214913
0.275404	-0.891775	-0.359014
-0.0206179	-0.898005	-0.439501
0.316631	-0.878183	-0.358524
-0.55803	-0.698884	0.447397
0.426429	-0.90357	-0.041473
-0.439316	-0.785346	-0.436157
-0.127096	-0.984665	-0.119507
-0.598029	-0.759825	0.255004
-0.057751	-0.968186	0.243476
-0.0449752	-0.990892	-0.126926
0.706302	-0.389494	-0.591128
-0.168313	-0.856548	-0.487848
-0.170824	-0.949201	0.264267
0.672589	-0.72857	0.129651
-0.32999	-0.892894	0.306345
0.229264	-0.970766	-0.071071
0.433423	-0.683515	-0.587326
0.289578	-0.949015	0.124561
-0.328112	-0.944027	-0.0339991
0.265608	-0.903541	0.336254
0.257042	-0.956585	-0.137382
0.0936758	-0.96673	0.238028
-0.600333	-0.435714	-0.670636
0.392419	-0.531602	-0.750605
-0.0568449	-0.942206	0.330175
-0.632284	-0.652506	-0.417676
0.0934938	-0.921716	-0.37643
0.178839	-0.887958	-0.423731
0.280432	-0.785844	0.551187
0.422478	-0.889791	-0.172584
0.689175	0.10986	-0.716219
-0.00534081	-0.898734	0.438461
0.0126149	-0.983944	-0.17803
0.323826	-0.945907	0.0199033
-0.639602	-0.764469	0.0806042
-0.144072	-0.942039	-0.302994
0.363821	-0.929543	0.0598675
0.357735	-0.931017	-0.0723426
0.455318	-0.802501	-0.385587
-0.0149808	-0.938031	-0.346229
0.460948	-0.879832	0.115858
0.19371	-0.831468	0.520708
0.0197058	-0.882625	-0.469665
-0.371942	-0.922444	0.103708
0.153606	-0.774154	0.614077
0.0883593	-0.626795	-0.774158
0.474345	-0.678507	0.560915
0.0977447	-0.935492	-0.339559
0.279413	-0.859401	-0.428204
0.109354	-0.991064	0.0763796
-0.525934	-0.633114	-0.567944
-0.0828276	-0.985645	0.147116
-0.416014	-0.909257	-0.0135967
0.295499	-0.939248	0.174624
0.239451	-0.955961	0.169709
-0.661174	-0.730646	-0.170311
-0.914475	-0.361102	0.182593
0.100201	-0.935228	0.33957
-0.210527	-0.966876	-0.14432
0.656568	-0.731035	-0.185756
-0.380201	-0.786578	-0.486561
-0.620765	-0.683096	0.384747
-0.101314	-0.886651	-0.451204
-0.249906	-0.804575	-0.538708
0.100628	-0.975604	0.195116
-0.065432	-0.736953	0.67277
0.100164	-0.984389	-0.144727
0.372793	-0.903382	0.211957
-0.112917	-0.992882	-0.0378708
0.609652	-0.73933	-0.285862
-0.402286	-0.912965	-0.0682736
-0.0638297	-0.995105	0.0754397
-0.0481844	-0.980245	-0.191826
-0.0751823	-0.992068	0.100744
-0.669339	-0.717953	0.191125
-0.212313	-0.965098	-0.153325
0.425185	-0.904915	-0.018633
-0.256946	-0.941752	-0.216982
-0.0768487	-0.936982	-0.340822
0.302545	-0.915624	-0.264762
-0.00659008	-0.993731	-0.111603
-0.69374	-0.707669	0.133902
-0.255743	-0.910605	0.324644
0.358972	-0.929584	0.0837427
0.258662	-0.891685	-0.371472
-0.229776	-0.962224	-0.146043
-0.244618	-0.667602	-0.703185
-0.0710143	-0.984821	-0.158381
-0.178498	-0.961556	-0.208685
0.770203	-0.361152	-0.525697
0.198067	-0.975415	-0.0966229
-0.18715	-0.909818	-0.370413
-0.120913	-0.990679	0.0627342
0.441492	-0.720164	0.535209
-0.169489	-0.908219	0.382637
0.131709	-0.73937	0.660291
-0.0912127	-0.75855	-0.645199
-0.243265	-0.929999	-0.275544
-0.189366	-0.767392	-0.612577
0.19701	-0.980245	-0.017516
0.458755	-0.887488	0.0436903
0.702875	-0.683019	-0.198625
-0.0372959	-0.608349	0.792793
0.197428	-0.839769	0.505777
0.162659	-0.786036	-0.596396
0.474355	-0.547588	0.6893
-0.154631	-0.882528	0.44411
0.0505848	-0.985515	-0.161869
0.715957	-0.571866	-0.40047
-0.00293614	-0.957077	0.28982
-0.334767	-0.817608	-0.468453
-0.202374	-0.931409	-0.302526
0.244139	-0.957623	0.152824
-0.195725	-0.817602	0.541496
0.402464	-0.884956	-0.234256
0.0863287	-0.857515	0.507164
-0.150147	-0.919506	0.36327
0.0795974	-0.774568	-0.627462
-0.256634	-0.96241	0.0889175
0.440298	-0.837594	-0.323378
0.280617	-0.951885	-0.123164
0.237056	-0.910959	-0.337577
0.31047	-0.862168	-0.400344
0.248869	-0.88606	0.391103
0.0135736	-0.827332	-0.56155
-0.24684	-0.961075	0.124114
0.411475	-0.897974	0.155982
-0.389144	-0.831636	0.396167
-0.123007	-0.724978	0.677699
-0.050237	-0.994109	0.0960417
0.338368	-0.918711	-0.203659
-0.523148	-0.852229	-0.00457472
0.531348	-0.845997	-0.0442514
-0.175527	-0.717761	0.673802
-0.458111	-0.887772	0.0446706
-0.0720326	-0.861458	0.502694
-0.499389	-0.8544	0.143567
-0.159612	-0.70806	-0.687877
-0.703948	-0.631887	-0.324309
-0.407617	-0.731362	-0.54677
0.47278	-0.627125	-0.619026
-0.461766	-0.834254	0.301318
-0.349187	-0.899753	0.261748
0.323158	-0.94331	0.07573
0.270309	-0.962692	0.0125387
-0.11815	-0.874858	-0.469749
0.527538	-0.849531	0.000360575
0.629143	-0.768784	-0.114671
-0.561915	-0.815038	-0.141297
0.329193	-0.942864	-0.0513686
0.0882779	-0.955723	-0.280714
0.0687938	-0.997451	-0.0189626
0.348091	-0.893126	-0.284883
0.153565	-0.97559	-0.156979
0.40848	-0.912707	0.0105309
-0.515031	-0.704729	-0.487955
0.0752748	-0.986071	-0.148313
0.54118	-0.770672	0.336436
0.226804	-0.971619	0.0672099
-0.230416	-0.921355	0.313072
-0.00255119	-0.998859	-0.0476835
0.37116	-0.86983	0.325017
0.0258621	-0.916792	0.398528
0.370827	-0.887122	-0.274778
0.659688	-0.701725	-0.269062
0.0600459	-0.982342	0.177196
-0.773511	-0.625442	-0.102483
0.359995	-0.722579	0.590155
0.152491	-0.666898	0.729379
0.172695	-0.903556	0.392126
0.0706492	-0.995725	-0.0595004
0.160025	-0.915855	0.368242
-0.476319	-0.864587	-0.160032
0.275846	-0.882585	-0.380726
0.232755	-0.747298	0.622391
0.344492	-0.92675	0.149865
-0.161533	-0.983924	-0.0761569
0.407815	-0.908705	-0.0891138
0.740382	-0.653648	0.156774
0.158985	-0.825913	-0.540917
-0.668648	-0.689459	0.278491
-0.679246	-0.557536	-0.477262
-0.0197578	-0.985217	0.170166
-0.281914	-0.948249	0.146112
-0.598321	-0.796646	-0.085832
-0.251674	-0.719974	-0.646759
0.0170328	-0.966838	-0.25482
-0.809069	-0.498836	-0.310757
-0.023579	-0.988055	0.152289
0.132887	-0.944651	0.299959
-0.196754	-0.908477	0.368725
-0.570151	-0.692856	0.441451
0.0845248	-0.996151	-0.0232299
-0.0397468	-0.903414	0.426923
0.0759838	-0.995171	-0.0621336
0.245791	-0.886545	-0.391949
0.501878	-0.831201	-0.239215
-0.215848	-0.975443	-0.0438301
-0.131388	-0.950873	-0.280317
-0.310331	-0.83393	0.456349
0.439986	-0.787946	-0.430759
-0.36607	-0.767563	-0.526156
0.637192	-0.768507	-0.0581686
-0.180961	-0.948396	-0.260381
0.410033	-0.778845	0.474629
0.132215	-0.725882	-0.674992
-0.0821011	-0.665456	-0.741908
0.397833	-0.871309	0.287314
-0.679677	-0.615885	-0.398404
0.110109	-0.950105	-0.291851
0.363968	-0.77589	0.515287
-0.184842	-0.942741	0.27762
0.182926	-0.982932	0.0195547
0.856236	-0.404605	0.321178
0.226326	-0.951344	0.209096
-0.159677	-0.978116	-0.133386
0.776904	-0.629222	-0.0223779
0.546822	-0.837145	0.0132209
0.0693971	-0.903958	0.421953
0.11672	-0.851684	0.510892
-0.71234	-0.602795	0.359458
0.0469376	-0.821938	0.56764
0.589616	-0.802136	-0.0945085
-0.642872	-0.764113	-0.0533564
-0.622781	-0.780971	0.0472082
-0.357989	-0.790998	0.496152
0.243059	-0.914922	-0.322243
-0.598326	-0.775782	-0.200419
-0.0799646	-0.976627	0.199513
-0.0211479	-0.977916	0.207926
0.113325	-0.772734	-0.624531
-0.308058	-0.945092	0.109095
0.449886	-0.663209	0.598127
0.35999	-0.909112	-0.209577
0.407928	-0.802655	-0.435131
-0.0692151	-0.375956	0.924049
-0.224405	-0.46048	0.858837
0.560231	-0.705336	-0.43433
0.138444	-0.909072	0.392965
0.412456	-0.910341	0.0340355
0.408546	-0.81176	0.417296
0.397156	-0.883551	-0.248204
-0.44295	-0.733609	-0.515377
-0.823548	-0.567218	0.0057887
0.307542	-0.951532	0.00197042
0.518992	-0.850444	-0.0859791
0.572602	-0.743226	0.346038
0.0978415	-0.724536	-0.682257
0.298406	-0.94389	-0.141511
-0.475709	-0.862658	0.171819
0.135574	-0.985655	-0.100516
0.207724	-0.95174	0.225924
-0.0248385	-0.999663	0.00760391
0.14248	-0.957984	-0.248931
-0.57349	0.0921483	0.814013
-0.411128	-0.909536	0.0609801
-0.0443765	-0.978365	0.202069
0.101816	-0.983096	-0.152167
-0.0539085	-0.982716	0.177095
0.213167	-0.906506	-0.364426
0.75362	-0.505039	0.420705
-0.247528	-0.666104	-0.703588
0.12041	-0.992722	-0.00215851
-0.348082	-0.818822	0.456474
0.107752	-0.85907	-0.500387
0.327945	-0.920494	-0.21247
0.310964	-0.946643	-0.0846634
-0.460311	-0.887092	-0.0343647
-0.200335	-0.92235	0.330359
0.562161	-0.647086	0.515029
0.143641	-0.958572	-0.245982
0.273241	-0.697337	-0.662617
0.55429	-0.805334	-0.210236
-0.154604	-0.826313	0.541576
-0.849496	-0.48145	-0.215784
0.270205	-0.9347	-0.230924
0.469286	-0.534481	-0.702923
0.296221	-0.954696	0.0284504
0.472178	-0.855545	-0.212346
0.380809	-0.911393	-0.156034
-0.100264	-0.994347	0.034944
-0.769897	-0.599732	-0.218129
0.0110164	-0.989267	-0.1457
0.186886	-0.9766	-0.106427
-0.196687	-0.78463	0.587937
-0.348996	-0.920096	0.177835
-0.473557	-0.667462	-0.574664
0.183924	-0.92459	0.333625
0.121337	-0.939576	0.320115
0.194214	-0.963792	-0.18272
0.88602	-0.461337	-0.0462224
-0.202291	-0.181267	0.962404
0.333206	-0.890128	-0.31088
-0.780673	-0.563035	-0.271185
0.670548	-0.732203	-0.119346
0.235495	-0.909113	0.343592
-0.0270565	-0.986833	-0.159461
0.176901	-0.963763	0.199668
0.0696512	-0.937336	0.341395
-0.552087	-0.747409	-0.369566
-0.322827	-0.928429	-0.183855
0.220977	-0.963612	0.150402
0.519807	-0.833467	-0.187439
0.316468	-0.944822	-0.0846087
0.111316	-0.897293	0.42717
-0.527018	-0.848819	0.0419244
0.313262	-0.405115	-0.858923
-0.439639	-0.583574	0.682759
-0.364331	-0.894412	-0.259403
-0.383123	-0.535891	-0.752355
0.00749262	-0.744709	-0.667347
-0.230453	-0.764266	0.60232
0.238854	-0.758665	0.606116
-0.778539	-0.627489	0.0115455
-0.494504	-0.844002	-0.207669
-0.0933512	-0.995151	0.0309703
-0.75603	-0.574279	-0.314042
0.0180307	-0.988222	-0.15196
-0.476287	-0.855751	0.202094
-0.247195	-0.967539	-0.052564
-0.450338	-0.889099	0.0818468
0.269519	-0.962982	-0.0051129
0.591018	-0.806639	0.00561262
-0.122026	-0.99221	0.0250881
0.376496	-0.76191	-0.527015
0.156287	-0.961295	0.226906
0.00971404	-0.876893	-0.480588
0.340324	-0.704694	-0.622565
0.214372	-0.927468	-0.306346
0.653213	-0.730395	-0.199588
-0.336831	-0.916829	0.214404
0.402176	-0.897975	0.178592
0.572833	-0.668587	-0.474186
-0.0990983	-0.921501	-0.375521
-0.233261	-0.879411	-0.415001
-0.0402197	-0.993333	0.108032
0.655973	-0.487818	0.575963
0.429385	-0.651681	-0.625252
-0.259791	-0.765624	0.588497
0.33778	-0.933014	0.124055
0.413693	-0.676102	0.609708
0.0398638	-0.988592	0.14525
0.540619	-0.800564	-0.258512
-0.0950342	-0.975841	0.196729
-0.177781	-0.971988	0.153733
-0.341428	-0.914546	-0.216871
-0.106809	-0.927787	0.357496
-0.153795	-0.988091	-0.00491189
-0.421812	-0.896356	-0.136459
0.313956	-0.895816	-0.314556
0.264837	-0.958654	0.104138
0.000419348	-0.908546	0.417785
0.619504	-0.754956	0.215073
-0.461838	-0.885288	0.0545082
0.116923	-0.939563	0.321793
-0.438092	-0.838184	-0.324844
-0.0650345	-0.957499	-0.281008
-0.0359666	-0.869924	0.491873
-0.310176	-0.891959	0.328938
0.0341898	-0.990913	0.130087
-0.112949	-0.904641	0.410933
-0.381709	-0.907104	-0.177369
0.0558014	-0.701258	-0.71072
-0.170927	-0.981265	0.0889037
-0.184821	-0.934021	0.30569
0.0403177	-0.624111	0.780295
0.0650353	-0.928695	-0.365097
0.38771	-0.379446	0.840061
-0.255332	-0.917769	-0.304146
0.691722	-0.694967	0.19632
-0.836516	-0.449325	0.313604
-0.216103	-0.958161	-0.187686
0.0153885	-0.862339	-0.506097
-0.606831	-0.52332	0.598241
0.576467	-0.814257	0.0683504
-0.147171	-0.824342	-0.546626
-0.217123	-0.909266	-0.355096
-0.0738767	-0.86963	0.488145
-0.332167	0.314305	-0.889313
-0.798664	-0.578138	-0.167011
-0.559474	-0.758168	-0.334918
0.23917	-0.842793	0.48218
0.522373	-0.746047	0.412965
0.7243	-0.485758	-0.489314
0.0835599	-0.828038	0.554411
0.542522	-0.839902	-0.0153198
0.138669	-0.906607	0.398541
0.355098	-0.921688	0.156194
-0.708608	-0.656158	0.259484
0.372085	-0.730479	0.572672
-0.142616	0.120602	-0.982403
0.0398063	-0.999207	-0.00066419
0.262112	-0.921651	-0.286106
0.20906	-0.972457	0.103062
0.226734	-0.888642	0.398631
0.00692503	-0.85334	-0.521309
0.514659	-0.827	-0.226267
-0.263993	-0.941197	0.210845
0.392049	-0.919242	0.0359409
-0.518709	-0.798345	-0.305919
0.491503	-0.851629	0.182077
0.0933422	-0.723477	0.684009
-0.499944	-0.701879	0.507367
0.363055	-0.921996	-0.13459
-0.703409	-0.422993	0.571221
-0.582295	-0.775819	-0.242977
0.421283	-0.607557	0.673347
0.24578	-0.0438762	-0.968332
-0.353422	-0.728483	-0.586861
-0.846737	-0.513035	-0.140823
-0.0763299	-0.966875	-0.243571
0.530323	-0.51814	0.671035
0.179122	-0.686082	0.705129
-0.274231	-0.937678	0.213444
-0.284008	-0.950966	-0.122485
-0.127784	-0.920716	0.368718
-0.174183	-0.919371	-0.352729
0.436627	-0.415849	0.797763
0.129075	-0.990923	-0.0375592
-0.432821	-0.700536	0.567376
-0.61647	-0.784562	0.066544
0.632239	-0.627453	-0.454507
0.226072	-0.698904	-0.678545
0.59484	-0.159293	0.787903
0.733889	-0.634078	-0.243623
-0.232162	-0.816029	0.529337
0.299408	-0.827275	-0.475365
0.337199	-0.925325	0.173411
-0.158487	-0.956286	0.245762
-0.225293	-0.924855	0.306409
-0.369542	-0.783414	0.499701
0.608726	-0.684529	0.401089
-0.596136	-0.71823	0.358841
0.300323	-0.62418	-0.721253
0.522871	-0.491141	-0.696697
-0.0351476	-0.871227	0.48962
0.336597	-0.825553	-0.452951
0.00939184	-0.958721	0.284195
-0.613736	-0.699229	-0.366616
0.602545	-0.653944	-0.45749
0.170615	-0.985297	-0.00894991
0.323458	-0.894864	0.307562
-0.806645	-0.431798	0.403577
-0.292585	-0.95598	-0.022251
-0.0772387	-0.938859	-0.335527
-0.437263	-0.870253	-0.226848
-0.0115344	-0.917855	0.396748
-0.498893	-0.846165	0.187379
0.600349	-0.346532	0.720761
0.536643	-0.726796	0.428699
-0.493302	-0.759684	-0.423714
-0.0439073	-0.947479	-0.316791
-0.68287	-0.641753	0.349058
0.663685	-0.454003	0.594477
-0.699243	-0.611171	-0.370849
-0.20528	-0.732407	-0.649184
0.333986	-0.942545	0.00791414
-0.597947	-0.638186	0.484951
0.443438	-0.895411	-0.0400363
-0.360948	-0.885233	-0.293391
0.343814	-0.930232	0.1283
0.832378	-0.366329	0.415873
-0.545335	-0.576368	-0.608613
0.266839	-0.921725	-0.281462
-0.560746	-0.606487	-0.563682
0.687895	-0.577318	-0.439892
0.259372	-0.951715	-0.164211
-0.0390906	-0.991006	-0.127984
0.0822989	-0.97138	0.222819
-0.510118	-0.835321	0.204986
-0.383133	-0.915908	-0.119675
0.728818	-0.513107	-0.453372
0.644623	-0.62395	0.441755
-0.108692	-0.870946	0.479206
0.712367	-0.632873	0.303324
0.16256	-0.652866	0.739825
0.501369	-0.814574	-0.291716
0.293185	-0.0748862	0.953118
-0.530078	-0.778833	0.335315
-0.266795	-0.951639	-0.152328
-0.494991	-0.703582	-0.509859
-0.466406	-0.726895	0.504073
-0.82612	-0.305122	0.473737
-0.415613	-0.83643	0.357282
-0.111166	-0.992483	-0.0511828
0.212365	-0.572101	-0.792213
0.37837	-0.924913	-0.0370453
-0.950878	-0.289708	0.109092
0.464084	-0.845809	-0.263123
-0.406733	-0.913474	0.0115374
0.21356	-0.857538	-0.467996
-0.128737	-0.92677	-0.35288
0.280479	-0.940623	0.191206
0.0695723	-0.556931	0.82764
-0.275024	-0.922706	-0.270138
-0.743716	-0.402792	0.533521
-0.202827	-0.975833	0.0813039
-0.098124	-0.768555	-0.632214
0.445377	-0.893487	0.057625
-0.566917	-0.755343	-0.328727
-0.955106	-0.149303	-0.255893
-0.526803	-0.848124	-0.0562483
0.176096	-0.83636	-0.519126
0.750929	-0.581455	0.313075
0.444456	-0.813539	-0.374983
0.0168821	-0.999147	0.0376787
0.233747	-0.953724	0.189137
0.462153	0.310129	-0.830803
0.359671	-0.924126	-0.128954
0.278204	-0.958136	-0.0676659
-0.00705569	-0.995309	-0.0964928
0.206867	-0.85676	-0.472407
0.520376	-0.852381	0.0515266
0.392232	-0.647503	-0.653372
0.498656	-0.243671	0.831845
0.617128	-0.777245	-0.122653
0.135606	-0.990761	-0.00193615
0.0582748	-0.972413	-0.22587
0.174814	-0.801488	-0.57189
0.149032	-0.960628	0.234487
-0.109192	-0.993879	0.0167564
-0.0298662	-0.994781	0.0975661
-0.555328	-0.763905	-0.328725
-0.295697	-0.545263	0.78438
0.0259075	-0.937564	0.346846
-0.225727	-0.775943	-0.589033
-0.158047	-0.983401	-0.0891233
-0.245087	-0.955652	-0.163282
0.884286	-0.333167	0.327168
0.0504142	-0.111027	-0.992538
0.675072	-0.737535	-0.017889
-0.137466	-0.976527	0.165826
-0.660017	-0.396063	-0.638366
0.659836	-0.6344	0.402683
0.476803	-0.478641	-0.737267
0.811029	-0.580514	0.0723564
0.714777	-0.695942	0.0689806
-0.169428	-0.983023	0.0704248
-0.368914	-0.833434	-0.411448
0.0198128	-0.916519	-0.399501
0.40055	-0.112793	-0.909306
-0.482534	-0.775363	-0.407397
-0.243891	-0.916949	-0.315787
0.727057	-0.674309	-0.129213
-0.841007	-0.516603	0.160713
0.309982	-0.929205	-0.201219
-0.689931	-0.722978	-0.0360136
-0.0561646	-0.719242	-0.692486
0.0875134	-0.979676	-0.180487
-0.00861841	-0.707746	-0.706415
0.554753	0.774947	0.302831
-0.489387	-0.86317	0.124249
-0.270668	-0.951131	-0.148623
0.264927	-0.301507	-0.915919
0.134532	-0.982501	0.128812
0.631023	0.775704	-0.00967682
0.497456	-0.836255	-0.230686
0.123369	-0.989309	0.0777724
0.0532906	-0.969186	-0.240498
-0.292072	-0.807102	-0.513109
0.136232	-0.981596	-0.133827
-0.712299	-0.701791	-0.0109189
0.472147	-0.700817	0.534727
0.21659	-0.967377	0.131419
-0.221129	-0.909994	-0.350731
0.559456	-0.823761	0.0917995
-0.610965	-0.577564	-0.541425
-0.698135	0.0139861	-0.715829
0.934757	-0.223916	-0.275846
-0.668138	-0.541234	-0.510546
0.562164	-0.821694	-0.0937594
-0.860886	-0.3522	0.367193
-0.285477	-0.955608	-0.0729157
-0.418663	-0.899391	-0.125764
0.371788	-0.884374	-0.282234
0.128057	-0.939004	-0.319174
0.824754	-0.440696	0.354354
0.385162	-0.892424	0.23501
0.773674	-0.633212	-0.0216871
0.277149	-0.956956	-0.0861632
0.159378	-0.667326	-0.727512
0.0198434	-0.958014	0.286033
-0.556004	-0.826771	0.0855014
-0.591589	-0.8042	-0.0573175
-0.439483	-0.727833	-0.526416
0.492129	-0.840961	-0.224931
-0.469612	0.530813	-0.70548
0.476475	-0.657656	0.583489
0.694531	0.134784	-0.706724
-0.562112	-0.691822	-0.453224
-0.588674	-0.772388	-0.238492
0.195697	-0.729062	-0.655875
-0.48878	-0.622243	-0.61148
0.064567	-0.557918	0.827381
-0.418014	-0.853314	-0.311639
0.385591	-0.861696	-0.329847
0.799424	-0.41111	0.438074
0.601729	-0.767285	0.2218
-0.383199	-0.466347	0.797295
-0.878924	-0.439459	-0.185385
-0.367248	-0.924961	-0.0978563
-0.358716	-0.858322	-0.366886
0.282779	-0.805419	-0.5209
-0.604684	-0.774545	0.185571
-0.144759	-0.975822	0.163756
0.617406	-0.784524	-0.0577176
-0.337571	-0.94107	-0.0208038
0.419929	-0.124011	-0.899045
0.318218	-0.549443	0.772561
0.451471	-0.746652	-0.488553
0.443132	-0.889382	0.1124
-0.686369	-0.721369	0.0923275
-0.137067	-0.97714	0.162512
0.0725679	-0.997277	-0.0131375
-0.603707	-0.7926	-0.0855756
-0.481422	-0.875266	-0.046281
-0.505916	-0.827713	-0.242776
-0.254115	-0.960386	-0.114385
0.0430238	-0.950109	-0.308935
0.340281	-0.920938	0.189954
-0.136518	0.177068	0.974684
0.0707542	-0.983437	-0.166868
-0.0231714	-0.996829	0.0761297
0.390528	-0.808822	-0.439653
0.743257	-0.666101	-0.0622788
-0.0276837	-0.642279	0.765971
0.375055	-0.745853	0.550487
-0.0999062	-0.981342	0.164275
0.329535	-0.944107	0.0083035
-0.19553	-0.976493	-0.0907171
-0.107746	-0.987672	-0.113554
0.322161	-0.940845	0.104995
-0.382948	-0.880048	0.280831
0.635107	-0.588301	-0.50054
0.706637	-0.658664	-0.258507
-0.260166	-0.693095	0.67226
0.492946	0.00203287	-0.870057
-0.574685	-0.564875	0.59216
0.689866	-0.723426	-0.0271924
0.724851	-0.681487	-0.100832
0.302099	-0.948411	0.0961908
0.0587535	-0.859457	-0.50782
-0.141237	-0.520696	-0.841978
0.810061	-0.401636	-0.427187
-0.0115704	-0.927884	-0.372689
0.206712	-0.963489	-0.170174
0.426687	-0.887448	0.174279
0.473448	-0.431116	-0.768106
-0.706977	-0.703177	0.0756668
-0.295171	-0.932702	-0.207224
0.143893	-0.530543	0.835356
-0.00275761	-0.915709	-0.401832
0.755642	-0.358917	-0.547891
0.34493	-0.910658	-0.227432
0.127009	-0.892135	-0.433548
-0.388229	-0.720194	0.574977
0.223128	-0.821353	-0.524969
0.483147	-0.873054	0.0659237
-0.853332	-0.495434	-0.162389
-0.63337	-0.764618	-0.119168
0.682417	-0.571592	-0.455621
0.470239	-0.783998	-0.405243
-0.37773	-0.917331	0.125794
-0.100853	-0.667142	-0.738072
-0.0654205	-0.982057	0.176872
0.331445	-0.848988	0.411538
-0.0219707	-0.995054	0.096878
0.696757	-0.695982	-0.173603
0.386255	-0.79488	-0.467944
0.0153103	-0.520513	-0.853716
0.26909	-0.87943	0.392675
0.360654	-0.931717	-0.0428069
-0.543809	-0.748969	0.378573
0.711836	-0.64486	0.278291
-0.0341259	-0.925597	0.376968
0.622304	-0.775287	0.108014
-0.18622	-0.785044	-0.590786
0.768631	0.377148	-0.516687
-0.532168	-0.198796	-0.822968
-0.390678	-0.738062	-0.550123
-0.434877	-0.781291	0.447735
0.820566	-0.282508	-0.496851
-0.925388	-0.251614	-0.283458
0.297358	-0.562905	0.771179
0.417312	-0.604136	-0.678875
0.290115	-0.459505	0.839457
-0.725811	-0.684974	0.0633135
0.423192	-0.807845	-0.410238
-0.162627	-0.912531	0.375285
-0.431854	-0.874288	-0.221636
-0.164311	-0.407564	-0.898272
0.409046	-0.841517	-0.352888
-0.204119	-0.914719	0.348746
0.582745	-0.802002	0.131151
0.111656	-0.887896	-0.446288
-0.171805	-0.88878	-0.424916
-0.279202	-0.959438	-0.039046
0.702822	-0.496143	-0.509787
0.313963	-0.886724	-0.339335
0.448504	-0.785313	-0.426764
-0.12174	-0.988893	0.0852612
-0.485038	-0.874045	-0.0279804
0.0138442	-0.986428	0.16361
-0.0597483	-0.996905	0.0510889
0.154603	-0.662745	-0.732712
0.821198	-0.497667	-0.279217
0.575149	-0.555555	-0.600468
0.0369236	-0.444517	-0.895009
-0.304977	-0.931135	-0.199942
-0.743891	-0.606374	0.280957
0.262107	-0.936189	-0.234202
0.592235	-0.488894	-0.640501
-0.0971903	-0.99146	0.0869545
-0.778593	-0.519795	-0.351577
-0.268421	-0.742949	-0.613169
-0.083078	-0.82088	-0.565025
-0.0738213	-0.811756	0.579312
-0.259857	-0.960666	-0.0979535
-0.71827	-0.252108	-0.648482
0.268945	-0.717622	-0.642407
-0.243057	-0.951617	-0.188009
-0.209317	-0.969494	0.127542
0.405633	-0.909058	-0.0952652
0.21773	-0.647775	0.730055
-0.276758	-0.908201	0.313968
-0.190729	-0.96053	-0.202496
0.677459	-0.477991	0.559084
0.280695	-0.554593	0.78335
-0.250395	-0.753748	0.60759
-0.633313	-0.723098	0.275762
-0.487185	-0.492877	0.720918
-0.0690941	-0.877739	-0.474132
-0.493961	-0.867887	-0.0526732
-0.205108	-0.714609	-0.668779
-0.448261	-0.40997	0.794347
-0.690616	-0.518018	0.504685
0.297889	-0.199732	0.933472
-0.0992573	-0.847575	0.52131
-0.58602	-0.697293	0.41275
0.0954984	-0.725351	0.681723
0.510051	-0.691507	0.511533
0.489656	-0.585422	0.646157
0.297805	-0.856721	0.42112
0.73588	-0.298688	0.607673
0.349062	-0.916273	0.196468
0.418509	-0.885497	0.201853
-0.280746	-0.955869	0.0865814
0.671326	-0.640733	-0.372536
-0.248147	-0.966064	0.071716
0.250327	-0.966094	-0.0632351
-0.305125	-0.842856	0.443276
0.462673	-0.870933	0.165555
0.14981	-0.936681	-0.316521
0.323482	-0.757346	-0.567262
0.484451	-0.627397	-0.609655
-0.914133	-0.356818	0.192465
-0.943401	-0.0567335	-0.326765
-0.803695	-0.489231	-0.338715
0.328869	-0.943824	-0.0322771
-0.109964	-0.962378	-0.248469
0.367489	-0.774729	-0.514535
-0.471353	-0.875264	-0.108344
0.101067	-0.993731	0.0477861
-0.279923	-0.509103	0.813915
0.155349	-0.956263	-0.247848
-0.127129	-0.985125	0.115618
-0.655498	-0.754966	-0.018649
-0.0870801	-0.462971	-0.882086
