3400
-0.978183	0.158014	-0.134869
0.571132	-0.803085	-0.169888
0.0297357	-0.9759	-0.216183
-0.529075	-0.497377	-0.687529
0.581281	-0.642358	0.499489
0.110799	-0.917588	-0.38178
0.345394	-0.854523	0.387934
-0.100006	-0.971629	-0.214324
0.206518	-0.771844	-0.601338
0.579156	-0.689712	0.434599
-0.662701	-0.670997	0.332551
0.193257	-0.981145	-0.00236042
-0.398399	-0.880935	0.255405
-0.33025	-0.943233	0.0353016
-0.149394	-0.985358	-0.0821701
0.117631	-0.805687	0.580544
0.0300916	-0.902749	-0.429114
-0.136233	-0.819233	0.557044
0.186611	-0.982339	0.013665
0.654889	-0.124544	-0.745392
-0.42443	-0.838554	-0.341595
0.61536	-0.590964	-0.521625
-0.520571	-0.852243	0.0518366
-0.00475141	-0.936416	0.350858
0.729954	-0.67612	-0.100143
0.029891	-0.982242	-0.185223
-0.229218	-0.437777	-0.869374
-0.0130926	-0.999644	0.0232394
0.472852	-0.871802	0.127958
0.496143	-0.513447	0.700153
-0.179226	-0.657531	0.7318
0.731206	-0.26077	-0.630347
0.500659	-0.348757	0.792281
-0.120731	-0.973544	0.193999
-0.0863485	-0.926741	-0.365643
0.44588	-0.847773	0.287179
-0.0469726	-0.345439	0.937265
0.131389	-0.99133	-0.000842116
0.489116	-0.871669	-0.0309513
0.187789	-0.979679	0.070462
-0.129991	-0.973947	-0.185821
0.191822	-0.976395	0.0992798
0.393439	-0.712587	-0.580884
0.802381	-0.479307	0.355596
0.182554	-0.897734	0.400933
0.506245	-0.862322	-0.0107964
0.0907852	-0.995858	-0.00491229
0.0111336	-0.850141	0.526437
0.17791	-0.87496	0.450325
0.460889	-0.796439	-0.391493
0.0954565	-0.429163	0.898169
-0.0283469	-0.732257	-0.680438
-0.149931	-0.948479	0.279121
-0.205244	-0.871078	0.446204
0.233578	-0.668814	0.705783
-0.501141	-0.783654	-0.367077
-0.248907	-0.965863	-0.0717908
0.567159	-0.519083	-0.63944
0.38988	-0.920419	-0.028681
-0.221749	-0.96499	0.140081
0.291051	-0.792265	-0.53629
0.1059	-0.982378	0.15401
0.185487	-0.975502	-0.118284
0.808014	-0.573129	0.136519
0.0312635	-0.999469	0.00922196
0.196802	-0.972842	0.121853
-0.378625	-0.712088	-0.591247
-0.0883282	-0.962425	0.256779
-0.529626	-0.653757	-0.540461
0.419342	-0.901528	-0.106765
0.605512	-0.684374	-0.406186
0.0206096	-0.831286	-0.555462
0.0857731	-0.9945	-0.0601002
-0.615373	-0.678728	-0.400805
-0.271015	-0.962468	-0.0143276
-0.613227	-0.715775	-0.334093
0.418311	-0.893668	-0.1624
0.370346	-0.905908	-0.205365
0.0996748	-0.994834	-0.0192463
-0.423445	-0.697242	-0.578401
-0.33634	-0.866243	0.369458
0.669364	-0.654882	0.350828
0.466748	-0.880554	0.0822901
0.747487	-0.368456	0.552724
-0.303223	-0.707633	0.638209
0.0207018	-0.562106	0.826806
0.343589	-0.792915	-0.503221
0.627592	-0.708507	-0.322717
0.378877	-0.825531	-0.418271
0.668514	-0.623068	0.406048
-0.755407	-0.63714	0.15301
0.288283	-0.908845	-0.301486
0.0269342	-0.965689	-0.258301
0.604166	-0.67738	-0.419689
-0.216161	-0.962548	-0.163631
0.0151898	-0.999714	-0.018448
-0.0139768	-0.998784	-0.0472699
0.289285	-0.94135	-0.17371
0.426199	-0.685864	0.589869
0.0212191	-0.999229	0.0330204
0.318597	-0.895633	0.310383
0.368602	-0.905678	0.209476
-0.787177	-0.558034	0.262585
0.419938	-0.86807	0.264777
-0.074801	-0.961811	-0.263295
0.707872	-0.643177	0.291959
-0.454392	-0.872466	-0.179808
-0.0400452	-0.828028	0.559255
-0.268456	-0.71793	0.642268
0.278438	-0.760129	-0.587091
-0.461124	-0.869936	0.17486
-0.864565	-0.424034	-0.269672
-0.210271	-0.952691	-0.219469
-0.454285	-0.842821	0.288579
-0.464779	-0.857471	0.220738
-0.463359	-0.849244	0.253147
0.465447	-0.769772	0.436818
0.241015	-0.967418	0.0775574
-0.796115	-0.389795	-0.462883
-0.652419	-0.643818	0.399809
-0.483013	-0.799677	0.356673
-0.314598	-0.946893	0.066499
-0.0343568	-0.816597	-0.576185
-0.725493	-0.681032	0.0992701
-0.533402	-0.84576	0.0131602
0.320967	-0.726987	-0.607017
-0.301459	-0.920017	-0.250382
-0.112355	-0.889204	0.443501
-0.0214916	-0.915721	-0.401239
0.0196114	-0.97006	-0.242071
-0.104198	-0.941924	0.319253
0.412417	-0.90057	0.137428
-0.925798	-0.366911	0.0909611
-0.208506	-0.927753	-0.309515
-0.736622	-0.167519	0.65523
0.0771605	-0.936276	0.342685
-0.32106	-0.923194	0.211269
-0.263744	-0.960063	-0.0933755
0.343346	-0.807805	-0.479129
-0.166048	-0.743925	0.647305
0.532259	-0.82267	0.199786
-0.444174	-0.844008	-0.3006
0.584477	-0.667589	-0.461206
0.677509	-0.730269	-0.0876846
0.799476	-0.521356	-0.298372
0.458198	-0.827307	0.324989
0.306365	-0.94722	0.0944201
0.527613	-0.684289	-0.503361
-0.493054	-0.865337	0.0899427
0.810775	-0.363309	0.458968
0.272889	-0.601438	0.750869
0.207353	-0.837287	-0.505919
0.0131978	-0.99059	0.136226
0.402787	-0.632251	-0.661832
0.184232	-0.93787	0.29404
0.119325	-0.949678	-0.28961
0.207124	-0.946257	0.248391
-0.137003	-0.941329	-0.308432
-0.841035	-0.423892	-0.336119
0.402383	-0.596687	-0.694301
0.184028	-0.964435	-0.189736
0.230186	-0.972514	0.0350965
-0.182011	-0.922262	0.341035
0.964117	-0.252021	-0.0834557
0.249079	-0.902623	-0.351044
0.00522322	-0.996908	0.0784036
-0.328822	-0.935655	-0.128164
-0.713331	-0.698282	-0.0596823
-0.138598	-0.775543	-0.615893
0.432342	-0.698432	0.570327
0.689749	-0.722126	0.0527255
0.454633	-0.809774	0.37091
-0.213651	-0.761043	-0.612508
-0.216477	-0.93987	0.264163
-0.827135	-0.484014	-0.28562
-0.720236	-0.399938	-0.566842
-0.695785	-0.716333	0.0524432
0.218916	-0.74658	0.628246
-0.013854	-0.906944	-0.421023
-0.0738128	-0.967264	-0.2428
0.0193541	-0.618623	-0.785449
-0.383855	-0.843252	-0.376272
-0.127866	-0.724214	-0.677617
0.346775	-0.889841	-0.296529
-0.661923	-0.538263	-0.521662
-0.224015	-0.920748	-0.319437
0.851681	-0.459861	-0.251331
0.573056	-0.817133	-0.0624486
-0.403978	-0.893897	-0.194295
-0.402166	-0.64798	0.646826
-0.691809	-0.710612	-0.128184
-0.139805	-0.952015	0.272254
0.0496231	-0.99871	0.0107746
0.344804	-0.929104	0.133699
0.376904	-0.916408	0.13468
0.217014	-0.498391	-0.839352
-0.565294	-0.822231	0.0661724
0.038816	-0.997578	0.0577127
0.330692	-0.938219	-0.101918
0.11469	-0.992899	-0.0315733
0.0465232	-0.646027	0.761895
0.0684645	-0.881663	0.466887
-0.107105	-0.968112	0.226469
-0.214931	-0.883618	0.415962
0.29295	-0.932796	-0.209933
0.175901	-0.896921	0.405699
0.16306	-0.935704	0.312841
-0.234119	-0.894144	-0.381699
0.0240858	-0.903521	-0.427867
0.454895	-0.872864	-0.176578
0.10932	-0.935015	-0.337337
-0.831786	-0.462571	-0.306854
0.44518	-0.848305	0.286694
-0.524888	-0.746591	0.408771
-0.128904	-0.986331	-0.102642
0.240288	-0.95572	0.169882
-0.489851	-0.852683	-0.181598
-0.0899519	-0.732043	0.675293
-0.125453	-0.920598	-0.369812
-0.330908	-0.90995	0.249983
0.30549	-0.921139	-0.241203
-0.38444	-0.879283	-0.281189
-0.540059	-0.806762	0.239732
0.687118	-0.671626	-0.277105
-0.0755731	-0.967054	0.243097
0.670457	-0.694391	0.26136
0.166674	-0.946916	0.274901
0.789106	-0.272032	-0.550736
0.775989	-0.3963	-0.4907
0.328966	-0.86399	-0.381186
-0.119517	-0.986042	0.115919
0.240294	-0.960588	0.139747
0.32178	-0.938189	0.127511
0.673942	-0.735786	-0.0664949
-0.269041	-0.939823	-0.210593
0.386489	-0.871611	-0.301531
0.272612	-0.959964	-0.0644404
0.0029409	-0.999549	0.0299002
-0.112862	-0.661217	-0.741657
-0.0651315	-0.953702	-0.293618
-0.19639	-0.929801	0.31129
-0.328441	-0.826011	0.458075
-0.400468	-0.820111	-0.40871
0.119222	-0.992803	-0.011297
0.488992	-0.818289	0.302142
-0.489564	-0.87163	0.0242613
-0.102961	-0.991905	0.0743178
-0.0389579	-0.981439	-0.187775
-0.656628	-0.682531	0.320923
0.0308262	-0.808088	0.588255
-0.699015	-0.71483	-0.0199008
0.351721	-0.672107	-0.651586
0.0521343	-0.998065	-0.0338996
-0.227701	-0.972578	-0.0473707
0.213131	-0.956571	-0.198863
0.281996	-0.776171	0.563948
0.389219	-0.846217	0.363902
-0.0873111	-0.241432	-0.966482
-0.0941933	-0.903613	0.417864
-0.0096576	-0.977853	0.20907
-0.149251	-0.454495	0.878156
0.497363	-0.86722	0.0236383
0.756226	-0.529093	-0.384945
0.650056	-0.759846	0.00783982
0.404643	-0.881573	-0.243092
-0.587495	-0.153975	-0.794444
-0.0111393	-0.965129	0.261536
-0.847404	-0.381929	0.36883
-0.0429291	-0.814351	-0.578783
0.123846	-0.991868	0.0293173
0.689534	-0.64052	0.338049
-0.447127	-0.861723	-0.239814
0.067466	-0.844943	-0.530584
-0.121867	-0.877125	0.464543
-0.311396	-0.883202	0.350695
0.402783	-0.760046	-0.509996
0.0905483	-0.892255	0.442359
-0.831433	-0.361703	0.421769
0.187352	-0.973562	0.130679
0.648772	-0.755718	-0.0893595
0.107368	-0.992261	0.0623777
0.268997	-0.953249	0.137682
-0.297189	-0.361068	0.883917
-0.883983	-0.243887	0.398866
-0.615988	-0.653499	0.439884
0.681095	-0.489777	0.544268
0.282666	-0.948657	0.141951
-0.215136	-0.744046	-0.632544
0.242749	-0.960482	-0.136189
-0.43083	-0.805187	-0.407504
0.0743167	-0.93166	0.35565
-0.745177	-0.549201	0.378272
0.244758	-0.864873	0.438279
-0.161678	-0.904595	-0.394422
-0.449243	-0.74356	0.495277
0.517374	-0.846387	0.126305
-0.11422	-0.91749	0.381005
-0.0325769	-0.988524	-0.14751
0.303563	-0.925549	0.226292
0.636109	-0.769577	0.0558312
-0.226908	-0.923133	0.310383
-0.266441	-0.912643	0.309986
-0.253289	-0.879012	0.403958
0.0919704	-0.77031	0.631003
-0.0582812	-0.93155	0.358911
0.294777	-0.952046	0.0819397
0.0831314	-0.800322	-0.59378
0.276166	-0.80617	0.52328
0.224455	-0.927044	0.30035
-0.368816	-0.740187	0.562226
0.108913	-0.973217	-0.202452
-0.241629	-0.72095	0.649497
0.339163	-0.927575	0.156756
0.325846	-0.909677	0.257512
0.49993	-0.851128	0.160159
-0.0683808	-0.952835	0.295686
0.71829	-0.654826	0.235079
-0.0761777	-0.95792	0.276742
-0.445459	-0.635613	-0.630525
0.300095	-0.857531	-0.417833
0.589486	-0.767174	0.252884
0.0482377	-0.944326	0.325457
-0.61999	-0.50583	0.599791
-0.198295	-0.798913	-0.567817
0.362091	-0.65285	0.66534
-0.432309	-0.886417	-0.165453
-0.780921	-0.388125	-0.489409
0.184761	-0.896675	0.402291
0.207315	-0.479475	0.852716
-0.283153	0.363871	-0.887368
0.458453	-0.78542	-0.415856
0.159258	-0.938336	-0.306858
0.257435	-0.82457	0.503798
-0.130025	-0.979284	-0.155227
0.439346	-0.878602	0.187174
0.398494	-0.69236	0.601531
-0.692916	-0.720252	0.0332258
-0.342491	-0.709907	-0.615412
0.210259	-0.956155	0.203859
0.205502	-0.944872	0.254923
0.245337	-0.93311	0.262899
-0.516982	-0.823429	0.233868
-0.434498	-0.831006	0.347332
-0.497966	-0.574094	0.649959
-0.0595833	-0.830463	-0.553878
-0.560875	-0.329613	0.759457
0.108296	-0.980472	0.164153
-0.457509	-0.692102	0.558283
0.147027	-0.884361	0.443045
-0.0588877	-0.834033	0.548563
-0.271373	-0.945716	0.178824
0.302135	-0.789954	-0.533561
0.200226	-0.850778	0.485886
-0.217349	-0.858835	-0.463856
0.0412416	-0.787455	0.614991
-0.0901613	-0.575481	0.81283
0.150276	-0.98656	-0.0641622
0.0524698	-0.89092	0.451119
-0.324722	-0.612791	0.720447
-0.965371	-0.246759	0.0846656
0.117192	-0.448368	0.886133
-0.242397	-0.926458	-0.287958
-0.183774	-0.474992	0.860587
-0.213704	-0.811585	0.543747
0.0358887	-0.367011	-0.929524
-0.565253	-0.820553	0.0847501
-0.0481533	-0.983222	0.175945
-0.500072	-0.797375	0.337818
0.417801	-0.892934	0.167663
0.10565	-0.971273	0.21323
-0.0383341	-0.97071	0.237176
0.143412	-0.886457	-0.440031
0.650077	-0.721328	-0.238926
0.0911175	-0.925441	-0.367773
-0.221642	-0.402954	0.887977
-0.396122	-0.91444	0.0829872
0.000347206	-0.888841	-0.458215
0.166648	-0.967129	-0.192065
0.49664	-0.822367	-0.277598
0.638334	-0.757852	-0.134869
0.0395034	-0.986425	-0.159389
-0.955842	-0.039883	0.291164
-0.489729	-0.871276	0.0322939
-0.19431	-0.964755	0.177459
-0.220557	-0.485056	0.846212
0.575309	-0.724391	-0.379837
-0.511747	-0.853284	0.10011
-0.182907	-0.97612	-0.117195
-0.32585	-0.930813	-0.165557
0.17186	-0.427551	-0.887504
0.583168	-0.729713	0.356979
0.446594	-0.451101	0.772698
-0.530921	-0.814739	0.233073
-0.349111	-0.886986	0.302286
0.353373	-0.822212	0.446201
0.299732	-0.941007	-0.157053
-0.606779	-0.793314	0.049723
-0.352732	-0.748006	0.562198
0.156974	-0.987598	0.00321891
-0.169107	-0.900888	0.399754
0.482335	-0.78262	0.393521
0.428735	-0.716449	0.550352
-0.0973866	-0.87454	0.475074
0.508369	-0.53839	-0.672084
-0.238972	-0.818823	-0.52194
0.412403	-0.564966	0.714659
0.00126037	-0.490122	0.871653
-0.358288	-0.764476	0.535916
-0.202268	-0.970828	0.128764
-0.302406	-0.768967	-0.563241
0.130585	-0.894286	-0.428018
0.339452	-0.937566	-0.0757739
0.446085	-0.872822	0.197963
-0.718216	-0.639179	0.274983
-0.321201	-0.497013	-0.806106
-0.422188	-0.895181	0.142856
-0.684501	-0.728606	-0.0243311
-0.148297	-0.944846	-0.292016
-0.425491	-0.76303	-0.486563
0.101255	-0.988428	-0.112951
-0.503525	-0.840725	-0.199106
0.188619	-0.977921	-0.089964
-0.226164	0.0473386	0.972938
-0.251653	-0.885951	0.389566
-0.0843687	-0.901277	0.424949
-0.379399	-0.92357	-0.0554535
0.120527	-0.633034	0.764683
0.127375	-0.991528	0.0254524
-0.31999	-0.453354	0.831911
-0.295805	-0.818059	0.493234
-0.239308	-0.931231	0.274846
-0.0902294	-0.826505	0.555651
0.194552	-0.836316	0.512566
0.645348	-0.689551	0.328702
-0.511623	-0.744632	-0.428679
-0.547267	-0.77212	-0.323001
0.0979663	-0.995057	0.0162573
0.0485322	-0.9944	0.0938795
-0.39423	-0.896479	-0.202259
0.124638	-0.984571	-0.122823
0.807688	-0.565571	-0.166642
0.466374	-0.730428	0.49897
-0.382698	-0.881918	0.27525
0.395144	-0.745143	0.537236
0.543852	-0.803985	-0.240483
-0.036157	-0.742061	-0.669357
-0.792961	-0.602259	0.0921792
0.151489	-0.988298	-0.017845
-0.0726428	-0.884319	-0.461197
0.334324	-0.775189	0.536012
-0.496228	-0.676096	0.544658
0.155875	-0.873493	0.461208
0.274436	-0.264726	-0.924448
-0.483065	-0.869345	0.104341
0.417462	-0.450262	0.789297
-0.42077	-0.879145	0.223735
0.24246	-0.862677	-0.443849
-0.37931	-0.793126	0.476524
0.0573317	-0.998227	-0.0159797
-0.065489	-0.989667	0.127559
0.444169	-0.810077	0.382738
-0.000606978	-0.982493	-0.186298
0.192791	-0.816629	0.544011
-0.866358	-0.498703	-0.0268218
-0.25366	-0.964818	0.0691593
0.411094	-0.860224	-0.30169
0.745169	-0.604102	-0.282459
0.238272	-0.648641	0.722835
0.796729	-0.354237	0.489631
0.421094	-0.707056	-0.568112
0.289253	-0.728223	0.621308
-0.165594	-0.856374	0.489083
-0.138057	-0.89403	-0.426206
0.20692	-0.690003	-0.693599
-0.416017	-0.890553	-0.183973
-0.110477	-0.00667695	0.993856
-0.183097	-0.981917	0.0481141
0.493915	-0.811214	-0.313019
0.244985	-0.877876	0.41148
-0.516778	-0.784426	0.342952
0.00480481	-0.7573	0.653049
0.117381	-0.884096	0.452322
0.533622	-0.839598	0.101598
-0.185395	-0.305883	-0.933844
-0.641108	-0.767002	-0.0262454
-0.454037	-0.860868	0.229687
-0.24555	-0.95473	0.167919
-0.232347	-0.762494	0.603835
0.268233	-0.355504	0.895359
0.622423	-0.765464	0.163261
0.25873	-0.943157	0.208597
-0.328393	-0.824151	0.461446
0.474816	-0.814104	0.334342
-0.712514	-0.569331	0.410104
0.775862	-0.510139	0.371209
0.425578	-0.687392	0.588537
0.593965	-0.803487	0.0401695
-0.373919	-0.793743	-0.479747
0.358855	-0.933387	-0.00346117
0.545003	-0.684838	0.483702
-0.220296	-0.973624	-0.0593851
0.452073	-0.463711	-0.761973
-0.0270935	-0.973229	-0.228237
-0.220892	-0.957115	0.187453
0.042378	-0.99875	-0.02651
-0.391803	-0.713451	-0.580929
-0.00524166	-0.998942	-0.0456804
0.399594	-0.879101	-0.25982
0.0632733	-0.99321	-0.0976216
0.151337	-0.860735	0.486037
0.109382	-0.90973	-0.400533
-0.193269	-0.825257	0.530657
-0.362733	-0.756556	0.544103
-0.242647	-0.965643	0.0930368
0.0413682	-0.645426	-0.762702
0.689085	-0.637151	-0.345254
0.476125	-0.861195	0.177899
0.451779	-0.787638	0.418954
-0.3401	-0.770257	-0.539477
0.350624	-0.922254	-0.162819
0.337837	-0.925502	0.171206
0.0925657	-0.921032	-0.378328
0.16341	-0.955583	-0.24527
-0.0448087	-0.953681	-0.297463
0.261321	-0.955785	0.134854
-0.425535	-0.884891	0.189439
0.231993	-0.902185	-0.363649
0.0416901	-0.214628	-0.975806
-0.322618	-0.685539	-0.652652
-0.815931	-0.577051	0.0356203
0.188576	-0.949015	0.252606
-0.127465	-0.988435	-0.0821481
-0.12048	-0.99217	0.0328978
-0.26426	-0.964373	0.0123275
0.486421	-0.79854	-0.354582
-0.264524	-0.944497	-0.194813
-0.136122	-0.85356	-0.502898
0.228078	-0.936677	0.265739
-0.0496749	-0.686003	-0.725901
-0.161296	-0.95818	0.236379
0.526546	-0.194836	-0.827519
-0.636383	-0.51709	0.572394
-0.2872	-0.950686	-0.117101
-0.137698	-0.820069	0.555452
-0.530903	-0.556975	0.638686
-0.364249	-0.775521	-0.515645
0.544322	-0.835688	-0.0730629
0.335319	-0.937396	-0.0940721
-0.0869962	-0.959908	0.266476
-0.011665	-0.955043	-0.296239
0.166899	-0.924517	0.342656
-0.313415	-0.933961	-0.171719
0.133209	-0.458191	-0.878815
0.323498	-0.900841	0.289543
0.75738	-0.631481	-0.166156
-0.0277572	-0.86251	0.505279
-0.717301	-0.690147	0.0957903
0.272102	-0.935925	0.223619
-0.428372	-0.841976	-0.327985
0.0369499	-0.989956	-0.136464
0.328668	-0.807741	0.48942
0.214034	-0.973028	0.0860591
-0.722978	-0.68578	0.0837182
0.424562	-0.88065	-0.210245
0.0786092	-0.911172	0.404457
-0.355844	-0.790752	0.498083
0.099719	-0.984206	0.146266
-0.562346	-0.800049	-0.209019
0.0514976	-0.550384	0.833322
-0.23562	-0.634528	-0.73611
0.828721	-0.537508	-0.155905
-0.152285	-0.982292	0.109138
0.445246	-0.661004	0.604012
-0.13156	-0.977872	0.162659
0.167704	-0.587818	0.79142
-0.566574	-0.817014	0.107155
-0.298216	-0.809228	-0.50618
0.0223354	-0.99862	0.0475387
-0.282304	-0.945712	0.16104
0.617309	-0.710077	0.338702
-0.44257	-0.831306	0.336248
0.0023127	-0.999413	-0.0341771
-0.572418	0.0422292	-0.818874
0.263586	-0.0774627	-0.961521
0.648865	-0.568935	-0.505259
-0.00137329	-0.988965	-0.148141
0.824088	-0.0919701	0.558947
0.32719	-0.92818	-0.177279
0.188141	-0.968425	-0.163573
0.134988	-0.720587	0.680097
0.525561	-0.840798	-0.129784
0.137575	-0.96497	-0.223396
-0.0281066	-0.378341	0.92524
-0.39543	-0.726194	-0.562385
0.317358	-0.948304	0.00181884
-0.0989094	-0.769868	-0.630492
0.59489	-0.797606	0.0996462
-0.25187	-0.966779	-0.0435954
0.12864	-0.991247	-0.029698
-0.483141	-0.727292	0.487464
-0.00146142	-0.822196	-0.569203
0.365685	-0.811257	0.456219
-0.0129617	-0.92793	-0.372529
-0.326203	-0.725816	0.605625
-0.0842187	-0.992792	0.085275
-0.0141481	-0.996206	-0.0858702
-0.540249	-0.713344	0.446397
0.332351	-0.849906	-0.408905
-0.452027	-0.891579	0.0275604
0.234091	-0.869162	-0.435613
0.0277688	-0.902644	0.42949
0.614279	-0.516848	-0.596263
0.0231781	-0.910985	-0.411787
0.4511	-0.452943	-0.768994
0.738435	-0.674318	0.00315167
0.378515	-0.850487	0.365236
-0.414918	-0.828157	0.376828
0.221216	-0.898245	0.379762
0.0147144	-0.973371	-0.228761
-0.342343	-0.850419	0.399487
-0.285709	-0.826239	-0.485489
0.381542	-0.899103	0.214566
0.584725	-0.691064	-0.424886
-0.0268793	-0.996337	-0.0811844
-0.478841	-0.816649	-0.322174
-0.441777	-0.800517	-0.404976
0.343642	-0.838373	0.423133
-0.299031	-0.945923	-0.125742
0.349298	-0.936382	-0.0343398
-0.126837	-0.987941	-0.0887923
0.17086	-0.934947	0.310937
-0.0528806	-0.958322	0.280752
0.376314	-0.846252	0.377154
0.5082	-0.855788	0.0967479
0.346506	-0.91859	0.19007
0.102494	-0.93325	0.344296
-0.0320736	-0.787918	0.614944
0.145892	-0.986476	-0.0747018
0.00476156	-0.922379	0.386256
0.520304	-0.843185	0.135365
-0.430356	-0.861344	0.269964
0.130181	-0.839866	0.526952
-0.12706	-0.959646	0.250868
0.18214	-0.982098	0.0480468
0.893111	-0.420752	-0.159124
-0.263493	-0.563954	0.782641
0.134332	-0.902575	-0.40904
-0.198342	-0.956428	-0.214258
-0.40438	-0.525933	-0.748246
-0.340091	-0.940208	-0.0186173
0.111209	-0.966108	0.232956
-0.419306	-0.705362	0.57153
0.0786629	-0.99689	0.00472827
-0.155095	-0.91113	-0.381822
0.582464	-0.755202	0.300676
0.357635	-0.710051	0.606567
-0.212009	-0.955944	-0.203034
0.495609	-0.686086	0.532596
-0.614986	-0.735666	0.283881
0.682651	-0.642715	-0.347714
-0.105927	-0.938455	0.328757
-0.51046	-0.730829	0.453123
-0.244317	-0.969093	-0.0341667
-0.374005	-0.924424	0.0745768
-0.184688	-0.679223	-0.710314
0.391201	-0.667964	0.633077
0.704463	-0.688532	-0.172204
-0.353024	-0.929065	-0.110507
-0.572408	-0.766955	0.29005
0.0223712	-0.962146	0.271613
0.267683	-0.776531	0.570391
0.128391	-0.991313	0.0285313
-0.287426	-0.863334	-0.414778
0.440917	-0.702957	0.558072
0.474127	-0.769702	0.427507
0.100104	-0.973904	-0.203692
0.223341	-0.71833	0.658878
0.0754153	-0.982298	-0.171473
-0.115758	-0.9797	0.163669
-0.317619	-0.893945	-0.316196
-0.367656	-0.886542	-0.280841
-0.23129	-0.891962	0.388469
0.409907	-0.667931	-0.621164
0.242647	-0.852421	0.463143
0.662067	-0.73842	-0.128072
0.0123628	-0.97715	0.212193
0.0436571	-0.819697	-0.571131
-0.109224	-0.993862	0.0175396
-0.0525132	-0.998614	0.00357782
0.818725	-0.363159	-0.444751
0.348218	-0.877985	-0.328462
0.434841	-0.900375	-0.0154032
0.107929	-0.902826	0.416241
-0.548606	-0.631978	-0.547389
-0.132087	-0.828649	-0.543961
0.364936	-0.888249	-0.278989
0.111191	-0.924177	-0.365423
0.445659	-0.653037	0.612315
-0.0825518	-0.843735	0.530373
-0.102719	-0.969127	-0.224146
-0.225784	-0.833387	-0.504468
0.576187	-0.681542	0.45112
0.381558	-0.830368	0.406082
-0.0501514	-0.997775	-0.0439407
0.754943	-0.390209	0.527065
0.335985	-0.941012	-0.0401391
0.371917	-0.86575	-0.334895
-0.0306295	-0.99341	-0.110443
-0.0510102	-0.991992	-0.115538
0.356407	-0.925968	0.124731
-0.754256	-0.609018	-0.245346
-0.641207	-0.519092	0.565152
0.169304	-0.980852	-0.0962623
-0.566159	-0.790417	0.23389
-0.422022	-0.878126	0.225371
0.161675	-0.975411	0.149779
-0.802246	-0.56166	-0.202333
0.103632	-0.940242	-0.324353
0.295803	-0.775465	0.557812
0.0815012	-0.786954	0.611606
-0.0127274	-0.985354	-0.170048
-0.173139	-0.984872	-0.00705177
-0.288826	-0.901731	0.321653
-0.202392	-0.923775	-0.32508
-0.00419549	-0.99866	0.051585
-0.606068	-0.764959	0.217987
-0.137471	-0.968354	0.20831
-0.253165	-0.918599	0.303452
0.122365	-0.963773	0.237
-0.0173471	-0.982887	0.183392
0.0918933	-0.995406	-0.0268836
-0.33309	-0.924481	-0.185436
0.095425	-0.965385	0.242747
0.529034	-0.747979	0.400811
0.289774	-0.60351	-0.742837
0.560704	-0.798086	0.220611
-0.333717	-0.938793	-0.0854458
-0.0627764	-0.994376	0.0852977
0.668849	-0.729414	-0.143513
-0.214891	-0.935824	0.279384
0.181525	-0.956015	-0.2304
0.218124	-0.953094	-0.209843
0.278113	-0.920459	0.274607
0.523342	-0.780672	-0.341563
0.864515	-0.494724	-0.0886697
0.613911	-0.788723	0.0320904
0.146048	-0.935248	0.322462
0.574769	-0.706956	-0.412132
0.535563	-0.8299	0.15633
-0.396077	-0.864761	0.308724
0.397413	-0.598323	0.695754
-0.201854	-0.979226	-0.0192883
0.263768	-0.828309	-0.494298
-0.349975	-0.693709	0.629512
0.0742415	-0.996786	0.0300957
0.602152	-0.797978	-0.0253807
0.583986	-0.811222	0.0296567
0.276492	-0.892948	-0.355242
0.657671	-0.625885	0.41921
0.0785348	-0.995556	0.051965
-0.100809	-0.9847	0.142136
0.206349	-0.977913	-0.0332559
-0.0653159	-0.814188	0.576916
0.107858	-0.720388	0.685134
0.305943	-0.702819	0.642218
-0.582318	-0.797097	0.159819
0.749232	-0.600945	0.278418
-0.174559	-0.9706	0.165728
-0.474082	-0.691342	0.545245
-0.412063	-0.897865	-0.155055
-0.198742	-0.955578	-0.217651
0.803593	-0.573435	0.159408
-0.628795	-0.774526	0.06875
0.243711	-0.70279	0.668349
0.237029	-0.968476	-0.076632
-0.307407	-0.869376	0.386893
0.60129	-0.649358	0.465601
-0.269508	-0.942269	0.198734
-0.554877	-0.831903	0.00704189
-0.184165	-0.968154	0.169588
0.350262	-0.916358	0.193917
0.00937136	-0.978267	0.207137
-0.4685	-0.870296	0.151962
0.446171	-0.832161	-0.329302
-0.472328	-0.862522	-0.181552
-0.416157	-0.865154	-0.27986
0.287716	-0.939883	0.183954
0.309216	-0.935834	0.169117
-0.484404	-0.844216	-0.22946
-0.23506	-0.926027	-0.295333
0.755444	-0.537978	0.374011
-0.336904	-0.886799	0.316359
-0.288205	-0.897785	0.333047
0.193418	-0.971288	-0.138525
0.642547	-0.708167	-0.292632
0.061139	-0.726529	0.68441
0.364806	-0.839161	-0.403392
0.419301	-0.652529	-0.631183
0.312964	-0.922642	0.225356
-0.260259	-0.936147	0.236418
-0.00447725	-0.999439	0.0331843
0.273482	-0.81971	0.503272
0.490255	-0.866576	0.093254
0.00806529	-0.738703	-0.673982
0.35703	-0.931028	-0.0756133
0.328706	-0.837834	0.435875
0.124074	-0.979764	0.157063
0.431284	-0.834228	-0.343595
-0.357456	-0.796386	0.487846
0.553971	-0.792218	-0.255942
0.229767	-0.736763	0.635914
0.416088	-0.477796	0.77368
-0.492205	-0.751417	0.439439
0.130432	-0.966752	0.219952
-0.0231354	-0.840987	-0.540561
-0.0814775	-0.903983	-0.419733
-0.341662	-0.939821	0.00205638
0.0236001	-0.999716	0.00329388
-0.127289	-0.540286	-0.831799
-0.0159412	-0.999551	0.0253729
0.401995	-0.901352	0.161136
-0.00967641	-0.988563	-0.150498
0.323749	-0.90421	0.278551
0.0253849	-0.897878	0.439511
0.218874	-0.949263	0.225817
-0.406747	-0.89856	-0.16476
0.0140033	-0.809497	0.586957
-0.237835	-0.952596	0.189725
-0.150455	-0.936162	0.317747
0.419295	-0.818608	0.392522
0.289487	-0.947512	-0.135715
0.35039	-0.867885	-0.35214
0.0679957	-0.994189	0.0834498
0.0192692	-0.961792	0.273101
-0.113362	-0.993398	-0.0176035
-0.0815469	-0.990893	0.107147
0.51339	-0.835766	0.194747
-0.671495	-0.429617	0.603758
0.40146	-0.826581	0.394454
-0.137553	-0.943078	-0.302792
0.189771	-0.833493	0.518919
0.085137	-0.945648	-0.313849
-0.0458011	-0.887043	0.459409
0.190446	-0.979628	-0.0637113
-0.634969	-0.63973	-0.433083
0.413231	-0.901065	-0.13161
0.0378815	-0.971342	0.234648
-0.716702	-0.197343	0.668875
0.061205	-0.921298	-0.38401
0.00252426	-0.938748	0.344596
0.00789167	-0.955284	-0.295586
-0.2047	-0.80355	-0.558933
-0.143146	-0.957566	-0.250155
0.483573	-0.846471	-0.222807
-0.275517	-0.952865	0.127035
0.410605	-0.899072	0.1519
-0.150934	-0.983439	-0.100329
0.061526	-0.856736	-0.512072
0.445285	-0.880538	0.162404
0.340679	-0.800527	-0.493046
0.505848	-0.772491	-0.383894
0.0236365	-0.966666	-0.254948
0.439172	-0.738449	0.511685
0.314264	-0.89737	0.309782
-0.23041	-0.916021	0.328353
0.18121	-0.805541	0.564151
0.140778	-0.942954	-0.301694
0.31826	-0.897337	0.305771
-0.641231	-0.728671	0.240543
0.0418398	-0.99669	-0.0697048
0.179032	-0.982316	0.0547995
-0.237231	-0.926252	0.29288
0.0546938	-0.76846	0.637556
0.728557	-0.570369	0.37932
0.221068	-0.880499	0.419345
-0.712851	-0.241362	0.658473
0.567601	-0.759296	0.318275
-0.0914345	-0.97337	0.210215
-0.0735301	-0.759038	0.646881
-0.380818	-0.837933	-0.390954
0.393279	-0.919417	-0.00184037
0.219598	-0.975132	0.0298916
-0.293064	-0.941003	-0.169197
-0.30871	-0.912707	0.267702
0.446446	-0.871018	0.204971
0.242791	-0.867516	0.434129
0.206327	-0.959909	-0.189747
-0.120424	-0.97203	-0.201631
-0.0170247	-0.955862	-0.293321
-0.501926	-0.626865	0.595911
0.303549	-0.630904	0.714016
-0.175518	-0.981428	0.0774145
-0.0280866	-0.984466	0.173313
0.405118	-0.909733	-0.0909144
0.0558602	-0.979358	-0.194259
-0.226493	-0.964585	-0.135188
-0.30923	-0.950984	-0.00228261
-0.300258	-0.934623	0.190591
-0.0429092	-0.907791	0.417223
-0.499707	-0.857831	0.120083
-0.337064	-0.796347	0.502214
-0.383553	-0.913216	0.137564
0.300428	-0.856759	0.419174
-0.296138	-0.955023	0.0152921
0.032212	-0.770579	0.63653
-0.376281	-0.703958	0.602375
-0.485619	-0.80075	-0.350675
0.382349	-0.901159	-0.204257
0.455935	-0.875698	-0.158987
-0.0146195	-0.761829	0.647613
0.456031	-0.812998	0.362035
0.321257	-0.935939	-0.144265
-0.130404	-0.970163	-0.204397
0.341015	-0.902827	-0.261939
-0.467899	-0.871327	-0.147851
-0.507535	-0.852126	0.127629
-0.454127	-0.889052	0.0579214
0.553657	-0.831703	-0.0416461
-0.168534	-0.920776	-0.351808
-0.237361	-0.961778	-0.13654
0.31921	-0.922187	-0.218348
-0.573527	-0.806185	0.145372
0.289648	-0.81178	0.507067
-0.335379	-0.782841	0.524101
-0.536661	-0.664535	-0.519988
-0.155316	-0.895445	0.417198
-0.135394	-0.9035	0.406639
0.0810258	-0.995939	-0.0392367
0.496832	-0.834046	0.239845
0.0590376	-0.997138	-0.0472175
0.212891	-0.959484	0.184573
0.558009	-0.8209	0.121444
0.306839	-0.667949	0.678007
-0.578592	-0.812978	0.065565
-0.373778	-0.923574	-0.0854512
0.456596	-0.564081	0.687992
-0.61818	-0.777673	-0.114364
0.466297	-0.654146	0.595534
-0.279312	-0.920357	0.273731
-0.058274	-0.99393	0.0933137
0.183412	-0.983019	-0.00581839
0.0655877	-0.989261	0.130617
0.271956	-0.962236	0.0118967
-0.0779273	-0.9893	-0.123337
0.012485	-0.999483	0.0296381
-0.185028	-0.877599	0.44225
0.153863	-0.988091	0.00143351
-0.21479	-0.976138	-0.0319447
0.549612	-0.754779	-0.3581
-0.095178	-0.995317	0.0168779
-0.0459589	-0.887814	-0.457902
-0.406274	-0.912468	0.0484166
0.139289	-0.654036	0.743529
-0.255817	-0.664013	0.702598
-0.269671	-0.88246	0.385412
0.891484	-0.216729	-0.397849
-0.373507	-0.927248	0.026531
-0.621942	-0.782859	0.0178695
0.202069	-0.979293	0.0123634
0.287776	-0.937325	-0.196485
0.220287	-0.901622	0.372224
0.184501	-0.863508	-0.469375
-0.597868	-0.799892	-0.0522174
-0.2812	-0.906995	0.313508
0.353819	-0.892888	0.278501
-0.109652	-0.518409	0.848073
-0.593193	-0.778454	0.205258
0.0640971	-0.997823	-0.0155261
-0.273267	-0.857325	0.436256
-0.483091	-0.388574	0.784623
0.00357609	-0.894533	-0.446987
0.334971	-0.672764	0.659684
-0.0147154	-0.905631	0.423812
0.0511799	-0.893964	0.445207
-0.149138	-0.973889	0.17117
0.243938	-0.824062	0.511288
-0.330126	-0.93933	0.0931429
-0.050385	-0.96795	-0.246038
-0.242775	-0.941543	-0.233573
-0.0555299	-0.950857	0.30461
0.175654	-0.602039	0.778906
-0.467886	-0.874062	-0.13076
0.571352	-0.80839	0.14164
-0.618865	-0.646445	-0.446223
0.398425	-0.909574	0.118036
0.385232	-0.918351	0.0907086
0.110807	-0.936461	-0.332809
0.331188	-0.770455	0.544714
0.00864331	-0.965958	-0.258554
-0.305803	-0.914371	-0.265348
-0.290932	-0.939903	-0.178718
0.457311	-0.887119	0.0623515
0.0538274	-0.827737	-0.558529
0.0062484	-0.932275	0.361697
0.19139	-0.976837	-0.0957027
0.0644023	-0.666319	0.74288
-0.0760871	-0.950868	0.300102
-0.54295	-0.814912	-0.202792
0.252872	-0.931277	-0.262258
-0.119814	-0.988035	-0.0971118
0.424921	-0.787569	0.446294
-0.128997	-0.978559	0.160568
-0.077921	-0.901929	-0.424796
0.138346	-0.988017	-0.0684378
0.65012	-0.758179	0.0500962
-0.231247	-0.967387	-0.103379
-0.0844328	-0.770686	-0.631597
0.708363	-0.704851	-0.0375086
0.0511366	-0.998445	-0.0221975
-0.479448	-0.877423	-0.0160708
0.050293	-0.974392	-0.21916
-0.233931	-0.932329	-0.275753
-0.392643	-0.910912	-0.126772
0.421643	-0.904136	-0.0689572
-0.303595	-0.945102	0.120881
-0.160642	-0.986942	-0.011831
-0.200915	-0.944638	-0.259407
-0.0285669	-0.743415	-0.66822
-0.253267	-0.963939	0.0817196
0.0415473	-0.935192	0.351696
0.0662849	-0.997183	0.0351124
0.205378	-0.970274	0.128016
-0.046324	-0.998817	-0.0148083
0.163731	-0.984965	0.0550976
0.143783	-0.620695	0.770755
-0.29937	-0.827127	-0.475646
-0.104698	-0.949573	-0.295549
-0.16954	-0.964798	0.201047
0.0564558	-0.878631	0.474153
0.388682	-0.665997	0.63669
-0.012278	-0.982481	0.185957
-0.144407	-0.968472	0.202999
0.217088	-0.97516	0.0439888
0.39983	-0.897931	-0.184
-0.193859	-0.938404	0.286034
0.212894	-0.894439	0.393263
0.443504	-0.893876	-0.0654953
0.192115	-0.979714	-0.0570342
0.218509	-0.938469	-0.267449
0.0434289	-0.933534	0.355848
-0.582741	-0.784424	0.212347
-0.0763492	-0.801746	-0.592768
-0.31587	-0.943328	0.101776
0.371995	-0.683916	0.627597
0.205299	-0.960437	0.188187
-0.193478	-0.909789	-0.367219
0.091286	-0.787428	0.609609
0.389285	-0.831695	-0.395905
0.165574	-0.973827	-0.155711
-0.0829233	-0.74278	-0.66438
0.0910428	-0.960462	0.263103
-0.754017	-0.643027	0.134068
-0.179591	-0.896101	-0.405895
-0.417638	-0.838616	0.349717
0.354964	-0.919568	-0.168511
0.340996	-0.593536	-0.728997
-0.113701	-0.991812	-0.0581477
0.0428185	-0.995239	0.0875542
-0.020088	-0.997908	0.0614499
-0.314527	-0.944234	-0.0974399
-0.550807	-0.494776	0.672166
-0.242453	-0.961772	-0.127319
0.328563	-0.929886	0.165405
0.67918	-0.685781	0.26157
0.129705	-0.975451	-0.177968
-0.627547	-0.637646	-0.446757
0.336284	-0.941585	-0.0181909
-0.303724	-0.739706	0.600489
0.256797	-0.966305	-0.0176035
0.579445	-0.813778	0.0448236
0.320173	-0.92647	0.197846
-0.176889	-0.899387	-0.399766
-0.0946186	-0.151552	-0.98391
0.0403007	-0.994347	-0.0982319
0.475382	-0.879779	0.000709383
0.0377219	-0.998888	0.0282979
0.592936	-0.494383	0.63562
0.462766	-0.868237	0.178916
-0.742374	-0.64244	0.190133
0.473693	-0.88026	0.0275011
0.688337	-0.724857	-0.0278137
0.127018	-0.782077	0.6101
0.0788894	-0.807276	0.584877
-0.427772	-0.811922	-0.397233
-0.279635	-0.785219	0.552481
0.158595	-0.752199	0.639565
0.172571	-0.750751	0.637646
0.149672	-0.939028	-0.309554
0.43782	-0.852312	0.286143
-0.206964	-0.900082	0.38343
-0.218625	-0.919545	0.326558
0.318082	-0.660755	0.679872
-0.24845	-0.773977	0.582436
0.47166	-0.821102	0.321448
-0.392205	-0.917411	-0.0673247
0.352701	-0.572984	0.739792
0.105082	-0.891978	0.439697
0.635886	-0.754456	-0.162618
0.292682	-0.956148	-0.0108996
-0.068739	-0.984971	0.158453
0.348529	-0.910483	-0.222594
-0.0306513	-0.788071	-0.614821
0.188504	-0.834189	0.518261
-0.0645506	-0.762902	-0.643283
0.375989	-0.887528	-0.266318
0.23234	-0.903869	-0.359219
0.497705	-0.860851	0.105952
-0.238823	-0.955533	0.172973
-0.568067	-0.754691	0.328239
-0.0970171	-0.915413	0.39065
0.408919	-0.904077	-0.124218
0.594265	-0.726599	-0.344823
-0.0900179	-0.990305	-0.105799
-0.129757	-0.977699	0.165127
0.400188	-0.915825	-0.0333906
-0.635872	-0.640436	0.430707
0.147261	-0.822506	0.549362
-0.0728035	-0.8722	0.4837
-0.0469773	-0.865986	-0.497857
0.243084	-0.968456	0.0547993
-0.0630145	-0.902656	0.425725
-0.52921	-0.842235	0.102845
-0.110179	-0.993769	-0.016815
-0.099113	-0.990189	-0.0985027
0.376298	-0.556808	-0.740517
0.382366	-0.909349	-0.163952
-0.26559	-0.888189	-0.374942
-0.198858	-0.977272	-0.0734536
-0.471982	-0.481921	-0.738231
0.431729	-0.808675	0.399569
-0.705292	-0.641473	0.301786
0.41511	-0.790615	-0.450124
-0.793974	-0.448836	0.410063
-0.356186	-0.729107	-0.58441
-0.372688	-0.380491	-0.846363
0.418827	-0.782539	-0.46067
0.336515	-0.903848	0.264227
-0.242407	-0.962135	-0.124638
0.185597	-0.907779	-0.376152
-0.323251	-0.872197	-0.367126
0.213521	-0.971777	0.100286
0.147612	-0.818499	-0.555221
-0.289039	-0.906279	0.308407
0.0567017	-0.942407	0.329626
0.239238	-0.841039	0.4852
-0.212159	-0.906868	0.364114
0.105533	-0.930993	-0.349451
-0.124629	-0.99089	-0.0510304
0.546881	-0.787218	0.284971
0.14754	-0.936973	-0.316723
0.37462	-0.768227	0.519122
-0.0995107	-0.990693	0.0928714
-0.12246	-0.822934	0.554782
0.38177	-0.923182	0.0445739
0.228543	-0.972021	0.0542551
-0.201101	-0.978832	-0.0380218
-0.520691	-0.448904	-0.726199
-0.0109033	-0.866287	0.499427
-0.545803	-0.807302	-0.224415
-0.318656	-0.94618	0.0565837
0.265078	-0.963823	-0.0279153
0.0118938	-0.997753	0.0659379
-0.181993	-0.961083	0.207841
-0.217779	-0.864477	-0.453047
0.611791	-0.402347	0.68105
0.0679078	-0.993691	-0.0892546
0.158836	-0.843046	-0.513852
-0.0179615	-0.957318	-0.288477
-0.553689	-0.811123	0.188437
-0.692651	-0.502175	-0.51774
-0.0244493	-0.992082	0.123191
-0.0471775	-0.998746	0.016752
-0.248461	-0.965955	-0.0721004
0.385596	-0.729824	-0.564511
-0.149527	-0.965095	-0.215019
-0.388326	-0.921152	0.0260947
0.270571	-0.941067	-0.202941
-0.20029	-0.830586	0.519626
-0.0419761	-0.996904	0.0664807
-0.338868	-0.938977	0.0590851
0.207548	-0.952762	0.221741
-0.152194	-0.860493	-0.486199
0.30078	-0.952128	0.0546216
0.712941	-0.697568	0.07151
-0.501219	-0.551121	0.667117
0.124978	-0.511036	-0.850425
0.425635	-0.735921	-0.52655
0.542251	-0.497871	-0.676822
0.150443	-0.853591	-0.498748
0.251595	-0.94732	0.198201
0.255306	-0.95713	0.136827
0.0228066	-0.999571	0.0183964
0.331493	-0.940452	0.075252
0.496053	-0.867983	-0.023182
-0.289874	-0.907527	-0.303921
-0.00416161	-0.907786	-0.419413
0.0828261	-0.848661	-0.522413
0.953818	-0.26071	-0.149207
-0.301434	-0.933642	0.19352
0.320979	-0.946486	0.0337207
-0.105981	-0.94554	0.30777
-0.490905	-0.842045	-0.223544
0.608824	-0.767435	0.200941
0.108594	-0.978551	-0.175057
-0.337152	-0.94141	0.008695
0.222143	-0.961584	-0.161273
0.480805	-0.841476	0.246464
0.568795	-0.814205	-0.116371
0.0661715	-0.993435	0.0933146
-0.207116	-0.935656	0.285748
0.281341	-0.959068	-0.0321943
-0.185681	-0.849186	0.494374
0.448509	-0.892588	0.0461238
-0.224263	-0.946848	0.230619
-0.862868	-0.476775	-0.167763
-0.129815	-0.988779	0.0739218
0.201465	-0.964421	0.171184
0.251772	-0.910969	0.32672
0.694718	-0.593375	0.406537
-0.527596	-0.833415	0.164506
0.012394	-0.932606	-0.360684
-0.161601	-0.901733	0.400951
-0.221816	-0.848825	0.479889
0.128168	-0.973636	-0.188693
-0.185113	-0.934017	-0.305524
-0.649567	-0.733423	-0.200384
0.334148	-0.939583	-0.0743532
-0.0573449	-0.997783	-0.0337803
-0.532108	-0.843357	-0.0748986
0.55087	-0.820718	-0.15154
0.292499	-0.920686	0.258422
0.0899763	-0.929649	-0.35729
-0.046827	-0.910495	0.410859
-0.0255887	-0.95593	0.292478
0.0350536	-0.985073	0.16853
-0.313829	-0.911914	0.264432
0.502221	-0.827608	-0.250677
-0.541174	-0.788764	-0.291518
0.0983174	-0.995126	0.00758669
-0.520991	-0.853523	0.00821765
0.283292	-0.941518	-0.182455
0.399619	-0.731249	0.552792
-0.00689373	-0.999525	0.0300231
0.189422	-0.948538	0.253761
-0.229059	-0.74842	-0.622414
0.217221	-0.975998	-0.0155975
0.270621	-0.755	0.597276
0.142057	-0.864378	-0.482359
-0.157294	-0.92529	0.345105
0.0632218	-0.953028	0.296209
-0.411513	-0.892407	-0.185113
0.450091	-0.866879	0.214332
-0.290043	-0.791024	0.538661
-0.176432	-0.931774	0.317284
-0.41999	-0.891466	-0.169992
-0.633711	-0.762305	-0.131536
-0.0800494	-0.869859	0.486763
-0.194928	-0.979438	-0.0520039
0.00765202	-0.998084	-0.0613904
0.273782	-0.957621	0.0894754
-0.55812	-0.805463	-0.199327
0.208737	-0.973321	0.0952627
-0.0112515	-0.8761	0.481999
0.211634	-0.934355	-0.286689
0.31348	-0.657375	0.685265
-0.156195	-0.959847	-0.233018
0.279424	-0.95442	-0.1049
0.244715	-0.492907	0.834959
0.416487	-0.90594	-0.0762274
-0.0633702	-0.944411	0.322602
0.213881	-0.943394	0.253501
-0.8262	-0.556687	0.0865605
-0.634421	-0.36901	0.679221
-0.361339	-0.889781	-0.278792
-0.226673	-0.715302	0.661031
-0.56284	-0.825708	-0.0376648
0.572694	-0.760695	0.305557
0.419981	-0.893508	-0.158929
0.427438	-0.849753	0.308572
-0.704406	-0.644559	-0.297246
0.0464633	-0.854817	0.516846
-0.211712	-0.803697	0.556101
0.379956	-0.917601	0.116799
-0.0211126	-0.735524	-0.677169
-0.237492	-0.971363	0.00714266
-0.0945564	-0.824951	-0.557238
-0.167299	-0.961103	0.219753
0.238542	-0.874235	0.42286
-0.225402	-0.853449	0.469914
0.212073	-0.962617	-0.168504
-0.0455585	-0.956341	-0.288681
-0.264478	-0.53765	-0.800614
0.254063	-0.931958	-0.258664
0.653919	-0.732052	0.191024
-0.401189	-0.832386	0.382337
0.486629	-0.81688	0.309677
0.265343	-0.88435	0.384081
-0.574385	-0.672302	-0.467002
0.141533	-0.989738	-0.0196715
-0.468977	-0.83045	0.300687
0.214902	-0.907743	0.360304
-0.213576	-0.913398	0.346539
-0.167171	-0.972062	-0.164772
0.0612014	-0.997216	-0.0425992
0.358022	-0.908748	-0.214469
0.0298699	-0.964467	-0.262508
-0.559574	-0.827526	-0.0455885
0.05008	-0.946944	0.317474
-0.463418	-0.882979	-0.074775
-0.149293	-0.924646	0.350346
-0.321863	-0.88976	0.323621
0.219627	-0.962158	0.161295
0.805806	-0.583503	-0.100997
0.56766	-0.745715	0.348813
0.219405	-0.971567	0.0889903
0.227503	-0.967264	-0.112442
0.0632213	-0.972659	0.223466
-0.267963	-0.893695	0.359868
0.148469	-0.988855	0.0110811
-0.0509546	-0.998687	-0.00527432
0.453025	-0.679264	-0.577381
0.0746431	-0.851703	0.518682
0.297274	-0.896585	0.328274
0.0714977	-0.98259	-0.171478
0.163229	-0.948422	-0.271757
0.102424	-0.981865	-0.159529
0.521555	-0.795515	-0.308441
0.480064	-0.77974	-0.401925
-0.35771	-0.832097	0.42386
0.308987	-0.928554	-0.205703
0.252173	-0.884469	-0.392585
0.987425	0.11731	0.10597
0.268379	-0.912485	-0.308778
0.159271	-0.985567	-0.057363
0.490883	-0.867954	-0.0754329
-0.212982	-0.889691	-0.403842
0.339877	-0.819314	0.461744
-0.216529	-0.957209	-0.192004
-0.257365	-0.966308	0.0033879
0.381748	-0.666413	-0.640439
-0.00344603	-0.998274	0.058622
-0.465042	-0.853939	0.233505
0.17502	-0.81535	0.55188
-0.234525	-0.972006	-0.0142312
0.497529	-0.816442	0.293066
-0.209681	-0.855486	0.473475
-0.146423	-0.989205	-0.00588313
-0.0952422	-0.893407	-0.439037
0.375387	-0.905551	0.197642
0.793723	-0.599768	0.101399
-0.823812	-0.108688	0.556345
0.214852	-0.965028	-0.150198
-0.372362	-0.870516	-0.321789
0.536768	-0.838165	-0.0967451
-0.377442	-0.925437	0.0332106
-0.0185206	-0.996085	0.0864444
0.202897	-0.903446	0.377647
-0.211244	-0.907123	-0.364011
-0.190557	-0.721499	-0.665678
0.444839	-0.880767	-0.16238
0.256194	-0.953151	-0.160834
-0.159598	-0.9683	0.192155
-0.349893	-0.934028	0.0718755
0.0190831	-0.991621	-0.127766
0.134864	-0.440463	0.887583
0.0316052	-0.994446	0.100388
-0.587192	-0.415859	-0.694454
-0.0469087	-0.957867	0.283354
0.188817	-0.981911	0.0140871
-0.172459	-0.978965	-0.109022
-0.103607	-0.992703	0.0616928
0.128021	-0.704032	0.698534
-0.107842	-0.75269	0.649483
0.497947	-0.861153	-0.102299
0.268255	-0.878552	0.395203
0.368818	-0.82206	0.43381
0.0183206	-0.978202	0.206846
0.0235435	-0.955573	-0.293811
0.468652	-0.827844	-0.308284
0.643764	-0.69555	0.319027
-0.108315	-0.983404	-0.145552
-0.0712621	-0.992674	0.0975703
-0.0780173	-0.858005	0.507681
-0.137901	-0.856644	0.497136
-0.156324	-0.939057	-0.306163
0.00119877	-0.999934	0.0114374
-0.481064	-0.613823	-0.625938
0.48666	-0.864852	-0.123259
-0.223336	-0.815768	-0.53352
-0.17118	-0.96857	0.180472
-0.278759	-0.791061	0.544532
-0.0617104	-0.750835	-0.657601
-0.0560876	-0.997438	-0.044393
-0.341176	-0.9043	0.256596
0.376156	-0.685169	-0.623739
-0.0104017	-0.965967	0.258457
-0.620873	-0.779271	0.0851639
0.384347	-0.900728	0.202399
-0.179192	-0.884774	-0.430191
0.0508237	-0.995089	-0.084938
0.0269476	-0.984297	-0.174449
0.58078	-0.720239	0.379408
-0.173837	-0.980727	0.0891955
0.662584	-0.723755	0.192773
-0.422917	-0.8244	-0.376172
0.502136	-0.784099	0.364757
0.12843	-0.983923	-0.124102
0.00914651	-0.96204	-0.272755
0.417225	-0.672349	0.611449
0.178118	-0.967397	0.180048
-0.127796	-0.978999	0.158838
0.320533	-0.872301	0.369256
-0.244375	-0.866545	0.43518
0.359014	-0.879641	0.311995
-0.379044	-0.784875	-0.490201
-0.15667	-0.987513	-0.0164934
0.135113	-0.922977	0.360358
0.00388425	-0.992978	0.118236
-0.195354	-0.931923	0.305543
-0.379024	-0.921323	0.0866318
0.407072	-0.850908	-0.332037
0.0759718	-0.95126	-0.298886
0.44021	-0.8414	-0.313467
-0.745875	-0.579638	0.328161
0.178851	-0.983198	-0.036532
-0.149298	-0.977365	-0.149891
0.412082	-0.834554	0.365661
0.563053	-0.826345	0.0112064
0.787121	-0.615327	0.042588
0.0514788	-0.997551	0.0473579
0.0327051	-0.932765	0.358999
0.0787091	-0.857992	0.507597
0.918712	-0.326062	0.222826
0.153231	-0.984927	-0.0802458
0.147475	-0.950393	0.27387
-0.0573636	-0.998294	0.0108438
0.136168	-0.954831	0.264113
-0.310553	-0.950262	0.0236276
0.656131	-0.719851	0.22651
0.254655	-0.966431	-0.0340893
0.40969	-0.863573	-0.29393
0.00561524	-0.954511	-0.298122
0.206835	-0.876365	-0.434976
-0.244019	-0.918289	0.311769
0.0257932	-0.994472	-0.101783
-0.456979	-0.634946	0.622907
-0.272292	-0.7618	0.587807
0.257394	-0.840302	-0.477117
0.218531	-0.973366	-0.0693052
0.0123976	-0.868285	-0.495911
-0.452968	-0.875926	-0.166051
-0.093265	-0.9955	-0.0167873
-0.130594	-0.976601	0.170867
0.159912	-0.94426	-0.287752
0.0919987	-0.906369	-0.412348
0.347001	-0.937719	-0.0165304
0.695497	-0.669656	0.26047
0.0623076	-0.923387	-0.37878
0.012657	-0.999782	0.0166244
0.0734401	-0.972049	-0.222995
-0.53641	-0.80901	0.240346
0.128257	-0.984812	-0.117026
0.3602	-0.87875	-0.313137
0.382109	-0.921952	0.0632245
0.32678	-0.918803	0.221395
0.624197	-0.664192	-0.411372
-0.401778	-0.454067	-0.795234
0.0228274	-0.996915	0.0750999
-0.491332	-0.796794	0.351728
0.484229	-0.8743	-0.0334891
-0.410223	-0.832993	-0.371268
-0.322918	-0.746207	0.58215
-0.318244	-0.938887	-0.131194
0.356907	-0.863803	-0.355615
-0.0547673	-0.980209	-0.19024
-0.424854	-0.903983	-0.048109
0.798747	-0.488233	0.351614
-0.425007	-0.5713	-0.702129
-0.197612	-0.979457	-0.0401613
-0.0572979	-0.841665	0.536951
0.570654	-0.779622	-0.25796
0.541197	-0.83132	-0.126546
-0.124267	-0.945939	-0.299596
0.325683	-0.93675	0.128184
-0.471406	-0.87927	-0.0682692
-0.0982729	-0.909949	-0.402909
-0.164113	-0.986142	0.0243162
0.208688	-0.912776	0.351127
0.519211	-0.837847	0.168616
-0.224695	-0.881307	0.415705
-0.0519149	-0.994051	-0.0957488
0.216077	-0.623546	-0.751333
0.247742	-0.943975	0.218026
0.42908	-0.852228	0.299329
-0.175269	-0.790827	0.586407
0.270187	-0.962147	0.0356665
0.379962	-0.888903	0.255892
-0.231271	-0.75195	-0.617321
0.0758505	-0.989926	0.119555
-0.137885	-0.986052	-0.093217
-0.0877241	-0.692547	0.716019
-0.00872007	-0.993694	-0.111783
-0.416582	-0.456484	0.786182
-0.405327	-0.704875	0.582117
-0.479989	-0.877061	-0.0193835
0.081478	-0.994685	0.0629604
0.36464	-0.802088	0.472961
0.42402	-0.823352	0.377225
0.716469	-0.516121	0.469351
-0.225162	-0.966615	0.122299
-0.593371	-0.790086	0.153865
-0.0415798	-0.934637	-0.353164
-0.74869	-0.661945	-0.0359452
-0.0257945	-0.847085	0.530831
-0.122367	-0.911496	-0.392684
0.358062	-0.578449	0.732932
0.0964958	-0.886452	-0.452649
-0.828812	-0.558184	0.038749
-0.669892	-0.597431	0.440818
0.449021	-0.872764	-0.191476
-0.0855386	-0.989976	0.112389
0.286188	-0.887646	0.360806
-0.429157	-0.794894	0.428915
0.218173	-0.974857	0.0453292
-0.67755	-0.425526	-0.599878
-0.278283	-0.822316	0.496341
0.0886241	-0.876695	0.472813
-0.363625	-0.827217	-0.428355
0.358201	-0.93214	0.0529771
-0.00350145	-0.958937	0.283599
0.0578367	-0.940084	0.336002
-0.31946	-0.939611	-0.12279
-0.264634	-0.931795	0.248447
-0.388233	-0.920658	0.0407906
0.273515	-0.960082	0.0585838
-0.381142	-0.826782	-0.413717
-0.417645	-0.905505	-0.0750605
0.131303	-0.924687	0.357371
-0.0284942	-0.995178	0.0938597
-0.150693	-0.92878	-0.338613
0.115067	-0.992494	0.0414238
0.706853	-0.673864	0.215094
0.100942	-0.554936	0.825747
-0.597542	-0.765721	-0.23794
-0.744189	-0.396231	0.537758
0.000751438	-0.954039	0.299683
-0.112903	-0.933472	-0.340415
-0.0692741	-0.519649	-0.851567
0.330608	-0.878947	0.343731
0.6813	-0.365477	0.634237
-0.176493	-0.83825	0.515933
0.581359	-0.811392	-0.0605435
-0.292235	-0.942698	0.160997
0.120801	-0.974689	0.188119
0.562242	-0.82206	-0.0900049
-0.673442	-0.607921	0.420604
0.0369757	-0.900114	0.434083
0.212724	-0.90024	0.379891
-0.0357741	-0.999302	-0.0107258
-0.254661	-0.951626	0.171916
-0.33673	-0.803067	0.491625
-0.161585	-0.986243	-0.0348469
0.551151	-0.788927	-0.271712
-0.272684	-0.953309	0.129786
-0.321986	-0.943263	0.0811105
-0.261035	-0.965221	-0.0144359
0.222612	-0.874246	0.431437
0.296614	-0.927814	-0.226235
0.17991	-0.982955	0.0378419
0.280154	-0.956761	0.0782415
-0.242922	-0.900648	0.360307
-0.102819	-0.655085	0.748526
0.434008	-0.74602	0.505066
-0.872522	-0.47304	-0.122225
0.182255	-0.809944	-0.557471
-0.649766	-0.625111	0.432482
-0.385794	-0.876841	0.286901
0.562911	-0.826443	0.01115
0.413106	-0.909387	-0.0485638
0.366142	-0.893119	-0.2613
-0.405911	-0.911845	-0.0614359
-0.315439	-0.942976	0.106273
0.213465	-0.967705	0.134084
-0.375172	-0.90385	0.205671
-0.368545	-0.510507	0.776889
-0.0547007	-0.966406	-0.251133
-0.203851	-0.750066	-0.629163
0.00180948	-0.810674	0.585495
-0.00458823	-0.96779	-0.251717
0.869995	-0.467043	-0.158045
0.727327	-0.67256	-0.136598
0.257671	-0.860889	0.43872
-0.280388	-0.95698	0.0746401
-0.217931	-0.905312	-0.364576
-0.0512255	-0.724846	0.687003
0.370333	-0.768767	-0.521394
-0.509577	-0.82569	0.242007
-0.495924	-0.691118	-0.525752
-0.30745	-0.887343	0.343652
0.40925	-0.86714	-0.283871
0.128031	-0.836285	-0.533138
-0.113279	-0.989564	-0.089051
-0.503703	-0.861211	-0.0678176
-0.403622	-0.912619	0.0649232
0.456463	-0.832546	-0.313862
0.00223335	-0.955008	-0.29657
-0.350918	-0.932343	-0.087133
0.0384456	-0.937382	0.346176
0.0994698	-0.977431	0.186374
-0.00449215	-0.990864	-0.134786
0.310114	-0.828796	-0.465753
0.548611	-0.832868	-0.0731894
0.334496	-0.873888	0.352749
-0.0709627	-0.992458	-0.0999537
-0.190525	-0.377032	-0.906392
0.290723	-0.875958	0.384938
0.77676	-0.610331	0.15537
-0.307945	-0.942028	0.133241
0.277957	-0.829583	-0.484284
-0.266233	-0.951673	0.153093
-0.390816	-0.841036	0.37406
-0.22618	-0.606816	0.761982
0.526502	-0.796864	0.296318
0.235232	-0.968803	-0.0780195
-0.0831357	-0.989242	0.120367
0.0595112	-0.978331	-0.198308
0.325272	-0.793488	0.514369
-0.578242	-0.691724	0.432614
-0.210916	-0.845423	0.490688
0.185349	-0.94231	-0.278742
0.125355	-0.958126	-0.257452
-0.600198	-0.692325	0.400561
-0.650022	-0.759629	-0.020843
0.700302	-0.542182	0.464344
-0.126421	-0.959837	0.250462
0.345091	-0.859197	-0.377747
0.437002	-0.76332	-0.475785
-0.0429017	-0.411063	-0.910597
0.139435	-0.989741	-0.0311571
0.726454	-0.659708	-0.192483
0.666067	-0.703918	0.246688
-0.633346	-0.757588	-0.157907
0.741159	-0.597948	-0.305192
-0.366654	-0.924664	-0.102774
0.0868768	-0.989285	-0.117331
0.599099	-0.754804	0.267117
0.33139	-0.866149	-0.374121
-0.190731	-0.847566	0.49523
0.251978	-0.962714	-0.0984367
0.559003	-0.823999	0.0924196
0.0645116	-0.846022	-0.52923
-0.152639	-0.982023	-0.111052
0.682883	-0.695402	0.2238
0.351084	-0.930866	0.101133
-0.363921	-0.905862	-0.21674
-0.116468	-0.985119	-0.126392
-0.223761	-0.785903	-0.576444
0.267877	-0.894848	0.357057
-0.486351	-0.861462	-0.146105
0.336224	-0.856977	0.390569
0.131931	-0.811578	-0.569154
0.19162	-0.932312	-0.306719
-0.648352	-0.72117	-0.244035
0.0768808	-0.916533	-0.3925
-0.055552	-0.983282	-0.17341
0.144442	-0.989186	0.0254289
0.142023	-0.80157	0.580788
0.793255	-0.590636	-0.147971
0.205863	-0.941868	-0.265529
-0.474799	-0.878252	-0.0569137
0.0265606	-0.999509	-0.0165998
0.0375185	-0.995572	-0.0861883
0.785592	-0.42686	0.447923
-0.380835	-0.84158	0.383025
0.00982841	-0.992813	-0.119275
-0.790621	-0.580432	0.194979
0.0337493	-0.97295	0.228539
0.345091	-0.887896	0.304224
-0.0392151	-0.984649	-0.170082
0.334529	-0.942309	0.0120251
-0.2043	-0.967976	-0.145889
-0.187714	-0.950989	-0.24573
0.00531117	-0.752451	0.658626
0.122891	-0.855912	0.502307
-0.118232	-0.992281	-0.0374248
0.0163411	-0.901029	-0.433452
-0.0136973	-0.90726	0.420347
-0.0267499	-0.7665	0.641687
-0.15454	-0.866648	0.474382
-0.657339	-0.697443	0.285446
0.244714	-0.940877	-0.234233
-0.00631274	-0.97028	0.241902
-0.292923	-0.732408	-0.614634
-0.577652	-0.730101	-0.365062
0.285444	-0.779628	0.557406
-0.115071	-0.880242	0.460361
-0.503547	-0.860866	-0.0731453
-0.18314	-0.969235	0.164451
-0.475405	-0.860247	0.184293
0.292808	-0.700739	-0.650561
-0.504441	-0.836032	-0.215845
-0.959172	-0.282782	-0.00477131
-0.297253	-0.799172	0.522461
0.799573	-0.370292	-0.472829
-0.257664	-0.948989	-0.181742
-0.014132	-0.937515	-0.347658
0.825133	-0.559863	-0.0755589
0.127597	-0.710543	0.691988
-0.411086	-0.900005	-0.144912
0.181968	-0.979319	-0.0884454
-0.754029	-0.268972	0.599245
-0.186792	-0.871291	-0.453829
0.269662	-0.962475	0.0304129
-0.353851	-0.733733	-0.580022
0.567599	-0.6574	-0.495638
0.286267	-0.86916	-0.403252
-0.274778	-0.932003	-0.236362
-0.0233326	-0.917081	0.398016
0.0952605	-0.839548	-0.534869
0.268137	-0.959977	-0.0809149
-0.2538	-0.790123	0.557936
0.477713	-0.863735	0.160474
-0.272783	-0.959851	0.0653887
0.251995	-0.923253	-0.290004
-0.582879	-0.778342	0.233315
-0.0342709	-0.933519	-0.356886
-0.672036	-0.738708	0.0517462
-0.373737	-0.925117	-0.0669291
0.232855	-0.893977	0.382862
-0.177087	-0.878195	-0.444312
-0.526483	-0.673306	-0.519109
-0.252261	-0.808749	-0.53131
-0.153806	-0.928269	-0.338615
-0.0116061	-0.910117	0.414189
-0.684046	-0.639951	0.350062
0.157901	-0.611446	-0.775372
0.58403	-0.809378	-0.0617694
-0.063955	-0.945888	-0.31813
0.0717557	-0.978759	-0.192049
0.0366772	-0.70086	-0.712355
-0.00981479	-0.962446	0.271296
0.223018	-0.96562	0.133569
0.294144	-0.913173	0.282124
0.334397	-0.823584	-0.458135
-0.433777	-0.895452	-0.100016
-0.463861	-0.846917	0.259933
0.187836	-0.967153	-0.17127
0.563211	-0.814992	0.136314
-0.269772	-0.95523	0.121485
0.00798934	-0.882703	-0.469864
-0.414657	-0.708314	-0.571271
0.17205	-0.983116	-0.0622962
0.544686	-0.792178	-0.275267
0.0375661	-0.982285	-0.18359
-0.523188	-0.852101	-0.0140543
-0.58887	-0.74475	0.313974
0.0860369	-0.87248	-0.481015
-0.25224	-0.932452	0.258667
-0.384638	-0.891017	0.241126
-0.115352	-0.825857	0.551954
0.11676	-0.681643	0.722309
0.320157	-0.784795	-0.530656
-0.342304	-0.884804	-0.316149
-0.0410043	-0.929184	-0.367335
0.324245	-0.472482	-0.819528
-0.606856	-0.779718	-0.154163
-0.22637	-0.967952	-0.108747
0.472055	-0.859896	-0.194278
0.789326	-0.613393	0.0267342
0.228445	-0.854274	0.466935
0.23875	-0.4565	-0.857091
-0.139547	-0.928207	-0.344902
-0.341503	-0.429541	0.835985
-0.31964	-0.946719	-0.0394229
0.165131	-0.978798	0.121189
0.00751256	-0.977429	0.211132
-0.306609	-0.905489	0.293396
0.473718	-0.641384	0.603504
-0.254016	-0.890253	-0.378055
-0.490761	-0.86826	0.0726542
-0.297078	-0.888693	0.349241
-0.563692	-0.816816	-0.12273
-0.323502	-0.874137	0.362257
-0.172349	-0.834585	-0.523225
0.00113772	-0.999276	-0.0380395
0.470226	-0.873399	-0.126732
0.0606204	-0.91454	0.399928
0.0215628	-0.971676	0.235331
-0.276197	-0.877016	-0.39314
0.294939	-0.905733	0.3044
0.810997	-0.550527	0.198
-0.741267	-0.6541	-0.150588
-0.134032	-0.850661	0.508342
0.0599478	-0.970455	-0.233717
0.187909	-0.960538	-0.205079
-0.226958	-0.621936	-0.749457
-0.418347	-0.899587	-0.12542
-0.114099	-0.933257	-0.340606
0.162861	-0.983215	-0.082244
-0.185827	-0.800345	-0.570014
0.272111	-0.729256	-0.627807
-0.023013	-0.78119	0.623869
0.0813268	-0.953229	-0.291101
0.514011	-0.849003	0.12242
-0.0107267	-0.994202	-0.106992
-0.22328	-0.971319	0.0817669
0.102529	-0.987535	0.119425
-0.248926	-0.951094	0.182911
0.00436506	-0.998712	-0.0505431
-0.465326	-0.621582	-0.630165
-0.0346969	-0.771487	-0.635299
-0.78	-0.575274	-0.246293
0.213735	-0.885531	-0.412495
-0.523587	-0.851616	0.0246413
0.143883	-0.611022	0.778428
-0.48048	-0.83861	-0.256654
-0.364053	-0.870979	-0.32994
-0.265691	-0.934844	0.235531
-0.375911	-0.920282	0.108499
-0.00218102	-0.782631	0.622482
0.369627	-0.898245	-0.237766
-0.0524457	-0.993508	0.100955
-0.268306	-0.955639	-0.121516
-0.293857	-0.9547	-0.0468548
-0.634263	-0.602623	0.48431
-0.0313467	-0.967057	0.252623
0.0944133	-0.663721	0.741997
0.338716	-0.93892	-0.0608331
-0.256512	-0.472506	-0.843173
-0.399898	-0.916381	-0.0181059
0.442141	-0.896383	0.031754
-0.466188	-0.865434	0.183557
0.0139506	-0.994106	0.107514
-0.228578	-0.757408	0.611625
-0.0543798	-0.936144	-0.347386
0.0440696	-0.736164	-0.675367
-0.400766	-0.775191	-0.488329
0.771244	-0.457626	-0.442449
0.260842	-0.912915	0.313923
-0.152451	-0.984806	-0.0831562
0.149429	-0.979174	0.137439
-0.15048	-0.357996	0.921517
-0.340172	-0.829616	0.442742
-0.355254	-0.643872	0.67766
-0.340717	-0.90451	-0.256463
0.533976	-0.810807	-0.239711
0.147412	-0.898687	-0.413076
-0.356204	-0.902597	-0.241738
0.05788	-0.980206	0.189333
-0.483764	-0.701817	0.522901
-0.274338	-0.95664	0.0978743
-0.769098	-0.616123	0.169943
0.13491	-0.517186	-0.845173
-0.383255	-0.920206	0.0796066
0.19965	-0.218337	0.955232
-0.0877136	-0.880804	-0.465285
0.0882085	-0.981746	0.168507
-0.158012	-0.986903	0.0324631
-0.0511284	-0.933018	-0.356179
-0.365054	-0.91767	-0.156902
-0.0184077	-0.981768	0.189189
0.160827	-0.921582	0.353299
0.410757	-0.850532	-0.328442
0.0525683	-0.992999	-0.105784
0.222912	-0.974456	-0.0273045
0.252501	-0.620082	-0.742793
-0.0264216	-0.53301	-0.845696
-0.0133095	-0.891323	-0.453173
-0.0361255	-0.729384	0.68315
-0.462768	-0.878437	-0.119141
0.164525	-0.985983	-0.0277251
0.0228107	-0.84966	-0.526837
0.32811	-0.928347	-0.174687
-0.149286	-0.970357	-0.190056
0.276306	-0.960966	-0.014133
-0.595994	-0.795624	-0.108508
-0.138705	-0.928211	0.345233
-0.373467	-0.92763	-0.00500629
0.145637	-0.50548	0.850459
0.247127	-0.901079	-0.35635
-0.812768	-0.581581	0.0342414
0.418331	-0.866	-0.273941
-0.0313919	-0.982454	0.183845
-0.254604	-0.95485	-0.153099
-0.387032	-0.908609	0.15696
-0.567564	-0.71813	0.402692
0.0989267	-0.994532	0.0334527
-0.223165	-0.973604	0.0478888
-0.31006	-0.922467	0.230038
0.300759	-0.858584	0.415184
-0.370553	-0.604415	0.705247
0.38892	-0.893472	0.224609
0.23941	-0.959723	-0.147019
-0.533479	-0.404764	-0.742675
-0.318234	-0.946526	0.0530603
-0.0998405	-0.986701	0.128268
-0.574479	-0.633147	-0.518748
0.234469	-0.936009	-0.262511
0.0857811	-0.929202	-0.35948
0.772806	-0.589408	-0.235307
0.374407	-0.868509	-0.324824
-0.490154	-0.870655	-0.0413434
-0.2293	-0.842372	0.487679
-0.16788	-0.985659	0.0171235
-0.490403	-0.339441	-0.802674
0.101458	-0.918382	0.382467
-0.122765	-0.882765	0.453491
0.138922	-0.990158	-0.0169753
0.460625	-0.874014	-0.154672
0.0565607	-0.998164	0.0216535
0.23424	-0.964445	-0.122384
0.314876	-0.948553	-0.0331656
-0.181136	-0.931396	-0.31574
-0.126806	-0.983762	-0.127013
0.449895	-0.847713	-0.281029
0.160603	-0.965463	0.205153
-0.13136	-0.635306	0.761007
0.434586	-0.897991	-0.0688937
-0.481774	-0.792831	-0.373246
0.350978	-0.854387	-0.383194
-0.305978	-0.930211	-0.202692
0.765123	-0.356289	0.536325
-0.634855	-0.76738	0.0899234
0.386702	-0.795891	-0.465853
-0.161166	-0.81319	0.559239
-0.304313	-0.765414	0.567041
0.256501	-0.715026	-0.650342
0.0583277	-0.94461	-0.322969
0.641025	-0.766075	0.0470866
-0.447671	-0.881774	0.148543
-0.170879	-0.984852	-0.0294329
-0.430165	-0.878081	-0.209598
0.6667	-0.739377	0.0939831
-0.312876	-0.775765	-0.547994
0.578029	-0.791686	0.197777
-0.4684	-0.880628	0.0713777
0.0990947	-0.945372	-0.310567
0.437395	-0.899158	0.0141705
-0.14911	-0.940405	0.305621
0.285547	-0.91717	0.277961
-0.57473	-0.782957	0.238042
0.0960691	-0.972455	-0.212374
0.181416	-0.800174	-0.571673
0.191531	-0.981213	-0.0231675
0.454565	-0.876418	0.158939
0.541369	-0.836495	-0.0848301
0.106787	-0.977382	-0.18254
0.26825	-0.82221	0.502008
0.556798	-0.778332	0.290131
0.0488604	-0.867142	-0.495658
0.23737	-0.926776	0.291103
-0.48919	-0.866686	0.0977148
0.552462	-0.767992	-0.323997
-0.33227	-0.929728	-0.158754
0.383366	-0.872907	-0.301769
-0.218202	-0.971702	-0.0904658
0.339727	-0.901404	0.268433
0.0841042	-0.837159	-0.540454
0.148795	-0.895632	0.419169
0.132177	-0.871348	0.472528
-0.365146	-0.901829	-0.231028
-0.270421	-0.92601	0.263396
-0.021076	-0.998695	0.0465155
0.334751	-0.705779	0.624354
-0.016347	-0.973699	0.227253
-0.186418	-0.823572	0.535703
-0.262809	-0.862263	0.432936
0.0304231	-0.82613	0.562657
0.0661721	-0.997689	-0.0154365
-0.463808	-0.532764	0.707844
0.22942	-0.969151	0.0900731
-0.426408	-0.903372	0.0457824
-0.989663	-0.0931687	-0.109025
0.235044	-0.970324	0.0567915
0.427301	-0.595817	-0.680012
0.40697	-0.784259	-0.468309
0.569989	-0.655707	0.495138
0.510509	-0.833413	-0.211667
0.239179	-0.969271	-0.0575071
-0.0575441	-0.961781	-0.267706
-0.309532	-0.910106	0.275493
-0.136145	-0.883976	-0.44727
-0.129813	-0.873762	0.46871
0.0195815	-0.950025	0.311558
0.00522288	-0.932166	0.361992
0.534345	-0.798965	0.275916
0.00906199	-0.99205	-0.125518
-0.0323883	-0.963887	0.264336
0.205353	-0.942814	-0.262549
0.491355	-0.866892	-0.0840798
0.460696	-0.873609	-0.156734
-0.167324	-0.770446	0.615155
0.523244	-0.721434	0.453595
-0.273508	-0.91946	0.282466
-0.236779	-0.912823	0.332701
-0.217737	-0.825348	-0.520953
0.101064	-0.883119	-0.458134
-0.369447	-0.882049	-0.292401
-0.122929	-0.959152	-0.254787
0.461675	-0.345297	-0.817084
-0.280173	-0.951655	-0.125922
-0.11934	-0.864746	-0.487825
0.173967	-0.640506	-0.747989
-0.0758291	-0.834027	-0.546487
0.317082	-0.94798	0.0281538
-0.300892	-0.949323	0.0908322
-0.224941	-0.938012	-0.263696
0.0420506	-0.999088	-0.00739473
-0.0308392	-0.987523	-0.154424
-0.24493	-0.857668	-0.452123
0.796543	-0.432679	0.422266
-0.263642	-0.949422	0.170561
0.182991	-0.822636	0.538317
-0.486223	-0.820274	-0.301227
-0.439159	-0.898398	-0.00456346
-0.169676	-0.960386	0.221064
-0.360079	-0.932922	0.000592786
-0.295307	-0.853201	0.429933
0.30666	-0.877701	0.368239
-0.276221	-0.958746	0.067147
0.0192251	-0.94965	0.312722
-0.121491	-0.968372	0.217934
0.213721	-0.956532	-0.198417
-0.40047	-0.872475	0.280021
-0.229112	-0.870421	0.435745
0.48147	-0.856488	0.186051
-0.544889	-0.674452	0.498208
0.0998565	-0.99294	-0.0640276
0.245124	-0.963223	-0.110072
0.377737	-0.77986	-0.499132
-0.211544	-0.96459	0.157529
0.532723	-0.829351	0.168472
-0.246915	-0.968066	0.043373
0.360931	-0.578752	0.731283
-0.649924	-0.737267	0.184488
0.435314	-0.870185	0.230824
-0.145941	-0.988626	0.036338
-0.0735895	-0.772548	0.630677
-0.0124379	-0.967803	0.251403
-0.211088	-0.958993	-0.189142
-0.176327	-0.975855	-0.128903
0.601138	-0.729722	-0.325791
0.658325	-0.625144	0.419289
0.31267	-0.945447	0.0914789
0.386762	-0.847695	0.363082
-0.483609	-0.860306	0.161234
0.692718	-0.627578	-0.355369
0.371184	-0.68747	0.624185
0.26405	-0.939471	0.21834
0.110639	-0.817925	0.564586
0.796626	-0.583102	-0.159311
-0.393906	-0.918899	0.0215246
0.96262	-0.137832	0.233162
-0.166129	-0.979047	-0.117759
0.0527561	-0.988424	0.142251
0.273231	-0.913117	-0.302594
0.366825	-0.843453	-0.392463
0.185672	-0.887002	-0.422792
-0.00104365	-0.999992	0.00373421
-0.013682	-0.790915	0.611774
0.263288	-0.938345	0.224026
-0.0329689	-0.991404	0.126617
-0.162757	-0.984568	0.0643087
-0.368965	-0.813087	0.450283
-0.12858	-0.990205	0.0544234
0.224833	-0.921181	-0.317608
0.0300627	-0.995915	0.0851457
0.117923	-0.898235	0.4234
-0.196999	-0.971308	-0.133238
-0.101845	-0.956426	-0.273635
0.514811	-0.780431	0.35482
0.727241	-0.66628	0.164896
0.0277872	-0.792927	0.608683
-0.218011	-0.975291	-0.0357709
0.317389	-0.825796	0.466181
0.0725723	-0.980562	-0.182298
-0.746781	-0.453082	0.486861
0.0827085	-0.927525	0.364496
-0.0788143	-0.99183	-0.100311
0.268008	-0.868535	0.416916
0.0297746	-0.999017	-0.0328506
0.169887	-0.973758	0.15144
-0.568746	-0.814414	-0.115145
-0.211664	-0.928409	0.305377
0.0399625	-0.990264	0.133341
-0.141619	-0.955938	0.25715
0.128558	-0.918857	0.373061
0.0109226	-0.998555	-0.0526127
0.357917	-0.92399	0.134679
0.0703367	-0.937077	-0.341964
0.843456	-0.379107	0.380604
0.231365	-0.927862	-0.292475
0.373121	-0.926141	-0.0551679
0.33998	-0.8201	0.460271
-0.375856	-0.85567	-0.355754
0.0631991	-0.908807	-0.412401
-0.161012	-0.986657	-0.0241497
-0.216666	-0.938925	0.267349
-0.0827577	-0.995691	0.0418309
0.196414	-0.967294	-0.160509
-0.13424	-0.984441	0.113381
-0.318442	-0.922206	0.219388
0.891974	-0.436046	0.119359
0.391179	-0.819826	-0.418168
-0.0778876	-0.979368	-0.186471
-0.00927183	-0.988971	-0.14782
0.73527	-0.559816	0.382078
0.442743	-0.874829	-0.196602
-0.54363	-0.802735	0.245119
0.834308	-0.449071	-0.319791
0.783768	-0.61423	0.0918112
0.0802041	-0.996778	0.000713519
0.191789	-0.975347	-0.109158
-0.233642	-0.649502	-0.723573
-0.109066	-0.735604	0.668574
0.409237	-0.912216	-0.0196574
-0.591891	-0.69939	-0.400647
-0.321386	-0.946647	0.0238642
0.322269	-0.941552	0.0980963
0.423689	-0.903966	0.05774
0.0686286	-0.658277	-0.74964
-0.385538	-0.622122	0.681414
0.0769001	-0.599685	-0.796533
-0.299462	-0.806197	-0.510264
-0.0361044	-0.999279	-0.011752
-0.187917	-0.816587	-0.545778
0.671279	-0.621219	-0.404315
-0.165141	-0.978484	-0.123684
-0.174066	-0.850172	0.4969
-0.111008	-0.991676	0.0652402
0.662141	-0.712062	-0.233533
-0.42454	-0.905311	-0.0133465
0.205908	-0.91496	0.34706
0.540947	-0.841054	0.00193275
0.379016	-0.879711	-0.28715
0.0367099	-0.885146	0.463864
0.14651	-0.887691	-0.436508
0.185528	-0.687038	-0.702537
0.0107932	-0.903123	0.429246
-0.351977	-0.913144	0.205624
0.462174	-0.868537	0.178995
0.073715	-0.962601	0.260701
-0.373335	-0.44976	0.81138
0.277048	-0.634916	-0.721197
0.30625	-0.942039	0.137015
0.448581	-0.420093	0.788858
0.130076	-0.794956	0.592558
0.579355	-0.797856	0.166654
0.340592	-0.932823	0.117634
0.0644575	-0.940563	0.333447
0.0299667	-0.863378	-0.503667
0.35652	-0.735026	0.576741
0.856941	-0.511869	0.0603452
0.545504	-0.737266	0.398577
0.286585	-0.508968	0.811677
-0.0878175	-0.987164	-0.133397
0.103357	-0.982112	-0.157396
0.0108885	-0.999422	0.0321937
-0.209635	-0.630031	0.747739
-0.0695858	-0.86138	0.503172
0.123333	-0.879402	0.459827
0.274745	-0.877203	0.393739
-0.0237909	-0.998449	-0.0503422
-0.249142	-0.878221	0.408236
-0.33856	-0.906443	0.252465
0.655331	-0.481948	-0.581607
-0.323746	-0.927509	-0.186855
-0.127122	-0.987411	-0.0941295
0.149468	-0.981605	-0.118789
0.476716	-0.823334	0.307999
-0.358616	-0.856517	-0.371178
0.0980793	-0.795534	0.597918
0.6905	-0.595787	0.41018
-0.222862	-0.861292	-0.456628
0.31966	-0.866304	-0.383843
0.658697	-0.685153	-0.310941
-0.275897	-0.960806	0.0270715
0.249489	-0.968207	-0.0181684
-0.171004	-0.984916	0.0264084
0.682017	-0.491585	-0.541476
0.00957895	-0.905351	-0.424556
-0.0773073	-0.921418	0.380806
0.434397	-0.728679	-0.529458
-0.423164	-0.708208	-0.565131
0.267887	-0.956867	0.112441
0.0370535	-0.90187	0.430415
0.507037	-0.860947	-0.0410342
-0.395641	-0.881708	-0.25702
-0.219395	-0.944577	0.244212
0.141748	-0.979084	0.145952
-0.198364	-0.780818	-0.592431
0.104041	-0.934103	-0.341507
0.160528	-0.885775	-0.435468
-0.0771918	-0.942797	-0.324307
-0.246221	-0.961105	0.125112
-0.0762465	-0.914915	-0.396379
0.00763363	-0.920107	-0.391593
0.0444987	-0.993177	-0.107792
0.359847	-0.911064	-0.201178
-0.128331	-0.966562	-0.222011
-0.253197	-0.757584	-0.60163
0.341268	-0.937782	0.0640431
-0.14119	-0.988591	-0.0524785
-0.309328	-0.831955	-0.460616
0.359369	-0.920965	-0.150592
-0.733543	-0.677319	-0.0561582
-0.428842	-0.721777	-0.543261
-0.664803	-0.733985	0.138937
0.481977	-0.428276	-0.76438
0.104584	-0.796691	0.595269
0.0527409	-0.895702	-0.441516
0.0185366	-0.926981	0.374651
0.122107	-0.286197	0.950358
-0.119767	-0.957381	0.262827
-0.447571	-0.869711	-0.208044
-0.0232034	-0.957977	-0.285906
0.0701489	-0.97798	0.196558
-0.372644	-0.785913	-0.493434
0.281526	-0.94891	-0.142524
0.415699	-0.541433	-0.730784
-0.302954	-0.949006	0.0872201
-0.232583	-0.969709	-0.0746312
-0.606486	-0.701315	0.374609
-0.235522	-0.961836	0.139285
-0.58107	-0.746068	0.325177
-0.612025	-0.780463	-0.127683
-0.229836	-0.862133	-0.451555
-0.00347481	-0.703922	0.710269
0.0471601	-0.995427	0.0830665
0.148573	-0.87015	0.469857
0.345641	-0.937296	0.0448136
-0.56242	-0.789447	0.245879
-0.124754	-0.781394	-0.61144
0.080752	-0.988766	-0.125784
0.600586	-0.737147	0.309694
-0.185466	-0.944986	-0.26945
-0.14411	-0.986824	0.073561
0.523985	-0.850554	-0.0447076
-0.348423	-0.85714	-0.379359
0.738062	-0.324105	-0.591794
-0.30363	-0.876715	0.373066
0.267673	-0.955761	0.121954
0.184999	-0.963945	-0.191271
0.061277	-0.834034	0.5483
-0.434924	-0.692491	0.575584
-0.356067	-0.882335	0.307736
0.271659	-0.757918	-0.593095
0.308596	-0.92549	0.219627
0.684777	-0.542889	0.486161
0.124342	-0.88902	-0.440661
0.396924	-0.914722	-0.0757309
-0.215394	-0.976475	-0.0101141
0.134647	-0.971976	-0.192699
0.12461	-0.870264	-0.476564
0.295045	-0.877513	-0.378047
0.256343	-0.966575	0.00459542
0.418456	-0.706916	0.570232
0.536141	-0.503158	-0.677779
0.417444	-0.908657	-0.00916764
-0.318306	-0.567039	-0.759703
0.161051	-0.961969	0.220629
0.0492595	-0.875054	-0.481513
0.462046	-0.883458	-0.0775543
0.540282	-0.840815	-0.0335481
0.280575	-0.95287	-0.115398
-0.723826	-0.681538	-0.107618
0.470042	-0.874335	-0.120825
-0.287262	-0.956392	0.0528668
-0.329189	-0.909726	0.25305
0.529575	-0.847316	0.0400776
0.0687601	-0.971946	0.224931
-0.16401	-0.889852	0.425751
-0.6292	-0.773117	-0.0799859
0.358846	-0.799063	0.482419
0.516775	-0.817536	0.254123
-0.043123	-0.875247	0.481749
0.249678	-0.469267	-0.847024
0.149308	-0.950914	-0.271053
0.308295	-0.94982	-0.0528834
-0.249257	-0.966929	-0.0540273
-0.22027	-0.928801	-0.298009
-0.303621	-0.929431	-0.209696
0.075559	-0.997056	0.0130071
0.692623	-0.719895	-0.0449968
-0.531047	-0.845796	0.0511665
-0.249129	-0.918555	-0.306906
-0.876458	-0.479865	-0.0393884
-0.40839	-0.891747	0.19495
-0.508655	-0.841147	-0.183689
-0.0488095	-0.982997	-0.177015
0.345137	-0.753504	0.559564
-0.431626	-0.832675	0.346916
-0.0764849	-0.963729	-0.255688
-0.446704	-0.756437	-0.477764
-0.277561	-0.959178	-0.0542079
-0.2889	-0.944723	-0.155034
-0.293293	-0.947404	0.128084
-0.119621	-0.931892	-0.342445
-0.82848	-0.48232	0.284585
0.554158	-0.783491	0.281159
0.344818	-0.935616	-0.0756587
-0.0752276	-0.977621	-0.196465
-0.083385	-0.861944	-0.5001
-0.225756	-0.966156	-0.124805
-0.0781878	-0.790934	0.606886
0.0777804	-0.977551	0.195819
0.0771574	-0.980989	0.178068
0.0576759	-0.970588	0.233735
0.308862	-0.596727	-0.740623
0.423821	-0.90447	0.0480641
-0.195795	-0.946582	-0.256217
0.0220982	-0.986316	-0.163381
0.460459	-0.887032	-0.0339315
0.294643	-0.953119	0.0689178
-0.578007	-0.639679	0.506674
0.133148	-0.990234	-0.0413246
-0.261073	-0.948148	-0.181261
0.184924	-0.981681	-0.0458919
0.029283	-0.793494	0.607873
0.386909	-0.912293	0.13425
0.0914191	-0.788748	-0.607881
-0.731638	-0.56561	0.380515
-0.15459	-0.689859	-0.707246
-0.499048	-0.781972	0.373459
-0.60383	-0.647762	-0.464537
-0.138871	-0.988836	-0.0540237
0.0323329	-0.797368	0.602627
-0.251314	-0.748392	0.6138
-0.195649	-0.96219	0.189506
0.825296	-0.433568	-0.361809
-0.128578	-0.982608	-0.133976
-0.0577255	-0.996549	-0.0596463
-0.451442	-0.886454	0.101981
-0.219204	-0.872186	0.437311
-0.419296	-0.761663	-0.494025
-0.310974	-0.910719	-0.271821
0.0927942	-0.844731	0.527085
0.223241	-0.970257	-0.0936158
-0.525015	-0.850108	-0.0409225
0.724696	-0.62077	0.299097
-0.474112	-0.783468	0.40174
-0.136918	-0.930078	0.340893
-0.874118	-0.27873	-0.397777
0.13937	-0.98957	0.0364337
0.245579	-0.965308	-0.0887261
0.133828	-0.987715	-0.0806802
-0.611744	-0.790251	-0.0356632
0.440217	-0.896215	0.0548403
0.292924	-0.857537	-0.422879
0.197633	-0.970255	0.139808
0.435075	-0.889859	0.137334
-0.0476605	-0.993391	-0.104421
-0.152627	-0.978823	0.136418
0.231889	-0.880924	-0.412554
-0.181611	-0.839811	0.5116
0.0901177	-0.889552	-0.447858
-0.191217	-0.980247	-0.0505076
-0.687472	-0.665851	-0.289872
0.385058	-0.832409	-0.39853
-0.378158	-0.865485	0.32853
0.10939	-0.993072	0.042913
-0.00194647	-0.974062	0.226271
0.0895691	-0.72789	-0.679819
-0.658069	-0.664822	-0.353493
-0.138916	-0.466578	-0.873503
-0.250877	-0.935453	-0.248976
0.0695827	-0.995324	0.0669964
0.285543	-0.946274	0.151758
0.273872	-0.957251	0.0930873
0.722632	-0.688851	0.0573349
0.727093	-0.629578	0.2738
-0.133924	-0.968258	-0.211048
0.514963	-0.846778	0.133343
0.00137172	-0.98332	-0.18188
0.0149815	-0.901622	0.432266
-0.107004	-0.97573	-0.191054
-0.0850864	-0.91475	-0.39496
0.447286	-0.848261	0.283528
-0.110673	-0.511237	0.852284
-0.179627	-0.983658	-0.0122979
-0.219235	-0.870604	0.440436
0.0294887	-0.954269	0.297492
-0.842037	-0.519524	-0.145149
0.303458	-0.500283	0.810944
0.408349	-0.911055	-0.0568333
-0.391902	-0.909284	-0.140052
0.176026	-0.983873	-0.0317611
0.342744	-0.935518	0.0856359
-0.0549576	-0.962868	0.26432
-0.0527334	-0.910265	0.410655
-0.00558317	-0.754143	0.656686
-0.325907	-0.837959	-0.437732
-0.264637	-0.917158	-0.297974
-0.222959	-0.94179	-0.251636
-0.545073	-0.708162	0.448778
-0.8296	0.174293	0.530457
-0.0561694	-0.730413	0.680692
0.219369	-0.974756	-0.0415746
-0.413808	-0.570815	-0.709178
-0.360818	-0.931677	0.0423012
0.0590155	-0.838636	0.541486
-0.390096	-0.643013	-0.65906
0.288081	-0.903598	0.31705
-0.148711	-0.988629	-0.0223016
-0.0370658	-0.872471	0.487258
0.329782	-0.918031	-0.220143
0.109433	-0.977611	-0.179726
-0.0965026	-0.989621	-0.106482
-0.248471	-0.791519	-0.558354
-0.243479	-0.873205	-0.422173
-0.117989	-0.987284	-0.106533
0.0897196	-0.813139	0.575113
0.0803497	-0.95445	0.28735
-0.144879	-0.977344	0.154298
-0.297384	-0.954203	-0.0325496
-0.0435754	-0.998279	-0.0392429
0.10625	-0.979404	0.171695
0.338008	-0.77554	-0.533188
-0.0553684	-0.814302	0.577794
0.0319432	-0.819644	-0.571982
0.524501	-0.701114	-0.48305
-0.360085	-0.928477	-0.0909338
0.193752	-0.976514	-0.0942407
0.107859	-0.993477	-0.0370028
0.0867519	-0.994479	-0.0590458
-0.205508	-0.700672	-0.683246
-0.177438	-0.979647	0.0938484
0.128663	-0.881884	0.45357
-0.331492	-0.629626	0.702626
-0.612791	-0.764951	-0.198336
-0.14038	-0.98981	-0.0238508
-0.155429	-0.985217	0.0720336
-0.741282	-0.564041	0.36381
-0.398704	-0.909223	-0.119781
-0.0849216	-0.947953	0.306876
0.272879	-0.955773	0.1097
0.136499	-0.88662	0.441896
-0.418391	-0.902202	-0.104791
-0.539623	-0.737747	0.405631
0.468108	-0.8774	-0.105088
0.10584	-0.993904	-0.0308796
0.043461	-0.691708	0.720868
-0.313556	-0.941704	0.121965
-0.369457	-0.901635	-0.224848
0.86356	-0.381609	0.329604
-0.787106	-0.552648	0.27394
-0.503029	-0.861947	0.0633265
-0.568441	-0.681512	-0.460887
0.630922	-0.627754	-0.45592
0.521931	-0.784318	-0.33531
-0.150664	-0.889459	-0.431466
-0.068551	-0.986117	-0.151242
0.633816	-0.694499	0.340514
0.579494	-0.378232	-0.721892
-0.583221	-0.7158	-0.384037
-0.170212	-0.303713	-0.937436
0.47587	-0.297314	-0.827739
-0.316183	-0.948621	0.012113
0.409551	-0.767236	-0.493576
-0.300086	-0.935692	-0.185551
0.4177	-0.536352	0.733385
0.320216	-0.657958	-0.681582
0.314663	-0.94058	0.127662
0.172042	-0.983496	-0.0560052
0.192263	-0.979227	-0.0644168
0.0748903	-0.987422	0.139243
-0.685041	-0.587425	-0.430872
0.152372	-0.984106	0.0912002
0.286386	-0.720996	-0.630989
0.157216	-0.943882	-0.290466
-0.156822	-0.95069	-0.267573
0.266909	-0.91895	0.290327
0.189047	-0.851426	0.489218
-0.0202685	-0.980272	0.196613
-0.205154	-0.973779	0.0983141
-0.416452	-0.800251	-0.43147
-0.369995	-0.928137	-0.0408022
-0.504382	-0.724336	-0.470038
0.026645	-0.668287	-0.743426
-0.425439	-0.71956	-0.548849
-0.343953	-0.885501	-0.312385
0.389343	-0.802769	-0.451635
0.257699	-0.920405	-0.294015
-0.532808	-0.836601	-0.127338
-0.0316179	-0.639726	0.767952
0.242071	-0.845782	-0.475452
-0.0615256	-0.994263	-0.0874978
-0.124137	-0.957977	-0.258593
0.163522	-0.815968	-0.554488
-0.346181	-0.898807	-0.268897
-0.19556	-0.770855	-0.60625
-0.55833	-0.669359	0.490129
-0.403205	-0.915025	0.012422
-0.213844	-0.973026	-0.0865479
-0.490918	-0.857119	0.156033
0.0147306	-0.89665	-0.442494
0.00387923	-0.864962	-0.501822
0.686985	-0.682171	-0.250387
-0.689802	-0.608136	-0.392867
-0.312799	-0.894907	0.318275
0.0463831	-0.986725	0.155637
-0.091052	-0.995583	0.0229004
0.168544	-0.893552	0.416123
-0.0337109	-0.983346	0.17859
0.692994	-0.697762	-0.181349
-0.632571	-0.537304	0.557816
-0.692004	-0.697803	0.184938
-0.274537	-0.938635	0.208789
-0.430204	-0.902412	0.0240437
-0.702918	-0.70514	0.0931842
0.852271	-0.514419	0.0949033
0.0634778	-0.992677	-0.102772
0.17711	-0.977237	-0.116788
-0.128588	-0.981302	0.143221
-0.381468	-0.894085	-0.234722
-0.678162	-0.724913	0.120821
-0.124273	-0.979558	-0.158185
0.370047	-0.924526	0.0911962
0.756003	-0.642185	0.126718
0.592785	-0.803464	-0.0552478
-0.388599	-0.894296	0.221869
-0.173081	-0.961547	0.213238
-0.108749	-0.925704	0.362279
0.336329	-0.876081	-0.345492
-0.156016	-0.916549	-0.368235
-0.493581	-0.857557	-0.144825
-0.0118611	-0.73199	0.681212
0.331338	-0.877224	-0.347409
-0.0314563	-0.601258	0.798436
-0.30415	-0.949679	0.074855
0.460913	-0.885545	0.0580482
-0.342498	-0.92834	-0.144497
-0.274453	-0.914071	0.298579
-0.352816	-0.9304	-0.0993807
-0.213676	-0.929691	-0.300028
0.191385	-0.977598	-0.0876029
-0.120331	-0.856291	0.502281
-0.134189	-0.84307	-0.520793
0.099345	-0.870606	0.481847
-0.136157	-0.93033	-0.34051
0.385841	-0.622342	0.681041
0.362828	-0.886865	0.286053
-0.0539675	-0.991162	-0.121182
0.0861764	-0.84434	-0.528833
-0.0889474	-0.990034	-0.109183
0.248376	-0.682863	0.687028
-0.182079	-0.827523	-0.531087
0.478256	-0.877866	-0.0249355
0.131275	-0.988917	0.0693608
-0.407525	-0.832603	-0.375096
-0.0606127	-0.917528	0.393025
0.250187	-0.921273	0.297763
0.283977	-0.955371	-0.0813867
0.422815	-0.584541	0.692488
0.15714	-0.938397	0.307765
-0.00269411	-0.443719	-0.896162
0.169983	-0.981548	-0.0875761
-0.138866	-0.989558	0.0386122
0.404199	-0.836389	-0.370239
0.00112537	-0.998992	-0.0448851
-0.452179	-0.600917	0.659115
0.325325	-0.94262	-0.0750413
-0.842458	-0.51005	-0.173535
-0.145573	-0.668501	0.729325
-0.657555	-0.746622	-0.10088
0.570416	-0.820227	0.0430551
0.306206	-0.822378	-0.479513
-0.635191	-0.33123	0.697724
-0.335577	-0.596433	-0.729147
0.852798	-0.521098	-0.034529
-0.14832	-0.984523	0.0933605
-0.159708	-0.960751	0.226829
0.563345	-0.11053	0.818795
0.645507	-0.744882	0.168735
0.0576976	-0.851876	0.520557
0.576715	-0.816194	0.0350329
-0.84276	-0.431632	-0.321636
0.530288	-0.661328	-0.530509
-0.294294	-0.866924	-0.402287
-0.0664455	-0.99353	0.0920991
-0.233678	-0.728291	0.644195
-0.569048	-0.729952	0.378623
-0.424683	-0.866807	-0.261324
0.719168	-0.617	0.319543
0.14984	-0.933209	-0.326603
0.542909	-0.821851	-0.172659
0.173438	-0.950404	0.25817
-0.501602	-0.863666	0.0497635
-0.347616	-0.804312	0.481918
-0.688228	-0.69181	-0.218499
-0.0640015	-0.782266	0.619648
0.499491	-0.281371	-0.819353
0.103811	-0.993676	-0.0427932
0.452161	-0.790123	-0.413831
0.0090933	-0.906297	-0.422544
0.465123	-0.806376	0.365264
-0.297962	-0.929007	0.219466
-0.234678	-0.956808	0.171596
0.417217	-0.908068	0.0366366
0.114959	-0.758633	-0.641296
0.155457	-0.987827	0.00549032
0.327191	-0.772465	-0.544282
0.48556	-0.799652	0.353254
-0.275126	-0.941703	-0.19365
0.0290822	-0.799926	-0.599393
-0.331088	-0.942401	0.0475521
0.392871	-0.870693	0.295884
0.0994607	-0.993684	0.0519501
-0.192149	-0.980187	0.0480902
-0.181937	-0.983131	0.0187973
-0.278097	-0.912565	0.299812
0.418529	-0.716873	0.557608
-0.256385	-0.620529	0.741087
0.0206856	-0.877615	0.478919
-0.316582	-0.908783	0.271825
-0.123012	-0.992162	-0.0219815
0.0956951	-0.909823	0.403813
-0.13197	-0.809198	0.572523
0.0183689	-0.952166	0.305029
-0.351617	-0.933989	0.0634776
0.597762	-0.510439	0.618169
-0.183826	-0.975854	-0.117968
-0.653255	-0.733349	-0.1883
0.375245	-0.867238	0.327247
0.194434	-0.814167	0.547109
-0.775072	-0.397807	-0.49093
-0.353742	-0.648382	0.674142
0.391908	-0.89659	0.206239
0.239664	-0.938228	-0.249579
-0.0526177	-0.962742	-0.265252
-0.38246	-0.851724	0.358176
0.341142	-0.934395	-0.102606
-0.229877	-0.97116	-0.0632874
0.411467	-0.708851	-0.572909
-0.252158	-0.967404	0.023373
-0.304327	-0.875032	0.376437
-0.108627	-0.956109	0.272133
0.221779	-0.851068	-0.475917
-0.22629	-0.971182	-0.074819
0.408345	-0.745898	-0.526204
0.216905	-0.514368	-0.829685
0.299556	-0.842559	-0.447617
-0.24575	-0.958402	0.145165
-0.11972	-0.98753	0.102235
-0.135521	-0.881	0.453292
0.590436	-0.735864	0.331496
0.468555	-0.589929	0.657601
-0.263767	-0.928805	0.260284
-0.336097	-0.616226	-0.712253
0.350035	-0.914736	-0.201827
0.12296	-0.988572	0.0872157
-0.146815	-0.921079	0.360636
0.386192	-0.824194	0.414198
0.66356	-0.642529	0.383203
-0.97326	-0.197821	-0.116756
-0.27166	-0.940524	-0.204
0.159453	-0.963655	0.214348
-0.155873	-0.983569	0.0910769
-0.123001	-0.176119	0.976654
0.514345	-0.797019	0.316561
0.324254	-0.517415	0.791922
-0.728846	-0.586245	-0.353695
0.279257	-0.774121	0.568113
-0.425471	-0.822675	-0.377068
0.481372	-0.736464	0.475291
-0.570666	-0.813838	0.109587
-0.018113	-0.662	-0.749285
-0.93917	-0.230133	0.254949
-0.549088	-0.679226	0.486985
0.595668	-0.765206	0.244213
0.22015	-0.971888	0.0834704
0.369494	-0.82857	0.420649
-0.420385	-0.904988	0.0653742
0.428299	-0.903637	-0.000321978
0.044625	-0.998703	-0.0245318
0.683156	-0.48646	0.54466
0.214861	-0.854689	-0.472591
0.108436	-0.993528	-0.0338307
0.015253	-0.741564	0.670709
0.331643	-0.943389	0.00539821
0.149708	-0.986521	0.066056
0.0255362	-0.758335	0.651365
0.0358986	-0.966229	0.255171
-0.219671	-0.743868	0.631194
0.0294851	-0.978263	0.20526
-0.500366	-0.576002	0.646418
-0.422879	-0.821828	-0.3818
-0.364185	-0.882091	-0.298805
-0.365486	-0.538098	-0.75952
0.265202	-0.951777	0.154234
-0.19547	-0.941258	-0.275362
0.278579	-0.704761	-0.652461
0.237045	-0.970863	0.0351484
-0.207549	-0.93449	-0.289225
-0.494986	-0.763432	-0.414922
0.479003	-0.873772	-0.0841345
0.716301	-0.549381	0.430225
0.406008	-0.547948	0.731376
-0.727827	-0.676736	0.11089
0.054599	-0.93736	0.344056
0.471579	-0.512155	-0.717851
-0.331811	-0.925209	0.18409
-0.246606	-0.732061	-0.635037
0.263417	-0.95111	0.161252
-0.204441	-0.973264	-0.104691
0.181904	-0.915179	-0.359664
-0.226388	-0.946984	0.227967
-0.210318	-0.977479	-0.017333
-0.690338	-0.716011	0.103733
0.185239	-0.8877	-0.421515
0.361048	-0.76363	-0.53527
-0.396378	-0.917594	-0.0300825
0.233803	-0.959007	-0.160129
-0.640401	-0.490297	-0.591181
-0.586203	-0.702013	0.404406
0.283697	-0.682231	0.673852
0.266203	-0.875558	-0.403156
-0.498537	-0.585483	0.639274
0.283351	-0.766913	0.575809
0.362657	-0.832531	-0.418775
-0.415161	-0.90045	0.129736
0.661889	-0.348106	-0.663871
0.79573	-0.528064	0.296584
-0.591984	-0.804006	0.0559429
-0.860655	-0.5091	-0.00944668
-0.0553172	-0.865511	0.497826
-0.161547	-0.928459	0.334465
0.134993	-0.796607	0.589232
0.308833	-0.908248	-0.282325
0.658923	-0.38226	-0.647841
0.419182	-0.902431	-0.0995247
-0.0733223	-0.921645	0.381043
0.454463	-0.849371	-0.268388
0.257738	-0.924683	0.280235
0.479464	-0.866346	-0.13985
0.266728	-0.875794	-0.402296
-0.0904721	-0.937582	0.33579
-0.307477	-0.736526	0.602484
-0.778723	-0.550071	-0.301681
-0.020999	-0.688581	-0.724856
0.173621	-0.975761	0.133216
0.114668	-0.968867	-0.219427
0.340752	-0.673538	0.655922
-0.272518	-0.941504	0.198251
-0.557104	-0.820945	-0.125235
0.170615	-0.790393	0.588362
0.239136	-0.724491	-0.646473
-0.0233021	-0.999677	-0.010111
0.0434082	-0.886134	0.461392
0.78427	-0.617903	-0.0558279
-0.489199	-0.786691	-0.376566
0.598506	-0.759029	-0.256253
-0.479407	-0.851229	0.213492
0.0084156	-0.958782	-0.28402
0.0601946	-0.886804	-0.458209
0.247907	-0.84597	0.472098
-0.0993459	-0.982709	0.156248
0.332975	-0.941251	-0.0563391
0.556146	-0.828421	0.0664881
-0.186371	-0.748823	0.636027
0.314224	-0.917949	0.242142
0.0403481	-0.964519	0.260912
0.131607	-0.956791	0.259287
0.251331	-0.9679	-0.00176115
-0.312373	-0.893429	-0.322814
-0.652085	-0.75515	-0.0673364
-0.398915	-0.91683	-0.0170224
-0.573727	-0.779018	0.252918
0.0099157	-0.988867	0.14847
0.444502	-0.852981	-0.273573
-0.127355	-0.645482	-0.753083
-0.721949	-0.553549	-0.415178
-0.166786	-0.665443	-0.727577
-0.203688	-0.948983	0.240714
-0.116906	-0.835522	-0.536877
-0.372962	-0.918651	0.130305
0.134764	-0.96683	-0.216977
-0.466121	-0.873342	0.141438
0.0287435	-0.997782	-0.0600349
0.469805	-0.796401	0.380827
-0.0451649	-0.814333	-0.578638
-0.398471	-0.764873	-0.506152
-0.84291	-0.522441	0.128678
0.0211567	-0.791586	-0.610691
-0.413023	-0.910596	-0.0150872
0.144761	-0.980126	0.135636
-0.518631	-0.844072	0.136252
0.587945	-0.780318	0.213131
-0.138651	-0.796472	-0.588565
0.813328	-0.580612	0.0372464
0.118196	-0.9643	-0.23697
0.257976	-0.954374	0.150393
0.624945	-0.777952	0.0650697
-0.394686	-0.906209	0.151685
-0.536238	-0.789021	-0.299825
0.387524	-0.88788	-0.24798
0.462844	-0.885985	0.0283888
-0.324338	-0.846721	0.421744
0.890201	-0.255301	0.377311
-0.286767	-0.815984	-0.501932
-0.300848	-0.89971	0.316248
-0.0885054	-0.990679	0.103542
-0.277076	-0.909464	-0.310008
0.0686184	-0.992785	-0.0983308
0.0428868	-0.628608	0.776539
-0.115913	-0.804364	0.58272
0.564124	-0.706197	-0.427843
-0.461636	-0.886954	-0.0142988
0.081968	-0.945531	-0.315045
0.012523	-0.922165	-0.386594
0.171221	-0.95543	-0.240492
0.289361	-0.956616	0.0340034
0.19041	-0.783468	0.591542
-0.460052	-0.887217	-0.0346135
0.316148	-0.948605	-0.014094
-0.272412	-0.903512	0.330843
-0.0830966	-0.702988	-0.706331
0.0201016	-0.995741	0.0899821
-0.0461875	-0.972413	-0.228647
-0.446513	-0.604605	0.659605
0.410972	-0.830276	0.376488
-0.162554	-0.907436	0.387474
-0.971297	-0.237281	0.0167134
-0.136389	-0.955059	0.263172
0.255945	-0.817708	-0.515602
-0.131451	-0.960817	-0.24403
-0.152118	-0.985889	-0.0698834
-0.0271074	-0.985033	-0.170218
-0.328175	-0.910061	-0.253162
-0.505532	-0.822386	0.260995
0.837473	-0.455995	0.301176
-0.663014	-0.713599	0.226251
0.431846	-0.811085	-0.394526
-0.523779	-0.82331	-0.218668
-0.372305	-0.848413	0.376277
-0.0186851	-0.971048	-0.238153
0.0345349	-0.895942	0.442827
0.660823	-0.724252	0.196908
-0.499464	-0.855432	0.137011
0.342724	-0.928361	0.143825
0.337984	-0.93434	-0.113026
-0.0515928	-0.989162	-0.137468
-0.0667588	-0.997225	0.0329363
0.438015	-0.897726	-0.0472406
0.38241	-0.923989	-0.00274691
-0.394129	-0.844041	0.363671
-0.105203	-0.276964	-0.955104
0.256997	-0.850576	0.458774
0.175574	-0.874378	0.452369
0.484852	-0.721277	-0.49465
0.348002	-0.818679	-0.456792
-0.128549	-0.985323	0.11231
0.335492	-0.94204	-0.00235541
-0.380377	-0.924425	-0.0274185
-0.109247	-0.982636	0.14997
0.301097	-0.925931	0.228019
-0.0360286	-0.996889	-0.0701001
-0.194593	-0.962738	0.187802
0.0837592	-0.743595	-0.663363
-0.357719	-0.685856	0.63375
-0.143544	-0.787808	0.598961
-0.117093	-0.937083	0.328884
0.139578	-0.903853	0.404435
-0.0925979	-0.977952	0.187175
-0.595888	-0.802844	0.0189422
-0.0928953	-0.937159	-0.336309
-0.334819	-0.880466	0.335673
-0.0102653	-0.902128	-0.431345
-0.106591	-0.983406	-0.146805
-0.0494491	-0.919868	0.389097
0.645925	-0.747511	0.154945
0.171756	-0.72093	-0.671386
-0.257451	-0.965762	-0.0319811
-0.430778	-0.656249	0.61949
-0.487069	-0.828001	0.277809
0.0434541	-0.833914	0.550181
0.0765327	-0.962729	-0.259412
-0.0604398	-0.914322	-0.400453
0.156152	-0.557975	0.815034
0.85146	-0.474954	-0.222338
-0.182301	-0.904481	0.38559
-0.158462	-0.949725	0.270021
-9.86416e-05	-0.995565	-0.0940812
-0.0547609	-0.942135	-0.33073
-0.514275	-0.842664	-0.159493
-0.0380047	-0.897356	-0.439668
0.403018	-0.911192	-0.0854709
-0.488298	-0.736449	0.468196
0.0436605	-0.92921	0.366963
-0.406501	-0.864809	0.294723
-0.243016	-0.879777	-0.408577
0.400725	-0.885275	0.236023
0.0313006	-0.918434	-0.394335
0.0643472	-0.91214	-0.404796
-0.762462	-0.643598	-0.0665739
-0.527138	-0.694879	0.48915
-0.495182	-0.831176	-0.252867
0.0159452	-0.929839	0.36762
-0.242337	-0.959369	0.144511
0.314375	-0.791252	-0.52449
0.394738	-0.812411	0.429151
-0.0688072	-0.989915	-0.12383
0.659037	-0.731391	0.17532
0.190592	-0.859858	-0.473622
-0.0704783	-0.924202	0.375345
0.200337	-0.516344	-0.832618
-0.105506	-0.972976	-0.205391
0.120819	-0.986284	-0.112459
-0.0844562	-0.937583	-0.33735
0.11875	-0.992918	-0.00356823
0.645147	-0.763901	-0.0155062
-0.382982	-0.911799	0.148143
-0.308923	-0.936422	0.166374
-0.7369	-0.665565	0.118328
-0.095553	-0.957557	0.271947
0.15769	-0.979117	0.128313
0.0417248	-0.958912	0.280618
0.163637	-0.932653	-0.321528
-0.57107	-0.671035	-0.472855
-0.134148	-0.859281	-0.493599
0.246207	-0.925833	-0.286733
-0.872435	-0.413268	0.260895
-0.582308	-0.784742	-0.21236
-0.370789	-0.894949	0.248155
0.139068	-0.95082	0.27677
-0.404688	-0.89483	-0.188433
-0.470804	-0.863321	-0.181718
-0.631913	-0.763677	-0.132221
-0.776156	-0.539244	-0.3268
0.0942379	-0.979967	0.175455
0.595452	-0.734724	-0.324989
-0.492861	-0.865168	0.0925857
0.14844	-0.977011	0.153018
0.0375269	-0.925115	-0.377828
-0.249852	-0.963084	0.100215
-0.101581	-0.886293	-0.451847
0.233364	-0.695147	0.679936
0.177299	-0.778223	0.60244
0.192901	-0.930271	-0.312066
-0.592828	-0.797991	-0.108469
-0.226575	-0.960389	0.162225
-0.319774	-0.932202	0.169538
-0.577518	-0.80723	0.121874
0.0626311	-0.997129	0.0425649
-0.718256	-0.694083	-0.0485549
-0.764827	-0.45041	0.460621
-0.326391	-0.938321	0.114113
0.421172	-0.89447	-0.150125
-0.139372	-0.913377	-0.382514
-0.236225	-0.928129	-0.287706
-0.796662	-0.589115	0.135179
0.104561	-0.986252	-0.127963
-0.0212301	-0.969123	0.245662
0.098623	-0.816064	-0.569485
-0.0236153	-0.998072	-0.0574044
0.153797	-0.970117	0.187667
-0.630802	-0.730314	-0.262163
0.200357	-0.729128	0.654392
0.335237	-0.942077	-0.0103509
-0.30801	-0.79039	0.529541
0.569103	-0.430288	-0.700695
-0.086427	-0.996257	0.00156483
-0.244214	-0.955372	-0.166206
0.0471366	-0.99752	0.0522665
0.0672258	-0.997735	-0.00223392
-0.135017	-0.952888	0.271615
0.251978	-0.839257	0.481824
-0.249308	-0.804577	-0.538981
0.0134726	-0.951945	-0.305974
-0.150467	-0.978799	-0.138966
-0.729976	-0.670844	0.13078
0.112594	-0.971931	0.206572
0.370023	-0.695104	-0.616371
0.315745	-0.933022	0.172556
-0.0423055	-0.974316	-0.221173
-0.965104	-0.258537	0.0416302
-0.329415	-0.883339	-0.333464
-0.155425	-0.957319	-0.243688
0.177885	-0.929173	-0.324028
-0.0454164	-0.966484	0.252677
-0.0914876	-0.797548	0.596278
-0.126459	-0.945688	-0.299469
0.0209489	-0.824225	-0.565875
-0.334732	-0.933756	0.126708
0.397104	-0.579608	-0.711592
-0.173286	-0.961833	-0.211777
-0.123804	-0.915553	0.38267
-0.0213811	-0.909388	0.415399
0.00171867	-0.984796	-0.173709
0.402096	-0.870236	0.284619
0.0695978	-0.953637	0.292801
-0.11673	-0.886612	-0.447541
0.376642	-0.913137	0.15595
-0.00205086	-0.979923	0.199368
0.346263	-0.894789	-0.281878
-0.228412	-0.792675	0.565239
0.491141	-0.706979	0.508883
-0.81678	-0.555488	-0.155896
-0.715295	-0.569372	0.405178
0.179033	-0.98147	0.0682927
-0.453657	-0.74403	-0.490524
0.0814963	-0.928906	-0.361237
0.057228	-0.675586	0.735057
-0.193047	-0.675811	-0.711346
-0.416216	-0.874279	-0.249802
0.0279852	-0.795271	-0.605607
0.235421	-0.801538	0.549648
-0.950448	-0.298729	0.086082
-0.408599	-0.875556	0.257776
0.46786	-0.825117	-0.316684
0.320086	-0.943102	-0.0900209
0.204211	-0.963504	0.173083
0.573614	-0.655643	0.491019
0.190675	-0.914297	-0.357356
-0.54854	-0.834992	0.0435012
0.806902	-0.505555	-0.305489
-0.0221835	-0.909896	0.414244
0.499521	-0.519261	0.693431
0.138771	-0.934976	-0.326439
0.351381	-0.889442	-0.292273
0.0434835	-0.946292	-0.320377
0.684425	-0.67437	-0.277105
0.431099	-0.801875	-0.413703
0.0128383	-0.999427	0.031329
-0.377631	-0.782778	0.494624
0.680788	-0.673848	-0.287152
-0.918582	-0.383154	-0.0969507
-0.119635	-0.979919	0.159517
-0.780556	-0.62468	0.0225084
-0.835811	-0.287864	0.467499
0.994713	-0.0741849	-0.0710064
-0.186456	-0.953433	-0.237065
0.418898	-0.893164	0.163654
-0.219375	-0.540483	0.812252
-0.178522	-0.918874	0.351852
0.244374	-0.77318	-0.585213
0.546839	-0.720751	-0.426011
-0.49813	-0.864274	-0.0699783
-0.35497	-0.618576	-0.70097
-0.327156	-0.924938	-0.19354
-0.386253	-0.873834	0.295335
0.656234	-0.376089	-0.654152
-0.61374	-0.788399	0.0418436
0.208515	-0.862791	-0.460558
0.470772	-0.728729	-0.497321
-0.298447	-0.907207	-0.296488
0.215	-0.942552	-0.255676
-0.926875	-0.367396	0.0769555
-0.319014	-0.750152	-0.579225
-0.0728916	-0.943177	0.324199
-0.852415	-0.488387	0.186724
0.362147	-0.932121	-0.000719214
-0.713773	-0.403628	-0.572374
-0.33917	-0.900959	-0.270622
0.427483	-0.899564	0.0896831
-0.0809965	-0.936231	-0.341924
-0.542391	-0.221178	-0.810489
-0.103029	-0.976838	-0.187544
-0.496963	-0.636185	-0.590166
0.96992	-0.24074	0.0360441
-0.237134	-0.847417	-0.475028
-0.501678	-0.863836	-0.0458933
-0.323794	-0.923377	0.206235
0.852268	-0.268337	-0.449037
-0.474347	-0.737623	0.480528
-0.75275	-0.544268	-0.370324
0.161526	-0.837042	0.522752
0.464575	-0.56313	-0.683414
-0.949963	-0.116857	0.289679
-0.815475	-0.107611	-0.5687
-0.365236	-0.668631	0.647715
-0.399325	-0.896738	0.190791
-0.0239893	-0.76958	-0.638099
0.509349	-0.537337	-0.672185
0.576298	-0.789167	-0.212358
0.27971	-0.352088	0.893195
0.615994	-0.729278	-0.297835
-0.216259	-0.927208	0.305805
0.106731	-0.850527	-0.514988
-0.387167	-0.910804	-0.143313
0.258858	-0.91594	-0.306669
-0.118912	-0.988144	0.0971192
-0.218013	-0.873853	0.43457
-0.579953	-0.604909	0.545655
0.626509	-0.778085	0.0454975
0.206798	-0.814406	0.542196
0.474831	-0.862325	-0.175872
-0.00279434	-0.91005	0.41449
0.781594	-0.514569	-0.352604
-0.733789	-0.676958	-0.0572893
0.186544	-0.733419	-0.65368
0.111708	-0.935257	0.335879
0.012541	-0.512631	0.858517
-0.0950386	-0.971017	-0.219303
-0.637985	-0.649954	-0.412958
-0.853987	-0.502843	-0.133621
0.71318	-0.640259	0.285382
-0.489947	0.0221084	0.871472
-0.298012	-0.84334	-0.447175
0.123989	-0.892069	-0.434558
-0.203268	-0.585269	-0.784948
0.448445	-0.869752	-0.205982
0.0870134	-0.939429	-0.331514
-0.0692642	-0.849285	-0.523371
-0.537522	-0.294167	-0.790276
0.040001	-0.962385	0.268728
-0.202058	-0.920616	-0.334124
0.393248	-0.522512	-0.75653
-0.860711	-0.434665	-0.265035
0.0152932	-0.781996	-0.623095
-0.109033	-0.485684	0.867308
0.13773	-0.863359	-0.485429
-0.201955	-0.511132	0.835439
0.148692	-0.866854	-0.475874
0.637566	-0.754511	0.155639
0.956729	-0.278466	0.0844222
-0.262788	-0.705638	-0.658041
0.171187	-0.760211	0.626718
-0.547284	-0.651648	-0.525199
0.338938	-0.78788	-0.514165
0.770149	-0.123219	0.62585
-0.403788	-0.78761	-0.46543
-0.0522939	-0.918353	0.392291
-0.40813	-0.441417	0.799113
-0.683614	-0.704422	-0.190952
-0.0050192	-0.99981	0.0188202
0.527365	-0.776023	-0.34594
-0.133434	-0.984229	0.116136
-0.977576	-0.207471	0.0360804
-0.931971	-0.354445	-0.0761427
-0.0983415	-0.783398	-0.613691
-0.0359316	-0.919318	0.391872
0.28962	-0.647481	-0.704903
-0.482437	-0.836427	0.260087
-0.37931	-0.902203	0.205315
-0.498336	-0.865923	0.0428688
0.0995397	-0.758109	0.644486
-0.095478	-0.917584	0.385906
-0.591857	-0.802707	-0.073259
-0.718389	-0.695495	0.014291
-0.696581	-0.478406	0.534698
0.00546462	-0.888374	-0.459088
-0.45655	-0.881934	-0.117281
-0.447229	-0.783376	0.431635
0.537882	-0.709199	0.455762
-0.282181	-0.922394	0.263747
0.0635862	-0.986759	0.14921
-0.295753	-0.718312	0.629728
-0.0613281	-0.55269	0.831127
0.442294	-0.647561	0.620517
0.515971	-0.773739	0.367562
-0.133377	-0.979033	-0.153965
0.711108	-0.578772	0.399185
-0.3546	-0.900622	-0.251275
-0.348721	-0.852859	0.38862
0.407007	-0.904381	-0.128217
-0.0431013	-0.977073	-0.208494
-0.585674	-0.760242	-0.281101
-0.653774	-0.659013	-0.371862
-0.719912	-0.341485	-0.604247
-0.0982221	-0.913511	0.394779
-0.030671	-0.880171	0.473664
0.176178	-0.362967	0.914995
0.192015	-0.381762	-0.904095
0.0967613	-0.992902	0.0691585
0.806824	-0.539864	0.239961
-0.57905	-0.703919	0.411339
0.180283	-0.755334	0.630054
-0.230732	-0.763692	-0.602941
-0.292992	-0.750747	0.59206
-0.522686	-0.846759	-0.0989828
-0.438206	-0.247887	-0.864019
0.615266	-0.771928	0.15992
0.280984	-0.799502	0.530891
0.0685783	-0.977077	-0.201538
-0.716135	-0.68159	0.150284
-0.778974	-0.273292	0.564368
-0.692039	-0.442436	0.570379
0.338691	-0.936304	-0.0928583
-0.299427	-0.83983	0.452802
-0.34711	-0.904028	0.249497
-0.242157	-0.969802	-0.029056
-0.778867	-0.512165	0.362013
-0.150415	-0.988445	-0.0187501
0.664388	-0.639835	0.386263
0.167432	-0.96068	0.221497
-0.321278	-0.872968	0.367025
-0.82244	-0.567828	0.0341029
0.566675	-0.819931	-0.0811928
0.105641	-0.943241	-0.31486
0.223373	-0.130011	-0.966024
-0.0852808	-0.649505	0.755559
-0.593252	-0.789086	0.159357
0.333303	-0.439216	0.834265
0.301731	-0.948339	0.0980369
-0.471697	-0.828965	-0.300532
0.544133	-0.649851	0.530673
0.273703	-0.87153	0.406845
0.66376	-0.747763	-0.0165425
0.222662	-0.965994	-0.131442
0.314788	-0.901872	-0.295864
0.234306	-0.903176	0.359687
0.456494	-0.875392	-0.159067
-0.53367	-0.548424	0.64376
-0.795441	-0.55918	-0.233647
0.813564	-0.24415	-0.527735
-0.186281	-0.962632	-0.196567
0.496307	-0.442814	0.746723
0.312514	-0.939545	0.139963
0.0801796	-0.993766	-0.0774584
-0.61891	-0.780613	-0.0871449
-0.10612	-0.937167	0.332351
-0.236098	-0.881678	0.408535
-0.735653	-0.464408	0.493092
0.134523	-0.990459	-0.0299033
-0.181609	-0.806434	0.562745
0.316917	-0.710521	0.628271
-0.578793	-0.7954	-0.179823
0.375864	-0.884102	0.27765
0.0453248	-0.673067	-0.738192
-0.33047	-0.834828	-0.440286
0.520288	-0.852291	-0.05385
0.133774	-0.919049	-0.370747
-0.260106	-0.918078	0.299127
0.212547	-0.884626	-0.415043
-0.0023987	-0.959899	0.280336
0.610206	-0.748709	-0.259003
0.320376	-0.878027	0.355567
-0.265497	-0.44238	0.856628
-0.0210395	-0.954503	0.297457
-0.34368	-0.826933	0.445046
-0.186137	-0.63626	-0.748683
0.738687	0.0154334	-0.673872
-0.114229	-0.878405	-0.464066
-0.556987	-0.722599	-0.40941
-0.174922	-0.882741	0.436086
-0.463759	-0.730645	0.501084
0.805918	-0.591104	0.0330518
0.0778764	-0.703727	0.706189
-0.566738	-0.57643	0.588673
0.70107	-0.680478	-0.21319
-0.142662	-0.989587	0.0191159
-0.127594	-0.991817	-0.00443985
0.172721	-0.966518	0.189765
0.468218	-0.832068	-0.29738
0.0868191	-0.704634	-0.704239
0.412708	-0.355839	-0.838481
-0.701407	-0.706923	-0.0910406
-0.67187	-0.709534	0.21249
0.19675	-0.536933	-0.820361
0.184328	-0.648019	0.738982
-0.603335	-0.797207	-0.0211705
-0.762743	-0.589948	-0.264925
0.0569197	-0.603389	0.795413
-0.392402	-0.569863	-0.721995
-0.551675	-0.818796	0.158833
0.709842	-0.700776	0.0709764
-0.840926	-0.53466	-0.0835536
0.925047	-0.371016	-0.0814519
0.334736	-0.914764	0.226183
-0.185377	-0.569787	-0.800611
-0.00531451	-0.13815	-0.990397
0.350714	-0.901635	0.253088
0.35905	-0.475431	-0.803149
-0.935246	-0.213082	-0.282684
-0.468722	-0.846646	-0.251972
-0.269445	-0.84118	-0.468846
0.101758	-0.991634	-0.0794174
0.439601	-0.77978	-0.445751
0.432328	-0.840387	-0.326868
-0.487025	-0.77772	-0.397439
-0.888785	-0.458041	0.0161112
-0.0460339	-0.940467	0.336755
0.519565	-0.577918	-0.629335
0.485758	-0.800582	-0.350866
0.244919	-0.830411	-0.500432
-0.329662	-0.610372	0.720256
0.0457775	-0.809555	0.585256
-0.912414	0.0586605	0.405042
0.323901	-0.836495	-0.442001
-0.853008	-0.222587	0.472051
0.263808	-0.963693	-0.041239
-0.338625	-0.85788	-0.386491
0.550532	-0.701594	0.452416
-0.421872	-0.860164	0.286604
-0.366064	-0.289225	0.884503
0.109486	0.202002	-0.973246
-0.0221819	-0.980182	-0.196853
-0.126227	-0.991885	-0.0151746
-0.476451	-0.721429	0.502529
-0.70642	-0.670364	-0.227119
-0.476703	-0.850454	-0.222445
-0.495602	-0.867841	-0.0350663
-0.67178	-0.738927	0.0519434
-0.570688	-0.812573	0.118491
-0.569648	-0.820533	0.0471938
0.489603	-0.871945	0.00093418
0.302179	-0.753842	0.583447
0.462054	-0.7395	0.489536
-0.372593	-0.913278	-0.164617
0.347266	-0.877196	0.331562
0.80628	-0.588097	-0.0636772
0.269567	-0.875474	0.401096
-0.284428	-0.941187	0.182397
0.426339	-0.874176	-0.232488
0.0526212	-0.642616	0.764379
0.395528	-0.589653	-0.704178
0.196923	-0.965298	-0.171527
0.508065	-0.795237	-0.330858
0.0658981	-0.997204	0.035228
0.582401	-0.787005	0.20355
0.536689	-0.62845	-0.563041
0.0661634	-0.880476	0.469451
-0.20752	-0.946629	0.246634
0.273319	-0.64653	0.712247
-0.0997723	-0.410194	-0.906524
-0.718187	-0.692575	0.067438
0.418524	-0.682166	0.599572
0.729207	-0.603795	0.322008
-0.381307	-0.830063	0.406941
0.589422	-0.387095	0.709041
0.0601831	-0.803615	0.592099
0.541285	-0.364856	0.757556
-0.831781	-0.506635	-0.226852
-0.720764	-0.693004	0.0156417
-0.585407	-0.252127	0.770539
0.579046	-0.798284	0.165675
0.316609	-0.915104	0.249686
-0.624106	-0.744708	0.236437
-0.555781	-0.708168	-0.435437
-0.748353	-0.641067	0.170298
-0.530825	-0.820743	0.211199
0.947596	-0.317676	0.0338166
-0.183569	-0.946687	-0.264738
-0.8777	-0.299551	-0.374048
-0.807602	-0.57925	0.110669
0.395233	-0.916328	-0.0643001
-0.00680154	-0.840695	0.541466
0.193752	-0.840376	-0.506191
-0.259008	-0.965238	-0.0350816
-0.672939	-0.648985	0.354924
-0.113069	-0.989801	0.0866546
-0.0746003	0.038502	0.99647
-0.632508	-0.630267	-0.450218
-0.0610393	-0.407533	-0.911148
0.758733	-0.551105	-0.347285
0.11587	-0.978895	-0.168339
-0.499177	-0.647177	0.576181
-0.0596871	-0.978719	-0.196335
0.279008	-0.361237	-0.889754
0.824106	-0.337868	-0.454636
0.453479	-0.793286	-0.406268
0.424041	-0.905441	-0.0191235
0.27096	-0.92825	-0.254821
0.860218	-0.445751	-0.247651
-0.191293	-0.933589	-0.303014
-0.652957	-0.590361	-0.474468
0.388229	-0.908522	-0.154486
-0.730955	-0.585629	0.350347
0.0325516	-0.980199	0.195322
-0.714643	-0.624675	0.314749
-0.589023	-0.799597	-0.117033
0.0914179	-0.539389	0.83708
-0.508857	-0.778262	-0.367929
-0.110536	-0.955796	-0.272462
-0.854503	-0.475173	-0.209844
-0.165009	-0.967777	-0.190208
0.282256	-0.297423	0.91207
0.319998	-0.456988	-0.829918
-0.215968	-0.242081	-0.945915
0.0215893	-0.436152	0.899614
0.315427	-0.948767	-0.0186525
0.0923338	-0.930636	-0.354106
0.271171	-0.961721	0.0394711
0.626651	-0.75595	-0.189335
-0.174273	-0.752297	0.635357
0.340955	-0.431835	-0.835026
-0.112722	-0.928825	0.352957
0.00768863	-0.995887	0.090278
0.569887	-0.25072	-0.78254
0.31256	-0.844925	-0.434059
0.310878	-0.921066	-0.234505
0.686747	-0.662626	-0.29884
-0.339576	-0.572146	0.74655
-0.408432	-0.903834	0.127539
0.0904997	-0.965171	-0.245469
0.121403	-0.991688	0.0426212
-0.053714	-0.99246	-0.11017
0.235016	-0.917157	0.321856
-0.230541	-0.963208	0.138135
-0.141937	-0.981084	-0.131636
0.284484	-0.6788	-0.676979
0.25933	-0.963708	-0.0633609
0.2007	-0.936473	-0.287643
0.0584885	-0.980873	0.185651
0.195818	-0.972906	-0.12292
-0.476124	-0.456988	-0.75131
-0.400199	-0.792619	-0.459995
-0.406581	-0.909816	-0.0832205
-0.166741	-0.943142	-0.287542
