3400
-0.32055	-0.7715	0.549578
0.561216	-0.668286	-0.488293
0.454405	-0.883229	0.115854
0.206516	-0.944303	0.25621
0.236063	-0.904141	0.356095
0.213556	-0.973714	0.0792099
0.341386	-0.866	-0.365377
0.351756	-0.935921	-0.0178634
-0.0198829	-0.999013	-0.0397146
-0.462964	-0.88325	-0.0743862
0.653915	-0.744022	0.137212
-0.565862	-0.823118	-0.0477132
-0.663553	-0.675972	-0.320561
0.309591	-0.873455	-0.375806
0.504018	-0.831678	-0.232975
0.0340389	-0.957686	-0.285794
-0.418964	-0.907146	0.0394422
-0.0332811	-0.930917	-0.36371
-0.190529	-0.731203	-0.655012
-0.701241	-0.495715	0.512374
0.463247	-0.860739	-0.211021
0.539979	-0.824947	0.166988
-0.525782	-0.435964	0.730403
0.339484	-0.827105	0.447939
0.24622	-0.840988	-0.481784
0.359362	-0.911857	-0.198433
-0.12241	-0.9645	0.234
0.287519	-0.869913	-0.40073
-0.537802	-0.838138	-0.0910657
0.687657	-0.71488	-0.126785
-0.212282	-0.840517	0.498465
-0.00771214	-0.915955	-0.401206
0.872083	-0.376865	-0.312161
-0.0428452	-0.998756	0.0255182
-0.230344	-0.956726	0.177813
-0.128796	-0.902317	0.411382
0.5849	-0.79318	0.16958
0.367253	-0.912597	-0.179698
0.567606	-0.618704	-0.543166
0.226195	-0.915531	0.332623
0.183897	-0.755264	0.629094
-0.0172806	-0.897818	0.440028
0.608564	-0.726615	0.318873
-0.186595	-0.907142	0.377196
0.4881	-0.837062	0.247155
0.390492	-0.885822	-0.250671
0.281801	-0.959471	0.00199604
-0.515926	-0.558249	-0.649753
-0.0843106	-0.886368	-0.455241
-0.0781465	-0.962844	0.258506
-0.196524	-0.945399	0.26
0.826302	-0.447025	-0.342626
0.567318	-0.551872	0.611218
0.14612	-0.937445	0.315983
0.897837	-0.380544	0.221528
0.0696594	-0.600842	0.796327
-0.151068	-0.762493	0.629112
0.787508	-0.612466	-0.0686764
0.45149	-0.638239	0.623544
0.905874	-0.3632	0.217895
-0.107394	-0.772347	-0.626057
-0.151374	-0.986843	-0.0568108
0.268335	-0.956749	0.112376
-0.422165	-0.906348	0.017622
0.0642871	-0.944094	-0.323348
0.431293	-0.203909	0.878867
-0.119883	-0.986981	0.10722
0.720134	-0.684141	-0.115577
0.200092	-0.918498	0.341063
-0.175681	-0.970432	-0.165521
-0.113246	-0.820489	0.560333
0.0917655	-0.989164	0.114604
-0.572327	-0.812954	0.107459
-0.591317	-0.7875	0.173745
0.122166	-0.989629	0.0755668
0.342079	-0.805505	0.483884
-0.108031	-0.765036	0.634861
0.0115447	-0.943885	0.330074
-0.903479	-0.0929397	0.418434
0.252817	-0.831242	0.495097
-0.172234	-0.920294	-0.351276
-0.0786792	-0.892094	0.444948
0.292373	-0.942995	-0.158993
0.396504	-0.426095	0.813159
0.0807848	-0.969938	-0.229551
0.364239	-0.634928	-0.681319
0.683666	-0.606147	-0.406431
-0.523934	-0.751552	-0.400827
0.306875	-0.900779	-0.307286
0.23762	-0.805867	-0.542324
0.257095	-0.769916	-0.584064
-0.401114	-0.881136	-0.250412
0.604905	-0.65813	-0.448279
0.15927	-0.978132	-0.133758
-0.370444	-0.683456	-0.629015
0.569788	-0.77485	0.273767
-0.298393	-0.901429	0.313669
-0.0573508	-0.737302	0.673125
-0.598098	-0.793169	0.114726
-0.0332184	-0.997252	-0.0662154
0.238311	-0.671215	0.70191
0.70361	-0.692588	0.158916
-0.0889839	-0.946721	0.309518
-0.262626	0.0205071	-0.96468
0.388782	-0.75335	0.530389
-0.124201	-0.962188	0.242422
-0.23128	-0.970199	0.0722731
0.196296	-0.691846	0.69485
0.103943	-0.918606	0.381259
0.364733	-0.750061	0.551705
0.101364	-0.775468	-0.623197
-0.0333833	-0.998683	-0.0389469
-0.511551	-0.786151	0.346816
0.570759	-0.680219	0.459931
0.298366	-0.852162	0.429881
-0.110931	-0.613173	0.782121
0.867242	-0.332799	0.370319
0.139032	-0.98123	0.133634
0.101606	-0.981929	0.159658
0.948158	-0.0530406	0.31334
-0.0543499	-0.828374	0.557533
-0.365756	-0.874307	-0.319077
0.0245015	-0.994837	-0.0984843
-0.285139	-0.957799	0.0362917
0.189473	-0.931527	0.310415
-0.0743753	-0.973607	0.215773
0.0895973	-0.84853	0.521506
-0.158378	-0.89395	0.419248
0.118857	-0.992839	0.0119992
0.512288	-0.857948	0.0385405
-0.0881065	-0.995171	-0.043276
-0.0821836	-0.907158	0.412687
0.357669	-0.736682	-0.57391
0.347869	-0.789364	0.505857
0.0668403	-0.862274	-0.502012
0.02026	-0.929859	0.367359
-0.0278334	-0.990729	-0.132969
-0.264028	-0.891796	-0.367409
-0.241244	-0.932962	-0.267175
0.226386	-0.884964	-0.406924
-0.86859	-0.438986	-0.229875
-0.361057	-0.930469	0.0621684
-0.265094	-0.778645	-0.568715
-0.16274	-0.986511	-0.0176637
0.811372	-0.583776	0.0296857
0.593019	-0.44793	0.669094
-0.146958	-0.989134	0.00422267
0.271315	-0.658713	-0.701773
0.288014	-0.771469	0.567348
0.426371	-0.892351	0.148045
-0.413754	-0.910387	0.00202562
-0.615819	-0.76736	0.178677
0.0886133	-0.995897	0.0183382
0.379735	-0.918938	0.106555
0.69995	-0.668088	0.252444
0.0587262	-0.885421	0.461064
0.383572	-0.270015	0.883156
0.680007	-0.662839	-0.313424
0.0450058	-0.897786	0.438126
0.488112	-0.222037	0.844065
-0.151042	0.0947672	0.983974
0.598344	-0.759149	0.256275
-0.184201	-0.975194	0.122748
-0.00308588	-0.999953	0.00920107
-0.341653	-0.763632	-0.547849
0.0334552	-0.998062	0.0524698
0.365724	-0.840063	0.400675
-0.481206	-0.807171	-0.34193
-0.948913	-0.296268	0.108579
-0.138263	-0.81352	-0.564862
0.00460132	-0.857629	-0.514249
-0.00501893	-0.889641	-0.456634
-0.284609	-0.897339	0.337313
0.53766	-0.804953	0.250942
0.792511	-0.604135	0.0833516
0.108617	-0.958101	-0.265036
-0.316871	-0.94783	-0.0348001
0.0367299	-0.989196	-0.141921
0.150189	-0.978802	-0.139251
0.016473	-0.976467	-0.215036
0.64135	-0.152415	0.751957
0.0691767	-0.997216	0.0278399
-0.595875	-0.364218	-0.715736
0.0760805	-0.915965	0.39398
0.346133	-0.768746	-0.537794
0.261547	-0.735983	-0.624437
-0.393385	-0.626305	-0.673046
-0.264402	-0.821532	0.505151
0.379426	-0.707444	0.596288
-0.279615	-0.958277	-0.0593299
-0.1286	-0.859785	0.494197
0.789875	-0.49152	0.36675
0.448559	-0.838679	-0.308888
0.594534	-0.616542	-0.516144
0.713219	-0.675074	-0.188665
-0.471544	-0.878321	0.0787332
-0.164626	-0.946261	-0.278369
-0.128294	-0.753502	-0.644806
0.370361	-0.909501	-0.188787
-0.412838	-0.815755	0.405103
0.616728	-0.772042	0.153618
-0.279721	-0.939024	-0.199975
-0.202456	-0.932969	0.297625
-0.908562	-0.253541	0.332014
-0.267944	-0.789988	0.551476
0.600343	-0.696434	0.393151
-0.00911878	-0.987671	0.156278
0.198611	-0.886145	-0.41869
0.387522	-0.132451	0.912296
-0.28018	-0.947502	0.154074
0.28693	-0.841684	-0.457426
0.0161439	-0.224812	0.974268
0.288678	-0.895529	0.338663
0.0991032	-0.72317	0.683523
0.158719	-0.98597	0.0516809
0.237641	-0.968326	0.0766277
0.419206	-0.764181	0.490198
0.565525	-0.492761	0.661338
0.171181	-0.979211	-0.108825
-0.290443	-0.87456	0.388314
-0.0753123	-0.961082	-0.2658
-0.0691455	-0.337609	0.938743
0.0382549	-0.613108	0.789072
0.191334	-0.911844	0.363224
-0.382935	-0.923718	0.0102949
-0.5105	-0.833273	0.21224
0.142459	-0.286296	-0.947491
0.38716	-0.727917	-0.565901
0.188209	-0.978213	0.0876155
-0.125979	-0.916428	-0.379854
0.338353	-0.919477	-0.200198
-0.56405	-0.801105	-0.200197
0.352343	-0.873899	0.334895
0.695488	-0.710836	-0.104926
0.61181	-0.528703	0.588355
-0.696923	-0.717075	-0.0101452
0.114208	-0.965992	0.231982
0.566835	-0.823403	0.0265666
0.35197	-0.838481	-0.416013
0.0499382	-0.788104	0.613513
-0.823077	-0.534445	0.192124
0.450338	-0.467476	-0.760698
-0.100888	-0.829311	0.549604
0.161877	-0.815133	-0.556196
0.0522077	-0.998599	0.00857883
0.61299	-0.599681	0.514418
0.27763	-0.744474	0.607191
0.270099	-0.947754	0.169734
0.471138	-0.880516	-0.0521628
-0.198146	-0.940625	0.275613
-0.568022	-0.599977	0.563363
-0.335428	-0.823947	0.456727
0.0751802	-0.821877	0.564682
-0.51631	-0.81787	0.253994
-0.178937	-0.983854	-0.00360192
0.32664	-0.851851	-0.409457
-0.0394878	-0.745349	-0.665504
-0.133333	-0.977202	-0.165225
-0.690339	-0.531535	0.490819
-0.670455	-0.0506625	0.740218
0.485948	-0.870284	-0.0803731
0.160953	-0.956616	-0.242859
0.355371	-0.82067	0.447451
0.578412	-0.808952	-0.105048
0.153275	-0.876435	0.456473
0.49815	-0.859514	-0.114375
-0.0842045	-0.953652	0.288889
0.101164	-0.972547	-0.209567
0.0521863	-0.965497	0.25513
0.299492	-0.887406	-0.350449
-0.169434	-0.981837	-0.0853729
-0.120745	-0.95037	0.286737
0.432031	-0.890668	-0.141631
-0.687181	-0.669189	-0.282786
-0.446174	-0.88908	0.102301
-0.434925	-0.866449	-0.245166
-0.219226	-0.522038	-0.824267
-0.550417	-0.801936	-0.232248
-0.0745889	-0.985831	0.150245
0.411243	-0.821214	0.395583
-0.373027	-0.921946	-0.104245
-0.546438	-0.687511	-0.478261
0.170783	-0.971324	0.165416
-0.113068	-0.669794	-0.733888
0.165923	-0.796771	-0.581055
0.170049	-0.945878	0.276404
0.0158919	-0.953383	-0.301344
-0.533255	-0.774469	-0.340346
0.448205	-0.698955	-0.557292
0.0453246	-0.654573	-0.754639
-0.156694	-0.414779	-0.896329
-0.0624261	-0.69677	-0.714573
0.368295	-0.91235	0.178822
0.187002	-0.98195	0.0283533
0.719761	-0.376156	-0.583482
0.209244	-0.925738	0.315003
0.270757	-0.957984	0.0946445
-0.405578	-0.899886	-0.160351
-0.179943	-0.93751	-0.29782
0.361553	-0.928821	-0.0810631
0.315123	-0.716849	-0.621953
-0.0823871	-0.99599	-0.0348641
-0.449587	-0.799417	-0.398502
-0.651644	-0.745631	-0.139266
-0.202068	-0.832576	0.515738
-0.329035	-0.462374	0.823375
-0.556424	-0.449099	0.699072
0.0308873	-0.652786	-0.756913
0.589194	-0.806232	0.0532911
0.229648	-0.949137	0.215409
-0.0681552	-0.526038	0.847726
0.317257	-0.929687	-0.187165
-0.196951	-0.686564	-0.699886
0.440096	-0.543566	0.714739
-0.212103	-0.972987	-0.0911561
-0.395305	-0.915764	0.0714866
-0.59293	-0.801765	0.0748811
0.432351	-0.717822	0.545714
-0.320277	-0.934571	0.15492
0.334643	-0.272329	-0.902137
0.0558016	-0.758156	0.649681
0.141337	-0.985684	0.0919315
-0.0144671	-0.81086	0.585061
0.391032	-0.690541	-0.608479
0.759734	0.0627048	0.647203
-0.309852	-0.803461	0.508371
-0.242193	-0.863394	-0.442599
0.107464	-0.723754	-0.681638
-0.131953	-0.983422	-0.124377
-0.712043	-0.700555	-0.0470904
-0.93066	-0.365872	0.00298773
0.30094	-0.572099	-0.762979
0.0576465	-0.608459	0.791489
-0.0990107	-0.984047	0.14781
-0.096311	-0.919397	-0.381356
-0.906584	-0.297951	-0.298883
-0.244086	-0.888612	-0.388317
-0.794376	-0.493243	0.354511
-0.448014	-0.800446	0.398207
0.15116	-0.954961	-0.255343
-0.178734	-0.733277	0.656017
-0.132921	-0.810113	-0.571007
-0.664356	-0.692306	0.28168
0.00177464	-0.999961	-0.00869028
-0.332112	-0.848743	-0.411506
0.0792841	-0.992409	-0.0940157
-0.294855	-0.874385	-0.385372
0.488759	-0.552387	0.675265
0.157976	-0.98713	0.0248612
-0.808467	-0.545959	0.219795
-0.309811	-0.881558	0.356191
0.103902	-0.99253	-0.0639365
-0.400104	-0.681245	-0.613043
-0.0274403	-0.835153	0.549332
-0.228495	-0.973103	0.0293288
0.107337	-0.981007	-0.161568
-0.0287967	-0.940491	0.338596
-0.563352	-0.760181	0.323665
0.328225	-0.839715	0.432604
-0.22918	-0.846825	-0.479962
-0.0353632	-0.818529	0.573376
-0.201529	-0.965831	0.162961
0.047902	-0.80547	0.590698
0.156134	-0.830659	-0.534442
-0.151913	-0.968542	-0.197101
0.364638	-0.912307	0.186373
0.561422	-0.813411	-0.15221
-0.763024	-0.622087	0.175507
-0.0548824	-0.896491	-0.43965
0.375982	-0.848938	-0.371405
0.516721	-0.709908	0.478571
0.199924	-0.693327	0.692335
0.206561	-0.894203	-0.397156
-0.108354	-0.91668	-0.384653
-0.331133	-0.799001	-0.501944
0.312505	-0.941125	-0.128937
0.196037	-0.813223	-0.547939
0.140018	-0.99008	-0.0116433
0.0587866	-0.996953	-0.0512744
-0.142957	-0.939268	-0.31199
-0.376808	-0.917217	0.129336
0.479031	-0.799595	-0.362185
0.332638	-0.635094	0.697142
0.123556	-0.976557	0.176266
-0.532777	-0.786453	0.312475
-0.313785	-0.8844	-0.345508
-0.262512	-0.460805	0.847789
-0.866308	-0.496927	0.0507314
-0.314451	-0.739487	-0.595214
-0.113105	-0.962142	-0.247971
-0.0337887	-0.877596	0.478209
-0.260347	-0.82815	-0.496374
-0.657196	-0.391146	-0.644281
-0.180072	-0.954259	0.23867
-0.593519	-0.619559	-0.513695
-0.114956	-0.991139	0.0665511
-0.289963	-0.956069	-0.0430547
-0.604954	-0.754618	-0.254132
-0.257847	-0.965569	0.0345116
-0.531355	-0.708062	0.465092
-0.596112	-0.802901	-0.000657993
-0.177733	-0.826845	0.533609
0.0598906	-0.495012	0.866819
0.708712	-0.705295	-0.0169314
-0.289892	-0.867413	0.404421
0.00307065	-0.992961	0.118404
-0.631538	-0.763182	-0.136799
-0.121336	-0.603474	-0.788097
-0.579886	-0.511668	-0.633978
-0.496897	-0.790437	0.358194
0.214602	-0.694501	-0.686741
-0.163653	-0.964727	-0.206203
-0.458882	-0.806577	-0.37264
0.353242	-0.918319	-0.178633
0.2138	-0.937992	0.272876
-0.289082	-0.957303	-0.00167233
-0.342956	-0.770063	-0.537944
0.319793	-0.947461	0.00708286
0.671862	-0.740445	0.0185312
0.163626	-0.522462	0.836815
0.0630606	-0.9415	0.331061
-0.203354	-0.754084	0.624504
0.0361374	-0.675391	0.736573
-0.294847	-0.927943	0.228005
0.611281	-0.677378	0.40926
0.43983	-0.897758	0.0240696
0.317917	-0.942837	0.0999381
-0.196489	-0.971149	-0.13514
0.405846	-0.856414	0.31913
-0.10858	-0.955966	0.272653
0.0595979	-0.922132	-0.382257
0.703986	-0.214428	-0.67707
0.339032	-0.461684	-0.819698
0.0737494	-0.986862	0.143751
-0.0241475	-0.985342	-0.168875
-0.260792	-0.892798	-0.367286
-0.102101	-0.90627	-0.410183
0.125607	-0.990127	0.0622239
-0.170654	-0.985167	-0.0179691
-0.390289	-0.630428	-0.670996
0.304245	-0.763099	0.570188
-0.304527	-0.849266	-0.431289
-0.0140826	-0.923829	-0.382547
-0.174853	-0.964911	0.19589
0.53186	-0.836909	0.129257
0.183214	-0.982717	-0.0264596
-0.643915	-0.675637	-0.359011
-0.554348	-0.789467	0.263515
0.481645	-0.832643	0.273358
0.204122	-0.83714	0.507474
-0.285997	-0.90745	-0.3078
-0.047337	-0.975046	-0.216896
0.563841	-0.808549	0.16832
-0.735714	-0.579488	0.350598
-0.383954	-0.922564	-0.0381505
0.294856	-0.784699	0.545259
-0.591314	-0.791401	0.155022
0.0668827	-0.848398	-0.525117
0.481144	-0.854203	0.197073
-0.0139941	-0.922258	0.386321
-0.00787779	-0.968833	0.247591
-0.564814	-0.272613	0.778888
0.0130855	-0.916003	-0.400959
-0.014366	-0.99446	-0.104128
0.0166855	-0.73886	-0.673653
-0.404666	-0.898766	0.168716
0.105588	-0.895766	0.431804
0.12521	-0.624394	0.771009
0.0605493	-0.886503	0.458744
-0.73427	-0.672696	0.091257
0.814738	-0.548421	0.188246
-0.652202	-0.127622	-0.747225
-0.746229	-0.497302	0.44253
0.476829	-0.832387	-0.282429
-0.0068966	-0.982487	-0.186203
0.17412	-0.839474	0.514748
-0.340316	-0.93517	-0.0981939
-0.251385	-0.94436	0.212109
0.290398	-0.864297	0.410682
0.0794793	-0.214848	0.973408
0.170745	-0.863378	0.474788
0.173959	-0.98455	-0.0199956
0.123457	-0.984279	0.126309
0.267552	-0.958306	0.100323
-0.579498	-0.780059	-0.235988
0.330308	-0.938419	-0.101325
0.501198	-0.861593	0.0803654
0.545029	-0.663667	-0.512338
-0.332539	-0.887553	0.318854
0.14866	-0.983479	0.103289
0.295355	-0.927815	-0.22787
-0.235419	-0.97181	0.0127875
0.197533	-0.909192	-0.36654
-0.430904	-0.791776	-0.432912
0.276539	-0.678433	-0.680628
0.0650538	-0.858639	0.508436
0.301655	-0.880118	-0.366602
0.113218	-0.92554	0.361328
-0.467943	-0.815149	0.341412
-0.165826	-0.836877	0.521669
-0.10382	-0.371749	0.92251
0.00138448	-0.999717	0.0237438
0.333818	-0.92513	-0.180829
-0.514942	-0.733372	0.443848
-0.335828	-0.936341	-0.102396
-0.105608	-0.826948	0.552272
-0.634384	-0.625605	-0.454066
-0.123861	-0.834663	0.536652
0.0220487	-0.72712	0.686156
0.290538	-0.837806	-0.462243
0.059507	-0.980733	-0.186067
0.422979	-0.904343	0.057029
0.208214	-0.775573	-0.595931
-0.643662	-0.0723989	-0.761877
0.457198	-0.802032	0.384337
0.224783	-0.540208	-0.810955
0.00528176	-0.972552	0.232626
-0.442327	-0.730622	0.520134
-0.1532	-0.913488	-0.376922
0.286653	-0.598249	-0.748284
-0.683728	-0.634129	0.361105
0.0494573	-0.914127	0.402399
0.778908	-0.591757	0.207667
0.374218	-0.923145	-0.0881138
0.464903	-0.858228	0.21751
-0.350073	-0.887078	-0.300903
-0.171393	-0.897451	-0.406456
0.0666753	-0.976029	0.207177
-0.777435	-0.620408	0.10339
-0.00089285	-0.928618	-0.371035
-0.173599	-0.968453	0.178778
-0.470293	-0.877648	-0.0925095
0.519829	-0.816558	0.251019
-0.784559	-0.608518	0.119048
0.508817	-0.85065	0.13229
-0.0512529	-0.921669	0.384577
-0.277476	-0.905965	0.31974
-0.301301	-0.877058	-0.374149
0.0913653	-0.796855	0.597223
0.226874	-0.915893	0.331163
0.687888	-0.708396	-0.158066
-0.978577	-0.109786	-0.174168
0.55012	-0.822032	-0.147073
-0.422066	-0.888075	-0.182159
0.213962	-0.956895	-0.196397
0.0619154	-0.887889	0.455873
-0.406836	-0.852422	0.328422
0.333045	-0.6787	-0.654559
0.580985	-0.807594	0.101237
0.394526	-0.692851	-0.603578
0.419029	-0.907445	-0.0309483
0.516185	-0.610236	0.600969
-0.495524	-0.736793	0.459991
0.132427	-0.97233	-0.192452
0.249265	-0.903456	0.348761
0.856202	-0.48668	0.173378
0.530859	-0.77636	-0.339785
0.464219	-0.677445	0.570586
0.648554	-0.52335	-0.552705
-0.26673	-0.947733	0.17509
0.52774	-0.578099	0.622328
0.208582	-0.977274	0.0378047
-0.25497	-0.962055	0.0971623
-0.100886	-0.930442	0.352279
0.148585	-0.93606	0.318927
-0.113783	-0.879401	-0.462284
-0.443054	-0.848288	0.290019
-0.313653	-0.825806	0.468687
0.0440922	-0.990617	-0.129362
0.17042	-0.984214	-0.0477574
-0.0931498	-0.987931	0.123754
0.153548	-0.943069	0.295033
-0.36303	-0.767617	-0.528179
-0.245331	-0.876215	0.414801
0.550024	-0.83514	0.00388571
0.312116	-0.93981	0.139075
0.26428	-0.941649	-0.208453
0.375061	-0.760478	0.530097
0.982701	-0.137203	0.124394
-0.62781	-0.608903	0.484862
-0.203229	-0.952349	-0.227439
0.364878	-0.75148	-0.549675
-0.36605	-0.769107	0.52391
0.920501	-0.373988	-0.113189
0.203303	-0.889387	-0.409462
0.203387	-0.836043	-0.509575
0.16314	-0.963923	0.210327
0.177243	-0.978416	-0.106241
-0.13757	-0.977109	0.162276
-0.251947	-0.958811	-0.131164
-0.469618	-0.851832	0.232037
0.165347	-0.953932	0.250349
-0.349925	-0.93466	0.0629488
-0.419115	-0.803825	-0.422146
-0.263238	-0.963546	0.0478108
0.609895	-0.792476	-0.00329118
0.0857106	-0.995968	-0.0264885
-0.547889	-0.781009	0.299737
-0.0890834	-0.829458	0.55142
-0.105093	-0.694573	-0.711705
-0.0857814	-0.8432	0.530711
0.325809	-0.94468	0.0377916
0.619602	-0.706295	-0.342404
-0.525074	-0.830573	0.185598
-0.0106847	-0.975086	0.221571
-0.28127	-0.817804	-0.50208
-0.615686	-0.684952	-0.389579
0.400991	-0.907334	0.126294
-0.285788	-0.838416	-0.464095
0.723883	-0.676073	0.137549
0.310399	-0.894026	-0.323064
-0.501384	-0.816986	-0.284865
0.410352	-0.802065	0.433939
-0.559314	-0.661601	-0.499452
0.164895	-0.965923	-0.199506
0.181571	-0.976656	0.114781
0.568787	-0.815162	0.109513
0.202151	-0.970437	-0.131861
-0.294775	-0.778615	-0.553955
0.268745	-0.881374	0.38853
0.00454066	-0.958669	-0.284487
0.478875	-0.836263	-0.267099
0.18154	-0.81402	-0.551738
-0.270453	-0.946128	-0.178038
-0.151498	-0.987419	-0.045304
0.14726	-0.458827	0.876238
-0.0974489	-0.964103	-0.246999
0.52734	-0.790019	-0.312702
0.558384	-0.00479301	-0.829569
0.361918	-0.92563	0.110561
-0.025051	-0.896631	0.44207
-0.471889	-0.859033	0.198454
-0.223828	-0.899604	0.374985
-0.161774	-0.985611	-0.0489844
0.348458	-0.818338	0.457057
0.0770158	-0.938264	0.337238
-0.0721669	-0.996998	0.0280533
0.297957	-0.937551	0.1795
-0.426743	-0.876339	0.223429
0.489633	-0.764915	0.418526
0.139145	-0.990267	0.00304574
-0.21365	-0.799758	0.561017
-0.276348	-0.951077	0.138148
-0.0188329	-0.955779	0.293481
-0.596825	-0.367962	-0.713024
0.216278	-0.966531	-0.137992
0.308716	-0.928771	0.20513
-0.508889	-0.628333	0.588414
-0.640174	-0.731634	-0.234284
0.166832	-0.967613	-0.189453
-0.376712	-0.765063	0.522271
0.373261	-0.866447	-0.33158
-0.00237185	-0.99988	0.0152952
0.0387872	-0.927859	-0.370909
0.356184	-0.93274	-0.0559334
0.37378	-0.881839	0.287485
-0.139932	-0.710956	-0.689174
-0.0854753	-0.770964	0.631116
0.324021	-0.923104	-0.207098
-0.0877211	-0.962426	0.256986
0.395771	-0.912158	0.106455
0.327618	-0.944045	-0.0380217
-0.0494567	-0.961806	-0.269226
0.220443	-0.89323	-0.391849
0.453292	-0.837745	-0.304482
0.391779	-0.761379	0.516538
0.533723	-0.829058	0.166738
-0.284527	-0.900631	0.328494
-0.122658	-0.963405	-0.238338
-0.0352271	-0.994101	0.102577
0.108838	-0.769288	-0.629563
0.185355	-0.962061	-0.200205
0.382632	-0.858526	0.341358
-0.679102	-0.671867	0.295662
0.349475	-0.936933	0.00484542
0.175498	-0.948533	0.263601
0.224488	-0.796483	0.561444
-0.145312	-0.905677	-0.398289
-0.0441866	-0.944039	0.326861
0.189015	-0.964366	0.185124
-0.579522	-0.54341	0.607338
0.358501	-0.90895	0.212807
-0.671017	-0.721945	0.168912
0.57918	-0.787093	0.212214
0.588742	-0.801767	-0.102729
0.481335	-0.869713	-0.109162
0.341493	-0.632001	-0.69567
-0.629604	-0.759688	0.162707
0.0801757	-0.951019	-0.298554
0.335191	-0.863473	-0.37691
-0.229504	-0.542511	-0.80809
-0.118582	-0.978913	0.166337
-0.0368961	-0.722442	-0.690447
-0.0184644	-0.771885	-0.635494
0.127222	-0.954318	-0.270355
0.0804308	-0.98325	0.163557
0.197384	-0.975149	0.100618
-0.475274	-0.79276	0.381637
-0.40274	-0.822974	0.400643
-0.0418398	-0.997908	-0.0492773
0.0340482	-0.954272	0.296995
-0.42405	-0.90197	0.0814339
0.145363	-0.989316	-0.0111588
0.137979	-0.980587	-0.139326
0.514875	-0.825176	0.232356
-0.359961	-0.865909	-0.347318
0.426948	-0.776375	-0.463635
-0.741086	-0.356921	-0.568682
-0.254038	-0.881908	0.397119
-0.290964	-0.907665	0.302462
0.0906189	-0.981894	-0.166351
-0.0153009	-0.856927	0.515211
0.763659	-0.561172	0.319236
0.45191	-0.751797	-0.480186
0.336458	-0.919031	-0.205371
0.348761	-0.93186	-0.100013
0.80266	-0.511297	0.307103
-0.217243	-0.849905	0.48007
0.203126	-0.845277	-0.494212
0.76015	-0.576949	0.298835
-0.179541	-0.983381	-0.0269738
-0.042731	-0.998801	-0.023886
-0.054786	-0.70505	0.707038
-0.170304	-0.914871	0.366071
0.812345	-0.410148	0.414576
0.112859	-0.990575	-0.0776197
0.204489	-0.940834	0.270214
-0.377617	-0.91615	0.134443
0.632838	-0.754919	0.172085
0.212503	-0.94411	0.251988
0.188146	-0.768343	0.611759
-0.0664462	-0.705622	0.705466
-0.486339	-0.84619	0.217802
0.0517654	-0.911016	0.40911
-0.226923	-0.96896	0.0980991
0.178407	-0.978602	0.102515
-0.328559	-0.944463	0.00623646
-0.385763	-0.809658	0.442313
-0.100477	-0.715876	-0.69096
-0.922983	-0.379358	0.0647358
-0.3521	-0.925722	0.138073
-0.0756429	-0.996239	-0.0422646
-0.800297	-0.448744	-0.397685
-0.0488017	-0.996301	0.0707244
-0.252626	-0.876033	-0.410786
0.51498	-0.629492	0.581838
0.73379	-0.440637	0.517099
-0.283472	-0.871798	0.399513
0.157237	-0.888054	0.432015
-0.149652	-0.810082	0.566897
0.255164	-0.936825	-0.23927
0.44038	-0.709087	-0.550691
-0.283565	-0.928747	0.238788
0.60135	-0.795137	-0.0783257
0.0737795	-0.977846	-0.195893
-0.366904	-0.595949	0.714301
0.0475492	-0.996177	0.0732874
-0.561807	-0.820296	0.107178
-0.0698139	-0.992282	0.102486
-0.262278	-0.890306	0.372243
0.0183975	-0.708191	0.705782
0.265981	-0.915343	0.302328
0.135615	-0.966786	-0.216639
0.0778934	-0.977419	0.196432
0.520103	-0.840047	-0.154319
-0.15545	-0.983043	0.0972754
-0.511629	-0.803155	0.305251
-0.189344	-0.981248	0.0360632
0.173756	-0.899864	-0.400068
0.323418	-0.873972	0.36273
0.463063	-0.874751	0.14277
0.478175	-0.618557	-0.623488
-0.219503	-0.97481	-0.0395465
-0.272074	-0.864179	0.423285
-0.644833	-0.661917	-0.382173
-0.037652	-0.99918	0.014912
-0.110457	-0.987826	-0.109542
0.432489	-0.818945	-0.377204
-0.320953	-0.895085	-0.309536
-0.308766	-0.894221	-0.324086
0.225263	-0.760921	0.608486
0.413097	-0.764969	-0.494139
0.450481	-0.771982	-0.448454
-0.311357	-0.940699	0.134696
0.543529	-0.830328	-0.123012
0.617153	-0.698951	-0.361372
-0.22197	-0.971643	-0.0814834
0.471215	-0.773389	0.424058
0.00584174	-0.972976	0.230832
-0.246796	-0.726353	0.641485
-0.145023	-0.898124	0.415141
0.208588	-0.975855	-0.0647932
-0.516551	-0.750609	-0.412021
-0.0448054	-0.981805	-0.184532
0.122506	-0.975821	-0.181015
0.720526	-0.549112	0.42346
0.262328	-0.716768	-0.646086
-0.485127	-0.404256	0.775389
-0.157968	-0.721547	0.674104
-0.413549	-0.82492	-0.385337
-0.371153	-0.677022	0.635521
-0.256324	-0.962672	-0.0869477
-0.115524	-0.906978	-0.405025
-0.399382	-0.552913	-0.731287
-0.420317	-0.85107	-0.314665
-0.0087982	-0.985658	0.168524
0.145196	-0.98321	0.110527
-0.465915	-0.838702	0.28196
0.115382	-0.993315	0.00344783
-0.379852	-0.815761	-0.436172
-0.248942	-0.8787	0.407324
-0.551518	-0.686499	0.473863
-0.45363	-0.751773	-0.4786
-0.12079	-0.74184	-0.659609
-0.0540074	-0.718104	0.693837
-0.00659491	-0.993005	-0.117892
0.563453	-0.717754	0.409083
0.512151	-0.793102	-0.329682
0.325227	-0.87322	0.362925
0.0242013	-0.985499	0.167945
-0.458728	-0.768543	0.445994
0.284279	-0.94071	-0.185066
0.239955	-0.867319	0.436095
0.249492	-0.961298	-0.116872
0.739373	-0.53682	-0.40639
-0.13573	-0.941701	0.307857
0.165258	-0.986148	0.014234
-0.0566919	-0.996494	0.0615345
-0.249448	-0.959466	0.131151
0.299869	-0.910888	0.283482
-0.0496208	-0.996566	0.0662876
0.776774	-0.61043	-0.154909
0.154062	-0.920976	0.357867
0.0719633	-0.903753	0.421962
0.158523	-0.929498	-0.333023
-0.330579	-0.67541	-0.659196
-0.264101	-0.931224	-0.251141
-0.474753	-0.66773	0.573364
0.254472	-0.875764	-0.41022
0.274576	-0.686142	0.673659
0.221315	-0.772307	-0.59545
0.380863	-0.880783	-0.281363
0.537448	-0.783872	0.310955
-0.589374	-0.758991	0.276714
0.101752	-0.992265	0.0711144
0.798451	-0.458099	-0.390667
-0.383995	-0.889078	-0.249175
-0.1623	-0.953784	0.252893
-0.203717	-0.961606	0.183884
0.0410392	-0.797042	-0.602528
-0.179387	-0.93165	-0.315988
-0.161995	-0.815692	0.555342
-0.134746	-0.971997	0.192525
-0.195804	-0.871062	-0.450458
0.104585	-0.96752	-0.230147
-0.377677	-0.84541	0.377679
0.0140836	-0.911158	0.411817
0.251888	-0.874909	0.413626
0.289215	-0.911814	-0.29146
0.442769	-0.893929	-0.0696202
0.17362	-0.983982	-0.0404366
-0.183472	-0.98287	0.0174417
-0.280562	-0.959318	-0.0315159
-0.0468034	-0.987476	0.150668
-0.29789	-0.953112	0.0532898
0.19932	-0.894439	-0.400313
0.28841	-0.92842	0.234212
-0.199532	-0.973326	-0.113243
0.557475	-0.806939	-0.19512
-0.0699256	-0.97204	-0.22416
-0.528138	-0.849135	-0.00632348
-0.247075	-0.881211	-0.403015
0.447722	-0.893255	-0.040504
-0.487743	-0.825881	0.282892
-0.0634511	-0.995771	-0.0664456
0.592123	-0.68593	0.422955
-0.222603	-0.926674	-0.302858
-0.527618	-0.823983	0.206569
0.663364	-0.745636	-0.0630473
0.42077	-0.797035	-0.43323
-0.53741	-0.839663	-0.0784618
-0.211326	-0.953886	0.213172
-0.62502	-0.776403	-0.080923
-0.370362	-0.66204	0.651564
-0.506403	-0.71983	0.474764
0.629933	-0.774902	-0.0520675
0.104737	-0.975252	-0.194712
-0.132429	-0.964325	0.229216
-0.0373134	-0.95731	-0.286645
0.188491	-0.886666	-0.422249
0.695398	-0.718624	-0.000334396
0.2538	-0.948255	0.190785
-0.34161	-0.926326	-0.158818
-0.240263	-0.791105	-0.562518
-0.0575604	-0.659638	-0.749376
0.447575	-0.839572	-0.307889
-0.00550155	-0.3628	0.931851
0.640246	-0.491797	-0.590102
-0.481193	-0.691788	0.538407
-0.428588	-0.568644	0.702108
0.265484	-0.78381	0.561391
0.160676	-0.969103	0.187142
0.201175	-0.930683	0.305546
-0.454386	-0.885827	-0.0940449
0.446639	-0.894691	-0.00640581
-0.170939	-0.985083	0.0197855
-0.0786819	-0.986473	0.143803
-0.176304	-0.870153	0.460164
-0.222436	-0.97491	-0.00853241
0.0037808	-0.89188	0.452256
-0.441731	-0.876772	-0.190116
0.166469	-0.985726	-0.0251564
-0.447962	-0.16554	0.878594
-0.375928	-0.870685	0.317153
-0.473421	-0.874859	0.102442
-0.500611	-0.864737	-0.0402374
0.51694	-0.833169	-0.196475
-0.542681	-0.83848	-0.0494903
0.283057	-0.756586	-0.589454
-0.373604	-0.909366	-0.182958
-0.534797	-0.82994	0.158719
0.195831	-0.879443	-0.433855
0.336553	-0.788905	-0.51416
0.161913	-0.968419	-0.189603
0.725616	-0.669286	0.159803
-0.148015	-0.436866	0.887265
0.470842	-0.814434	0.339125
-0.216546	-0.948464	-0.23135
-0.160662	-0.963613	0.213629
0.118968	-0.926319	-0.357462
-0.0805858	-0.84514	0.528435
-0.433402	-0.875293	0.214535
-0.829378	-0.550724	0.0939912
-0.0487808	-0.640916	0.76606
-0.620837	-0.702361	0.348209
0.0142939	-0.988493	0.150588
0.237557	-0.971285	0.0131159
-0.661271	-0.713344	0.232081
0.233608	-0.923458	-0.30439
-0.718679	-0.640089	0.271638
-0.347239	-0.856697	-0.381438
-0.559399	-0.750525	0.35183
0.239121	-0.956878	-0.16494
0.04399	-0.871907	0.487691
0.0304566	-0.976968	-0.211201
-0.452081	-0.859782	0.237482
-0.213961	-0.887741	0.407599
-0.108448	-0.990473	-0.0848693
-0.28002	-0.958516	0.0532556
0.385091	-0.885002	0.261681
-0.217098	-0.925438	0.310536
0.17384	-0.641364	-0.747283
-0.158324	-0.876521	-0.454582
0.629209	-0.533939	0.564806
0.667274	-0.725712	-0.167592
0.556639	-0.796222	0.237031
-0.458182	-0.888463	0.0265225
0.158595	-0.987267	0.0123308
-0.453434	-0.776696	0.437198
-0.475251	-0.773231	0.419823
0.293247	-0.844189	-0.448722
-0.115855	-0.990738	0.0708237
-0.544619	-0.838515	-0.0167943
-0.00907886	-0.965803	-0.259119
-0.689461	-0.718479	0.0918184
-0.0595205	-0.809208	0.5845
0.511094	-0.836887	-0.195966
-0.134753	-0.98887	0.0630666
0.0126715	-0.964276	0.264596
-0.0481847	-0.998686	0.0174284
-0.357346	-0.922335	0.146974
-0.631056	-0.530213	-0.566253
0.810591	-0.503288	-0.299406
0.11667	-0.915495	0.385042
-0.710893	-0.67594	0.194258
0.292438	-0.8491	-0.439896
-0.553819	-0.826132	0.103874
0.107895	-0.98906	-0.100594
0.119138	-0.929782	-0.348299
0.505621	-0.23238	-0.830871
-0.15308	-0.907519	-0.391121
0.362551	-0.58951	0.721828
0.277927	-0.951764	0.13001
0.36771	-0.913526	-0.173952
-0.327605	-0.891165	-0.313846
-0.101333	-0.970243	-0.219909
0.105843	-0.860936	0.497581
-0.447706	-0.783756	-0.430448
-0.0225453	-0.931128	0.363995
0.146859	-0.982581	0.113873
-0.508571	-0.860059	-0.0406783
0.226498	-0.902649	0.365954
0.526668	-0.816441	0.236738
-0.078813	-0.884557	0.459725
-0.710397	-0.691443	-0.131309
0.142841	-0.874719	0.463102
0.504679	-0.863019	-0.0223005
-0.11772	-0.934248	-0.336633
0.571087	-0.802943	-0.170711
0.57364	-0.757576	0.311475
0.0789565	-0.629802	-0.772732
-0.0365686	-0.994916	0.0938336
-0.593821	-0.72221	-0.354668
-0.588559	-0.70289	0.39943
-0.27455	-0.959033	-0.0698467
-0.497591	-0.836685	-0.228825
0.100533	-0.985488	-0.136773
0.455812	-0.852417	0.256165
-0.329998	-0.915405	-0.230509
0.177134	-0.964552	0.195609
-0.749021	-0.608357	0.26243
-0.420373	-0.895407	-0.146741
-0.173346	-0.981688	0.0789893
-0.0340857	-0.868019	-0.495359
-0.230039	-0.969905	0.0797912
-0.143383	-0.989637	-0.00770981
0.478712	-0.870387	-0.11516
-0.674926	-0.737153	0.0328682
-0.0486888	-0.998807	0.00377943
-0.280519	-0.920176	-0.273105
-0.081083	-0.994632	-0.0642911
0.291589	-0.955511	-0.0444291
0.380476	-0.815743	0.435663
-0.434338	-0.839257	0.327107
0.176698	-0.966369	0.186838
0.427241	-0.892103	-0.147031
0.0459099	-0.893127	0.447455
0.351544	-0.936082	-0.0129605
0.606122	-0.559347	0.565462
0.734708	-0.630096	0.251363
0.126339	-0.95357	-0.273393
-0.183729	-0.575922	-0.796591
0.0623252	-0.92564	-0.373238
0.307029	-0.847614	-0.432763
-0.371824	-0.927754	0.0319211
-0.196117	-0.897418	0.395194
0.0141222	-0.993688	0.111285
-0.207752	-0.711829	-0.670923
-0.353278	-0.898067	-0.262052
0.667737	-0.734503	-0.12096
0.0427537	-0.91955	0.390641
0.531974	-0.796988	-0.286033
0.191972	-0.974415	-0.116888
0.204292	-0.824609	0.527528
0.285913	-0.887	0.362607
0.173498	-0.98391	-0.0426613
0.501118	-0.819776	0.277216
-0.292859	-0.897865	-0.328743
-0.35979	-0.750739	0.554024
0.166958	-0.96404	0.206765
-0.499462	-0.57923	0.644228
0.14858	-0.55703	0.817094
-0.061975	-0.998045	-0.0080819
-0.269505	-0.9627	-0.0239899
0.549213	-0.82899	0.105546
0.0801112	-0.996784	0.00192713
0.397267	-0.729626	-0.556619
-0.0933284	-0.989989	0.10588
0.640106	-0.767296	0.0390142
0.171811	-0.984187	0.0431013
0.205886	-0.978238	-0.0257104
0.361283	-0.807837	-0.465698
0.0721896	-0.9881	-0.135823
0.0699959	-0.994672	-0.0756905
-0.272944	-0.935953	0.222471
0.0942593	-0.991715	-0.0872754
0.283012	-0.830323	-0.48007
0.190616	-0.981382	0.0235653
0.0901213	-0.986677	-0.135449
-0.614464	-0.7649	0.193292
0.260569	-0.855681	-0.447117
0.332757	-0.741397	0.582755
-0.641114	-0.692071	-0.331677
0.165094	-0.979105	0.118729
0.390403	-0.618505	0.681936
-0.55762	-0.747206	-0.361583
0.110489	-0.984039	0.139495
0.0933774	-0.912784	0.397624
0.0808675	-0.946883	-0.311244
-0.396985	-0.917571	-0.0215927
0.53426	-0.596213	0.599247
-0.085364	-0.994541	0.0600112
0.210642	-0.818943	-0.533818
0.355778	-0.313603	0.880384
-0.544035	-0.726523	-0.419751
-0.509261	-0.817253	0.269725
-0.0947581	-0.968172	-0.231657
0.580792	-0.810911	0.071435
-0.39493	-0.624779	-0.673558
0.162343	-0.946054	0.280403
0.426199	-0.89621	-0.123136
-0.0156488	-0.994608	-0.102516
-0.041283	-0.990018	0.134756
0.767256	-0.511451	0.386957
-0.075235	-0.907984	-0.412195
-0.76691	-0.620361	-0.164317
-0.498307	-0.844662	0.195541
0.0348354	-0.999383	-0.00450213
0.278073	-0.933847	0.224955
0.509372	-0.575576	-0.639728
0.259594	-0.844158	0.46905
-0.432276	-0.89974	0.0600423
-0.0440154	-0.879658	0.473565
-0.323092	-0.903165	0.282675
0.261606	-0.965059	-0.0149634
-0.408128	-0.82247	-0.396201
-0.187171	-0.904092	-0.384167
-0.0875384	-0.993951	0.0663207
-0.0928869	-0.973259	-0.210092
-0.553166	-0.828467	0.087461
-0.215235	-0.742736	0.634048
-0.177691	-0.983963	-0.0155677
0.101787	-0.991492	0.0811368
-0.00779795	-0.983855	0.178798
0.337562	-0.837041	0.430597
0.311175	-0.876725	-0.366774
0.138268	-0.985159	0.101705
-0.122112	-0.644956	0.754401
0.389905	-0.859565	-0.330336
0.675008	-0.734584	0.0689227
0.00926779	-0.640113	0.768225
-0.153599	-0.982868	-0.101874
-0.215327	-0.944368	-0.248603
0.550676	-0.832849	0.0558466
-0.382158	-0.843432	0.377594
0.380844	-0.859948	0.339775
0.310044	-0.905138	0.290855
-0.00346698	-0.806352	0.591426
-0.746158	-0.658857	-0.0956889
0.227609	-0.894934	-0.38378
-0.633897	-0.617709	0.465414
0.158084	-0.757392	-0.633535
-0.254992	-0.913072	0.318243
0.529381	-0.842233	0.10198
0.160882	-0.9725	0.168405
-0.27451	-0.945679	0.17417
-0.615827	-0.687318	0.385164
0.302002	-0.425492	0.853084
0.235181	-0.938429	0.253064
-0.0982836	-0.744038	0.660869
0.45731	-0.877531	-0.144248
0.493115	-0.865742	-0.0856069
0.181959	-0.958809	0.218119
0.220109	-0.934317	0.280362
-0.271593	-0.64755	-0.711981
0.0991905	-0.954665	-0.280672
0.444324	-0.884419	0.142754
0.120031	-0.991043	-0.0585377
0.069212	-0.910105	-0.408558
0.052278	-0.937539	-0.34393
-0.259448	-0.73416	-0.627452
0.267386	-0.670682	-0.691875
0.687619	-0.496695	0.529598
0.172615	-0.948096	-0.267054
0.0969911	-0.972029	-0.213897
0.00683215	-0.891446	0.453076
-0.280873	-0.765609	-0.578751
-0.123571	-0.974007	0.189842
-0.0055377	-0.933705	0.358001
0.393629	-0.318809	0.862217
0.541643	-0.826527	-0.153218
0.211874	-0.858223	-0.467506
-0.0723943	-0.82908	0.554423
-0.124792	-0.883178	-0.452132
-0.361969	-0.930988	-0.0473229
0.221051	-0.896688	-0.38352
0.553375	-0.830332	0.0657651
-0.106791	-0.923176	-0.369244
-0.136033	-0.85363	-0.502802
-0.00679913	-0.998617	0.0521323
-0.441131	-0.754751	0.485546
0.149157	-0.98278	0.109068
0.0833784	-0.888751	0.450744
0.621713	-0.345554	0.702898
-0.0405067	-0.828887	0.557947
0.148051	-0.988976	-0.00255474
0.321197	-0.909175	0.265014
0.268122	-0.960928	-0.0687559
0.0593761	-0.923105	-0.379937
-0.00393497	-0.9885	-0.151167
0.0619891	-0.933112	0.354203
0.385752	-0.922587	0.00541761
-0.231786	-0.92742	-0.293543
0.181691	-0.968657	-0.169386
0.354969	-0.916279	-0.185554
0.0147373	-0.915038	0.403097
-0.409316	-0.894676	-0.178929
0.787422	-0.598398	0.147942
0.676817	-0.730474	-0.0912464
-0.239854	-0.905527	0.349988
-0.320245	-0.942019	-0.100217
-0.212617	-0.957455	0.195123
-0.0189594	-0.903126	0.428957
-0.00298014	-0.86107	0.508478
-0.00387357	-0.950055	0.312058
0.430306	-0.902479	-0.0192199
-0.205911	-0.91642	-0.343184
-0.378942	-0.903206	0.201549
0.134098	-0.607187	-0.783161
-0.0362869	-0.981432	-0.188349
0.135267	-0.957492	-0.254777
0.109351	-0.907792	0.404916
0.080815	-0.990439	0.111798
0.585521	-0.781682	0.214799
-0.289055	-0.942539	-0.167535
-0.250445	-0.936885	0.243973
-0.0765289	-0.991271	-0.107358
-0.292413	-0.635875	-0.714253
0.424512	-0.898461	-0.11206
-0.422042	-0.884393	-0.199324
-0.513807	-0.85782	0.0120948
-0.318628	-0.947847	-0.00785808
0.335436	-0.694544	0.636467
-0.133937	-0.981439	0.137255
-0.505031	-0.781946	-0.365383
-0.150683	-0.969964	-0.190958
0.105784	-0.975	0.195407
0.0278964	-0.960076	0.278346
0.307816	-0.947684	0.0845308
-0.185365	-0.967025	-0.174652
0.409375	-0.909234	0.0755331
-0.58228	-0.808381	0.0864264
-0.131015	-0.918306	0.373562
0.125073	-0.990963	0.0484754
-0.186258	-0.976328	0.109963
0.21579	-0.109614	-0.970268
0.689073	-0.553968	-0.467223
-0.21419	-0.97235	-0.0930507
0.312222	-0.677133	0.66634
0.497307	-0.866182	0.0491457
-0.150041	-0.981106	0.122144
-0.542534	-0.798073	-0.262175
0.0698059	-0.737851	0.671344
0.155953	-0.98711	0.0359606
-0.462173	-0.8701	0.171237
0.100202	-0.895235	0.434182
0.354813	-0.892016	0.280029
-0.692928	-0.163088	-0.70232
-0.815757	-0.567087	-0.11381
0.422147	-0.90621	0.0239773
-0.167522	-0.974681	-0.148098
0.25658	-0.845627	0.468062
0.129948	-0.99116	0.0267532
0.0348193	-0.943961	0.328216
0.238024	-0.936249	-0.258423
-0.34059	-0.940163	0.00964576
-0.120504	-0.69368	0.710132
-0.114608	-0.926626	-0.358091
-0.391347	-0.913436	-0.11172
0.476524	-0.816024	-0.327156
-0.642421	-0.683925	0.345747
0.203537	-0.975051	0.0885941
0.0929673	-0.995598	0.0118643
0.138268	-0.920361	-0.365811
0.834155	-0.551034	0.0233821
-0.206617	-0.977408	0.0445335
0.601683	-0.745441	-0.286872
-0.0453123	-0.988315	0.145537
-0.263251	-0.923014	-0.280612
0.198069	-0.978597	0.0558305
-0.850365	-0.489255	-0.19367
0.0289792	-0.98136	0.189979
-0.459896	-0.862507	-0.211132
-0.100388	-0.954301	0.281482
0.54637	-0.83219	0.0945519
-0.368033	-0.885824	0.282608
-0.703932	-0.702044	0.10777
-0.248656	-0.907731	-0.337926
-0.553354	-0.83214	-0.0366221
-0.519502	-0.683086	-0.513332
0.0317923	-0.904528	0.425227
-0.0225619	-0.957634	0.287103
-0.376176	-0.764778	0.523074
0.510494	-0.698742	0.501154
0.055837	-0.952109	0.300618
-0.154521	-0.981895	0.109566
0.0458719	-0.940811	-0.335814
-0.168733	-0.879746	0.444495
0.456152	-0.873345	0.170861
-0.313024	-0.878851	0.36005
0.211957	-0.703797	0.678045
0.126611	-0.985959	-0.10888
-0.326714	-0.791567	-0.51641
0.0535251	-0.951724	0.302254
-0.69237	-0.720599	-0.0368801
-0.23376	-0.886129	0.400165
0.419031	-0.888928	-0.184988
0.336462	-0.937147	-0.0924624
0.79364	-0.38654	0.469811
0.352939	-0.853996	0.382264
0.204856	-0.466292	-0.860584
0.338509	-0.928771	0.150984
-0.353007	-0.815399	0.458815
-0.0957692	-0.830515	-0.548702
0.161138	-0.926164	0.340961
0.470597	-0.861459	0.190859
-0.00540726	-0.920125	-0.391588
-0.10068	-0.77775	0.620458
-0.258818	-0.963045	-0.0745557
0.561129	-0.826605	0.0431166
-0.484715	-0.704225	0.518766
0.257672	-0.936873	-0.236376
0.0256967	-0.911892	-0.409625
-0.284355	-0.760843	-0.583318
0.429628	-0.861609	-0.270277
0.0226683	-0.999586	0.0177359
-0.0353451	-0.845928	-0.532125
-0.454717	-0.863014	0.22009
-0.00616569	-0.954317	-0.298732
0.275431	-0.946839	-0.166235
-0.397807	-0.910959	-0.109106
-0.560733	-0.695419	-0.449411
-0.0638192	-0.98199	-0.177826
0.362555	-0.912211	0.190852
-0.011916	-0.970367	0.241344
0.421337	-0.902951	0.08458
0.727691	-0.59875	0.33461
-0.00915294	-0.422099	-0.906504
-0.0307859	-0.922687	0.38432
0.31366	-0.930217	0.190561
0.422564	-0.855845	-0.298275
-0.0624687	-0.95626	0.285769
0.344589	-0.914769	0.210846
0.265415	-0.94714	-0.180226
-0.291185	-0.857159	0.42484
-0.0815879	-0.969207	0.232338
-0.394469	-0.917746	0.0462161
-0.723272	-0.689118	0.0446558
-0.659821	-0.726147	0.193253
-0.332055	-0.874174	0.354343
-0.398428	-0.913121	0.0864043
-0.297891	-0.806809	-0.510217
-0.42008	-0.58236	-0.695981
-0.0278022	-0.988473	0.148821
-0.784153	-0.245583	0.569906
0.0515854	-0.861456	0.505205
0.145619	-0.958939	0.243372
0.00958706	-0.976408	0.215723
-0.583158	-0.71824	0.379549
-0.15227	-0.950105	-0.272241
0.474004	-0.763155	0.43922
-0.0464401	-0.768817	0.63778
-0.267083	-0.934795	0.234149
-0.470779	-0.877684	0.089656
-0.500468	-0.560233	0.660054
0.0533229	-0.98465	-0.166193
-0.348482	-0.884527	-0.310117
-0.0649709	-0.927373	0.368454
0.299335	-0.942233	0.150318
-0.124391	-0.971087	-0.203757
-0.178982	-0.832487	0.524339
0.304334	-0.936205	0.175788
-0.764006	-0.559804	-0.320803
0.0544343	-0.992532	0.109164
-0.475404	-0.879301	0.0286468
0.62612	-0.764692	-0.15238
-0.105231	-0.782378	-0.613849
0.302801	-0.924613	0.231088
0.246075	-0.800924	0.545865
0.387439	-0.885151	0.257679
-0.527221	-0.84885	-0.0386159
-0.199047	-0.765815	0.611479
-0.250013	-0.91318	-0.321863
-0.421988	-0.904646	0.0595194
-0.187459	-0.981793	0.0306782
0.298463	-0.930242	-0.213469
0.297183	-0.949801	0.0977718
-0.167807	-0.878889	0.446537
0.676198	-0.720971	-0.151516
-0.336843	-0.854643	-0.395124
0.21483	-0.946667	0.240144
-0.00262213	-0.823929	-0.566687
0.229387	-0.934166	0.273341
0.144111	-0.983222	-0.111835
-0.476836	-0.870867	0.119239
0.0972431	-0.980565	0.170398
-0.0704949	-0.827766	-0.556627
0.269437	-0.781333	0.562958
-0.241865	-0.970296	0.00510883
-0.483463	-0.830517	0.276594
0.109295	-0.947965	-0.299027
0.0244313	-0.999357	0.0262317
0.379812	-0.759393	0.528266
-0.0307788	-0.923607	-0.382103
-0.0819706	-0.996361	-0.0233768
-0.306132	-0.947059	0.0967576
-0.147986	-0.810821	-0.566277
-0.898005	-0.424001	0.117516
0.116426	-0.884727	0.451335
-0.0239494	-0.979225	0.201356
0.272902	-0.825384	0.494232
-0.142405	-0.958903	-0.24541
0.441045	-0.686898	-0.577626
0.157409	-0.987499	0.00830305
-0.442361	-0.89524	0.0535048
0.021961	-0.891123	-0.45323
-0.381561	-0.740443	0.553313
-0.339485	-0.899074	-0.276434
-0.348523	-0.936505	0.0385985
-0.288473	-0.902911	0.318645
-0.345669	-0.938084	-0.0226073
-0.198711	-0.814618	0.544897
-0.233606	-0.704599	0.670052
-0.512984	-0.853199	0.0943309
-0.0856417	-0.872988	0.480163
-0.303047	-0.881272	-0.362659
-0.273336	-0.931311	-0.240722
0.0840803	-0.979875	-0.18104
-0.176069	-0.857805	-0.482876
-0.071687	-0.991168	0.111564
0.355768	-0.895149	0.268583
0.0446127	-0.788857	0.612955
-0.480228	-0.87262	0.0889663
-0.791904	-0.58414	0.177957
0.259728	-0.877966	-0.40214
-0.115246	-0.918357	-0.378602
-0.396926	-0.917285	-0.032223
-0.323076	-0.939601	-0.113014
-0.308755	-0.922048	-0.233446
-0.0635988	-0.985165	0.159387
-0.39753	-0.889495	-0.22532
0.369448	-0.908139	0.196956
-0.41435	-0.901825	-0.122579
-0.446322	-0.889087	0.101598
-0.167684	-0.944411	-0.28279
-0.155717	-0.913472	-0.375928
0.321967	-0.606084	-0.727323
-0.731608	-0.650412	-0.204238
0.589811	-0.782151	0.200904
-0.6142	-0.784179	-0.0884398
0.077798	-0.995888	0.0464234
-0.0667524	-0.91556	0.396603
-0.046351	-0.830892	0.554499
0.388619	-0.916812	0.0918188
-0.285429	-0.920153	0.268047
0.195865	-0.880517	-0.431656
-0.370616	-0.88652	-0.276994
0.338844	-0.811721	-0.475704
-0.073057	-0.956836	0.281295
0.16509	-0.974954	0.149031
-0.00779917	-0.898071	-0.439782
-0.237713	-0.963398	0.123926
0.777983	-0.372593	-0.505882
-0.111116	-0.968229	0.224024
0.514166	-0.808546	0.286158
0.0632425	-0.996754	0.0498143
-0.477027	-0.550589	0.685053
-0.43315	-0.851603	-0.295217
-0.15228	-0.815809	-0.557913
-0.0841999	-0.97597	0.200981
-0.0705734	-0.886555	0.457208
-0.192136	-0.981274	0.0136294
0.0343294	-0.985713	-0.1649
-0.474305	-0.837048	-0.272738
0.0433972	-0.94014	-0.338014
-0.0973665	-0.820834	-0.562806
-0.335606	-0.826957	-0.451122
-0.0465469	-0.964845	-0.258664
0.260789	-0.945705	-0.193987
0.0138106	-0.962763	0.269992
-0.328725	-0.943868	0.032445
-0.442443	-0.886759	0.133801
-0.289359	-0.770856	0.567496
0.150258	-0.980246	0.128612
-0.645215	-0.759862	0.0794194
-0.2415	-0.970187	-0.0203914
0.484353	-0.846751	-0.220032
0.332493	-0.811645	0.480292
-0.552156	-0.833659	0.0116606
0.137532	-0.936952	0.321258
0.383589	-0.914084	-0.131567
-0.194874	-0.928448	-0.316241
0.581449	-0.79788	0.159074
0.270645	-0.9502	-0.154503
0.0995302	-0.984304	0.145736
-0.156895	-0.973736	-0.164992
-0.225396	-0.97124	0.0767482
0.218589	-0.95538	0.198667
-0.823059	-0.560012	0.0946609
-0.505689	-0.473112	0.721418
-0.0974048	-0.969481	0.224986
0.204953	-0.835567	-0.509728
-0.00480064	-0.872707	-0.488222
0.281441	-0.776958	-0.56314
-0.203	-0.978643	0.0323954
0.425051	-0.875353	0.23041
-0.300046	-0.926675	-0.226377
-0.226832	-0.962222	-0.150583
0.247984	-0.958951	-0.13754
-0.175889	-0.976532	0.124293
-0.307961	-0.950801	-0.0337288
-0.223581	-0.930682	-0.289555
0.218948	-0.707649	0.671785
0.423235	-0.893229	-0.151703
-0.519947	-0.853587	-0.0323237
0.086042	-0.989969	0.112067
0.065267	-0.938463	-0.339158
-0.222379	-0.659493	-0.718064
-0.0131677	-0.969019	0.246635
-0.102591	-0.978306	0.179978
-0.635193	-0.741159	0.217285
0.553955	-0.777025	-0.298941
0.184306	-0.982824	0.00945133
0.197941	-0.970427	0.138169
-0.0489298	-0.988484	-0.1432
-0.0577683	-0.800132	0.597036
-0.0665693	-0.98864	0.134753
-0.59599	-0.731368	-0.331507
0.588093	-0.672128	-0.449879
-0.0526164	-0.990265	-0.12887
-0.377001	-0.892222	-0.248615
-0.541719	-0.782355	0.307345
-0.205334	-0.975026	0.0846344
0.0837389	-0.996487	-0.000980214
-0.232772	-0.970054	-0.0693796
0.19021	-0.969529	0.154381
-0.518052	-0.796042	0.312951
-0.938473	-0.14779	-0.312132
-0.566591	-0.794862	0.217185
-0.365033	-0.930994	-0.00116653
0.0441918	-0.996549	0.0702673
-0.0520478	-0.684428	0.72722
-0.247624	-0.91422	-0.320756
0.0684268	-0.873894	0.481276
0.115116	-0.888531	0.444141
0.194187	-0.728377	0.657083
-0.0673642	-0.918841	-0.388835
0.638255	-0.73925	-0.2148
-0.119441	-0.941122	0.316265
-0.126545	-0.909242	0.396568
0.221911	-0.811189	0.541043
-0.158508	-0.911091	-0.380511
-0.459516	-0.78714	-0.411407
0.732057	-0.451419	-0.51021
-0.273764	-0.851998	0.446265
-0.159342	-0.968972	0.188953
-0.614209	-0.735668	0.285551
0.440478	-0.852726	0.28078
0.354909	-0.921767	-0.156155
0.321303	-0.67002	-0.669207
-0.734722	-0.500651	0.457747
0.356635	-0.932321	0.0599118
0.00643404	-0.987237	0.159129
-0.612812	-0.788125	-0.0576313
0.574549	-0.816344	-0.0589666
0.565286	-0.821408	-0.0757711
-0.258573	-0.951441	-0.167032
-0.183847	-0.95048	0.250576
-0.583039	-0.436539	-0.6852
0.326366	-0.945203	-0.00869502
-0.30511	-0.915571	0.261986
-0.259986	-0.563175	-0.784373
0.596478	-0.439691	0.671481
0.132514	-0.986387	0.0973696
-0.0664254	-0.841549	0.536081
-0.454597	-0.890697	-0.00109339
0.196062	-0.972611	-0.124853
0.182106	-0.87464	-0.449268
0.000134806	-0.991743	-0.128245
-0.283066	-0.958497	-0.0340237
-0.47244	-0.525655	-0.707451
-0.287656	-0.893092	-0.34589
-0.517735	-0.834472	0.188697
0.14061	-0.915172	-0.377741
-0.0831983	-0.955002	0.284692
-0.122971	-0.986772	-0.105634
0.17521	-0.984524	-0.00381093
0.158504	-0.967859	-0.195257
-0.583464	-0.775982	0.239628
-0.228742	-0.743864	0.627968
-0.49165	-0.757806	-0.428964
-0.402668	-0.896771	0.183465
-0.102911	-0.986791	0.125113
-0.174069	-0.967938	0.181095
0.0690954	-0.993913	0.0858021
0.533661	-0.8132	-0.232188
0.103623	-0.94114	0.321741
0.377153	-0.496529	-0.781802
0.424828	-0.892801	-0.149758
0.321735	-0.907105	-0.271379
0.355248	-0.931757	0.0750127
-0.00169415	-0.977509	0.210887
0.885999	-0.452002	-0.103437
-0.414336	-0.891765	-0.181883
-0.431885	-0.900421	-0.0521304
-0.177973	-0.95164	0.250413
-0.447146	-0.88069	0.156348
0.282831	-0.809149	-0.515058
-0.419075	-0.903421	0.0905959
0.0558258	-0.968842	0.241304
0.0305886	-0.828843	0.558644
-0.324247	-0.765479	0.555794
-0.422307	-0.874242	0.239493
-0.204804	-0.968973	-0.138373
-0.0956004	-0.901065	-0.423015
0.358011	-0.86759	0.345131
0.855586	-0.445547	-0.263554
-0.0713151	-0.926433	0.369644
0.0327455	-0.94217	-0.333531
0.0145351	-0.972363	-0.233019
-0.0916854	-0.961883	-0.257635
-0.255923	-0.767935	-0.587179
-0.103179	-0.989652	0.099715
0.465705	-0.884624	-0.0236309
-0.504087	-0.777889	0.375213
-0.292014	-0.912714	0.2858
0.076603	-0.990917	0.110526
0.00422196	-0.95443	-0.298407
0.505613	-0.762241	-0.404158
-0.23153	-0.972828	0.000635983
-0.0261435	-0.895549	-0.444194
-0.0551115	-0.990084	-0.129216
-0.368154	-0.925986	-0.0837401
0.0506531	-0.924037	0.378932
0.374873	-0.823108	0.426571
0.17855	-0.957278	-0.227459
0.356185	-0.892897	-0.275439
-0.135098	-0.966504	0.218217
-0.0659328	-0.964561	-0.25549
0.714199	-0.661283	-0.2294
-0.0230749	-0.941931	0.335012
-0.437236	-0.892016	-0.114598
-0.165786	-0.327755	-0.930103
-0.122067	-0.713472	-0.689969
-0.216476	-0.825751	-0.520839
-0.11815	-0.917341	0.380166
-0.71931	-0.678973	0.146933
0.412952	-0.108383	-0.904281
0.116832	-0.985042	0.12666
0.252301	-0.868966	0.425726
-0.182073	-0.907473	0.378606
-0.289639	-0.955785	0.0508445
0.0688561	-0.991543	-0.110002
-0.158619	-0.868447	0.469723
0.206533	-0.976105	-0.0675576
0.00146606	-0.963252	0.268596
0.732817	-0.671899	0.107386
-0.323289	-0.795587	0.512373
-0.156291	-0.976365	-0.149278
-0.221194	-0.949991	-0.220432
0.028668	-0.981638	-0.188586
-0.0744459	-0.958135	0.27647
-0.124343	-0.895134	0.428104
0.576063	-0.667634	-0.47161
0.31594	-0.94541	-0.0798836
0.264423	-0.961836	0.0703755
0.384316	-0.782714	0.489551
0.204975	-0.967892	-0.1455
0.462379	-0.869884	-0.171775
0.417379	-0.803848	-0.42382
0.331305	-0.836514	-0.436442
0.65318	-0.665127	-0.361885
-0.247865	-0.893227	-0.375112
0.170856	-0.948958	0.265116
-0.220902	-0.927923	-0.300267
0.461921	-0.870189	-0.171467
-0.114127	-0.987427	-0.109375
-0.479001	-0.86521	0.14822
-0.450518	-0.864096	0.224437
0.582754	-0.811697	0.039312
0.253277	-0.914865	0.314441
0.235088	-0.952649	-0.192856
0.413357	-0.880383	0.232511
0.198941	-0.860439	-0.469113
-0.162085	-0.954316	-0.251016
-0.0577619	-0.970495	-0.234102
0.78051	-0.516895	-0.351601
0.376741	-0.799623	0.467621
0.60418	-0.7965	0.0235171
0.111529	-0.988891	0.0982623
0.447726	-0.892538	-0.0540107
0.798698	-0.272948	0.536266
-0.131179	-0.957827	0.255657
0.279472	-0.818864	0.501356
0.239328	-0.969685	0.0493267
0.660007	-0.68526	-0.307913
-0.591627	-0.806159	-0.00923915
-0.380033	-0.924235	0.036949
0.51697	-0.530552	0.671757
0.0297848	-0.99845	-0.0470093
0.103772	-0.456067	-0.883874
0.0558661	-0.994919	-0.0837565
0.0523614	-0.960711	0.272566
-0.288785	-0.903446	0.316843
-0.650852	-0.667646	-0.361442
0.55847	-0.788328	-0.258168
0.894892	-0.0747132	0.439984
-0.013308	-0.954085	0.299241
-0.0800449	-0.97577	-0.20363
-0.104502	-0.989784	-0.0969844
-0.141105	-0.968868	0.203433
-0.0530907	-0.931258	-0.360471
0.268429	-0.662791	0.699038
-0.806033	-0.573946	-0.144559
0.114771	-0.912953	0.391593
-0.445665	-0.825705	-0.345823
0.143271	-0.973853	0.176304
0.143602	-0.894535	-0.423303
-0.20504	-0.934365	-0.291412
0.157741	-0.822766	0.546053
0.109063	-0.97723	-0.182009
0.259284	-0.965046	0.0381811
-0.29351	-0.841142	-0.454237
-0.437686	-0.872228	0.218288
-0.140758	-0.915509	0.376869
0.361835	-0.909683	0.203845
0.0499246	-0.862902	0.502899
0.277785	-0.95948	0.0472693
-0.0926572	-0.831761	0.547346
-0.551161	-0.82921	-0.092906
-0.159878	-0.603841	0.780907
-0.0655863	-0.942679	-0.327191
0.399436	-0.80823	-0.432683
-0.262444	-0.956134	0.130121
-0.122938	-0.971371	0.203282
-0.0161077	-0.995884	0.0891944
0.451448	-0.738667	0.500566
-0.085954	-0.715855	0.692938
-0.202462	-0.96801	-0.148212
-0.309347	-0.864681	-0.395766
-0.311455	-0.920828	0.234673
0.756722	-0.246055	0.605664
-0.207558	-0.977352	0.0412767
0.559638	-0.80482	-0.197659
0.417851	-0.70447	0.573692
-0.333977	-0.910104	0.245296
-0.703188	-0.691317	0.166155
-0.105988	-0.974338	0.198576
0.218887	-0.957372	-0.188487
0.148416	-0.937882	0.313609
0.650921	-0.704997	-0.28157
-0.034744	-0.914339	0.403455
0.0672263	-0.923524	-0.377602
-0.071854	-0.374462	0.924454
-0.39555	-0.312326	0.863708
0.161758	-0.825662	0.540478
0.0794453	-0.990575	-0.11158
-0.116778	-0.96	-0.254485
-0.0300939	-0.994378	-0.101518
-0.597541	-0.74043	-0.307748
-0.3966	-0.912498	0.100281
0.3968	-0.908117	-0.133691
-0.583146	-0.772365	-0.251778
-0.00948475	-0.883291	-0.468729
0.258554	-0.861209	-0.437572
0.329175	-0.908253	0.258302
0.629389	-0.716027	0.301951
-0.0503354	-0.923129	-0.381181
0.518198	-0.854252	0.0415344
0.165329	-0.967602	0.190823
-0.191963	-0.930382	0.312314
0.37468	-0.475032	-0.796216
-0.334065	-0.90362	0.268088
0.599669	-0.758652	0.254643
0.175434	-0.975101	-0.135648
-0.217582	-0.970668	-0.102286
-0.260378	-0.914415	-0.309917
-0.000660799	-0.882531	0.470254
-0.188971	-0.837099	0.513376
-0.204789	-0.938202	-0.278996
-0.0764429	-0.686693	-0.722917
0.838527	-0.454684	-0.300225
-0.30004	-0.895191	-0.32956
-0.511736	-0.851011	0.117924
-0.205719	-0.944974	0.254368
-0.132355	-0.882718	0.450877
0.211574	-0.969917	0.120409
0.795897	-0.436844	-0.419184
0.353056	-0.640552	-0.681942
0.124761	-0.761498	-0.636047
0.171028	-0.712948	0.68004
-0.453027	-0.790304	0.412535
0.0142671	-0.978524	-0.20564
0.327862	-0.904035	0.274274
0.665265	-0.610927	0.429175
-0.34899	-0.716682	0.603799
-0.0284678	-0.842309	-0.538242
0.573972	-0.724103	0.382402
-0.31317	-0.80376	0.50586
0.324554	-0.577449	0.749145
0.17556	-0.942709	-0.283686
0.0652923	-0.362428	-0.929722
-0.0410264	-0.939116	0.341143
-0.242342	-0.960251	0.138525
0.180854	-0.977381	0.109626
0.503351	-0.864045	-0.00801645
0.158169	-0.976316	0.147615
-0.584448	-0.794835	0.163275
0.100246	-0.975723	-0.194716
-0.0564245	-0.996354	0.0639888
-0.341136	-0.93862	0.0511804
0.289498	-0.921743	-0.258031
0.210559	-0.962182	0.172829
0.0698927	-0.988807	-0.131819
-0.0461161	-0.730882	-0.680944
0.0446628	-0.981718	-0.185029
0.354013	-0.849721	0.390704
-0.440625	-0.890565	-0.112883
0.175607	-0.975462	0.132804
0.0825	-0.996573	-0.00601567
0.846544	-0.284539	0.449889
-0.255997	-0.936218	-0.240751
0.501804	-0.862687	0.0629607
0.0551655	-0.821236	-0.567915
0.321705	-0.921665	-0.216887
0.15882	-0.974749	0.156975
0.588007	-0.770893	0.24489
0.36811	-0.862103	-0.348244
0.473955	-0.859288	0.192329
0.301851	-0.827879	0.47276
-0.418042	-0.905966	0.066824
0.67112	-0.635681	0.381453
-0.255588	-0.920499	0.295561
-0.257834	-0.756509	0.601013
-0.433911	-0.869064	-0.237589
0.443202	-0.869754	0.217025
0.456709	-0.887527	-0.060934
-0.38154	-0.851524	-0.35963
-0.377649	-0.801189	-0.464195
0.42288	-0.905833	-0.0252887
-0.174756	-0.620449	0.764528
0.167046	-0.981936	-0.0888678
-0.449464	-0.884725	-0.123469
0.343315	-0.849004	-0.401655
-0.345844	-0.93829	-0.00215496
-0.0756516	-0.995977	0.0480327
-0.246557	-0.958027	-0.146263
0.411457	-0.911376	-0.00985836
0.594886	-0.799056	-0.0872936
0.0903564	-0.961178	-0.260714
-0.254265	-0.951827	0.171392
0.165999	-0.841353	0.514363
-0.00351739	-0.932709	-0.360614
-0.0108607	-0.893798	0.448339
-0.376653	-0.870392	-0.317095
-0.379038	-0.887053	0.263566
0.520524	-0.6507	0.552851
-0.53276	-0.790088	0.303196
0.439223	-0.777759	0.449637
-0.491417	-0.766477	-0.413549
-0.178909	-0.979598	0.0915361
-0.293787	-0.939822	-0.174426
0.127399	-0.718786	-0.683459
0.244489	-0.849524	0.467477
0.714687	-0.689425	0.117968
0.392861	-0.919256	0.0250627
0.342783	-0.926813	-0.153351
-0.328262	-0.874047	-0.358171
-0.133013	-0.960967	0.24259
0.283805	-0.948895	0.138035
0.188387	-0.722849	-0.664831
-0.0148827	-0.98037	-0.196603
0.077333	-0.979967	-0.183535
0.123189	-0.795901	-0.592762
0.26865	-0.85423	-0.445106
-0.660754	-0.609031	-0.438732
-0.379883	-0.924946	0.0128295
-0.00734337	-0.907534	0.419914
-0.30128	-0.774486	0.556238
0.919779	-0.197641	-0.339036
-0.338962	-0.600706	-0.724056
0.198341	-0.939574	0.279035
0.356737	-0.887868	-0.290566
0.18039	-0.982134	-0.0535901
0.140844	-0.983798	0.110923
-0.0593828	-0.994598	0.0851394
-0.221834	-0.974336	-0.0381879
0.245367	-0.94841	0.20078
0.465045	-0.878507	0.109357
-0.785466	-0.611388	0.0961681
-0.392634	-0.789784	-0.471252
-0.270178	-0.962429	0.0271064
0.0938914	-0.990822	-0.0972436
0.130037	-0.982767	0.131378
0.286317	-0.900931	0.326108
-0.121831	-0.991864	-0.0369167
0.320876	-0.480914	0.815941
-0.181547	-0.875795	-0.447241
0.00474163	-0.717005	-0.697051
-0.0510288	-0.964888	-0.257658
0.00549352	-0.956031	0.293213
-0.0703571	-0.924056	0.375726
-0.56901	-0.821519	0.0365258
-0.0897381	-0.794877	0.600098
0.231468	-0.972349	0.0309873
-0.0939822	-0.901846	-0.421711
-0.410199	-0.850868	-0.32827
-0.150171	-0.932425	-0.328682
0.192881	-0.76496	0.614519
0.212618	-0.91915	0.331598
-0.0437094	-0.991946	0.118881
0.0704758	-0.633365	-0.770637
0.327365	-0.944447	0.0291811
-0.0405775	-0.935961	-0.349759
0.159225	-0.986624	0.0349223
0.195114	-0.979678	-0.0464987
0.0544207	-0.998483	0.00831796
-0.29004	-0.775286	-0.561078
0.77226	-0.563525	-0.293349
0.0450375	-0.99134	0.123354
-0.413431	-0.90689	0.0813901
-0.51947	-0.830318	-0.201799
-0.387449	-0.825032	-0.411346
0.169356	-0.714084	-0.679266
0.128642	-0.938691	-0.319861
0.193643	-0.896814	-0.397777
0.131262	-0.989967	0.0522959
-0.516044	-0.78797	-0.335861
0.326005	-0.72882	0.602115
0.177291	-0.92457	0.337252
0.0492875	-0.93933	0.339455
0.0482224	-0.928331	-0.368614
0.395894	-0.906903	0.144205
0.225863	-0.954988	-0.192314
0.292974	-0.925527	0.23993
0.597201	-0.506556	0.621894
0.394335	-0.90729	-0.146031
0.246555	-0.926889	-0.282998
-0.0293366	-0.996784	-0.0745728
0.215238	-0.975977	0.0337777
-0.668049	-0.743235	0.0362277
-0.0481503	-0.394532	0.91762
0.428607	-0.844562	-0.320954
0.243285	-0.924327	-0.293992
0.367918	-0.879527	-0.301774
-0.143082	-0.820472	-0.553492
0.358597	-0.88335	-0.301829
-0.471213	-0.810356	-0.348255
-0.54281	-0.829472	-0.131656
-0.434595	-0.880947	0.187239
-0.450656	-0.871081	0.195262
0.0123929	-0.999867	-0.0105563
-0.387806	-0.910655	0.14253
-0.178496	-0.93597	-0.303477
0.0575472	-0.922388	0.381954
0.630379	-0.754415	0.182978
-0.00320467	-0.995732	0.0922339
-0.117716	-0.973306	-0.197025
-0.583062	-0.775061	0.243554
0.225259	-0.901603	0.369283
-0.452054	-0.850601	-0.268562
-0.118194	-0.718934	-0.684955
0.178282	-0.963842	-0.198048
0.435371	-0.889889	0.136197
0.0896748	-0.927687	0.362429
-0.181963	-0.952206	0.245343
-0.297156	-0.804034	0.515002
0.413758	-0.413997	-0.810809
-0.161815	-0.885079	-0.436408
-0.149887	-0.518208	-0.842018
-0.0926085	-0.936878	-0.337169
-0.668859	-0.699745	0.250967
0.835312	-0.542486	-0.0892322
0.422111	-0.605593	0.674595
0.121649	-0.992553	0.00626689
0.119129	-0.920228	-0.372812
0.120246	-0.919862	0.373355
-0.364701	-0.92957	-0.0537826
-0.0742035	-0.916401	0.393322
0.268254	-0.888843	-0.371482
0.194999	-0.794104	-0.575651
0.31604	-0.888914	0.331588
-0.102179	-0.871278	-0.480036
0.116258	-0.988363	0.0980989
-0.652899	-0.441224	-0.615666
0.097352	-0.975966	-0.194971
0.153546	-0.647685	0.746276
0.0878755	-0.996111	0.00645663
-0.265029	-0.799271	-0.539376
0.138709	-0.932418	-0.333701
0.373523	-0.850071	0.371294
-0.341893	-0.886324	0.312312
-0.00364996	-0.945404	0.325881
-0.1457	-0.680637	0.717987
-0.256654	-0.965595	0.0418921
-0.0256424	-0.999653	-0.00610969
-0.0489117	-0.968277	0.245045
-0.445173	-0.555567	0.702258
-0.603579	-0.753796	-0.259778
-0.0660115	-0.996081	-0.0588579
-0.274859	-0.580563	-0.76642
-0.600496	-0.797099	-0.0635385
-0.779508	-0.625104	0.0401661
0.0375955	-0.987397	0.153734
0.520037	-0.853395	-0.0357496
0.488111	-0.400742	0.775341
0.344518	-0.609445	-0.714062
-0.0248348	-0.718842	-0.69473
-0.424107	-0.851598	-0.308082
-0.393719	-0.872777	-0.288522
-0.335055	-0.806351	0.487376
0.553832	-0.49819	0.667141
-0.250371	-0.942944	0.219478
-0.374502	-0.831571	0.410168
-0.395685	-0.916559	-0.057901
-0.139744	-0.97801	-0.154819
0.0299909	-0.490358	-0.871005
0.115517	-0.626961	0.770439
-0.0187036	-0.901305	0.432781
0.488828	-0.861529	-0.137167
-0.066463	-0.972502	-0.223208
-0.315747	-0.933327	-0.170895
-0.675025	-0.692516	0.254485
-0.0678809	-0.833635	-0.548128
0.700482	-0.544886	-0.460896
-0.214498	-0.975451	-0.049857
-0.2948	-0.899599	-0.322201
0.126522	-0.822094	0.555116
-0.617807	-0.754171	0.222577
0.0154721	-0.795201	0.606149
-0.235209	-0.90513	0.354142
-0.238773	-0.919101	-0.313435
-0.367726	-0.583303	-0.724248
0.0376292	-0.998365	0.0430357
0.278946	-0.959727	0.0333563
-0.31021	-0.946832	0.0853202
-0.412696	-0.908264	0.0688286
0.541402	-0.767476	-0.343314
-0.229023	-0.965392	0.124763
0.0646486	-0.997657	0.0223749
0.770961	-0.568772	0.286561
-0.203052	-0.974475	0.0957543
-0.0903024	-0.989631	-0.111698
-0.713363	-0.619509	-0.327599
0.413795	-0.589061	-0.694104
-0.750455	-0.649101	-0.124437
-0.101623	-0.91391	-0.39299
0.219168	-0.919487	-0.326357
0.250005	-0.84689	-0.469335
-0.181561	-0.787088	-0.589516
-0.282345	-0.891729	-0.353697
0.584379	-0.78052	-0.222012
0.307179	-0.455975	0.835301
-0.519166	-0.802003	0.295394
-0.671631	-0.732517	-0.111046
-0.48669	-0.865362	0.119508
-0.266532	-0.717025	-0.644078
-0.64313	-0.69876	0.313238
0.174647	-0.796349	-0.579074
-0.215338	-0.919527	-0.328785
0.299291	-0.950114	-0.0878007
0.282927	-0.948472	0.142666
-0.222344	-0.758177	-0.612969
0.103501	-0.993905	0.0379408
0.191536	-0.978736	-0.0734132
-0.47805	-0.861929	-0.168956
-0.0637538	-0.977055	0.203223
0.208166	-0.860995	-0.464063
-0.417881	-0.89391	0.162176
-0.199898	-0.693101	-0.692569
-0.188762	-0.981882	-0.0166417
0.0757449	-0.996977	0.0173289
-0.211085	-0.975407	0.0634318
0.154284	-0.917519	0.366544
-0.308616	-0.84237	-0.441779
-0.333179	-0.941159	0.0566745
-0.0455071	-0.964511	-0.26009
-0.536274	-0.832975	-0.136243
-0.45045	-0.68398	0.573818
-0.755219	-0.445594	0.480718
0.307053	-0.75166	0.583717
0.133997	-0.959938	0.246095
0.0397861	-0.99514	0.0900746
-0.117599	-0.991291	-0.0592671
0.24234	-0.959115	0.146183
0.0324545	-0.98069	0.192858
0.359856	-0.863808	0.352619
0.183252	-0.982495	-0.0335078
-0.771627	-0.630828	-0.0815342
0.0253761	-0.767861	0.640114
0.357045	-0.835914	-0.416853
-0.105411	-0.931159	0.349043
0.445428	-0.765041	-0.465087
0.5289	-0.560239	0.637493
0.227218	-0.443425	-0.867033
0.174136	-0.884097	-0.433647
0.568933	-0.727703	0.383097
-0.524379	-0.848631	0.0696527
0.014397	-0.979824	-0.199344
0.296036	-0.928895	0.222524
0.729698	-0.631817	-0.261435
0.0760308	-0.987682	-0.136763
-0.239924	-0.717198	0.654265
0.123959	-0.99196	0.0254769
-0.208198	-0.717754	-0.664442
0.181116	-0.945921	-0.269128
0.149625	-0.764554	-0.626952
-0.842119	-0.539292	3.03927e-05
-0.60887	-0.683978	0.40181
0.0305537	-0.850426	0.525207
-0.114751	-0.932378	0.342789
-0.523944	-0.839845	-0.141925
-0.244517	-0.856319	-0.454896
0.602624	-0.788552	-0.122599
0.0994924	-0.993962	-0.0462654
-0.170146	-0.911764	0.373814
0.00549523	-0.907242	0.420573
0.0492087	-0.79117	-0.609613
-0.224706	-0.970577	-0.0865252
0.215642	-0.733887	-0.644133
-0.254287	-0.954747	0.15426
0.444037	-0.794313	-0.414606
0.433915	-0.857705	-0.275791
-0.577694	-0.815091	-0.0435362
0.628238	-0.565556	-0.534287
0.513983	-0.857507	-0.0224196
0.3065	-0.951219	-0.0352205
-0.722013	-0.538522	0.434385
0.147728	-0.716416	0.681853
-0.0409236	-0.997216	0.0623404
-0.225875	-0.910138	0.347318
-0.00205463	-0.96585	0.259094
-0.512569	-0.819766	-0.255453
-0.28396	-0.873838	0.394682
-0.256241	-0.83278	0.490731
0.273326	-0.946571	0.17116
-0.256838	-0.936399	-0.239145
-0.396469	-0.853173	-0.338981
0.0185869	-0.974768	-0.222444
0.163783	-0.966974	0.195286
0.0825121	-0.630884	0.771477
-0.776117	-0.629658	0.0342526
-0.704839	-0.688045	0.172614
-0.0123662	-0.99382	0.110314
0.0680388	-0.980074	-0.186617
-0.314872	-0.946085	0.0760237
-0.715345	-0.491312	-0.496884
-0.026867	-0.998845	-0.0398458
-0.0311091	-0.919116	0.392756
-0.241465	-0.968769	0.056409
0.100039	-0.519811	0.848403
0.281167	-0.954751	-0.096936
0.0501232	-0.944409	0.324929
-0.0907993	-0.969198	0.228935
-0.0808989	-0.993832	-0.0758553
0.00594976	-0.780562	-0.62505
0.201484	-0.9513	-0.233308
0.3284	-0.92973	0.166603
0.949566	-0.205109	0.237181
-0.717495	-0.696466	0.0116462
0.511482	-0.85754	0.0548692
0.205	-0.974954	-0.0862489
-0.417411	-0.889899	-0.183979
-0.138043	-0.987831	0.0716503
-0.153448	-0.88921	-0.430998
-0.685158	-0.727116	-0.0431389
-0.0664869	-0.945202	-0.319646
-0.297468	-0.95471	0.00646248
-0.447119	-0.89387	-0.0328748
0.493659	-0.862599	-0.11056
0.0752953	-0.884233	0.460936
-0.0287675	-0.91408	0.404512
-0.280717	-0.911639	0.300188
0.11196	-0.990073	-0.0849704
0.27036	-0.961694	-0.0452749
0.832299	-0.14678	-0.534541
-0.460335	-0.583839	0.668748
-0.257047	-0.953185	0.159267
-0.205839	-0.974822	-0.0857461
-0.0767204	-0.950739	0.300348
-0.0690407	-0.993152	0.0942475
0.497289	-0.862622	-0.0926679
-0.142254	-0.852004	0.503837
-0.580927	-0.652278	-0.486886
-0.928373	-0.200012	0.31324
0.521841	-0.827949	0.205385
0.899767	-0.389741	0.19627
-0.415289	-0.907723	-0.0597822
0.0311491	-0.958953	-0.281848
0.235237	-0.93364	0.270146
0.0804883	-0.879953	0.468193
-0.553088	-0.711657	-0.433173
-0.115932	-0.98456	-0.131152
-0.161534	-0.979675	0.118929
-0.207589	-0.928388	-0.308226
0.0201178	-0.925393	-0.378474
-0.67347	-0.737774	0.0461222
0.176105	-0.980249	-0.0899953
0.453932	-0.377504	-0.807116
0.0884877	-0.981311	-0.170874
-0.215377	-0.671998	-0.708542
0.472783	-0.706258	0.52695
0.762437	-0.605569	-0.227982
-0.673361	-0.6517	-0.349103
0.214891	-0.852656	-0.476235
-0.176796	-0.95719	0.229197
-0.0273149	-0.839882	-0.542081
-0.383176	-0.84799	-0.366181
0.240653	-0.931904	-0.271367
-0.0126234	-0.996218	-0.0859646
-0.648653	-0.73565	-0.195109
0.00107513	-0.994336	-0.106278
-0.186012	-0.96827	0.166888
-0.180333	-0.875458	0.448389
-0.240691	-0.963893	-0.113923
-0.178585	-0.968672	-0.172572
-0.0298342	-0.976386	-0.213964
0.100616	-0.951592	-0.29043
0.634248	-0.624203	-0.45618
-0.318892	-0.856879	-0.405052
0.540234	-0.772853	0.332935
-0.418981	-0.775381	-0.472482
-0.619133	-0.753149	0.222355
-0.308933	-0.910928	-0.273441
-0.185965	-0.745243	0.640335
-0.163507	-0.844277	-0.510355
-0.289606	-0.921952	0.257163
-0.125947	-0.956962	-0.261459
-0.142229	-0.940905	-0.307357
-0.204	-0.973959	-0.0989323
-0.30673	-0.762124	0.570161
0.120249	-0.901858	-0.414961
-0.453318	-0.891222	-0.0150309
0.329676	-0.942999	-0.04546
-0.0354859	-0.500535	-0.864989
0.458615	-0.686555	0.564195
-0.167834	-0.860619	0.480798
0.118238	-0.991674	-0.0510183
-0.0289984	-0.999138	0.0297085
-0.169131	-0.78244	-0.599319
-0.136291	-0.97399	0.181017
0.542023	-0.806403	0.236485
-0.162734	-0.986668	0.00174665
-0.462337	-0.614913	-0.638848
-0.0815468	-0.79184	0.60526
0.0494856	-0.967402	-0.248363
0.54052	-0.816136	-0.204355
-0.394748	-0.895347	-0.206225
0.430041	-0.856971	0.284017
-0.162843	-0.98573	0.0426495
0.373175	-0.841376	-0.39093
-0.180985	-0.911935	0.368266
0.506542	-0.861976	-0.0203159
0.524474	-0.849552	-0.0564644
0.0141864	-0.853324	-0.521187
0.101424	-0.927861	0.35887
0.134715	-0.803248	0.580211
0.0384542	-0.907154	-0.419039
-0.126559	-0.982569	0.136165
-0.564033	-0.824198	-0.0506317
-0.195422	-0.851194	-0.487113
-0.258548	-0.905969	-0.335222
0.296977	-0.800305	-0.520881
-0.336185	-0.871948	0.35593
0.0532964	-0.876614	0.478233
0.285091	-0.781039	0.555609
0.184952	-0.904059	-0.385318
0.640759	-0.422977	-0.640717
0.248883	-0.763796	-0.595545
0.598521	-0.734271	0.320341
0.672229	-0.58483	-0.453962
0.130052	-0.991057	-0.0298784
-0.109213	-0.937243	-0.331131
-0.415739	-0.615713	-0.669371
-0.00644859	-0.877559	0.479426
0.294547	-0.93335	0.20518
0.0600199	-0.866098	-0.496257
-0.422771	-0.905355	-0.0399588
0.37586	-0.894095	0.243565
0.12666	-0.925632	-0.3566
0.0327339	-0.990617	-0.132692
0.565843	-0.789565	0.237507
-0.184796	-0.978599	0.0905243
-0.146107	-0.989264	-0.00311789
-0.146268	-0.984283	0.0989536
0.0250638	-0.86291	0.504736
-0.301725	-0.9463	0.116095
-0.267793	-0.636412	0.723372
-0.353332	-0.872344	0.337894
0.0249594	-0.864343	-0.502282
0.472135	-0.847059	-0.24409
-0.843025	-0.491014	-0.219578
-0.262625	-0.908493	0.325067
-0.384809	-0.846696	-0.367462
0.346081	-0.812144	0.469734
-0.0213635	-0.942724	0.33289
0.516915	-0.832256	-0.200373
0.221635	-0.871331	-0.437791
-0.351384	-0.917363	-0.187013
-0.229354	-0.966889	-0.111904
-0.13912	-0.988133	0.0651048
-0.349232	-0.895975	0.274347
0.0133079	-0.940937	0.338321
-0.137224	-0.910716	0.389571
0.0519648	-0.91017	-0.410962
0.329618	-0.810386	0.484383
0.287188	-0.730875	-0.619149
0.0360081	-0.973995	-0.223692
-0.292341	-0.899069	-0.325902
-0.0207977	-0.98277	-0.183661
-0.249528	-0.772609	0.58379
0.0192416	0.201871	-0.979223
-0.37159	-0.73208	-0.570946
-0.291294	-0.819486	0.49355
-0.216106	-0.925244	-0.311804
0.108739	-0.931561	0.346944
-0.0666236	-0.995138	-0.0725404
0.0610598	-0.997447	0.0370304
0.721954	-0.680713	-0.124143
0.0632232	-0.98559	0.156892
0.650433	-0.446764	0.61428
0.411637	-0.878913	-0.24097
-0.174205	-0.888158	0.425239
-0.109094	-0.91456	-0.389459
0.275923	-0.560295	-0.780984
0.558975	-0.682026	0.471579
-0.460763	-0.777931	-0.427224
0.485973	-0.802792	0.34548
-0.241127	-0.964648	-0.106359
0.531686	-0.821843	-0.204654
-0.256986	-0.957291	0.132486
0.629091	-0.74863	-0.209277
0.263605	-0.8055	-0.530737
-0.686828	-0.691936	-0.222469
0.0446877	-0.927923	-0.370083
-0.197072	-0.954503	-0.223798
0.215725	-0.910749	-0.352134
-0.190823	-0.978604	-0.0769439
0.414232	-0.90568	-0.0903093
0.0830359	-0.882155	0.463581
0.436978	-0.775911	0.454986
-0.221866	-0.941297	0.254432
-0.252075	-0.810777	-0.528299
-0.759738	-0.646637	0.0682535
0.24439	-0.88064	0.405891
0.655853	-0.457329	0.600589
-0.20745	-0.976516	0.0581463
0.461999	-0.830959	-0.309942
0.462034	-0.715065	-0.524601
-0.139775	-0.640923	-0.754772
0.305098	-0.867439	0.393019
-0.141533	-0.97667	-0.161507
0.169999	-0.923511	-0.343843
0.197704	-0.973958	-0.110989
-0.0222739	-0.839198	-0.54337
-0.4274	-0.882763	-0.195087
-0.569528	-0.802334	-0.178599
0.443888	-0.872262	0.205238
0.0804734	-0.95536	0.284274
0.413725	-0.906792	0.0809884
-0.255304	-0.941435	0.220274
0.179893	-0.959144	-0.218359
-0.00356675	-0.998976	-0.0451048
0.51458	-0.843036	0.156519
0.723864	-0.165887	0.669703
0.483687	-0.825555	0.290699
0.168941	-0.939259	0.298751
-0.564808	-0.768339	0.301076
-0.165032	-0.972159	0.16635
0.525339	-0.772651	0.356411
-0.0446272	-0.988991	-0.141083
0.374834	-0.926454	0.0343918
-0.553155	-0.812266	0.185048
0.149484	-0.97962	0.134164
-0.673951	-0.734267	-0.0815005
0.047022	-0.968841	0.24318
-0.160518	-0.919892	0.357817
-0.0826815	-0.996149	0.0291846
-0.380807	-0.819271	-0.428697
0.469535	-0.861737	-0.192216
-0.122485	-0.938317	0.323354
0.0707499	-0.996725	0.0391516
0.486386	-0.779653	-0.394424
0.499505	-0.55036	-0.669028
-0.815027	-0.517704	-0.260219
-0.0754513	-0.945773	-0.315945
0.264905	-0.877302	-0.400207
-0.0918686	-0.90008	0.42593
0.335434	-0.895113	0.293694
0.0702224	-0.962917	-0.2605
-0.109156	-0.713391	-0.692212
0.423132	-0.863167	-0.275505
0.473626	-0.745844	-0.468397
-0.137676	-0.989362	-0.0469895
0.558178	-0.806745	0.193908
-0.132884	-0.254555	-0.957885
-0.514679	-0.734225	-0.44274
-0.563692	-0.578831	-0.589242
-0.38504	-0.922799	-0.0136271
-0.264172	-0.921282	-0.285399
0.268854	-0.963179	0.0020826
0.0251301	-0.988095	-0.15178
0.55619	-0.811475	-0.179331
0.381164	-0.855224	0.351149
0.987375	-0.0849623	0.133685
-0.160953	-0.958736	0.234349
-0.663122	-0.717358	0.2137
-0.0654453	-0.752327	0.655531
0.0789047	-0.979811	-0.183699
0.37941	-0.915437	-0.134253
0.505414	-0.773471	0.38249
-0.546403	-0.819628	-0.1722
-0.0330537	-0.97457	-0.221632
-0.325978	-0.899634	-0.290512
-0.489823	-0.871036	0.0370185
0.349527	-0.905345	0.24121
0.371813	-0.902862	0.21586
0.533473	-0.841274	0.0875545
0.109268	-0.86716	-0.485895
0.118902	-0.986853	-0.109469
0.270617	-0.684716	-0.676705
0.823892	-0.371569	0.427946
-0.409889	-0.843536	0.347043
0.95545	-0.283345	-0.0826534
-0.474767	-0.766203	-0.433047
0.243071	-0.968328	-0.0570684
0.0319158	-0.925252	0.378009
-0.00681893	-0.98629	-0.16488
-0.0904642	-0.826443	0.555705
-0.0343349	-0.978	0.205758
0.942124	-0.33215	-0.0456014
-0.424334	-0.54988	0.719426
-0.251221	-0.923601	0.289567
0.111398	-0.859838	0.498267
-0.45963	-0.850457	-0.255857
-0.329167	-0.929054	0.168843
-0.0125521	-0.959839	0.28027
0.12904	-0.991251	-0.0277395
0.0184458	-0.997126	-0.0734814
-0.629263	-0.762173	-0.152055
0.133768	-0.717776	0.683304
-0.258976	-0.870808	-0.41788
0.303108	-0.943607	-0.133162
0.0430663	-0.998648	-0.0291136
-0.216089	-0.975581	-0.0393429
0.323848	-0.687752	-0.649708
-0.276375	-0.911898	-0.303413
-0.469117	-0.882889	-0.0209
-0.39879	-0.897119	-0.190114
-0.640192	-0.745099	0.187033
0.0860657	-0.950991	0.296999
-0.00548106	-0.988706	-0.149769
-0.36985	-0.768134	-0.522667
0.258752	-0.756984	-0.600019
0.241	-0.958656	-0.15132
-0.182385	-0.764881	-0.617813
0.363384	-0.688105	-0.628063
-0.751912	0.173537	-0.636014
-0.756953	-0.652556	0.0345317
0.186675	-0.903928	0.384794
0.281981	-0.913328	-0.2938
0.477264	-0.87851	0.020961
0.321281	-0.573049	-0.753919
-0.135944	-0.919526	-0.368771
0.293382	-0.717729	-0.6315
-0.50344	-0.81105	-0.297903
-0.251688	-0.909532	0.330764
0.0679842	-0.826434	-0.558914
0.335999	-0.919226	-0.205254
0.0912997	-0.706936	-0.70136
0.2017	-0.832788	0.51554
0.120381	-0.794747	0.594882
-0.207322	-0.972701	0.104262
0.814283	-0.538276	-0.21726
-0.450247	-0.77058	-0.451093
-0.10537	-0.941406	0.320393
-0.317209	-0.716177	-0.621666
-0.247015	-0.967382	-0.0561816
0.483434	-0.872121	0.0754722
0.163226	-0.970444	-0.17775
0.0925457	-0.800469	-0.592187
0.472298	-0.881319	0.0145576
0.587681	-0.552244	0.591319
-0.410264	-0.908672	-0.0774476
0.585936	-0.377558	-0.717028
0.151167	-0.968159	-0.199543
-0.230039	-0.680371	-0.695828
-0.457196	-0.881046	0.121364
0.114235	-0.978673	0.170732
-0.119718	-0.984967	0.124527
-0.0420308	-0.973441	-0.225045
0.422001	-0.899021	-0.116948
0.500121	-0.837614	0.219729
-0.24305	-0.964224	0.105821
-0.517194	-0.716134	-0.468682
-0.0915145	-0.945741	0.311769
-0.243596	-0.892484	0.379649
-0.352302	-0.9305	-0.100264
-0.342684	-0.409121	0.845687
-0.193244	-0.968966	0.154147
-0.34239	-0.624133	-0.702301
-0.11109	-0.793103	0.598871
-0.575173	-0.81798	-0.00922835
0.254473	-0.943859	-0.210651
0.275646	-0.794074	-0.541726
-0.212442	-0.97645	0.0376076
-0.309353	-0.950467	-0.0302277
-0.364175	-0.79047	-0.492478
0.12969	-0.939295	-0.317656
0.133326	-0.98638	-0.0963272
0.0315242	-0.985116	0.168978
-0.0891166	-0.52372	-0.847217
0.426477	-0.622047	0.656639
0.0470619	-0.993232	0.106187
-0.106574	-0.96821	-0.226299
0.60855	-0.793424	0.0120622
-0.0648382	-0.997777	-0.0154138
0.00991443	-0.914259	0.40501
-0.205933	-0.774595	-0.597991
-0.253012	-0.964219	-0.0791675
-0.347848	-0.883483	-0.313782
0.477664	-0.875906	0.0680111
0.686617	-0.719397	-0.105005
0.25979	-0.964177	0.0535913
0.226362	-0.972411	-0.0563678
-0.654847	-0.745885	0.121779
-0.463459	-0.885959	-0.0168176
-0.312405	-0.927695	0.204412
0.188079	-0.972434	-0.137836
0.548105	-0.639248	-0.539391
0.342858	-0.932489	0.113636
-0.440027	-0.863987	-0.244751
0.180156	-0.966211	0.184339
-0.146892	-0.978263	-0.146372
0.257882	-0.962374	-0.0856305
0.485386	-0.83958	0.243939
0.519567	-0.754538	-0.400901
0.763619	-0.644582	-0.0374183
-0.839677	-0.510039	0.186555
0.0170387	-0.995989	0.0878369
0.29165	-0.783975	-0.548018
-0.0897438	-0.679297	-0.728356
-0.0518321	-0.924743	-0.377046
-0.524378	-0.741329	0.418879
-0.0483699	-0.982301	0.180955
0.604343	-0.781968	-0.152628
0.396349	-0.699459	0.594698
0.584707	-0.807246	0.0804433
-0.538983	-0.825198	-0.168954
-0.334418	-0.899026	0.282695
0.125558	-0.992016	-0.0118267
0.86017	-0.418396	-0.291637
0.553179	-0.7925	-0.256781
-0.523775	-0.662052	0.536048
0.40837	-0.511358	-0.75614
0.41497	-0.909562	-0.0222699
-0.995638	-0.0495504	-0.0790557
-0.20765	-0.920861	0.329996
-0.207152	-0.941025	-0.267507
0.128044	-0.989949	-0.0600509
-0.412431	-0.873554	0.258466
-0.789959	-0.564755	-0.238782
-0.105792	-0.905714	0.410476
-0.388016	-0.889721	-0.240501
-0.361183	-0.875425	-0.321212
-0.442322	-0.801306	-0.402815
0.344913	-0.550419	-0.760312
-0.116609	-0.971589	-0.205953
-0.386162	-0.91381	0.125819
-0.19213	-0.953507	-0.232185
-0.165046	-0.975894	-0.142794
0.663383	-0.74047	-0.107831
-0.00971314	-0.955159	0.295935
0.362538	-0.89408	-0.263034
-0.247216	-0.934516	0.256056
0.119123	-0.832039	-0.541776
0.532533	-0.625623	-0.570092
0.250947	-0.928274	-0.274467
0.562335	-0.739091	-0.370842
-0.235726	-0.878751	0.415006
0.364615	-0.829953	0.422177
-0.189748	-0.582424	0.790429
-0.652633	-0.727786	-0.21071
-0.0242261	-0.951279	-0.307378
0.261524	-0.895866	0.359206
0.0374669	-0.9631	-0.266521
-0.378596	-0.90203	0.207381
0.313655	-0.828115	0.464591
0.487828	-0.743181	0.457936
-0.258835	-0.910794	0.321649
0.376467	-0.502552	0.778276
0.061873	-0.906372	-0.417926
0.410926	-0.806466	-0.42515
0.00644899	-0.883602	-0.468195
-0.111087	-0.880461	-0.46092
-0.102638	-0.781622	0.61525
-0.359274	-0.930083	0.0766009
-0.143462	-0.989524	-0.0161257
0.208101	-0.949238	-0.235884
-0.0328694	-0.946626	-0.320655
-0.0913575	-0.687554	-0.720363
-0.240933	-0.87273	-0.424609
-0.0101168	-0.982161	-0.187768
0.167496	-0.771152	-0.614223
-0.0880542	-0.873644	0.478531
0.0233156	-0.303863	0.95243
0.0816806	-0.986612	0.141159
0.468724	-0.300239	-0.830755
0.595066	-0.695267	0.403112
0.366805	-0.92991	-0.0268672
-0.33174	-0.943244	0.015452
-0.380234	-0.646114	0.661785
-0.521332	-0.728492	-0.444422
-0.356806	-0.906637	-0.225163
0.658998	-0.651832	-0.375282
0.59988	-0.709588	0.369635
0.240084	-0.962384	-0.127187
-0.455423	-0.885491	-0.0921727
0.356208	-0.782587	0.510562
0.307766	-0.787822	-0.533495
0.440918	-0.534416	-0.721104
-0.239495	-0.897593	-0.370093
0.454879	-0.775951	0.437019
-0.243685	-0.967598	0.0661237
-0.0801688	-0.957662	0.276509
-0.163961	-0.983363	0.078195
-0.156574	-0.883626	0.441236
0.0947252	-0.275193	-0.956711
0.430624	-0.828655	-0.357624
-0.327341	-0.823432	0.463474
0.113177	-0.808789	0.577107
0.0902358	-0.993903	0.0633606
-0.184837	-0.833818	0.520175
0.0797498	-0.915953	0.393282
0.344956	-0.927737	0.14251
-0.63	-0.663963	-0.402807
-0.0983158	-0.842185	0.53015
0.270686	-0.29581	0.916093
-0.0332392	-0.976653	0.212236
0.079034	-0.981892	-0.172166
0.173521	-0.950112	0.259187
0.299137	-0.933997	-0.195362
0.521341	-0.853295	0.00952729
0.0969226	-0.908648	-0.406158
-0.0894691	-0.917716	0.38703
0.178308	-0.727718	0.662294
-0.114842	-0.984644	0.131484
0.366006	-0.847236	-0.385008
-0.1589	-0.824984	-0.542357
-0.176083	-0.983098	-0.050136
0.179546	-0.722907	0.66721
0.242006	-0.919281	0.31041
-0.821276	-0.543396	0.17386
-0.418509	-0.701163	-0.577252
0.768516	-0.498867	-0.400644
-0.246978	-0.822255	-0.512737
0.20058	-0.975734	0.0878145
-0.0647812	-0.997597	0.0245842
0.649212	-0.760473	-0.0142757
-0.457305	-0.457651	-0.762514
-0.151179	-0.966647	-0.206732
-0.505776	-0.605511	0.614448
0.511157	-0.810212	-0.286838
-0.331685	-0.815509	0.474269
-0.021155	-0.990057	0.139064
0.342674	-0.911608	0.227034
0.442194	-0.812696	0.379459
0.446763	-0.844358	0.295741
0.261109	-0.941629	-0.2125
-0.426751	-0.867224	-0.256526
0.0768266	-0.952481	0.294748
0.280888	-0.698584	0.65809
0.62762	-0.762128	0.158914
-0.0817139	-0.923313	0.375254
0.194056	-0.972926	-0.125531
0.0982388	-0.995032	-0.0161256
0.494465	-0.838892	0.227519
-0.179432	-0.84277	0.507486
-0.398346	-0.872155	0.284017
0.683337	-0.682309	-0.259818
-0.0975285	-0.990975	0.0919657
-0.115319	-0.993304	0.00695301
0.521552	-0.824527	-0.219405
-0.262175	-0.863052	0.431747
-0.0346441	-0.823766	0.565871
-0.149724	-0.922609	0.355494
0.740885	-0.658192	0.133685
-0.478505	-0.870865	0.11237
0.100025	-0.821084	-0.561975
0.899784	-0.195414	-0.390131
0.655369	-0.71476	0.244152
-0.963948	-0.0779013	-0.254431
-0.141548	-0.91655	0.374033
-0.193845	-0.922966	-0.332502
-0.276237	-0.905883	-0.321045
0.581817	-0.80591	0.109534
0.414845	-0.900794	-0.128349
0.65636	-0.673919	-0.339153
-0.0327209	-0.996746	0.0736685
-0.32256	-0.932121	-0.164636
-0.344665	-0.919566	0.188694
-0.492316	-0.842806	0.217493
-0.0862459	-0.879003	0.46895
0.15808	-0.963983	0.213886
0.181756	-0.960103	0.212526
-0.571458	-0.786828	-0.233104
-0.0353579	-0.999274	0.0141986
-0.551673	-0.75795	0.348093
0.317891	-0.945478	0.0708362
-0.474773	-0.771622	-0.423308
-0.53995	-0.804844	0.246332
0.195907	-0.971093	0.136375
0.457545	-0.802338	0.383284
0.447962	-0.868966	-0.210304
0.239862	-0.955942	-0.169238
0.0448382	-0.994677	-0.0927751
-0.0257397	-0.995283	-0.0935348
0.134596	-0.990457	0.0296588
0.0573853	-0.857578	-0.511142
0.182771	-0.981097	0.0635912
0.253935	-0.959452	0.122349
0.0576773	-0.997166	0.0483139
0.717257	-0.695874	0.0360797
-0.184664	-0.95632	0.226607
0.465408	-0.63914	-0.612287
-0.199812	-0.869405	0.451895
0.303636	-0.943666	0.131525
0.203136	-0.899026	-0.387929
0.461993	-0.769882	0.440278
-0.156952	-0.83065	0.534216
-0.0174077	-0.852588	0.522294
-0.118565	-0.98289	-0.14096
-0.558631	-0.565376	0.606861
0.158097	-0.942318	0.29503
0.560433	-0.750076	-0.351141
-0.0419396	-0.996398	0.0736971
-0.00383187	-0.587912	0.808916
-0.0958381	-0.949241	0.299593
-0.212156	-0.976382	-0.0408278
-0.417333	-0.90681	-0.059403
0.0778933	-0.994085	-0.075681
0.243885	-0.959265	0.142588
0.351573	-0.915079	0.197555
-0.334921	-0.727942	0.598271
-0.0571004	-0.929468	-0.364457
0.954112	0.299436	0.00292284
0.147169	-0.860329	0.488032
-0.234533	-0.965371	-0.114249
0.181555	-0.977408	-0.10822
-0.508449	-0.799157	-0.320669
0.455829	-0.497654	-0.737943
0.0722378	-0.983238	-0.167408
0.458689	-0.45972	0.760435
-0.0164962	-0.735185	0.677665
-0.717471	-0.695256	0.043055
-0.384971	-0.870935	-0.3054
0.890191	-0.388856	-0.237382
0.395086	-0.91771	-0.041413
0.365658	-0.870957	0.328219
0.197669	-0.978966	0.0505222
0.535725	-0.748076	-0.39164
0.266938	-0.926934	-0.2637
0.270093	-0.834835	0.479688
-0.5527	-0.832608	0.0358701
-0.702992	-0.663223	-0.256783
-0.0855812	-0.991129	0.101684
0.113344	-0.874437	0.471714
0.4748	-0.878762	-0.0483984
0.163801	-0.902241	0.398912
0.350847	-0.803292	-0.481278
0.592041	-0.783409	-0.1891
-0.656489	-0.736665	-0.162314
0.453325	-0.890122	0.0466923
0.477762	-0.45608	0.750823
0.187775	-0.975269	0.116582
0.220745	-0.94807	0.228985
0.792187	-0.585743	0.171305
0.565596	-0.693254	-0.446654
0.510539	-0.858215	-0.0530832
-0.0741024	-0.977998	0.195008
0.172728	-0.719684	-0.672473
0.367024	-0.910574	-0.190129
0.359135	-0.585487	0.726793
-0.490792	-0.826117	0.276864
0.600503	-0.656046	-0.457165
0.103948	-0.994419	0.018042
-0.0252719	-0.836239	0.547782
0.0306428	-0.835008	-0.549383
-0.0278542	-0.985543	-0.167119
0.799807	-0.505428	-0.323809
-0.224318	-0.974331	-0.019004
-0.024842	-0.992956	-0.115853
0.131147	-0.64842	-0.749901
-0.231463	-0.957718	-0.170881
0.375175	-0.444489	-0.813433
-0.379852	-0.920377	0.0928417
0.162807	-0.974977	-0.151371
-0.0610037	-0.992978	0.101353
0.260667	-0.810216	-0.524978
0.348593	-0.61279	-0.709205
-0.231033	-0.96521	0.12245
0.107989	-0.743245	-0.660246
-0.243511	-0.960394	0.135445
-0.0892598	-0.983884	-0.154934
0.216308	-0.919669	-0.32775
0.490391	-0.838509	0.237527
0.243678	-0.376632	0.893739
0.359361	-0.908594	0.212878
-0.271936	-0.962093	0.02068
-0.226453	-0.866872	0.44413
0.116416	-0.984085	-0.134254
-0.644871	-0.305725	-0.700481
0.544025	-0.6709	0.503915
0.27876	-0.946711	0.161344
-0.600714	-0.681143	0.418554
0.0911826	-0.993146	0.0731178
-0.454249	-0.794452	0.403119
-0.169389	-0.925394	0.339046
-0.530851	-0.831336	0.164552
0.2892	-0.946334	0.144278
0.677464	-0.567522	-0.467933
-0.136995	-0.965744	0.220386
0.285221	-0.939316	0.190618
-0.12464	-0.913002	-0.388448
-0.0675975	-0.997316	0.0281465
0.0335269	-0.725532	0.687371
0.0130899	-0.841058	0.540786
0.318083	-0.944291	-0.0844878
-0.0761438	-0.931946	-0.354511
0.236797	-0.961624	-0.13859
0.229487	-0.333699	0.91432
0.0605167	-0.831571	0.552112
-0.121833	-0.966261	0.226929
-0.313408	-0.771169	0.554143
0.339986	-0.84815	-0.406264
0.024594	-0.841772	-0.539273
0.390879	-0.866058	-0.3117
0.782199	-0.621587	-0.0423635
0.163685	-0.96836	-0.188378
-0.283881	-0.865859	-0.411946
0.914121	-0.404878	-0.0213747
0.323347	-0.945252	0.0441161
-0.389047	-0.860862	0.327962
-0.099055	-0.98514	-0.140311
0.710812	-0.696902	0.0952518
0.320899	-0.728725	-0.604966
-0.0904054	-0.870506	-0.483783
0.26007	-0.926043	-0.273512
0.727057	-0.683042	-0.0695815
-0.421952	-0.825538	0.374758
-0.30078	-0.947082	-0.112105
0.0475504	-0.883501	-0.466009
0.877184	-0.453823	0.156818
0.258699	-0.943406	-0.207509
-0.00368805	-0.967186	-0.254042
0.403874	-0.642164	0.651545
-0.126034	-0.954898	-0.268859
0.310568	-0.897128	0.31418
0.389567	-0.917282	0.0826547
-0.80515	-0.537532	-0.250583
-0.0121281	-0.998782	0.0478224
0.632345	-0.757388	-0.162799
-0.11126	-0.993511	-0.0235999
-0.135909	-0.875028	-0.464601
0.237265	-0.904855	-0.353472
-0.372644	-0.80094	0.468648
0.395273	-0.877766	-0.270713
0.301234	-0.9284	0.217557
0.156166	0.243848	0.957157
-0.332104	-0.726358	0.601756
-0.685525	-0.724256	0.0742158
-0.651496	-0.746536	-0.135047
-0.141107	-0.957828	0.250308
-0.0136114	-0.994037	-0.108187
0.0410309	-0.973567	0.224684
0.0407514	-0.996676	0.0705451
-0.292265	-0.879173	-0.376347
-0.197641	-0.939665	-0.279227
-0.0973211	-0.983536	0.152271
0.149478	-0.961857	0.229103
-0.228467	-0.938736	0.258028
-0.0715272	-0.972274	-0.222639
-0.0896011	-0.995121	0.0412971
-0.153016	-0.987796	0.0290617
0.233228	-0.941299	-0.24405
0.405618	-0.894453	-0.188222
0.287994	-0.91413	0.285352
-0.148135	-0.952876	0.264732
-0.126684	-0.956027	-0.264507
-0.0583024	-0.9884	0.140237
-0.465629	-0.884447	0.0306949
0.155468	-0.890446	0.427709
0.305434	-0.757859	0.576507
0.805087	-0.567531	0.172465
-0.40955	-0.881337	-0.235614
0.191919	-0.734198	-0.651246
0.0877636	-0.0445911	-0.995143
-0.116627	-0.983928	-0.135219
-0.0726504	-0.896497	0.437052
0.291709	-0.956219	-0.023461
0.392857	-0.717258	-0.575503
-0.155448	-0.861158	-0.483987
0.48992	-0.326181	-0.808445
0.179859	-0.914099	0.363419
-0.11715	-0.975267	0.187431
0.0976641	-0.98296	-0.155725
0.0775513	-0.979645	0.185155
0.0211929	-0.919401	-0.39275
0.0933372	-0.995568	-0.0115338
0.416339	-0.74255	-0.524672
-0.41977	-0.899092	0.124206
-0.102174	-0.842471	-0.528963
-0.812707	-0.575886	-0.0886745
-0.560686	-0.643287	-0.521356
-0.0716726	-0.871923	0.48437
0.778626	-0.593706	-0.203113
0.232559	-0.970702	0.0604495
-0.114785	-0.989496	-0.0878784
-0.124938	-0.63025	-0.766274
-0.386496	-0.911092	0.143295
-0.054104	-0.973048	-0.224165
-0.0634448	-0.996583	0.0528865
-0.294291	-0.878848	0.375526
0.547537	-0.743641	0.383669
0.0873498	-0.921824	0.377638
-0.538768	-0.73549	-0.410833
-0.178935	-0.638792	0.748282
-0.0897145	-0.924396	-0.370734
0.2458	-0.96828	0.0449066
-0.609131	-0.787534	-0.0935369
-0.916371	-0.240449	-0.320076
0.729173	-0.659842	0.181425
-0.254753	-0.911082	-0.324084
-0.493908	-0.854438	0.161219
-0.135147	-0.691876	-0.709255
0.342117	-0.93901	-0.0348707
-0.0702879	-0.978077	0.196025
0.397668	-0.916525	0.0429182
-0.044147	-0.996269	-0.074154
-0.00557761	-0.999619	-0.0270305
0.111909	-0.73522	0.668527
-0.270885	-0.958585	-0.0879606
0.550355	-0.676708	0.489056
-0.205562	-0.846822	0.490548
0.797405	-0.563503	0.215892
-0.312397	-0.911833	-0.266401
0.119192	-0.964381	0.236142
0.108354	-0.970823	0.21392
-0.282913	-0.894672	-0.345721
0.0482885	-0.998564	0.0232127
0.510726	-0.84566	0.154979
0.0519993	-0.965495	-0.255179
0.119127	-0.936755	0.329089
0.301889	-0.810861	-0.501365
0.285366	-0.958201	0.0203949
-0.0610679	-0.859022	-0.508283
0.0561678	-0.955591	-0.289294
0.201762	-0.889226	-0.410573
0.179022	-0.980552	0.0804332
0.483098	-0.844579	-0.230873
-0.618948	-0.783651	-0.0528685
0.49431	-0.766747	0.409582
0.173577	-0.868782	-0.463777
-0.403758	-0.904954	0.134305
-0.363328	-0.876585	-0.315583
-0.186471	-0.929634	-0.31782
0.115022	-0.993318	-0.00944064
-0.379955	-0.667739	0.640124
-0.393502	-0.847005	-0.357407
-0.681743	-0.728735	0.0645985
-0.0264398	-0.975583	0.218035
-0.29366	-0.822887	-0.486437
-0.60226	-0.75909	0.247113
0.472341	-0.624407	0.622101
0.144763	-0.842669	0.518607
-0.615667	-0.552772	-0.561601
0.341765	-0.886506	-0.311936
-0.0263849	-0.949659	0.312173
0.330673	-0.896652	-0.294398
0.17191	-0.984121	-0.0441856
0.293107	-0.928886	0.226404
-0.0456247	-0.876562	0.479122
0.223859	-0.973692	-0.0425577
0.891995	-0.406539	0.197664
0.0619531	-0.997627	-0.0300442
0.0868177	-0.762496	0.641142
-0.210937	-0.910635	0.355315
0.0122548	-0.999271	-0.0361445
-0.356266	-0.933938	-0.0288859
0.434317	-0.856912	-0.277615
-0.169364	-0.896425	-0.409559
0.671567	-0.68377	-0.285405
-0.113118	-0.854588	-0.506837
0.308364	-0.918104	-0.248991
-0.730347	-0.676861	-0.0919421
-0.679605	-0.650165	-0.339739
-0.57127	-0.768843	0.287283
0.137758	-0.9896	-0.0414135
0.033352	-0.933183	0.357851
0.822954	-0.519682	-0.229516
-0.446695	-0.87915	0.166011
0.291791	-0.823999	-0.485679
0.336752	-0.903549	0.264948
-0.399837	-0.914593	-0.0604149
0.516505	-0.853147	0.0732312
-0.22853	-0.769765	-0.596017
0.484685	-0.873128	0.0522274
-0.481634	-0.539471	0.690651
-0.0281604	-0.975286	-0.219146
0.402747	-0.829021	0.387968
0.40857	-0.907515	-0.0974041
0.148393	-0.950604	-0.272639
0.317533	-0.845354	0.429592
0.32705	-0.93802	-0.114702
0.0684176	-0.995136	-0.0708739
0.910818	-0.394901	0.120266
0.280931	-0.899368	0.334984
0.37739	-0.918416	-0.118691
0.636065	-0.771493	0.0148127
0.261292	-0.913281	0.31248
0.893278	-0.395416	0.21378
0.34552	-0.897383	-0.274446
-0.334762	-0.932371	-0.13645
-0.596566	-0.628957	-0.498519
-0.0272442	-0.490248	-0.871157
0.784146	-0.155477	0.600784
0.117281	-0.978736	0.168287
-0.497796	-0.750815	0.434139
0.229941	-0.952421	0.200053
-0.670385	-0.572313	0.472273
-0.577922	-0.816014	-0.0112529
0.479092	-0.851143	0.214539
0.0257619	-0.978326	-0.205463
-0.415331	-0.909335	-0.0246841
0.532411	-0.82978	-0.167346
0.0385401	-0.970108	0.239592
0.672173	-0.678012	-0.29746
0.327188	-0.944889	0.011554
-0.850011	-0.520808	-0.0789975
-0.544734	-0.81178	0.210425
0.451792	-0.84826	-0.276295
0.00155541	-0.994451	-0.105192
0.503384	-0.596566	-0.625071
-0.435591	-0.688135	0.580285
0.909525	-0.317799	0.267897
-0.105265	-0.906385	-0.409128
0.435603	-0.704105	-0.560791
-0.0345133	-0.880647	0.472515
-0.647952	-0.731855	0.211058
0.500317	-0.832949	-0.236387
-0.0686626	-0.966657	0.246698
0.0215298	-0.215045	-0.976367
0.594339	-0.793663	0.129849
-0.322943	-0.914013	-0.245538
0.798447	0.159856	-0.580455
-0.312459	-0.879013	-0.360146
0.261622	-0.963407	-0.0583201
0.516169	-0.854719	0.0550028
-0.0945492	-0.98892	-0.114443
-0.447659	-0.790575	-0.417842
-0.339788	-0.809185	-0.479336
-0.0810681	-0.852671	-0.516121
0.603974	-0.408958	0.684083
0.128418	-0.764244	-0.632013
-0.309078	-0.950512	0.0315856
-0.158565	-0.362001	-0.918593
0.868511	-0.383803	0.313662
0.159502	-0.981921	-0.101931
0.457376	-0.888422	-0.0388959
-0.415089	-0.898583	0.142303
0.384311	-0.785186	-0.48558
0.237202	-0.729855	0.641129
0.391157	-0.708455	-0.587442
0.0342512	-0.899255	-0.436083
0.647395	-0.582591	-0.491394
0.00609176	-0.756565	0.65389
0.00865185	-0.998231	-0.0588136
-0.436445	-0.757515	0.485476
-0.202273	-0.00694138	-0.979305
-0.653478	-0.753835	0.0685547
0.122753	-0.268664	-0.95538
0.328898	-0.907701	-0.260587
-0.380765	-0.906949	-0.180174
0.0129751	-0.773941	-0.633125
-0.716955	-0.334902	0.611405
0.830272	-0.555205	-0.0489571
0.309595	-0.745659	0.590037
-0.349551	-0.929685	-0.116191
-0.27922	-0.877224	0.39053
-0.113482	-0.790636	-0.601678
0.738662	-0.673164	-0.0350497
0.348902	-0.899409	0.263307
-0.428309	-0.903542	-0.0127628
0.311024	-0.806095	-0.503464
0.396034	-0.751697	0.52736
0.323871	-0.940718	-0.100782
0.61032	-0.757015	-0.23332
-0.0659747	-0.824129	-0.562547
-0.445493	-0.894781	-0.0300574
-0.310215	-0.916376	-0.253023
0.306528	-0.94794	0.0863173
0.0313483	-0.962777	-0.268473
0.447851	-0.83068	-0.330757
0.223889	-0.692679	-0.685616
-0.142776	-0.930085	0.338462
0.718876	-0.623103	-0.308155
-0.570209	0.0125453	0.821404
0.127093	-0.927955	-0.350354
0.116658	-0.888427	0.443946
-0.611353	-0.79126	0.0124332
0.380947	-0.899681	-0.213196
0.78593	0.121553	0.606251
-0.153896	-0.879083	-0.451143
-0.275452	-0.892926	-0.356102
-0.67542	-0.603624	0.42361
-0.453564	-0.738849	-0.498378
0.224465	-0.967575	0.115816
-0.668519	-0.732917	0.126158
0.381751	-0.617214	-0.687978
-0.602457	-0.795495	0.0650581
-0.0553443	-0.902796	0.426493
0.65607	-0.692658	-0.299661
-0.530593	-0.74073	-0.412055
0.541321	-0.840785	-0.00725244
-0.886855	-0.272539	0.37311
0.334278	-0.920119	0.204058
-0.567079	-0.823349	0.0227637
-0.131595	-0.820823	0.555817
-0.388522	-0.639274	0.663611
0.274858	-0.81344	-0.51261
0.487732	-0.383722	-0.784139
-0.331615	-0.943377	-0.00848725
0.154418	-0.940336	0.303188
-0.611683	-0.725841	-0.314641
0.176675	-0.905274	-0.386349
-0.446688	-0.526578	0.723316
-0.00647928	-0.817004	0.576596
0.233936	-0.871519	-0.430962
-0.0319561	-0.979321	-0.199774
0.288966	-0.791913	-0.537934
-0.39787	-0.853752	-0.335867
-0.852462	-0.423247	-0.306872
-0.122235	-0.447667	0.885806
-0.102789	-0.428158	-0.897839
0.801055	-0.597578	0.0347913
-0.527625	-0.789202	0.31428
-0.852831	-0.444202	-0.274525
0.341269	-0.927477	-0.152716
-0.120596	-0.658354	-0.742985
-0.400488	-0.805364	-0.437034
0.121413	-0.725667	0.677249
-0.649316	-0.52363	-0.551543
-0.414403	-0.798179	-0.437242
-0.2539	-0.581602	-0.772835
-0.35182	-0.906768	-0.232365
-0.320393	-0.897587	-0.302796
-0.648939	-0.557829	-0.517401
-0.52436	-0.642738	-0.558511
0.569254	-0.73184	-0.374645
0.58954	-0.803971	0.0779326
0.461655	-0.461781	-0.757386
0.675922	-0.433182	-0.596224
0.0849497	-0.878576	0.469986
0.433372	-0.325148	0.840516
-0.256592	-0.942619	0.213612
0.373121	-0.927549	0.0208275
0.923502	0.0593215	0.378979
-0.595548	-0.647352	0.475667
0.228839	-0.958672	0.169061
-0.104964	-0.887908	-0.447887
0.451792	-0.775875	0.440344
0.235576	-0.963372	0.128133
-0.534123	-0.831331	-0.153625
-0.879012	-0.414488	-0.235663
-0.185523	-0.873303	-0.450469
-0.49851	-0.859051	-0.116274
-0.940213	-0.160832	-0.30022
0.224666	-0.0906564	0.97021
-0.102785	-0.865119	-0.490922
0.68102	-0.696553	-0.225887
0.184339	-0.664088	0.724574
0.257846	-0.881475	0.395622
-0.0178774	-0.984057	0.176952
-0.840377	-0.449446	-0.302927
0.189331	-0.930693	-0.312993
-0.576285	-0.816217	0.0410517
0.0485329	-0.473697	0.87935
-0.215868	-0.846894	0.485974
-0.480482	-0.519976	0.706231
-0.0123519	-0.965847	0.25882
0.513741	-0.852464	-0.0968281
0.497004	-0.74787	0.440088
0.0879252	-0.522919	0.847836
0.301297	-0.592288	0.747272
0.481662	-0.680044	0.552759
0.260121	-0.954194	0.147822
-0.178695	-0.979633	0.0915783
-0.509231	-0.834172	-0.211755
0.148765	-0.474331	-0.867686
0.945454	0.247739	-0.211521
-0.249398	-0.908733	-0.334673
-0.754317	-0.613036	-0.234932
-0.182525	-0.808968	-0.558798
0.168438	-0.874152	-0.455507
0.413488	-0.396762	0.819517
0.79253	-0.565835	0.227434
-0.281469	-0.755477	0.591633
0.639703	-0.7513	-0.162258
0.483335	-0.486357	0.727904
-0.210437	-0.96936	0.126721
0.423611	-0.88514	-0.192564
-0.203814	-0.93688	-0.284106
0.470369	-0.869906	0.14838
-0.580259	-0.808726	0.0962394
0.036307	-0.996048	-0.081055
0.406632	-0.895464	-0.181095
-0.210724	-0.812155	-0.544059
-0.174557	-0.597279	-0.782808
-0.850231	-0.238854	0.469102
-0.104916	-0.991334	0.0790589
0.574327	-0.753569	0.319815
0.237556	-0.949542	-0.204783
-0.273871	-0.512677	0.81373
-0.917015	-0.250057	-0.310732
0.431754	-0.729223	0.53087
-0.075511	-0.983089	0.166836
0.205494	-0.815283	0.541374
-0.0901919	-0.930997	-0.35371
0.105984	-0.909591	-0.40176
-0.514234	-0.829032	0.219701
0.0625937	-0.843718	0.533124
0.453584	-0.561027	-0.692467
0.262307	-0.845232	-0.465593
-0.817247	-0.135451	-0.560143
0.349292	-0.755673	0.554034
0.677778	-0.606233	0.416052
0.231758	-0.856792	-0.460647
-0.729213	-0.46826	-0.49898
-0.326788	-0.940014	-0.0978976
-0.0860721	-0.612291	-0.785933
-0.333074	-0.575138	-0.74718
-0.000586203	-0.809722	-0.586813
-0.55554	-0.243683	-0.794981
-0.220872	-0.968411	-0.115737
-0.213088	-0.854213	0.47425
0.123286	-0.892403	0.43407
0.182196	-0.962033	-0.203218
-0.0436139	-0.707543	-0.705323
0.545652	-0.804256	-0.235448
0.701239	-0.684392	-0.199677
-0.268116	-0.457222	0.847975
0.194017	-0.958277	0.209913
0.480012	-0.856144	0.191328
0.0595277	-0.974549	-0.216127
0.733242	-0.463414	-0.497598
-0.367584	-0.928103	-0.0592212
0.357451	-0.933618	0.0242077
0.770953	-0.630615	0.0891995
0.222886	-0.820396	-0.526566
0.98627	-0.0714564	0.148878
0.523878	-0.822986	0.219649
0.389264	-0.485171	-0.782996
0.663677	-0.686013	-0.298193
-0.340368	-0.599231	-0.724618
0.329616	-0.895182	-0.300005
-0.458365	-0.805176	0.376289
0.440881	-0.895978	-0.0533596
-0.0257729	-0.948792	-0.314849
-0.0402389	-0.811622	0.582795
0.390273	-0.770586	0.503869
0.407647	-0.733487	-0.543894
0.563824	-0.747745	0.350684
-0.238923	-0.970469	0.033258
-0.637378	-0.690461	0.342072
-0.010819	-0.993591	0.112518
-0.715636	-0.67724	-0.170912
-0.354886	-0.87418	0.33146
-0.224714	-0.959483	0.169986
0.322596	-0.843171	0.43011
-0.489687	-0.736351	0.466898
0.713556	-0.595797	-0.368598
-0.295663	-0.95492	-0.0266648
0.325183	-0.935281	0.139661
-0.08266	-0.980102	0.180464
-0.0592864	-0.996774	-0.0540987
0.418955	-0.613469	-0.669427
-0.00805027	-0.756776	-0.653625
-0.577778	-0.39004	0.716967
-0.167486	-0.983533	-0.067908
-0.445855	-0.894988	0.0145025
0.50208	-0.757093	0.418003
-0.739811	-0.55008	-0.387417
0.694199	-0.655818	0.296631
0.715322	-0.697793	0.0373953
-0.59905	-0.622385	-0.503761
-0.0569394	-0.801081	0.595842
0.38061	-0.710646	0.591708
0.474253	-0.743702	-0.471159
-0.0936567	-0.991548	-0.0897811
-0.264252	-0.963139	-0.050338
0.784671	-0.469145	-0.405208
0.0926106	-0.439087	-0.893659
0.137984	-0.958682	-0.248776
0.225918	-0.949166	-0.219191
0.347782	-0.8427	0.410981
-0.243217	-0.958223	-0.150515
0.126955	-0.828071	-0.546059
0.0617746	-0.992822	-0.102412
0.289767	-0.932842	-0.214102
0.127342	-0.369988	-0.920268
0.812753	-0.368164	-0.45154
0.824341	-0.456628	0.334594
0.768569	0.345275	0.538597
0.652929	-0.495134	-0.573172
-0.754108	-0.0505385	0.654803
0.854871	-0.497641	0.146795
-0.0917908	-0.852726	-0.51423
-0.123642	-0.968702	0.215241
-0.372628	-0.922181	-0.103594
0.0960469	-0.874772	0.474921
-0.179598	-0.578846	0.795413
-0.611583	-0.716017	-0.336579
0.213726	-0.937747	0.273774
0.454828	-0.882178	-0.12204
0.215255	-0.965414	-0.147106
-0.290724	-0.673298	0.679816
-0.139047	-0.862615	0.486376
0.328	-0.836138	0.439647
0.121996	-0.922019	-0.367421
0.204047	-0.969705	-0.1343
0.54551	-0.795094	-0.265037
-0.491079	-0.803748	-0.335903
0.241705	-0.691701	-0.680536
0.16313	-0.369112	0.914956
-0.152097	-0.9358	0.318031
0.101225	-0.993672	0.0486808
0.571857	-0.757553	0.314792
-0.266117	-0.936659	0.227711
0.417485	-0.435657	0.797439
0.0536359	-0.501515	0.863485
-0.265709	-0.181936	-0.94673
0.326191	-0.893116	0.309748
0.504509	-0.680824	-0.530989
0.2164	-0.417157	-0.882695
0.227932	-0.670418	-0.706107
-0.0799445	-0.698957	-0.710682
-0.208409	-0.882355	-0.421918
0.383909	-0.914052	-0.130856
-0.120427	-0.59548	0.794293
0.424848	-0.880955	0.208382
0.825612	-0.514782	0.231009
0.0496893	-0.263238	-0.96345
0.554807	-0.695435	0.456684
0.774024	-0.632044	-0.0375202
0.402137	-0.0247743	-0.915244
0.099028	-0.764719	-0.636709
-0.500174	-0.456155	-0.736035
0.267593	-0.834368	0.481897
-0.276296	-0.933938	-0.22676
-0.280992	-0.878212	-0.387024
0.659876	-0.356759	-0.661276
-0.0287644	-0.902802	-0.429094
0.0672156	-0.914664	-0.398587
-0.555643	-0.787939	-0.265354
-0.0814319	-0.734817	-0.67336
0.109114	-0.492703	-0.863329
0.410136	-0.855382	-0.316402
0.308993	-0.907286	-0.28523
0.180568	-0.979608	-0.0881054
0.310902	-0.126232	-0.942022
0.414171	-0.900621	-0.131695
-0.146394	-0.915553	0.374608
0.689827	-0.683429	0.23888
-0.364728	-0.816878	0.446859
-0.253627	-0.933741	-0.252588
0.196078	-0.914789	0.353148
0.61527	-0.776851	0.133958
0.28535	-0.941468	-0.17948
-0.298016	-0.751659	0.588383
-0.0602811	-0.751374	-0.657117
-0.96035	-0.166447	0.223657
0.481252	-0.876056	-0.0303818
-0.313268	-0.902474	0.295642
-0.0870841	-0.996191	-0.00438843
-0.395939	-0.905681	-0.151574
-0.0919869	-0.987564	-0.127497
-0.046664	-0.657167	-0.752299
0.250157	-0.909216	0.332788
-0.451683	-0.530495	-0.717327
0.323314	-0.945549	-0.0374852
0.480756	-0.460511	0.746192
0.446297	-0.893156	-0.0555994
-0.503791	-0.780081	0.371037
0.84407	-0.39615	0.361401
0.367771	-0.618915	0.694038
0.729933	-0.494236	-0.472152
-0.774897	-0.631168	0.0340782
-0.195238	-0.96976	-0.146449
-0.0406878	-0.828334	-0.558754
-0.00808642	-0.861083	-0.5084
0.69874	-0.555741	-0.45046
-0.751447	-0.651638	-0.103419
-0.71628	-0.526318	-0.458183
-0.926074	-0.0815062	0.368435
0.201676	-0.976139	0.0804949
-0.387646	-0.921636	-0.0177949
-0.488549	-0.734121	-0.471579
0.519491	-0.631921	-0.575157
-0.627514	-0.134626	-0.766879
-0.128018	-0.904729	0.406297
-0.22587	-0.954661	0.19392
0.679843	-0.723372	0.120605
-0.296545	-0.944904	-0.13863
-0.811819	-0.582775	0.0363793
-0.215244	-0.838475	0.500629
-0.373639	-0.92308	0.0912018
0.251033	-0.80088	-0.543667
0.615048	-0.698322	-0.366145
0.172863	-0.981407	-0.0834176
0.474531	-0.777925	0.411889
