3400
0.240378	0.943393	0.228534
-0.0744956	0.989043	-0.127455
0.058471	0.998139	0.017321
-0.104631	0.411332	0.90546
-0.115377	0.832606	-0.541715
-0.0915998	0.91999	-0.381087
0.0616066	0.830039	0.554292
0.477322	0.877246	0.0510141
-0.040368	0.99776	0.0533437
-0.502022	0.759445	-0.413784
-0.47754	0.200745	0.85537
0.561197	0.808914	0.175259
0.505869	0.766309	0.396064
0.69847	0.698765	0.154489
0.344139	0.936397	0.068772
-0.135563	0.869953	0.474136
-0.00826551	0.999945	-0.00639962
-0.606368	0.766496	0.211665
-0.470936	0.866258	0.166782
-0.14119	0.677466	-0.721876
-0.200402	0.862622	0.464459
-0.245366	0.935283	0.255032
0.234162	0.935421	0.264871
0.197244	0.850375	0.487808
0.452761	0.850044	0.269132
-0.599994	0.797076	-0.0683966
0.553679	0.783302	0.282626
-0.287833	0.941656	-0.174461
-0.285781	0.763538	-0.579084
-0.148279	0.93304	0.327795
-0.36874	0.735848	0.567943
-0.111455	0.835966	-0.537344
0.152356	0.953419	-0.260345
0.35197	0.912061	0.210386
-0.68769	0.725738	-0.0196782
0.469082	0.873147	0.132574
0.0382948	0.996115	-0.0793018
-0.601516	0.289001	-0.744753
0.510687	0.29827	-0.806371
0.38801	0.364615	0.846466
-0.0597627	0.944788	0.322185
0.838556	0.508798	-0.194801
-0.72937	0.678789	0.0852384
0.631422	0.757339	0.166569
0.554647	0.690113	-0.464877
-0.126693	0.944489	-0.303132
-0.368508	0.740117	0.56252
0.223161	0.852455	0.472779
0.890985	-0.0717276	-0.44833
-0.606318	0.763699	0.221682
0.00949568	0.940343	0.340096
0.872505	-0.0626893	0.484567
-0.535632	0.642292	-0.548233
-0.508462	0.75085	0.421533
-0.640396	0.757336	-0.127808
0.602694	0.640481	-0.475967
-0.241411	0.969535	-0.0414911
-0.509491	0.772057	-0.37993
0.664176	0.508288	-0.548191
-0.138081	0.987015	0.082062
0.232601	0.581403	-0.779659
-0.108986	0.865131	-0.489562
0.404151	0.866213	-0.293832
-0.48896	0.692628	0.530268
-0.3311	0.942122	-0.0527098
-0.388249	0.750416	0.534919
0.0540681	0.991399	-0.119184
0.0216452	0.875474	-0.482781
-0.420038	0.901665	-0.102806
0.0943365	0.709078	-0.698791
-0.412376	0.2628	0.872285
-0.0957747	0.858245	0.504224
-0.406135	0.613821	0.676962
-0.218877	0.53858	0.813649
0.77762	0.62037	0.102218
0.408198	0.826147	0.388402
-0.566407	0.823797	-0.0232746
-0.0153708	0.867474	0.497245
0.0472992	0.387123	0.920814
0.121579	0.991908	-0.0365527
-0.0469715	0.998786	0.0148146
-0.302128	0.951482	-0.0583098
-0.0155299	0.779176	0.626613
0.143511	0.818669	-0.556045
-0.442906	0.849986	-0.285233
-0.250878	0.959008	-0.131768
0.255373	0.749823	-0.610369
0.0189296	0.665983	-0.745727
0.764345	0.617275	0.186407
0.237316	0.96218	0.133756
-0.188432	0.980484	0.0560696
-0.362992	0.524182	-0.77037
-0.160154	0.783669	0.600177
0.0732595	0.928206	-0.364782
0.0596447	0.977772	-0.201007
0.857076	0.514956	-0.0155313
0.040214	0.707007	0.706063
-0.249734	0.949116	-0.191861
0.277396	0.959403	0.0509736
0.0149701	0.875486	0.483011
0.177914	0.799984	-0.573038
-0.28393	0.958694	-0.0170445
0.313866	0.865618	-0.39012
0.339138	0.761574	0.552259
-0.0132168	0.568036	0.822897
-0.376544	0.871648	-0.313758
0.3886	0.882024	-0.266501
-0.333671	0.933872	0.128635
-0.221537	0.901269	-0.372337
0.22315	0.949423	-0.220907
0.776099	0.61601	-0.134913
0.221916	0.94805	0.227934
-0.445738	0.892637	-0.067207
0.0372032	0.855341	0.516729
-0.417094	0.799363	-0.432494
-0.450469	0.826852	-0.336739
0.0817831	0.842822	-0.531942
0.66061	0.674127	-0.330374
0.122552	0.894288	0.430383
0.723725	0.537722	-0.432524
-0.304501	0.839023	-0.450909
0.529005	0.671603	0.518752
0.0544585	0.906965	-0.417671
-0.0514167	0.984004	-0.170568
-0.172857	0.577927	-0.797572
-0.29995	0.704488	-0.643216
-0.452741	0.861863	-0.228514
0.303351	0.858902	-0.412633
-0.495665	0.557917	0.665616
-0.108665	0.963161	0.245994
0.268957	0.669639	-0.692276
-0.156814	0.751813	-0.640458
-0.540905	0.421484	-0.727855
-0.602038	0.782982	0.156489
0.0302249	0.992917	0.114904
-0.739929	0.65353	-0.159382
0.578007	0.808675	-0.109333
-0.613424	0.672479	-0.414105
0.127435	0.933191	0.336029
-0.375227	0.623445	-0.685945
0.183609	0.276813	0.943219
-0.599626	0.765513	0.233319
-0.481491	0.875004	0.0503439
0.152215	0.82814	0.539457
0.738518	0.655299	0.158664
0.196162	0.874453	-0.443681
-0.462374	0.841049	0.280798
0.207624	0.973856	0.0921788
0.101429	0.977055	0.187284
-0.152497	0.9609	0.231117
-0.114842	0.977455	0.177179
0.451262	0.889977	0.065608
0.0268096	0.87313	0.486751
-0.643286	0.448576	-0.620453
-0.0501826	0.995281	0.083049
0.799149	0.417747	0.43226
0.624075	0.781354	0.00405503
-0.217506	0.842025	0.493645
0.576509	0.815535	0.0504035
0.361513	0.859216	0.362018
-0.64703	0.720316	-0.249994
0.371451	0.922884	-0.101532
0.602838	0.703452	0.376486
0.483993	0.870272	-0.0915319
-0.0364525	0.687496	0.725273
0.384779	0.629028	0.675477
-0.211792	0.967428	0.138664
-0.504686	0.775694	-0.378934
0.107887	0.946764	-0.303314
-0.097261	0.858212	-0.503997
0.502231	0.838983	0.209456
-0.697214	0.681926	-0.221066
0.53929	0.75395	0.375133
0.32445	0.888131	0.325507
-0.370833	0.910179	0.184545
0.424469	0.904839	0.0330529
-0.434615	0.680402	-0.590053
0.567184	0.811593	0.140069
0.0341224	0.977179	-0.20966
0.266113	0.627599	-0.731644
-0.584684	0.811122	-0.0150082
-0.30401	0.650265	0.696228
0.0386087	0.932309	0.359596
0.740249	0.664036	0.105296
-0.712264	0.528962	-0.461388
-0.164622	0.958874	-0.231214
-0.282614	0.959185	-0.00962409
-0.841613	0.495978	-0.213759
-0.259103	0.918035	0.300129
-0.135742	0.947143	0.290678
0.188973	0.64782	0.737982
-0.205218	0.975937	0.0737092
-0.634361	0.762369	0.127981
-0.0554497	0.988413	-0.1413
0.38557	0.896771	-0.217112
0.173332	0.979258	-0.10493
-0.0846164	0.942692	0.322757
-0.497471	0.778323	0.383061
-0.587581	0.743845	0.318502
-0.106063	0.92295	0.370019
-0.278056	0.953294	-0.11796
0.410534	0.623769	-0.665112
-0.160529	0.984612	-0.0690616
-0.296862	0.796242	0.527135
0.176395	0.912066	-0.370163
0.436638	0.775634	0.455783
0.29464	0.92314	-0.246983
0.123806	0.992305	-0.0019238
-0.300497	0.855479	-0.421732
0.122238	0.991869	-0.0354002
-0.366141	0.927052	-0.0807182
0.658751	0.749714	0.0630584
-0.0882922	0.996062	-0.00810106
0.00899784	0.74224	-0.670074
-0.466137	0.846725	-0.256462
0.141503	0.88956	-0.43435
-0.0851463	0.990913	-0.10412
-0.305805	0.920842	0.241935
0.611934	0.79084	-0.0104942
-0.618056	0.784413	0.051992
0.182164	0.963174	0.197769
0.343718	0.262564	0.901619
-0.0899063	0.72151	0.686543
-0.402028	0.876543	0.264664
0.552255	0.782309	-0.288109
-0.193924	0.531879	0.824317
0.297132	0.866013	-0.402161
-0.0235405	0.969709	0.243126
-0.591737	0.7513	-0.292228
0.555067	0.728819	0.400904
-0.191235	0.942723	0.273317
-0.306413	0.769187	-0.56077
-0.0810865	0.991916	0.0976077
0.438772	0.8954	-0.0757494
0.274736	0.886591	-0.372124
-0.687826	0.680784	-0.25185
-0.424236	0.84942	-0.313864
-0.538579	0.822712	0.181871
0.262336	0.939778	-0.219081
-0.384663	0.904248	-0.185391
-0.59098	0.728043	-0.347412
0.00384256	0.97547	0.220099
-0.268272	0.959775	-0.0828395
-0.344179	0.931553	0.117257
0.1367	0.954342	-0.265603
0.253624	0.96661	0.036607
-0.402735	0.806453	0.432941
-0.142564	0.821621	0.551918
-0.38291	0.918166	0.101741
0.217083	0.941043	0.259446
-0.571141	0.678106	0.462569
-0.392077	0.919931	0.00148596
0.241659	0.970196	-0.0179197
-0.399156	0.916879	0.00249682
0.487771	0.756275	0.436036
-0.57609	0.812949	-0.0850523
-0.185781	0.750459	-0.634268
-0.215682	0.809014	0.546789
-0.672344	0.646522	0.360504
-0.249832	0.804729	-0.538513
0.00598665	0.889046	0.45778
0.485485	0.82082	0.30093
0.103693	0.993172	0.0534503
-0.487076	0.830284	0.270898
-0.108564	0.794407	0.597605
-0.788667	0.207344	0.578803
-0.0534387	0.934048	-0.353128
-0.0894651	0.85308	0.514054
0.338207	0.867741	-0.3642
0.25317	0.890808	0.377314
-0.445436	0.87644	-0.182862
0.327753	0.944757	0.00363151
-0.198924	0.979908	-0.0144798
0.228689	0.835538	0.499577
-0.546335	0.837565	-0.00171995
-0.0399123	0.88972	0.454759
-0.00900897	0.931156	-0.364511
0.102494	0.852774	-0.512124
0.457208	0.526181	0.717004
-0.041958	0.963812	0.26326
0.945667	0.117589	0.303128
-0.404393	0.905483	0.128715
-0.268173	0.955828	-0.120317
-0.443081	0.679445	0.584836
0.414341	0.876113	-0.246471
-0.200868	0.978661	-0.0433057
0.798903	0.279899	-0.532363
0.117416	0.959898	0.254578
-0.786141	0.47655	-0.393551
-0.814218	0.549718	0.186706
0.227993	0.815685	0.531674
0.461298	0.590998	-0.66176
0.211544	0.96773	-0.136924
-0.547324	0.803463	-0.234273
-0.470661	0.861327	-0.191299
-0.325941	0.649731	0.68674
0.0851232	0.923263	0.374619
-0.448476	0.760667	0.469313
0.346595	0.635504	-0.689932
0.0907981	0.98228	-0.163959
0.0522301	0.998591	0.00940671
0.491577	0.842823	0.219091
-0.17096	0.934464	-0.312329
-0.197451	0.702845	-0.68339
-0.356429	0.932371	-0.0603466
-0.688535	0.614724	-0.384752
-0.03649	0.951382	0.305844
-0.0294417	0.994555	-0.0999628
-0.457134	0.888019	-0.0494992
-0.0337465	0.826194	0.562375
-0.509032	0.820846	0.259034
0.721053	0.499787	0.479892
-0.170968	0.985114	0.0179127
-0.483002	0.738075	0.47112
-0.450232	0.803571	0.389313
-0.00815793	0.999406	0.0334883
0.174609	0.888355	0.424662
-0.542274	0.753775	0.371163
-0.336852	0.856011	-0.392141
0.202135	0.966583	0.157663
-0.209642	0.970609	-0.118188
0.0853284	0.756527	-0.648372
0.450369	0.887117	-0.100952
-0.292828	0.956129	-0.00835462
-0.119257	0.873941	-0.471175
0.54232	0.838395	0.0546133
0.197392	0.970554	-0.13806
-0.490957	0.772481	-0.402782
-0.140528	0.946432	-0.290722
-0.514147	0.77226	-0.373185
-0.513435	0.395842	0.761376
-0.40047	0.797867	0.450591
0.702826	0.634707	0.32122
0.595172	0.578218	-0.558063
-0.26487	0.953762	0.142065
0.0138924	0.976097	0.216891
0.448441	0.786425	0.424777
-0.00831119	0.995115	-0.0983687
-0.528229	0.329067	0.782744
0.216808	0.976177	0.00851069
-0.535772	0.823926	0.184645
-0.483679	0.765579	-0.424198
-0.247695	0.924763	0.288894
0.527046	0.707941	0.470151
-0.29825	0.62369	0.722535
-0.507125	0.850667	0.138525
0.0210274	0.780467	0.624843
-0.0474552	0.99857	-0.0246327
-0.354546	0.928134	0.113424
-0.0889908	0.833946	-0.544623
-0.227171	0.855303	0.465672
0.133843	0.673684	0.726799
-0.0112839	0.919609	0.392672
0.0229549	0.840293	0.541646
0.204806	0.977427	-0.0518644
-0.199856	0.979688	-0.0163844
-0.188164	0.794057	0.577986
-0.526208	0.663919	-0.531335
0.0628166	0.997853	0.0185108
0.119056	0.86153	0.493551
0.530359	0.725868	0.437989
-0.108329	0.842454	0.527765
0.0215689	0.936593	0.349756
-0.210824	0.967532	-0.139412
-0.216122	0.819923	-0.530111
-0.14113	0.983625	-0.112094
0.28347	0.885387	-0.368422
-0.00179796	0.916156	0.400817
0.140507	0.978261	-0.152524
0.173217	0.885041	-0.432086
0.28428	0.831793	0.476765
-0.0843608	0.653796	0.751954
-0.00224585	0.387936	0.921684
-0.985514	0.154524	-0.0698842
-0.559747	0.390122	-0.731087
-0.341185	0.766046	0.544763
0.426192	0.605972	-0.671684
-0.387612	0.913306	0.125014
0.4763	0.688759	0.54658
0.58224	0.738908	0.339133
-0.13006	0.90351	0.408355
-0.53612	0.837075	0.108998
-0.00875414	0.976835	0.213817
0.620527	0.782427	0.0524888
0.763166	0.646193	-0.00349612
-0.527706	0.470879	-0.706965
0.303755	0.943159	-0.134845
-0.365618	0.852014	0.374694
-0.0748636	0.89992	-0.429581
-0.0427175	0.856628	-0.514163
0.0428563	0.869591	-0.49191
0.326552	0.746367	-0.579914
-0.170917	0.757944	0.62953
0.0999907	0.994565	0.0290268
0.292258	0.94667	0.135649
0.0521443	0.960458	-0.273497
-0.193262	0.971461	-0.137524
0.528059	0.348994	-0.774181
0.189584	0.852323	-0.487446
-0.630794	0.710948	-0.310887
0.558198	0.316882	0.766812
-0.189468	0.974084	0.123543
-0.550439	0.783383	-0.288666
-0.467163	0.871644	0.148306
-0.531451	0.713086	-0.457241
0.104311	0.964734	-0.241677
0.0851368	0.524004	0.84745
-0.348662	0.936471	0.038169
-0.26261	0.956819	0.124633
-0.170479	0.967708	0.185684
0.208923	0.930302	-0.301479
-0.627725	0.637043	-0.447368
0.365938	0.662113	0.653984
-0.370706	0.924688	0.0867725
-0.655663	0.744093	-0.128185
-0.133618	0.985552	0.104085
-0.140281	0.853386	-0.502049
0.0404654	0.94925	-0.311909
-0.112745	0.938275	0.327
0.184492	0.969646	0.160467
-0.679268	0.708144	-0.192681
-0.661719	0.685014	0.304768
0.121944	0.927264	0.353992
0.290705	0.616496	0.731726
-0.366074	0.930585	-0.000549691
0.631822	0.755727	-0.172273
-0.228522	0.973533	-0.00341386
0.200686	0.906116	-0.372395
0.129412	0.708418	-0.693828
-0.388161	0.914654	-0.112871
0.52608	0.844763	0.0980603
-0.168157	0.980911	-0.097652
0.172715	0.926481	-0.334369
-0.20677	0.965367	-0.159098
0.452602	0.890728	-0.0419009
-0.185046	0.982529	0.0198799
-0.303498	0.918436	-0.253701
0.35833	0.809939	0.464325
-0.2452	0.902041	-0.355246
-0.0354863	0.99818	0.0487651
0.0369794	0.521757	0.852292
0.480331	0.86686	-0.13355
-0.281016	0.955718	-0.0873686
-0.07001	0.975736	-0.207455
0.543141	0.790969	-0.28172
0.156163	0.987593	0.0165278
0.811234	0.567381	0.141344
0.123239	0.975022	0.184784
-0.48384	0.859655	0.16399
-0.288113	0.714601	-0.637445
0.0446942	0.880791	-0.471391
0.150132	0.9885	0.0181172
0.277424	0.688953	-0.669612
-0.0241486	0.980901	-0.193003
0.124596	0.992203	-0.00314333
-0.0861548	0.940187	-0.329584
0.645921	0.641564	-0.413741
-0.683355	0.715726	0.144091
-0.184218	0.933565	0.30744
0.287844	0.95103	0.112637
-0.729694	0.399535	-0.554904
0.0732958	0.911639	-0.404402
0.0892972	0.994007	0.063063
0.189364	0.877155	0.441294
-0.053458	0.608909	0.791436
-0.525036	0.85017	0.039345
0.318212	0.853088	0.413501
-0.405418	0.860355	0.30891
-0.404844	0.834042	-0.3748
-0.765522	0.505667	0.39784
-0.870676	0.363893	-0.330915
-0.39802	0.863819	-0.308863
-0.329391	0.942146	-0.0621569
-0.106328	0.919913	0.377432
0.283374	0.739054	0.611145
0.0415929	0.940041	-0.338517
0.0542713	0.943876	0.32581
-0.516338	0.80488	-0.292512
0.0111334	0.970961	0.238977
-0.0727212	0.995661	0.0580651
-0.245832	0.969312	0.00123032
-0.321166	0.833754	0.449117
-0.593323	0.64123	-0.486613
-0.462154	0.875783	0.139348
0.556574	0.740832	0.376023
0.062123	0.974709	-0.214672
0.506307	0.798948	-0.324554
0.300332	0.932126	-0.20234
0.42419	0.58145	-0.694247
0.417692	0.899103	0.130947
-0.303778	0.95038	-0.0670598
0.163287	0.972109	-0.168351
0.632885	0.71107	0.306325
-0.387937	0.85808	0.336458
0.0774952	0.925595	0.370497
-0.218903	0.588086	-0.778612
-0.461421	0.830112	0.313057
-0.560957	0.827049	0.0362968
-0.173115	0.976705	-0.1268
0.242431	0.88621	-0.39479
0.647458	0.737435	-0.19232
-0.274188	0.957184	-0.0928398
0.16368	0.687559	-0.70744
-0.261358	0.580742	0.770993
0.154438	0.924738	0.347862
0.102189	0.946393	0.306427
0.230471	0.94979	0.211615
0.232029	0.745967	-0.624256
0.216176	0.974001	-0.0677491
0.118809	0.989388	0.0836465
0.395804	0.890416	-0.224719
0.200835	0.970032	0.136757
-0.162257	0.978226	0.129412
0.405263	0.90614	0.121129
0.246178	0.968623	-0.0341363
-0.52895	0.770796	0.355085
-0.207728	0.977177	0.0444251
0.145975	0.988512	0.0391858
-0.156935	0.985902	-0.0580376
0.0718451	0.306543	0.949142
0.322592	0.696407	-0.641056
-0.460224	0.835048	-0.301476
-0.625932	0.437406	0.645666
0.862539	0.503972	0.0451548
0.0821392	0.98797	-0.131029
-0.383336	0.668207	0.637615
0.46084	0.574617	0.676345
0.140099	0.972068	-0.188296
-0.127387	0.823224	0.55324
-0.533872	0.596772	0.599036
-0.577669	0.677648	0.455073
0.64399	0.611592	-0.459599
-0.779302	0.622467	-0.072267
0.498403	0.817304	0.289151
0.039086	0.912003	0.408316
-0.0316469	0.999223	-0.0234926
-0.0733944	0.995938	-0.0521564
0.294188	0.715269	0.633911
-0.300693	0.898514	-0.319776
0.0116509	0.974114	0.225756
-0.0411312	0.995523	0.0850959
0.158131	0.848313	0.505332
0.648788	0.580641	-0.491865
0.150605	0.836226	-0.527299
-0.0370382	0.957062	-0.287509
0.365158	0.90895	0.201169
0.25911	0.870994	0.417411
0.219118	0.906934	0.359803
-0.0715687	0.800523	0.595013
0.0834513	0.974537	0.208118
-0.505533	0.848464	-0.156668
0.130955	0.903862	0.407288
-0.185976	0.981271	0.0502078
-0.201253	0.959844	0.19544
-0.534437	0.705322	0.465723
0.337872	0.907573	-0.249305
0.704046	0.70306	-0.100127
-0.299699	0.91759	-0.26117
-0.0744235	0.835344	0.544667
0.112071	0.968641	0.221754
0.223925	0.974217	0.027555
-0.413317	0.587529	0.695686
0.525264	0.83022	0.186633
-0.123088	0.984137	-0.127761
0.498976	0.840262	-0.21209
-0.525109	0.850999	-0.00782886
0.510665	0.633245	0.581569
0.587656	0.802415	-0.103881
-0.181394	0.838726	0.513454
0.148683	0.846054	-0.511943
-0.259203	0.914674	-0.310137
-0.218454	0.954948	0.20088
0.259135	0.802747	-0.537072
0.107926	0.788717	-0.605208
-0.0335744	0.9674	-0.25102
0.0883393	0.818362	-0.567874
-0.0824612	0.41536	-0.905912
0.55092	0.832339	0.0608199
-0.0469028	0.984126	0.171162
0.661664	0.427241	-0.61617
0.184114	0.871924	-0.453708
0.258948	0.948652	-0.181674
0.570048	0.800825	-0.183643
-0.276542	0.690089	0.668806
0.622848	0.486942	0.612329
0.48359	0.855418	-0.185474
0.59694	0.801131	0.0430393
0.926103	0.372404	0.0604075
0.420706	0.877903	-0.228675
0.157849	0.876641	-0.454516
0.344999	0.916059	-0.204479
0.446744	0.701948	0.554697
-0.299272	0.951311	0.0737808
-0.356939	0.831307	-0.426055
0.236068	0.97145	0.0235731
-0.106097	0.98749	-0.11665
0.534913	0.837114	0.114494
-0.178302	0.870048	0.459591
0.182982	0.885693	0.426691
0.272561	0.956699	-0.10216
0.726641	0.282198	0.626385
0.370067	0.866448	0.33514
-0.617188	0.781932	-0.08753
0.314716	0.780493	0.540171
-0.569641	0.366638	-0.735585
-0.146509	0.988596	0.034816
-0.321697	0.943976	-0.0736258
-0.150976	0.881934	0.446542
0.603744	0.762845	0.23143
0.534666	0.717067	-0.447154
-0.10333	0.97505	0.196469
0.458886	0.798727	0.389179
0.301084	0.515342	0.802354
0.217005	0.964825	-0.148395
0.38475	0.920795	-0.0640718
0.311661	0.688374	-0.654988
-0.214384	0.91002	0.354829
0.0326266	0.99935	0.0153102
-0.0787923	0.781486	0.618927
0.0516728	0.89833	0.436272
0.107149	0.965253	0.238341
-0.532193	0.834559	-0.142415
0.173385	0.864001	0.472694
0.234036	0.969137	0.0774588
-0.0588537	0.982347	-0.177567
-0.00578667	0.994589	-0.10373
-0.337491	0.740517	0.58115
-0.166296	0.978706	0.120334
-0.318547	0.947874	-0.00799411
0.396797	0.905782	0.148698
-0.233651	0.880641	-0.412163
-0.496424	0.507832	-0.704038
0.109041	0.886649	-0.449403
-0.640484	0.716672	0.275974
-0.189204	0.929159	-0.317594
-0.189692	0.966618	-0.172239
-0.378088	0.905662	0.191899
0.0925401	0.503796	0.858852
0.522993	0.834057	-0.175578
0.191723	0.703343	-0.684508
-0.562562	0.753845	-0.339473
0.499829	0.863993	-0.0607156
0.0641809	0.68899	0.721923
-0.610249	0.789505	0.0654123
0.0958837	0.918834	0.382818
0.438936	0.898268	0.0212308
0.275929	0.956447	-0.095248
-0.186707	0.970167	-0.154648
0.5295	0.848184	-0.0146106
0.0791947	0.844962	0.52893
0.0962406	0.842657	0.52978
0.750888	0.609295	0.254806
0.0188815	0.992847	0.117894
-0.0823723	0.768365	-0.634689
0.0784326	0.894723	-0.439681
0.442115	0.869082	0.221882
0.250494	0.826203	-0.50462
-0.629877	0.770633	-0.0968499
0.706573	0.703798	0.0736406
0.203819	0.804644	-0.557679
-0.378802	0.815203	-0.438124
-0.47701	0.878051	0.0385737
0.844081	0.53499	-0.0362469
0.337385	0.933335	0.122707
0.155706	0.97236	0.173985
0.301923	0.905037	0.299584
-0.385663	0.848635	0.362053
0.296248	0.898497	0.323944
0.27572	0.711317	0.646534
-0.269	0.939602	0.211628
-0.47831	0.819936	-0.314521
0.244877	0.93057	-0.272169
0.495424	0.762229	-0.416608
-0.0320982	0.992394	0.118841
-0.260689	0.94525	-0.196327
0.196499	0.711324	0.674839
0.239289	0.691373	0.681722
-0.0450814	0.909296	-0.413702
-0.411313	0.816434	0.405286
0.383554	0.919582	-0.0851751
0.423271	0.892577	0.155397
-0.130221	0.886631	0.443765
-0.0923985	0.657816	0.747489
0.277042	0.960537	-0.0248224
-0.360971	0.921951	-0.140381
0.253731	0.896887	-0.362235
-0.0698915	0.909363	0.41009
0.108929	0.90722	-0.406309
-0.268273	0.875928	0.400974
0.0517943	0.997561	-0.0467885
0.757729	0.47769	0.444589
0.103598	0.529291	-0.842092
-0.0786059	0.97532	0.20633
-0.752379	0.384595	0.534801
0.393135	0.72596	-0.564293
-0.400053	0.895269	0.196087
-0.21974	0.796592	-0.563166
0.218106	0.659103	0.719732
-0.773706	0.175313	-0.608806
-0.206833	0.928287	-0.309036
-0.265427	0.962649	-0.05344
-0.633023	0.544073	0.550697
0.431851	0.891004	0.140056
0.619618	0.767287	-0.165362
-0.767378	0.635149	0.0878449
-0.0199985	0.944648	-0.327474
0.533624	0.795599	0.286822
-0.530214	0.827037	-0.186772
0.0764377	0.888685	0.452102
0.200454	0.950707	-0.236589
0.352573	0.75772	0.549139
0.0237418	0.895785	0.443853
0.159156	0.967181	-0.198067
-0.0562257	0.976379	-0.208623
-0.0151831	0.871829	-0.489575
0.937317	-0.0999378	-0.333841
0.0878985	0.965637	-0.24458
0.555965	0.815071	0.162979
-0.135707	0.974781	-0.177159
0.572051	0.820213	0.00285064
-0.449033	0.859554	-0.244001
0.0193237	0.903418	0.428325
-0.0862678	0.986781	0.13719
-0.527177	0.818434	-0.228583
0.421502	0.85552	0.3007
-0.176577	0.979751	0.0943902
0.0527489	0.954183	-0.294537
0.136654	0.875639	0.463231
0.163154	0.975073	0.150376
0.276216	0.948375	0.155853
-0.0770172	0.996994	0.00840426
-0.0925198	0.995216	0.0313892
0.227643	0.881645	-0.413378
-0.32242	0.533519	-0.781922
0.207321	0.79785	0.566086
-0.113683	0.974937	-0.191242
-0.467417	0.676576	0.569004
-0.703942	0.559951	0.436945
-0.686537	0.727034	-0.00935833
-0.0963377	0.84913	0.519324
-0.668214	0.527273	0.524856
-0.394628	0.918839	-0.00186453
-0.509567	0.799349	0.318408
0.385901	0.890565	0.240779
0.27072	0.62254	-0.734271
-0.0646877	0.566338	-0.821631
-0.000799707	0.979157	0.203105
-0.0732177	0.997277	-0.00878621
-0.253732	0.782499	-0.568609
0.27367	0.957147	-0.0947346
0.468816	0.758982	-0.451839
-0.511862	0.767145	-0.386633
0.660101	0.544673	0.517299
-0.224715	0.637917	-0.73659
0.432411	0.900119	-0.0529797
-0.322946	0.907484	-0.268661
-0.405583	0.756276	0.51337
-0.740814	0.37841	0.554978
0.507531	0.803659	-0.310716
0.766671	0.568884	0.297635
0.575139	0.809994	-0.114565
0.145238	0.986546	0.0750536
0.130952	0.933088	0.334961
-0.296413	0.935625	0.191687
-0.0475853	0.733258	0.678283
-0.396575	0.900565	-0.178077
0.110349	0.983328	-0.144529
-0.317016	0.638503	0.701295
-0.662901	0.565844	-0.490288
0.498411	0.829249	0.252847
-0.363953	0.808081	0.463188
0.0494553	0.994015	0.0974069
0.242443	0.845336	0.476056
0.190709	0.912435	-0.362068
0.172525	0.968849	0.17767
-0.0885857	0.975693	0.20044
0.0795803	0.977956	0.193051
0.0805151	0.925342	0.370486
0.124343	0.991844	0.0280101
0.316154	0.855899	0.409248
-0.0287547	0.932294	0.360556
-0.242469	0.679187	-0.692758
0.133499	0.987531	-0.0834295
-0.328758	0.925317	0.188964
-0.227154	0.970426	0.0816959
-0.40227	0.785459	0.470354
-0.671056	0.63796	0.377744
0.0212207	0.759149	-0.650571
-0.818884	0.570096	0.0664832
0.415345	0.879209	0.233411
0.631305	0.765965	0.121456
0.703804	0.694629	0.148831
-0.790109	0.59346	-0.153405
-0.442802	0.817359	0.368579
0.602304	0.791386	0.104583
-0.472655	0.876077	0.0953207
-0.220756	0.965116	0.140774
0.161811	0.907403	-0.387863
0.181511	0.982478	0.0423141
0.680154	0.711714	-0.175652
-0.316605	0.917142	-0.242098
-0.104438	0.9896	0.0989169
-0.07657	0.96203	0.261983
0.0412064	0.660921	-0.749323
-0.372152	0.927152	-0.0435101
0.292785	0.934015	0.204677
0.193776	0.965401	-0.174505
-0.639269	0.767845	0.0418145
-0.331207	0.66168	0.672667
0.743312	0.600912	0.293925
0.583514	0.765626	-0.270792
-0.489147	0.824602	-0.284195
0.101925	0.989421	-0.10323
-0.281465	0.897859	-0.338566
0.031149	0.949715	-0.311562
-0.432385	0.890365	0.142455
0.111755	0.99282	0.0426419
-0.607445	0.794122	-0.0195146
0.374073	0.916791	0.139869
-0.463841	0.836495	0.291765
0.306413	0.91648	0.257247
0.0479998	0.436113	0.898611
0.0790003	0.898651	0.431492
0.11377	0.992521	0.0442474
-0.0780009	0.923227	-0.376255
-0.541536	0.832672	-0.115742
-0.396612	0.865665	-0.305489
0.010182	0.990228	-0.139088
-0.0374684	0.99031	-0.133722
0.656341	0.745926	-0.113183
0.0736858	0.970547	0.229367
-0.646326	0.747082	-0.155341
0.39505	0.858485	-0.327017
0.36039	0.929269	0.0811008
-0.376749	0.913877	-0.15129
0.754995	0.338857	-0.561389
-0.00654374	0.664432	-0.74732
0.511151	0.655224	-0.556243
-0.110748	0.790892	-0.601851
-0.346905	0.932327	0.102095
0.088608	0.788623	0.608459
-0.491739	0.800474	-0.342688
0.0926318	0.808195	-0.581584
-0.486205	0.83367	-0.261915
-0.0681615	0.669231	0.739922
-0.430361	0.859058	0.277145
-0.433569	0.867624	-0.243408
0.149523	0.94462	-0.292122
0.207529	0.845071	0.492735
0.103732	0.994498	-0.0146003
0.182721	0.982744	-0.0287526
-0.28383	0.949493	0.133806
-0.111228	0.974516	0.194799
-0.0937426	0.965589	-0.242593
-0.327957	0.529007	0.782685
0.554923	0.81262	-0.178068
-0.157523	0.979184	-0.128005
-0.221365	0.869838	0.440885
0.0206769	0.998034	-0.0591582
0.680645	0.654512	0.329144
0.181136	0.975398	-0.125649
0.446578	0.875288	0.185577
0.460366	0.88766	-0.0111164
0.190358	0.895446	0.402417
0.309053	0.702602	0.640965
0.887362	0.458397	0.0496076
-0.187054	0.923245	0.335604
0.506335	0.859085	0.074812
0.188802	0.952619	0.238477
-0.0773861	0.909803	0.407762
0.0553336	0.929864	-0.363719
-0.300617	0.908671	-0.289735
0.142713	0.810612	0.567928
-0.188115	0.976947	-0.100936
-0.398265	0.898047	0.186806
0.459413	0.88783	-0.0264301
-0.189739	0.954768	0.228948
0.767293	0.619816	0.164586
-0.0608051	0.997334	-0.0403487
-0.11027	0.976233	-0.186571
-0.0189379	0.966976	0.254161
0.418844	0.641851	0.642337
-0.509186	0.811588	-0.286453
0.439419	0.877858	0.190464
0.112047	0.953952	0.278247
-0.330537	0.93952	-0.0897014
-0.424215	0.694466	0.58117
-0.411789	0.847569	-0.33475
0.0767123	0.899325	-0.430499
0.562511	0.821291	-0.0951976
0.0127788	0.653451	0.756861
0.13836	0.852675	-0.503787
-0.432259	0.837655	-0.333894
0.569957	0.814813	0.105963
0.212463	0.875654	-0.433693
-0.2316	0.962966	-0.13805
-0.0890271	0.949356	-0.301327
0.301511	0.942736	0.142621
-0.178424	0.77886	-0.601284
-0.302685	0.734621	-0.607218
-0.0799914	0.81498	0.573941
-0.32327	0.94203	-0.0898656
-0.510998	0.834452	0.206328
0.33233	0.935954	0.116392
0.351635	0.745379	-0.566359
-0.0328188	0.950474	-0.309065
0.0273527	0.975839	-0.21677
-0.0543358	0.864282	-0.500064
-0.0890024	0.560488	0.823366
0.0585683	0.994565	0.0860829
0.619025	0.784995	-0.0242961
-0.434049	0.857534	-0.27611
0.079063	0.848789	-0.522787
0.499551	0.865918	-0.0252145
-0.455824	0.853741	-0.251694
0.0263913	0.999651	0.00153847
-0.301931	0.853521	0.424665
-0.539277	0.81404	0.215684
-0.2154	0.496	-0.841182
-0.0233251	0.999564	-0.0181163
-0.30226	0.854362	-0.422734
0.131925	0.571657	0.809817
0.284292	0.861443	-0.420825
0.219331	0.913605	-0.342373
-0.295209	0.904567	-0.307588
0.14802	0.962367	-0.227901
0.0572328	0.894309	-0.443775
0.358888	0.708	-0.608223
-0.156942	0.971487	0.177714
-0.0780612	0.895064	-0.439051
0.492314	0.863644	0.108377
-0.580529	0.794105	0.179953
-0.500641	0.849478	0.166567
0.580777	0.795207	0.174197
0.505323	0.422892	-0.752204
0.350309	0.885521	0.305182
-0.578717	0.730874	0.361815
0.097911	0.970711	-0.219394
0.0167042	0.999742	-0.0153762
-0.364086	0.931182	0.0184887
0.0152542	0.966117	-0.257652
0.480114	0.858046	0.182341
-0.51668	0.848558	0.113981
-0.0203653	0.899667	-0.436102
0.0719848	0.46206	-0.883922
0.0130294	0.878855	0.476911
0.822071	0.564751	0.0724913
0.146301	0.939218	0.310588
-0.447439	0.554081	0.701991
-0.0742526	0.971742	-0.224062
-0.153871	0.854517	-0.496109
0.451445	0.600049	0.660407
-0.0581373	0.992057	0.111547
-0.675358	0.695925	0.24409
-0.594371	0.734353	0.327794
-0.0321322	0.989881	0.138212
0.207998	0.934806	-0.287879
0.0511723	0.960608	0.273155
0.294401	0.860045	0.416714
-0.499076	0.856685	0.130438
-0.293028	0.953214	0.0742744
-0.0223135	0.955406	-0.294452
0.58489	0.102124	0.804658
0.103446	0.976705	0.188008
-0.425756	0.840233	0.335769
-0.673911	0.539841	0.504396
-0.0889974	0.994597	-0.0534391
0.516185	0.851004	0.0966701
0.132747	0.731705	0.66857
-0.463135	0.859476	-0.216348
-0.177529	0.653045	0.736217
0.196214	0.96762	-0.158783
0.393112	0.919434	-0.0102052
0.127621	0.958211	-0.256017
0.249347	0.952592	-0.174343
0.21654	0.939103	0.266825
-0.695303	0.716568	0.0555401
0.0764231	0.992041	0.100074
0.218204	0.973522	-0.0681334
-0.154834	0.979969	-0.125248
0.615614	0.74548	-0.255496
-0.443917	0.515	-0.733289
0.214579	0.94725	0.238063
-0.669104	0.743075	-0.0118133
-0.285378	0.909084	0.303522
0.20959	0.97437	0.0817019
0.108517	0.901447	-0.419067
0.678855	0.688857	-0.254229
-0.244492	0.95291	-0.179403
0.37837	0.85708	0.349641
0.130437	0.976964	0.168898
0.0670033	0.851563	0.519952
0.26166	0.93139	-0.253074
0.14247	0.739822	-0.657545
-0.300872	0.945099	0.12753
-0.0113029	0.887079	-0.461479
0.0313285	0.988791	-0.145983
0.44563	0.618468	0.647234
-0.614556	0.65386	0.441348
0.446462	0.759225	-0.473549
0.136173	0.919406	-0.368984
-0.32932	0.826079	-0.457319
0.279409	0.95897	0.048037
-0.0685847	0.989888	-0.12417
-0.794125	0.481965	-0.370238
-0.493303	0.832793	-0.251212
-0.630721	0.714276	-0.303316
0.0496091	0.995215	0.0841759
-0.730386	0.497364	0.468151
0.214695	0.97626	-0.028668
0.0608317	0.845452	-0.530576
-0.223816	0.969858	-0.0963441
0.201315	0.978418	-0.0465789
0.325826	0.940603	-0.0954164
-0.166544	0.954773	0.246315
0.181143	0.725403	-0.664061
-0.187084	0.98232	0.00678516
0.0107342	0.957714	-0.287522
-0.287351	0.910472	-0.297438
0.13651	0.881229	0.45255
-0.0411789	0.923997	-0.380176
0.0284359	0.311698	-0.949756
0.134592	0.932014	-0.336502
-0.171584	0.735575	-0.655353
0.265599	0.906807	0.327349
-0.198483	0.893654	-0.402477
-0.670949	0.718873	0.181795
0.0405209	0.624254	-0.78017
-0.338635	0.500616	-0.796687
0.158417	0.898168	-0.41012
-0.465034	0.840748	-0.277284
0.306286	0.930747	-0.199746
0.238797	0.923501	0.300203
0.0223176	0.887223	0.460801
0.451663	0.802866	-0.38911
-0.18755	0.872823	-0.450561
-0.114671	0.977224	-0.178559
0.577731	0.784014	0.227046
0.13928	0.984884	0.102978
-0.418634	0.779576	0.46584
0.194652	0.967128	-0.163626
0.288057	0.92621	-0.243225
0.0481252	0.997403	0.0535888
-0.0207521	0.760059	0.649522
-0.0592873	0.983694	0.1698
-0.358133	0.932379	0.0490929
0.144336	0.845574	-0.513976
0.557422	0.830191	-0.00796481
0.0180417	0.93851	-0.34478
0.363475	0.915351	0.173257
-0.196946	0.980231	0.0189372
0.549908	0.833656	0.0511805
0.00383823	0.996757	0.080381
-0.24015	0.947918	-0.209236
0.666945	0.744278	-0.0351398
-0.90475	0.316714	-0.284813
-0.747782	0.514858	-0.419218
-0.440658	0.800762	0.40571
0.150465	0.970144	-0.190214
-0.0905897	0.995783	-0.0144833
-0.0765315	0.991145	0.108513
0.44106	0.897305	-0.0176364
0.0255398	0.967921	0.249952
-0.0464461	0.996129	-0.0746253
0.0970279	0.840754	0.532652
0.194793	0.810822	-0.551927
-0.239034	0.909697	0.33958
-0.647217	0.606262	-0.462122
-0.356242	0.934304	0.0129486
-0.114132	0.877701	-0.465419
-0.365536	0.607311	0.705377
0.261063	0.937315	0.230841
-0.504495	0.678159	-0.534403
-0.433473	0.899428	0.0559586
0.208027	0.94974	-0.233919
-0.294684	0.671819	0.679574
-0.0394121	0.997033	-0.0661154
0.386041	0.795738	0.466662
0.0355907	0.979513	0.198212
0.371502	0.793804	-0.481521
0.481422	0.871408	0.0942419
0.22597	0.966602	-0.120905
0.281896	0.861209	-0.422912
0.0877921	0.994347	0.0597212
-0.437642	0.895176	-0.084432
-0.709657	0.687464	-0.154208
-0.197177	0.948307	0.248667
0.369036	0.840115	0.397517
0.151516	0.689122	0.708628
-0.295401	0.908394	-0.295901
-0.184176	0.899693	-0.395768
0.214487	0.74915	-0.626713
-0.317025	0.687645	-0.653176
-0.335911	0.412332	-0.846845
0.68054	0.711128	0.176531
-0.00219381	0.982156	0.188054
0.155987	0.981958	0.106895
-0.114184	0.947059	-0.300067
0.822622	0.565225	-0.0617527
-0.246712	0.947156	-0.205011
-0.318996	0.790118	0.523408
0.624863	0.761041	-0.174252
0.00816619	0.986643	-0.162695
0.449911	0.864415	-0.224427
-0.206045	0.977675	0.0411857
-0.217862	0.956847	0.192303
0.540398	0.795352	0.274564
0.500991	0.863769	-0.0539526
0.111684	0.829422	-0.547344
-0.560979	0.820951	0.1065
-0.223529	0.948649	0.223831
0.00805044	0.988062	0.153844
-0.376382	0.873362	0.309152
0.39254	0.838434	-0.378076
-0.500259	0.781746	-0.372308
0.287734	0.942683	0.168992
0.329579	0.88815	0.320263
-0.738314	0.649479	-0.181851
-0.286853	0.897902	-0.333897
-0.571323	0.803082	-0.169262
-0.171613	0.525905	-0.83305
0.294914	0.820941	-0.488959
0.0109805	0.998542	0.0528611
0.354925	0.840106	-0.410182
0.204983	0.976391	0.068139
-0.458628	0.707671	0.53746
0.321854	0.921599	0.216947
0.484243	0.684532	-0.544909
0.403427	0.901328	0.157651
-0.308097	0.928231	-0.208479
-0.524313	0.696432	-0.489978
0.061931	0.97735	-0.202365
-0.363204	0.902822	0.230207
-0.293077	0.903161	-0.313698
-0.126318	0.978008	-0.165965
0.152727	0.982536	0.106292
-0.407528	0.813207	-0.41547
-0.0970474	0.994441	0.0408477
-0.087599	0.955432	-0.281914
-0.26128	0.7803	-0.568212
-0.277915	0.939248	-0.201435
0.0373521	0.999289	0.00509328
-0.0225452	0.948398	-0.316281
0.286304	0.921293	-0.263154
0.282794	0.958467	0.0369848
0.547661	0.822667	-0.152601
0.0728598	0.980017	0.185089
0.534305	0.797704	-0.27962
-0.0932224	0.993946	-0.0581429
0.0023979	0.950289	-0.311359
0.420631	0.87171	-0.251377
0.0439043	0.982141	0.182952
0.217509	0.939919	0.26314
-0.380129	0.861792	-0.335883
-0.735617	0.623885	0.263885
0.61732	0.697809	0.363289
0.786135	0.614908	-0.0622915
-0.179698	0.883639	0.43231
-0.0966011	0.994	0.0513096
0.123792	0.924311	0.361006
-0.225962	0.96627	0.123546
-0.229043	0.970556	0.0745654
-0.092969	0.992014	-0.0852342
0.769259	0.464037	-0.439216
0.31341	0.939376	0.139095
0.335688	0.829209	0.446907
0.0507925	0.924536	0.377694
0.164218	0.895114	-0.414492
-0.560383	0.78252	-0.271354
-0.299482	0.941893	-0.152145
0.134275	0.925555	-0.354002
-0.737103	0.623859	0.259768
-0.0527904	0.960943	-0.271665
0.185112	0.867074	-0.462511
-0.143913	0.573188	-0.806688
0.285949	0.916244	-0.28059
0.409385	0.655357	-0.634753
0.23244	0.960851	-0.150788
-0.0409033	0.995381	-0.086859
0.372195	0.839421	-0.396035
0.33607	0.73018	-0.59489
0.25954	0.965634	-0.0137622
0.256971	0.845122	-0.468759
0.216024	0.616833	-0.756869
0.642471	0.746034	-0.175111
0.657029	0.659347	-0.365478
-0.0368016	0.995964	0.0818662
0.286018	0.938569	-0.193084
0.365729	0.801408	-0.473274
-0.0642873	0.887867	-0.455587
0.0280039	0.997117	-0.0705221
0.174723	0.978777	0.107084
-0.430046	0.449436	-0.782986
-0.278772	0.926596	-0.252401
0.194316	0.934532	-0.298147
0.131504	0.991315	-0.00148032
-0.295954	0.885631	-0.357868
-0.0339066	0.944122	-0.327848
0.207809	0.917126	0.34014
0.254845	0.924664	0.282932
-0.280955	0.951992	0.121556
0.232923	0.943312	-0.236451
0.188648	0.98074	-0.0505954
0.182406	0.937247	0.297145
-0.205815	0.946871	-0.247135
0.219904	0.720309	-0.657873
-0.582868	0.775741	-0.241849
0.105624	0.992934	0.0540966
0.633467	0.773066	0.0329813
-0.235104	0.521878	-0.819981
-0.0599642	0.998197	0.00252861
0.721862	0.690632	-0.0440822
-0.417761	0.87327	-0.250749
-0.593519	0.766218	-0.246262
-0.300792	0.933143	0.196898
0.529791	0.738166	0.417652
-0.156923	0.568446	-0.807616
0.457301	0.627585	0.63009
0.28722	0.90197	-0.32242
-0.192128	0.97373	-0.122219
0.240686	0.952946	0.184294
-0.509935	0.798942	-0.318839
0.0859022	0.94054	0.328642
-0.0904961	0.991492	-0.0935659
0.472487	0.880792	0.0310126
-0.581476	0.804558	-0.120715
0.259834	0.904264	0.338811
-0.440912	0.892653	0.0936361
-0.622146	0.774721	0.112878
0.427602	0.69689	0.575761
-0.393042	0.828829	-0.398197
-0.253569	0.967014	0.0242271
-0.787511	0.594107	-0.1639
0.289848	0.885712	0.362631
-0.82427	0.565996	-0.0150956
-0.47302	0.501527	-0.724378
-0.498072	0.633114	-0.592529
-0.00922313	0.999924	0.00815987
-0.313215	0.946044	-0.0830456
-0.152971	0.852329	0.500135
0.168353	0.877335	0.449378
-0.16015	0.978097	-0.132955
0.340217	0.880531	-0.330028
-0.176734	0.836244	-0.519096
-0.140658	0.872297	-0.46831
-0.49821	0.814647	0.296879
-0.0424049	0.989151	0.140646
-0.397245	0.868625	0.29612
0.256366	0.966552	0.00738236
-0.694724	0.704148	-0.146747
0.559672	0.675636	0.479878
-0.662181	0.660078	0.354702
0.351083	0.921371	-0.166781
-0.254095	0.921239	0.294541
-0.670285	0.526886	0.522598
-0.210178	0.95459	0.211149
-0.741822	0.662623	-0.103104
-0.513098	0.778793	-0.360847
0.31176	0.933759	0.175785
0.320439	0.947101	0.0178683
0.211792	0.97191	-0.102641
0.834714	0.361088	0.415773
0.254358	0.95288	-0.16529
-0.282395	0.908502	0.308022
0.0424586	0.875049	-0.482169
-0.0155311	0.999808	0.0119593
-0.0420731	0.981221	0.188241
0.600595	0.779102	0.179685
-0.608377	0.790706	0.0682812
-0.000535988	0.986184	-0.165655
0.0879909	0.995863	-0.0226802
0.0679286	0.952159	0.297958
0.0410696	0.986127	-0.160834
0.190801	0.915328	0.35464
-0.153631	0.983482	-0.0957062
0.156929	0.639123	-0.752925
-0.633515	0.769464	-0.0811373
-0.519034	0.64953	0.55562
-0.110532	0.99381	-0.0111604
-0.429919	0.900842	-0.0604478
0.000945323	0.944768	-0.327738
-0.217694	0.927933	-0.302571
-0.0834497	0.920324	-0.382152
-0.223759	0.947209	-0.229623
-0.558455	0.797435	-0.228529
-0.190341	0.814308	0.548336
-0.681083	0.664315	-0.307915
0.553136	0.830347	-0.0675525
-0.496069	0.862538	-0.09972
-0.403757	0.783336	-0.472615
0.122859	0.986376	0.1094
-0.693765	0.298038	-0.65564
-0.165705	0.944327	0.284233
-0.0322473	0.745381	0.665859
-0.674727	0.730244	-0.107179
-0.50088	0.789784	-0.354063
-0.0264087	0.809864	0.586022
0.0422342	0.992598	0.113869
-0.30521	0.866286	0.395468
-0.0804418	0.896276	0.43614
-0.0460706	0.477015	0.877687
0.440644	0.897658	-0.00660477
-0.0239284	0.997348	0.0687312
-0.390211	0.82778	-0.403133
0.183006	0.926987	-0.327421
-0.756601	0.515679	0.402032
0.50345	0.863587	-0.0274831
0.0829576	0.8641	0.496436
-0.47165	0.698322	0.538417
0.199862	0.942812	-0.266758
0.0654445	0.964457	0.256006
-0.273913	0.956977	0.095742
0.397065	0.900409	0.177773
0.510891	0.859146	-0.0292799
0.31479	0.937331	0.149395
0.26197	0.962599	0.069099
-0.0905135	0.918041	-0.386016
0.480418	0.848863	0.22052
0.184291	0.962148	0.200768
0.711318	0.659562	-0.242906
-0.499588	0.621092	-0.603868
-0.164635	0.880647	0.444248
0.0955685	0.89588	0.433895
-0.295202	0.840708	0.453945
0.163991	0.975947	0.14365
-0.247857	0.966327	0.069125
0.841915	0.49984	-0.203319
-0.256935	0.917287	0.30425
-0.151157	0.79242	-0.59095
-0.457103	0.836769	-0.301455
-0.344511	0.929001	-0.135167
0.369395	0.911099	0.182882
-0.409905	0.91094	-0.0465426
0.204405	0.73326	0.648497
-0.798225	0.59796	-0.0726707
0.108614	0.813763	-0.570958
-0.522578	0.238382	-0.818588
-0.662855	0.737728	-0.127989
-0.00130637	0.998951	0.0457738
0.180494	0.818249	-0.545794
-0.389274	0.608164	0.691811
-0.736273	0.664544	-0.127606
-0.0655661	0.995822	0.063554
-0.170704	0.875368	0.452317
0.0359872	0.372732	0.927241
0.521097	0.82756	-0.208814
-0.224109	0.914393	0.337136
0.124486	0.791839	-0.597908
0.221178	0.969427	0.106259
-0.464575	0.884725	-0.0378356
-0.305816	0.892598	0.331278
-0.331095	0.880197	-0.340043
0.422543	0.75939	0.494757
-0.0246433	0.997624	-0.0643394
-0.298101	0.890658	0.343313
-0.00490007	0.999399	-0.0343191
0.11887	0.992425	0.0310377
0.344831	0.864449	0.365813
0.235569	0.913878	0.330658
-0.309814	0.919719	-0.241106
0.273413	0.90483	-0.326387
-0.0968671	0.991058	0.0917604
-0.508036	0.639485	0.577026
-0.130782	0.96895	-0.209837
-0.452555	0.846759	0.279631
0.300073	0.94796	-0.106434
-0.209769	0.972662	-0.0996256
0.00292712	0.993493	-0.113853
0.128587	0.980889	0.146021
0.387106	0.855258	0.344503
-0.674276	0.687902	-0.268594
0.107158	0.825518	-0.554109
0.650502	0.65092	0.391344
0.311877	0.886527	0.341765
-0.17074	0.763442	-0.6229
-0.172958	0.805991	-0.566095
0.058742	0.739724	-0.670342
-0.42255	0.784185	0.454429
0.00933689	0.958502	0.284933
0.210063	0.975852	0.0598807
0.287025	0.944571	0.159383
-0.268025	0.677553	-0.684897
0.289046	0.787042	-0.544994
0.359859	0.840136	0.4058
-0.180099	0.814645	-0.551287
-0.550041	0.645183	0.530276
-0.422403	0.857808	0.292816
0.803185	0.578166	-0.143589
0.110888	0.920905	0.37368
0.127997	0.973211	-0.190992
0.285373	0.924164	-0.253936
-0.722408	0.690008	0.0448931
0.371844	0.478763	-0.79531
-0.548831	0.826514	0.12514
-0.10469	0.913599	-0.392908
-0.0651305	0.996376	0.0547163
0.460023	0.818767	0.343511
-0.608975	0.44104	0.659268
-0.457899	0.833989	0.307883
-0.576785	0.758561	-0.303157
-0.233916	0.96367	0.128933
0.325693	0.694222	-0.641856
0.0318627	0.6235	0.781174
0.409616	0.910965	0.0485582
-0.657032	0.668463	0.348521
0.406767	0.892632	0.194292
-0.179218	0.974716	0.133452
-0.340288	0.769102	0.541004
-0.00595794	0.959544	0.281496
0.39684	0.840658	0.368527
-0.0283213	0.994047	0.105204
-0.432264	0.900352	-0.0501391
-0.502691	0.861598	-0.0703532
-0.0761819	0.897115	-0.435179
0.566571	0.779321	0.267687
-0.517707	0.787044	-0.335472
-0.336279	0.853713	-0.397605
-0.218354	0.945978	0.239682
-0.783364	0.621531	-0.00625558
-0.0070328	0.956374	0.292062
0.185997	0.871875	0.453033
0.497455	0.794682	-0.347878
0.255505	0.964483	-0.0670083
-0.046085	0.641309	-0.765898
-0.430784	0.858615	0.277858
-0.278012	0.948854	-0.149617
-0.338978	0.746596	0.57244
0.506322	0.843322	-0.180128
-0.281067	0.911411	0.300553
0.272471	0.957944	-0.0900129
0.0439593	0.918417	0.393164
0.20402	0.939496	0.275177
-0.524474	0.849958	-0.0499733
0.164683	0.7246	0.669204
0.519509	0.839104	0.161289
-0.527881	0.808617	0.259769
0.461004	0.804662	-0.37416
0.0599946	0.798121	0.599502
-0.359906	0.83978	-0.406495
-0.178375	0.980256	-0.0853317
0.0543182	0.905693	0.42044
0.36132	0.782874	0.506514
0.431291	0.90214	0.0114781
-0.458257	0.801839	0.383477
0.763319	0.607824	-0.218847
-0.182687	0.978942	0.0910952
-0.36987	0.922604	-0.109537
0.2204	0.974954	0.0297958
-0.139777	0.969389	0.201862
0.0878334	0.68584	-0.722432
0.570693	0.771331	-0.281705
0.645791	0.745678	-0.164072
0.792693	0.404992	-0.455652
0.145443	0.968106	-0.204004
0.0948666	0.99494	0.0330793
-0.274801	0.960425	-0.0454689
0.437391	0.86557	0.243881
0.0758242	0.788849	0.609891
0.474064	0.880338	0.0163544
0.0802835	0.948506	0.306415
-0.46563	0.257744	-0.846615
0.52766	0.808018	0.262071
-0.0471315	0.998338	0.0331624
-0.0801098	0.987122	-0.138464
0.154777	0.987751	-0.0197969
-0.298961	0.939425	-0.167637
-0.333349	0.523323	0.784226
0.872013	0.489402	0.00891218
-0.0791947	0.996545	0.0250063
-0.458331	0.888763	0.00584961
-0.218035	0.964076	0.151719
0.41321	0.834547	0.364402
0.623731	0.777784	-0.0775364
0.0170913	0.894516	0.446709
0.335198	0.789398	0.514289
0.122999	0.986009	-0.112507
0.0900547	0.994522	-0.0530602
-0.299335	0.757953	0.579574
-0.0165578	0.962732	0.26995
0.153464	0.984224	0.0880413
0.251197	0.849368	-0.464191
0.126124	0.734589	0.666688
0.129003	0.990046	0.056274
-0.673725	0.714064	-0.190281
0.0307475	0.938789	0.343118
0.478576	0.870299	0.116381
0.621336	0.767167	0.159359
0.234156	0.96601	-0.109528
-0.428965	0.787442	0.442633
0.272962	0.928148	0.253048
-0.340228	0.935907	0.091228
0.496714	0.565048	-0.658784
-0.380769	0.794635	0.472833
0.34288	0.892312	0.293621
0.185307	0.800141	-0.57047
0.254561	0.939173	-0.23055
0.309779	0.931875	-0.188804
0.760492	0.607126	-0.230325
0.647879	0.76014	0.0493971
-0.218917	0.958966	-0.180164
-0.130898	0.927085	0.351255
0.570345	0.775668	0.27027
-0.418888	0.898814	0.1291
-0.293571	0.954787	0.0468895
0.130774	0.820324	-0.556747
-0.672231	0.730417	-0.120817
0.10814	0.928665	0.354805
0.106451	0.77535	-0.622495
-0.48967	0.867229	0.09021
0.261883	0.962635	-0.0689234
-0.893659	0.408725	-0.185249
0.29623	0.78987	-0.536986
0.520292	0.814226	-0.257549
0.31679	0.945738	0.072269
0.365378	0.869145	-0.333294
-0.174627	0.857347	-0.484211
0.308869	0.950196	-0.0415672
-0.760572	0.502439	0.411201
-0.464025	0.791697	-0.397362
-0.368404	0.832477	-0.413836
-0.519781	0.851236	-0.0722899
-0.232712	0.921462	0.311053
-0.853904	0.387858	0.347008
0.0541522	0.991815	0.115629
0.255017	0.956107	-0.144308
0.187923	0.980161	-0.0629951
-0.306939	0.937832	0.162051
0.0155658	0.910674	-0.412833
0.394917	0.890959	-0.224125
-0.249034	0.899901	-0.357995
0.387238	0.854541	-0.34613
-0.191046	0.601346	-0.775812
0.231805	0.901193	0.366221
0.326345	0.897183	0.297594
-0.290133	0.812437	-0.505736
0.518761	0.854522	-0.0260731
0.524999	0.685575	-0.504344
-0.533881	0.845223	0.0238577
-0.0676736	0.904603	0.420849
0.000774347	0.999764	-0.0217248
-0.567531	0.770032	-0.291479
0.256406	0.960544	0.107754
0.0940039	0.921789	0.376122
-0.0229814	0.965417	0.259697
-0.0454202	0.998958	-0.00444792
-0.275057	0.903815	0.327816
-0.481266	0.875287	0.0474941
-0.0712346	0.957476	-0.27958
-0.221625	0.951347	0.214058
-0.0216939	0.999753	-0.00487969
-0.437112	0.875148	0.207482
-0.0792409	0.991535	-0.102856
-0.0765195	0.865974	0.4942
0.208709	0.320951	-0.923813
0.297892	0.95402	0.0332617
0.662835	0.742894	0.0935866
0.0132485	0.947067	-0.320763
0.152998	0.95408	-0.257534
-0.284891	0.949345	0.132594
-0.0746753	0.993425	0.0867804
0.489976	0.315793	-0.812526
0.302419	0.743073	0.59698
0.249378	0.952111	-0.176903
0.196344	0.979266	0.049864
0.0519244	0.958872	-0.27905
0.0136117	0.940637	0.33914
-0.285954	0.938053	-0.195672
0.451707	0.781848	0.429738
0.17625	0.969441	0.170644
0.0174587	0.941562	-0.336387
-0.29607	0.951119	0.0878319
-0.293821	0.949855	-0.10698
-0.144406	0.310896	0.939409
-0.123007	0.947793	-0.294208
0.242866	0.933585	0.263505
0.253504	0.967285	-0.00978672
-0.214079	0.911701	-0.350674
0.0308738	0.869405	-0.493134
-0.293432	0.932984	0.208419
-0.225359	0.857298	0.462876
-0.688088	0.289316	0.665456
0.264151	0.571564	0.776878
-0.00235002	0.998187	0.0601407
0.346416	0.812456	-0.468947
0.491434	0.81471	-0.307799
0.627638	0.696899	-0.346991
0.220252	0.923496	0.314077
0.180426	0.860925	0.475662
-0.134673	0.865478	0.482505
-0.0573246	0.952121	-0.3003
-0.044045	0.788233	-0.613798
0.463467	0.885887	-0.0200685
-0.0158548	0.909122	-0.416228
-0.549027	0.740639	0.387328
-0.262535	0.923711	-0.278985
0.1174	0.822024	0.557219
-0.0725381	0.975376	-0.20828
-0.0385518	0.83962	-0.541805
0.232452	0.970814	-0.0590507
-0.679122	0.688301	0.25502
0.630015	0.7691	0.107542
0.068454	0.99555	0.0647582
-0.283849	0.886763	0.364803
-0.63914	0.72788	0.248376
0.0163351	0.996022	0.0875991
0.67734	0.669107	-0.305789
0.369881	0.83822	0.400719
0.570498	0.748802	0.337385
-0.107519	0.884127	0.454707
-0.852253	0.21572	0.476581
0.512334	0.802294	-0.306331
-0.105219	0.530023	0.84143
0.756399	0.588738	-0.285042
0.528098	0.177532	0.830418
-0.323278	0.523171	0.788532
0.112566	0.991629	0.063253
0.0598831	0.992468	0.106873
0.531521	0.764093	-0.365579
-0.0166224	0.992159	-0.123869
0.264325	0.963576	-0.040654
-0.171738	0.969977	0.172191
-0.367583	0.929276	0.0364585
-0.288962	0.889657	-0.35357
-0.516168	0.856473	-0.00486562
0.0738727	0.946065	0.315444
0.198453	0.961726	0.188942
-0.494803	0.724909	-0.479247
-0.170359	0.98482	0.0332641
0.307143	0.943267	0.126135
-0.512943	0.845009	-0.151164
-0.328779	0.901833	-0.280359
-0.468112	0.883649	0.00591914
-0.0996044	0.994863	0.0180708
-0.235031	0.967152	0.0968332
-0.204283	0.951513	0.229983
-0.194183	0.938777	0.284588
-0.640374	0.598944	0.480819
0.0989196	0.975306	-0.197467
0.580094	0.80756	-0.106478
0.18151	0.965227	-0.188128
-0.241376	0.968678	-0.0583231
0.107982	0.62818	0.770538
-0.127097	0.982587	0.135533
-0.0835068	0.618054	0.781688
-0.200141	0.904573	0.376419
0.0148384	0.977437	0.210703
-0.684485	0.692658	-0.227389
0.107169	0.981375	0.159431
-0.720252	0.689175	0.0792204
-0.0152163	0.997256	-0.0724516
-0.150846	0.903757	-0.400585
-0.708629	0.667322	0.229188
-0.119552	0.862312	-0.492062
-0.0613663	0.955298	-0.289206
-0.279433	0.903201	-0.325798
-0.0764557	0.874614	0.478753
0.803859	0.48624	-0.342609
0.29591	0.684744	-0.666005
-0.620752	0.782324	0.0513401
-0.668527	0.644944	-0.370296
-0.22484	0.972563	-0.0597332
0.197292	0.97794	-0.0686282
-0.726438	0.655545	0.206273
-0.268804	0.910185	0.31513
0.157004	0.852981	-0.497768
-0.345007	0.872296	0.346511
0.0684419	0.943402	-0.324514
0.383492	0.843029	-0.377142
-0.0897308	0.880541	-0.4654
-0.253411	0.119813	0.95991
-0.563065	0.810885	0.159448
-0.148166	0.961397	-0.231869
-0.530092	0.847094	0.0378749
-0.341689	0.754658	0.560125
-0.14299	0.657049	0.740162
0.0950003	0.994675	0.0399534
-0.685418	0.692653	0.224573
-0.256877	0.964343	0.0636905
-0.435973	0.865794	-0.24562
-0.00482317	0.999985	-0.00254942
-0.456513	0.889671	-0.00907813
-0.0841977	0.980957	0.175024
-0.0678355	0.996734	0.0438185
0.225693	0.967521	0.113864
-0.0657702	0.97067	0.231246
0.127385	0.720648	-0.681498
-0.0349923	0.998881	-0.0318036
0.412721	0.883972	0.219669
-0.169609	0.936214	-0.307792
-0.375955	0.8882	-0.264119
0.0313974	0.979887	0.197068
-0.54579	0.611158	-0.573235
-0.737493	0.658374	0.150489
0.607063	0.791715	0.0682789
0.303505	0.946018	-0.113729
-0.206162	0.977592	0.042567
-0.44551	0.84732	-0.289084
-0.149859	0.884346	-0.442125
0.775613	0.461201	0.43095
-0.500858	0.844163	0.191128
0.241468	0.967766	0.0715679
0.297899	0.892778	-0.33794
0.165727	0.907665	0.385589
-0.681475	0.672502	0.288676
-0.114655	0.969292	0.217547
0.665426	0.671386	0.326266
0.0810456	0.849373	-0.521533
-0.0136529	0.842238	-0.538933
-0.0153814	0.737969	0.674659
-0.0986688	0.952546	0.287959
0.228355	0.960558	-0.158688
-0.634178	0.65444	-0.411736
-0.0348012	0.90826	-0.416956
-0.0515663	0.990806	0.125081
0.67311	0.73879	0.0333404
0.563494	0.788125	-0.247656
-0.431677	0.747415	-0.505001
0.00335296	0.891468	-0.45307
0.186651	0.672089	-0.716559
0.226107	0.956203	0.185881
0.14871	0.984394	0.0940977
0.0257878	0.97035	0.240325
0.248238	0.938419	0.240306
-0.0442227	0.680297	-0.731601
-0.117156	0.98013	-0.160062
0.291685	0.885929	-0.360625
0.323379	0.915757	0.238362
0.783883	0.616046	0.0775618
-0.0784934	0.994232	-0.073088
0.264134	0.905915	0.330987
-0.336116	0.916929	-0.215096
-0.246032	0.943355	0.222597
-0.479924	0.87706	-0.0209608
0.296838	0.922922	-0.245159
-0.266186	0.958136	0.105449
0.717354	0.694825	-0.0512032
0.229494	0.970734	-0.0707601
-0.0986788	0.77464	-0.624656
0.227589	0.922893	0.310599
-0.183964	0.642671	-0.743727
0.0909853	0.978881	0.183066
0.536881	0.841105	0.0655863
-0.634524	0.648468	0.420556
-0.377433	0.915608	-0.138588
-0.114021	0.969843	0.215413
0.244484	0.931066	-0.270818
0.43414	0.821538	-0.369592
-0.268952	0.948596	0.166822
-0.0213316	0.964138	-0.264543
0.18831	0.982076	-0.00816901
0.271075	0.932692	-0.237917
-0.0602074	0.950637	0.30441
-0.0712328	0.969243	-0.23557
0.532793	0.715537	-0.451817
-0.0201652	0.997576	-0.0665946
0.412499	0.899345	0.144996
-0.608749	0.793192	0.016436
-0.599183	0.800227	0.0248366
-0.638237	0.769104	-0.0336706
0.413802	0.906938	0.0789451
0.086914	0.991765	0.094063
0.361519	0.854559	-0.372872
-0.120151	0.972045	-0.201723
-0.285182	0.954214	-0.0902593
0.266283	0.95997	-0.0868927
-0.384365	0.913316	0.1346
-0.0893826	0.978368	0.186568
0.510432	0.817906	-0.265497
0.575912	0.658179	-0.484898
-0.298422	0.939628	0.167464
0.178825	0.968968	-0.170654
0.589821	0.80402	0.0752552
-0.0145826	0.990727	-0.135084
-0.767554	0.429893	-0.475451
-0.135953	0.966199	-0.219033
-0.606896	0.722288	0.331629
-0.31765	0.946176	-0.0620433
0.678329	0.734074	-0.0317047
0.331982	0.857726	-0.392547
0.0792526	0.941313	0.328098
-0.577475	0.725249	-0.374881
0.456079	0.88438	0.0993187
0.246004	0.963809	-0.102732
0.330268	0.6484	0.68593
0.190557	0.908975	0.370747
-0.0514066	0.990763	0.125485
0.258238	0.807842	0.529816
0.402363	0.857376	0.320952
0.282936	0.950318	0.129783
0.14634	0.444986	-0.8835
-0.271043	0.960776	-0.0586971
-0.629731	0.77673	-0.0113898
-0.145958	0.97703	-0.155271
0.262008	0.951886	0.158947
-0.301652	0.746424	0.593176
0.2779	0.797639	-0.535297
-0.184633	0.692549	0.697343
0.22501	0.865195	-0.448117
0.0694964	0.979206	0.190596
0.0277506	0.990119	-0.137459
-0.045689	0.989899	0.134214
0.17289	0.836991	0.519186
-0.203051	0.918451	-0.339439
-0.46857	0.752478	-0.462838
-0.375717	0.817558	-0.436389
0.2692	0.623322	-0.734166
0.112794	0.965026	-0.23665
-0.487838	0.820555	0.29783
0.42789	0.893104	-0.138834
-0.473069	0.662624	0.580634
0.208796	0.973706	-0.0911084
0.14547	0.649405	-0.746399
-0.0314621	0.906669	0.420668
0.0561516	0.582887	0.810611
-0.192037	0.964799	-0.179678
-0.237783	0.970371	-0.0428992
-0.496412	0.810754	-0.310246
0.109238	0.285605	-0.952101
-0.386052	0.71737	-0.579952
0.456156	0.748582	0.481194
0.583951	0.811555	0.0194761
0.299914	0.803511	-0.514219
0.0864169	0.719783	-0.6888
-0.00628342	0.765045	-0.643946
-0.562965	0.795759	0.223243
0.041982	0.936965	0.346893
-0.399266	0.902705	-0.160342
0.502127	0.853202	0.141119
0.0803324	0.923315	0.375549
-0.234144	0.971485	0.0373358
0.394552	0.9092	0.132984
0.0332227	0.957958	0.284977
-0.224962	0.974359	-0.00408311
0.0672918	0.973657	-0.217863
0.159657	0.94656	0.28024
-0.711964	0.685594	-0.151879
-0.183354	0.982133	0.0423713
0.785144	0.619312	0.00105049
0.290975	0.805428	-0.516352
-0.688176	0.69474	-0.209165
0.782642	0.598788	-0.170074
-0.663247	0.710121	-0.236286
0.322816	0.944646	0.0586029
0.112193	0.993365	0.0252579
-0.305297	0.947047	0.0994755
-0.166895	0.985926	0.00980293
0.0534179	0.998565	-0.00367548
0.171542	0.786769	-0.592931
-0.240402	0.753894	-0.611434
0.508595	0.814893	0.277991
-0.847992	0.525865	0.0661512
-0.521729	0.81899	0.238862
-0.0645218	0.996524	-0.0526991
0.159597	0.934919	-0.316946
-0.572243	0.653636	-0.495275
0.0435663	0.994283	-0.0974837
0.480437	0.789314	0.382315
0.00474584	0.975405	0.22037
-0.130141	0.991476	0.0061725
0.136936	0.990412	0.0182135
0.40323	0.879303	-0.253442
0.578456	0.603592	-0.548694
-0.0509291	0.987921	0.146348
0.498381	0.769386	-0.399576
-0.355978	0.606896	-0.710604
-0.449023	0.834709	0.318809
-0.498565	0.866719	0.0152195
-0.0756403	0.99604	-0.0467299
0.481694	0.692804	-0.536651
0.193338	0.868849	-0.455765
0.361044	-0.0913409	-0.928065
-0.354068	0.931198	-0.0866403
-0.336064	0.940237	-0.0549157
-0.648592	0.756915	-0.0800472
0.301571	0.795629	0.525385
0.102553	0.945002	0.31057
0.148582	0.650437	-0.744886
0.0327207	0.838265	0.544281
-0.0636077	0.989662	-0.128542
0.301394	0.879762	-0.367668
-0.0659508	0.945628	-0.318495
0.298114	0.749426	0.591176
0.419282	0.541438	0.72873
0.153402	0.934876	-0.320117
0.461792	0.805942	-0.370414
0.0618284	0.99795	-0.0165485
-0.235568	0.943104	-0.234656
-0.247995	0.960421	0.126848
-0.358368	0.918699	-0.166027
-0.263557	0.924126	-0.276639
0.578057	0.78044	0.238252
-0.464076	0.724894	0.509079
0.721093	0.672571	0.166351
0.382799	0.867409	-0.31791
-0.0910636	0.926349	-0.365494
-0.214295	0.953581	-0.211566
-0.00655932	0.713638	-0.700484
-0.127902	0.808054	-0.575056
-0.114945	0.943954	-0.309416
0.526544	0.850143	0.0027358
-0.231731	0.594423	0.77004
0.109763	0.981864	-0.154582
0.469652	0.882182	-0.0343657
-0.107746	0.798931	-0.591693
0.184698	0.982795	0.000946138
-0.380212	0.833715	0.400447
0.112119	0.991193	0.0704748
-0.286215	0.953845	-0.0908866
0.438805	0.885038	0.155425
-0.074444	0.983063	-0.167464
0.103362	0.916975	-0.385322
-0.335019	0.916833	-0.217208
-0.340246	0.901567	0.267228
-0.200545	0.724503	-0.659452
-0.139958	0.963695	0.227384
0.0252336	0.873922	0.485411
0.0950688	0.977924	0.186084
0.227724	0.652979	-0.72233
-0.17486	0.981763	0.0746033
0.744649	0.486578	-0.45688
0.486162	0.831625	-0.268414
-0.356636	0.49145	0.794536
0.324735	0.819403	-0.472362
-0.386239	0.779243	-0.493559
0.114768	0.984786	-0.130477
0.0946152	0.919408	0.381754
0.515977	0.840018	-0.167742
-0.260544	0.95029	0.170488
-0.445701	0.638479	0.627451
0.441431	0.862256	-0.248301
-0.0775971	0.770031	-0.63327
0.170606	0.884018	-0.435208
-0.14743	0.867918	-0.474323
-0.527345	0.70119	-0.479834
0.586128	0.807016	0.0719705
0.199414	0.975917	0.0884334
0.626426	0.708228	0.325582
-0.631117	0.752269	-0.189163
0.84922	0.418116	0.322497
-0.104877	0.893487	0.436672
-0.646588	0.681283	0.343188
0.330781	0.918046	0.218575
-0.321615	0.943596	0.0786844
-0.0787363	0.996379	0.0320896
0.130064	0.945474	-0.298601
-0.161064	0.975817	0.147783
-0.5862	0.738386	-0.333401
-0.463621	0.880594	-0.098035
0.128788	0.977881	0.16481
0.32511	0.913195	-0.245719
0.359616	0.882039	-0.30444
-0.686688	0.71258	-0.143838
0.0969095	0.960436	-0.261096
-0.744021	0.667757	0.023092
0.663067	0.672246	-0.329284
-0.181342	0.982947	0.030499
-0.084364	0.953434	0.289563
0.103431	0.871324	-0.479685
-0.272509	0.961966	0.0189588
-0.508635	0.827214	-0.238764
-0.104861	0.968284	-0.226782
-0.519336	0.84873	-0.099737
-0.283061	0.646966	0.708034
0.198952	0.779732	0.593663
0.65297	0.754689	0.0638289
0.0663082	0.819293	0.569529
-0.0144212	0.970266	-0.241612
0.199315	0.813533	-0.546295
0.259888	0.957303	0.126602
0.331981	0.803633	0.493926
-0.172082	0.900933	0.398381
-0.27331	0.889807	-0.365438
-0.107643	0.99402	0.0183628
-0.536156	0.724331	0.433454
-0.105434	0.961165	0.255041
-0.0896192	0.994208	-0.0593268
-0.263986	0.962493	-0.0626016
0.41983	0.901528	-0.104832
0.205206	0.828713	0.520697
0.375886	0.77797	-0.503461
-0.516773	0.822974	-0.235921
-0.438377	0.735202	0.517015
-0.387951	0.918642	0.0747739
-0.430266	0.890365	0.148733
-0.670534	0.525996	-0.523175
0.252227	0.925838	0.281436
0.155234	0.953795	-0.257248
0.530707	0.483227	0.696306
-0.160895	0.665022	0.729287
-0.0165668	0.95446	0.297879
-0.194745	0.920346	0.339171
0.176046	0.81917	-0.545865
-0.377913	0.920246	0.101635
0.245832	0.743854	0.621489
0.281567	0.827998	0.484912
-0.133539	0.871712	-0.471472
0.363996	0.928283	-0.0761383
0.17223	0.984658	0.0280408
0.282371	0.914645	-0.289293
-0.526478	0.828291	-0.191715
-0.067483	0.996387	-0.0515699
-0.736585	0.634658	0.233777
-0.721485	0.692062	-0.022573
0.452608	0.734617	0.505454
0.456981	0.470228	0.755019
0.655892	0.611654	0.442362
0.336184	0.845999	0.413842
-0.675173	0.67754	0.291685
-0.273939	0.95905	0.0719788
-0.282272	0.949435	0.13746
0.663232	0.740812	0.106398
0.20033	0.972932	-0.115204
-0.67268	0.733475	-0.0975536
-0.381391	0.91885	0.101267
0.28839	0.94891	0.128067
-0.49092	0.789227	-0.368942
0.485233	0.5412	-0.686769
0.466728	0.876977	-0.114348
0.339171	0.908857	0.242782
-0.232324	0.789857	0.567584
-0.137294	0.926332	0.350797
-0.260895	0.954057	-0.14734
-0.379113	0.917762	-0.118267
-0.146702	0.980028	-0.134255
0.362802	0.870387	-0.332868
-0.418478	0.905382	0.071832
-0.0852154	0.985941	0.14373
0.349309	0.910644	0.220706
0.242325	0.617973	-0.747922
-0.0406493	0.994465	0.0968865
-0.123222	0.980865	0.150734
-0.370913	0.917999	-0.140363
0.287184	0.955578	-0.0663056
-0.113628	0.95252	-0.282478
0.0262819	0.969595	0.243301
0.644988	0.715943	-0.267239
-0.0718272	0.903841	-0.421796
0.214042	0.46966	-0.856508
-0.0970847	0.967115	-0.235081
-0.153881	0.700628	-0.696736
-0.812877	0.445782	-0.374846
0.355997	0.566282	0.743365
0.194733	0.907714	0.371664
-0.135033	0.990006	0.0406673
-0.00899198	0.999826	0.0163294
-0.1508	0.729243	0.667431
0.137986	0.989366	0.0459938
0.0550334	0.826687	-0.559965
0.391545	0.912914	0.115237
-0.389579	0.767065	0.509745
0.374532	0.825312	0.422594
-0.233429	0.945801	-0.225769
-0.454524	0.863874	0.217094
-0.108723	0.988683	0.103365
-0.53231	0.83875	0.114651
-0.0132236	0.816648	0.576985
-0.792075	0.606759	-0.0667842
0.12612	0.764635	0.632003
0.193577	0.973199	0.124145
-0.544304	0.757296	0.360882
0.237436	0.815162	0.528332
-0.602351	0.785793	0.140366
-0.751274	0.650417	-0.112005
0.422909	0.69531	-0.581113
-0.465427	0.808364	-0.360452
-0.125152	0.989582	-0.071159
0.0185542	0.978572	0.205069
0.347299	0.923031	0.16552
0.225825	0.974084	0.0128035
-0.246498	0.664381	0.705576
0.326205	0.495436	0.805068
0.0500762	0.998537	0.0203973
-0.0390314	0.965667	-0.256832
0.165667	0.916585	0.363903
0.139814	0.986103	0.0897436
-0.170041	0.969681	-0.175512
-0.289697	0.957106	0.00492371
0.339952	0.933304	0.115652
0.11054	0.802978	0.585668
0.221189	0.295016	-0.929538
0.448469	0.0999773	0.888189
-0.587519	0.72154	0.366334
-0.26778	0.609565	0.746139
-0.287733	0.948316	0.133811
0.746058	0.614712	0.255982
0.109515	0.843677	0.525562
-0.268338	0.923708	-0.273421
-0.502043	0.855049	0.129781
-0.35141	0.927962	-0.124085
0.207537	0.879275	-0.428723
-0.229292	0.916601	-0.327518
0.247953	0.95504	0.162535
-0.0524115	0.994764	0.0877339
-0.247118	0.929293	-0.274493
0.76984	0.608822	-0.191528
0.835246	0.456446	-0.306629
0.192552	0.730364	-0.655356
0.107192	0.860596	-0.49788
0.370004	0.810194	0.454623
0.0596852	0.804014	0.591607
-0.0228657	0.96024	0.278237
-0.134039	0.941631	-0.308813
-0.354421	0.901276	0.249174
0.0342273	0.841498	0.539174
0.0191538	0.948792	0.315319
-0.359819	0.649128	0.670196
-0.211545	0.907062	-0.363986
-0.340146	0.940006	-0.026263
0.148228	0.872113	-0.466313
0.409338	0.817611	-0.404914
-0.22873	0.925222	-0.302732
0.0714894	0.995179	0.0671352
-0.0606474	0.781911	-0.620433
-0.80697	0.446717	0.386321
-0.286165	0.763289	0.579223
0.290257	0.95659	0.0261927
0.0995549	0.943652	-0.31561
0.165371	0.965883	0.199306
-0.579939	0.806024	0.118304
-0.472245	0.854904	-0.214764
0.394823	0.884593	-0.248213
-0.485724	0.873952	-0.0167328
-0.277458	0.956853	0.0863045
0.131499	0.789472	0.599535
-0.857679	0.513866	0.018119
0.463928	0.845788	-0.263465
-0.183144	0.976632	-0.112468
-0.557783	0.829628	-0.0243947
-0.249589	0.948605	-0.194561
-0.0770341	0.986927	0.141564
0.713972	0.594938	0.369178
-0.12524	0.863541	0.488479
-0.0831237	0.993085	-0.0828964
0.00191337	0.84559	0.53383
0.0289994	0.993032	-0.114219
-0.160324	0.938334	0.30631
-0.39261	0.908356	0.14404
-0.0614386	0.992867	0.102181
0.155065	0.633222	0.758278
-0.489573	0.552934	0.674227
0.0884099	0.957637	0.274071
-0.255038	0.8884	-0.381709
-0.0224967	0.98797	-0.153
-0.369238	0.829992	0.418063
-0.0278666	0.859839	0.509804
-0.0233747	0.985209	0.169753
0.280554	0.917935	-0.280509
0.1777	0.886429	0.427395
0.046122	0.900279	0.432863
0.110447	0.992589	-0.0506802
-0.0153694	0.948889	-0.315237
-0.293976	0.952573	0.0786307
-0.0618325	0.971493	-0.228862
0.37734	0.899175	-0.221584
0.217318	0.758047	0.614929
-0.482315	0.807229	0.340226
0.344077	0.92941	0.133446
-0.600226	0.797613	-0.0595209
0.229558	0.853596	0.46763
-0.0685934	0.834441	-0.546811
0.620021	0.78458	0.00296518
-0.448557	0.789679	-0.418573
-0.0606023	0.964592	0.256692
-0.136983	0.990407	0.0181722
0.120869	0.969318	-0.214041
-0.0833938	0.972416	0.217836
0.099031	0.946025	-0.308593
0.301853	0.946107	-0.117327
-0.497819	0.790266	-0.357291
0.420149	0.86032	0.28866
-0.418481	0.89906	-0.128703
-0.104863	0.927094	-0.359862
0.462703	0.873693	-0.150224
-0.010183	0.758494	-0.6516
0.727688	0.658803	0.190916
-0.0990836	0.84863	0.519625
0.611117	0.688504	0.390509
0.204935	0.954726	-0.215638
0.0786048	0.729035	0.679948
-0.204313	0.978899	0.00367859
-0.536436	0.684442	-0.493736
-0.144375	0.971644	0.187253
0.0752183	0.994754	0.0693232
0.407707	0.517905	-0.75203
0.282245	0.888581	-0.361609
-0.225096	0.95629	-0.186658
0.328812	0.938832	0.102361
-0.31274	0.827875	-0.465636
0.144169	0.902928	-0.40489
-0.071465	0.839408	-0.538783
-0.0451658	0.947967	-0.315148
0.0702753	0.940784	-0.331643
-0.162686	0.979132	-0.121794
0.314376	0.948094	0.0478068
0.0789849	0.846222	-0.526944
0.357598	0.797121	-0.48654
0.0553371	0.872571	-0.485342
0.260465	0.964483	0.0439354
-0.185783	0.871866	0.453138
0.164397	0.778107	-0.606237
-0.346031	0.890068	-0.296719
0.490708	0.80403	-0.33577
-0.254607	0.910484	-0.325876
0.551272	0.83364	-0.0338186
0.0997897	0.941657	-0.321441
0.0658372	0.804321	0.590536
-0.235291	0.861236	-0.450457
0.273135	0.798327	0.536723
-0.186274	0.902724	0.387803
-0.336936	0.753007	-0.565203
-0.129103	0.942812	0.307308
0.0631243	0.906566	0.417317
-0.729958	0.683402	-0.0110519
-0.517848	0.852263	-0.0740343
0.295066	0.870648	0.393584
0.0865068	0.768401	0.634095
-0.156681	0.985527	0.0647139
-0.253075	0.691955	0.67613
-0.38689	0.889796	0.24203
0.17054	0.840855	-0.513692
0.457863	0.852867	0.250957
0.296885	0.943032	-0.150167
-0.44846	0.859073	-0.246734
-0.301199	0.886282	0.351828
-0.633412	0.749123	-0.193916
-0.609681	0.792599	0.00875584
-0.767787	0.633157	-0.0980568
0.593734	0.797102	-0.11004
-0.840989	0.474705	0.2596
-0.154145	0.826237	-0.541823
-0.0842032	0.547985	0.83224
0.294802	0.942464	-0.157647
0.091457	0.968813	0.2303
-0.0720745	0.938333	0.338138
0.60164	0.795373	0.073557
-0.235374	0.854795	0.46252
0.432719	0.65954	0.614623
0.0510381	0.992401	0.111958
0.319178	0.853869	-0.411136
0.239549	0.955156	0.174049
0.317961	0.872141	0.371847
-0.439397	0.829283	0.345282
-0.0882357	0.669794	0.737286
0.503449	0.85337	0.13527
0.374389	0.474999	0.796372
0.754309	0.561396	-0.340372
0.453904	0.888382	-0.0689055
0.150776	0.972958	-0.174985
0.0410022	0.974423	0.22095
-0.206056	0.954012	0.217721
0.642594	0.731425	-0.228234
-0.0103084	0.963343	-0.268075
0.806329	0.55765	0.197127
0.259118	0.774571	-0.576974
-0.24414	0.916439	0.317072
-0.32749	0.81365	-0.480338
0.389819	0.891058	-0.2325
0.578946	0.607583	-0.54375
-0.512871	0.825523	-0.235533
-0.279479	0.956704	0.0812919
-0.447698	0.615733	-0.648413
-0.303455	0.809205	-0.503093
0.641383	0.766017	-0.042956
0.543073	0.839685	-3.56581e-05
0.133331	0.987096	0.0886809
0.155861	0.950507	-0.26878
-0.0473149	0.633418	0.772362
-0.522243	0.72062	0.456037
-0.348446	0.93654	0.0384453
-0.130532	0.94744	0.292094
0.770246	0.361713	0.525248
-0.0487018	0.653993	-0.754931
0.0718098	0.997319	0.014085
-0.147494	0.987774	0.0504799
0.194502	0.929004	0.314833
0.0542245	0.966785	-0.249773
0.400608	0.743885	0.534928
0.232779	0.846529	0.478751
0.225978	0.917919	0.326126
-0.303022	0.945183	0.121682
-0.000356702	0.997882	-0.0650428
0.0371279	0.998033	-0.0505112
0.0246706	0.938093	-0.345504
0.411681	0.902285	-0.128062
-0.457771	0.784284	-0.418741
-0.331788	0.933931	-0.133005
0.114331	0.9753	0.188992
0.225124	0.964653	-0.136981
-0.207513	0.928347	-0.308399
-0.123334	0.699142	-0.704265
-0.0329291	0.997859	-0.0565034
-0.0530824	0.982698	0.177443
0.380256	0.867855	-0.31974
0.457086	0.681765	-0.571199
-0.452815	0.681726	0.574638
-0.317529	0.937226	-0.144164
0.0100925	0.999933	0.00567977
0.434153	0.871293	0.228821
-0.239142	0.923781	-0.299064
0.128422	0.663175	0.737365
0.540828	0.836329	0.0897656
-0.265711	0.963382	0.0359715
0.183232	0.696414	0.693854
-0.230122	0.972985	-0.0185647
-0.268617	0.954024	-0.132978
0.126986	0.801547	0.584292
0.278975	0.636895	0.718706
0.220616	0.779449	0.586334
0.253329	0.867986	0.427112
-0.562221	0.826941	0.00876142
-0.227141	0.9447	0.236534
0.24365	0.927993	-0.281894
0.287105	0.939699	0.18584
0.0289517	0.970885	-0.23779
-0.442775	0.893644	-0.0731432
0.0899741	0.80518	0.586165
0.165038	0.775993	0.608767
-0.0518574	0.93093	-0.361497
-0.675316	0.737489	-0.00762099
0.00599042	0.992371	0.123138
-0.662755	0.636007	-0.395286
-0.00597571	0.940357	-0.340135
0.833521	0.523103	0.177781
0.406839	0.868294	-0.283809
-0.299154	0.902598	-0.309553
-0.0899235	0.946224	-0.310763
0.295095	0.936556	-0.189163
0.91204	0.0442543	-0.407707
-0.130755	0.991376	-0.00870764
-0.108933	0.674918	0.729808
0.187422	0.89102	-0.413469
0.504099	0.856138	-0.113631
-0.153952	0.628544	-0.762385
-0.406141	0.396613	-0.823254
0.271288	0.937451	0.218149
-0.0791356	0.916997	0.390965
0.70351	0.708951	-0.0496091
-0.663922	0.747362	-0.0256623
0.273199	0.804073	-0.528043
-0.0706663	0.992261	0.102103
-0.60019	0.787892	-0.137835
0.248309	0.941168	-0.229227
0.120672	0.971274	-0.205099
-0.479179	0.704803	-0.523106
-0.372493	0.807592	-0.457213
0.501148	0.691108	0.520788
0.64235	0.733676	0.221598
-0.0545439	0.976933	-0.206463
-0.114178	0.924159	0.364546
0.384494	0.902907	0.192156
-0.682182	0.729309	0.0523157
-0.138361	0.957913	-0.251513
-0.12043	0.959726	-0.253818
0.263849	0.866522	0.423703
-0.0525838	0.884685	-0.463215
0.313999	0.930349	-0.189355
0.191896	0.929666	0.314479
-0.222744	0.962328	0.155918
0.680943	0.53785	-0.497025
-0.0585537	0.984798	-0.163535
0.267335	0.921328	-0.282287
0.191433	0.923048	0.33367
0.445962	0.887172	-0.118506
0.0380541	0.974625	-0.220587
-0.410245	0.781625	0.469853
0.481478	0.866057	-0.134625
-0.574331	0.796211	-0.190239
-0.188005	0.980911	-0.0496762
-0.231808	0.920207	0.31541
-0.451437	0.892303	0.00108778
-0.623691	0.687881	-0.371254
0.11	0.877116	-0.467512
-0.22166	0.887433	0.40414
-0.153323	0.865982	-0.475991
0.393876	0.879643	0.266626
-0.177601	0.984046	-0.0105228
-0.49098	0.858787	0.146366
-0.224395	0.961479	0.158763
0.463784	0.800988	0.378581
0.428618	0.831688	-0.352962
0.535589	0.781825	-0.319208
0.479114	0.845002	0.237532
0.110375	0.941273	-0.319096
-0.269059	0.941927	-0.200951
0.860047	0.45784	-0.225169
0.312329	0.949495	-0.0301632
0.0824911	0.662922	-0.74413
-0.196405	0.969234	-0.148359
-0.464192	0.70452	-0.536822
-0.249619	0.822927	-0.510374
0.104657	0.888864	0.446058
0.532812	0.805108	-0.260599
0.255023	0.946958	-0.195536
-0.276814	0.959813	0.0461874
-0.31994	0.82971	0.457406
-0.339792	0.853941	-0.394116
-0.743991	0.603697	-0.286403
-0.592745	0.716763	0.367293
0.136263	0.990277	-0.0279908
0.209918	0.977638	0.0126223
0.286333	0.946946	-0.145967
0.0252921	0.992007	-0.123622
-0.474199	0.844779	0.247958
0.551035	0.576809	0.603036
-0.04191	0.880618	0.47197
-0.311651	0.926166	-0.212344
0.0384323	0.995758	-0.0836014
0.239016	0.533405	-0.811388
0.397215	0.883545	-0.248129
-0.0342036	0.9875	0.153864
0.0563063	0.864972	0.498651
0.146432	0.694768	0.70417
-0.203903	0.731842	0.650254
-0.0626587	0.949689	0.306862
-0.409737	0.755735	-0.510862
0.359922	0.904122	0.230261
0.0111186	0.970184	-0.242115
0.0838581	0.993732	-0.0739171
0.236133	0.854089	-0.463436
-0.227863	0.878396	-0.420118
0.00341429	0.811371	-0.584522
-0.280217	0.88781	-0.365064
0.350088	0.862266	0.365972
0.212819	0.877663	-0.429437
-0.048299	0.991107	0.123993
-0.328912	0.883192	0.33435
-0.39137	0.896782	0.206425
-0.0540799	0.827139	-0.55939
0.346277	0.883531	-0.315382
0.367124	0.508169	0.779092
0.233434	0.972343	0.00756632
0.489546	0.871567	-0.0267506
0.232153	0.968112	0.0941529
0.414996	0.768718	0.486673
-0.439683	0.836899	0.326004
0.379004	0.923231	-0.0632443
-0.0847359	0.970626	-0.225176
0.396254	0.909986	0.122102
0.169143	0.98022	-0.102756
0.0202089	0.978005	0.207599
-0.365524	0.664063	0.652237
-0.164403	0.946397	-0.278038
0.289291	0.955536	0.0571045
0.198718	0.964824	0.172123
-0.151569	0.988402	0.00944424
-0.308832	0.950164	-0.0425456
-0.057691	0.979898	-0.190978
-0.0809842	0.994901	0.0601183
0.680529	0.565873	-0.465477
-0.896818	0.383167	-0.221135
0.613553	0.688591	-0.386517
-0.108288	0.971142	0.212503
-0.189472	0.884647	-0.426027
-0.459964	0.654772	0.599755
0.373581	0.604432	0.703633
0.339354	0.940603	0.0102555
-0.918249	0.395507	0.0198093
0.505066	0.829965	0.236785
-0.371674	0.927514	-0.0396992
-0.0312501	0.966874	-0.253335
0.335487	0.787886	-0.516414
0.193247	0.869722	-0.454136
-0.171651	0.985085	-0.0119687
0.10784	0.838998	-0.533342
-0.0653049	0.997763	0.0142653
-0.400979	0.824879	0.398485
0.877355	0.471855	0.0871824
-0.23781	0.971302	0.00433761
0.557647	0.781965	-0.278498
-0.800104	0.433244	-0.414889
-0.418696	0.870725	-0.257936
-0.261848	0.871263	0.415134
-0.687464	0.674842	0.268294
0.499589	0.625398	-0.599407
0.101889	0.987768	0.118037
-0.210419	0.97634	0.0498462
-0.399856	0.820622	0.408282
0.325187	0.901014	-0.287101
0.69217	0.691846	0.20555
0.567439	0.799612	0.196554
0.223202	0.924496	-0.309011
0.186768	0.979438	-0.0762752
-0.552659	0.794948	0.250251
0.279452	0.705206	0.651606
0.391103	0.783763	0.482445
0.293173	0.928671	0.2272
0.61956	0.750111	-0.231255
-0.583126	0.539633	-0.607257
0.0920437	0.983976	-0.152705
0.576796	0.815239	0.051881
-0.325524	0.861422	-0.389854
0.267112	0.894278	-0.359053
0.296573	0.801594	0.519126
0.731796	0.559371	-0.389332
-0.281505	0.881959	-0.378025
0.360649	0.622726	0.694366
0.194768	0.758936	-0.621355
-0.0912109	0.980036	0.176661
-0.320532	0.902952	-0.286247
0.497869	0.86639	0.0386557
0.511448	0.769455	0.382569
0.51981	0.852912	-0.0483482
-0.229566	0.971959	0.0509411
-0.745883	0.502249	-0.437498
0.0206965	0.800425	-0.599075
0.0489046	0.998562	0.0219393
-0.105823	0.847864	0.519546
0.681521	0.711482	0.171237
0.62843	0.752914	-0.19544
0.113532	0.85014	0.514172
-0.0855558	0.636496	-0.76652
0.109211	0.741031	-0.66253
0.107563	0.832729	-0.543133
-0.187311	0.980682	0.0563674
0.219355	0.758852	-0.61321
-0.177067	0.911349	-0.371606
0.0667152	0.966657	-0.247233
-0.287069	0.917632	-0.27485
-0.242483	0.837338	-0.489967
-0.264136	0.921649	-0.284244
0.149907	0.556217	-0.817405
0.598442	0.609852	0.519565
0.612316	0.676381	-0.409363
0.684849	0.726862	0.0515041
0.63133	0.748733	-0.202042
0.458298	0.782119	-0.422199
-0.0802944	0.67199	-0.736195
0.538686	0.68812	-0.486115
-0.152118	0.852726	-0.499719
-0.0958165	0.773782	-0.626163
0.760413	0.578822	0.294512
-0.882854	0.469503	-0.0116565
-0.824674	0.410401	0.389209
-0.310016	0.825724	-0.471243
0.419026	0.417412	-0.80634
-0.108755	0.85123	-0.5134
-0.887902	0.454138	0.0734017
0.531297	0.676439	0.510054
-0.299037	0.952501	0.0576028
-0.0640259	0.869466	0.489827
0.0895444	0.988456	0.122214
0.39478	0.918472	0.0236133
-0.0355993	0.960876	-0.274681
-0.176268	0.820798	0.543341
0.0439385	0.990378	-0.131232
-0.423755	0.90552	0.0215645
-0.232634	0.866007	0.442621
-0.315521	0.944425	-0.0922399
0.037647	0.736547	-0.675338
0.577819	0.809498	-0.104102
-0.43174	0.513382	0.741647
-0.143067	0.989484	0.021295
0.14145	0.977421	0.15697
-0.0317777	0.989029	-0.144261
-0.0996133	0.988744	0.11164
0.312071	0.821597	-0.477065
0.389758	0.910688	0.136878
0.207668	0.81445	0.541798
-0.122671	0.989737	-0.0732993
0.500519	0.857892	0.116202
-0.256087	0.818702	-0.513951
0.200795	0.770612	0.604846
0.728845	0.649586	0.216386
-0.599225	0.385426	0.701695
0.520724	0.85295	-0.0363712
-0.111393	0.931302	-0.346798
0.606356	0.768118	0.205737
-0.0682495	0.997668	0.000121814
-0.484221	0.851247	-0.202256
-0.011607	0.765026	0.643895
-0.682294	0.660217	-0.313987
0.670843	0.729184	0.135131
0.187744	0.976713	-0.103846
0.419149	0.899968	0.119881
0.0411955	0.796387	-0.603383
-0.115317	0.962833	-0.244244
0.667808	0.739717	-0.0827753
-0.512085	0.850348	0.121153
0.18141	0.956885	-0.22685
-0.0268525	0.936275	-0.350241
0.240702	0.850357	0.467927
-0.619262	0.76418	-0.180399
0.356142	0.391189	-0.848607
-0.614971	0.64218	0.457619
0.318871	0.68909	-0.650751
0.159804	0.925758	-0.342687
0.708171	0.440666	-0.55164
-0.276242	0.805024	0.525001
-0.100113	0.765869	-0.635155
-0.302952	0.854937	-0.421074
-0.132364	0.898068	-0.419468
0.0902691	0.99591	-0.00375816
-0.0796968	0.995291	0.0551757
0.836861	0.54244	-0.0736356
-0.0389356	0.984704	0.169831
0.120747	0.944668	-0.304997
-0.326451	0.942746	0.0682594
0.758051	0.574466	-0.308784
0.944105	0.0639343	-0.323387
-0.758699	0.400925	0.513454
0.383199	0.848465	-0.365057
-0.179085	0.759818	0.624984
-0.358739	0.931197	-0.0646488
0.166325	0.961853	0.217197
-0.129232	0.917792	0.375442
-0.0790364	0.640182	-0.764147
0.367463	0.758076	-0.538788
0.0163791	0.898111	0.439463
-0.00910225	0.915336	0.402589
-0.350297	0.936345	-0.0234796
0.0445064	0.975217	-0.21673
-0.0928419	0.950356	-0.296993
-0.665597	0.564832	-0.487796
-0.454154	0.736839	-0.500812
0.612368	0.789405	0.0429492
0.717225	0.689014	-0.104159
0.589603	0.748415	-0.303714
-0.218974	0.934135	0.281854
-0.763106	0.566113	0.311745
0.00404549	0.572194	-0.820108
0.147704	0.468715	-0.870913
0.765635	0.635044	0.102577
-0.334523	0.924003	-0.185239
-0.788582	0.500278	0.357576
0.581038	0.786014	-0.211133
-0.382532	0.922759	-0.0467498
-0.0585328	0.991507	-0.116141
0.0504683	0.924622	-0.377527
0.0380899	0.966118	0.255274
-0.183469	0.982224	-0.0396982
0.585495	0.744075	0.32179
0.3297	0.93071	0.158353
0.218289	0.915557	-0.337794
-0.298863	0.930973	-0.209693
-0.291432	0.857647	-0.423686
-0.109253	0.977589	-0.179953
0.757445	0.574574	-0.310067
0.255422	0.956366	-0.141855
0.0708005	0.861304	-0.503133
0.0815182	0.937356	-0.338701
-0.432338	0.890458	0.142017
0.0149732	0.997782	0.064867
0.442605	0.895371	-0.0491175
-0.235847	0.958777	-0.158504
0.825095	0.510207	-0.242707
-0.647062	0.60405	0.465225
-0.297858	0.94711	0.119424
-0.163721	0.930255	0.32836
0.762014	0.58643	0.274653
-0.0373759	0.989421	-0.140178
0.00352148	0.919904	-0.392128
0.571773	0.802632	0.169875
-0.108513	0.947626	-0.300384
-0.0758732	0.973968	0.213612
-0.0961726	0.962059	0.25533
0.118436	0.990981	0.0626882
0.35423	0.832272	0.426433
-0.12038	0.736318	-0.665841
-0.190841	0.968654	-0.159026
0.0111436	0.632501	0.774479
-0.0778937	0.945607	-0.315849
0.571026	0.726509	-0.382248
0.546223	0.837478	-0.0164496
0.0935327	0.810553	0.578148
0.0859001	0.991766	-0.0949767
-0.727338	0.678212	-0.104916
0.307538	0.938683	-0.155871
-0.382325	0.866064	-0.322118
0.187162	0.973524	0.131232
0.398568	0.704913	0.586721
-0.284807	0.894575	0.344414
0.141539	0.977516	0.156298
-0.592625	0.798424	-0.106369
-0.242448	0.9269	-0.286486
-0.414073	0.85211	-0.320082
0.570202	0.80189	0.17844
-0.53095	0.764128	-0.366334
-0.296334	0.937498	-0.182438
0.479643	0.829213	0.286963
-0.122177	0.970886	-0.206044
0.270215	0.937933	-0.217405
0.422802	0.744266	-0.517017
-0.109993	0.988106	0.107464
-0.199664	0.976465	-0.0815458
-0.589797	0.548846	-0.592375
-0.478115	0.528922	0.701176
0.148151	0.982644	0.111637
0.243326	0.965111	0.0967167
0.640108	0.74561	0.185276
-0.3775	0.708896	0.595785
-0.0198783	0.998249	-0.0557106
-0.33877	0.915921	0.215229
-0.0203905	0.745617	0.666063
-0.0590472	0.87799	-0.475022
0.498143	0.864209	0.0706873
-0.762393	0.307784	0.569232
-0.0399047	0.96518	-0.258524
0.0970286	0.883837	-0.457622
-0.0446038	0.98661	0.156878
-0.268552	0.958468	-0.0960183
0.246331	0.892181	0.378596
0.117336	0.818982	0.561694
0.00758529	0.732413	0.680819
0.132791	0.983877	-0.119799
-0.343391	0.934483	0.0939428
0.144323	0.786008	0.601135
0.0934281	0.964248	0.247985
0.087279	0.996156	-0.00743364
-0.0755328	0.894461	-0.440719
-0.261486	0.811189	-0.523065
0.353829	0.935301	-0.00406544
0.147098	0.927487	-0.3437
0.445184	0.895426	-0.00490871
-0.507622	0.851539	-0.131151
0.319862	0.947061	0.0276292
-0.00392371	0.880999	0.473101
-0.313507	0.698771	0.642988
-0.394801	0.886318	-0.242018
-0.261185	0.961545	0.0849315
0.47944	0.619219	-0.621856
-0.338093	0.89792	-0.28184
-0.0820186	0.99651	-0.0154929
-0.440445	0.897774	0.0030296
0.250468	0.87789	-0.408135
0.196925	0.884197	0.423576
-0.730227	0.277138	0.62447
-0.440267	0.789571	-0.427484
-0.337279	0.849144	-0.406444
0.468748	0.878963	0.0877519
-0.0247041	0.991941	-0.124267
-0.115279	0.993308	0.00706187
0.532276	0.832934	-0.151338
-0.085558	0.98912	0.11967
-0.0420426	0.990292	0.132495
-0.416833	0.794291	-0.441986
0.0313618	0.465598	-0.884441
0.142318	0.742939	0.654054
0.619274	0.782746	-0.0617173
-0.136239	0.614649	-0.776946
-0.344271	0.826438	0.445507
0.594941	0.782422	0.184014
0.161571	0.959605	-0.230331
0.0408357	0.937616	-0.345267
-0.0918877	0.995733	-0.00851555
0.581638	0.795603	-0.169449
0.116153	0.992572	-0.0361857
-0.194259	0.711799	-0.674985
0.673305	0.694951	0.252394
0.294256	0.940456	0.170165
0.0957968	0.876775	-0.471264
0.152797	0.710199	0.687219
0.548857	0.82995	-0.0996957
0.253236	0.936823	-0.241317
-0.1654	0.807366	0.566394
-0.323595	0.841206	0.433196
-0.155059	0.983419	0.0940425
-0.10599	0.933906	-0.341447
-0.0354724	0.366009	0.929935
0.496242	0.8271	0.263914
0.315111	0.913325	0.257957
-0.22863	0.950657	0.209714
0.5743	0.818539	-0.013176
0.157011	0.608835	-0.777604
-0.190797	0.981412	-0.0206546
-0.19035	0.850316	0.490641
-0.517793	0.847309	-0.118139
-0.334943	0.92867	-0.15933
-0.00878669	0.839265	0.543652
-0.337598	0.838974	-0.426791
-0.106917	0.989088	0.101356
-0.258986	0.934478	-0.244291
-0.350745	0.889186	0.293812
0.380157	0.694491	-0.610871
0.518666	0.808672	-0.277552
-0.133649	0.914353	-0.382227
-0.0327787	0.983194	-0.179597
-0.410449	0.733778	0.541389
-0.482327	0.87345	0.0666816
0.102148	0.97623	-0.191155
0.171096	0.981985	-0.0802022
-0.461075	0.875471	-0.144776
-0.478499	0.861712	0.168794
0.61638	0.734883	-0.282883
0.342542	0.939269	0.0209584
0.175147	0.984342	0.0198427
-0.509423	0.688912	-0.515644
0.398936	0.894217	-0.203043
-0.590226	0.80447	0.0667968
0.358314	0.848153	-0.390189
-0.424362	0.905409	0.0122727
-0.827072	0.425588	-0.367186
0.172484	0.980915	0.0897451
-0.699395	0.665515	-0.260645
0.696276	0.652459	-0.299161
-0.0440471	0.984767	0.168205
-0.286263	0.956916	-0.0486349
-0.16737	0.852966	0.494405
-0.633559	0.703023	0.323051
0.81225	0.487609	-0.320138
-0.142732	0.884117	-0.444932
0.584675	0.743736	-0.324055
0.332461	0.932307	0.142385
0.278726	0.959165	-0.0480989
0.0637545	0.940869	0.332718
-0.566099	-0.170528	0.806506
0.08116	0.976736	0.198494
0.183983	0.978281	0.0954835
-0.0888335	0.940287	-0.328585
-0.333833	0.9211	-0.200325
-0.26783	0.851988	0.44987
-0.161005	0.972523	0.168155
0.383029	0.918581	0.097456
0.515686	0.848336	0.119978
-0.340263	0.693804	-0.63471
0.397698	0.909133	0.123746
-0.55987	0.696505	0.448805
-0.23275	0.967229	0.10147
-0.330914	0.943387	0.0227281
-0.0430954	0.908472	0.415717
0.0677023	0.981352	0.179902
-0.393907	0.919094	-0.0102334
-0.132088	0.987253	0.0887989
-0.32929	0.906087	-0.265658
-0.128653	0.939583	-0.317225
0.487894	0.782953	-0.385934
-0.619135	0.767988	0.163908
0.146852	0.741807	-0.654337
-0.153446	0.809179	0.567172
-0.486714	0.854468	0.181645
-0.0796869	0.878423	0.471193
0.257521	0.96608	0.0192922
0.225689	0.961048	0.159537
0.499278	0.825381	0.263567
0.813929	0.545896	0.198788
0.40594	0.76631	-0.497977
-0.108579	0.813821	0.570881
0.383403	0.736382	0.557444
-0.407155	0.903317	-0.135064
0.310555	0.946294	-0.0899014
0.274262	0.620336	-0.734822
0.265324	0.907506	0.325633
0.817671	0.562082	-0.124411
-0.382586	0.895204	0.228554
-0.0432165	0.768567	0.638308
-0.840042	0.54191	0.0257468
0.381399	0.825567	0.415901
-0.0764718	0.912877	-0.401008
0.0587365	0.900287	0.431316
0.470007	0.821675	0.322403
0.170374	0.629739	-0.757893
0.524174	0.499086	-0.690039
-0.0112857	0.952025	0.305813
0.228837	0.887383	-0.400232
-0.0453225	0.968292	0.245676
0.195236	0.975596	0.100475
-0.242771	0.965135	-0.0978643
-0.321036	0.92502	0.203158
0.215224	0.971851	0.0958358
-0.273639	0.941248	0.197926
-0.233085	0.846806	-0.478112
0.209532	0.967473	-0.141745
-0.246793	0.945845	-0.210881
-0.282273	0.762964	-0.581556
0.122012	0.953111	-0.276934
-0.331654	0.92492	0.185817
0.992781	0.119405	0.0113391
0.220897	0.944851	-0.241785
0.0878636	0.786872	-0.61083
0.373334	0.911054	0.174936
0.261851	0.746937	-0.611162
-0.736714	0.539421	0.407771
-0.284218	0.913022	-0.292594
0.458881	0.880043	-0.122279
-0.0320465	0.876729	0.479915
0.0886093	0.754596	0.650179
0.204849	0.978124	-0.0361965
0.377539	0.853205	0.359868
0.226347	0.97368	-0.0267273
0.701952	0.708384	0.0738548
0.149678	0.946829	0.284799
0.219809	0.893843	-0.390806
-0.64872	0.72833	0.220673
-0.0435982	0.880098	0.472785
-0.389434	0.73874	0.550095
0.420828	0.509806	0.750334
-0.887473	0.405568	-0.218876
-0.234472	0.967003	-0.0996425
0.206939	0.97807	-0.0235632
0.340674	0.88146	-0.327062
-0.0283026	0.536483	0.843436
-0.35994	0.927974	0.0964737
-0.378927	0.783702	0.492164
-0.560754	0.822656	0.0937654
0.111468	0.697754	0.707612
0.925676	0.309127	0.218091
0.377761	0.91017	0.169963
0.343607	0.28381	0.895202
0.175117	0.947782	0.266539
-0.149389	0.434141	-0.888372
-0.0257403	0.787437	0.615857
-0.241037	0.435355	0.867391
0.0342799	0.955119	-0.294234
-0.104845	0.880166	0.462943
-0.16157	0.929607	-0.331248
0.440794	0.830993	-0.339339
-0.570888	0.818365	-0.0660699
0.461279	0.218285	0.859984
0.259736	0.963857	-0.0592987
0.221019	0.894697	-0.388159
0.0459411	0.924801	0.377668
-0.125487	0.927791	0.351364
0.73287	0.664898	-0.144263
0.182143	0.806735	0.56214
-0.351336	0.802814	0.481719
-0.478619	0.877985	0.00820275
-0.637893	0.76984	0.0209327
-0.0462893	0.580314	0.813076
0.357827	0.683757	-0.635953
-0.0688869	0.884121	0.462151
0.0443504	0.928124	0.36962
0.198066	0.927252	-0.317763
-0.369053	0.877613	0.305934
0.106213	0.991229	-0.0786369
0.610751	0.765653	-0.201887
-0.308786	0.889448	-0.336947
0.291913	0.870701	-0.395811
0.19934	0.966167	0.16366
-0.35863	0.913011	-0.194411
0.549912	0.586948	-0.594213
-0.115483	0.988857	-0.0939406
-0.0395734	0.896456	-0.441363
0.0817447	0.828442	-0.554077
0.254745	0.960847	-0.108991
-0.216716	0.929713	-0.297772
0.519115	0.621973	-0.586233
-0.0615105	0.914491	-0.399904
0.055766	0.865315	0.498117
0.0680636	0.984687	0.160498
-0.118197	0.975238	0.186923
0.633784	0.700342	0.328389
0.152886	0.904256	-0.398682
0.748462	0.643621	0.159861
-0.447237	0.892123	-0.064002
-0.46606	0.876504	0.120536
0.220846	0.826115	0.518422
0.333391	0.92701	-0.171766
0.165488	0.882357	-0.440523
0.705549	0.688886	-0.166243
-0.443027	0.815262	0.372927
0.373655	0.733151	0.568218
0.421225	0.835217	-0.353529
0.657021	0.725817	0.203749
-0.0978784	0.99479	0.0285156
-0.304181	0.836453	0.455874
-0.397748	0.851352	0.342046
0.444337	0.888755	0.112601
0.502881	0.86285	0.0509912
0.442748	0.786729	-0.430153
0.57277	0.81928	0.0267376
0.605494	0.606082	-0.515791
0.288283	0.956406	-0.0466855
0.37103	0.44882	-0.812956
0.126765	0.991036	-0.0421607
0.543879	0.771439	-0.33027
0.0545397	0.993863	0.0962354
-0.117127	0.976751	0.179551
-0.650963	0.742888	0.156091
-0.599021	0.709906	0.370416
0.191378	0.94542	-0.263732
-0.440852	0.795497	0.415733
-0.235576	0.968703	-0.0782262
0.505208	0.816819	0.278518
-0.421472	0.836662	0.349797
-0.353972	0.898673	-0.25902
-0.458574	0.816418	0.350958
0.44467	0.855535	-0.265193
0.457683	0.860255	0.224696
-0.106768	0.994108	0.018728
-0.0953002	0.953044	0.287445
0.106077	0.600119	-0.792846
-0.606206	0.43844	-0.663539
0.0227591	0.985024	0.170907
-0.272381	0.799049	-0.536031
0.221361	0.534383	0.815741
0.0286832	0.97883	-0.202657
-0.10325	0.9945	0.0175965
-0.100438	0.952249	-0.288329
0.0365432	0.993887	-0.104178
0.335747	0.831341	-0.442884
-0.680872	0.721776	0.124312
-0.220009	0.927132	0.303352
-0.607781	0.646063	-0.461741
0.629875	0.772572	0.0799411
-0.339174	0.842375	-0.418765
-0.842805	0.434503	-0.317626
0.429575	0.901423	-0.0538662
-0.0291706	0.99951	0.0113141
-0.254365	0.955983	-0.146268
-0.278612	0.530487	-0.800599
-0.428157	0.899751	0.0844381
-0.155184	0.95785	0.241748
-0.434707	0.849207	0.299797
-0.385671	0.901803	-0.194959
0.784098	0.544923	0.297069
-0.424501	0.872988	0.240189
0.52475	0.850271	0.0409508
0.65374	-0.0707137	0.753408
0.315826	0.94879	0.00717249
-0.539387	-0.143432	0.829753
-0.392862	0.856769	-0.334074
0.550237	0.375694	-0.745716
0.118479	0.940379	0.318827
-0.61541	0.639988	-0.460092
-0.347369	0.932457	-0.0992897
-0.356475	0.747103	-0.561037
0.666544	0.633465	-0.392991
-0.502758	0.846484	-0.175212
0.190075	0.91672	0.351421
-0.517299	0.847194	-0.121095
0.945289	0.294871	0.139573
0.265109	0.944237	-0.195277
0.272456	0.96215	-0.00599629
0.434475	0.82094	0.370525
0.446774	0.861238	-0.242201
0.259266	0.645244	0.718638
-0.197053	0.964534	-0.175624
-0.726269	0.686982	-0.0242766
0.181522	0.982212	0.0480522
-0.140726	0.915366	-0.377229
0.559971	0.627538	0.540952
-0.325872	0.942774	0.0706076
0.46276	0.880229	-0.105121
-0.109055	0.960244	0.256981
-0.166961	0.568668	-0.805444
-0.38593	0.686309	0.616472
0.68508	0.458798	-0.565836
0.249375	0.382071	0.889851
-0.875897	0.481981	-0.0223132
0.000952942	0.0589424	-0.998261
0.591885	0.726803	0.348467
0.601426	0.717336	0.351733
-0.55765	0.829728	-0.0240358
-0.0827921	0.881743	0.464409
0.475959	0.76652	-0.431174
-0.343202	0.406818	-0.846588
0.171114	0.983884	0.0518898
-0.127661	0.99077	0.0455736
-0.622034	0.773597	0.120919
-0.307122	0.915315	0.260528
-0.691348	0.698308	-0.185483
-0.453239	0.890562	-0.0383968
-0.580087	0.653558	0.486169
0.996066	0.0857957	0.022162
-0.172228	0.966733	0.189114
0.0462828	0.97489	-0.217825
-0.274342	0.875617	-0.397531
-0.596717	0.78949	0.143645
-0.0366706	0.859614	0.509627
-0.829797	0.534913	0.159076
0.171476	0.967537	0.185654
0.840369	0.509016	0.186233
-0.00971698	0.926118	0.377109
0.97718	0.123672	0.172699
0.623865	0.76673	-0.151387
0.266429	0.444026	0.855486
0.579202	0.781029	-0.233491
-0.115843	0.773262	-0.623415
0.489467	0.699198	0.521099
-0.0742757	0.996553	-0.0369413
-0.0670713	0.927707	0.367235
0.749926	0.641169	-0.162831
0.760555	0.649185	-0.0107112
0.848381	0.524061	-0.0748973
0.743634	0.60064	-0.293665
0.0248281	0.850497	-0.525394
0.527988	0.359664	-0.769331
-0.291252	0.956519	0.0155789
0.331391	0.906225	-0.262556
-0.190923	0.980825	0.0391219
-0.349984	0.838445	0.417757
0.770944	0.610419	0.181752
0.109178	0.870566	0.479787
0.302734	0.925058	0.22939
0.272093	0.57359	-0.772632
0.860087	0.431266	-0.272507
0.728	0.663505	0.172563
-0.525912	0.615535	-0.58697
0.274072	0.960962	0.0378892
0.480805	0.856832	0.186186
0.00446851	0.764869	0.644171
0.679968	0.656406	0.326763
-0.183202	0.874362	0.449364
-0.740649	0.667356	0.077947
-0.592228	0.785527	-0.179479
0.688556	0.631252	0.356948
0.0830861	0.921642	-0.379042
-0.097383	0.985983	-0.135475
-0.418068	0.830197	0.36877
-0.331469	0.931666	0.148749
-0.225607	0.936544	0.268304
-0.0152756	0.950304	0.310948
0.0786856	0.889673	-0.449767
-0.477992	0.557046	-0.679135
-0.0728808	0.672966	0.736074
0.587634	0.80481	-0.0834709
0.708321	0.589193	0.388758
0.0545277	0.98451	-0.166632
-0.275892	0.8333	-0.479057
0.871803	0.300797	-0.386626
0.987309	0.141134	-0.0728085
-0.517654	0.527112	-0.673934
0.285352	0.915728	-0.282873
-0.568102	0.719486	-0.399499
0.487414	0.399414	0.776464
0.275561	0.191962	-0.941922
-0.273403	0.372214	-0.886965
-0.262197	0.957288	-0.121874
-0.532342	0.225059	0.816064
0.171833	0.902733	0.394394
0.291834	0.95249	0.0871564
0.111525	0.674488	0.729814
-0.19908	0.905267	0.375311
-0.394972	0.805511	-0.441756
-0.299548	0.695842	0.652745
-0.010648	0.887946	0.459825
0.645865	0.735806	0.203587
-0.359153	0.906614	-0.221497
-0.0917131	0.923677	0.372033
-0.266621	0.722696	0.637671
-0.0598083	0.995066	0.0791636
0.00428407	0.849371	-0.527778
0.496953	0.559351	-0.663449
0.433934	0.900771	-0.0176987
-0.0157419	0.621152	0.783532
-0.217276	0.617322	0.756112
0.051447	0.956462	0.287288
0.639793	0.763004	0.0921388
0.318066	0.936482	0.147765
-0.311112	0.485812	0.816821
-0.211198	0.975685	-0.0586058
0.322328	0.66696	-0.671766
0.537705	0.768894	-0.345942
0.200863	0.978787	-0.0403644
0.236886	0.768513	0.594368
-0.227805	0.950097	-0.21312
-0.553198	0.75279	-0.356764
0.392179	0.663268	-0.637394
0.671488	0.741001	0.0045099
-0.196872	0.937132	-0.28814
-0.239333	0.854729	-0.460606
-0.303305	0.936574	0.175601
0.118505	0.988847	0.0902146
0.158862	0.377269	0.912377
0.309501	0.418275	-0.853964
-0.252523	0.763317	0.594625
-0.471064	0.869412	-0.149069
-0.416556	0.600144	-0.682868
0.729489	0.596656	-0.334436
0.605711	0.782136	0.146208
-0.542169	0.299614	0.785038
0.248154	0.765556	-0.593586
0.189636	0.844257	0.501267
-0.458025	0.864771	0.205875
-0.205895	0.945503	0.252251
0.751475	0.626769	-0.206025
-0.123506	0.548021	-0.827297
-0.162946	0.539045	0.826365
-0.319365	0.854219	0.410263
0.353181	0.82871	-0.43417
0.120693	0.930292	0.346397
-0.157588	0.904151	-0.397086
-0.275423	0.929492	-0.24533
-0.00925653	0.92601	0.377386
0.160838	0.917129	-0.3647
0.61149	0.303023	0.730929
-0.144562	0.915736	0.374872
-0.355606	0.163052	0.920303
0.405917	0.902031	0.14687
0.315381	0.757468	0.571644
0.752941	0.568206	-0.331997
0.249852	0.965937	0.0673772
-0.112718	0.98317	-0.143777
-0.15198	0.987897	-0.0310019
-0.02545	0.769867	-0.637696
0.30758	0.874417	-0.375219
0.564811	0.762957	0.31446
-0.550583	0.751907	-0.362622
0.21516	0.886813	0.408985
0.203302	0.521296	0.828805
0.376397	0.926348	-0.0143048
0.414444	0.851641	-0.320848
-0.176539	0.962765	-0.204737
-0.0739751	0.248897	0.965701
-0.060034	0.574588	0.816238
0.445909	0.890526	0.0901651
-0.586023	0.722913	-0.366024
-0.632649	0.728295	0.263328
-0.353657	0.922151	0.15673
-0.0780595	0.910878	0.405225
0.631355	0.62226	-0.462799
0.129139	0.979191	-0.156552
0.142415	0.98506	-0.0968255
0.503554	0.813471	-0.29103
0.124029	0.973136	0.193966
-0.0689195	0.997281	0.0260986
-0.62805	0.777802	0.0240337
0.26621	0.930433	-0.251847
0.0629634	0.959961	0.272965
-0.26314	0.751456	0.605039
-0.0912491	0.683772	0.723968
0.209863	0.976154	-0.0555004
0.425467	0.901638	-0.0776357
0.675514	0.703411	0.22112
-0.364773	0.870407	0.330654
-0.155313	0.922029	0.354598
0.128682	0.895726	0.425576
-0.24322	0.663252	0.707772
0.319594	0.946287	0.0489987
-0.184864	0.80284	0.56681
-0.0644655	0.792726	-0.606159
0.0805472	0.900024	-0.428332
0.136417	0.978197	0.156592
0.415668	0.637072	-0.649121
-0.820293	0.460621	-0.339039
0.224096	0.689182	-0.689064
-0.165956	0.982777	-0.0812907
-0.421898	0.855958	0.298895
0.423378	0.644202	0.636988
0.754428	0.642782	0.132929
-0.257041	0.585856	-0.768572
0.179213	0.921874	0.343556
0.479365	0.74335	-0.466518
-0.199255	0.858614	-0.472313
-0.180645	0.873078	-0.452882
-0.558521	0.645382	0.521092
-0.688275	0.563062	-0.457426
-0.494695	0.860496	0.121752
-0.0350155	0.471249	-0.881305
0.638847	0.694231	-0.331538
-0.0741352	0.853781	0.515327
0.265519	0.933352	-0.241565
0.118179	0.990548	-0.069623
0.727093	0.653085	-0.211698
0.100832	0.788838	-0.606273
0.345024	0.919304	0.18931
0.693827	0.719147	-0.0378349
0.609587	0.744276	-0.272868
-0.318565	0.864669	-0.388413
-0.750663	0.335335	-0.569258
-0.365006	0.783391	0.503061
0.666789	0.485658	0.565269
0.841575	0.468938	-0.268046
0.69884	0.400305	0.592772
-0.68006	0.672516	0.29196
0.473376	0.695174	0.54097
-0.927025	0.370392	0.0585989
-0.813337	0.501032	-0.295718
0.592369	0.771441	0.232329
0.249858	0.837253	0.486393
0.190395	0.940105	0.282758
0.470811	0.651435	0.594953
-0.342516	0.933316	-0.107725
-0.640947	0.72504	-0.251999
-0.741989	0.667867	0.0583614
-0.0484366	0.998535	-0.0241002
0.778274	0.620527	-0.0960978
0.23171	0.971573	-0.0485498
-0.508636	0.752641	-0.418117
-0.492326	0.865553	0.0918286
0.136787	0.935339	0.326236
0.41758	0.161105	-0.894244
-0.430079	0.88114	0.196532
0.0210375	0.997365	0.0694245
0.184399	0.943179	0.276423
-0.964428	0.0289906	0.262752
0.746288	0.618098	0.247001
0.1286	0.550126	-0.82512
0.81715	0.118682	0.564076
0.516664	0.8228	0.236765
-0.384767	0.8816	-0.273379
-0.276731	0.808525	0.519333
0.490936	0.774583	0.398752
-0.159762	0.775813	-0.610402
0.067242	0.986202	0.151278
-0.993303	-0.0220553	-0.11341
-0.0319568	0.967736	0.249932
-0.0461796	0.768157	0.638594
-0.185346	0.982645	0.00739325
-0.600841	0.786854	0.140895
-0.316745	-0.158449	-0.935183
-0.775768	0.415441	-0.474966
-0.330466	0.915395	0.229879
0.945518	0.165436	-0.280405
-0.311593	0.94383	-0.10998
0.849002	0.39701	-0.348682
-0.75088	0.653974	0.092181
0.406691	0.489852	-0.771134
0.442676	0.892009	0.0914178
0.0385982	0.834153	0.550181
-0.241108	0.125237	0.962384
0.152054	0.656797	0.738578
0.59259	0.0973794	-0.799596
-0.576408	0.811419	0.0967157
-0.813284	0.571165	0.111084
-0.0987469	0.995112	0.00117319
0.111039	0.457323	0.882341
-0.698255	0.378574	0.607554
-0.234666	0.90012	-0.367035
0.270699	0.840924	-0.468583
-0.491928	0.861786	0.123825
-0.134907	0.771822	0.621362
0.286186	0.929625	0.232151
0.253423	0.870865	-0.421154
0.293348	0.432472	-0.852593
0.37904	0.675263	0.632731
-0.582198	0.799176	-0.149542
-0.0174954	0.881323	0.47219
0.0333022	0.526818	0.849325
0.496566	0.403618	-0.768449
-0.932433	0.183171	0.311476
0.0962961	0.948476	0.301862
0.734756	0.665199	-0.13283
-0.244172	0.95271	0.180895
-0.0859136	0.978744	-0.186224
-0.300733	0.793069	0.529718
-0.153134	0.910093	0.385072
-0.754827	0.399921	-0.519904
0.524251	0.844229	-0.111527
-0.0201716	0.614089	0.788979
-0.237258	0.809757	0.536658
0.756758	0.631861	0.167537
-0.274391	0.398192	0.875301
-0.217053	0.971306	-0.0972254
0.0828195	0.969574	-0.230364
-0.661992	0.746372	0.0685208
0.449715	0.874277	0.182744
0.580949	0.813732	0.0184154
0.00120427	0.957394	0.288782
0.603512	0.788502	0.118476
-0.538967	0.780425	-0.316939
0.871471	0.485789	-0.0674351
-0.303067	0.95214	-0.0397423
-0.831656	0.545535	0.103633
0.67102	0.684255	-0.28553
0.225638	0.509964	0.830075
0.0291848	0.534164	-0.844877
-0.36191	0.879874	0.307964
0.757539	0.385442	0.526849
-0.178832	0.983176	0.0372048
-0.192788	0.67098	-0.715974
-0.275343	0.44912	-0.849987
-0.26804	0.692373	0.669906
-0.182214	0.78013	-0.598494
0.0567895	0.932944	0.355515
-0.547355	0.782376	-0.297138
0.712828	0.393525	-0.580529
-0.229615	0.971903	0.051781
0.0206761	0.568485	0.822434
-0.157215	0.984349	-0.0796228
-0.156914	0.797577	-0.582451
0.523112	0.843452	-0.122239
-0.122043	0.958791	-0.256564
0.0127342	0.998091	0.0604252
0.315499	0.813911	-0.487862
-0.580596	0.778825	0.237361
0.219093	0.860322	-0.460266
0.043567	0.962819	0.266612
-0.0982978	0.926371	0.363559
0.871118	0.403693	-0.279615
0.109169	0.568503	0.815406
-0.280389	0.689242	0.668078
0.414216	0.508669	-0.754772
-0.0960973	0.390424	-0.915606
-0.613139	0.74915	-0.250668
-0.607023	0.755614	0.246112
0.00143527	0.998207	-0.0598389
-0.719474	-0.621293	0.310407
0.278259	0.960498	0.00402305
0.0172529	0.842197	0.538894
-0.454914	0.656769	0.601422
-0.0882209	0.884875	0.457399
0.351621	0.931011	0.0978801
0.405617	0.875878	-0.261366
-0.458247	0.888113	-0.0355598
0.316008	0.947391	0.050884
-0.0309544	0.918321	0.394624
0.53761	0.783222	0.31231
-0.263902	-0.00630107	-0.964529
0.262841	0.960346	-0.0930091
-0.156709	0.982852	0.0971836
0.0960667	0.990587	0.0975073
-0.3241	0.94508	0.0422263
-0.352206	0.920722	-0.167996
-0.138629	0.790168	0.597007
0.0601901	0.537372	-0.841195
0.0332316	0.938034	-0.344947
-0.070398	0.872134	0.484176
-0.0297668	0.996967	-0.0719024
-0.608933	0.0816989	-0.789003
0.237107	0.958175	0.160255
