3400
-0.0478492	-0.985235	-0.164387
0.198706	-0.946411	0.254601
-0.548392	-0.835435	-0.0362494
-0.013847	-0.997343	0.0715266
-0.00882424	-0.998419	0.0555166
0.0159176	-0.951724	0.306543
0.394157	-0.857843	-0.329767
0.0300841	-0.880936	-0.472277
-0.00490626	-0.999375	0.0350137
-0.397418	-0.805616	0.439365
-0.0785463	-0.912712	0.400984
0.00577987	-0.894662	0.446707
0.373618	-0.92676	-0.0390548
0.393533	-0.859427	0.326371
-0.192697	-0.920522	-0.339862
-0.153648	-0.987006	0.047032
-0.340429	-0.938294	0.060925
-0.837707	-0.480228	0.260054
-0.220036	-0.971074	-0.0927318
0.0835388	-0.983772	0.158792
-0.299513	-0.938386	-0.172404
-0.63153	-0.773309	0.0562429
0.45621	-0.882157	0.11692
0.181268	-0.936461	-0.300304
0.285936	-0.809652	0.512546
-0.033618	0.0681573	-0.997108
-0.150054	-0.855252	0.496013
-0.0859751	-0.993538	0.0740961
-0.0135575	-0.981056	-0.193248
0.352986	-0.421449	0.835334
-0.0650284	-0.96751	-0.244325
0.221715	-0.957716	0.183364
0.707145	0.14938	0.691109
0.229543	-0.940043	-0.252248
0.259876	-0.965426	-0.0204019
0.646983	-0.747772	-0.149167
-0.255569	-0.866739	-0.428307
-0.0540135	-0.853792	-0.517804
0.49885	-0.794643	0.345965
0.47057	-0.821851	-0.32113
-0.690775	-0.714217	-0.112802
-0.636973	-0.770221	-0.0320147
-0.248418	-0.835213	-0.49062
0.243356	-0.956864	-0.158711
-0.620172	-0.727491	0.293502
0.517383	-0.819704	-0.245767
-0.486701	-0.798807	0.353595
0.281407	-0.895563	-0.344639
-0.390413	-0.91256	0.121707
0.0281868	-0.613036	0.789552
0.359464	-0.932469	0.0358751
0.750725	-0.640465	-0.161913
-0.804059	-0.594451	-0.0107793
-0.259588	-0.954404	-0.147403
0.41855	-0.907153	-0.043465
-0.233806	-0.957758	-0.167437
0.76145	-0.636786	0.121237
0.284367	-0.810768	-0.511655
0.36466	-0.910491	-0.195009
0.297002	-0.942345	0.154193
-0.246816	-0.949501	-0.193726
0.475478	-0.710298	0.519036
-0.472855	-0.775049	0.419175
-0.215317	-0.876415	0.430739
-0.264791	-0.924447	0.274379
-0.204387	-0.976271	-0.0715612
0.294646	-0.864545	0.407119
-0.422626	-0.901222	0.0958452
0.428606	-0.44028	0.788955
0.138582	-0.907859	0.39571
0.0201647	-0.895279	0.44505
-0.632516	-0.758961	-0.154601
0.224242	-0.973232	0.0503465
0.347945	-0.937514	0.00166508
0.620694	-0.279551	0.732523
0.158746	-0.949421	0.270925
-0.0525614	-0.92639	-0.372879
-0.547413	-0.70322	0.453674
-0.711744	-0.276148	0.645881
-0.0707201	-0.963772	0.257183
-0.377122	-0.895914	0.234768
-0.386962	-0.898765	-0.206109
-0.470732	-0.789411	-0.394008
0.176237	-0.982848	0.0543106
0.256053	-0.777594	0.574268
0.612471	-0.698933	0.369287
0.00360222	-0.974478	-0.224455
0.439547	-0.870775	0.220338
-0.165704	-0.853561	0.49394
0.0182741	-0.999579	0.0225502
-0.695472	-0.417683	0.584687
0.323563	-0.94269	0.0815055
0.258603	-0.755577	-0.601853
0.328882	-0.635152	-0.69887
0.220995	-0.813333	-0.538192
0.252965	-0.797338	-0.547961
0.747193	-0.605488	-0.274021
-0.782324	-0.454691	0.425705
-0.316161	-0.938607	-0.138053
0.00568259	-0.979312	-0.202276
-0.0523775	-0.701257	-0.710981
0.120101	-0.971624	-0.203769
-0.00847418	-0.926424	-0.376387
-0.0348587	-0.991427	-0.125922
-0.0176362	-0.99835	0.0546415
0.235014	-0.810712	-0.536203
-0.362475	-0.91646	0.169447
-0.625245	-0.766767	0.145385
-0.251534	-0.630959	-0.733908
-0.265263	-0.838669	-0.475678
-0.610024	-0.781865	0.128676
0.284982	-0.886488	0.364589
0.79567	-0.603126	-0.0561045
0.10284	-0.994616	-0.0127942
0.671821	-0.60213	-0.431389
-0.193061	-0.89211	0.408494
0.0128064	-0.999038	-0.0419416
-0.242302	-0.952783	-0.183015
0.119605	-0.963574	0.239207
0.839128	-0.452676	-0.301577
-0.662359	-0.513414	-0.545606
-0.171614	-0.979605	0.104512
0.635165	-0.770128	0.0588848
0.596794	0.275396	0.753654
0.780309	-0.619684	0.0843215
0.0528602	-0.829126	0.556558
-0.419852	-0.856106	0.301342
-0.306097	-0.702519	0.642473
0.053809	-0.310974	-0.948894
-0.638841	-0.445006	-0.627576
0.267951	-0.780702	0.564542
0.421033	-0.871147	-0.252655
0.606328	-0.741933	0.286186
-0.172928	-0.935712	0.307471
0.0571958	-0.9978	0.0335225
-0.250967	-0.963767	-0.0903857
-0.344666	-0.890958	0.295633
-0.183843	-0.970479	0.156114
0.557371	-0.66066	0.502858
0.309766	-0.932252	-0.186952
-0.645968	-0.648424	0.402829
0.325692	-0.480495	0.814278
-0.53425	-0.8407	-0.0883194
0.649916	-0.721448	0.239002
-0.391357	-0.835199	0.386371
0.249715	-0.700991	-0.668023
0.319287	-0.800773	-0.506772
0.227808	-0.917838	-0.32508
0.0331021	-0.947324	-0.31856
0.0893317	-0.84388	-0.529042
0.601191	-0.743962	0.291703
-0.17742	-0.978543	0.104762
-0.269023	-0.962127	-0.0440277
0.932892	-0.360149	0.00217579
0.523572	-0.849526	0.0646344
-0.769324	-0.497918	-0.400273
-0.209071	-0.709828	-0.672631
0.0120477	-0.815738	-0.578296
0.696567	-0.717282	-0.0173205
-0.26928	-0.921235	0.28074
-0.483866	-0.841656	-0.239767
-0.187151	-0.973585	-0.130795
0.180562	-0.404993	-0.896314
-0.247218	-0.823774	0.510177
0.217361	-0.941781	-0.256521
0.127336	-0.87221	0.472267
0.302469	-0.947558	-0.103183
0.967447	-0.242355	-0.0728694
0.806062	-0.573641	-0.145604
0.281573	-0.815592	-0.505496
0.152445	-0.962107	0.226077
0.438055	-0.712734	0.54783
0.0386907	-0.973456	-0.225579
0.0297934	-0.982047	0.18627
-0.141487	-0.918927	0.368177
0.522299	-0.822121	0.226539
0.713415	-0.584941	0.385854
0.461851	-0.828394	0.31695
-0.200968	-0.953699	-0.223765
0.212222	-0.895777	-0.390571
0.271988	-0.96173	0.0331526
0.0731428	-0.813974	-0.576278
0.223209	-0.974041	-0.0377132
-0.00031298	-0.997701	-0.067767
0.261291	-0.8372	-0.480441
-0.584826	-0.806417	0.0875792
-0.029251	-0.625026	-0.780056
0.158172	-0.916443	0.367579
-0.561137	-0.750803	0.348454
0.128246	-0.874281	0.468173
-0.462988	-0.846521	-0.262764
0.711428	-0.624016	-0.323223
0.0994924	-0.737452	0.668031
-0.182049	-0.980027	0.0800344
-0.755882	-0.647454	-0.0971882
-0.771886	-0.595908	0.221553
-0.25803	-0.585913	-0.768197
0.091824	-0.995441	0.0257814
-0.204227	-0.975427	0.0826588
-0.554997	-0.764132	-0.328756
-0.0685699	-0.84005	-0.538158
-0.200941	-0.972119	0.12086
-0.178468	-0.9818	-0.0649499
0.236681	-0.828682	-0.507215
0.665774	-0.746114	0.00770169
0.112628	-0.549063	-0.828158
0.557036	-0.418773	-0.717175
0.0416099	-0.965788	0.255972
-0.496724	-0.71124	-0.497396
-0.213791	-0.947001	0.239755
0.442046	-0.896898	-0.0129788
-0.726293	-0.657224	-0.201382
-0.882196	-0.420984	0.210956
0.168626	-0.984991	0.0368595
0.414549	-0.897363	0.151288
-0.325236	-0.94536	-0.0226985
0.128089	-0.991144	-0.0350308
0.0103389	-0.969848	-0.243491
-0.407306	-0.331521	-0.850997
-0.854863	-0.498588	0.143595
0.208466	-0.712661	-0.669818
-0.391542	-0.736434	-0.551689
-0.0743176	-0.723705	-0.686096
-0.0114357	-0.213786	-0.976814
-0.139139	-0.81684	-0.559833
-0.544395	-0.790991	-0.279227
-0.594266	-0.804211	0.00963361
0.307843	-0.930337	0.199261
0.427704	-0.894478	0.1303
0.00128166	-0.988482	-0.15133
0.502322	-0.854106	-0.134816
0.0212721	-0.880906	-0.472813
-0.246308	-0.946161	0.21003
-0.210423	-0.977608	-0.00238546
-0.166661	-0.965217	0.201445
0.134465	-0.962591	-0.23524
0.471465	-0.878745	-0.074348
-0.802102	-0.530254	0.274705
-0.252431	-0.90608	-0.339555
0.904409	-0.404277	0.136396
0.104548	-0.230274	-0.967494
-0.107971	-0.97984	0.168094
0.810132	-0.578042	-0.0977422
0.136853	-0.803434	0.579452
0.01173	-0.782095	-0.623049
0.400792	-0.888216	-0.224586
-0.254968	-0.710412	-0.655977
0.47185	-0.859597	-0.196087
-0.0395547	-0.995904	0.0813012
-0.0661974	-0.944492	-0.321795
0.416923	-0.819913	0.392324
0.256879	-0.964986	0.0530566
0.49466	-0.712913	-0.497058
0.0786456	-0.951206	-0.298367
-0.035351	-0.911818	0.40907
-0.45091	-0.882148	-0.135998
-0.467306	-0.817968	-0.335489
0.775467	-0.461534	-0.430857
-0.110524	-0.915972	0.385719
-0.0786554	-0.562392	-0.823122
-0.215176	-0.619737	-0.754735
0.0731985	-0.934897	0.34729
-0.36638	-0.901997	-0.228404
-0.432056	-0.885311	-0.171905
-0.558345	-0.295834	-0.77507
-0.164647	-0.929311	-0.330563
-0.22698	-0.907871	-0.352491
-0.345313	-0.774538	-0.529953
0.421057	-0.906909	-0.0150871
0.0575252	-0.989793	-0.130387
0.22457	-0.848277	-0.479578
-0.418409	-0.278596	-0.864476
0.693399	-0.255345	-0.673792
0.249122	-0.934183	-0.25542
-0.57097	-0.779359	0.258058
-0.397773	-0.857963	0.325078
0.144456	-0.765568	-0.626927
-0.160275	-0.982694	-0.0928679
-0.343397	-0.913047	0.220052
-0.181369	-0.866511	-0.465042
-0.166659	-0.934356	-0.314966
0.215607	-0.823531	0.5247
0.491585	-0.824823	0.279305
-0.189472	-0.981626	-0.0225835
0.0989603	-0.916726	-0.387067
-0.521083	-0.852322	0.0449326
-0.0397256	-0.993347	-0.108088
-0.467099	-0.861718	0.198144
-0.41021	-0.848104	0.335331
0.483184	-0.4268	0.764444
0.100502	-0.650244	0.753049
0.540501	-0.706197	0.457323
-0.255875	-0.942709	0.214075
0.497696	-0.861054	-0.104335
-0.101844	-0.823291	-0.558408
0.940309	-0.318226	0.120627
-0.0998309	-0.9828	0.155364
0.0386859	-0.419701	-0.906838
0.445573	-0.634597	0.631467
-0.233781	-0.972288	-0.00158651
-0.185891	-0.961884	0.200557
0.269999	-0.961257	-0.0555457
-0.139835	-0.606235	0.782896
0.247555	-0.956873	0.152021
0.481597	-0.861704	0.159782
-0.146467	-0.931941	-0.331712
0.172738	-0.918654	-0.355298
0.13713	-0.983993	-0.113814
0.095693	-0.975148	0.199825
0.163637	-0.921165	0.353098
0.805222	-0.487367	-0.337773
-0.77356	-0.630064	-0.0680013
-0.151564	-0.974574	-0.165027
0.0816613	-0.805853	-0.586457
0.998631	-0.0441732	-0.0280294
0.466756	-0.729702	0.499673
0.212224	-0.778751	0.590345
-0.298937	-0.833933	0.463889
-0.408551	-0.911988	0.0369402
-0.202818	-0.965139	-0.165444
0.37983	-0.886794	0.263297
-0.467341	-0.86166	0.197825
0.200979	-0.941366	0.270995
0.217361	-0.737775	0.639095
0.0874188	-0.557923	-0.825276
-0.0586361	-0.549592	0.833373
-0.92236	-0.157776	-0.352644
0.392658	-0.887878	0.239775
-0.0652222	-0.99302	-0.0982739
0.240094	-0.963791	0.116023
0.276135	-0.959884	0.0487122
0.431853	-0.8672	0.247924
0.128763	-0.988678	-0.0770385
-0.621167	-0.539844	-0.568085
-0.201257	-0.833826	-0.514033
-0.0369564	-0.9818	-0.186287
-0.297714	-0.889709	-0.346099
-0.541558	-0.640596	0.544382
0.558724	-0.826515	0.0685583
0.186661	-0.747457	-0.637546
-0.316798	-0.882958	0.346444
-0.0132716	-0.997677	-0.0668095
-0.377086	-0.925912	0.0221857
0.30085	-0.906763	0.295417
-0.0412937	-0.99856	0.0342376
-0.171316	-0.708324	-0.684783
0.213704	-0.724894	0.654873
-0.721943	-0.197101	-0.663287
-0.333229	-0.91688	-0.219748
0.600367	-0.454175	0.658244
0.287272	-0.838113	0.463726
0.155604	-0.973282	0.168847
0.220162	-0.626425	0.747744
0.554159	-0.80076	0.227358
-0.0964398	-0.919398	0.381321
0.0250748	-0.617443	0.786216
0.561091	-0.80957	-0.172549
-0.256271	-0.878466	0.403266
0.0984858	-0.686034	0.720873
-0.0181639	-0.979478	-0.200732
-0.000614836	-0.97717	-0.212458
-0.229854	-0.814811	0.532212
0.0980801	-0.884109	0.456871
-0.00224396	-0.999976	-0.00653682
-0.369713	-0.775546	0.511705
-0.646409	-0.669078	0.366729
0.130857	-0.988051	0.0814319
-0.273962	-0.960465	-0.0495249
0.11891	-0.992735	-0.0183826
0.0034469	-0.782131	0.623105
-0.0411372	-0.912053	0.408004
0.261246	-0.964519	-0.0381202
-0.347982	-0.923031	0.164079
0.316115	-0.740573	0.592978
-0.087761	-0.993496	0.0725482
0.644863	-0.763101	-0.0427491
0.569924	-0.762207	0.306963
0.414549	-0.909919	-0.0140605
-0.327707	-0.919275	0.21804
0.0510971	-0.897368	0.438316
0.121829	-0.632638	0.764805
0.0101165	-0.599094	0.800615
0.553718	-0.827771	0.0905048
-0.443617	-0.725147	-0.526655
-0.514498	-0.857389	-0.0132627
0.114172	-0.906881	0.405624
0.303185	-0.482681	-0.821643
0.411717	-0.747968	0.520608
-0.455359	-0.889459	0.0388603
0.275355	-0.740928	-0.61254
0.655418	-0.679731	-0.329231
0.294486	-0.719706	0.62873
0.383753	-0.893051	0.234932
0.943877	0.0032242	-0.330282
0.972428	-0.202018	0.116497
-0.317903	-0.916362	0.243349
-0.0438162	-0.658143	0.751617
-0.341989	-0.840812	-0.419618
-0.806043	-0.445114	0.390088
0.0058039	-0.936957	0.349396
0.454102	-0.8529	0.25759
-0.755896	-0.644787	0.113453
0.75906	-0.638007	-0.129518
-0.46118	-0.801814	0.38001
-0.101574	-0.950438	0.293855
0.0883933	-0.994899	-0.0486017
0.644769	-0.713696	0.273698
0.0468764	-0.98946	-0.137013
-0.265631	-0.845292	0.463597
0.257465	-0.637272	-0.726358
-0.331882	-0.259557	-0.906909
0.324738	-0.918737	0.224651
-0.261855	-0.961513	-0.0832196
0.227899	-0.910575	0.34484
0.215779	-0.644007	0.733958
-0.598152	-0.774523	-0.205739
-0.0476569	-0.661763	0.748197
-0.0255035	-0.997476	-0.066268
-0.132063	-0.681576	0.719732
0.436027	-0.851552	-0.291101
-0.57723	-0.573318	-0.581474
-0.380733	-0.705151	0.598168
-0.522262	-0.774332	-0.357284
-0.696078	-0.682535	0.222759
0.0712856	-0.99518	-0.0673472
0.718126	-0.627552	0.300788
-0.0865303	-0.84204	-0.53243
-0.495054	-0.868451	0.0267346
0.0542502	-0.767229	0.639075
-0.457503	-0.807005	-0.373409
-0.657166	-0.509937	-0.555065
-0.858194	-0.450752	-0.245613
0.420193	-0.894426	-0.153097
0.373434	-0.505738	-0.777674
-0.677862	-0.63629	-0.368291
-0.405161	-0.914216	-0.00735642
-0.95293	-0.288861	0.0921042
-0.191224	-0.977354	-0.0906279
0.200623	-0.937665	0.283787
-0.179031	-0.817825	-0.54691
-0.723915	-0.679285	-0.120492
0.0811481	-0.971269	-0.223722
-0.55451	-0.782053	0.284449
0.148475	-0.767775	0.623279
0.0469977	-0.722332	0.689948
0.00888676	-0.99319	-0.116165
-0.241858	-0.907533	0.343348
0.516395	-0.599871	0.611139
0.132271	-0.976925	0.167699
0.266761	-0.861103	-0.432828
0.639842	-0.720818	-0.266502
0.598573	-0.689268	0.40819
0.5986	-0.80038	0.0327035
-0.0532228	-0.990378	0.127749
-0.227271	-0.967429	-0.111484
-0.0431209	-0.964662	0.259938
0.383607	-0.859294	-0.338319
0.0178655	-0.516223	-0.856268
-0.242832	-0.660207	0.710746
-0.0724324	-0.987852	0.137483
-0.877728	-0.244453	0.412113
0.341856	-0.91831	-0.199603
0.300615	-0.950883	0.0738365
-0.356197	-0.693941	-0.625756
0.0635816	-0.913101	-0.402744
0.0176128	-0.665941	0.745796
0.337355	-0.931699	0.134645
-0.0962915	-0.993772	0.0560887
0.289805	-0.904394	-0.313185
0.146564	-0.762162	0.630577
0.446628	-0.856553	0.258535
-0.349718	-0.836847	-0.421169
0.591021	-0.720968	-0.3618
-0.389108	-0.892242	0.229129
-0.451856	-0.837251	0.307957
-0.77156	-0.635878	0.018802
-0.0717885	-0.94591	-0.316385
0.0136675	-0.997372	-0.071152
0.661257	-0.740071	0.122616
-0.254157	-0.861691	0.439195
-0.0421236	-0.998318	-0.0398434
0.297095	-0.922637	0.245917
0.492467	-0.583131	0.646092
-0.708724	-0.501291	-0.496405
0.340465	-0.757775	0.556651
-0.594839	-0.777953	-0.202377
-0.251852	-0.90649	-0.338891
-0.281294	-0.959619	-0.00227528
0.167887	-0.927747	-0.333316
0.491518	-0.614244	0.617345
-0.995855	-0.0388494	0.0822442
-0.216495	-0.92155	0.322298
-0.254393	-0.658208	0.708552
0.177761	-0.653446	-0.735806
0.588453	-0.743653	0.317338
0.10282	-0.991281	0.0824046
0.823553	-0.556131	0.111704
-0.149488	-0.988648	-0.0151408
0.335101	-0.933234	-0.129543
0.466831	-0.201177	-0.86116
0.108845	-0.907217	-0.406336
0.139664	-0.829434	-0.540864
-0.0526522	-0.931626	-0.359585
-0.297023	-0.87798	-0.375405
0.0227598	-0.975589	0.21842
-0.211586	-0.960662	-0.179887
-0.680649	-0.580797	0.446534
0.448127	-0.882085	-0.145289
0.101634	-0.939606	-0.32682
0.108389	-0.777531	-0.619432
0.168352	-0.972285	-0.162231
0.0148016	-0.980377	-0.196577
0.103108	-0.203523	0.973626
0.100338	-0.777556	0.620757
0.139411	-0.989347	-0.0419175
0.768769	-0.5089	-0.387316
-0.418559	-0.767734	-0.485172
0.224987	-0.801254	0.554413
-0.27109	-0.826385	0.493557
0.284047	-0.925238	-0.251501
0.782134	-0.393324	0.483283
0.398489	-0.906128	0.141909
0.175842	-0.948403	0.263841
-0.546728	-0.774024	-0.319337
0.0465296	-0.913917	-0.403225
-0.470837	-0.847575	-0.244803
0.832022	-0.537965	-0.135399
0.460789	-0.880595	-0.11057
-0.348966	-0.932115	-0.0968727
-0.511955	-0.852381	-0.106531
0.419558	-0.867826	-0.266176
0.482803	-0.740669	-0.467236
0.0237649	-0.975038	0.220765
-0.0574961	-0.98373	-0.170206
0.261473	-0.774974	0.575367
0.642938	-0.743564	0.183692
-0.500371	-0.851621	-0.156111
0.15867	-0.769526	0.618591
0.210751	-0.907955	-0.362218
0.154497	-0.910073	-0.384575
-0.802406	-0.511993	-0.306607
-0.555886	-0.585581	-0.589987
0.352974	-0.791994	-0.498152
0.163714	-0.942247	-0.29218
0.0845421	-0.941124	0.327319
0.487203	-0.79756	-0.355713
0.731462	-0.610228	-0.304278
-0.409098	-0.912201	0.0229896
-0.0933295	-0.9318	-0.350769
-0.104285	-0.953055	0.284272
0.168733	-0.924122	-0.342822
0.192482	-0.94575	-0.261741
0.227643	-0.961716	-0.152584
0.183668	-0.97294	-0.140191
-0.0642666	-0.907026	-0.416141
-0.205414	-0.950987	-0.231145
-0.173252	-0.9826	0.0669388
0.434149	-0.82513	0.36149
-0.103879	-0.994504	-0.0130418
-0.198026	-0.904457	-0.377815
0.0798337	-0.576552	-0.813151
0.448435	-0.886367	-0.115151
-0.761439	-0.646259	0.0505866
0.383306	-0.915393	-0.123016
-0.83926	-0.540427	0.05984
-0.182514	-0.915676	-0.358087
0.438279	-0.699146	-0.564895
-0.0113788	-0.852196	-0.523098
0.422238	-0.89273	0.15732
-0.445457	-0.70673	-0.549637
-0.0111131	-0.618157	0.785976
-0.441252	-0.894916	-0.0664932
0.422781	-0.57712	-0.698705
-0.0657239	-0.85773	0.509881
-0.318805	-0.947178	0.0348872
0.0138468	-0.999899	-0.00305944
0.616423	-0.772238	-0.153857
0.760911	-0.648497	0.0216048
0.0951439	-0.767754	0.633641
0.550231	-0.605453	0.575042
-0.34274	-0.884945	0.315281
-0.392449	-0.737655	-0.549408
0.794371	-0.499393	0.345805
0.0181443	-0.980227	-0.197044
0.264422	-0.923359	-0.27837
-0.180132	-0.558834	-0.80948
0.583714	-0.806625	-0.0929213
0.491171	-0.845445	0.209698
-0.412737	-0.859269	-0.302169
0.188248	-0.845348	-0.49995
0.461549	-0.834537	-0.300865
0.181055	-0.97069	-0.158052
0.395601	-0.891542	0.220573
0.176387	-0.800116	0.573325
0.74504	-0.664754	0.0549301
-0.066719	-0.995892	-0.0612155
-0.525903	-0.798718	0.292362
-0.425615	-0.88763	0.175966
-0.0249501	-0.96257	-0.269883
-0.0955278	-0.979598	-0.17681
0.482695	-0.871458	0.0869799
0.687666	-0.676112	-0.264554
-0.238285	-0.944229	-0.227272
0.464331	-0.80183	0.376119
-0.54009	-0.841595	-0.00456448
0.181557	-0.983326	-0.010327
0.407424	-0.891912	0.196211
0.861807	-0.507227	0.00312719
-0.0649694	-0.950587	-0.303583
-0.175883	-0.941157	-0.288596
-0.0623793	-0.857184	0.511219
0.052628	-0.932065	0.358448
0.168835	-0.985644	0.00113825
-0.144399	-0.984807	0.0964619
0.28605	-0.860136	0.422305
0.0533611	-0.871972	-0.48664
0.0160278	-0.959288	0.281975
0.663879	-0.696957	-0.271139
-0.134635	-0.784463	0.605385
0.459865	-0.820326	0.339984
-0.201718	-0.896428	-0.394622
-0.143735	-0.781982	-0.606501
0.299614	-0.94719	-0.114289
-0.037932	-0.996866	0.0694229
-0.137857	-0.763822	0.630532
0.0194155	-0.773286	-0.633759
0.093072	-0.982366	-0.162156
0.229925	-0.972995	0.0203577
0.0223626	-0.962402	0.270708
0.0273346	-0.973457	0.22723
0.616729	-0.775863	-0.132969
0.0314982	-0.647108	0.761747
0.500917	-0.522122	-0.690268
0.634872	-0.772025	0.030242
-0.13823	-0.986768	-0.0847426
0.28775	-0.932649	-0.217637
0.0545916	-0.996828	-0.0579103
0.433883	-0.887048	0.15777
-0.359675	-0.752374	0.551876
0.0958639	-0.979351	0.177996
-0.577998	-0.786937	0.215983
0.121226	-0.892607	0.434232
0.228249	-0.936016	0.267912
-0.00161653	-0.815865	-0.57824
-0.0878461	-0.936232	0.340225
-0.243888	-0.865164	0.43819
0.552288	-0.833367	-0.021867
0.387298	-0.812112	0.436434
0.330455	-0.809875	0.484667
0.0560213	-0.760071	0.647421
-0.206735	-0.768721	0.605251
-0.00148858	-0.992453	-0.122613
-0.259075	-0.905716	0.335498
-0.0228098	-0.995827	0.0883633
0.340721	-0.932025	0.123444
0.304986	-0.952041	-0.0245103
0.0387634	-0.971778	-0.23269
-0.755795	-0.490637	-0.433646
-0.410438	-0.792114	-0.45177
0.419341	-0.833822	0.359017
-0.189321	-0.981018	-0.0419726
-0.0455656	-0.989937	0.133976
0.340838	-0.856172	-0.388327
-0.217669	-0.967869	0.125898
0.186794	-0.980053	0.0678516
-0.589695	-0.79614	0.135727
-0.740112	-0.536262	0.40578
-0.545945	-0.748868	0.375687
0.767656	-0.64009	0.0314523
0.0368976	-0.933108	-0.357699
-0.655248	-0.752001	0.0717236
0.309461	-0.892924	-0.326986
-0.228307	-0.957101	-0.178422
0.143656	-0.452001	0.880374
-0.136779	-0.99022	0.0275034
-0.0365127	-0.986601	-0.159016
0.188487	-0.982029	-0.00958954
0.103413	-0.945171	-0.309769
-0.4281	-0.766194	-0.479247
-0.187469	-0.878577	-0.439269
0.575973	-0.36985	0.729017
0.38233	-0.923987	0.00849693
-0.14639	-0.888887	0.434108
-0.309213	-0.929735	-0.19995
0.323364	-0.878512	0.351642
-0.184913	-0.962523	0.198387
-0.31254	-0.855726	-0.412373
0.356965	-0.931328	-0.0721357
0.423034	-0.661237	-0.619522
-0.231307	-0.882	-0.410577
0.358966	-0.922724	-0.140445
0.0220414	-0.997784	0.0627738
0.142398	-0.842657	-0.519281
-0.627363	-0.578565	0.521227
0.833955	-0.210892	-0.509944
0.366044	-0.622836	-0.691438
0.230521	-0.972996	0.0117587
0.236211	-0.959899	0.150994
0.314135	-0.94379	-0.102854
0.229236	-0.705546	-0.670564
-0.779542	-0.621116	0.0808039
0.477168	-0.850291	-0.222074
-0.154788	-0.926992	-0.341652
0.367411	-0.830919	0.417831
-0.192308	-0.891188	0.410854
0.48368	-0.81671	-0.314703
0.182155	-0.978035	-0.101329
0.416035	-0.771391	0.481529
0.312896	-0.0437692	0.948778
0.667533	-0.683412	0.295548
0.443328	-0.829284	0.340219
0.525143	-0.847279	0.079646
0.465419	-0.874535	0.136287
0.178904	-0.973959	0.139274
0.252281	-0.943734	0.213824
0.419021	-0.898478	0.130994
0.492965	-0.855596	0.157928
-0.451191	-0.735144	-0.505954
0.140021	-0.947763	-0.286601
-0.108703	-0.985306	0.131738
0.0170472	-0.990818	0.134126
0.311003	-0.9386	-0.149358
-0.374971	-0.838551	0.395257
-0.121792	-0.712249	-0.691281
0.133637	-0.990639	-0.0278633
-0.191544	-0.979722	-0.0587888
0.247643	-0.643757	-0.724051
0.290618	-0.938206	-0.187909
0.216654	-0.903393	-0.370056
-0.448054	-0.843197	0.297097
0.217357	-0.966134	0.139069
0.33325	-0.914739	0.228468
-0.349017	-0.781855	-0.516614
-0.570334	-0.801985	-0.177594
0.189927	-0.908211	-0.372936
0.464479	-0.878578	0.111176
-0.348907	-0.929233	-0.121611
0.520114	-0.820801	0.236152
0.843941	-0.421129	0.332286
0.36091	-0.815662	0.45215
-0.817489	-0.0931822	0.568357
-0.167344	-0.876562	0.45126
0.26758	-0.607786	-0.747661
-0.406176	-0.913478	-0.0240737
-0.543299	-0.836689	-0.0691223
0.153622	-0.985994	-0.0649273
0.187979	-0.934255	0.303038
-0.0363991	-0.641361	0.766376
-0.104971	-0.805964	-0.582583
-0.0197135	-0.86749	-0.497064
0.290181	-0.787314	-0.543995
0.112497	-0.747718	0.654417
0.121044	-0.87544	-0.467924
0.31537	-0.87929	0.356918
-0.194588	-0.915845	0.35123
-0.0955153	-0.952121	0.290419
0.04924	-0.970969	0.234082
0.339061	-0.885064	-0.318903
-0.00036935	-0.991311	0.131538
-0.551081	-0.65747	-0.513851
0.0381721	-0.974235	-0.222283
-0.517387	-0.742616	-0.425244
0.0582098	-0.91601	0.39691
0.524088	-0.750907	0.401834
0.580973	-0.813234	-0.0334733
-0.104605	-0.72173	0.684225
0.413272	-0.909976	-0.0339124
-0.0748678	-0.957962	-0.276956
0.0158534	-0.446982	0.894403
-0.414358	-0.891517	0.183042
-0.230029	-0.958386	0.169062
0.24745	-0.847279	0.469986
-0.157686	-0.963066	0.218263
0.379206	-0.904504	-0.195128
0.0339515	-0.999405	-0.00601156
0.354014	-0.73734	-0.575329
0.433021	-0.859815	0.270574
0.379865	-0.917453	-0.118248
0.105398	-0.952997	0.284056
0.0763057	-0.922676	0.37795
0.288888	-0.860671	0.419271
0.328121	-0.57322	-0.750837
0.364817	-0.931024	0.0101389
-0.450853	-0.871977	-0.190755
0.726432	-0.624439	-0.287007
-0.0553823	-0.983611	0.171585
0.103837	-0.982049	0.157472
0.327874	-0.942865	0.0591947
0.12395	-0.932648	0.338828
-0.231625	-0.866302	-0.442573
-0.141075	-0.927583	0.34596
-0.62149	-0.768591	-0.151715
0.199256	-0.781227	-0.591592
0.652826	-0.743513	-0.144938
-0.563158	-0.824252	-0.0588426
-0.562125	-0.819473	-0.111711
0.460708	-0.62111	0.634012
-0.485765	-0.866071	0.118124
0.317617	-0.903874	-0.286585
0.461813	-0.886243	0.0360739
-0.236567	-0.940721	0.243062
0.206813	-0.83665	-0.507194
-0.593002	-0.797846	-0.108587
0.440996	-0.880282	-0.175001
-0.267636	-0.910391	-0.315531
0.355824	-0.802995	-0.478109
-0.132363	-0.933914	-0.33209
0.12713	-0.968329	-0.214887
0.178783	-0.754553	-0.631416
0.434561	-0.873553	-0.21923
0.452737	-0.634425	0.626525
-0.00835982	-0.901293	-0.43313
-0.213721	-0.919762	0.329182
-0.201	-0.872171	0.446001
0.205752	-0.957714	0.201121
-0.0713951	-0.986805	-0.145324
0.214047	-0.845656	0.488927
0.276129	-0.949299	-0.150281
-0.175774	-0.798683	0.575507
0.297946	-0.938749	-0.173145
-0.156418	-0.931528	-0.328312
0.31376	-0.912758	-0.261588
0.0993914	-0.987481	0.122485
-0.082932	-0.975466	0.203932
-0.525657	-0.648174	0.550958
0.0461568	-0.467448	-0.882815
0.356215	-0.920366	-0.161359
-0.486016	-0.551219	-0.678193
-0.389161	-0.623312	-0.67826
-0.128578	-0.953199	0.273641
-0.331881	-0.936428	-0.113828
0.291084	-0.939145	0.182421
0.0462008	-0.954776	-0.293714
-0.0117184	-0.998893	0.0455523
-0.224033	-0.920177	0.321067
0.152158	-0.983639	0.0964521
0.591034	-0.763686	0.259734
-0.141401	-0.98934	0.0348082
0.0782768	-0.784446	0.615238
-0.250117	-0.958744	0.135099
-0.262557	-0.963008	-0.0606623
0.129528	-0.767298	-0.628074
0.530238	-0.807623	0.258057
-0.56403	-0.822731	-0.0706009
-0.397597	-0.916974	-0.0327953
0.445602	-0.827932	-0.34054
0.408736	-0.861055	-0.302523
0.0223673	-0.997928	-0.060331
0.0963112	-0.964673	0.245213
-0.131596	-0.571411	-0.810044
-0.473422	-0.863924	-0.171775
-0.75576	-0.577991	0.307819
-0.0950987	-0.840343	0.533647
0.163881	-0.840632	-0.516218
-0.0554361	-0.829376	-0.555933
0.124489	-0.826433	0.5491
0.111581	-0.918396	-0.379604
-0.375743	-0.902101	-0.212205
-0.373564	-0.600258	0.707206
0.217368	-0.717698	-0.66156
-0.304889	-0.525875	-0.794039
0.246095	-0.964771	-0.0930243
0.124044	-0.99124	0.045338
-0.269936	-0.807413	-0.524613
0.0743061	-0.865595	-0.495201
0.354933	-0.702539	0.616816
0.0504903	-0.80559	-0.590319
-0.134028	-0.973786	-0.183787
-0.0243073	-0.964422	0.263246
0.0138844	-0.962819	0.269792
-0.344713	-0.794635	-0.499729
0.0178568	-0.754867	-0.655635
-0.270763	-0.905983	0.325397
-0.143405	-0.646311	-0.749478
0.549869	-0.724143	0.416245
0.34365	-0.918657	0.194871
0.307743	-0.887802	-0.342201
-0.659722	-0.750562	0.0377155
0.34162	-0.833445	-0.434355
-0.630293	-0.770097	0.0983928
-0.26235	-0.95755	0.119462
0.0726139	-0.971645	0.225017
-0.148268	-0.983541	0.103267
-0.354528	-0.929141	-0.104909
-0.00359022	-0.925843	-0.37789
0.539112	-0.842102	-0.0149309
-0.644545	-0.758505	0.0960829
-0.178971	-0.931162	-0.317658
0.0437691	-0.954756	-0.294153
-0.764956	-0.627743	-0.144159
-0.24059	-0.906054	-0.348112
0.0511407	-0.998547	0.0169805
0.537128	-0.773328	0.336833
-0.593806	-0.798069	0.102374
-0.119277	-0.961295	-0.248363
0.493748	-0.820862	0.28705
0.00256969	-0.992322	0.123652
0.0147212	-0.815708	-0.578276
-0.0333824	-0.999409	-0.0082195
0.55649	-0.795135	0.240997
-0.378881	-0.92382	0.0548204
0.415571	-0.909328	-0.0205847
0.424904	-0.905229	-0.00414818
-0.43519	-0.43563	-0.787932
0.354236	-0.778431	-0.518229
0.559992	-0.815819	0.144388
0.199469	-0.959556	-0.198656
-0.715821	-0.692045	0.0931381
0.623	-0.726514	-0.289911
0.844597	-0.333779	-0.418626
0.0524794	-0.956064	-0.288422
0.203314	-0.943606	-0.261286
-0.0716281	-0.870518	-0.486896
-0.132299	-0.930911	0.340444
-0.264201	-0.94957	-0.168862
0.20174	-0.696807	0.688303
-0.180704	-0.953575	-0.240916
0.219945	-0.975511	0.00185282
0.0842225	-0.789502	-0.607941
0.0500161	-0.967557	0.247651
0.268728	-0.963211	-0.00315109
-0.739448	-0.661509	-0.124989
0.205772	-0.954376	-0.216388
0.122771	-0.987593	0.097918
0.372443	-0.888627	0.267635
0.273169	-0.828698	0.488506
-0.0740877	-0.99306	-0.0913408
0.0327159	-0.763905	0.644498
-0.187292	-0.946307	-0.263485
0.197414	-0.637965	-0.744331
-0.436998	-0.76973	-0.465348
0.406422	-0.905521	0.121874
-0.640834	-0.695702	-0.324547
0.393825	-0.793408	-0.464119
-0.342931	-0.855498	0.387972
0.177505	-0.827414	0.532802
-0.195974	-0.980259	0.0261848
-0.178107	-0.980967	0.0773452
-0.738127	-0.674637	-0.00578968
-0.300302	-0.93365	-0.195234
0.0518682	-0.989067	-0.138044
0.00659435	-0.96102	-0.276401
-0.213549	-0.976932	0.000719275
-0.278832	-0.684813	-0.673264
0.163105	-0.976208	-0.142882
-0.528263	-0.838921	-0.130956
-0.311663	-0.914002	0.259744
-0.316132	-0.61512	0.722279
0.310531	-0.890152	-0.333467
-0.495482	-0.524663	0.692261
-0.143528	-0.969276	0.199757
-0.198349	-0.967321	0.157951
0.920705	-0.275336	0.276572
-0.510892	-0.71149	-0.482463
-0.500028	-0.858626	-0.112842
0.403288	-0.915071	0.00178555
-0.136045	-0.908646	-0.394784
0.128427	-0.991718	0.0015763
-0.458264	-0.887146	-0.0544614
0.468835	-0.863164	0.187459
0.424711	-0.731679	-0.533166
-0.845141	-0.529523	-0.07309
0.160266	-0.975834	-0.148536
-0.29196	-0.544742	0.78614
-0.22499	-0.892965	0.389863
-0.221853	-0.965185	0.138565
0.448727	-0.839712	0.305823
0.115282	-0.952483	-0.281933
0.355917	-0.924766	0.134654
-0.242962	-0.951843	-0.186986
0.597019	-0.775673	-0.204694
-0.508692	-0.797756	0.323756
0.16132	-0.965303	0.205344
-0.472445	-0.585995	0.658336
-0.18474	-0.934229	-0.305103
0.0775383	-0.915121	-0.395654
0.492287	-0.849555	0.189497
-0.482308	-0.85989	0.167237
0.253626	-0.966797	0.0312636
-0.0661303	-0.994052	0.0865276
-0.385522	-0.818026	0.426855
0.189774	-0.937162	-0.29277
0.269853	-0.949414	0.160599
0.472702	-0.853926	0.217629
-0.0708036	-0.874627	0.479598
-0.0949401	-0.74197	-0.663677
0.465105	-0.563848	-0.682461
-0.00487489	-0.990433	-0.137907
-0.172697	-0.949345	0.262525
-0.234135	-0.929143	-0.286136
0.631624	-0.560592	-0.535525
-0.135437	-0.985964	0.0976299
-0.377591	-0.923485	0.0678283
-0.127065	-0.99144	0.0300284
0.505867	-0.624377	-0.59519
0.687334	-0.604016	0.403408
0.111303	-0.824918	0.554185
0.178903	-0.983677	0.0193228
-0.000486842	-0.926097	-0.377286
-0.128549	-0.746889	0.652405
-0.127329	-0.837965	0.530661
-0.487857	-0.833078	-0.260722
-0.329209	-0.930036	-0.163264
0.528274	-0.842046	0.109018
0.207333	-0.928575	0.307833
0.222163	-0.85725	-0.464506
-0.209085	-0.861164	0.463336
-0.197371	-0.979599	-0.0378244
0.358317	-0.802571	-0.476958
-0.682556	-0.676907	-0.275524
0.615909	-0.779973	-0.110892
0.156044	-0.949291	0.272942
0.162061	-0.937264	-0.308663
-0.695619	-0.648043	-0.310086
-0.81653	-0.55729	0.150688
0.602426	0.0828275	-0.793866
-0.424077	-0.879637	0.215398
0.14705	-0.965782	0.21364
0.159479	-0.987032	-0.0182714
0.171901	-0.985094	-0.00625711
0.145833	-0.985432	0.0875015
0.24044	-0.91487	0.324349
0.300814	-0.94946	0.0896472
-0.594314	-0.763636	0.252291
0.161966	-0.978258	0.129532
-0.293253	-0.955983	0.00995475
-0.00951765	-0.598526	-0.801047
0.290349	-0.804175	0.518651
-0.0576233	-0.703204	-0.708649
0.484888	-0.821397	-0.300318
-0.5992	-0.763852	-0.23977
-0.262252	-0.964926	0.0119143
0.284991	-0.684115	-0.671392
-0.525681	-0.835767	-0.158594
-0.288801	-0.94502	0.1534
0.399594	-0.866869	0.298098
-0.259299	-0.96565	-0.0168703
-0.895033	-0.338407	0.290512
-0.0778095	-0.976348	0.201718
-0.394683	-0.812314	-0.429384
-0.0719422	-0.914278	-0.398647
0.625179	-0.780378	0.0127397
0.392038	-0.917563	-0.0662147
0.328943	-0.944177	0.0180922
0.147708	-0.908008	0.39205
-0.142587	-0.840312	0.523016
-0.622224	-0.589086	-0.515573
-0.183263	-0.979382	-0.0850016
0.306541	-0.941146	-0.142398
-0.0222954	-0.996959	0.0746766
-0.304726	-0.931432	0.19894
0.439926	-0.658711	0.610381
0.172525	-0.969496	0.174108
-0.291353	-0.953608	-0.0757928
0.208557	-0.919997	0.331827
0.0458923	-0.968971	-0.242878
0.0192326	-0.992533	-0.120448
-0.311268	-0.841056	0.442423
-0.0197442	-0.806436	0.590992
-0.0985139	-0.957266	0.271915
-0.0510451	-0.917317	-0.394872
0.0853388	-0.995206	-0.0477819
-0.219447	-0.876443	0.428591
-0.212801	-0.843816	-0.492635
0.235737	-0.930009	0.281977
0.527688	-0.830834	-0.176807
0.231528	-0.968358	0.0931506
0.233018	-0.883399	-0.406583
-0.647598	-0.729809	-0.219077
-0.390133	-0.855572	0.340284
0.469021	-0.840725	-0.270554
0.378596	-0.918788	-0.111774
0.382529	-0.799169	-0.463681
0.227522	-0.885061	-0.406081
0.16038	-0.938994	-0.30425
-0.443786	-0.892403	0.0816718
0.184155	-0.977488	-0.102977
0.102886	-0.776668	-0.621451
0.290093	-0.927851	0.234391
0.154362	-0.978197	0.138932
0.140507	-0.978766	0.149247
-0.826302	-0.533742	0.179844
-0.290909	-0.917283	0.271964
-0.677056	-0.728826	-0.102015
0.144775	-0.974605	-0.170836
0.227118	-0.938357	0.260582
-0.14141	-0.977914	-0.153907
0.578852	-0.770426	-0.267158
0.264004	-0.955603	0.13086
-0.3572	-0.927708	0.108476
-0.058618	-0.812962	0.579358
0.423634	-0.863567	0.273471
-0.327464	-0.912088	-0.246704
0.130742	-0.935312	0.328782
0.270465	-0.878195	-0.39449
-0.0116051	-0.992028	-0.125484
-0.275908	-0.902526	-0.330638
0.273897	-0.819606	0.503217
0.548713	-0.813205	0.193939
0.434341	-0.574861	-0.693457
-0.403661	-0.912935	-0.0600668
-0.185881	-0.982046	0.0321419
-0.402596	-0.887938	-0.222447
-0.274111	-0.935926	0.221145
0.0670308	-0.997406	-0.0262189
-0.212198	-0.904514	-0.369901
0.0890188	-0.724124	-0.683901
-0.232273	-0.972446	0.0199743
0.147014	-0.922821	-0.356073
0.524284	-0.84832	0.0740172
0.587233	-0.790683	0.173142
0.0917554	-0.994062	-0.0584953
0.530748	-0.846733	0.0367476
0.0819134	-0.994735	0.0615892
0.547339	-0.728595	0.411788
-0.0285377	-0.698908	0.714642
-0.0138338	-0.942158	-0.334884
0.188156	-0.975091	-0.11745
-0.247374	-0.958622	0.140888
0.00473441	-0.929853	-0.3679
-0.207155	-0.800397	0.56254
-0.132563	-0.903858	0.406777
0.64176	-0.670166	0.372855
0.258729	-0.965819	-0.0159252
0.0863698	-0.979316	0.182978
-0.571074	-0.810962	0.127337
-0.595434	-0.748864	-0.290966
0.206095	-0.927323	0.312406
-0.204836	-0.957944	-0.20096
-0.682843	-0.651871	0.329832
-0.458134	-0.883094	-0.101281
0.578941	-0.743682	0.334312
-0.181683	-0.983	-0.0265076
0.119497	-0.937227	0.327607
-0.562244	-0.729247	0.389975
0.0495294	-0.993744	0.100101
-0.48531	-0.867585	0.108492
-0.121342	-0.984498	-0.126648
0.304774	-0.906978	0.290697
-0.123126	-0.95399	-0.273391
-0.20548	-0.961691	-0.181462
-0.663805	-0.593604	-0.45497
-0.130707	-0.97491	0.180185
0.377144	-0.86691	-0.325928
-0.194318	-0.956171	0.219036
0.180331	-0.983303	0.024402
-0.204776	-0.771076	-0.602917
-0.702594	-0.709744	0.0512359
0.0394961	-0.844995	0.533314
-0.204561	-0.834644	0.511394
0.278562	-0.474001	0.8353
-0.623517	-0.747429	0.229296
-0.191636	-0.959557	0.206218
-0.484567	-0.857033	0.175186
-0.0911931	-0.994958	0.0417376
0.554043	-0.778001	-0.296227
0.090115	-0.747679	-0.657918
0.0561533	-0.997494	-0.0430443
0.371957	-0.916472	0.147398
-0.175981	-0.981361	-0.07721
0.622073	-0.777064	0.0959024
-0.0201935	-0.836659	0.547352
0.294256	-0.952162	0.082468
-0.0224916	-0.850105	-0.526133
0.469134	-0.742242	-0.47853
-0.131116	-0.989453	0.0615783
0.0563996	-0.996706	0.058281
-0.126664	-0.946803	0.295839
-0.097727	-0.991477	-0.0861546
-0.198296	-0.884092	-0.423154
0.641013	-0.715926	0.276681
-0.360815	-0.914727	0.181897
-0.217389	-0.971532	0.0941665
0.128415	-0.73889	0.661476
0.257968	-0.879901	0.399032
0.305784	-0.947582	-0.0926552
0.664557	-0.719628	0.201245
0.505845	-0.850255	-0.145561
0.700365	-0.277338	-0.657703
-0.152197	-0.965105	0.213094
0.250374	-0.965925	0.065583
0.143766	-0.984244	-0.10293
0.0258668	-0.888683	0.457793
0.448495	-0.877447	0.170115
0.192323	-0.981202	0.0159322
0.433673	-0.869069	-0.238005
-0.0440579	-0.945464	-0.322735
0.122793	-0.991686	0.0384676
0.059536	-0.989791	-0.129494
-0.275643	-0.711796	-0.64604
0.216841	-0.72013	0.659085
-0.406047	-0.871972	0.273479
0.513531	-0.852592	0.0968109
0.3995	-0.840563	0.36586
-0.0141367	-0.944607	0.327898
-0.132974	-0.869263	-0.47613
0.406978	-0.909168	-0.0882121
0.0069051	-0.981644	0.190598
0.278662	-0.959451	0.0424499
0.229685	-0.972553	-0.037228
-0.075839	-0.996888	0.0215283
0.300058	-0.942287	0.148529
-0.0400642	-0.998087	-0.0470898
-0.0218695	-0.985715	-0.166997
0.441745	-0.698081	-0.563511
-0.0918465	-0.977197	0.191444
-0.380207	-0.482939	0.788805
0.416317	-0.895925	0.154916
0.721334	-0.680025	-0.131313
0.4909	-0.791415	0.364251
-0.0852375	-0.991808	0.0951409
-0.107086	-0.99156	-0.0730904
0.0033336	-0.994804	0.101753
-0.585842	-0.807245	0.0717257
0.0281108	-0.939787	-0.340602
-0.0108196	-0.675605	0.737184
-0.130317	-0.988615	0.0752126
-0.170557	-0.96703	-0.189111
0.202639	-0.963394	-0.175525
0.711843	-0.641974	-0.284868
-0.124596	-0.632424	-0.764537
-0.21945	-0.88114	-0.418849
-0.168868	-0.848676	0.501232
0.0388199	-0.998976	-0.0232257
-0.796412	-0.510376	-0.324415
0.127005	-0.979436	-0.156762
0.144793	-0.955506	-0.256988
-0.475824	-0.760704	-0.441498
-0.729719	-0.657992	-0.185892
-0.291787	-0.897104	-0.331761
0.850217	-0.318405	0.419224
0.402629	-0.915273	-0.0128306
-0.139171	-0.955938	0.258485
-0.0154905	-0.993959	-0.108656
0.248345	-0.900021	0.358172
0.464892	-0.870504	-0.161551
0.572396	-0.69585	0.433768
-0.0463504	-0.9573	-0.285356
0.299012	-0.656518	0.692514
0.560488	-0.778875	0.281438
-0.247462	-0.910077	-0.33245
-0.680163	-0.730251	-0.0641256
0.328151	-0.931886	-0.154612
0.503362	-0.863797	-0.0219412
0.00967789	-0.99879	-0.0482127
-0.0390077	-0.945449	0.323427
-0.359904	-0.915632	-0.179128
0.258648	-0.947896	0.185997
0.257103	-0.935543	0.242191
-0.231667	-0.763596	-0.602703
-0.280349	-0.949922	0.138028
-0.0313266	-0.964194	-0.263341
-0.477555	-0.871126	0.114371
-0.666028	-0.65134	-0.363542
0.500004	-0.749285	0.434244
-0.0194771	-0.985202	-0.170286
0.00336355	-0.927301	-0.374302
-0.499445	-0.771708	-0.393729
0.337198	-0.751315	-0.567294
-0.145099	-0.989279	0.0165132
0.0331419	-0.996425	0.0777149
-0.0772054	-0.856618	0.510143
-0.555524	-0.694217	-0.457664
0.592961	-0.801312	-0.0793532
-0.402778	-0.914998	0.0234169
-0.105106	-0.976556	0.187857
0.487455	-0.87309	-0.0100932
0.104378	-0.74345	0.660596
0.309833	-0.95079	0.00133836
0.2937	-0.499332	0.815112
-0.32725	-0.939298	-0.103088
0.168571	-0.954456	-0.246168
-0.302083	-0.943663	0.135078
0.005432	-0.99288	0.118995
0.000756481	-0.992342	0.123517
-0.794839	-0.593725	-0.125386
-0.465426	-0.830549	-0.305888
0.214627	-0.976644	-0.0100806
0.859414	-0.485293	0.160927
-0.137879	-0.913321	0.383189
-0.111952	-0.977128	0.180798
-0.270617	-0.936323	-0.223754
0.322222	-0.805613	-0.497152
-0.201888	-0.968255	-0.147388
-0.399551	-0.887803	0.228396
0.420643	-0.907118	-0.014013
0.207207	-0.859253	-0.467708
-0.300419	-0.856735	0.41923
0.167036	-0.96442	-0.204922
-0.140829	-0.686073	-0.713772
-0.0749028	-0.99611	-0.046418
-0.213122	-0.967599	-0.135395
-0.155903	-0.976391	0.149516
0.20533	-0.972243	-0.112176
-0.371056	-0.924303	0.0893333
0.0540557	-0.994439	-0.090378
-0.323709	-0.868385	-0.37566
-0.339428	-0.729453	0.593875
0.291705	-0.79639	0.529784
0.300646	-0.350602	-0.886956
0.676251	-0.687942	0.263478
0.640458	-0.679154	-0.358558
-0.164833	-0.981181	-0.100568
-0.294758	-0.852476	0.431744
0.0223635	-0.961517	-0.273834
-0.0995654	-0.982424	0.157894
0.474311	-0.8748	0.0987609
0.102166	-0.991415	0.0815961
-0.455146	-0.882139	-0.121132
0.430187	-0.890312	0.149277
0.339436	-0.934322	-0.108743
-0.186933	-0.976305	0.109018
-0.325487	-0.935278	0.138971
0.233693	-0.965149	0.117789
-0.275881	-0.932233	0.234162
-0.456045	-0.885421	-0.0897292
-0.293692	-0.945754	0.138907
0.562247	-0.600478	0.568599
0.155218	-0.972771	-0.172117
-0.631217	-0.672995	0.385542
-0.483847	-0.853425	-0.193801
-0.25097	-0.967033	-0.0431351
-0.683109	-0.7207	-0.11812
0.374892	-0.884737	-0.276943
-0.17051	-0.87924	0.444817
-0.676079	-0.730866	-0.0935519
0.0790848	-0.604802	0.792439
0.426432	-0.896511	-0.120101
0.125813	-0.953825	0.272742
-0.676173	-0.542399	-0.498591
0.184001	-0.966198	0.180566
0.386096	-0.818737	0.42497
-0.0436098	-0.966172	0.254183
0.23956	-0.797508	0.553708
0.461606	-0.732537	0.50031
-0.507081	-0.811574	0.2902
-0.605141	-0.64931	-0.460653
0.644347	-0.762803	0.0543014
0.372912	-0.913419	0.163104
-0.215826	-0.659489	-0.720065
0.172468	-0.484406	0.857674
-0.126633	-0.976386	0.175027
-0.260543	-0.954983	0.141866
-0.36642	-0.929604	0.0396733
-0.281508	-0.920331	-0.271558
0.641398	-0.76705	-0.0155866
0.432726	-0.754816	0.492952
-0.293504	-0.940722	0.169995
-0.371989	-0.917502	-0.140762
0.0500166	-0.941531	-0.333193
-0.0526651	-0.987154	0.15084
0.244498	-0.834497	0.493797
-0.230939	-0.972308	0.0358285
-0.147278	-0.983323	-0.106705
0.364701	-0.648156	0.668496
-0.243569	-0.950012	-0.195325
-0.479781	-0.577133	-0.660854
-0.449094	-0.755156	0.477551
0.340285	-0.888714	-0.307236
-0.200096	-0.953553	-0.225164
0.990071	-0.139804	-0.0146489
-0.203978	-0.970971	-0.124932
-0.279342	-0.929375	-0.24131
0.516417	-0.855139	-0.0452894
-0.639228	-0.749776	-0.170949
-0.116157	-0.906629	0.405626
0.444732	-0.894227	-0.0507117
0.889574	-0.417673	0.18495
0.588108	-0.788048	-0.181957
0.0659624	-0.923413	0.378096
0.00944724	-0.948357	-0.317065
-0.91669	-0.398558	0.0288232
0.18491	-0.622479	0.760479
-0.292365	-0.908548	-0.298436
0.298751	-0.648924	0.699746
0.496814	-0.841851	-0.210862
0.260965	-0.933633	0.245413
0.385509	-0.762746	0.519232
-0.164673	-0.985757	-0.0341535
-0.126551	-0.700548	0.702294
0.538914	-0.810865	-0.228187
0.484127	-0.732658	0.478365
-0.480142	-0.730672	0.485368
-0.729923	-0.680398	0.0653457
-0.209568	-0.929418	-0.303748
0.588361	-0.794719	-0.149174
-0.0101026	-0.945148	0.326487
-0.430343	-0.747959	0.505335
0.145856	-0.949086	-0.279216
0.0649438	-0.989653	0.127941
0.168492	-0.985146	0.033127
-0.24936	-0.966802	-0.0558037
0.0232483	-0.953513	-0.300455
0.0596248	-0.989773	0.129594
0.332075	-0.926121	-0.178959
-0.0572954	-0.993151	0.101824
0.861482	-0.347876	-0.369908
-0.522834	-0.852431	-0.00252369
0.568154	-0.818125	0.0887223
0.021724	-0.964837	-0.261949
-0.43824	-0.860425	-0.260026
0.290484	-0.953194	-0.083906
-0.226377	-0.931296	0.28538
0.346508	-0.935177	0.0733198
-0.517299	-0.771884	-0.369589
-0.558231	-0.24837	-0.791638
-0.124432	-0.804656	0.580556
0.118548	-0.875437	-0.468568
0.509819	-0.616912	0.599587
0.308825	-0.897585	0.314591
0.495377	-0.86805	-0.0330224
-0.566166	-0.786981	-0.24519
0.0750986	-0.975952	0.204641
0.0740162	-0.996133	0.0473438
-0.617889	-0.732783	0.285031
-0.097779	-0.797774	0.594975
-0.866324	-0.476247	0.150571
-0.435508	-0.900163	0.00628068
0.554624	-0.818467	0.150015
-0.178832	-0.954445	-0.23886
0.0259662	-0.993865	-0.107511
-0.0514929	-0.988773	-0.140274
0.416714	-0.897619	0.143632
-0.0408157	-0.967028	-0.251377
-0.308648	-0.905765	0.290389
0.67683	-0.713284	-0.182011
0.00760981	-0.928669	-0.370831
-0.67453	-0.249387	0.694849
-0.353787	-0.848081	0.394453
0.281404	-0.903672	-0.322782
-0.11375	-0.978044	0.174616
0.339094	-0.928385	-0.15204
-0.0754571	-0.979494	0.186808
-0.853817	-0.512085	-0.0936187
-0.601465	0.0698172	0.795842
0.0868614	-0.772997	0.628435
0.0702955	-0.909515	-0.409684
-0.145489	-0.98845	0.0424177
-0.844605	-0.397236	-0.358952
0.415596	-0.906502	0.0743957
-0.505088	-0.764123	0.401251
-0.354035	-0.928114	-0.115167
0.426717	-0.883764	0.192025
-0.010554	-0.947169	0.320562
0.23151	-0.968801	-0.0884758
-0.281555	-0.927449	0.246099
0.473372	-0.880259	0.0326046
-0.741016	-0.67082	0.029937
-0.353635	-0.729883	0.58499
-0.35155	-0.779918	0.517823
0.0651751	-0.982521	-0.17437
-0.525218	-0.836238	0.157646
-0.749283	-0.662059	0.0158672
-0.119556	-0.988249	-0.0952405
0.190817	-0.900385	0.39102
-0.437482	-0.889349	-0.13292
0.0820067	-0.912895	0.399872
0.23453	-0.930693	-0.280723
-0.446444	-0.826204	-0.343622
-0.145635	-0.987619	-0.0583019
-0.663624	-0.630931	-0.401907
-0.0723653	-0.996738	-0.0357331
0.835503	-0.547214	0.0499166
0.0663275	-0.885406	-0.460062
-0.882568	-0.428112	-0.194407
-0.268269	-0.962137	-0.0482149
0.271244	-0.961693	0.0396602
0.258457	-0.731528	-0.630925
-0.647965	-0.743176	0.166826
0.159654	-0.688621	-0.707327
0.512834	-0.475492	-0.714779
0.0637972	-0.994768	0.0797848
0.646923	-0.739424	0.186392
0.0490683	-0.68952	-0.722603
0.487192	-0.707689	-0.511684
-0.428363	-0.875114	0.225124
-0.437693	-0.896553	-0.0679526
-0.29634	-0.952477	-0.0704941
-0.485635	-0.871037	0.0738445
-0.0325864	-0.998337	0.047548
-0.101125	-0.931653	0.348994
0.640159	-0.763205	0.0878321
-0.339315	-0.807186	0.483028
-0.117625	-0.918166	-0.378334
0.248293	-0.968635	-0.00985844
-0.0757866	-0.719595	-0.690246
-0.561276	-0.398883	0.725163
0.839388	-0.437012	-0.323183
0.092075	-0.896312	-0.433759
0.804012	-0.334496	0.491606
0.0791917	-0.801078	0.593298
-0.252358	-0.927736	-0.274994
-0.549778	-0.768094	-0.328292
0.321328	-0.782472	0.533372
0.0561892	-0.853168	-0.518602
-0.351769	-0.922499	-0.158915
-0.238134	-0.860127	0.451081
-0.306706	-0.943948	-0.122036
0.199561	-0.97782	0.0635869
-0.465662	-0.884706	0.0213215
-0.196364	-0.635406	0.746794
0.0230341	-0.998118	-0.0568239
-0.573765	-0.812479	0.103305
-0.427696	-0.890355	-0.156029
0.139695	-0.830514	0.539196
-0.486056	-0.802452	0.346152
0.33105	-0.87025	-0.364788
-0.700387	-0.542531	-0.463809
-0.373203	-0.909459	0.183312
-0.153485	-0.975274	-0.159009
-0.685618	-0.698142	-0.206217
-0.241838	-0.664867	0.706729
-0.0717032	-0.941302	0.329863
-0.103486	-0.95857	-0.265393
0.307458	-0.949071	0.0687971
-0.149819	-0.986687	0.0632724
-0.375533	-0.918856	0.121152
-0.636036	-0.770269	-0.046306
-0.476697	-0.760407	0.441068
-0.629196	-0.475235	-0.615031
0.573176	-0.657388	-0.489193
0.18964	-0.887434	-0.420117
0.209255	-0.917039	0.339487
-0.189104	-0.869936	0.455468
-0.153266	-0.944161	0.291668
0.385859	-0.85037	-0.357749
-0.525782	-0.615869	-0.586735
-0.149329	-0.934711	-0.322516
0.227283	-0.96105	0.157239
0.514392	-0.721278	0.463851
0.771151	-0.580978	0.260367
-0.189191	-0.981285	-0.0358645
0.137615	-0.981566	-0.132628
0.175443	-0.984447	-0.0091383
0.220568	-0.956494	0.190969
-0.498134	-0.818006	-0.287624
-0.263804	-0.953525	0.145593
-0.137918	-0.723635	0.676263
-0.0211997	-0.988683	0.148511
0.531382	-0.734698	-0.421726
-0.525372	-0.830714	-0.184117
-0.771119	-0.605846	-0.195769
0.618372	-0.784676	-0.0435921
-0.642768	-0.748277	0.164109
-0.02435	-0.835189	0.549424
-0.301259	-0.953541	0.00142329
-0.0912942	-0.987988	-0.124676
-0.319096	-0.909628	0.265996
-0.238797	-0.732051	0.638026
0.382495	-0.923014	0.0417487
0.33875	-0.940064	0.0390802
0.309747	-0.928471	0.204937
-0.372072	-0.928163	-0.0087374
-0.598524	-0.73706	-0.313865
0.272088	-0.949653	0.15533
0.353473	-0.92196	0.158259
0.69896	-0.395707	-0.59571
0.105851	-0.98983	-0.095041
0.57457	-0.817231	0.0447467
0.0473936	-0.946031	0.320592
0.105021	-0.991496	0.0768531
0.000319787	-0.995684	-0.092812
0.67429	-0.691626	0.258818
-0.0673878	-0.995178	-0.0712765
-0.164481	-0.983428	-0.0762557
-0.449759	-0.853435	0.263373
-0.983784	-0.113751	0.138671
0.0158107	-0.78293	0.621909
-0.401997	-0.714252	0.572924
0.2149	-0.859397	-0.463956
-0.506755	-0.862089	0.00104723
0.152649	-0.936503	0.315691
0.485826	-0.81025	-0.327825
-0.363813	-0.641215	-0.675636
-0.20522	-0.927688	0.311897
-0.113462	-0.843851	0.524444
0.288368	-0.948898	0.128201
-0.44503	-0.881696	0.156715
-0.364165	-0.916199	-0.167223
0.170725	-0.98451	-0.0399034
-0.286795	-0.950367	0.120629
-0.619459	-0.773297	-0.135211
0.0888496	-0.940228	0.32875
-0.233871	-0.972264	-0.00278726
0.193527	-0.961882	0.193213
-0.202123	-0.963815	0.173799
0.258874	-0.948747	0.181283
-0.943058	-0.327579	0.0577384
-0.110453	-0.993012	-0.0415543
-0.496009	-0.852422	0.165386
-0.371105	-0.927968	0.033998
-0.697138	-0.342051	-0.630079
0.212431	-0.956088	-0.201915
-0.00494429	-0.73755	-0.675274
-0.50601	-0.756268	0.414745
0.491433	-0.831785	-0.258123
0.668307	-0.565107	-0.483755
0.22654	-0.937327	0.264762
-0.20879	-0.883953	-0.41837
0.475778	-0.836461	0.271971
0.188055	-0.973461	0.130417
-0.485489	-0.866985	-0.112411
0.348035	-0.784676	0.512986
0.462589	-0.821176	0.334187
0.110998	-0.961042	-0.253135
-0.288106	-0.94781	0.136572
0.936905	-0.283927	-0.203946
0.11038	-0.991211	-0.0729115
-0.33932	-0.631326	-0.697345
0.345048	-0.699793	0.625485
-0.49792	-0.709388	0.498844
0.611696	-0.72424	-0.318285
-0.440196	-0.78937	0.427929
0.188604	-0.965839	0.177716
0.223117	-0.972335	-0.069163
0.405868	-0.885741	-0.22524
-0.460403	-0.86826	0.184808
0.41177	-0.901651	0.132175
0.493985	-0.863407	-0.102502
0.0692774	-0.972314	0.223173
-0.450912	-0.854957	0.256374
-0.450015	-0.893012	0.00401112
-0.392903	-0.570957	0.720857
-0.286359	-0.947864	-0.139831
0.0976665	-0.429592	0.897726
0.181229	-0.948468	-0.25993
0.598758	-0.781753	-0.174217
-0.0846655	-0.674422	0.733476
-0.338401	-0.933494	-0.118632
0.122625	-0.989964	0.0702427
-0.197854	-0.977412	0.0742897
0.432123	-0.781437	-0.45014
0.362985	-0.931792	-0.00255049
0.254332	-0.536196	-0.804866
0.113827	-0.96093	0.252304
-0.16215	-0.973899	-0.158836
0.436486	-0.893012	-0.109589
-0.214767	-0.786227	0.579416
-0.35621	-0.850381	0.387255
-0.031105	-0.917678	0.396106
0.165033	-0.729843	-0.663395
0.37033	-0.922061	-0.112511
-0.663254	-0.720515	0.202368
-0.627012	-0.452054	-0.634431
0.122061	-0.989254	0.0804884
0.201223	-0.972615	-0.116313
-0.330528	-0.898326	0.289416
0.580525	-0.787596	-0.2066
0.29253	-0.717983	-0.631606
0.0567708	-0.998021	0.0270344
0.140662	-0.964856	-0.221961
-0.515167	-0.848182	0.123247
-0.15341	-0.987509	-0.0359383
-0.335706	-0.941035	0.0418793
-0.103129	-0.933938	0.342234
0.276214	-0.956605	-0.0928091
-0.263129	-0.915038	0.305727
-0.275416	-0.894906	-0.351127
-0.0886291	-0.890734	-0.445799
-0.449908	-0.892366	-0.0355712
0.2063	-0.978328	0.0177356
-0.046542	-0.952673	-0.300413
0.288799	-0.895599	-0.338374
0.265524	-0.857931	-0.439832
0.586488	-0.792623	0.166676
-0.117693	-0.967558	-0.223563
0.0828049	-0.57248	-0.815726
0.417975	-0.908247	-0.0195923
0.133671	-0.922794	0.361362
0.243198	-0.943933	0.223261
0.083876	-0.937609	-0.337423
-0.155567	-0.841147	0.517948
0.0477289	-0.895473	0.44255
-0.314716	-0.853366	-0.415596
0.472716	-0.818602	0.326237
0.264094	-0.854138	0.447999
0.428455	-0.892391	0.141651
-0.287034	-0.932348	0.219863
-0.653855	-0.691764	0.306489
-0.345582	-0.755131	-0.557091
-0.0488174	-0.903835	0.425087
-0.41699	-0.904128	0.0931231
0.495472	-0.866833	-0.0557487
-0.387445	-0.921853	0.0085293
-0.191644	-0.907771	0.373127
-0.42959	-0.871459	0.236668
-0.408157	-0.884643	0.225423
0.611268	-0.756336	0.23304
0.0831049	-0.977721	-0.192757
-0.182328	-0.803047	0.567338
-0.485767	-0.75078	0.447616
-0.08929	-0.996005	-0.000672768
0.521184	-0.847139	0.103552
-0.528809	-0.843073	-0.0979249
-0.333948	-0.85342	0.400192
0.0559472	-0.98515	-0.162328
-0.136194	-0.810203	0.570108
0.679751	-0.730287	0.067969
-0.433913	-0.870698	-0.231526
-0.274461	-0.532787	-0.800506
-0.0126014	-0.938964	0.343785
-0.0322785	-0.977496	-0.208472
-0.0141071	-0.836309	-0.548077
0.259415	-0.56623	-0.78236
-0.571821	-0.796827	-0.195162
-0.474618	-0.830737	0.290884
0.751247	-0.574904	-0.324212
-0.170397	-0.804697	0.568706
-0.653221	-0.707566	-0.269541
0.385278	-0.884089	-0.264476
0.148895	-0.629886	-0.762282
-0.348146	-0.896816	0.272975
-0.784745	-0.619273	-0.0260277
-0.358418	-0.911591	-0.201343
-0.236048	-0.685275	-0.688969
-0.257959	-0.815768	0.517668
0.25571	-0.957117	0.136158
-0.37025	-0.92889	-0.0089098
-0.204071	-0.846836	-0.491146
-0.894928	-0.424707	-0.136852
-0.54241	-0.753318	-0.37189
0.848574	-0.52786	-0.0358599
-0.106494	-0.99121	-0.0784941
0.122039	-0.928175	-0.351564
0.287552	-0.936067	0.202714
-0.0344999	-0.636193	0.770759
-0.0406181	-0.991943	0.119995
0.322065	-0.728844	0.604202
0.509672	-0.758114	0.406813
-0.0587969	-0.984368	-0.166017
-0.038535	-0.900488	-0.43317
-0.0480475	-0.851888	0.521516
0.608269	-0.786817	0.104533
-0.261819	-0.889528	-0.37442
0.245185	-0.963093	-0.111069
-0.378528	-0.660706	-0.648216
0.164476	-0.837242	-0.52151
0.196251	-0.590345	0.782929
-0.449761	-0.607296	0.65491
0.516049	-0.855458	-0.043414
0.217252	-0.933997	-0.283639
-0.384557	-0.870393	-0.307461
0.229312	-0.969829	0.0827568
-0.210735	-0.688476	0.693968
-0.0683715	-0.585665	0.807665
0.0860334	-0.975739	0.201324
-0.232885	-0.971885	0.0347078
0.15817	-0.723902	0.671527
0.112861	-0.985714	0.125022
0.0800196	-0.972286	0.219673
-0.0507753	-0.920082	0.38842
-0.533861	-0.755176	0.380396
-0.774923	-0.514755	-0.366771
0.771475	-0.618806	0.148006
-0.41909	-0.626238	0.657411
-0.0819701	-0.988932	0.123669
0.358491	-0.361221	-0.860816
0.0729954	-0.996852	-0.0309534
0.395433	-0.866475	-0.304718
-0.5376	-0.802007	0.260327
0.0648517	-0.92744	0.368306
-0.332993	-0.728333	-0.598871
0.328706	-0.944012	-0.0281795
0.390424	-0.917288	0.078428
-0.279555	-0.955389	0.0952946
0.0396782	-0.985529	0.1648
0.0305713	-0.930561	-0.364858
-0.130109	-0.97751	-0.165969
-0.1619	-0.967375	0.194866
0.681168	-0.529521	0.505586
-0.147443	-0.987938	0.0473102
-0.455048	-0.78003	0.429517
0.295606	-0.840379	0.454292
-0.10032	-0.975854	0.194024
-0.489819	-0.830326	-0.265774
-0.134613	-0.674559	-0.725844
-0.114165	-0.269839	0.956114
0.0712622	-0.89735	0.435529
-0.0357408	-0.989448	-0.14041
0.27734	-0.960702	-0.0116022
-0.404995	-0.808965	0.426092
0.192248	-0.645274	-0.739366
0.0969079	-0.960531	-0.260746
-0.144964	-0.762129	0.630987
-0.610739	-0.790684	0.0426267
0.0712814	-0.887667	-0.454935
0.249157	-0.84682	-0.469912
0.0572155	-0.875564	0.479703
0.308648	-0.907055	-0.286335
0.282336	-0.922058	0.264754
-0.489	-0.593553	0.639198
-0.41026	-0.895958	0.170134
0.34233	-0.801328	-0.490595
-0.146802	-0.988278	0.0419017
-0.152337	-0.988234	-0.0136782
-0.123057	-0.986649	0.106679
0.0902622	-0.772662	0.628368
-0.292279	-0.711342	0.639191
-0.181777	-0.977155	0.110112
0.926007	-0.377168	0.0159627
-0.658518	-0.746288	0.0970017
0.302951	-0.952932	0.0119125
-0.729553	-0.483055	0.48416
-0.361435	-0.922114	0.138092
-0.381194	-0.918985	-0.100787
-0.16765	-0.985002	-0.0407921
0.100141	-0.985395	0.137725
-0.236407	-0.945469	0.224053
0.174294	-0.951548	0.253332
0.387112	-0.842264	0.375149
0.29286	-0.932411	0.211759
0.186796	-0.945309	-0.267392
0.177209	-0.982983	-0.048381
0.246832	-0.953152	0.174857
-0.564466	-0.769793	-0.297988
0.210611	-0.950923	0.226689
0.505339	-0.851065	-0.142551
0.567124	-0.820218	0.0749189
0.0439993	-0.982164	0.182807
0.179426	-0.792628	0.582706
0.408107	-0.780828	0.473028
0.151646	-0.925368	0.347415
0.00366321	-0.997998	-0.0631429
0.378181	-0.762516	-0.524927
-0.744253	-0.62708	-0.229908
-0.6573	-0.621049	0.426913
-0.693233	-0.580453	-0.427202
-0.320813	-0.9214	0.219321
0.32888	-0.944134	0.0211745
0.423738	-0.683316	0.59458
0.728384	-0.671992	0.13373
0.663277	-0.586816	-0.464447
-0.775834	-0.599348	-0.197138
0.220282	-0.964822	0.143508
0.221765	-0.902717	-0.368675
-0.132958	-0.986597	0.0945935
0.07864	-0.969614	0.231656
0.349963	-0.877838	0.326998
0.111106	-0.920135	0.375509
-0.213585	-0.96967	0.118834
0.0693447	-0.810058	-0.582235
0.0560655	-0.994762	0.0854684
-0.403596	-0.903611	0.143514
-0.123842	-0.989875	0.0693582
-0.589969	-0.807351	-0.0109602
-0.134391	-0.87714	0.461046
0.362922	-0.826754	0.429842
0.56088	-0.823837	-0.0818862
0.581954	-0.773253	-0.251811
0.0386651	-0.998864	0.0278607
0.277585	-0.960573	0.0156856
-0.362848	-0.764422	-0.532916
-0.158527	-0.982814	-0.0945815
0.0632239	-0.997876	0.0156812
-0.145479	-0.985919	-0.0824586
-0.00966634	-0.982211	0.187534
0.376788	-0.803978	-0.460055
0.367997	-0.891675	-0.263617
0.618626	-0.74779	-0.241065
-0.638149	-0.605571	0.475447
0.502171	-0.746357	0.436779
0.447214	-0.866801	0.220581
0.232959	-0.664832	-0.709738
0.116407	-0.975613	0.186087
-0.416275	-0.647736	0.638086
-0.560095	-0.823238	-0.0925903
-0.350956	-0.936296	-0.0134091
0.413915	-0.901155	-0.128815
0.0989993	-0.980702	-0.16859
0.126766	-0.905884	-0.404109
-0.198044	-0.977696	0.0699247
0.264239	-0.804398	-0.532091
0.282962	-0.940596	0.187649
0.372633	-0.727748	0.575785
0.183177	-0.970662	0.15576
0.260037	-0.829714	0.493919
0.351181	-0.881293	-0.316219
0.355701	-0.925508	0.130049
0.749871	-0.576871	0.323904
-0.175943	-0.85592	-0.486256
-0.565696	-0.377845	0.732954
0.188622	-0.934199	-0.30281
0.0210809	-0.663019	0.748306
0.672874	-0.614647	-0.411642
0.468224	-0.883592	-0.00569279
0.785102	-0.48172	0.389308
-0.45141	-0.789534	-0.41577
0.0682888	-0.755327	0.65178
-0.271909	-0.951422	-0.144438
-0.647557	-0.733769	0.205555
-0.172979	-0.870902	0.460008
0.265756	-0.962788	0.0491128
-0.149155	-0.986023	0.0742365
-0.45789	-0.888318	-0.0350423
0.049129	-0.997494	-0.0509208
0.191147	-0.981247	0.0248435
0.149552	-0.973983	-0.170267
-0.144652	-0.961003	-0.235687
-0.212032	-0.582164	0.784938
0.036586	-0.886065	-0.462115
0.728089	-0.581187	-0.363468
-0.0819072	-0.862481	0.499417
-0.0276709	-0.999457	0.0179161
0.254055	-0.790528	-0.557245
-0.0232288	-0.819372	0.572792
0.00968702	-0.879669	0.475487
0.91531	-0.170041	0.365093
-0.154577	-0.976539	-0.149928
0.749704	-0.641368	-0.163069
-0.136015	-0.771846	-0.621091
-0.233355	-0.764582	0.600799
0.284485	-0.744536	-0.603932
-0.108957	-0.917838	-0.381709
-0.0345404	-0.717231	0.695979
0.0545577	-0.906323	-0.41905
0.56944	-0.810172	-0.139134
0.346757	-0.724125	-0.596156
0.465534	-0.829162	-0.309464
0.0581319	-0.997424	-0.0420203
0.00465547	-0.955575	0.294712
-0.00350359	-0.718849	-0.695157
0.291403	-0.953358	-0.0786951
-0.0601327	-0.647314	0.759848
-0.203133	-0.861619	0.465135
-0.00078769	-0.756706	-0.653755
-0.20401	-0.95003	0.236268
-0.214911	-0.969199	0.120278
-0.350223	-0.811916	-0.46705
0.550689	-0.807555	0.211178
-0.500705	-0.865608	-0.00417728
0.304044	-0.920082	0.246993
0.0964247	-0.931002	-0.352047
0.161877	-0.911464	-0.378193
0.254232	-0.851663	-0.458296
-0.548455	-0.742674	-0.384231
-0.184286	-0.961758	-0.202631
0.113839	-0.80683	0.579712
0.223213	-0.966313	-0.128119
-0.0207618	-0.97964	0.199688
0.155804	-0.98767	0.0152421
-0.219011	-0.886574	0.407456
-0.28552	-0.927964	-0.239503
-0.305555	-0.842167	-0.444286
-0.410487	-0.817291	0.404395
-0.137335	-0.853964	0.501881
-0.181385	-0.981846	0.055483
0.373685	-0.923218	0.0896014
-0.180881	-0.933884	-0.308454
0.375428	-0.788892	0.486522
0.0189685	-0.997967	-0.0608516
-0.769151	-0.575217	-0.278447
0.433597	-0.817664	0.378708
0.18412	-0.969448	0.16208
0.394752	-0.613491	0.683959
-0.433564	-0.90067	-0.0285656
-0.200479	-0.954245	0.221867
0.295482	-0.611963	-0.733615
0.753998	-0.632772	-0.176312
-0.438863	-0.865736	-0.240626
0.0856749	-0.991431	-0.0986148
-0.519387	-0.748392	0.412489
-0.112088	-0.958705	-0.261384
-0.441631	-0.881844	0.165268
0.207471	-0.969534	0.130231
0.643581	-0.762831	0.0623888
0.46845	-0.804828	0.364427
0.244989	-0.938927	0.241653
-0.369142	-0.928735	0.0344326
-0.215742	-0.976057	-0.0277118
0.0698551	-0.913092	0.401725
-0.0619685	-0.981718	0.179973
0.823935	-0.565146	0.0417184
0.384619	-0.911171	-0.147768
-0.0703629	-0.997194	0.0255707
0.134037	-0.824565	0.54966
-0.602195	-0.762585	0.236274
0.153086	-0.986891	0.0510886
-0.321618	-0.741381	-0.588996
-0.0793452	-0.991896	-0.099226
0.422717	-0.906096	-0.0173067
0.314437	-0.947457	0.0587725
-0.0528718	-0.851149	0.522255
0.542568	-0.839771	-0.0201165
-0.130794	-0.980294	-0.148045
0.181201	-0.927881	0.325887
-0.0912932	-0.995671	-0.0174862
0.489885	-0.85237	-0.182969
0.178878	-0.965959	0.186883
0.00306147	-0.988905	-0.148519
-0.127669	-0.850077	-0.51095
-0.00893092	-0.997472	-0.0705026
0.302914	-0.924071	-0.2331
0.320876	-0.869895	0.374595
0.416938	-0.902395	0.108837
-0.685142	-0.477241	0.550292
0.146139	-0.513736	0.845411
0.26091	-0.872503	-0.413115
0.0755092	-0.933779	-0.349794
0.654212	-0.733959	0.182514
-0.470439	-0.748848	-0.466813
0.163046	-0.985617	-0.0444407
-0.176491	-0.967153	0.182938
-0.380171	-0.882848	0.275771
-0.171022	-0.913257	-0.369748
-0.252942	-0.963477	0.0879307
-0.633288	-0.493226	0.596385
-0.509822	-0.857037	-0.0746295
0.169144	-0.979216	0.111924
-0.498052	-0.756857	-0.423216
0.0343766	-0.869371	0.492963
-0.231532	-0.898732	0.372389
0.0293908	-0.689073	0.724096
-0.28453	-0.950687	0.123438
0.813443	-0.463109	0.351911
0.249081	-0.865791	0.43401
-0.533582	-0.76211	0.366713
-0.0200749	-0.998497	-0.0510071
-0.0850478	-0.988687	0.123552
0.108586	-0.984159	0.140141
-0.94027	-0.335932	-0.055162
-0.307207	-0.75756	0.575957
0.126487	-0.947223	0.294566
-0.110919	-0.990318	-0.0834675
-0.0827396	-0.990026	0.114031
-0.57864	-0.809605	-0.0985661
0.238318	-0.957511	0.162412
-0.347585	-0.901678	-0.257217
-0.278804	-0.559405	-0.780599
0.371207	-0.904859	0.208413
-0.355725	-0.898995	0.255475
-0.0495986	-0.963426	0.263344
-0.527519	-0.796111	0.296533
-0.0382234	-0.997612	0.0575323
-0.15971	-0.97424	0.159216
0.0301329	-0.969976	0.241326
0.326336	-0.849167	-0.415235
-0.0693726	-0.976758	0.20281
-0.066483	-0.939749	-0.335339
0.549227	-0.81366	0.190544
-0.275701	-0.794827	-0.540591
0.672101	-0.74036	0.0121165
-0.487485	-0.647081	0.586212
-0.40785	-0.909953	0.0751328
-0.409345	-0.803352	0.432507
-0.153553	-0.892716	0.423651
-0.093891	-0.990988	-0.0955413
-0.334825	-0.938544	0.0838277
0.300815	-0.951397	-0.0659845
-0.461622	-0.874616	-0.148161
0.243436	-0.948116	-0.204485
0.558013	-0.748365	0.35857
0.221354	-0.967996	0.118267
-0.0825724	-0.993413	0.0794445
-0.0450369	-0.901607	0.430204
0.0462016	-0.878749	0.475043
-0.160102	-0.935274	-0.315644
-0.211933	-0.876699	-0.431836
0.37824	-0.879054	0.290172
-0.508006	-0.260698	-0.820955
-0.25255	-0.962362	0.100391
-0.0730783	-0.984814	0.157484
-0.309672	-0.798793	-0.515784
-0.646028	-0.749938	-0.142271
0.55311	-0.831171	-0.0567852
0.229125	-0.710013	-0.66587
0.148907	-0.98564	-0.0796291
-0.0353835	-0.961854	-0.271265
0.247484	-0.853272	-0.458997
-0.488005	-0.8598	-0.150317
-0.442104	-0.811838	-0.381396
0.245622	-0.816393	-0.522659
-0.00203451	-0.911924	-0.410353
0.102481	-0.860975	-0.498217
0.826722	-0.534327	0.176143
-0.658344	-0.727657	-0.19261
0.132859	-0.969255	0.207105
-0.298541	-0.948488	0.106033
-0.135824	-0.796014	0.589843
0.263612	-0.957535	-0.116769
-0.345599	-0.855572	-0.385433
-0.28699	-0.915966	-0.280433
-0.0923493	-0.801587	0.590704
-0.960821	-0.0588091	-0.27086
0.506548	-0.796996	-0.328947
-0.272559	-0.840687	0.467929
-0.407619	-0.888246	0.211817
-0.361024	-0.791993	-0.49235
0.358015	-0.933407	-0.0240212
-0.886056	-0.451778	0.10393
0.465523	-0.696964	-0.545463
0.80222	-0.474859	-0.361873
0.252869	-0.815908	0.519953
-0.0259693	-0.911605	-0.410245
-0.117103	-0.986418	0.115179
0.544418	-0.705859	0.45318
-0.200822	-0.97711	0.0701891
-0.674967	-0.719481	0.163605
0.547708	-0.834685	0.0575992
-0.294857	-0.954842	-0.0365488
-0.186472	-0.981478	0.0439241
0.0409114	-0.957897	-0.284181
-0.245826	-0.90273	0.353056
0.389415	-0.758713	0.522217
0.616607	-0.781749	0.093077
-0.208454	-0.808936	0.549699
-0.217471	-0.975997	-0.0116855
-0.558168	-0.692934	0.45639
-0.296433	-0.886665	-0.354899
0.238801	-0.920064	0.310573
-0.289304	-0.95709	-0.0167859
-0.403124	-0.901347	0.15832
-0.870482	-0.475056	0.128777
-0.748402	-0.65514	-0.103372
-0.40476	-0.894345	-0.190566
-0.165619	-0.964876	-0.203925
0.0792104	-0.505452	0.859211
0.285573	-0.951489	0.114532
0.446431	-0.847423	-0.287356
0.450251	-0.844394	-0.290298
-0.583509	-0.328249	-0.742812
0.645914	-0.698589	0.307844
-0.35729	-0.724483	0.589465
-0.36551	-0.928812	0.0609152
-0.211036	-0.960829	-0.179644
-0.406131	-0.906356	-0.11652
-0.454637	-0.846104	-0.278231
-0.0542421	-0.923979	0.378578
-0.538857	-0.840306	0.059318
-0.352502	-0.869454	0.346111
-0.267266	-0.938354	-0.219225
-0.440479	-0.879842	0.178482
-0.702048	-0.631762	0.328643
0.112723	-0.990178	-0.0827045
0.354206	-0.933511	0.0556323
-0.126896	-0.964976	-0.229607
-0.304587	-0.952283	0.0195744
-0.639703	-0.728714	0.24445
0.399718	-0.614618	-0.680052
0.103354	-0.971322	-0.214128
-0.208037	-0.975577	0.070502
0.0810076	-0.976601	0.19922
-0.0667548	-0.988866	0.132995
-0.186138	-0.981434	0.0462544
-0.799435	-0.571959	-0.183756
-0.00285673	-0.982813	-0.184581
-0.279824	-0.957291	-0.0727468
-0.590705	-0.787117	0.177523
0.219352	-0.96594	0.137275
0.180648	-0.948269	0.261061
-0.112044	-0.982645	-0.147837
0.151956	-0.731542	0.664647
0.269799	-0.236349	-0.93346
0.753955	-0.590371	0.288122
0.52783	-0.823358	-0.208513
-0.119887	-0.992597	-0.0194562
0.459929	-0.887344	-0.0329484
-0.253978	-0.966678	-0.0320842
-0.0360376	-0.994567	0.0976632
-0.0577753	-0.998268	-0.0110659
0.482503	-0.869944	0.101918
-0.31094	-0.880201	-0.358555
-0.565802	-0.749452	0.343786
-0.506044	-0.861893	0.0325462
-0.502922	-0.811014	0.298874
-0.424186	-0.834457	0.351779
-0.266198	-0.886211	0.379167
0.435056	-0.880021	0.190499
-0.153498	-0.976034	0.154262
-0.25787	-0.962555	-0.0836158
-0.53509	-0.830126	-0.156747
0.273819	-0.928989	0.249002
-0.249048	-0.953838	0.167833
0.557754	-0.787212	-0.263074
-0.0648553	-0.985114	0.159201
0.0470785	-0.998868	0.00677634
-0.539245	-0.76151	0.359608
0.290369	-0.952007	0.0967932
0.258168	-0.91183	0.319243
0.285212	-0.957142	-0.050325
0.0498193	-0.992932	0.107725
-0.333739	-0.789133	0.515643
-0.0940174	-0.972358	-0.213731
-0.578275	-0.794293	0.186271
-0.516747	-0.845936	-0.131775
0.063084	-0.95146	0.301236
0.767952	-0.636064	-0.0753201
0.0737568	-0.982707	-0.169843
0.0385691	-0.821464	0.568955
0.218088	-0.860433	0.460534
-0.189383	-0.974391	-0.121224
-0.128936	-0.900706	-0.414854
-0.288034	-0.949736	0.122627
0.135787	-0.880042	-0.455069
-0.699236	-0.627516	-0.34248
-0.0592943	-0.988209	0.141163
0.394028	-0.88946	-0.231521
0.0709341	-0.995076	-0.0692247
0.0161126	-0.954128	0.298965
-0.546812	-0.834708	0.0652595
0.554055	-0.634757	-0.538615
-0.286564	-0.925454	0.247822
0.359315	-0.919574	-0.158988
0.549848	-0.785098	-0.285112
0.886478	-0.443216	0.133102
-0.866675	-0.479005	-0.139386
-0.100717	-0.989773	0.101026
0.394829	-0.915052	-0.0823947
-0.277727	-0.770947	-0.573156
0.393213	-0.290427	-0.872374
-0.219036	-0.97542	0.02405
-0.224594	-0.821768	0.523694
0.215873	-0.971819	0.0946969
0.77456	-0.629585	0.0606545
0.633878	-0.710459	-0.305689
-0.448135	-0.89385	0.014377
0.00431809	-0.940675	0.339281
-0.2401	-0.869554	-0.431542
-0.31865	-0.938251	0.134714
-0.24208	-0.893216	0.378897
-0.311319	-0.917842	-0.246266
-0.473485	-0.0310984	0.880253
-0.502562	-0.745449	0.437879
0.609681	-0.769746	-0.189155
-0.406254	-0.724317	0.557066
-0.717026	-0.640158	-0.275812
-0.152156	-0.968291	0.198145
0.685638	-0.632324	-0.360648
0.134633	-0.990399	-0.0313581
-0.766524	-0.622282	0.158766
0.134247	-0.953886	-0.268474
0.387482	-0.840851	0.377925
-0.282447	-0.94478	-0.166176
-0.220641	-0.824931	-0.520391
-0.349551	-0.936833	0.0126079
0.337069	-0.794789	0.504673
0.0363062	-0.995949	0.0822703
-0.176342	-0.970312	0.165526
-0.0969559	-0.776294	-0.62287
0.217216	-0.905704	0.364029
-0.413061	-0.856271	-0.310129
0.0272456	-0.998224	-0.0529818
0.21003	-0.89579	-0.391723
-0.0533803	-0.997945	-0.0354414
0.251793	-0.966836	0.0427632
0.333937	-0.91654	-0.220091
0.52397	-0.71839	-0.457571
-0.366582	-0.906029	0.211491
0.145936	-0.737189	-0.659739
0.595191	-0.744308	-0.302908
-0.4412	-0.821839	0.360447
-0.494019	-0.857566	-0.143267
0.182716	-0.930796	-0.316597
-0.00348407	-0.997662	-0.0682556
0.647883	-0.670655	-0.361206
-0.376608	-0.903956	-0.20256
-0.511644	-0.857467	0.0545144
0.000607916	-0.979694	0.200496
0.105649	-0.980935	0.163113
-0.389414	-0.920884	-0.0181536
-0.456724	-0.830269	0.319464
-0.176093	-0.978099	0.110971
0.142111	-0.935708	0.322885
0.309218	-0.942795	-0.124586
0.468856	-0.879928	0.0768185
0.824492	-0.549883	-0.133574
-0.33383	-0.941978	0.0351524
0.284603	-0.897183	-0.337732
0.00642391	-0.951875	0.30642
-0.214391	-0.971367	-0.102382
0.582352	-0.78391	-0.215294
-0.514436	-0.85234	0.0941888
-0.125407	-0.989725	-0.0686779
0.34147	-0.901388	0.266265
0.176094	-0.774977	-0.606961
-0.136934	-0.990209	-0.0271014
-0.281788	-0.790546	-0.543721
0.383048	-0.682401	0.622578
-0.296436	-0.720052	0.627416
-0.305225	-0.632718	-0.711692
0.275934	-0.852929	0.44314
-0.120179	-0.877035	0.465153
0.121394	-0.952794	0.278294
-0.655661	-0.656176	0.373554
-0.777114	-0.410416	0.47713
0.115759	-0.900523	0.419116
0.203328	-0.813249	-0.545237
-0.716745	-0.545324	0.434625
-0.302894	-0.949101	0.0863878
-0.421523	-0.785566	-0.452995
0.350332	-0.936059	0.0325841
-0.0383444	-0.800024	0.598742
0.396473	-0.917544	0.0303558
-0.0756854	-0.99713	0.00196193
-0.960451	-0.0638654	0.271027
0.28092	-0.946304	0.159977
0.237822	-0.932458	-0.271961
0.165182	-0.977479	-0.13134
0.223107	-0.654421	0.722465
0.215603	-0.776771	-0.591728
-0.381954	-0.684004	-0.62149
0.62191	-0.724785	-0.296505
-0.260854	-0.911016	0.319382
0.174194	-0.834732	0.522377
-0.138074	-0.988889	-0.0550744
-0.059409	-0.931981	0.357606
-0.476543	-0.869753	0.128202
0.155126	-0.964355	-0.214371
-0.101944	-0.715298	-0.691344
0.427715	-0.884139	-0.188039
0.882046	-0.437358	-0.175251
0.0599586	-0.989725	0.129803
0.635205	-0.724853	-0.266651
-0.313437	-0.849246	-0.424898
-0.148672	-0.98858	0.0246333
-0.311338	-0.94856	-0.0574775
-0.260071	-0.921023	-0.289964
-0.390498	-0.86077	-0.326475
-0.0169038	-0.93227	-0.361368
0.441761	-0.89406	-0.0741903
-0.246662	-0.933345	-0.260817
0.311343	-0.948943	0.0507185
-0.417273	-0.873429	0.251006
-0.286374	-0.953691	-0.0919943
-0.2583	-0.959759	-0.1102
-0.264349	-0.431475	-0.862525
0.405758	-0.898737	-0.166232
0.387301	-0.496502	-0.776842
0.358924	-0.933239	-0.0154496
-0.263618	-0.964624	0.00240842
0.428012	-0.903647	-0.0150963
0.431727	-0.893191	-0.125787
-0.279957	-0.951568	-0.127054
0.257464	-0.963585	0.0722182
0.125204	-0.931872	-0.340499
-0.2296	-0.948435	-0.218527
-0.686269	-0.71571	0.12959
0.566193	-0.742887	-0.357133
0.2071	-0.973918	0.0927055
0.424846	-0.808519	0.407188
-0.371698	-0.811706	0.450526
0.609369	-0.7015	0.369549
0.228685	-0.896747	0.378878
-0.169316	-0.903921	-0.392759
0.895426	-0.330781	-0.297986
-0.118268	-0.90624	-0.405884
0.129891	-0.98551	-0.109078
0.478713	-0.84926	-0.222692
0.0502037	-0.527712	0.847939
-0.205709	-0.873387	0.441451
0.108418	-0.969546	0.219606
-0.0936275	-0.982106	0.163404
0.157507	-0.958983	0.235675
0.000708833	-0.897261	0.441499
-0.125955	-0.966302	-0.22449
-0.221778	-0.917916	0.329006
-0.1524	-0.925706	-0.346183
0.110495	-0.985035	0.132273
0.637602	-0.763585	0.101993
0.880025	-0.427652	0.206568
0.11839	-0.708273	0.695941
-0.135694	-0.989498	0.0498155
-0.00064249	-0.91416	-0.405354
-0.0713264	-0.996335	-0.0472044
-0.344727	-0.821943	0.453401
0.393798	-0.903549	0.168883
0.557229	-0.764495	-0.324104
0.0404049	-0.868327	0.494344
0.400598	-0.827468	0.393468
-0.0125785	-0.986812	0.16138
0.560371	-0.826235	0.0576236
-0.353802	-0.922036	0.157076
-0.231581	-0.882674	0.408971
0.427903	-0.89749	-0.10682
0.701588	-0.688826	-0.182462
-0.596997	-0.796992	0.0916476
0.219444	-0.964326	0.148053
0.596451	-0.746201	0.295687
-0.0295068	-0.852716	-0.521541
-0.581925	-0.805164	0.114342
0.423733	-0.87865	0.220056
0.397922	-0.827686	0.39572
-0.132989	-0.976947	0.166997
-0.626294	-0.490123	-0.606246
0.0359461	-0.988156	-0.149185
-0.0872114	-0.982838	-0.162551
0.292653	-0.933434	0.207497
0.325551	-0.944533	-0.043285
-0.187217	-0.916218	-0.354251
-0.0785997	-0.996697	-0.0204387
-0.26575	-0.964034	-0.0040254
0.101316	-0.970585	-0.218403
0.0567727	-0.958751	-0.278519
0.510433	-0.794548	-0.328864
0.514051	-0.836676	0.189008
0.551343	-0.672357	0.49392
-0.0669708	-0.969736	-0.23479
-0.169152	-0.941332	-0.292029
-0.338287	-0.928718	-0.151804
0.172839	-0.984906	-0.00932217
-0.264338	-0.849575	0.456451
0.095647	-0.995039	-0.0273743
-0.170096	-0.919021	-0.355624
-0.323652	-0.945797	-0.0267771
-0.217755	-0.771014	0.598432
0.245492	-0.931196	-0.269458
0.265208	-0.808167	-0.525861
-0.293558	-0.882752	-0.366843
-0.408032	-0.843888	0.348371
0.382503	-0.799172	0.463698
-0.464674	-0.854762	0.231213
-0.217496	-0.877321	0.427788
0.0711013	-0.963199	0.259214
-0.30543	-0.897577	-0.317912
-0.729265	-0.680416	-0.0721491
0.584091	-0.790306	0.18508
-0.395732	-0.840346	0.370424
0.31928	-0.945015	-0.0707623
-0.302813	-0.677969	0.669822
0.0280369	-0.962221	-0.270821
-0.35137	-0.922961	0.157107
0.064293	-0.994963	0.0769087
-0.0740108	-0.773857	0.629022
0.338194	-0.896392	0.286541
-0.0681719	-0.831193	0.551788
-0.175096	-0.984509	-0.0091436
0.592758	-0.763765	0.255539
0.4808	-0.84441	-0.236227
0.308638	-0.814447	-0.491345
0.354765	-0.924798	-0.137445
0.436042	-0.839471	-0.324277
0.406441	-0.766147	-0.497819
0.418868	-0.908038	0.00394781
0.249777	-0.933923	-0.255735
0.253019	-0.633357	0.731327
-0.428045	-0.618434	-0.659027
-0.268699	-0.952851	0.140981
-0.280032	-0.959663	0.025066
0.924149	-0.368589	-0.100451
-0.207393	-0.960638	-0.184832
0.0185272	-0.983558	-0.179642
0.321616	-0.554042	-0.767855
-0.143656	-0.934913	0.324501
-0.0167286	-0.959095	-0.28259
0.02553	-0.98416	0.175434
0.707646	-0.385309	-0.592262
-0.0215784	-0.986713	0.161035
-0.0878053	-0.964803	-0.247881
-0.0279933	-0.99958	0.00750071
0.0755035	-0.296367	-0.952085
-0.117907	-0.796456	0.59309
-0.0577334	-0.971781	0.228711
0.60983	-0.725111	-0.319877
0.171448	-0.938409	0.299989
0.314557	-0.774588	-0.548695
0.139472	-0.985112	-0.100512
-0.207276	-0.806771	-0.553315
0.0028244	-0.678597	-0.734506
-0.0148946	-0.9967	0.0797988
-0.267348	-0.951289	-0.153541
0.0211933	-0.842275	-0.538632
0.154158	-0.627408	-0.763279
-0.0105252	-0.99029	0.138619
0.228584	-0.908808	-0.349024
-0.0621404	-0.701351	0.710103
0.144823	-0.938846	-0.312401
-0.533257	-0.843509	-0.0642664
0.185524	-0.965531	-0.182565
-0.101997	-0.902946	0.417475
-0.771167	-0.416353	0.481613
0.0972088	-0.988338	-0.117214
0.855274	-0.508005	0.102166
-0.0404028	-0.994779	-0.0937121
0.063857	-0.462677	-0.884224
-0.311923	-0.861795	0.400017
-0.319126	-0.947182	-0.0316981
0.121708	-0.792543	0.597547
-0.179394	-0.975094	-0.130423
0.454237	-0.725643	0.516828
0.616334	-0.720245	0.318401
-0.195557	-0.97121	0.136048
0.014699	-0.971248	0.237615
0.176686	-0.909559	0.376144
-0.250796	-0.956534	-0.148806
0.415372	-0.650479	-0.63588
0.0846696	-0.981558	0.17139
0.536357	-0.584327	-0.609003
0.0916487	-0.966013	-0.241701
0.763033	-0.645106	-0.0402356
0.371649	-0.928369	0.00279792
0.285624	-0.69737	-0.657338
-0.0629761	-0.624784	-0.778254
0.219122	-0.9728	-0.0751377
0.139636	-0.979122	-0.147722
0.266011	-0.874997	0.404498
0.473123	-0.811461	-0.343052
-0.371826	-0.799263	-0.472149
-0.549315	-0.782348	-0.293573
-0.0613306	-0.719138	-0.692156
-0.063144	-0.995166	-0.0752149
-0.0169048	-0.969114	0.246035
0.40508	-0.855463	-0.322634
-0.287987	-0.957518	-0.0149123
-0.64872	-0.740106	-0.177214
-0.0512685	-0.591349	0.804784
-0.238508	-0.714821	0.657378
0.432252	-0.898537	0.0760894
-0.324554	-0.938366	0.118884
0.202077	-0.670443	0.713913
0.485957	-0.661323	0.5714
0.405032	-0.800141	-0.442406
-0.60198	-0.793439	-0.0898631
0.595859	-0.799165	0.0792911
0.392581	-0.918418	0.0488733
-0.00674986	-0.985363	0.170335
0.658655	-0.751101	0.0449481
0.297025	-0.949979	-0.0965166
0.789388	-0.592096	-0.162137
0.0612137	-0.833387	-0.54929
0.550904	-0.790354	-0.268039
0.175256	-0.787768	-0.590514
-0.157342	-0.987238	0.0245748
-0.362635	-0.83219	-0.419471
0.0125782	-0.9923	0.12322
0.577204	-0.798874	-0.169221
0.864493	-0.467812	0.183858
-0.392794	-0.911993	0.118244
0.445821	-0.892401	0.0697402
-0.000398378	-0.999549	-0.0300137
0.535921	-0.416327	-0.73448
-0.306861	-0.830595	0.464703
-0.700533	-0.631891	-0.331615
0.241591	-0.928622	-0.281595
-0.182221	-0.798624	0.573581
-0.137162	-0.982515	0.125903
0.380157	-0.761802	-0.524537
0.748053	-0.595951	-0.291992
0.0867945	-0.976832	0.195615
-0.221235	-0.348996	-0.910635
0.444474	-0.307095	0.841508
0.398114	-0.865897	-0.302865
0.00133871	-0.934848	0.355046
-0.495042	-0.798079	-0.343515
0.437998	-0.780615	0.445867
0.730331	-0.574558	0.369458
0.62721	-0.58015	-0.519648
0.036528	-0.643188	0.764836
0.364048	-0.871317	-0.329054
-0.0742189	-0.997231	-0.00472116
0.602235	-0.763911	0.231849
0.0321406	-0.991676	-0.124681
0.148719	-0.576282	0.803605
0.2087	-0.872611	-0.441582
-0.45571	-0.689429	0.563042
-0.169554	-0.985131	-0.0277099
0.220263	-0.961612	-0.163667
-0.11725	-0.949688	-0.290422
-0.187914	-0.981391	-0.039495
0.0173704	-0.991747	0.127029
-0.252347	-0.933832	-0.253534
0.0776528	-0.996409	0.0337538
-0.0834357	-0.994964	0.0555481
-0.586138	-0.803204	-0.106329
-0.535427	-0.764582	-0.358794
-0.507795	-0.860539	0.0402032
-0.00491456	-0.842489	-0.538691
0.140312	-0.933077	-0.331178
0.0776431	-0.949469	0.304106
0.501713	-0.690409	0.521171
0.367979	-0.894545	0.253736
0.0614625	-0.996983	-0.0474069
-0.0858249	-0.995989	-0.0253014
-0.393647	-0.828727	0.397812
0.0552691	-0.813632	-0.578748
0.330012	-0.814467	0.477216
-0.0314472	-0.996352	-0.0793359
-0.102015	-0.79904	-0.59256
-0.0646181	-0.985528	-0.156715
0.289143	-0.839594	0.459868
-0.532642	-0.804605	-0.262495
-0.0563201	-0.930518	0.36189
-0.370761	-0.928517	0.0197942
-0.867038	-0.336697	-0.36726
0.264836	-0.833559	-0.484811
0.0791924	-0.688696	-0.720712
-0.252666	-0.540324	0.802627
-0.155547	-0.671648	0.724358
-0.445703	-0.328659	0.832665
-0.935764	0.0250203	0.351739
-0.710191	-0.543155	0.447896
0.290484	-0.671399	0.681793
0.211933	-0.936526	-0.279291
0.065147	-0.933084	-0.353709
-0.276505	-0.892923	0.355294
0.231427	-0.942907	-0.239515
0.254686	-0.937098	0.23871
-0.538729	-0.776229	0.327473
0.512733	-0.8369	-0.191582
0.222149	-0.952576	0.207962
-0.269657	-0.936624	0.223653
0.223134	-0.960913	0.163881
-0.321467	-0.880401	-0.348644
0.162905	-0.984794	-0.0603491
0.282671	-0.943477	-0.173058
0.0367119	-0.999202	0.0157424
0.066603	-0.917824	0.391361
-0.364172	-0.852784	0.374352
-0.236652	-0.670316	-0.70333
0.491703	-0.861371	0.127544
0.224384	-0.974371	0.0158797
0.0689094	-0.995174	0.0698625
-0.0826548	-0.684835	0.723996
0.695601	-0.715945	-0.0596857
-0.192559	-0.954587	0.227341
-0.096149	-0.967204	0.235099
-0.202508	-0.709855	0.674609
-0.617076	-0.77425	-0.14055
-0.029649	-0.997417	-0.0654305
0.0946654	-0.917539	0.386213
0.372469	-0.867202	0.330497
-0.0547916	-0.841093	-0.538108
-0.0686123	-0.97862	0.193897
0.856644	-0.496588	-0.139865
-0.65354	-0.628338	0.421991
-0.79211	-0.528671	0.305073
0.00788323	-0.963774	0.266603
-0.636872	-0.722132	-0.270037
0.465137	-0.433076	-0.772071
0.154001	-0.937268	0.312751
0.326187	-0.839631	-0.434306
-0.598943	-0.691094	-0.404544
-0.653817	-0.755943	0.032771
-0.435158	-0.812257	0.388428
-0.594864	-0.797641	-0.0995264
-0.326386	-0.77425	0.542226
-0.20172	-0.944247	0.260206
-0.199757	-0.952267	-0.230835
0.578734	-0.660102	-0.478887
-0.0961146	-0.981482	0.165695
-0.0355796	-0.968228	-0.247524
0.520368	-0.804351	-0.286768
-0.240223	-0.930986	-0.274877
0.27523	-0.592777	0.756878
-0.59411	-0.804384	0.000231558
0.138705	-0.96158	0.236905
0.498679	-0.842133	0.205261
0.123042	-0.804957	-0.580435
0.0123463	-0.997882	0.0638671
0.0428186	-0.942913	-0.330276
-0.403636	-0.872474	-0.275439
-0.878401	-0.307601	0.365779
0.469548	-0.81644	0.336082
-0.377274	-0.832796	0.405111
0.0787116	-0.984759	0.155095
-0.830378	-0.554832	-0.0513153
-0.0948466	-0.992638	-0.0753318
-0.165124	-0.871125	-0.462466
-0.381526	-0.913419	0.141787
0.202318	-0.970164	0.133602
0.495771	-0.868444	-0.00400835
0.348783	-0.917684	-0.19028
-0.130535	-0.970368	0.203338
-0.527795	-0.137682	-0.838138
-0.0776988	-0.940568	-0.330599
-0.00671619	-0.581111	-0.813796
0.0356778	-0.994288	-0.100587
0.310195	-0.852503	0.420735
0.430123	-0.879838	-0.202187
0.204243	-0.82888	-0.520809
-0.245481	-0.715876	0.653652
-0.450545	-0.820955	0.350773
0.120502	-0.730258	-0.67246
-0.0391194	-0.998861	-0.0273335
0.280477	-0.858406	0.429502
0.199754	-0.978896	0.043128
0.492594	-0.813351	-0.309535
-0.368413	-0.808859	0.458278
0.11806	-0.983778	-0.135069
-0.534372	-0.805525	0.25608
-0.425777	-0.903835	-0.0423861
-0.376034	-0.893531	0.245356
0.696629	-0.690489	0.194766
-0.0208689	-0.999238	0.0329926
0.300994	-0.923144	-0.23918
0.154917	-0.96787	0.198063
-0.172968	-0.982954	0.0623219
-0.225081	-0.964038	-0.141313
-0.0964543	-0.941591	-0.322649
-0.247778	-0.402923	0.881056
-0.433839	-0.462509	0.77322
-0.0335267	-0.956878	-0.288547
-0.10198	-0.987907	-0.116794
-0.577225	-0.816583	0.00167733
-0.0899065	-0.985196	0.145965
0.166477	-0.947979	0.271333
0.273879	-0.508204	-0.816529
-0.377019	-0.853801	-0.358998
0.725989	-0.233798	0.646745
0.45372	-0.637966	-0.622203
0.142611	-0.987332	-0.0695572
-0.222783	-0.920885	-0.319904
0.248014	-0.884177	0.39588
-0.0722297	-0.994455	0.0764329
0.534176	-0.696999	0.478382
-0.587998	-0.634561	0.501588
-0.13604	-0.939772	0.313564
-0.0510867	-0.963452	0.262963
0.287718	-0.951506	0.108882
0.256817	-0.566769	0.782827
0.231971	-0.820648	0.522231
-0.152506	-0.967941	-0.19958
-0.101911	-0.99113	-0.0852974
0.657341	-0.172685	0.733541
-0.0534195	-0.974495	-0.217957
0.152831	-0.875675	0.458079
-0.368828	-0.928509	-0.0428591
-0.586377	-0.50679	-0.631922
-0.856715	-0.515779	0.00341634
0.335666	-0.923848	0.183939
-0.863463	-0.421709	0.276754
0.145804	-0.558364	-0.816682
0.0739783	-0.919396	0.386313
-0.332281	-0.807304	-0.487699
-0.463943	-0.828398	-0.313868
0.398402	-0.823225	-0.404446
-0.178164	-0.729664	0.660188
-0.618556	-0.76656	-0.17255
0.330651	-0.769585	0.546268
-0.609245	-0.661063	0.437968
0.350154	-0.846294	-0.401471
-0.465597	-0.87055	-0.159258
-0.476067	-0.797723	-0.370133
-0.13222	-0.949997	0.282884
-0.353491	-0.803736	-0.478595
-0.295447	-0.953955	-0.0517716
-0.0684686	-0.765037	0.640336
-0.503568	-0.85126	0.147564
0.149162	-0.888441	0.434078
-0.26145	-0.959639	0.103614
-0.468773	-0.852135	-0.232632
-0.289762	-0.956259	-0.0400801
-0.138198	-0.988457	-0.0620797
-0.682659	-0.718343	-0.134013
0.37875	-0.882568	0.278606
0.52711	-0.767038	0.365797
-0.350138	-0.929356	0.117053
0.510566	-0.646813	0.566529
-0.267245	-0.934335	-0.235792
0.1697	-0.985489	-0.00352176
0.661813	-0.748622	-0.0396031
0.411989	-0.896369	0.163671
0.475579	-0.577616	0.663463
-0.407448	-0.839354	0.359821
-0.448475	-0.893041	0.0367289
0.119074	-0.980605	0.155679
0.870422	-0.486381	0.0761578
0.326429	-0.905744	0.270318
0.0664731	-0.801933	-0.593705
-0.395526	-0.821598	0.410532
-0.0016762	-0.999937	0.0111362
0.101754	-0.951629	-0.289911
-0.24105	-0.947322	-0.210895
0.618584	-0.565768	-0.545216
0.309668	-0.713621	0.628371
-0.0250569	-0.973285	0.228227
0.355676	-0.916964	0.180755
-0.532431	-0.748001	0.396248
-0.170214	-0.916571	0.361834
-0.0890461	-0.97035	-0.224704
-0.126035	-0.930772	0.343189
0.166453	-0.895364	0.413058
0.431815	-0.874109	-0.222418
0.194906	-0.976066	0.0964764
-0.544688	-0.595268	-0.590737
-0.44091	-0.786396	-0.432643
0.163141	-0.904431	-0.394194
0.275441	-0.869523	0.409953
-0.054891	-0.990557	-0.125636
0.255492	-0.965034	-0.0585972
0.382669	-0.820501	0.424666
-0.653589	-0.537874	0.53246
-0.665757	-0.57914	-0.470493
-0.0251382	-0.891889	-0.451556
0.464865	-0.872796	-0.14875
-0.285869	-0.932603	0.220296
0.0625124	-0.958898	0.276779
0.313536	-0.841231	0.440482
-0.194153	-0.877307	-0.438904
-0.661467	-0.739064	0.127462
0.52107	-0.84104	-0.145385
-0.336303	-0.93771	0.0871767
-0.424242	-0.850907	-0.309802
-0.349602	-0.621784	0.700831
0.345184	-0.912479	-0.219614
0.226345	-0.89164	-0.392105
-0.883455	-0.376066	0.27943
0.0879552	-0.876629	-0.47306
-0.105993	-0.992952	0.0530295
-0.27367	-0.85948	0.43174
0.363404	-0.928912	0.0711271
0.335027	-0.917805	-0.21305
-0.469502	-0.839234	0.274323
-0.14125	-0.598953	-0.788228
0.106991	-0.938816	-0.32738
-0.181715	-0.973889	-0.136087
-0.220956	-0.974785	-0.0312007
0.49705	-0.849388	0.17743
-0.0779271	-0.92044	-0.383038
0.308896	-0.950709	0.0271311
0.301993	-0.953205	0.0141665
0.191976	-0.938818	0.285947
0.46949	-0.881025	-0.0580848
0.16126	-0.982154	0.0967951
0.127545	-0.816328	0.56333
-0.615573	-0.737447	-0.277923
-0.278987	-0.942671	-0.183135
0.203887	-0.97769	0.050524
0.266063	-0.950466	-0.160702
0.0851196	-0.986	0.143381
-0.013992	-0.950033	-0.311837
-0.832687	-0.548472	-0.0762241
0.371133	-0.895006	-0.247436
-0.409178	-0.774052	-0.483133
-0.0880018	-0.994007	-0.0648568
0.303346	-0.843091	0.444049
-0.162392	-0.753198	0.637433
-0.147978	-0.98032	0.130672
0.325445	-0.923991	0.200812
0.335488	-0.048802	0.940779
0.753579	-0.656678	-0.029883
0.258433	-0.94276	-0.210752
0.0916298	-0.928406	0.360091
0.0463883	-0.96632	-0.253129
-0.45219	-0.887558	0.0881174
-0.310134	-0.930782	-0.193551
0.254389	-0.891919	0.373853
0.496756	-0.863649	0.0856992
-0.198197	-0.977699	-0.06944
0.504546	-0.228753	0.83253
0.115551	-0.9933	0.00156998
-0.348114	-0.892079	0.288119
0.633532	-0.682592	-0.364287
-0.00533395	-0.80996	-0.586461
-0.743155	-0.430792	0.511995
0.0523541	-0.998614	-0.00535594
0.454856	-0.85496	-0.249297
0.393628	-0.87986	-0.266277
0.231576	-0.942808	-0.23976
0.0191567	-0.999251	0.0336165
-0.0656439	-0.98073	0.184009
-0.0437244	-0.99777	0.0504231
-0.741849	-0.647235	-0.175349
0.765313	-0.554249	0.327267
-0.291501	-0.95247	0.0884803
-0.590347	-0.698468	0.404515
-0.295276	-0.910522	-0.289417
-0.101831	-0.35338	-0.929921
-0.221778	-0.965479	0.136621
-0.165126	-0.98556	0.0374722
0.40318	-0.559501	0.724157
0.0106075	-0.654363	-0.756106
0.068883	-0.882028	-0.466135
-0.334709	-0.923265	-0.188553
0.232169	-0.781712	-0.578813
-0.00375322	-0.998647	0.0518659
0.252487	-0.885704	0.389588
0.512176	-0.813	-0.276959
0.367845	-0.699985	-0.612136
0.324262	-0.93932	-0.111944
0.278725	-0.960224	-0.0167706
-0.497594	-0.803393	-0.327047
-0.177174	-0.905585	-0.385389
0.37876	-0.910489	0.165982
-0.470767	-0.741276	-0.478423
0.0579114	-0.88259	0.466563
-0.627822	-0.50707	0.590524
0.0460562	-0.998201	0.0383872
-0.209481	-0.970462	-0.11967
-0.206701	-0.856045	0.473775
-0.354568	-0.810261	-0.466646
-0.867881	-0.468639	-0.164804
0.23846	-0.646998	0.724245
-0.125103	-0.93387	-0.335018
0.122285	-0.991839	0.036073
0.124694	-0.800907	-0.585661
0.0823455	-0.897218	0.433843
0.0930267	-0.798785	0.594381
0.181861	-0.975306	0.125317
-0.392299	-0.912243	-0.117962
-0.230763	-0.933281	0.275201
-0.991366	-0.0832966	-0.101265
-0.433245	-0.899085	-0.0628068
0.51924	-0.772152	-0.366295
0.35932	-0.902522	-0.237367
-0.725476	-0.610285	0.318178
-0.585955	-0.779563	-0.221218
-0.365515	-0.605824	0.706666
-0.645889	-0.633355	0.42625
0.298481	-0.884961	-0.357426
0.24778	-0.886417	0.390986
0.598923	-0.27015	0.753863
0.441708	-0.868673	0.224278
-0.929606	-0.172471	-0.32571
-0.295436	-0.918764	0.261896
0.404275	-0.78649	-0.4669
-0.145757	-0.839346	-0.523691
0.930723	-0.183206	0.316528
0.0931495	-0.865869	-0.491522
-0.637171	-0.767354	0.0719801
-0.583751	-0.748149	-0.315449
0.101573	-0.994724	-0.0143655
-0.75493	-0.581531	-0.303155
-0.503082	-0.557528	-0.660357
0.13361	-0.976972	0.166358
-0.173068	-0.863321	-0.474052
0.447706	-0.878584	-0.166283
-0.249156	-0.945565	-0.209354
-0.562327	-0.826778	0.0150686
0.125159	-0.986329	0.107196
-0.327584	-0.934053	0.142245
0.129854	-0.969046	-0.209969
0.550684	-0.653591	-0.519198
0.467006	-0.875193	-0.126266
0.0366732	-0.984001	0.174348
-0.280475	-0.9088	0.308896
-0.088653	-0.499944	-0.861508
-0.63545	-0.744404	0.2051
-0.124261	-0.960799	-0.247841
0.348953	-0.929547	-0.119057
0.0220693	-0.777118	0.628968
0.0301168	-0.637448	-0.769905
0.407667	-0.725251	0.554814
-0.0233967	-0.993276	0.11338
-0.298731	-0.797858	-0.523625
-0.452469	-0.888819	-0.0726061
0.184557	-0.461052	-0.867969
-0.815868	-0.576644	0.0429118
0.0109043	-0.704716	0.709406
0.017741	-0.99425	-0.105603
-0.885981	-0.313562	-0.341638
0.469327	-0.751725	0.463294
0.441506	-0.873904	0.203383
0.551501	-0.830713	0.0759108
-0.847711	-0.387821	0.361912
0.470327	-0.802473	-0.367192
-0.0362943	-0.995107	-0.0918957
0.289283	-0.801257	-0.523739
-0.545085	-0.772519	0.325725
0.0582317	-0.98754	-0.146195
0.319593	-0.924695	-0.20688
-0.668794	-0.641883	-0.375101
0.547038	-0.826143	0.135045
-0.624737	-0.652627	0.428699
0.336883	-0.61353	-0.714206
0.342164	-0.810025	-0.476218
-0.175692	-0.984043	-0.028136
-0.571256	-0.817927	-0.0682794
-0.354759	-0.91313	-0.200848
0.216355	-0.737471	0.639787
0.26276	-0.911782	0.31561
-0.0765097	-0.6875	-0.722142
-0.0126834	-0.915091	-0.403049
0.773698	-0.435595	0.460053
0.460739	-0.87323	-0.158713
-0.19805	-0.966636	0.162451
0.0158037	-0.998904	-0.0440659
-0.158426	-0.77482	-0.612009
0.209616	-0.965536	-0.154277
0.498254	-0.846569	-0.187254
0.534582	-0.759784	0.370067
0.0862733	-0.830683	0.55002
0.718761	-0.671746	0.179278
0.613609	-0.774061	-0.155928
-0.288814	-0.815061	-0.502256
-0.711033	-0.622907	-0.326221
-0.25803	-0.95075	0.171739
-0.00265012	-0.833174	-0.553005
0.263885	-0.938826	0.221293
0.249657	-0.937616	-0.241967
0.130952	-0.902307	-0.410723
0.238127	-0.960522	-0.143851
-0.360942	-0.923939	0.126715
0.460161	-0.787431	0.410127
0.550155	-0.779843	-0.298622
-0.221333	-0.747144	0.626727
-0.410104	-0.652766	-0.636954
-0.418359	-0.885447	-0.202383
0.378032	-0.911654	-0.16118
-0.23291	-0.910624	0.341346
-0.276123	-0.957475	0.0836482
0.412738	-0.905187	-0.101407
0.372227	-0.90045	-0.225026
0.35926	-0.901628	0.240829
-0.0691298	-0.977482	-0.199373
0.261475	-0.916788	-0.301877
0.310812	-0.945514	-0.0969471
-0.464346	-0.688615	0.556949
-0.154338	-0.936566	-0.31468
-0.240204	-0.908373	-0.342287
-0.4528	-0.843588	0.288671
-0.143596	-0.976719	0.159376
0.217638	-0.924115	-0.314079
0.0265553	-0.998996	-0.0360872
-0.171445	-0.980304	0.098034
0.135361	-0.914761	-0.380645
0.981473	-0.135236	0.135725
0.161514	-0.986359	0.0317777
-0.424278	-0.632556	-0.647967
0.338399	-0.818344	0.464541
-0.0383214	-0.984845	-0.169152
0.701812	-0.687964	-0.184842
-0.60493	-0.593889	0.530429
0.008008	-0.999811	-0.017732
-0.544863	-0.777973	0.312861
-0.525711	-0.84634	-0.0856547
-0.193474	-0.745698	0.637575
0.552501	-0.753121	0.357143
0.403947	-0.911596	-0.0762805
-0.914876	-0.25828	0.310312
0.520974	-0.852802	-0.0362592
-0.607473	-0.645864	0.462425
0.181978	-0.603379	0.776413
0.220436	-0.470363	0.854498
-0.130565	-0.670003	0.730786
0.109877	-0.505559	-0.855767
-0.735136	-0.479394	-0.479328
-0.375505	-0.791345	-0.482461
-0.915722	-0.0906248	-0.391459
-0.717808	-0.635342	-0.284765
-0.20797	-0.957453	0.200081
-0.426087	-0.862502	-0.273021
0.101322	-0.994838	-0.00558743
-0.784643	-0.0550992	-0.617494
-0.115031	-0.993101	-0.0227774
0.656007	-0.252814	0.711154
0.153685	-0.974894	0.161129
-0.256768	-0.91521	-0.31058
0.125334	-0.722543	-0.67987
0.0177268	-0.96762	-0.251789
0.751085	0.244233	0.61337
-0.467352	0.167005	-0.868154
0.113625	-0.886496	-0.448569
-0.0262949	-0.97955	-0.199477
0.194525	-0.691954	0.695241
0.303457	-0.831727	-0.464914
0.0111563	-0.995139	0.097847
-0.223305	-0.965345	-0.13507
0.906392	-0.339635	-0.251201
-0.400756	-0.815662	0.417241
0.430108	-0.864932	-0.258649
0.110825	-0.936274	-0.333329
-0.199234	-0.946893	-0.252389
-0.467711	-0.850746	0.239747
-0.0512743	-0.987766	-0.147275
0.587677	-0.781284	-0.210315
0.592997	0.618884	0.515108
-0.487353	-0.872658	-0.030906
-0.288731	-0.916441	-0.277074
-0.0905735	-0.613182	0.784732
0.519867	-0.851696	0.0659755
0.415219	-0.793694	-0.44457
-0.0568545	-0.66573	-0.744023
0.0955842	-0.963067	-0.251725
0.0574308	-0.956004	0.287678
0.0987721	-0.993648	-0.0539302
0.0395829	-0.892417	-0.449473
-0.462677	-0.836583	-0.293358
-0.0485627	-0.620421	-0.782764
0.467202	-0.883128	0.0425105
-0.0378132	-0.98481	-0.169468
-0.133672	-0.9841	0.116956
0.0768583	-0.629493	0.773196
-0.34884	-0.815569	-0.461691
-0.365001	-0.927521	0.0804972
0.299538	-0.939976	0.163469
0.484236	-0.682573	0.547365
0.25527	-0.919127	0.300073
-0.630748	-0.289428	-0.719992
-0.529162	-0.783619	0.325468
-0.206325	-0.816719	-0.538888
0.437354	-0.622197	0.649301
0.304432	-0.699053	-0.647029
0.534695	-0.800107	-0.271901
-0.417171	-0.730473	-0.54072
-0.314925	-0.635007	-0.705399
0.102567	-0.825196	0.555456
-0.802074	-0.596993	-0.0166209
0.637665	-0.76204	0.112596
0.262887	-0.942947	-0.204307
-0.403771	0.511978	-0.758187
0.556462	-0.468271	0.686348
0.547425	0.228364	-0.805093
-0.393504	-0.919148	-0.0179502
-0.273818	-0.876732	-0.395431
-0.310165	-0.711935	-0.630037
0.383261	-0.874623	0.296893
-0.305197	-0.566219	-0.76567
0.556714	-0.819049	0.138669
-0.168029	-0.983602	0.0655195
-0.522957	-0.82676	0.207324
-0.470899	-0.877607	-0.0897727
-0.418398	-0.68534	-0.596031
0.341739	-0.859778	-0.379468
0.530211	-0.646147	-0.548972
0.274904	-0.658274	0.700787
0.120021	-0.866461	0.484604
0.018997	-0.851697	0.52369
-0.319873	-0.713394	0.623498
0.215557	-0.569848	-0.792974
0.238519	-0.746799	0.620806
0.0217464	-0.999244	0.0322216
0.380456	-0.887462	0.260124
-0.825646	-0.555045	-0.101163
0.0575889	-0.93904	-0.338949
0.0423202	-0.760787	-0.64762
0.301873	-0.453451	0.838603
0.966608	-0.195021	0.166242
0.452722	-0.891169	0.0293549
0.106302	-0.828546	-0.549738
-0.573426	-0.813506	-0.0969073
0.103994	-0.964526	0.242641
-0.769983	-0.570725	-0.285306
-0.334719	-0.85754	-0.390626
0.105417	-0.77266	0.626006
0.0869682	-0.977432	-0.192517
-0.515244	-0.718444	0.467293
-0.0593829	-0.13451	-0.989131
-0.0312902	-0.995734	0.0867996
-0.772206	0.165216	0.613515
0.151514	-0.558858	-0.815305
-0.22438	-0.952609	0.205402
0.469282	-0.653172	-0.594256
0.323011	-0.795404	0.512832
0.0287466	-0.997082	0.0707217
-0.0485687	-0.573182	-0.817987
0.287246	-0.885618	-0.364926
-0.366837	-0.855281	-0.365957
0.573205	-0.793774	0.203368
0.219561	-0.974729	-0.04119
0.670467	-0.682356	0.291316
-0.112681	-0.959005	-0.260023
-0.481885	-0.595686	-0.642608
0.249567	-0.923977	0.289799
-0.209188	-0.751628	0.625537
-0.935643	-0.213753	-0.280861
-0.90275	-0.217223	-0.37129
0.441965	-0.892823	-0.0867975
0.565713	-0.601964	0.563567
0.0403142	-0.851466	-0.522858
0.324608	-0.703575	-0.632149
-0.309693	-0.948152	-0.0714055
-0.12831	-0.655599	0.744128
-0.759771	-0.649636	-0.0268427
-0.399039	-0.827015	0.395998
-0.347384	-0.910123	0.225832
-0.0186137	-0.943951	0.32956
-0.0693026	-0.710027	0.700756
0.84991	-0.252853	0.462296
-0.767118	-0.357181	-0.532871
0.195275	-0.896703	0.397231
-0.0860413	-0.898005	0.43149
-0.606647	-0.529067	0.593352
-0.386931	-0.852977	0.350307
-0.945642	-0.209306	-0.248902
0.449328	-0.470715	-0.759297
0.238942	-0.679548	0.693629
0.0249491	-0.990645	-0.134167
-0.558554	-0.804146	0.203389
0.0731912	-0.838659	-0.539717
0.647725	-0.644145	-0.406854
-0.115764	-0.987906	-0.103156
0.625697	0.0457301	-0.778724
-0.692278	-0.720834	0.0339112
0.350188	-0.936657	0.00645714
0.504538	-0.863237	-0.0162158
0.299707	-0.866915	-0.398289
0.565282	-0.757558	-0.326439
0.780978	-0.507238	0.364395
0.304858	-0.951921	0.0301434
0.616747	-0.77824	-0.118176
0.826327	-0.538598	-0.164606
0.329758	-0.852018	0.406601
-0.216163	-0.974665	-0.0574569
0.33113	-0.66902	-0.665407
0.625738	0.233447	0.744281
0.130255	-0.980576	0.146644
-0.166201	-0.981591	0.0941134
-0.0576484	-0.967168	0.247512
-0.04219	-0.356934	-0.933177
0.206373	-0.742851	-0.636854
0.200566	-0.972744	0.116369
0.104755	-0.443837	0.889964
0.22417	-0.962161	-0.154902
-0.170202	0.115344	-0.978635
0.953699	-0.294612	-0.0605199
0.141297	-0.986449	-0.0833916
0.527954	-0.669918	0.521992
-0.225373	-0.933758	0.278035
0.0567625	-0.372732	-0.926201
0.933049	-0.166422	-0.318942
-0.814378	-0.506341	0.283561
0.0430948	-0.830898	0.554754
0.196917	-0.980082	-0.0257524
-0.476991	-0.813577	0.332523
0.260886	-0.890467	0.372836
0.178063	-0.959773	-0.217094
-0.473084	-0.877831	-0.0748628
0.661341	-0.749	0.0403418
0.0191557	-0.999182	0.0356103
0.399516	-0.916413	0.0239648
-0.2245	-0.922093	-0.315188
0.828739	0.0210384	-0.559239
0.124855	-0.846614	-0.517355
-0.234869	-0.893113	0.383649
-0.346641	-0.619688	0.70415
-0.409223	-0.910051	0.0659112
-0.0512312	-0.994668	-0.0895085
0.545044	-0.178404	0.819207
-0.741309	-0.658306	-0.130744
-0.52031	-0.836898	0.169937
-0.0117249	-0.991198	0.131871
-0.0439453	-0.997541	-0.0546029
-0.232411	-0.789673	0.567804
-0.059597	-0.709863	0.701814
-0.796605	-0.604275	0.0165182
-0.710678	-0.702787	0.0320374
-0.420893	-0.610083	0.671303
0.506398	-0.541489	0.671082
-0.284796	-0.550188	0.784974
-0.474349	-0.876489	0.0822199
-0.323083	-0.940833	0.102231
-0.22419	-0.756115	-0.614841
0.551565	-0.53888	0.636698
0.643635	-0.73015	-0.22938
0.494979	-0.821606	0.282769
0.264264	-0.964415	-0.00826091
0.919375	-0.380579	0.0995494
0.756857	-0.643633	0.113599
-0.172825	-0.973733	0.148243
0.2578	-0.933316	-0.249919
0.659195	-0.67587	-0.329639
-0.131116	-0.555448	-0.82115
0.495366	-0.744819	-0.447055
-0.821747	-0.569792	-0.00836277
0.0964324	-0.994576	0.038968
0.078136	-0.906496	-0.414921
-0.900815	-0.303635	0.310384
-0.340983	-0.770055	-0.539208
-0.33623	-0.864822	0.37287
-0.08227	-0.829271	0.552757
-0.0998244	-0.782578	-0.614498
-0.132336	-0.929047	0.345485
-0.481949	-0.601678	-0.636952
-0.233081	-0.856043	-0.461372
-0.0871523	-0.97341	0.211844
-0.486264	-0.857733	-0.166857
-0.356051	-0.635823	-0.684805
-0.367215	-0.680469	-0.634126
0.385893	-0.585417	-0.713003
-0.940179	-0.326833	0.0961485
-0.716084	-0.529371	0.454961
0.378729	-0.770044	0.513416
-0.29903	-0.75695	-0.58104
0.450824	-0.277568	0.84836
-0.463854	-0.793141	0.394674
-0.291713	-0.368546	-0.882653
0.0238456	-0.981011	-0.192479
0.000668399	-0.827028	-0.56216
-0.610661	0.0364225	0.791054
0.160031	-0.987112	6.0203e-05
0.338575	-0.91758	-0.208362
0.226173	-0.936262	0.268812
0.133256	-0.975576	-0.174624
-0.0959381	-0.838064	0.53707
0.281435	-0.91202	0.298352
-0.0727797	-0.99668	-0.0365092
-0.0753122	-0.820619	0.566491
-0.110396	-0.933755	0.340462
0.889942	-0.38821	-0.239365
-0.00714137	-0.986229	0.165229
-0.71042	-0.672193	-0.208469
-0.220215	-0.753633	0.619308
0.30291	-0.916218	0.26228
0.0349861	-0.994918	-0.0944114
-0.71676	0.0126797	-0.697205
-0.844686	0.471036	-0.254226
0.717392	0.689567	-0.0992293
0.228376	-0.962657	0.145383
-0.840635	-0.418101	0.344274
0.834376	-0.485188	0.261551
-0.243606	-0.922593	-0.299128
0.923296	-0.220992	0.314146
-0.38455	-0.509763	0.769587
-0.573779	-0.367817	-0.73177
0.0764169	-0.453641	0.887902
0.128662	-0.990267	0.0530712
0.43774	-0.713287	0.547362
-0.833611	-0.532387	0.147162
-0.609599	-0.790122	-0.0640064
-0.346407	-0.90346	-0.25251
0.667357	-0.426392	0.610594
-0.40733	-0.893197	0.190476
0.162122	-0.828778	-0.535578
0.0120889	-0.995752	-0.0912817
-0.548256	-0.802224	0.236328
0.0297012	-0.998148	-0.0530841
-0.547309	-0.836499	-0.0268822
-0.310813	-0.905844	0.287823
-0.647468	-0.659006	-0.382749
0.457436	-0.8549	0.244741
0.198641	-0.867885	0.455322
0.447101	-0.886738	0.117461
-0.780868	-0.495266	-0.380731
0.428906	-0.89335	-0.134035
-0.0623849	-0.990323	-0.123966
-0.461154	-0.814163	0.352812
0.375925	-0.707488	-0.598449
0.238384	-0.597373	0.765715
0.11649	-0.96575	-0.231856
-0.540794	-0.824096	0.168546
0.268299	-0.958336	-0.0980237
-0.21242	-0.873177	-0.438679
0.316874	-0.934902	0.159841
-0.53102	-0.841237	0.10168
-0.15409	-0.516607	0.842243
0.643622	-0.764727	0.0307062
0.31473	-0.9365	0.154635
-0.532796	-0.519345	-0.668138
-0.292395	-0.780747	-0.552213
-0.44195	-0.891172	-0.102434
-0.523355	-0.614471	-0.590361
0.910466	-0.283158	0.301453
-0.4659	-0.756776	0.458505
-0.172001	-0.60369	-0.778443
-0.0816649	-0.988635	-0.126217
0.0242937	-0.911111	-0.411445
0.259955	-0.0602883	0.963737
-0.286579	-0.949425	-0.128311
-0.744261	-0.667733	0.0144489
-0.0400401	-0.998089	-0.0470579
-0.118282	-0.875163	-0.469148
-0.547719	-0.766637	-0.335068
0.0749549	-0.447714	-0.89103
-0.170125	-0.754639	-0.633701
-0.00619327	-0.642156	-0.766549
0.823462	-0.377868	-0.423232
0.246721	-0.815003	-0.524308
0.478186	-0.718627	-0.504888
0.329391	-0.630287	-0.703022
-0.549012	-0.668996	0.501029
0.129604	-0.99059	-0.0439682
-0.0143624	-0.981518	0.190831
-0.00981243	-0.999867	-0.0130614
-0.227796	-0.973133	-0.0334963
-0.343032	-0.934016	-0.0997156
0.311448	-0.789512	-0.528839
-0.294205	-0.804784	0.515525
0.301686	-0.812177	0.499354
-0.30631	-0.939994	0.150286
0.597392	0.0188019	0.801729
0.627971	-0.543032	-0.557466
-0.645279	-0.720384	-0.254287
0.269852	-0.894602	0.356183
-0.53403	-0.829798	-0.162013
0.404398	-0.877481	0.257856
-0.109473	-0.978227	-0.176317
-0.016723	-0.942078	0.334977
0.569039	-0.815288	0.107238
0.0654316	-0.985445	-0.1569
-0.40488	-0.757907	0.511516
-0.0549577	-0.982774	0.17645
0.992954	0.0215949	0.116512
-0.0355116	-0.991799	0.122779
-0.306343	-0.335081	0.890996
-0.188295	-0.934394	0.302412
-0.828171	-0.551139	-0.101873
0.192073	-0.980257	0.0469487
0.31732	-0.947482	0.0398223
0.181352	-0.971765	0.150943
-0.949907	-0.22826	0.213482
-0.335872	-0.563616	0.75467
0.394991	-0.704093	0.590114
-0.730556	-0.611073	0.304758
0.510308	-0.849727	-0.132477
0.939105	-0.339369	-0.053948
-0.828852	-0.558079	-0.039408
-0.487005	-0.187856	-0.852957
-0.35229	-0.935152	0.0371812
0.715868	-0.68192	-0.150062
0.0352997	-0.954724	0.295391
-0.120661	-0.909064	0.398803
-0.808198	-0.581923	-0.090447
0.340126	-0.940103	-0.0228337
0.153983	-0.968093	-0.1977
-0.604597	-0.163403	-0.779591
0.530061	-0.470281	0.705599
0.148713	-0.971876	-0.182598
-0.115691	-0.985342	-0.125362
-0.263663	-0.962463	0.0643885
-0.14705	-0.899175	0.412142
0.202504	-0.935925	0.288161
