3400
-0.808436	-0.588581	-0.00191678
-0.323573	-0.89812	-0.297793
-0.38696	-0.922091	0.00316232
-0.248087	-0.670579	0.699126
0.210633	-0.95515	-0.208139
-0.709926	-0.692593	0.127747
-0.611774	-0.0217595	-0.790733
-0.034852	-0.940233	0.338744
-0.147228	-0.989056	-0.00958799
-0.382487	-0.922339	0.0547209
-0.339954	-0.871203	0.354171
-0.00247599	-0.989819	-0.142308
-0.410565	-0.837562	-0.360454
-0.295569	-0.897725	-0.326692
0.340949	-0.938862	-0.0478706
-0.167612	-0.596297	0.785071
-0.451723	-0.888523	-0.0804524
-0.219548	-0.88487	0.410857
-0.215887	-0.926365	0.308609
-0.61426	-0.728627	0.302964
-0.0344247	-0.99935	0.0106828
0.699924	-0.638186	-0.320663
0.150994	-0.962807	-0.22406
-0.342496	-0.405031	-0.84773
-0.741136	-0.598771	-0.303629
-0.0125929	-0.997012	-0.0762141
0.0880114	-0.813441	-0.574951
-0.248846	-0.908372	0.33606
0.565178	-0.818148	0.105869
0.571298	-0.807342	0.147706
0.337158	-0.87639	-0.343896
-0.276482	-0.811373	-0.515006
0.381615	-0.869165	0.31452
0.477725	-0.876665	-0.0569002
-0.143637	-0.966859	-0.211075
0.574621	-0.457789	-0.67841
0.203498	-0.906088	0.370936
-0.536033	-0.651959	0.536301
0.14454	-0.884739	-0.443109
0.258723	-0.94583	0.196131
0.207837	-0.714071	0.668511
-0.12541	-0.977619	-0.168918
-0.287928	-0.914493	-0.284255
0.367811	-0.837375	0.404375
0.0712919	-0.74529	0.662918
-0.569081	-0.798423	-0.19664
-0.201244	-0.975909	0.0842814
-0.37342	-0.553771	0.744241
-0.713028	-0.649351	-0.26445
0.511348	-0.621339	-0.593684
0.403319	-0.866839	0.293126
-0.84815	-0.51654	-0.117592
-0.23999	-0.925761	-0.292183
0.708477	-0.676303	0.201679
-0.173505	-0.982427	0.0687939
0.134566	-0.988215	0.0729662
-0.319189	-0.884488	-0.340293
-0.544339	-0.686238	-0.482464
-0.929126	0.181829	-0.321968
-0.854606	-0.441086	-0.274027
0.633892	-0.562334	0.531001
-0.500411	0.17367	-0.848191
-0.53981	-0.826198	0.161253
-0.961965	-0.258812	0.087406
0.413787	-0.509477	0.754463
-0.199064	-0.969415	-0.143553
0.0739404	-0.603364	-0.794031
0.420809	-0.87994	0.220511
0.109318	-0.662055	-0.74144
0.302329	-0.131547	0.944083
-0.4449	-0.542857	-0.712299
0.0785067	-0.960821	-0.265819
0.115342	-0.936115	-0.332243
-0.210521	-0.932568	0.293254
-0.090275	-0.992785	-0.0789151
0.554658	-0.827145	-0.090476
0.0784418	-0.977874	0.193929
-0.500248	-0.807472	0.312634
-0.519526	-0.842048	-0.14508
0.746853	-0.435668	0.502398
-0.212667	-0.693047	0.688809
0.335568	-0.941968	-0.00949633
0.306809	-0.931493	0.195419
-0.474582	-0.682342	-0.556041
0.136826	-0.481101	-0.865922
-0.318664	-0.906298	-0.277628
0.616943	-0.779902	0.105517
-0.789118	-0.593947	0.156588
-0.780387	-0.552884	0.29209
0.336593	-0.931927	0.13497
0.655319	-0.659787	0.367748
-0.118808	-0.88177	0.456472
0.345125	-0.916574	-0.201942
0.0414122	-0.959967	-0.277034
-0.489447	-0.860534	0.14115
0.496251	-0.635507	-0.591495
0.247737	-0.913433	-0.322903
-0.334417	-0.844243	0.418831
-0.180906	-0.952121	0.246451
0.136408	-0.841704	0.522425
0.383045	-0.889024	0.250823
0.515347	-0.76195	-0.392237
0.255053	-0.961589	0.101465
-0.0393865	-0.993418	0.107559
-0.217668	-0.631641	0.744077
0.459647	-0.851443	0.252527
0.309245	-0.949453	-0.0539118
-0.604501	-0.778674	0.168064
-0.428877	-0.670502	0.605386
0.492611	-0.828259	0.267061
-0.540242	-0.798672	-0.265069
0.170556	-0.895831	0.410362
-0.458077	-0.885392	0.0790331
0.385506	-0.906197	0.173759
-0.409326	-0.898259	-0.159946
-0.606652	-0.772009	-0.189671
-0.0353937	-0.960563	0.275799
0.215352	-0.880369	0.42258
-0.453119	-0.891379	0.0112598
-0.440606	-0.876324	0.194737
0.0910365	-0.938602	0.332775
-0.570914	-0.36243	0.736683
0.119215	-0.729719	0.673274
-0.201951	-0.952545	-0.22776
-0.230546	-0.972928	-0.0160934
-0.641244	-0.759739	0.107712
-0.435817	-0.887972	0.146867
0.0249925	-0.624325	0.780765
0.0102591	-0.967943	-0.250959
-0.467825	-0.14578	0.871716
0.31136	-0.945277	-0.097499
-0.10479	-0.910624	0.399728
-0.445005	-0.542322	0.712641
-0.526696	-0.821529	0.218363
0.323999	-0.92605	-0.193533
-0.651533	-0.639038	0.408821
-0.459482	-0.630926	-0.625147
-0.0554583	-0.998388	0.012068
-0.52832	-0.697119	-0.484667
-0.390788	-0.86202	0.322809
-0.340241	-0.716108	0.609447
0.241452	-0.924786	0.294061
-0.284571	-0.870605	0.40133
-0.454684	-0.886029	0.0906345
-0.342314	-0.928627	0.143082
-0.574124	-0.804483	0.15228
-0.298013	-0.939583	0.168438
0.0494922	-0.984045	0.170895
-0.066941	-0.917291	0.392551
-0.441379	-0.48736	-0.753435
0.0756687	-0.997064	0.0117364
-0.178761	-0.983254	0.0354386
-0.755456	-0.586744	-0.291578
-0.327556	-0.782792	-0.529098
-0.335544	-0.567099	0.752203
0.298931	-0.93566	-0.187564
0.489578	-0.866568	-0.0968141
0.790057	-0.556081	-0.258038
-0.526907	-0.834484	0.161262
-0.604917	-0.787451	0.11831
-0.606137	-0.616405	0.502636
0.716332	-0.661225	-0.222823
0.361503	-0.810834	-0.460286
0.405977	-0.803413	-0.435557
-0.517061	-0.766031	0.381896
-0.545752	-0.834796	-0.0726011
-0.841716	-0.538455	0.0397637
0.788499	-0.595726	0.152902
0.187341	-0.956923	0.221814
0.644249	-0.636188	0.424509
-0.341075	-0.795403	0.501001
0.453457	-0.771952	0.445497
-0.0752096	-0.850997	0.519757
-0.148777	-0.968057	-0.201821
-0.133944	-0.480645	-0.866625
0.301338	-0.323662	0.896905
0.44933	-0.839608	-0.305222
-0.129498	-0.0987173	-0.986654
-0.269258	-0.934086	0.234484
0.695706	-0.692166	0.192092
-0.30918	-0.14277	-0.940226
-0.14067	-0.73914	-0.658698
0.234385	-0.883355	0.405891
0.371169	-0.927105	0.0520511
-0.33181	-0.827285	0.453323
-0.678984	-0.731944	0.0569133
0.232235	-0.950938	-0.204411
-0.610493	-0.716937	-0.336601
0.245998	-0.943713	0.221114
-0.0772271	-0.934479	0.347542
-0.6054	-0.691127	0.394759
-0.488794	-0.646262	0.586025
-0.576681	-0.662023	-0.478712
0.0844536	-0.968884	-0.232663
-0.585847	-0.767735	0.259549
0.863142	-0.452394	0.224334
-0.401311	-0.750251	0.525426
-0.0205367	-0.938161	0.345588
0.427772	-0.747606	0.508031
-0.251571	-0.849717	0.46335
-0.217584	-0.85656	-0.467935
-0.27704	-0.960857	-0.00176157
0.960036	-0.166449	0.225003
0.100219	-0.879241	0.465716
-0.1336	-0.988846	0.0658424
-0.470512	-0.848915	-0.240751
-0.0119411	-0.44766	0.894124
0.175147	-0.796477	0.578746
-0.543358	-0.561272	-0.624289
-0.407583	-0.634455	0.656767
-0.278952	-0.923764	0.262384
-0.0253913	-0.994389	0.102691
-0.213315	-0.693489	-0.688164
0.401936	-0.90533	0.137208
-0.767273	-0.630038	0.11977
0.136626	-0.967161	-0.21432
0.0562797	-0.987429	0.147707
-0.0204464	-0.995283	-0.0948322
-0.209927	-0.964681	0.159128
-0.361329	-0.912769	-0.190512
0.594681	-0.803393	0.0302326
0.196848	-0.979973	0.0300538
0.433425	-0.742163	-0.511212
-0.126036	-0.923811	0.361507
-0.103866	-0.916325	-0.386731
0.00436269	-0.938901	-0.344159
-0.589098	-0.807803	-0.0204397
-0.773678	-0.553795	0.307789
0.0303754	-0.983891	0.176169
0.127923	-0.640598	-0.757146
-0.438289	-0.752591	0.491436
0.582535	-0.805374	0.109659
-0.00178162	-0.856356	-0.516382
-0.147386	-0.928339	-0.341268
-0.252052	-0.967675	0.00868865
0.35975	-0.495315	-0.790723
0.356575	-0.728461	-0.584978
0.297216	-0.344586	0.890462
0.565492	-0.820626	0.082413
0.262693	-0.43497	-0.861275
-0.143454	-0.817678	-0.557516
-0.0308239	-0.997805	0.0586158
0.726167	-0.451621	0.518383
0.0453234	-0.943255	-0.328961
-0.00845973	-0.577995	0.815996
-0.709002	-0.69881	0.0947664
-0.234819	-0.96552	0.11239
-0.0498129	-0.978299	0.201119
-0.000812781	-0.994243	-0.107141
-0.352232	-0.930858	0.0971358
0.168918	-0.953458	0.24977
0.151606	-0.71942	0.677828
-0.0489675	-0.984862	-0.166279
0.0948604	-0.891338	-0.443303
-0.11225	-0.913191	-0.391767
-0.544792	-0.739897	0.394657
0.345579	-0.891408	-0.293201
0.0829031	-0.871388	0.483539
-0.607577	-0.583761	0.538584
0.376095	-0.737847	-0.560476
-0.43816	-0.894613	-0.0876581
0.810991	-0.583485	0.0428925
-0.61758	-0.239093	0.749286
-0.0242445	-0.993654	0.10984
-0.181045	-0.981919	0.0552964
-0.0193065	-0.718268	0.695498
-0.281372	-0.92577	-0.252546
-0.774226	-0.631748	-0.0383227
0.80086	-0.598482	0.0210535
-0.0358929	-0.71858	0.694517
-0.626106	-0.777277	0.0619045
-0.908175	-0.418529	0.00714113
0.0231011	-0.642452	0.765978
-0.276286	-0.846609	0.454884
-0.189241	-0.898826	-0.395348
0.274363	-0.954044	-0.120522
0.405205	-0.899641	0.16265
-0.627527	-0.734238	0.259045
0.137323	-0.587416	-0.797549
-0.160946	-0.921001	0.354758
0.428634	-0.816388	-0.387019
-0.14319	-0.933776	-0.327962
-0.419114	-0.685057	-0.595853
0.356154	-0.819321	-0.449295
0.214744	-0.650395	-0.728609
-0.0340665	-0.975154	0.218891
-0.304995	-0.943708	0.128037
0.287019	-0.738319	-0.610332
0.0214715	-0.125754	-0.991829
-0.512097	-0.848241	0.135071
0.160462	-0.58948	-0.791686
0.0189902	-0.94805	-0.317555
0.181588	-0.894827	0.407812
0.696307	-0.716684	0.0389921
0.285993	-0.957918	-0.0245127
0.187384	-0.940287	-0.284162
0.397873	-0.70214	-0.590505
0.186585	-0.203276	-0.961179
0.0226526	-0.257865	-0.965915
0.239345	-0.969988	-0.042867
-0.376106	-0.914058	0.151799
0.445379	-0.890894	0.0891335
0.596868	-0.801372	0.0393857
0.029556	-0.715716	-0.697766
0.00368552	-0.995896	-0.0904249
-0.213841	-0.756173	0.618446
-0.653463	-0.698243	0.292305
0.148171	-0.891608	0.427879
0.447273	-0.889906	-0.089527
0.326534	-0.937105	0.123329
-0.0130857	-0.98165	-0.190243
-0.150453	-0.749586	0.644581
0.269771	-0.90923	0.317057
-0.64981	-0.757709	0.0601918
-0.601868	-0.782706	-0.158513
-0.1781	-0.950746	-0.253699
0.785762	-0.56509	-0.251498
-0.298013	-0.820674	-0.487527
-0.538893	-0.838843	-0.0770484
0.433796	-0.901004	-0.00342814
-0.688942	-0.716267	0.110999
0.0908925	-0.909135	-0.406464
0.139025	-0.971636	0.191297
0.46459	-0.88455	-0.0415722
-0.257988	-0.821736	-0.508126
-0.312272	-0.804968	-0.504493
0.566255	-0.694576	-0.443757
-0.00502527	-0.941224	0.337747
0.0296201	-0.98374	0.177141
0.160099	-0.958218	-0.237036
-0.535599	-0.826289	-0.174299
0.952472	-0.176484	-0.248295
-0.722209	-0.329647	0.608068
0.234449	-0.970593	0.0546212
-0.42111	-0.797228	0.432544
-0.429265	-0.897076	0.10481
0.282448	-0.948245	-0.145101
-0.697465	-0.22042	-0.681878
-0.142768	-0.98547	-0.0920153
-0.629813	-0.589669	-0.505595
0.206799	-0.82978	-0.518362
-0.456173	-0.795295	0.399264
-0.957044	-9.82688e-05	0.289944
-0.832331	-0.554273	-0.00269697
-0.0147846	0.202507	-0.979169
-0.430433	-0.386917	-0.81549
-0.0775074	-0.840721	-0.535893
0.120066	-0.942665	0.311395
0.119273	-0.757316	-0.642064
-0.635371	-0.772036	0.0162603
0.158185	-0.92831	0.336478
-0.41584	-0.905813	-0.0811123
-0.437209	-0.898579	0.0374755
-0.151664	-0.62659	-0.76445
0.161686	-0.929943	-0.330248
0.0237179	-0.977809	0.208151
0.622911	-0.747219	0.231614
-0.227975	-0.85341	0.468742
-0.223233	-0.798394	0.559227
-0.235414	-0.473395	-0.84881
-0.432976	-0.892217	-0.128378
-0.226243	-0.972426	0.0565831
-0.436422	-0.68797	0.579857
0.355581	-0.934196	-0.0289817
-0.473019	-0.880503	-0.0310905
-0.302874	-0.840482	-0.449286
0.390054	-0.843927	-0.368301
-0.736508	-0.653218	0.175679
0.140108	-0.775045	-0.616178
0.224377	-0.974198	0.024336
-0.423105	-0.8503	0.313005
-0.218377	-0.394134	-0.892732
-0.33473	-0.816154	-0.471008
-0.164852	-0.887071	-0.431194
-0.585565	-0.764517	0.269493
-0.449389	-0.776092	0.442415
-0.641795	-0.705408	-0.30083
-0.708281	-0.690321	0.147632
-0.00872604	-0.873548	-0.48666
-0.0897061	-0.995662	0.0246967
0.000469505	-0.965132	0.261765
-0.435606	-0.891456	0.124712
-0.4773	-0.770371	0.422744
0.190331	-0.971467	0.141517
-0.428272	-0.901745	-0.0586527
-0.145392	-0.983861	-0.104301
-0.087089	-0.990111	-0.109983
-0.263212	-0.538154	-0.800693
-0.036524	-0.953047	-0.300611
-0.602434	-0.785183	-0.143389
-0.861012	-0.418387	0.289154
-0.0247604	-0.967924	-0.250019
-0.00630548	-0.702934	0.711227
0.170015	-0.946663	-0.273722
-0.351107	-0.887669	-0.297939
0.205005	-0.978651	-0.0146329
0.219237	-0.82133	0.526642
-0.297695	-0.889925	-0.34556
0.592625	-0.730508	-0.339341
-0.175828	-0.972406	-0.153336
0.201	-0.949627	-0.240431
0.310227	-0.950368	-0.023645
0.27538	-0.810066	0.517647
-0.622834	-0.656325	-0.425812
-0.200585	-0.965205	0.167766
-0.348384	-0.627055	0.696728
-0.339793	-0.195592	-0.919937
-0.155992	-0.742285	-0.651674
-0.366157	-0.902843	-0.225397
-0.602666	-0.754902	-0.258683
0.328474	-0.409211	-0.851265
-0.570353	-0.607235	0.553138
-0.494468	-0.815598	0.3005
-0.0802679	-0.904884	-0.418021
-0.443583	-0.882136	0.158333
-0.646455	-0.570735	-0.506317
0.403618	-0.888005	-0.220318
-0.126346	-0.742616	-0.657692
-0.322234	-0.499907	0.803902
-0.538601	-0.75861	0.366634
-0.439622	-0.662549	-0.606433
-0.978008	-0.208563	-0.00144679
-0.487804	-0.834625	-0.25583
-0.32041	-0.869046	0.376957
-0.0260055	-0.885222	0.464441
-0.824887	-0.454659	0.335926
-0.23778	-0.939904	0.245034
-0.229069	-0.965439	0.124319
-0.172967	-0.97999	0.0984976
0.5744	-0.787308	0.22408
0.187217	-0.975003	0.119657
0.03932	-0.992235	-0.117998
-0.694114	-0.636662	0.335957
-0.666865	-0.70292	0.247376
-0.618165	-0.767498	0.169758
-0.129813	-0.927327	0.351017
-0.00883657	-0.985976	0.166654
-0.549189	-0.753381	0.361674
-0.155381	-0.835454	0.527136
-0.353316	-0.928891	-0.111035
0.661178	-0.69926	-0.271808
-0.639998	-0.738259	0.213017
-0.218691	-0.971765	-0.0885866
-0.0214547	-0.7368	-0.675771
-0.032658	-0.660451	0.750158
0.646262	-0.640482	0.414884
0.0111443	-0.984144	-0.17702
0.035551	-0.996073	-0.0810807
0.491739	-0.701512	0.515824
-0.0408672	-0.999158	-0.00362361
0.128885	-0.972713	0.192921
-0.448391	-0.88671	0.112658
-0.11177	-0.904237	0.412144
0.705803	-0.695615	0.13402
-0.213164	-0.976789	-0.0210609
0.106309	-0.994022	-0.0248586
0.684652	-0.623481	-0.377522
0.530506	-0.728291	0.433769
0.423616	-0.903069	0.0708159
-0.203669	-0.978212	0.0402517
0.852526	-0.517542	0.0731469
-0.234465	-0.972107	0.00586614
0.0294834	-0.664359	0.746832
0.184157	-0.977957	-0.098414
0.549023	-0.45259	-0.702663
0.0978566	-0.994326	-0.0417114
0.108608	-0.86194	0.495241
0.0240221	-0.76083	0.648506
-0.744463	-0.653251	-0.137978
0.0682962	-0.806137	-0.587775
-0.728525	-0.663129	0.17179
-0.256694	-0.736379	0.625983
-0.673634	-0.557364	-0.485349
0.501504	-0.814561	0.291518
-0.422794	-0.436209	-0.794335
0.351242	-0.935302	-0.042888
0.223741	-0.952843	0.205013
-0.661332	-0.726549	-0.18646
0.227862	-0.971185	0.0698528
0.338308	-0.936083	-0.0964181
-0.630414	-0.771309	-0.0875262
-0.37688	-0.650965	-0.658943
-0.212557	-0.824063	-0.52511
-0.856135	-0.251707	-0.451305
-0.397967	-0.770563	-0.497851
-0.290419	-0.874237	0.389059
0.0317615	-0.746269	0.664886
0.208618	-0.91591	0.34291
-0.643495	-0.726861	-0.239974
0.327089	-0.943865	-0.0461637
-0.177234	-0.973474	-0.144695
0.158835	-0.89703	-0.412442
-0.367845	-0.907331	0.20357
-0.304184	-0.952275	0.0253955
-0.259714	-0.891277	-0.371716
-0.520767	-0.670711	-0.528156
0.0183454	-0.889358	-0.456844
-0.153225	-0.981433	-0.115375
0.394041	-0.907486	0.145607
0.0241154	-0.895665	0.444075
-0.196759	-0.973679	0.115043
-0.367642	-0.722151	0.58595
-0.361583	-0.887135	-0.286792
-0.365346	-0.921236	-0.133589
0.353861	-0.927545	-0.120181
0.04008	-0.924142	-0.379942
0.0424203	-0.932327	0.359118
-0.0550013	-0.948071	0.313266
0.111857	-0.917007	0.382865
-0.568932	-0.803464	0.175391
-0.0605355	-0.980204	-0.188509
0.0136279	-0.998753	0.0480253
0.443199	-0.843258	-0.304123
-0.386076	-0.909233	-0.155693
0.607234	-0.632871	0.480355
0.344251	-0.938392	-0.0302008
0.787017	-0.616659	0.0183453
0.0381376	-0.939834	-0.339495
-0.202334	-0.978249	-0.0457067
-0.169234	-0.969487	0.177357
-0.853531	-0.50937	-0.109667
-0.0604566	-0.939493	-0.337193
-0.509138	-0.746781	0.427897
0.866507	-0.0809661	-0.492556
-0.416485	-0.867519	0.27194
-0.0535377	-0.996348	0.066519
0.36321	-0.840074	0.402933
0.509607	-0.860132	-0.0217586
-0.589428	-0.772792	0.235302
0.0957059	-0.944814	0.313315
0.834292	-0.441725	-0.329904
-0.0615703	-0.987095	0.147826
-0.218499	-0.832737	0.508731
0.359633	-0.800142	0.480039
-0.063587	-0.928479	0.365902
-0.130488	-0.94392	0.303296
-0.361938	-0.928676	0.0810057
0.345389	-0.93405	0.0908737
0.372687	-0.831205	0.412557
-0.149711	-0.964325	0.218319
-0.165281	-0.809195	-0.563813
-0.549881	-0.360653	0.753366
0.450345	-0.760569	-0.46768
-0.416722	-0.905542	-0.0796015
-0.59249	-0.645548	0.481895
-0.389687	-0.907848	-0.15478
0.748488	-0.661973	0.0394752
-0.539542	-0.622408	-0.567012
-0.192341	-0.979901	0.0528964
-0.174734	-0.804725	-0.56735
-0.35979	-0.931251	-0.057644
0.618608	-0.72607	-0.300244
-0.33342	-0.941561	-0.047888
0.267275	-0.960721	-0.0746913
-0.179057	-0.926057	0.332202
0.0687521	-0.968053	-0.241136
0.494575	-0.867241	0.0573445
0.258282	-0.957711	0.126806
-0.392039	-0.873134	0.289729
-0.236755	-0.970959	0.0344443
0.423767	-0.896128	-0.131817
0.217382	-0.957982	0.187127
-0.343935	-0.923599	0.169333
0.131879	-0.529699	0.837871
-0.0220802	-0.936945	-0.348779
0.679418	-0.0901285	0.728195
0.429261	-0.417943	0.800662
0.143132	-0.979335	-0.142888
0.236513	-0.693325	-0.680707
0.351077	-0.316454	0.88125
0.560185	-0.648334	0.515612
0.887472	-0.361005	0.286475
0.625624	-0.395559	0.672405
0.55891	-0.814239	0.156953
-0.411007	-0.898203	0.155898
-0.143613	-0.989277	-0.0265745
0.0514446	-0.90269	0.427205
-0.442484	-0.876021	0.19182
-0.199084	-0.95213	0.231981
0.284174	-0.879725	0.381222
0.575389	-0.538031	-0.615996
-0.53827	-0.8281	0.156574
0.666905	-0.744772	-0.0235035
-0.44534	-0.895064	-0.0230661
-0.0926326	-0.682248	0.725229
-0.370267	-0.830176	0.416786
-0.0144143	-0.918013	0.396289
0.215961	-0.855874	0.469938
-0.195802	-0.951435	0.237557
0.459315	-0.746171	-0.481932
-0.387806	-0.896062	0.216056
0.55562	-0.820321	-0.135498
0.910031	-0.207975	-0.358595
-0.319219	-0.731622	-0.602352
-0.104027	-0.876731	-0.469597
0.458855	-0.861555	0.217198
-0.591954	-0.773874	0.22519
-0.572402	-0.410288	-0.709944
-0.422997	-0.896122	-0.13431
0.134492	-0.862712	-0.487483
0.282543	-0.955302	0.0869913
-0.183702	-0.979785	-0.0792188
-0.18644	-0.982422	0.00930962
-0.116152	-0.983571	0.138188
-0.411235	-0.821554	-0.394885
-0.311465	-0.696627	-0.646297
-0.411559	-0.903385	0.120481
-0.0408183	-0.987654	0.151241
0.0451	-0.998944	0.0088094
0.0122938	-0.990838	0.134493
0.302726	-0.784185	0.541675
-0.408085	-0.797857	-0.443724
-0.354234	-0.759534	0.545551
0.0507026	-0.859385	0.508809
-0.600943	-0.778301	0.181976
-0.0266613	-0.9529	0.302109
-0.226372	-0.959592	0.167147
-0.247943	-0.474613	0.844551
0.109757	-0.857399	-0.502813
0.351353	-0.93014	0.106724
-0.18887	-0.954763	-0.229687
0.0628287	-0.847022	-0.527832
-0.477079	-0.836124	-0.270725
-0.031949	-0.995648	0.0875449
5.37848e-05	-0.954758	0.297384
0.149317	-0.946815	-0.285038
-0.341951	-0.887135	0.309937
-0.0671794	-0.985881	0.153377
0.411323	-0.55619	-0.722126
-0.411654	-0.659856	-0.628595
-0.238646	-0.879919	0.410842
0.216399	-0.889488	-0.402469
0.291687	-0.774736	0.560984
-0.749054	-0.662507	0.00185048
-0.394825	-0.492901	-0.775346
-0.0314755	-0.989298	-0.142472
-0.516098	-0.669695	-0.533996
0.378722	-0.869466	0.317172
-0.288056	-0.889389	-0.354981
0.133623	-0.824073	-0.550498
-0.358791	-0.910444	0.205815
-0.342561	-0.871775	0.35023
-0.233471	-0.902035	0.363077
-0.308795	-0.92146	0.235706
0.264808	-0.955506	0.129939
0.221805	-0.885915	0.407378
0.0906662	-0.99569	0.0195441
-0.115791	-0.647164	0.753506
0.317761	-0.946762	0.051675
-0.130723	-0.98746	-0.0885115
0.264413	-0.919667	0.290343
-0.00122671	-0.999932	-0.0115824
0.421147	-0.671267	-0.609948
0.898922	-0.433811	0.0612199
-0.45145	-0.891787	0.0301385
-0.505273	-0.813337	-0.288414
-0.0213536	-0.999075	0.0373262
-0.0467751	-0.959051	0.279343
-0.504569	-0.597632	0.623095
-0.706151	-0.649591	-0.281749
-0.301076	-0.856514	-0.41921
-0.627173	-0.711381	0.31716
-0.337582	-0.808598	0.48188
0.00128423	-0.929657	0.368423
0.291972	-0.792778	-0.535028
-0.139869	-0.971045	0.193669
-0.30631	-0.595706	0.742501
-0.0552521	-0.96318	-0.263117
0.295389	-0.932527	-0.207698
-0.289691	-0.729219	-0.619935
0.165902	-0.984749	-0.0524085
-0.0862258	-0.871442	-0.48286
-0.274454	-0.705119	-0.653821
-0.0481929	-0.829099	0.55702
-0.0912717	-0.985179	-0.145234
0.190552	-0.898853	0.394656
-0.352687	-0.907103	-0.22973
-0.151409	-0.861116	0.485339
-0.09959	-0.955807	-0.276614
0.0169043	-0.997835	0.0635507
-0.748914	-0.556326	-0.36004
0.284838	-0.958217	0.0261995
0.57925	-0.635208	0.510862
-0.457883	-0.869819	-0.183732
-0.0992736	-0.868373	-0.485874
-0.410457	-0.894391	-0.177733
0.0245108	-0.998985	-0.0377782
-0.56278	-0.51971	0.642791
-0.454758	-0.866846	0.204383
0.905029	-0.370912	0.2082
0.43823	-0.861482	0.256519
-0.343117	-0.735069	0.58476
-0.043753	-0.983346	-0.176395
0.0205841	-0.95878	-0.283403
-0.0416052	-0.931942	0.360214
-0.300302	-0.800811	-0.51819
0.210712	-0.952765	-0.218722
-0.241404	-0.511134	0.824903
-0.125603	-0.982707	-0.136056
0.0278173	-0.998212	0.0529124
0.0917284	-0.995777	0.00363609
0.393768	-0.91188	-0.11585
0.440794	-0.870839	-0.217578
0.0482258	-0.954323	0.29486
-0.129709	-0.918596	-0.373307
-0.365511	-0.787718	0.495886
0.515411	-0.829235	0.21615
-0.138223	-0.803019	0.579702
0.491575	-0.711989	-0.501423
-0.65047	-0.67963	0.339105
0.0534742	-0.994713	0.087678
0.290887	-0.938397	-0.186538
0.294182	-0.955631	0.0150425
0.122452	-0.870524	0.476649
0.26554	-0.917349	-0.296578
0.595637	-0.644428	0.479509
0.423188	-0.84624	-0.323712
-0.253853	-0.870674	0.42129
-0.466921	-0.884168	0.015233
-0.348874	-0.76206	0.545482
-0.658052	-0.741913	0.128581
-0.21927	-0.974785	0.041412
0.0781567	-0.983141	0.165303
0.567423	-0.822681	0.0350311
-0.680304	-0.624726	0.38328
-0.176987	-0.950746	0.254475
-0.496785	-0.822189	0.277866
0.0128364	-0.920508	-0.390514
-0.461538	-0.845833	0.267489
0.577512	-0.810472	0.0980535
0.35023	-0.919594	-0.178008
-0.476295	-0.842369	-0.252106
-0.410676	-0.814767	-0.409268
-0.429879	-0.895142	-0.118007
-0.528469	-0.73106	-0.431593
0.514976	-0.781114	-0.353073
0.155325	-0.973176	-0.169714
-0.176009	-0.911556	-0.371599
0.582046	-0.804396	0.119037
-0.70169	-0.651282	-0.288901
-0.231902	-0.957384	0.172155
-0.40763	-0.785328	-0.465938
-0.167983	-0.981823	-0.0883447
0.828808	-0.47958	0.288236
0.13229	-0.989883	-0.0512914
0.53144	-0.691944	0.488656
-0.273022	-0.912842	0.303608
-0.395279	-0.91798	0.0326529
-0.615108	-0.780362	-0.112598
-0.0289076	-0.944344	0.327688
0.247665	-0.718526	0.64991
0.233663	-0.83359	0.500529
0.248514	-0.954295	-0.166017
0.128649	-0.85349	0.50498
-0.198604	-0.928201	-0.314641
-0.541466	-0.792659	0.28019
0.202761	-0.96107	-0.187704
-0.402687	-0.449543	0.797342
0.275809	-0.961125	-0.0129438
0.296272	-0.863771	0.407581
-0.341551	-0.925108	-0.165886
0.295861	-0.910386	0.289246
-0.525476	-0.847604	0.073768
-0.586394	-0.536901	-0.606531
0.204263	-0.976658	-0.0664526
-0.0153752	-0.641376	-0.767073
-0.311987	-0.942135	-0.122657
-0.0457748	-0.997118	0.0605076
-0.461352	-0.839546	0.28691
-0.258151	-0.966095	0.00421471
0.15312	-0.952136	-0.264557
0.633504	-0.772791	-0.0382959
-0.337505	-0.778662	0.528938
0.0976843	-0.989358	0.107838
0.344165	-0.938157	-0.0375834
-0.803296	-0.458071	0.380639
0.473163	-0.774812	0.419264
-0.352549	-0.314594	-0.881328
0.229197	-0.97328	0.0139923
-0.470322	-0.755496	0.456095
0.778488	-0.411162	0.474238
-0.351333	-0.88743	0.298384
-0.658697	-0.739677	0.137828
0.635731	-0.768329	-0.0742768
0.48709	-0.873242	0.0138555
0.307378	-0.860391	0.406504
-0.0915575	-0.974839	-0.203238
0.107903	-0.885636	-0.45167
0.54173	-0.80137	0.253641
-0.403449	-0.7047	-0.583632
0.4767	-0.820049	-0.316665
0.13435	-0.978798	-0.154611
-0.107346	-0.709453	0.69653
-0.558009	-0.822913	0.106956
0.752388	-0.534391	0.385147
-0.802496	-0.41487	0.428816
-0.450375	-0.858858	0.243978
0.106069	-0.966262	0.234705
-0.734499	-0.677568	0.0375808
-0.0624004	-0.977379	0.202082
0.325218	-0.924015	0.201073
0.0680481	-0.971748	0.226
-0.415824	-0.826973	-0.378426
-0.233153	-0.96432	-0.125404
-0.438242	-0.872317	0.216809
-0.11726	-0.984858	0.127688
-0.254687	-0.680552	0.687011
-0.0985819	-0.89869	-0.427361
-0.145014	-0.903266	-0.403833
-0.0551407	-0.923523	0.379559
-0.483769	-0.873188	-0.0592552
-0.249821	-0.944959	0.211286
0.445208	-0.720739	0.531342
0.0509434	-0.697269	0.714997
0.186138	-0.870313	-0.455969
-0.140591	-0.962607	-0.231566
-0.378451	-0.925541	-0.0122313
0.0193224	-0.86176	0.506948
-0.161851	-0.981822	-0.0991475
0.334574	-0.821652	0.461463
0.318678	-0.888015	-0.331473
-0.371459	-0.821483	-0.432647
0.285808	-0.720254	0.632098
-0.360469	-0.923781	-0.129189
-0.170056	-0.954428	-0.245253
0.0490977	-0.98845	-0.143373
0.723834	-0.5422	0.426712
-0.193117	-0.210239	-0.958387
-0.0559648	-0.935214	0.349632
0.164558	-0.976566	0.138708
-0.0091727	-0.705875	-0.708277
0.224125	-0.966169	0.127612
0.225391	-0.954526	-0.195141
0.212593	-0.964702	-0.155416
-0.133387	-0.939257	0.316235
-0.014225	-0.738341	0.674278
0.307703	-0.934751	0.177648
-0.339913	-0.871999	-0.352247
-0.72305	0.491233	-0.485684
-0.447276	-0.78127	-0.435386
0.198488	-0.786649	-0.584625
0.0554237	-0.986363	-0.154974
0.081275	-0.979675	-0.183386
-0.378185	-0.75065	-0.541757
0.00735868	-0.815093	-0.579283
0.49659	-0.855984	-0.143841
0.278645	-0.958774	0.0557572
-0.247591	-0.773886	-0.582923
0.718899	0.11088	0.686214
0.599918	-0.775835	0.19539
-0.277895	-0.705982	-0.651432
0.111515	-0.873677	-0.473553
-0.282107	-0.563856	-0.776197
-0.317598	-0.906677	-0.277612
0.338575	-0.380548	0.860552
0.348872	-0.912809	-0.212294
0.0878211	-0.424486	-0.901165
-0.0816849	-0.990376	-0.111726
-0.202191	-0.94044	-0.273298
-0.294272	-0.6428	-0.707257
-0.632189	-0.766899	-0.110466
-0.0388985	-0.921905	0.385458
0.499804	-0.813047	0.298582
0.421432	-0.750489	-0.509079
0.30301	-0.922281	0.239962
-0.398579	-0.905118	0.14797
0.289643	-0.80487	-0.517969
-0.184743	-0.979592	0.0791823
0.0341088	-0.781566	0.622889
0.0200096	-0.961773	-0.273116
-0.145252	-0.878907	-0.454339
0.194032	-0.700059	-0.687218
-0.10086	-0.99479	0.014812
-0.499643	-0.709332	0.497197
0.0508682	-0.982296	-0.180295
-0.174202	-0.548681	0.817681
0.283028	-0.957962	-0.046938
0.0030019	-0.996448	-0.0841573
-0.0420747	-0.277332	-0.959852
-0.286328	-0.957835	0.023852
0.605866	-0.775311	-0.178378
-0.27979	-0.879119	-0.385835
0.472941	-0.873516	0.11531
0.0123314	-0.995727	0.0915238
0.409644	-0.899618	0.151262
-0.311292	-0.839976	-0.444451
-0.0236877	-0.793277	-0.6084
-0.149911	-0.947621	-0.28203
0.217458	-0.955814	-0.197819
-0.295011	-0.921777	-0.251587
-0.413243	-0.74725	0.520431
-0.0163593	-0.978371	-0.206212
0.0960914	-0.948341	-0.302351
-0.0679457	-0.927296	-0.36811
0.112678	-0.908394	-0.402646
-0.605614	-0.795706	0.00909433
-0.0632258	-0.997635	-0.026977
-0.157037	-0.975568	-0.153646
0.287028	-0.957814	-0.0144027
0.00731265	-0.989568	-0.143884
-0.57191	-0.818741	-0.0508017
-0.00538766	-0.877879	-0.478852
0.616648	-0.737189	-0.276218
0.247211	-0.944004	0.218503
0.436532	-0.806939	0.397855
0.574928	-0.816153	0.0578889
0.0608049	-0.997716	0.0294333
0.259439	-0.896506	-0.359123
-0.090718	-0.984894	0.147492
0.076579	-0.911158	0.40488
0.522411	-0.662732	0.536537
-0.444615	-0.894606	-0.0446855
-0.0866045	-0.951689	-0.294598
0.614768	-0.679618	0.400225
0.779744	-0.611861	-0.132763
-0.305413	-0.949489	0.0720594
0.578251	-0.636961	0.50981
0.241631	-0.952054	0.187637
0.502039	-0.799213	0.330477
0.050443	-0.96883	-0.242537
-0.307799	-0.894357	-0.324631
-0.427055	-0.903858	-0.02577
-0.394103	-0.875877	-0.278427
0.156333	-0.871364	0.465064
0.0887398	-0.980841	-0.173423
-0.251474	-0.966131	0.0578954
-0.640674	-0.747315	-0.176228
-0.129779	-0.985622	-0.108196
0.0369182	-0.946234	-0.32137
0.132546	-0.79134	-0.596835
0.387673	-0.886991	-0.250912
-0.0463844	-0.820492	0.569773
-0.462176	-0.802997	-0.376285
-0.458128	-0.666107	0.588575
-0.118306	-0.947846	-0.295959
0.174061	-0.974472	-0.141801
-0.247535	-0.968592	-0.0235997
0.379881	-0.744284	-0.549301
0.113524	-0.946106	0.303309
0.107478	-0.891643	-0.439797
0.093977	-0.84747	-0.522459
-0.418224	-0.826522	0.376762
-0.430889	-0.883846	0.182074
0.0787012	-0.933291	0.350392
0.334545	-0.941244	-0.0462649
-0.155718	-0.97846	-0.135526
-0.567867	-0.75525	0.3273
-0.501864	-0.857723	-0.111551
-0.692048	-0.63304	0.346886
0.379887	-0.916869	0.122625
-0.682523	-0.727434	0.0707244
-0.218584	-0.951269	-0.217504
-0.067098	-0.988773	-0.133516
0.241682	-0.857843	0.453536
0.142673	-0.983305	0.112943
-0.0296816	-0.908405	-0.417036
0.187172	-0.956373	0.224315
0.0331165	-0.983809	0.176135
0.259172	-0.861378	-0.436873
-0.40507	-0.76106	-0.506662
-0.028309	-0.971173	-0.236688
0.0868636	-0.996077	-0.0168715
-0.199934	-0.978261	-0.0550565
-0.260532	-0.960056	-0.102055
-0.374084	-0.849708	-0.37156
0.255071	-0.946997	0.195285
-0.444362	-0.844448	-0.299081
0.499896	-0.817135	0.287046
0.20986	-0.959558	0.187638
0.236999	-0.810866	0.535095
-0.0989803	-0.818319	-0.566178
0.225631	-0.84355	-0.487354
0.049562	-0.842693	0.536108
0.220697	-0.952432	0.210156
0.0537452	-0.998538	-0.00572303
0.0909003	-0.745783	-0.659958
-0.353025	-0.897206	0.265321
-0.493855	-0.854246	0.162392
0.0363642	-0.978482	-0.2031
0.222972	-0.610713	0.759811
0.347069	-0.874986	0.337554
-0.0987715	-0.994949	-0.0178831
-0.466234	-0.803787	-0.369529
-0.356581	-0.843889	0.400876
0.29668	-0.940914	0.163288
0.0417711	-0.966576	-0.252953
-0.155558	-0.987545	-0.0236125
-0.440465	-0.897318	-0.028468
-0.284341	-0.853177	-0.437309
-0.249975	-0.840397	-0.48088
-0.131271	-0.79679	-0.589825
-0.682725	-0.695066	-0.225323
0.348859	-0.916363	0.19641
-0.253622	-0.840402	0.478958
-0.276606	-0.957416	0.0827274
0.207363	-0.960026	0.188017
0.138705	-0.92816	-0.345369
-0.228393	-0.946895	0.226331
-0.159843	-0.986669	0.0305623
0.286421	-0.721935	0.629899
0.103348	-0.900968	0.421398
-0.293069	-0.955254	-0.0400145
-0.0218692	-0.799289	0.600549
0.595246	-0.787035	-0.162045
-0.535426	-0.575994	0.617697
0.376353	-0.923133	-0.0786333
0.402113	-0.904348	0.143037
-0.0500329	-0.941828	-0.33235
-0.857678	0.336012	-0.389209
-0.0136368	-0.816455	-0.577249
-0.257906	-0.8966	0.35999
-0.156472	-0.987078	-0.0345622
-0.396794	-0.843677	-0.361612
0.430766	-0.852811	0.295219
0.645936	-0.751952	-0.131662
-0.745145	-0.5686	-0.348501
0.670751	-0.464543	0.57818
-0.0439436	-0.948479	-0.313778
0.358084	-0.878739	-0.315584
-0.178319	-0.839266	0.513649
-0.127289	-0.826563	-0.548261
0.178782	-0.750886	0.635773
-0.308761	-0.88721	0.342819
0.341622	-0.735664	-0.584887
-0.116541	-0.94584	-0.302994
-0.434317	-0.745797	0.50513
0.100849	-0.993021	-0.0611407
0.479452	-0.220906	-0.849309
-0.641391	-0.75857	0.114845
-0.025533	-0.944892	0.326384
-0.0436676	-0.972769	-0.227625
-0.100353	-0.991774	0.0794622
-0.485477	-0.845283	-0.223177
0.486474	-0.444788	0.752001
-0.140084	-0.856434	-0.496888
0.336707	-0.918171	0.208784
-0.0501545	-0.75626	0.652346
-0.488573	-0.636	-0.597327
0.722778	-0.597766	-0.346797
-0.50434	-0.829959	0.238346
0.530873	-0.827195	0.184182
-0.292177	-0.941481	0.168063
0.692393	-0.629847	0.351973
-0.520752	-0.776566	0.354629
-0.0763662	-0.46676	0.881081
-0.377313	-0.925493	-0.033124
0.321975	-0.62735	0.709059
-0.339832	-0.8863	0.314622
0.0303664	-0.862708	-0.504791
0.426966	-0.565837	-0.705356
0.528232	-0.709649	0.466228
0.216175	-0.976316	-0.00867585
-0.722796	-0.69106	-0.00144805
-0.740817	-0.669501	-0.0543905
0.653058	-0.752173	-0.0880371
0.614643	-0.78193	-0.10392
-0.331915	-0.72861	0.599132
0.445106	-0.879897	0.166319
0.481448	-0.858193	-0.178079
0.0409892	-0.981556	0.186732
-0.00378798	-0.837043	-0.547124
-0.220483	-0.971596	0.0859542
-0.736308	-0.626074	-0.256673
-0.235747	-0.967067	0.0959385
-0.0900817	-0.93551	0.341623
0.134335	-0.847447	0.513603
-0.219285	-0.568246	0.793102
-0.0536954	-0.995074	-0.0833317
-0.140421	-0.753248	0.642572
-0.427062	-0.829569	0.359768
-0.144081	-0.973374	-0.178277
0.207767	-0.962507	-0.174394
0.202362	-0.979187	-0.0155815
-0.190396	-0.79113	-0.58126
0.429115	-0.706468	-0.562818
-0.192059	-0.513238	0.836481
0.309155	-0.870962	0.381902
-0.160561	-0.947566	-0.276294
0.0250005	-0.837112	-0.54646
-0.296676	-0.876487	-0.379148
-0.539452	-0.680596	-0.495763
0.00387701	-0.970865	-0.239596
0.0466597	-0.844329	-0.53379
-0.331525	-0.892812	-0.304922
0.176136	-0.84335	-0.507678
0.840436	-0.517119	-0.162038
0.164653	-0.821018	-0.546643
-0.35151	-0.771677	-0.530051
-0.501016	-0.865275	0.0167973
0.0461195	-0.789758	-0.611682
-0.319162	-0.945685	0.0617776
-0.765229	-0.641492	-0.0539634
-0.453198	-0.724268	-0.519661
-0.279597	-0.95809	0.062368
0.0656982	-0.984186	0.164502
-0.430915	-0.841966	0.324663
0.237101	-0.661155	-0.711799
0.609373	-0.776008	0.162714
-0.453475	-0.886569	-0.0914116
-0.546529	-0.755634	0.361003
0.183292	-0.906264	0.380906
-0.308652	-0.914108	0.262946
-0.0181816	-0.869549	-0.493511
-0.7011	-0.693278	-0.166803
0.765061	-0.602047	0.228519
0.0507161	-0.791835	0.608625
-0.582576	-0.812659	-0.0137722
0.411337	-0.72816	0.548256
0.234865	-0.971713	0.0247528
0.107822	-0.912147	0.395427
-0.439592	-0.525991	-0.728075
0.0904286	-0.989737	-0.110651
0.265562	-0.847428	0.45972
0.0317699	-0.946861	-0.320069
-0.240841	-0.949386	0.201649
0.536871	-0.843426	0.0200358
0.190797	-0.331397	-0.923998
-0.69984	-0.386921	0.60043
0.279644	-0.95131	0.129645
0.806535	-0.42081	0.415234
-0.0551023	-0.46463	-0.883789
-0.822009	-0.449841	0.349207
0.109434	-0.938966	0.326138
-0.125376	-0.987439	-0.0961534
0.005678	-0.994321	0.106275
0.400683	-0.64865	0.647075
0.414769	-0.456227	0.787289
-0.236752	-0.971392	-0.0185846
-0.291132	-0.926235	0.239439
0.620556	-0.764477	0.174598
0.319623	-0.946955	-0.0334362
-0.0303901	-0.969435	-0.243458
-0.190185	-0.948647	0.252779
0.265627	-0.947534	0.177825
0.39868	-0.841976	0.363498
-0.50471	-0.407791	-0.760904
0.0427407	-0.809111	0.5861
0.419565	-0.899754	0.120031
0.675814	-0.691935	-0.253971
-0.130821	-0.828838	-0.54398
-0.403418	-0.870671	-0.281402
-0.258876	-0.899861	0.351045
-0.437328	-0.875513	0.205479
-0.122303	-0.857785	-0.499246
-0.535038	-0.827393	-0.170746
0.150519	-0.950681	-0.271201
-0.493373	-0.578545	-0.649514
-0.544126	-0.58323	0.603133
0.622776	-0.647312	-0.439474
-0.755475	-0.651975	-0.0646943
-0.102623	-0.992796	-0.0618406
0.361074	-0.897978	0.251516
0.518012	-0.801924	0.297627
0.221586	-0.950077	0.219665
-0.0665436	-0.63667	0.76826
0.127391	-0.948566	-0.289818
-0.207994	-0.941624	0.264731
0.342164	-0.904534	0.254445
0.043036	-0.688413	-0.724041
-0.366026	-0.82757	-0.425621
0.196881	-0.8544	-0.480873
-0.501221	-0.829578	0.246124
0.23933	-0.968273	-0.0718914
-0.095487	-0.991897	-0.0838049
-0.755766	-0.641921	0.129439
-0.314774	-0.666382	-0.675908
0.716463	-0.61832	0.323049
0.325548	-0.616126	-0.717222
-0.353931	-0.914381	0.196569
0.780791	-0.564635	0.267493
0.703457	-0.704538	0.0936745
-0.351822	-0.935792	0.0227106
-0.379445	-0.889602	-0.254224
0.609431	-0.792027	0.0358687
0.150253	-0.986299	0.0680989
0.314304	-0.941809	-0.119196
0.0560468	-0.997261	0.0482678
0.0643558	-0.997671	0.0226
-0.888922	-0.457015	0.0309132
-0.969694	-0.243778	-0.0163019
-0.180492	-0.934995	0.305297
0.257016	-0.863857	0.433235
-0.737948	-0.578578	0.347391
-0.349368	-0.873498	0.339032
0.237562	-0.827218	0.50919
0.498168	-0.654418	0.568829
-0.474321	-0.760342	0.443733
0.0981924	-0.993744	0.0532109
-0.308228	-0.929196	0.203939
-0.302323	-0.77946	0.548674
-0.739858	-0.440675	0.508346
0.0835933	-0.546999	0.832949
0.192998	-0.978396	-0.074118
-0.322915	-0.943551	0.0737425
0.370395	-0.920198	-0.126663
-0.173485	-0.984255	-0.0338336
0.111277	-0.993378	-0.0285967
-0.52943	-0.763864	-0.369073
-0.344432	-0.753033	-0.560631
-0.282695	-0.95847	0.0376768
-0.224947	-0.842975	-0.488663
0.389444	-0.920338	0.0362042
-0.508417	-0.853134	0.11694
0.480982	-0.596046	-0.64295
0.373854	-0.907326	0.192334
0.282935	-0.957857	-0.0495677
0.180315	-0.947787	-0.263031
-0.120495	-0.884624	-0.450468
-0.675345	-0.7375	-0.00175994
-0.180424	-0.878986	0.441396
0.343167	-0.318012	-0.883801
-0.140931	-0.989039	0.0440425
0.476208	-0.791905	0.382247
-0.0570698	-0.998352	-0.00605349
-0.56031	-0.609811	0.560521
-0.0352117	-0.9989	-0.030968
-0.734542	-0.675111	-0.0683604
-0.227759	-0.904789	-0.359836
0.0926404	-0.808155	-0.581638
-0.132462	-0.98972	0.053926
0.367958	-0.779568	0.506834
-0.39571	-0.896711	-0.198298
-0.314935	-0.942771	0.109536
-0.687996	-0.621768	-0.374255
-0.180439	-0.977723	-0.107236
0.426637	-0.812398	-0.39748
-0.513244	-0.561884	-0.648742
-0.388699	-0.88527	-0.255363
-0.113052	-0.901749	-0.417216
-0.242	-0.273355	0.930974
0.11746	-0.764876	0.633378
-0.230939	-0.904604	0.358273
-0.0225104	-0.995767	-0.0891102
-0.0212694	-0.969162	-0.245503
-0.237566	-0.88358	-0.403544
0.235772	-0.961287	-0.142618
-0.00731799	-0.981414	0.19176
-0.0485529	-0.857483	0.512217
0.0133542	-0.298235	0.954399
-0.189051	-0.966577	0.173174
-0.213045	-0.969371	0.122197
-0.533515	-0.820608	-0.204853
-0.0183147	-0.889081	0.457383
0.737392	-0.590553	-0.327873
0.0167679	-0.990254	-0.138261
0.494998	-0.733773	0.465354
-0.904972	-0.342535	0.25238
-0.610393	-0.792076	0.00603292
0.078941	-0.995778	0.0468367
-0.387542	-0.908889	-0.154048
-0.259445	-0.952833	-0.157475
-0.26973	-0.914734	-0.300844
0.129025	-0.891469	0.434322
-0.06884	-0.886671	-0.457248
0.520913	-0.715302	0.465825
-0.315483	-0.94523	-0.0837298
0.427964	-0.903703	-0.0129878
-0.00202318	-0.99761	-0.0690642
0.314868	-0.688533	0.653284
0.447829	-0.884303	-0.132129
0.140058	-0.892038	0.429712
-0.796309	-0.604132	-0.0302944
-0.572674	-0.800088	0.178618
0.166762	-0.930554	-0.325974
-0.400713	-0.754426	-0.519876
0.150625	-0.984826	0.0862014
0.557688	-0.79724	0.231067
0.168034	-0.904552	-0.391855
-0.198952	-0.638845	0.743165
-0.441832	-0.896681	-0.0273333
0.17914	-0.974884	-0.132327
0.422252	-0.870414	0.253146
-0.42022	-0.907409	-0.0050113
0.0491327	-0.648963	-0.759232
-0.443142	-0.896444	-0.00357071
0.190924	-0.981181	-0.028831
0.468493	-0.85686	0.215189
-0.0543355	-0.988843	-0.138701
-0.0136351	-0.998555	-0.0519881
0.049192	-0.916462	-0.397087
-0.370647	-0.334247	-0.866545
-0.34391	-0.921457	-0.180671
0.775825	-0.616189	-0.13567
0.202185	-0.863719	-0.46164
-0.411136	-0.825069	0.387593
-0.252625	-0.966266	0.0501103
-0.0647069	-0.972496	0.22375
-0.450142	-0.712603	-0.538116
-0.0837665	-0.876872	-0.47337
0.395094	-0.895921	-0.203042
-0.137274	-0.922516	0.360722
0.170468	-0.799269	0.57629
-0.464653	-0.858327	0.21765
0.12454	-0.991905	-0.0247995
0.21718	-0.932603	0.288243
0.0262892	-0.998392	0.0502309
0.037809	-0.999146	0.0166825
-0.421588	-0.893149	0.156677
0.168697	-0.967888	0.186368
0.179974	-0.962062	0.205051
0.200277	-0.861298	0.466964
-0.265941	-0.774881	0.573441
-0.503385	-0.861854	-0.0617362
0.0535236	-0.421157	0.905407
-0.495948	-0.862636	0.0994734
-0.0985727	-0.986169	-0.133247
-0.210407	-0.821938	-0.529289
0.200674	-0.931873	-0.302228
0.330907	-0.928436	0.168841
0.349796	-0.922596	-0.162663
-0.230244	-0.95258	0.198944
-0.362972	-0.922275	-0.132892
0.0952109	-0.974799	0.201747
0.0771777	-0.862231	-0.5006
0.701411	-0.667634	0.249575
0.188104	-0.916578	0.352847
-0.0423955	-0.935284	0.351349
-0.220814	-0.94812	-0.228715
-0.0153252	-0.997433	-0.0699488
0.647773	-0.558916	0.517691
0.12685	-0.889186	-0.439611
0.454614	-0.887863	-0.0708961
-0.263019	-0.91751	0.298323
-0.388436	-0.90433	0.176932
-0.243807	-0.881029	-0.405397
0.652646	-0.755485	-0.057412
0.512962	-0.0767364	-0.854974
-0.525341	-0.841726	0.124551
0.64202	-0.762602	0.0790527
-0.678378	-0.592908	0.433893
0.247723	-0.68695	0.683179
-0.931764	-0.227312	0.283098
-0.249275	-0.954727	0.162353
0.100647	-0.974764	-0.199263
0.540529	-0.702429	0.463057
-0.638501	-0.767881	-0.0517223
-0.284737	-0.943722	0.168268
0.676441	-0.577767	0.456742
0.261874	-0.748684	-0.609012
-0.146965	-0.977589	-0.150733
0.299834	-0.854234	0.424716
-0.303796	-0.914461	-0.267335
-0.256295	-0.934621	-0.24657
-0.552963	-0.825508	-0.113
-0.315816	-0.927486	-0.200077
0.0906622	-0.858691	-0.50441
-0.422205	-0.478643	-0.769833
0.146153	-0.918926	-0.366352
0.362498	-0.928996	-0.0745736
-0.169879	-0.973208	0.154943
-0.292772	-0.928871	0.226899
-0.240752	-0.687004	-0.685612
0.0882169	-0.857818	-0.506326
0.36246	-0.641433	0.676156
-0.664072	-0.577426	-0.474961
0.599188	-0.799288	-0.0459588
-0.391586	-0.894111	-0.217316
-0.50712	-0.790628	0.343129
-0.255409	-0.916274	-0.308559
0.621277	-0.621798	-0.476846
-0.0902821	-0.902402	0.421331
-0.0485097	-0.930627	-0.362739
0.482666	-0.60624	-0.632065
-0.177161	-0.977083	-0.117992
-0.906066	-0.198148	-0.373874
-0.221309	-0.812	-0.540073
-0.506614	-0.852102	-0.131395
0.316792	-0.842326	0.436039
-0.341123	-0.938354	-0.0559129
-0.297012	-0.858727	-0.417579
-0.0750074	-0.96488	0.251756
-0.788099	-0.571375	-0.228977
-0.019768	-0.999152	0.0361073
-0.38605	-0.895331	-0.222145
0.498385	-0.86574	0.0458938
-0.0184549	-0.912362	0.408968
-0.428722	-0.695097	0.577093
0.347231	-0.618203	-0.705163
-0.177861	-0.972909	0.147695
-0.390436	-0.914158	0.108974
-0.219983	-0.966998	-0.128537
0.358021	-0.713253	-0.602571
0.576214	-0.805755	0.13688
-0.00286671	-0.987798	0.155713
-0.204846	-0.974983	0.086292
0.240696	-0.962243	-0.127098
0.836328	-0.542731	0.0774555
0.152703	-0.966018	-0.208545
0.288859	-0.570653	-0.76871
0.28986	-0.906722	-0.306327
0.543745	-0.789337	-0.285112
-0.499513	-0.783058	-0.370549
-0.420531	-0.901967	0.0980268
-0.355795	-0.866997	-0.348892
0.113255	-0.862586	-0.493071
0.36581	-0.68687	-0.628007
0.333824	-0.932201	-0.139869
-0.173536	-0.958033	0.228162
-0.0390748	-0.996859	-0.0688807
0.115552	-0.9864	0.116892
-0.1628	-0.918396	-0.360618
0.105135	-0.54255	-0.833419
0.664654	-0.740756	-0.0975484
0.107296	-0.934977	-0.33809
0.239387	-0.970716	0.0200835
-0.0505731	-0.916237	-0.397432
0.159782	-0.867298	0.471449
0.00144023	-0.987993	-0.154489
-0.447908	-0.651143	0.612692
-0.25562	-0.900598	-0.351542
-0.143891	-0.768253	-0.623765
0.377404	-0.914676	-0.144688
0.062804	-0.99795	0.012342
-0.571375	-0.718906	-0.39586
-0.00536474	-0.999589	-0.0281768
0.325348	-0.897978	0.296285
-0.385372	-0.813518	0.435519
-0.279166	-0.953641	-0.112403
-0.714017	-0.622314	-0.320788
-0.10606	-0.84605	0.522448
0.600325	-0.783833	0.158797
-0.463619	-0.845888	0.263687
-0.165252	-0.956947	-0.238628
0.166021	-0.942114	0.291303
0.0432447	-0.986715	-0.156602
-0.0462695	-0.998396	0.0326302
0.144638	-0.901052	0.408882
0.166271	-0.948171	-0.270788
-0.592409	-0.20683	0.778635
-0.255598	-0.935607	0.243536
-0.345002	-0.842458	-0.413809
0.181745	-0.97778	-0.104475
0.500216	-0.685634	0.528857
-0.262779	-0.875546	-0.405421
-0.472624	-0.6191	-0.627169
-0.515905	-0.780727	-0.352573
-0.0138886	-0.997734	0.0658263
0.157465	-0.904379	0.396616
0.0919093	-0.988271	-0.121959
0.848953	-0.486124	-0.207274
0.0140829	-0.97046	0.24085
0.175026	-0.984319	0.02194
-0.0878839	-0.971929	0.218244
-0.491616	-0.807317	-0.326424
-0.40179	-0.79721	-0.450579
0.467338	-0.883293	0.0372593
0.591697	-0.804365	0.0537642
-0.229789	-0.550969	0.802265
0.483228	-0.783106	-0.391453
0.128829	-0.945931	-0.297688
-0.24996	-0.769036	-0.588305
0.0833892	-0.996249	-0.0231072
0.182273	-0.93559	-0.302402
0.557534	-0.724195	-0.40583
-0.271606	-0.845163	0.460359
-0.242959	-0.901886	-0.357173
0.0405418	-0.994855	0.0928412
0.116618	-0.779926	0.614911
0.218613	-0.886767	0.407249
-0.479391	-0.876357	-0.0467237
-0.128279	-0.909093	-0.396352
-0.307292	-0.844086	0.43942
0.0203092	-0.945378	-0.325343
-0.0484687	-0.849961	-0.524612
0.0520209	-0.691615	0.720391
-0.296762	-0.841064	-0.452266
-0.0411226	-0.769789	-0.636972
0.104478	-0.639347	-0.761788
-0.608628	-0.666034	0.431244
0.289053	-0.885332	-0.364191
0.233287	-0.518975	0.822339
0.0622425	-0.915142	0.398298
-0.521901	-0.850623	-0.0637173
0.0646567	-0.994941	-0.0768953
-0.666119	-0.721037	-0.190765
0.532704	-0.478133	-0.698294
-0.167009	-0.76717	-0.619321
0.0500989	-0.624581	0.779352
0.647662	-0.736318	-0.195882
0.707781	-0.685355	0.171275
0.384361	-0.889077	-0.248612
0.655157	-0.751064	-0.081689
0.077094	-0.960082	0.268884
-0.203352	-0.955889	-0.211955
0.306861	-0.903444	0.299376
-0.547465	-0.785644	0.288177
0.277914	-0.941315	-0.191547
-0.065776	-0.925945	-0.371887
0.486618	-0.810287	-0.326554
-0.132534	-0.972987	-0.189026
0.326554	-0.934201	0.143636
0.116952	-0.987354	0.107027
0.228469	-0.95609	0.183556
-0.401967	-0.905625	0.135149
-0.436537	-0.724785	-0.533031
0.355227	-0.930953	0.0844968
-0.517157	-0.845049	0.135794
-0.552925	-0.784743	-0.280094
0.185152	-0.853345	0.487361
-0.753964	-0.568992	-0.328308
0.143802	-0.986191	0.0821443
0.56896	-0.821827	0.0297375
0.375416	-0.887247	-0.268057
-0.355048	-0.923276	-0.146636
-0.126058	-0.628462	0.767558
-0.491976	-0.865232	-0.0966046
-0.603559	-0.791601	0.0953122
-0.182529	-0.975656	-0.121568
-0.197054	-0.887438	0.416682
0.211677	-0.730361	-0.649434
0.0089049	-0.971643	-0.236287
0.605174	-0.445608	0.659696
0.496374	-0.84649	0.192531
0.00741274	-0.985903	0.167156
0.0774271	-0.98982	-0.119422
0.391337	-0.88616	-0.248145
-0.204998	-0.90089	0.382588
0.167545	-0.607354	0.776563
0.204817	-0.943776	-0.259492
-0.11016	-0.942623	-0.315162
0.0654482	-0.997587	-0.0231882
0.470592	-0.732769	0.491522
-0.342006	-0.937314	-0.0668956
-0.719312	-0.652978	-0.237086
-0.235469	-0.78295	0.575799
0.0638982	-0.89471	0.442053
0.139588	-0.974607	0.175092
0.133726	-0.985726	0.10228
-0.029024	-0.871248	-0.489985
0.108466	-0.992917	-0.0484949
-0.49512	-0.853548	0.162211
0.0493658	-0.997056	-0.0586783
-0.331471	-0.939768	0.083447
0.241967	-0.948094	0.206322
-0.361388	-0.815431	-0.452185
-0.0753026	-0.953021	-0.293394
-0.212134	-0.907489	-0.362578
-0.407868	-0.905308	0.11858
-0.231286	-0.891822	0.388794
-0.272754	-0.769184	-0.577894
-0.603839	-0.631479	0.486429
-0.319836	-0.653888	0.685664
-0.28866	-0.889799	-0.353458
0.65237	-0.542684	0.529063
-0.0431254	-0.837955	0.544033
0.177585	-0.978466	0.105201
0.36381	-0.729407	0.579317
-0.0917964	-0.983708	-0.154569
-0.347465	-0.886981	0.30419
-0.791074	-0.551859	0.26392
-0.124301	-0.989942	0.0675539
-0.35792	-0.817692	0.450858
-0.0276153	-0.962607	0.269491
0.171206	-0.983856	-0.0521065
0.321668	-0.940413	0.110241
0.022985	-0.990213	-0.137655
-0.131158	-0.837648	0.530229
0.467078	-0.876393	-0.117364
-0.0121957	-0.99967	0.0226045
0.131634	-0.991169	0.0159911
-0.160557	-0.986916	0.0147567
0.0942451	-0.895906	-0.434131
0.0233351	-0.998981	0.0386439
0.141031	-0.949641	0.279807
0.762242	-0.647261	-0.00632808
0.663099	-0.743986	0.08237
0.547723	-0.564966	-0.617101
0.246511	-0.96459	0.0937968
0.128015	-0.976907	0.171067
0.237398	-0.955698	-0.174022
-0.0778304	-0.978783	0.189541
0.406368	-0.904873	0.126769
-0.103086	-0.913457	0.393661
0.0740978	-0.994988	0.0671402
0.403908	-0.779412	0.478932
-0.141779	-0.534892	0.83294
-0.135298	-0.977606	-0.161186
-0.348992	-0.932511	0.0928822
0.266266	-0.82283	0.502049
-0.268633	-0.918455	0.290305
0.0713872	-0.977498	0.198498
0.209751	-0.964913	0.157949
0.19414	-0.854439	0.481916
-0.135763	-0.87004	-0.473918
-0.80984	-0.537243	0.235645
0.053018	-0.99837	0.0211196
-0.632558	-0.629015	-0.451897
-0.30364	-0.901029	0.309758
0.356876	-0.92329	-0.14204
0.157578	-0.83937	-0.520218
-0.435673	-0.813179	-0.385914
0.00141126	-0.968808	-0.247808
-0.235343	-0.761577	-0.603834
-0.33995	-0.938393	0.0620752
-0.441619	-0.876093	0.193478
0.392545	-0.85022	0.350764
0.104782	-0.985469	0.133686
-0.159289	-0.879468	0.448513
-0.0647802	-0.884522	-0.461979
-0.239732	-0.958122	-0.156623
0.0427315	-0.962182	-0.269037
-0.246201	-0.837385	0.488029
0.50082	-0.862868	-0.0681093
0.247384	-0.955641	0.159851
0.02074	-0.980863	0.193592
0.438738	-0.89659	0.0602972
-0.056261	-0.961784	-0.267965
-0.16175	-0.892029	0.422043
0.391814	-0.862303	-0.320803
0.384517	-0.8664	0.318587
-0.0910788	-0.970463	0.223396
-0.5356	-0.843454	0.0414511
0.265059	-0.754546	-0.600337
-0.282115	-0.93474	0.216037
0.123637	-0.832941	0.539373
-0.262382	-0.957919	-0.116393
-0.203647	-0.913224	0.352916
0.298352	-0.439569	0.84721
0.286381	-0.927319	-0.240968
-0.061036	-0.986522	-0.151819
-0.304479	-0.941397	0.145135
0.202065	-0.979361	0.00473644
0.39838	-0.740392	-0.541399
-0.43084	-0.668759	-0.605919
-0.545441	-0.641153	0.539831
-0.216463	-0.962342	0.164443
0.296152	-0.927506	0.228095
-0.488845	-0.781945	-0.386772
0.213683	-0.933793	-0.287001
-0.292515	-0.814692	-0.500712
0.443451	-0.836141	-0.322831
0.690879	-0.721974	0.037944
-0.213368	-0.945067	0.247633
0.374964	-0.738442	0.560451
0.0115616	-0.883101	-0.469041
-0.129927	-0.943267	0.30556
0.59617	-0.462219	-0.656456
-0.258117	-0.913827	0.313523
0.60648	-0.738794	0.29388
-0.0536944	-0.985305	-0.162146
0.426681	-0.858583	0.284217
0.164646	-0.984881	-0.0538581
-0.126205	-0.947212	0.294722
0.153247	-0.773838	-0.614566
-0.0206496	-0.999762	0.00705844
-0.516263	-0.703487	0.488446
0.311185	-0.92717	-0.208612
0.357548	-0.523697	0.773241
-0.288764	-0.763115	0.578162
0.117701	-0.588859	0.799619
0.224653	-0.968328	-0.108954
0.232714	-0.861191	0.451879
0.109716	-0.975371	0.191349
0.751498	-0.65938	0.0216508
-0.140942	-0.980114	0.139683
-0.190856	-0.936435	0.294388
0.0418847	-0.775676	0.62974
-0.390687	-0.868168	0.30602
-0.0102904	-0.993613	-0.112367
0.314249	-0.807749	-0.498788
0.297854	-0.949285	-0.100703
-0.328726	-0.88088	0.340571
0.00978018	-0.830635	-0.556732
-0.13071	-0.991374	-0.00956058
0.31287	-0.949618	-0.0183587
-0.208959	-0.875396	0.435911
-0.458483	-0.760389	0.460002
0.402662	-0.911514	0.0836967
-0.242149	-0.965661	0.0941464
0.279778	-0.956613	0.0813393
-0.481591	-0.871128	-0.0959473
0.32431	-0.939145	0.113266
-0.388178	-0.89925	0.201662
-0.890132	-0.45368	0.0428923
-0.232208	-0.916215	-0.326541
-0.157837	-0.92088	-0.356465
-0.343175	-0.716795	-0.606989
0.349521	-0.851006	-0.391949
-0.245655	-0.968805	0.0327059
-0.111923	-0.984605	0.13426
0.0426762	-0.999036	-0.0102675
-0.225022	-0.929229	0.293084
0.0549459	-0.943502	-0.326781
-0.333432	-0.727303	-0.599878
-0.719033	-0.60912	-0.334612
0.367589	-0.915802	-0.161816
0.0223645	-0.849502	-0.527111
-0.449679	-0.879582	0.155319
-0.373291	-0.624582	0.685967
-0.0712893	-0.990275	-0.119472
0.172518	-0.826612	-0.535677
-0.517147	-0.843001	-0.148015
0.202184	-0.979033	0.0248273
0.129091	-0.967979	0.215295
-0.508335	-0.846873	-0.156212
-0.165117	-0.935925	-0.311095
-0.371795	-0.924888	0.0796924
0.225566	-0.942595	-0.24624
-0.0820014	-0.994967	-0.0575809
0.0471292	-0.981273	-0.186765
-0.296958	-0.866186	-0.401917
-0.379712	-0.88941	0.254495
-0.502405	-0.803213	0.32006
0.601073	-0.797345	0.0543352
0.429607	-0.89916	0.0833633
-0.108675	-0.885168	0.452401
0.424123	-0.892505	0.153477
0.205614	-0.97822	-0.0284327
0.790974	-0.600271	-0.118472
-0.364115	-0.85934	0.359104
-0.620184	-0.772688	0.13537
0.0317899	-0.936359	0.349601
0.790098	-0.553983	-0.262391
0.187486	-0.855559	0.482564
-0.137603	-0.93887	0.315577
0.225282	-0.836193	-0.500029
0.722961	-0.688648	0.0556011
-0.145741	-0.833568	-0.532845
0.523248	-0.835458	-0.167991
0.441738	-0.886246	0.139412
-0.268038	-0.854934	-0.44412
-0.427501	-0.830632	-0.356781
-0.740618	-0.667204	-0.0795235
0.151756	-0.988099	0.0251036
-0.0479535	-0.917746	0.394262
0.13422	-0.578056	0.804883
0.0337077	-0.988595	0.146777
0.424311	-0.858421	-0.288225
-0.178929	-0.758235	-0.626948
0.326566	-0.875097	0.357156
-0.0575439	-0.951561	-0.302028
-0.389102	-0.918755	-0.0669944
-0.0230648	-0.999344	-0.0279142
-0.178311	-0.926598	0.331092
-0.14032	-0.980178	0.139859
-0.198978	-0.76353	-0.614352
-0.422201	-0.899422	0.113081
-0.174021	-0.982961	0.0591995
-0.203271	-0.707084	-0.677283
0.352539	-0.931549	-0.0890665
-0.0741023	-0.962544	0.260803
-0.704683	-0.692991	0.15227
-0.5864	-0.498499	0.638461
0.12071	-0.980317	-0.156228
0.291745	-0.952262	-0.0898998
0.331643	-0.938959	0.0914819
-0.41432	-0.724937	-0.550278
-0.634875	-0.758588	-0.146551
0.179529	-0.972014	-0.151517
-0.600682	-0.789766	-0.124298
0.18399	-0.980152	-0.0738235
-0.187255	-0.981639	-0.0363254
-0.270989	-0.962278	-0.0241922
0.286782	-0.934343	0.211563
0.11414	-0.978928	-0.169331
0.368388	-0.826653	0.425364
0.436852	-0.87877	0.192154
-0.0606438	-0.900162	-0.431313
-0.0909324	-0.97938	0.180403
-0.307861	-0.943624	0.121633
0.285837	-0.361462	0.887493
0.1039	-0.994213	-0.0272852
0.279725	-0.960062	-0.00590211
-0.127932	-0.90547	0.40467
0.690728	-0.650946	-0.314904
-0.361953	-0.889704	0.278237
0.0781398	-0.983037	0.165929
0.0472712	-0.975791	-0.213534
-0.584269	-0.798223	0.146529
-0.00429043	-0.982777	-0.184745
0.404272	-0.848026	-0.342661
-0.408027	-0.912866	-0.0137737
-0.523961	-0.801951	0.28695
0.288105	-0.883592	-0.369135
-0.235572	-0.939402	0.249057
-0.000959394	-0.996212	-0.086951
-0.444275	-0.750328	-0.489518
-0.283737	-0.740651	-0.60904
-0.165257	-0.984891	0.0517717
0.149988	-0.842297	0.517725
0.523699	-0.850225	-0.0534443
-0.179549	-0.981752	0.0626532
0.117319	-0.63189	0.766128
-0.595912	-0.801985	0.0413377
-0.353233	-0.792636	0.496945
-0.363654	-0.931533	-0.00156785
-0.199636	-0.932588	0.300708
0.579953	-0.774436	-0.252793
-0.487325	-0.863572	0.129454
-0.168532	-0.973792	0.152729
-0.121537	-0.554317	0.823384
-0.412207	-0.849017	0.330539
0.180338	-0.908817	0.376205
-0.354226	-0.89223	0.280089
0.299716	-0.863838	0.404912
-0.232492	-0.948248	-0.216273
0.230927	-0.956431	0.178643
0.61547	-0.648511	0.447918
0.285859	-0.95818	0.0132427
-0.641724	-0.753884	0.140887
-0.474	-0.810086	0.345086
0.582071	-0.743221	0.329873
0.582857	-0.796567	-0.160493
-0.221409	-0.862688	-0.454696
0.163019	-0.984331	0.067213
-0.281588	-0.712704	-0.642465
-0.586457	-0.797478	0.141765
0.251863	-0.479829	-0.840434
-0.294587	-0.834755	-0.46519
0.748777	-0.662571	0.0182272
-0.0825007	-0.77377	-0.628071
-0.104963	-0.825272	-0.554896
0.419945	-0.798652	0.431047
0.0498117	-0.7927	-0.607574
-0.018983	-0.543711	-0.839058
0.773229	-0.161702	0.613164
0.229853	-0.941948	-0.244749
0.0765316	-0.997064	-0.00235539
0.266056	-0.832398	0.486135
-0.0283028	-0.980268	0.195638
-0.505916	-0.820463	-0.266251
-0.0199367	-0.996049	-0.0865429
-0.206073	-0.969295	0.134167
0.208958	-0.832661	0.512847
0.373702	-0.922833	0.0934092
0.522386	-0.851517	0.0450696
0.622921	-0.652071	0.432172
-0.303538	-0.912301	-0.274903
0.282626	-0.927838	-0.243391
-0.388305	-0.747792	-0.538541
0.163746	-0.979912	0.113844
0.548674	-0.824442	0.138752
0.482432	-0.852429	0.201555
-0.447737	-0.672443	0.589366
-0.924132	-0.188385	-0.332402
0.176599	-0.983586	-0.0370453
-0.338109	-0.926975	-0.162478
-0.0271774	-0.699528	0.714088
-0.366986	-0.923295	0.113352
0.597398	-0.627274	-0.499642
-0.107116	-0.977443	0.182022
-0.427121	-0.709019	0.561123
0.600497	-0.798797	-0.0364215
-0.415787	-0.775508	-0.475088
0.453664	-0.871183	-0.187694
-0.325394	-0.917943	-0.226935
-0.261688	-0.915311	-0.306146
0.00645915	-0.984594	0.174735
-0.568639	-0.770191	0.288887
0.486121	-0.859128	0.159954
0.0316405	-0.908465	-0.416762
-0.44348	-0.103082	0.890337
0.369081	-0.903701	-0.217031
0.066572	-0.997147	-0.0355836
-0.0997049	-0.993917	0.0467803
0.411333	-0.894453	0.175382
0.462529	-0.875212	-0.14167
0.0910138	-0.823446	0.560048
-0.260513	-0.930048	0.25912
0.0966172	-0.990045	-0.102357
-0.196608	-0.952199	0.233799
-0.179715	-0.770922	-0.61105
0.129726	-0.954204	-0.269568
0.517676	-0.792216	-0.323117
0.0919296	-0.855138	-0.510183
0.0984808	-0.993358	0.0595099
-0.437195	-0.878575	-0.192265
0.78889	-0.605601	0.104405
-0.10594	-0.961842	0.252265
0.776936	-0.620559	-0.10619
-0.168157	-0.845809	-0.506291
-0.26379	-0.91801	-0.296096
-0.382387	-0.906091	-0.181053
-0.816357	-0.41145	0.405302
-0.0118155	-0.997921	-0.0633503
-0.376212	-0.829676	-0.412434
0.17428	-0.941427	-0.288691
-0.756526	-0.649236	0.0784974
-0.338069	-0.933682	0.118098
-0.250102	-0.940399	0.230431
0.230133	-0.927988	0.293049
-0.61628	-0.777926	-0.122597
0.610331	-0.757893	0.230422
-0.131569	-0.389983	-0.911374
-0.0485441	-0.873544	0.484318
-0.400243	-0.879183	-0.258538
0.0650302	-0.927066	0.369215
-0.164671	-0.919264	-0.357542
-0.45474	-0.74956	0.481011
-0.55274	-0.778462	-0.297446
-0.260743	-0.633929	-0.728111
-0.350025	-0.834418	0.42571
0.605711	-0.667525	-0.433041
-0.531434	-0.833257	0.152513
-0.516769	-0.854601	0.0510556
0.427704	-0.903722	-0.0188639
-0.00688155	-0.984858	-0.173225
-0.242092	-0.934606	-0.260582
-0.262208	-0.910464	0.319847
-0.199918	-0.960031	0.195892
-0.364753	-0.929976	-0.0458325
0.0721901	-0.961519	0.265085
-0.342208	-0.91226	-0.225114
0.178134	-0.980051	-0.0881353
0.465259	-0.881134	-0.0844872
-0.515099	-0.768264	-0.380057
0.027682	-0.991635	0.12607
-0.262427	-0.931497	0.251885
0.123604	-0.989309	-0.0773996
-0.329255	-0.943535	0.0365119
-0.126134	-0.989791	0.0663563
-0.0239258	-0.667716	0.744031
0.165293	-0.963009	-0.212819
-0.125647	-0.981161	0.146749
-0.56876	-0.814793	0.112364
0.0508983	-0.923478	-0.380261
0.743247	-0.619582	0.252393
-0.0240522	-0.989106	0.14523
-0.591781	-0.748098	-0.300242
-0.220867	-0.742924	0.631887
0.564954	-0.710294	0.419892
0.101842	-0.985171	0.138077
0.303513	-0.951599	-0.0483594
-0.242228	-0.848955	-0.469682
-0.10436	-0.967896	0.228661
0.332873	-0.900185	-0.280824
-0.351793	-0.472307	-0.808188
-0.0420404	-0.865215	-0.499635
-0.429032	-0.899457	-0.083114
-0.215254	-0.938291	-0.270694
0.0102598	-0.930482	-0.366193
-0.134232	-0.835639	-0.532626
-0.66227	-0.516183	-0.543096
0.00363993	-0.975821	0.218541
-0.04951	-0.996908	-0.0610131
0.00690745	-0.996753	0.0802193
0.0474163	-0.773053	-0.632566
0.244322	-0.965521	-0.0898685
0.316149	-0.884784	0.342355
0.0749523	-0.857333	-0.509276
-0.547883	-0.779526	0.303585
-0.0703733	-0.996262	0.0501061
0.524189	-0.568166	0.634361
-0.0139389	-0.843944	-0.536251
-0.0334835	-0.926233	0.375462
0.107178	-0.909782	-0.401011
-0.242165	-0.957415	0.157204
-0.0865355	-0.988768	-0.12186
0.51879	-0.819746	-0.242639
-0.228842	-0.832656	-0.504296
-0.299689	-0.857878	-0.417411
0.203388	-0.946679	-0.249863
0.256608	-0.851004	0.458197
-0.1134	-0.907544	0.404356
-0.423759	-0.898689	-0.113077
-0.42014	-0.905035	0.0662872
0.189045	-0.975204	-0.115062
-0.43942	-0.840155	-0.317883
0.235457	-0.763102	-0.60186
0.0837421	-0.993735	-0.0740095
-0.0321617	-0.909927	-0.413519
-0.0722067	-0.996939	0.0299932
0.195769	-0.940842	0.276568
0.0564242	-0.741551	-0.66852
0.843806	-0.463375	0.270693
0.0866481	-0.937806	-0.336172
-0.365038	-0.928941	-0.0617695
-0.0791188	-0.833141	-0.547372
-0.325879	-0.888614	-0.322751
-0.0169318	-0.712596	-0.70137
-0.595482	-0.724332	-0.347484
-0.467473	-0.44555	-0.763514
0.190409	-0.849518	-0.492
-0.080406	-0.995515	-0.0498446
0.61906	-0.640561	-0.454363
-0.793182	-0.596241	0.123934
-0.416075	-0.904739	-0.0912589
-0.79405	-0.440104	-0.419277
-0.290728	-0.895658	0.336561
0.296481	-0.8772	0.377649
0.112809	-0.816571	-0.566115
0.364133	-0.872981	0.324517
0.167602	-0.778448	-0.604919
0.394912	-0.860033	-0.323089
0.29395	-0.873436	-0.388204
-0.0670181	-0.978203	-0.196538
-0.160755	-0.365807	-0.916702
-0.0616211	-0.18173	-0.981416
-0.314741	-0.793062	0.521528
0.237015	-0.921224	0.308496
-0.441963	-0.896602	0.0278126
0.133416	-0.955728	-0.262267
0.214094	-0.854659	-0.472993
0.506453	-0.721316	0.47245
-0.138527	-0.982609	0.123652
-0.660857	-0.749122	-0.045654
-0.209516	-0.894444	0.39506
-0.46358	-0.807911	-0.363831
0.218977	-0.80255	-0.554944
0.150175	-0.978449	0.141722
-0.200881	-0.910586	-0.36122
-0.577264	-0.806674	0.126664
-0.0396763	-0.993449	0.107168
0.502155	-0.845654	-0.18086
-0.311723	-0.878863	-0.361149
-0.00381444	-0.755911	-0.654663
-0.278425	-0.907059	-0.31579
-0.134951	-0.835005	0.533437
0.285307	-0.949104	0.13342
0.501951	-0.844431	0.187033
-0.0279349	-0.974944	0.220687
-0.528583	-0.521073	0.670136
-0.462398	-0.883526	-0.0746327
0.0671842	-0.933671	-0.351775
0.278144	-0.917117	0.285539
0.332258	-0.929352	-0.160963
-0.376335	-0.781446	0.497708
-0.349044	-0.918724	-0.184703
-0.0546169	-0.894317	0.444087
-0.636047	-0.733489	0.239663
-0.389304	-0.907263	0.159112
0.118368	-0.843667	0.523655
-0.262607	-0.964745	0.0174294
-0.419552	-0.879224	0.225702
0.145264	-0.915873	-0.374267
-0.689454	-0.724232	-0.0118381
-0.102166	-0.469469	0.877018
-0.681929	-0.727705	0.0736079
-0.141282	-0.972227	0.186586
0.0686343	-0.965324	-0.25187
-0.0638663	-0.958659	0.277296
0.753633	-0.571542	-0.324618
-0.0656249	-0.926058	-0.371632
0.0706564	-0.996871	-0.0354506
0.111078	-0.948563	0.296463
0.204023	-0.812967	-0.545398
0.285421	-0.947199	0.146116
-0.158083	-0.960856	-0.227519
-0.0880599	-0.971267	0.221102
-0.510333	-0.83176	0.218483
-0.492699	-0.83277	0.252471
0.0317756	-0.87943	-0.474966
-0.316874	-0.866229	-0.386313
-0.0348843	-0.916785	-0.397855
-0.455338	-0.87807	0.147176
0.780011	-0.613903	-0.121264
0.117972	-0.960807	-0.250864
-0.0862331	-0.900011	-0.427252
0.269985	-0.853655	0.445399
0.446239	-0.884787	-0.134248
0.0418797	-0.996954	0.0658013
-0.613229	-0.78798	-0.0551132
-0.238682	-0.915534	-0.323771
0.169741	-0.980703	0.097
0.733547	-0.630525	-0.253666
0.507859	-0.860582	-0.0384548
-0.177476	-0.818743	-0.546042
-0.696211	-0.624169	0.354546
-0.431601	-0.879188	0.201865
-0.0880781	-0.99444	0.0577181
-0.172687	-0.981408	-0.0837681
-0.0164101	-0.99484	0.100123
0.0969085	-0.984212	-0.148108
0.176874	-0.978802	0.103256
0.373689	-0.922038	0.101009
-0.214275	-0.850871	-0.479692
-0.0544762	-0.980773	0.187396
0.620513	-0.704224	-0.34501
-0.0991261	-0.979147	-0.177326
0.33254	-0.922142	-0.197665
0.476872	-0.836923	0.268612
0.0218246	-0.996455	-0.081248
-0.648808	-0.576417	-0.496781
-0.607118	-0.748346	0.267182
-0.406201	-0.821288	0.400609
-0.0597528	-0.992511	-0.106544
0.310868	-0.946327	0.0884646
0.298317	-0.950201	-0.0901428
0.154631	-0.914572	-0.373694
-0.567434	-0.70959	-0.417733
0.169532	-0.872851	0.457592
-0.489515	-0.857373	0.159021
-0.147437	-0.832143	0.534603
-0.252678	-0.529158	-0.810028
0.232045	-0.702713	-0.672569
-0.365854	-0.927324	0.0788743
0.467037	-0.816398	0.339663
-0.293617	-0.920439	-0.258035
0.0544826	-0.72847	0.682908
-0.591586	-0.806054	0.0173994
-0.303693	-0.832332	0.463675
-0.225189	-0.863961	-0.450401
-0.0862043	-0.824095	0.559854
0.830487	-0.506707	-0.231384
-0.00832072	-0.982929	0.183799
-0.158687	-0.881925	0.443877
0.055677	-0.992589	-0.108014
0.0315152	-0.925507	-0.377417
0.531942	-0.8182	-0.218142
-0.0610461	-0.834327	0.547879
-0.0541782	-0.987813	0.14591
0.911905	-0.344739	-0.222678
-0.187096	-0.974292	-0.125503
0.158461	-0.890842	0.425782
0.0492031	-0.920375	0.38793
-0.197305	-0.956477	-0.214992
0.558878	-0.825819	-0.0753548
0.227522	-0.929844	0.289178
0.237985	-0.910825	-0.337285
-0.146941	-0.984358	-0.0971983
0.0273211	-0.977233	0.210401
-0.559037	-0.823947	0.0926786
0.141042	-0.989889	-0.01504
0.10239	-0.928487	0.356971
-0.523424	-0.82588	-0.20964
0.300053	-0.838876	0.454153
-0.364917	-0.902069	-0.230449
0.11218	-0.947393	0.299771
0.642301	-0.674564	0.363884
0.545294	-0.822072	-0.163866
0.138803	-0.87935	0.455496
0.172572	-0.984978	-0.00607575
0.257572	-0.84591	0.467004
-0.106109	-0.994077	-0.0234947
-0.585664	-0.799394	0.134043
-0.707453	-0.605833	-0.363972
-0.00454685	-0.95011	-0.311882
-0.506206	-0.845134	-0.171768
-0.43155	-0.901938	-0.0165329
0.449177	-0.580328	0.679308
0.0473121	-0.997582	-0.0509014
-0.292932	-0.92385	0.246358
0.128704	-0.961316	0.243532
-0.415298	-0.635614	-0.650786
-0.440186	-0.856685	0.268936
0.445615	-0.894816	0.0270468
-0.175563	-0.965309	-0.193278
-0.0436301	-0.459507	0.887102
-0.226371	-0.934255	0.275544
-0.00335878	-0.979852	-0.199699
0.148301	-0.822694	0.548801
0.115718	-0.976662	-0.180942
0.371908	-0.883511	-0.284767
-0.407242	-0.908672	0.0920287
-0.317829	-0.55561	-0.768298
-0.391278	-0.919998	0.0224812
0.622975	-0.633901	-0.458336
-0.326249	-0.791057	-0.517484
-0.361615	-0.844907	0.394166
0.147075	-0.988997	-0.0159575
0.22299	-0.933466	0.280921
0.301182	-0.934648	-0.189005
-0.449608	-0.86828	0.209626
-0.335469	-0.92717	-0.166784
0.272243	-0.916662	0.292598
-0.0441212	-0.97527	-0.216566
-0.183528	-0.77987	-0.598431
0.456126	-0.884748	0.0957572
0.311743	-0.927107	-0.20806
-0.515553	-0.852545	-0.0858586
-0.00923399	-0.998721	-0.0497114
-0.179437	-0.926074	0.331948
0.309712	-0.920168	-0.239519
0.495421	-0.761169	-0.418546
0.282026	-0.876193	0.390828
0.558281	-0.816521	-0.147025
0.150859	-0.985373	0.0792633
-0.039293	-0.995701	-0.0838746
0.513518	-0.751338	0.414478
0.204122	-0.942375	0.265074
-0.393785	-0.917823	-0.0503423
-0.741814	-0.487802	0.460175
-0.0290158	-0.757386	0.652322
0.229673	-0.896693	-0.378408
0.0838632	-0.89279	-0.442598
-0.140864	-0.917332	0.372371
0.391078	-0.91518	0.0974878
-0.44939	-0.863857	0.227597
-0.537873	-0.82117	-0.190717
-0.181411	-0.698354	0.692381
0.100547	-0.742482	0.662278
0.287915	-0.91204	-0.292042
-0.204482	-0.930187	-0.304859
0.341195	-0.830232	-0.440796
0.823705	-0.401494	-0.40039
0.52817	-0.783661	0.326973
0.225276	-0.915798	0.332512
-0.244986	-0.969431	0.013631
0.38216	-0.419104	-0.823593
0.403378	-0.90865	-0.107893
0.167843	-0.802713	0.57226
0.380287	-0.91928	-0.101522
-0.238511	-0.970879	-0.0225119
0.226392	-0.971846	-0.0652787
0.188079	-0.870657	-0.454514
0.0289429	-0.76715	-0.640815
-0.722186	-0.576147	-0.382755
-0.184779	-0.982741	0.00871211
0.0455181	-0.973643	0.223488
0.141748	-0.989894	0.00408996
-0.916673	-0.399317	0.0160194
0.702933	-0.698633	-0.133406
0.706753	-0.707381	-0.0106038
0.428423	-0.858413	-0.2821
0.160684	-0.980153	-0.11611
0.444996	-0.894744	-0.037584
-0.171707	-0.979144	-0.108596
0.113487	-0.595509	0.795292
-0.754803	0.0377687	-0.654863
-0.090145	-0.993277	0.0726338
-0.143304	-0.834005	-0.532822
-0.691589	-0.545893	-0.472974
0.225427	-0.968652	-0.104384
0.478749	-0.861107	-0.171153
0.145084	-0.897642	-0.416161
-0.0803474	-0.986891	-0.139966
0.0149493	-0.94591	0.324085
-0.22147	-0.902067	0.370441
-0.363365	-0.865772	-0.3441
-0.0780294	-0.868869	0.488854
-0.340387	-0.895242	-0.28754
-0.422134	-0.875246	-0.236111
-0.00894503	-0.939028	-0.343726
-0.278267	-0.960422	0.012515
0.168796	-0.983759	-0.0610435
-0.242271	-0.842751	-0.480703
0.125767	-0.98873	0.0812161
-0.637766	-0.757469	-0.139625
0.287661	-0.869687	0.401119
0.10371	-0.646592	0.755753
0.457153	-0.599423	0.657042
-0.668211	-0.687508	-0.284302
-0.246577	-0.966178	0.0754923
0.0184513	-0.703838	-0.710121
-0.431167	-0.852549	0.295392
0.079834	-0.992669	-0.0907406
0.817912	-0.569351	-0.0828202
0.0500494	-0.780042	0.623723
-0.764153	-0.590846	0.258788
0.237918	-0.9459	0.220611
-0.458699	-0.816726	-0.350075
0.106269	-0.99066	0.0854396
-0.00503099	-0.761376	0.648291
0.484483	-0.786084	0.38386
-0.0211738	-0.934764	-0.354637
-0.141574	-0.989571	-0.0265713
-0.0944986	-0.733579	0.673002
0.187717	-0.764984	0.616086
0.273206	-0.802751	0.530047
-0.13426	-0.965256	-0.224176
0.291889	-0.945271	-0.145817
-0.168725	-0.969705	0.176645
-0.408459	-0.910282	0.067447
-0.218379	-0.974554	-0.0505416
-0.379693	-0.923728	0.0505971
-0.168405	-0.971999	0.163886
-0.384468	-0.820767	-0.422523
-0.364496	-0.546365	0.754074
0.155385	-0.968319	-0.195482
0.456287	-0.624157	0.634216
-0.335203	-0.866956	-0.368818
0.14291	-0.988653	0.0462703
-0.294408	-0.943766	-0.150434
-0.29058	-0.950355	0.111305
0.216685	-0.895078	-0.389722
-0.463495	-0.857592	0.222952
0.12389	-0.976726	0.175095
-0.181103	-0.909198	-0.374915
0.496332	-0.791929	0.355672
0.446876	-0.866134	-0.223861
-0.318439	-0.826548	0.464128
0.361267	-0.920489	-0.148949
0.296587	-0.868094	0.398057
-0.508159	-0.855033	0.103408
0.163012	-0.60526	-0.779158
0.10959	-0.985934	-0.126188
-0.251358	-0.964027	-0.0864315
-0.156529	-0.856022	0.49267
-0.134806	-0.838437	-0.528064
0.128536	-0.989548	0.0653765
-0.0658822	-0.985677	-0.15524
-0.0692697	-0.944122	0.322236
0.389523	-0.91632	0.0928998
0.301012	-0.945495	-0.124223
0.13315	-0.74884	-0.649237
-0.064659	-0.752624	-0.655269
0.318785	-0.941454	-0.109727
0.0616422	-0.996607	-0.0545337
0.175171	-0.906132	0.385019
-0.434547	-0.81534	-0.382609
-0.0982252	-0.969517	0.224474
-0.425861	-0.814909	0.393147
-0.112874	-0.888583	-0.444611
0.121957	-0.958159	0.258955
0.688408	-0.653269	0.315174
0.549838	-0.684693	0.478407
-0.568396	-0.371654	0.734029
0.122917	-0.973277	-0.193966
0.297591	-0.612629	0.732206
-0.290063	-0.955441	-0.0547396
-0.156001	-0.803872	0.57398
-0.0633953	-0.904897	0.420883
-0.0190699	-0.983064	0.182268
-0.297604	-0.926216	0.231419
0.538399	-0.670508	0.510436
0.376623	-0.889901	0.257353
-0.638351	-0.749181	0.176739
0.63548	-0.651101	0.415009
-0.287922	-0.956168	-0.0533247
-0.194293	-0.447096	0.87313
0.196311	-0.812638	0.548709
-0.564288	-0.809774	0.160764
0.404653	-0.882034	-0.241397
-0.29573	-0.953883	0.0514905
-0.648837	-0.742818	0.16502
-0.126	-0.721185	0.681188
-0.557697	-0.823228	0.106157
-0.153413	-0.979927	0.127305
-0.382992	-0.718942	-0.580034
0.206849	-0.97667	0.0576982
0.131034	-0.908622	-0.396531
0.0110293	-0.918894	-0.394349
0.10136	-0.994153	-0.0372268
-0.0193796	-0.85896	-0.511675
0.0931074	-0.815433	-0.571314
-0.697397	-0.668657	0.257944
-0.107578	-0.975308	0.192876
0.821872	-0.568219	-0.0406655
-0.632294	-0.619423	-0.465317
0.0677321	-0.974149	-0.215515
-0.497826	-0.796657	0.342793
0.539458	-0.684892	-0.489803
0.189616	-0.935131	-0.299293
-0.0855167	-0.694015	0.714863
0.240842	-0.945511	-0.219099
-0.107325	-0.975506	-0.192016
0.249063	-0.968298	0.0191346
0.56098	-0.788264	0.252868
-0.502959	-0.863836	-0.0286354
0.0601662	-0.874168	-0.481882
-0.0919722	-0.809119	-0.580403
0.335824	-0.784279	-0.52166
-0.577022	-0.696555	0.426446
-0.0388511	-0.999227	0.00593642
-0.112148	-0.510824	0.852339
-0.534236	-0.681558	0.500071
0.1045	-0.988785	0.106697
0.435042	-0.789416	-0.433084
0.207701	-0.977241	-0.0431304
0.519287	-0.788567	-0.329396
-0.122689	-0.540554	0.832315
-0.194493	-0.980829	-0.0120978
0.0544744	-0.991431	-0.11873
0.847761	-0.526216	0.0663203
0.494908	-0.867382	-0.0521091
0.492583	-0.869847	-0.0270043
0.578603	-0.79463	0.183798
-0.320574	-0.508995	-0.798847
-0.198176	-0.875862	-0.439992
-0.137419	-0.983215	-0.120016
0.0922936	-0.995468	-0.0229163
0.334524	-0.932313	0.13743
0.117921	-0.992272	-0.0386075
0.0733404	-0.960771	0.26747
-0.448884	-0.888451	0.0956951
-0.0898617	-0.995697	0.022632
0.246584	-0.931504	0.267389
-0.0301097	-0.956739	-0.289385
0.00935486	-0.920401	-0.390864
0.732621	-0.591356	-0.336993
0.0383607	-0.991825	0.121706
-0.485844	-0.767902	0.417471
-0.0451007	-0.932357	0.358714
0.676676	-0.655829	-0.334661
0.0216735	-0.999646	-0.0154102
0.0355177	-0.970481	0.238546
0.204123	-0.922698	0.32705
0.0775629	-0.467575	-0.880544
-0.0148448	-0.844412	0.535489
-0.280454	-0.457646	0.843745
-0.542197	-0.457634	-0.704694
0.137224	-0.932325	-0.334575
-0.438182	-0.759715	0.480448
-0.206701	-0.923128	-0.324205
-0.290538	-0.953921	0.0749875
0.0576015	-0.996829	0.0548955
0.373285	-0.893057	-0.251211
0.169169	-0.984116	-0.0538368
-0.593586	-0.67715	-0.434884
0.048291	-0.990276	0.130469
-0.407069	-0.874154	0.264858
-0.621438	-0.491532	-0.610091
0.234276	-0.93431	-0.268662
-0.430887	-0.872269	-0.231265
-0.333557	-0.940224	0.0686923
-0.612838	-0.78995	-0.0202312
-0.266595	-0.900229	-0.34426
-0.143775	-0.989535	0.0122041
-0.710665	-0.622252	0.328264
-0.0585458	-0.996066	-0.0665225
-0.540991	-0.840994	0.00761911
-0.500342	-0.73105	-0.463922
0.412341	-0.854498	0.315924
0.172034	-0.774641	0.608552
0.785507	-0.608515	0.112637
0.573812	-0.736989	-0.357194
-0.169559	-0.938688	0.30019
-0.113256	-0.903611	-0.41311
0.647188	-0.752837	-0.119933
-0.838758	-0.400512	-0.368885
-0.307195	-0.842151	-0.443185
-0.440802	-0.891974	0.100379
0.290765	-0.955634	-0.0471157
0.00459903	-0.981266	0.192603
0.254741	-0.966573	0.0290547
-0.0135499	-0.969139	0.246142
-0.444147	-0.886442	-0.130208
-0.238323	-0.964468	0.114031
0.0425344	-0.976244	-0.212458
-0.326342	-0.517679	0.790892
0.021798	-0.981779	-0.18877
0.122811	-0.992134	-0.02425
0.139056	-0.939836	-0.312045
-0.305864	-0.776332	-0.55114
-0.120569	-0.776795	-0.618104
-0.302258	-0.947689	-0.102595
0.153337	-0.962711	-0.222881
-0.171662	-0.979509	0.105327
0.509022	-0.859688	-0.0428104
-0.417596	-0.710724	-0.566113
-0.253014	-0.874164	0.414513
-0.424615	-0.904785	-0.03266
-0.86102	-0.476117	-0.178767
-0.0995637	-0.979972	0.17246
0.531657	-0.698154	0.479501
0.696098	-0.711429	0.0965178
-0.0603005	-0.919852	-0.387603
0.427171	-0.886426	-0.178253
-0.144714	-0.94494	0.293508
-0.160635	0.00649174	0.986992
-0.115168	-0.971825	-0.205654
-0.927997	-0.367611	-0.0606908
-0.478361	-0.837444	0.264308
0.0766786	-0.98877	-0.128271
0.477301	-0.874982	-0.0811779
0.545321	-0.752781	0.368709
-0.149713	-0.970861	-0.187121
-0.106716	-0.981263	-0.160423
-0.38709	-0.872272	-0.298836
0.68975	-0.709274	0.145518
-0.221747	-0.951941	-0.211273
-0.255446	-0.712366	-0.653668
-0.295788	-0.927009	0.230572
0.313882	-0.923793	0.219282
0.070356	-0.876266	-0.476663
0.570915	-0.816268	0.0881124
0.765166	-0.605634	0.218467
0.576543	-0.786215	-0.222405
-0.433097	-0.879872	-0.195581
-0.164922	-0.980571	0.106214
0.0186478	-0.983841	-0.178072
0.555295	-0.829692	0.0570881
-0.420767	-0.86653	-0.268481
-0.365223	-0.772818	-0.519004
0.0666151	-0.902898	-0.424661
0.303076	-0.449581	0.840251
0.0849713	-0.400669	-0.912274
0.156102	-0.917138	-0.366729
0.463679	-0.801649	0.377308
0.07514	-0.955073	-0.286689
0.13829	-0.907847	-0.395841
-0.158783	-0.695553	0.700709
-0.380867	-0.565075	-0.731868
-0.463688	-0.86947	0.17034
-0.058277	-0.891992	0.44828
-0.14756	-0.986815	0.0664976
0.165931	-0.852791	0.495192
-0.461002	-0.740389	0.489184
-0.0014644	-0.946216	0.323534
-0.00463452	-0.998972	0.0450859
-0.415629	-0.272471	-0.867763
-0.020169	-0.976362	0.2152
-0.00266805	-0.988424	0.151693
0.203748	-0.917311	0.342093
0.685534	-0.662287	0.302357
-0.456335	-0.889755	-0.00976437
0.251365	-0.950441	0.182967
-0.196674	-0.979792	0.0364201
-0.224746	-0.794495	-0.564151
-0.15321	-0.988057	0.0164156
-0.312476	-0.911328	-0.26803
-0.244232	-0.969551	0.0179395
0.506324	-0.799193	-0.323924
0.649893	-0.713931	0.260656
-0.0841534	-0.805999	-0.585905
-0.373696	-0.75407	-0.540121
-0.614643	-0.781488	-0.107191
-0.61155	-0.356016	-0.706582
-0.611846	-0.781568	-0.121636
-0.232961	-0.971889	-0.0340622
0.17825	-0.973932	-0.140298
0.553257	-0.815715	-0.168863
0.0557552	-0.982414	-0.178197
-0.146092	-0.985275	0.0888261
-0.661354	-0.722328	-0.202119
-0.628804	-0.775853	-0.0515535
-0.160856	-0.979857	-0.118347
0.146713	-0.980665	-0.129502
-0.0701086	-0.987012	-0.144539
-0.0120184	-0.9729	0.230915
0.666853	-0.680039	0.304721
0.201202	-0.716897	0.667515
-0.54617	-0.7779	0.310757
-0.118393	-0.978929	-0.166374
0.112792	-0.963184	-0.244039
-0.292659	-0.94578	-0.140891
-0.39391	-0.869041	-0.299338
0.602266	-0.797877	0.0258354
-0.247898	-0.853569	-0.458222
-0.395995	-0.907948	0.137178
0.240065	-0.455215	-0.857408
-0.153391	-0.945576	0.286979
0.6126	-0.709303	-0.348727
-0.160434	-0.985839	-0.0488097
0.0820862	-0.642023	-0.762278
0.298589	0.0977542	-0.949362
0.190345	-0.980767	0.0431878
0.20799	-0.976604	0.0546345
-0.62007	-0.758644	-0.199932
-0.333108	-0.875647	-0.349688
0.0496456	-0.981384	-0.185528
-0.782938	-0.252905	0.568372
0.162237	-0.954654	0.249631
-0.173332	-0.83296	-0.525484
-0.362908	-0.927871	0.0857515
-0.313205	-0.934942	-0.166695
0.118419	-0.978962	-0.166162
-0.346311	-0.938071	0.00955204
-0.262041	-0.912924	0.312897
-0.0309628	-0.605483	-0.795256
0.649825	-0.757407	-0.0637382
-0.398172	-0.596022	0.697292
-0.117324	-0.888544	0.443537
0.325927	-0.922149	0.208356
-0.0625548	-0.882597	-0.46595
-0.388624	-0.806368	-0.445805
-0.943094	-0.142107	-0.300633
0.494268	-0.749857	0.439788
0.146464	-0.989192	0.00693922
0.166563	-0.759814	0.628442
0.239982	-0.918249	-0.315005
-0.722441	-0.571429	-0.389293
0.301963	-0.951517	-0.0586032
-0.480049	-0.873273	-0.0833472
0.322152	-0.945806	-0.0408583
0.518937	-0.827346	-0.214947
-0.290749	-0.653446	0.698909
-0.026706	-0.993469	-0.110931
-0.4218	-0.785388	0.453046
-0.127223	-0.989203	0.0727445
-0.444435	-0.879996	0.167588
-0.275579	-0.922642	-0.269793
0.250112	-0.938663	-0.237393
-0.0298654	-0.942278	-0.333497
-0.0747637	-0.735814	-0.673044
-0.509849	-0.853046	0.111201
0.0473076	-0.994555	-0.0928614
0.197133	-0.864223	-0.462879
-0.245407	-0.841054	-0.482082
0.388913	-0.790253	0.473547
0.0137041	-0.999265	0.0357933
-0.0129616	-0.98665	-0.162336
-0.0020586	-0.999024	-0.0441252
-0.581363	-0.72011	-0.378759
-0.358385	-0.761213	0.540476
0.609767	-0.739891	-0.284157
0.665787	-0.699432	-0.25985
-0.247651	-0.953528	-0.17162
0.137335	-0.928239	-0.345705
0.167692	-0.792522	-0.586334
0.200387	-0.959191	-0.199495
-0.17595	-0.747598	-0.640421
-0.568282	-0.779895	-0.262333
-0.324323	-0.923858	-0.203228
-0.0365497	-0.948131	0.315771
0.384951	-0.626515	-0.677711
0.630129	-0.759766	-0.160292
-0.488566	-0.812453	-0.318156
0.15207	-0.982977	0.103107
0.125984	-0.992032	0.000589725
-0.202874	-0.952919	-0.225362
0.313002	-0.929034	-0.197299
-0.685384	-0.721415	0.0990419
0.712798	-0.693497	0.10479
0.220414	-0.806444	-0.548695
-0.209256	-0.919643	-0.332369
-0.691626	-0.72016	-0.0549809
-0.249199	-0.793948	-0.554569
0.198881	-0.940148	0.276711
0.431033	-0.89958	0.070476
-0.281534	-0.831191	-0.479437
0.3299	-0.382996	-0.862833
-0.411944	-0.845662	0.339349
0.145509	-0.9757	-0.16382
0.140209	-0.938197	0.316431
0.142193	-0.829799	0.539644
0.574874	-0.772008	0.271153
0.610479	-0.775296	0.161959
0.120898	-0.832983	-0.539928
-0.0705307	-0.937228	-0.341511
-0.210987	-0.908133	-0.361633
0.587876	-0.774605	0.233214
-0.613648	-0.759215	0.216859
0.0178129	-0.823568	-0.566938
-0.013317	-0.992268	0.123399
0.263338	-0.960461	-0.0903771
-0.161425	-0.754511	0.636125
-0.430285	-0.521839	0.736572
-0.657016	-0.698735	0.283017
0.362982	-0.923569	0.12355
-0.0586257	-0.959386	0.275937
0.669238	-0.690153	0.275333
-0.0950627	-0.520037	0.848837
-0.267099	-0.949121	-0.166818
0.367124	-0.856648	0.362455
-0.117801	-0.926926	-0.356275
0.0765994	-0.958428	0.27486
0.229968	-0.556291	0.798533
0.194122	-0.911234	0.363276
-0.684831	-0.727688	0.0384294
0.319192	-0.932443	0.16931
-0.210387	-0.786606	0.580506
0.215695	-0.726938	-0.651948
0.0941989	-0.97213	-0.214686
-0.2545	-0.957578	-0.135184
0.337434	-0.754631	-0.562735
0.105941	-0.992843	-0.0551247
0.431345	-0.883097	0.184612
-0.155215	-0.982416	0.103767
0.100134	-0.994935	0.00878526
0.139217	-0.981865	0.128682
0.3824	-0.885271	-0.264698
0.406936	-0.749039	0.522822
-0.687089	-0.681639	-0.251551
0.0343198	-0.979431	0.19884
-0.891703	-0.421803	0.164157
-0.619133	-0.776483	-0.117255
-0.106025	-0.97035	-0.217207
-0.115208	-0.909634	-0.399115
0.350675	-0.931209	-0.0993796
-0.580379	-0.612662	-0.536474
-0.392125	-0.90385	0.171151
0.576235	-0.723157	-0.380785
-0.327457	-0.930997	0.161296
-0.453125	-0.811804	-0.368309
-0.00408861	-0.980041	-0.198753
-0.187997	-0.908071	-0.374253
0.13714	-0.944002	-0.300087
-0.167806	-0.983245	-0.0712033
-0.660008	-0.665227	-0.349087
0.15563	-0.909441	0.385612
-0.400352	-0.889237	0.221304
0.354752	-0.851242	-0.386701
-0.211969	-0.882767	-0.419276
0.524035	-0.48081	-0.703
0.417957	-0.881626	0.219196
0.496978	-0.806076	-0.321333
-0.487707	-0.871112	-0.0574931
0.250341	-0.92477	-0.286584
0.00840179	-0.909274	-0.416114
-0.52326	-0.736749	0.428253
-0.427394	-0.860977	0.275777
-0.442424	-0.844214	-0.302596
0.369619	-0.625621	-0.687008
-0.101447	-0.988807	-0.109407
0.627359	-0.653638	-0.423294
-0.441822	-0.896756	0.0249423
0.177188	-0.935159	-0.306729
0.109781	-0.944245	0.310402
0.0607726	-0.998151	0.0013787
-0.513201	-0.83917	-0.180053
-0.375388	-0.923583	-0.0779623
0.0557016	-0.998124	0.0254177
-0.890609	-0.363076	-0.273845
-0.0842893	-0.993578	0.0754826
-0.521089	-0.853197	-0.0228428
0.487119	-0.777691	-0.397381
-0.272701	-0.948737	-0.15979
0.273421	-0.958217	-0.0840335
-0.471012	-0.880086	0.05997
0.613448	-0.788876	0.0368142
-0.0130986	-0.852846	-0.521999
-0.319501	-0.946616	0.042859
0.293542	-0.949012	-0.114932
-0.0150746	-0.826388	-0.562899
0.421579	-0.860698	0.285428
0.0210767	-0.925452	-0.378278
0.321669	-0.821618	0.470609
-0.320975	-0.945527	-0.0543441
0.673015	-0.71437	-0.191642
0.331052	-0.73168	0.595861
0.166378	-0.979908	0.109994
-0.323002	-0.883664	0.338833
0.202562	-0.959293	-0.196787
0.612999	-0.779886	-0.126531
0.118593	-0.95644	-0.266756
-0.036459	-0.975092	0.218782
0.0372146	-0.929562	-0.366782
-0.288386	-0.681979	0.672114
-0.579317	-0.794214	0.183344
-0.728764	-0.471163	0.496899
-0.481674	-0.873769	0.0672154
-0.785408	-0.550478	0.283034
0.243826	-0.943695	-0.22358
0.882311	-0.414785	0.222443
-0.256617	-0.966273	-0.0215556
0.282503	-0.342262	-0.89613
-0.0477416	-0.996351	-0.0707525
-0.0488325	-0.998758	-0.00989454
-0.246846	-0.966122	-0.0753379
0.489643	-0.849112	-0.198137
-0.364795	-0.829528	0.422857
0.438923	-0.83904	-0.321495
0.858055	-0.39297	-0.330631
0.189203	-0.881951	-0.4317
0.197539	-0.309416	0.930183
0.091874	-0.775606	0.624496
0.121921	-0.988859	-0.0853956
0.120474	-0.978714	-0.166146
-0.298147	-0.838774	-0.455595
-0.435597	-0.889247	0.139625
-0.265238	-0.616705	-0.741164
0.176756	-0.973095	-0.147797
-0.449778	-0.728336	0.516939
0.170153	-0.905922	0.387754
0.0295228	-0.978036	-0.206334
-0.479363	-0.877468	-0.0161481
-0.434528	-0.72308	0.536974
0.143843	-0.958635	0.245617
-0.140625	-0.790213	-0.596479
0.04152	-0.774344	0.631401
-0.481864	-0.628456	-0.610614
-0.00314383	-0.886874	-0.462001
-0.746322	-0.651741	-0.135046
0.483099	-0.817858	-0.312608
-0.697315	-0.62654	0.348138
0.18354	-0.89725	-0.401565
-0.623679	-0.709291	0.328528
-0.180008	-0.976888	-0.115267
-0.359338	-0.849688	-0.385885
0.287966	-0.896365	0.337055
-0.311891	-0.949291	0.0396269
-0.189566	-0.88612	0.422914
-0.0621089	-0.992715	-0.103241
0.0297904	-0.998864	-0.0371797
0.298177	-0.439196	-0.847465
-0.400574	-0.914019	-0.0641082
0.624576	-0.731615	-0.273212
-0.268996	-0.962879	-0.022486
-0.287643	-0.417719	0.861842
0.0872739	-0.995218	0.0438641
0.122194	-0.965078	0.231717
0.0570895	-0.100501	0.993298
0.174356	-0.777556	0.604158
-0.24431	-0.799729	0.548403
0.270449	-0.957584	0.0994458
-0.446938	-0.851034	0.27566
0.413611	-0.651672	0.635807
0.182838	-0.948992	0.256875
-0.156082	-0.944968	0.28753
0.053678	-0.97915	-0.195918
-0.240381	-0.955821	-0.169186
0.481524	-0.74788	-0.456957
0.690402	-0.564701	0.452171
-0.34221	-0.927227	-0.152127
-0.128778	-0.929737	0.344971
-0.0474248	-0.917962	-0.393824
-0.142035	-0.988612	-0.0497195
0.28617	-0.955669	0.0693079
0.463004	0.288375	-0.838133
0.626365	-0.701512	0.339924
0.173115	-0.97404	-0.145871
0.000130393	-0.972954	-0.230997
-0.259971	-0.95018	-0.171966
0.768553	-0.515997	-0.378251
-0.306775	-0.284596	0.908237
-0.0276002	-0.966426	0.25546
0.0806638	-0.857705	-0.507775
-0.142605	-0.969961	0.197079
-0.0431254	-0.932202	0.35936
0.0269137	-0.952529	-0.303256
-0.205688	-0.932461	-0.297
-0.584048	-0.762201	0.279172
-0.058302	-0.847371	0.527792
-0.2497	-0.827768	0.502444
-0.283552	-0.953007	0.106655
-0.0172291	-0.688124	0.725389
-0.425396	-0.903765	-0.0474137
-0.335609	-0.934576	-0.118041
0.143625	-0.909373	0.3904
0.631627	-0.755956	0.17198
-0.344965	-0.895919	-0.279871
-0.181336	-0.784879	-0.592522
-0.32489	-0.823961	-0.464257
-0.766878	-0.631343	-0.115347
-0.129267	-0.929403	-0.345688
0.721252	-0.627612	0.293085
0.341297	-0.935479	0.0916224
-0.0736019	-0.983488	-0.165331
0.0753275	-0.947162	0.311784
-0.833636	-0.259878	0.487354
-0.876213	-0.437777	-0.201498
-0.326264	-0.804268	-0.496694
0.205	-0.959579	-0.192829
0.0719541	-0.993822	-0.084506
0.0211476	-0.967521	0.251906
0.544794	-0.763596	-0.346584
0.0408315	-0.987863	0.149862
-0.792797	-0.570688	-0.213982
0.332524	-0.913788	0.23328
0.196078	-0.97159	0.132536
-0.167457	-0.982538	0.0810966
0.0564125	-0.978452	-0.198618
0.00620329	-0.785931	-0.618283
-0.09873	-0.767975	0.632824
0.275484	-0.918363	-0.284108
0.177291	-0.94104	-0.288116
0.642701	-0.763538	0.0628208
-0.600882	-0.799095	0.0196833
-0.0978947	-0.936849	0.335753
-0.282692	-0.887385	-0.364188
0.0642921	-0.941397	0.331117
0.807091	-0.559442	0.188756
0.166211	-0.75116	0.638852
-0.201794	-0.949726	-0.239374
0.185257	-0.896965	0.401414
-0.189384	-0.930703	0.31293
0.440911	-0.863903	-0.243451
0.732318	-0.589031	-0.34169
0.147641	-0.987779	-0.0499498
0.324871	-0.935653	0.137882
0.137005	-0.555017	0.820479
0.242439	-0.965289	0.097166
0.580312	-0.63844	0.505602
-0.680913	-0.59766	0.423273
0.362731	-0.930945	0.0420531
-0.343279	-0.939099	0.0158598
0.0995042	-0.81092	0.576635
0.0227923	-0.840629	0.541131
-0.558031	-0.800203	-0.21972
0.211428	-0.928024	0.306707
-0.513889	-0.591448	-0.621376
-0.117252	-0.982166	-0.146975
-0.107314	-0.921905	-0.372257
-0.313849	-0.909196	0.273607
0.400536	-0.84614	0.351594
-0.299555	-0.822163	-0.484061
0.256427	-0.957534	-0.131808
0.429709	-0.540466	0.723358
0.282651	-0.950074	-0.132163
-0.354189	-0.225836	0.907495
-0.0880272	-0.991328	-0.0975729
0.194316	-0.899686	-0.390905
0.406971	-0.802026	0.437184
-0.0600723	-0.989455	0.131794
-0.235043	-0.970521	0.0533173
-0.0471405	-0.957169	-0.285668
-0.122712	-0.415005	0.901506
-0.417094	-0.906847	-0.060502
-0.880485	-0.287773	0.37674
0.823211	-0.566661	0.034911
-0.0335718	-0.939246	-0.3416
0.328439	-0.906594	0.264981
-0.742601	-0.300059	0.598756
-0.208509	-0.954716	0.212227
-0.0567678	-0.996817	-0.0559817
-0.354354	-0.900123	-0.253399
0.556363	-0.814743	0.163261
0.192253	-0.979514	-0.0599268
-0.177057	-0.980761	0.0822148
0.0913929	-0.584403	-0.8063
-0.370358	-0.890771	-0.263368
-0.0351164	-0.951712	0.304977
-0.494082	-0.744676	-0.448709
-0.357865	-0.787758	0.501368
0.743554	-0.657029	0.124263
0.318567	-0.915632	-0.24522
0.0459446	-0.974566	0.219338
-0.64364	-0.762769	-0.0625327
0.310619	-0.949086	-0.0524575
-0.162461	-0.96306	-0.21476
-0.176234	-0.933539	0.312164
-0.0186618	-0.964548	-0.263246
0.0782538	-0.914097	0.397873
-0.183807	-0.761949	0.621006
-0.467832	-0.782543	0.410804
-0.793957	-0.533522	0.291526
-0.173897	-0.781597	-0.599055
0.189356	-0.972343	-0.136725
0.44555	-0.889673	-0.0998315
0.964688	-0.26259	-0.0206059
0.581316	-0.76734	0.270669
0.116095	-0.975682	-0.185919
-0.167667	-0.932355	0.320317
0.290819	-0.939116	0.182991
-0.22813	-0.919123	-0.321199
-0.215378	-0.96611	0.142281
0.768173	-0.638327	-0.0494793
0.103331	-0.885413	0.453173
0.0135541	-0.953854	-0.299965
0.407822	-0.906286	-0.11103
0.662696	-0.748045	0.0355341
-0.145054	-0.982805	0.114255
0.567623	-0.82268	0.0316561
-0.707307	-0.62517	-0.329969
-0.784521	-0.39587	0.477299
-0.31364	-0.947224	-0.0663136
0.032975	-0.946916	-0.319787
-0.0796203	-0.890526	0.44791
0.0804799	-0.996709	0.00972422
-0.126228	-0.991261	0.0383198
-0.270098	-0.960965	0.0599423
-0.0368512	-0.929846	0.366098
-0.317657	-0.916166	0.244404
0.530937	-0.372582	-0.76111
-0.151615	-0.39711	-0.905161
-0.285525	-0.954831	0.0822976
-0.553129	-0.731976	-0.397818
0.14135	-0.977749	-0.155005
0.497717	-0.814931	0.296926
-0.339358	-0.923461	-0.179042
0.330242	-0.930231	-0.160033
0.939013	-0.34173	-0.0384244
-0.391081	-0.891129	-0.230097
-0.611946	-0.788832	-0.0571472
-0.286388	-0.943298	0.167844
-0.495541	-0.839762	0.2219
0.563818	-0.805007	0.184589
0.444057	-0.725325	0.526039
-0.325751	-0.94538	0.011976
-0.440122	-0.89781	0.0151443
-0.252568	-0.804919	-0.53695
-0.0780983	-0.971416	-0.22417
0.150015	-0.952948	-0.263411
-0.386016	-0.598199	-0.702246
-0.391254	-0.304773	-0.868351
0.449415	-0.868153	-0.210564
-0.447135	-0.893376	0.0441489
-0.417261	-0.872937	0.252732
0.307638	-0.94214	-0.133161
-0.369786	-0.835963	-0.405493
-0.473171	-0.801196	-0.366324
0.208356	-0.562305	0.800251
-0.264293	-0.963763	-0.0361993
-0.138095	-0.78895	-0.598739
-0.178156	-0.958593	0.222169
0.345087	-0.888357	0.30288
0.447057	-0.882366	-0.14687
0.282709	-0.910665	-0.301271
-0.0517457	-0.964708	0.258186
-0.00791926	-0.935255	-0.353887
0.0327171	-0.923171	-0.382996
-0.289383	-0.916547	-0.276042
0.0168553	-0.976877	0.213139
0.170286	-0.963155	0.208172
0.102139	-0.993065	-0.0582269
-0.684226	-0.722257	0.100897
0.450062	-0.886669	0.106126
-0.615394	-0.760496	-0.207209
-0.520213	-0.66051	0.541392
-0.124185	-0.95639	-0.26438
-0.358211	-0.91377	0.191599
0.572756	-0.714766	-0.401323
0.668913	-0.722599	0.174374
-0.317643	-0.889181	0.329332
-0.410481	-0.893638	0.181428
0.406513	-0.87663	0.257425
0.00496277	-0.997421	0.0716037
0.137839	-0.98743	0.0773415
0.065061	-0.9883	0.137951
0.0386776	-0.908323	-0.416477
0.759593	-0.501734	0.413861
-0.781166	-0.552948	-0.289877
0.905763	-0.423766	0.00393688
-0.162929	-0.980388	-0.11088
0.18704	-0.735886	0.650759
0.411077	-0.65237	-0.636733
0.525005	-0.830039	-0.188164
0.283364	-0.900233	-0.330584
-0.251044	-0.94439	0.21238
-0.156309	-0.223276	-0.962141
0.102671	-0.929035	-0.35546
-0.307912	-0.930057	0.200461
0.0838919	-0.944879	-0.316489
0.287331	-0.948718	0.131812
-0.432389	-0.844597	-0.315748
-0.016701	-0.99931	-0.0331688
-0.171789	-0.565678	-0.806534
-0.232193	-0.963226	0.135208
0.210658	-0.635892	-0.742472
0.217664	-0.920587	0.324256
-0.187257	-0.976185	0.109536
0.358053	-0.792927	0.493016
-0.350438	-0.931082	0.101386
-0.177407	-0.59656	-0.782715
-0.613581	-0.787057	-0.0637202
-0.335649	-0.913422	0.230218
-0.207303	-0.919607	0.33369
0.294755	-0.941218	0.165011
-0.556675	-0.74601	-0.365489
0.170093	-0.55354	0.815268
0.372349	-0.717799	-0.588321
-0.123698	-0.88622	0.446445
0.280241	-0.813421	-0.509716
-0.506558	-0.81875	0.270273
0.872074	-0.48896	0.0201164
-0.515105	-0.709281	0.481234
0.294363	-0.952389	-0.0794091
0.235617	-0.853245	-0.46525
0.461122	-0.757709	-0.461782
-0.114372	-0.992207	-0.0494304
-0.223936	-0.839881	0.494422
0.201602	-0.706184	0.678719
0.648805	-0.332508	0.684463
-0.318462	-0.907574	0.273662
0.252134	-0.829143	-0.49895
0.177695	-0.965152	0.192108
0.445826	-0.693273	-0.566225
-0.321052	-0.891297	0.32018
0.351692	-0.926991	0.130384
0.286914	-0.956693	-0.049184
0.190309	-0.391764	-0.900169
0.0667705	-0.987465	0.143019
0.259646	-0.753074	0.604535
-0.177382	-0.983147	-0.0442555
-0.199751	-0.59512	-0.778416
0.853753	-0.472065	-0.219683
0.211942	-0.886631	-0.411055
-0.393942	-0.913681	0.0999851
0.599537	-0.794105	0.0997643
0.269662	-0.733837	-0.623511
-0.159255	-0.665317	0.729377
0.0226079	-0.629648	0.776551
-0.230625	-0.916148	-0.327848
0.568763	-0.806293	0.162484
0.420598	-0.747069	0.514768
0.179487	-0.942643	0.281439
0.386601	-0.154265	0.909253
-0.196451	-0.807895	0.55562
-0.163849	-0.986419	-0.0114611
0.0592309	-0.826341	0.560046
-0.779046	-0.264021	0.568665
0.0699514	-0.0341038	0.996967
-0.151412	-0.964954	0.214334
-0.301192	-0.953246	0.0245917
-0.609763	-0.599149	-0.518854
0.25297	-0.803545	0.538815
-0.876378	-0.398844	-0.269973
-0.329395	-0.86349	-0.381949
-0.301804	-0.948134	-0.0997767
0.530961	-0.781502	-0.327621
-0.530751	-0.239671	-0.812934
-0.189743	-0.960265	0.204667
0.463069	-0.123683	-0.87765
-0.0485504	-0.954512	0.294193
0.876909	-0.46343	-0.127529
-0.161978	-0.955913	-0.244936
-0.381891	-0.533529	0.754657
-0.738384	-0.604639	-0.298664
0.0425989	-0.948469	0.313995
-0.312709	-0.932352	0.181472
0.25515	-0.829653	-0.496563
0.825626	-0.0256855	0.563632
-0.151855	-0.791247	-0.592341
0.217513	-0.647071	-0.730745
-0.250357	-0.907592	0.337044
0.264658	-0.922595	0.28067
-0.333575	-0.929365	0.158142
0.189031	-0.957432	0.218156
-0.0241288	-0.918401	-0.394915
-0.41024	-0.771709	-0.485971
0.855967	-0.248406	-0.453447
-0.904029	-0.0751353	-0.420816
0.317089	-0.91921	-0.233468
0.20587	-0.810894	-0.547785
-0.0197209	-0.999737	-0.0117206
-0.515066	-0.782739	0.349325
0.499236	-0.845764	-0.188271
0.473159	-0.850993	-0.227884
-0.0987755	-0.994818	-0.0240929
-0.575706	-0.421077	0.700897
0.751119	-0.609071	-0.254662
0.263789	-0.835528	-0.481984
0.740583	-0.539617	-0.400437
0.14934	-0.861328	0.485604
-0.118915	-0.724355	0.679094
-0.391477	-0.865616	0.312177
-0.347164	-0.921689	0.173105
-0.257243	-0.919422	-0.297473
0.288571	-0.95662	0.0400683
0.0190412	-0.880659	0.473368
0.0737916	-0.992257	-0.0999081
-0.21759	-0.743649	-0.632171
-0.0990095	-0.942004	0.320663
0.381055	-0.779528	0.497125
0.360975	-0.912858	0.190755
-0.0906132	-0.842905	-0.530377
-0.194032	-0.952569	0.234444
0.554874	-0.729456	0.400011
0.617253	-0.773282	-0.145031
0.486709	-0.62536	-0.60995
-0.0509749	-0.952469	-0.30034
-0.615903	-0.78716	0.0322948
0.605523	-0.775812	-0.177365
0.303474	-0.905458	0.296731
-0.0468489	-0.974878	0.217756
0.307713	-0.814418	-0.491971
-0.80079	-0.59652	0.0538423
0.199435	-0.827934	-0.524167
-0.258231	-0.941763	-0.215405
0.0735167	-0.977687	0.19678
0.607685	-0.779724	-0.15083
-0.343154	-0.326925	0.880548
0.493292	-0.838328	-0.232099
0.471607	-0.881741	-0.0109427
0.11637	-0.56088	0.819678
0.725029	-0.584348	-0.364514
0.203216	-0.958604	0.199455
0.382512	-0.554481	0.739077
-0.4744	-0.79356	-0.381061
-0.376185	-0.887678	0.265542
-0.00235775	-0.775748	-0.631038
0.675066	-0.667814	-0.313543
0.162559	-0.931501	0.325393
0.0545548	-0.983893	-0.170227
0.906867	-0.418144	0.0524249
-0.184334	-0.210993	0.959949
-0.198875	-0.0764967	-0.977035
-0.953362	-0.29918	-0.0399169
-0.482122	-0.779571	0.399785
-0.150613	-0.980285	0.127896
-0.303911	-0.948885	0.0851794
-0.103544	-0.883506	0.456833
0.0892721	-0.968013	-0.234481
-0.438593	-0.825521	0.355177
-0.793067	-0.607172	0.0488645
0.147715	-0.986869	0.0653476
-0.554909	-0.818632	-0.148047
0.28539	-0.388521	0.87613
0.326896	-0.94174	0.0791511
0.266618	-0.868671	0.417523
-0.399651	-0.869166	0.291256
-0.375587	-0.904524	0.201917
0.31804	-0.933966	0.162966
-0.0613195	-0.815823	-0.575041
-0.0973466	-0.808323	0.580635
0.584917	-0.724619	-0.364415
-0.679007	-0.590957	0.435569
0.308117	-0.934283	-0.179386
-0.181071	-0.673827	0.716359
0.548486	-0.615059	0.56645
-0.0214266	-0.999575	0.0197882
-0.71924	-0.663474	-0.206144
0.8307	-0.196757	0.520792
0.889533	-0.38809	0.241074
-0.793895	-0.0472734	0.606214
0.0875893	-0.972518	-0.215724
-0.748453	-0.323206	0.579099
-0.518035	-0.832668	-0.195713
0.111746	-0.826353	-0.551955
-0.567592	-0.647408	0.508628
-0.105912	-0.990734	-0.0850174
-0.181321	-0.979033	-0.0928275
0.533812	-0.762464	-0.365641
0.841524	-0.536395	0.0641717
-0.443469	-0.69172	0.569964
-0.0340094	-0.928737	0.369177
0.0717268	-0.854699	-0.514145
-0.339682	-0.721977	0.602797
0.273349	-0.959045	-0.0742548
0.653158	-0.652155	-0.384809
0.323681	-0.935683	-0.140453
0.0243031	-0.986133	0.164167
-0.504737	-0.826697	0.24862
0.06992	0.439997	-0.895273
-0.514376	-0.410701	0.752822
-0.484585	-0.871585	-0.0742818
-0.114067	-0.992371	-0.0467923
-0.74132	-0.569669	0.354854
-0.320123	-0.945357	0.0618116
0.228183	-0.940502	0.251769
0.376584	-0.699008	-0.607924
0.508648	-0.660044	0.552828
-0.646595	-0.689214	0.326955
-0.102012	-0.987868	0.117089
0.284787	-0.954927	-0.0837307
-0.456884	-0.862163	-0.218933
-0.57572	-0.811767	0.0978813
0.549615	-0.804507	0.22515
0.0439624	-0.955235	-0.292562
-0.134649	-0.984162	-0.115301
0.551882	-0.83162	-0.0619269
-0.468658	-0.400347	-0.787453
-0.012955	-0.999916	-0.000952057
-0.399913	-0.910185	-0.107855
-0.398215	-0.0735319	0.91434
-0.0908228	-0.95717	0.274912
0.24933	-0.84169	0.47895
-0.257772	-0.883396	-0.391363
-0.341785	-0.939706	0.0116478
-0.531786	-0.804932	0.263227
0.406926	-0.908546	-0.0946368
-0.70066	-0.420433	0.576465
-0.453919	-0.827308	-0.330937
0.7708	-0.636867	-0.0163827
-0.415786	-0.869488	-0.266671
0.656238	-0.215118	0.72324
0.421199	-0.898404	0.124343
-0.414121	-0.906203	-0.0854396
0.00518455	-0.999118	0.0416762
-0.235782	-0.846784	0.476828
-0.466677	-0.373346	0.801764
-0.0399421	-0.735302	-0.676562
0.214706	-0.960333	-0.177938
-0.719357	-0.315375	-0.618922
-0.628285	-0.755336	-0.186347
-0.35456	-0.93254	0.0682401
-0.598105	-0.801286	-0.0145397
-0.39028	-0.857837	0.33436
0.113839	-0.621266	-0.775286
-0.758381	-0.602199	0.24943
0.840104	-0.444614	-0.310714
-0.092312	-0.956479	-0.276816
-0.011202	-0.83805	0.545479
0.513575	-0.46915	-0.718428
-0.504196	-0.842984	0.187522
0.382096	-0.547686	0.74434
-0.139066	-0.936847	-0.320903
-0.717533	-0.642286	0.269472
-0.745577	-0.425218	0.513132
0.463181	-0.407901	0.786816
-0.475424	-0.684797	0.552291
0.131383	-0.594849	-0.793028
0.700894	-0.380653	-0.603201
0.497806	-0.725455	0.475294
0.4333	-0.872635	-0.2253
-0.00255996	-0.959685	0.281065
0.000311933	-0.998912	0.0466315
0.447831	-0.629011	-0.635446
-0.497515	-0.861577	-0.100821
0.908944	-0.408944	0.0811485
0.838842	-0.544368	0.00286898
0.234972	-0.300658	-0.924334
-0.583604	-0.802511	-0.124023
0.127365	-0.98836	-0.0831992
-0.184267	-0.901635	0.391281
0.266883	-0.886656	-0.377644
-0.241024	-0.812318	-0.531081
0.61609	-0.322437	0.718657
-0.279041	-0.893269	0.352431
-0.63006	-0.75463	0.183188
0.278818	-0.94347	-0.179233
0.111819	-0.794695	0.596621
0.428913	-0.449054	0.783826
-0.46075	-0.886838	-0.0350354
0.703754	-0.660746	0.261047
0.149987	-0.470151	-0.869748
0.159754	-0.365132	0.917146
-0.873986	-0.15489	0.460605
0.323068	-0.914018	0.245354
0.586144	-0.481591	-0.651541
0.283276	-0.958907	-0.0158873
-0.0383253	-0.804976	0.592069
-0.523058	-0.841025	0.138153
0.217542	-0.903199	0.370009
0.00230564	-0.694868	0.719134
0.914509	-0.305718	0.264973
-0.139299	-0.986788	0.0827362
0.382819	-0.766895	-0.515095
-0.371435	-0.538493	-0.756347
-0.256987	-0.451243	0.854598
-0.226909	-0.969925	-0.088084
0.118274	-0.510481	-0.851716
-0.539577	-0.598857	0.5918
-0.607716	-0.730918	-0.310548
-0.503398	-0.824721	0.257732
0.384292	-0.922383	0.0391112
0.253483	-0.579323	-0.774681
-0.0978046	-0.654765	-0.749478
0.238598	-0.885526	0.39864
-0.431313	-0.406068	-0.805654
-0.323915	-0.907766	-0.266535
-0.576016	-0.72833	0.371135
-0.100181	-0.935497	0.338836
0.0940445	-0.995476	-0.013529
0.381633	-0.852202	-0.357922
-0.925222	0.268688	0.267903
0.27657	-0.958912	-0.0632252
0.99876	0.0309164	-0.0390113
-0.370176	-0.686359	-0.626004
-0.284457	-0.599273	0.748302
0.0355584	-0.669962	0.741543
-0.592827	-0.685635	0.422445
0.0617454	-0.599155	0.798249
0.0801888	-0.972836	0.217162
0.570058	-0.814714	-0.106187
0.0973145	-0.94829	-0.302118
-0.310274	-0.856746	0.411966
0.208432	-0.931529	0.298009
0.82177	-0.539347	-0.183845
-0.411322	-0.750327	-0.517517
0.870323	-0.238688	0.430773
-0.133096	-0.988237	-0.0753148
-0.0730259	-0.990465	0.116817
0.184321	-0.931048	0.31492
0.0884371	-0.879206	-0.468163
0.254268	-0.901974	-0.348984
-0.630011	-0.475752	0.613796
-0.71597	-0.697979	-0.0145515
-0.178486	-0.773286	0.608417
0.357493	-0.925981	-0.121478
-0.629403	-0.776677	-0.024984
-0.26894	-0.916096	0.297387
-0.708564	-0.64279	-0.291133
-0.997677	-0.0653698	-0.01919
0.178682	-0.976063	0.123995
0.47622	-0.879087	-0.0204904
-0.243474	-0.925745	0.289337
-0.673358	-0.691666	0.261126
-0.986452	-0.0231627	-0.162404
-0.664357	-0.727891	0.169717
0.127501	-0.855889	-0.501197
0.354428	-0.861931	0.362567
-0.244368	-0.712323	0.657937
-0.9204	-0.050042	-0.387762
-0.233557	-0.969322	-0.0765908
0.136248	-0.460493	0.877144
0.0264483	-0.992415	-0.120054
-0.192681	-0.632752	0.749999
-0.0846579	-0.820603	0.565194
-0.180185	-0.370876	0.911035
0.342308	-0.614138	-0.711098
-0.938831	-0.230133	-0.256195
-0.12834	-0.842335	-0.523451
-0.350146	-0.65633	-0.668302
-0.54341	-0.742214	0.392204
-0.147889	-0.960645	-0.235139
-0.14234	-0.660494	0.737216
0.434508	-0.720304	0.540709
-0.236907	-0.539013	-0.808294
-0.20932	-0.969052	-0.130859
-0.256309	-0.964901	0.0571964
0.746025	-0.665918	0.000949346
0.159184	-0.752787	0.638727
-0.5163	-0.548116	-0.658029
0.87906	-0.43175	0.202103
-0.0225689	-0.616134	0.787318
-0.625022	-0.780491	0.0134607
-0.237965	-0.969221	0.0631075
-0.380349	-0.551027	-0.742767
-0.157824	-0.882976	-0.442091
-0.57964	-0.771689	0.26175
-0.0903641	-0.486287	-0.869114
-0.634173	-0.753347	-0.174048
-0.159385	-0.97013	-0.182875
-0.0605345	-0.998114	0.0102253
-0.120939	-0.912081	-0.391768
-0.00608972	-0.831237	0.555886
0.142284	-0.966926	0.211684
0.168625	-0.755823	0.63269
-0.181365	-0.977043	0.111776
0.025117	-0.956315	-0.291258
0.406522	-0.883071	0.234362
-0.0860213	-0.882593	0.462201
0.827365	-0.379087	0.414438
0.67362	-0.459749	-0.578677
0.78658	-0.567931	-0.242376
0.0216741	-0.836927	-0.546886
0.380117	-0.888732	-0.256254
0.783877	-0.225955	0.578344
0.245598	-0.815637	0.523849
0.104268	-0.468735	0.877164
-0.372944	-0.857687	0.353958
0.0949683	-0.954007	-0.284346
-0.905191	-0.400169	0.143158
-0.0524276	-0.987227	-0.150448
0.453782	-0.217467	0.86417
-0.918651	-0.392741	0.0428287
0.0515136	-0.892715	0.447667
0.0256778	-0.999027	-0.0358466
-0.184786	-0.932938	-0.308999
0.147321	-0.962041	0.229726
-0.512987	-0.785993	-0.345049
-0.228009	-0.391159	0.891631
0.684315	-0.68732	-0.243526
0.185918	-0.919228	0.347065
-0.166469	-0.675113	-0.718687
-0.703041	-0.710523	-0.0298208
-0.663477	-0.634934	-0.3958
0.197027	-0.462533	-0.864433
