3400
0.00517319	0.759947	0.649965
-0.234417	-0.452245	0.860537
0.471348	-0.52314	0.71004
0.349426	-0.024809	0.936635
-0.396465	-0.165734	0.902966
-0.353029	-0.32476	0.877441
-0.299567	0.111391	0.94755
0.303795	-0.226578	0.925403
0.0525801	-0.363626	0.93006
0.672716	0.359049	0.646944
0.252023	-0.320341	0.913163
-0.0384669	0.653201	0.756207
0.14858	0.140342	0.978891
0.112942	0.148098	0.982503
0.831137	-0.481009	0.279002
0.448302	0.0028702	0.893878
0.247156	-0.214266	0.944989
0.0521957	0.826124	0.561066
0.248798	0.174067	0.952786
0.578177	-0.0606368	0.813655
0.185726	0.378327	0.906849
-0.35362	0.138934	0.925014
0.699736	0.286781	0.654314
0.00326554	0.312862	0.949793
-0.289012	0.370802	0.882598
0.177516	-0.323762	0.929337
-0.339536	-0.592192	0.73077
-0.037433	-0.0920794	0.995048
0.799228	0.580961	0.154013
-0.210953	0.23022	0.949999
0.475495	-0.268207	0.837836
0.782652	-0.273504	0.559153
0.182635	0.74463	0.642005
-0.337477	-0.455309	0.823895
0.103482	-0.0908679	0.990472
0.278572	0.539984	0.794238
0.687218	0.0416622	0.725256
0.120025	0.0385496	0.992022
0.109254	0.344354	0.932461
-0.225029	-0.716871	0.659893
0.347756	-0.0485005	0.93633
-0.292274	-0.537145	0.791234
-0.592284	-0.216652	0.776055
-0.604884	0.307668	0.734477
-0.190344	0.308809	0.931883
0.518907	-0.291624	0.803549
-0.123259	-0.119833	0.985113
-0.27585	-0.400481	0.873797
0.474973	-0.851809	0.22096
0.0781376	0.00784908	0.996912
0.276073	-0.0570653	0.959441
-0.589038	0.426707	0.686262
0.170241	-0.629934	0.757761
0.288728	-0.263245	0.92051
0.566382	-0.366237	0.738297
-0.254965	-0.168671	0.952125
0.271687	-0.00831702	0.96235
-0.422465	0.0516429	0.904907
0.628322	0.0238476	0.777587
-0.0371655	0.17619	0.983654
0.0107679	-0.0167009	0.999803
-0.00641802	-0.0568969	0.998359
-0.268836	0.0124926	0.963105
-0.0309393	-0.270735	0.962157
0.926469	-0.0715489	0.369507
0.189395	-0.0232475	0.981626
0.0888116	-0.353703	0.931132
-0.275296	-0.0105911	0.961301
0.249018	-0.225235	0.941944
0.546402	-0.351372	0.760251
-0.409863	-0.0551354	0.910479
0.0593553	0.304653	0.950612
0.313339	-0.0601642	0.947734
-0.211748	0.355365	0.910428
0.341	-0.406166	0.84779
-0.241635	0.0840516	0.96672
-0.22525	-0.477154	0.849463
-0.518387	0.103103	0.848908
0.687006	-0.365812	0.627857
-0.203458	-0.49363	0.845538
0.888515	0.00482838	0.458822
-0.313865	-0.947023	0.0680828
0.183644	0.254402	0.949502
-0.15724	-0.721724	0.674084
0.815879	-0.136167	0.56196
0.390781	0.867655	0.307351
-0.935933	0.164386	0.311458
-0.512971	-0.747729	0.421618
0.446788	-0.511353	0.734097
-0.647771	0.31924	0.691721
0.0680648	-0.242152	0.967848
-0.0678746	0.47642	0.876594
0.422346	0.746329	0.514409
-0.434049	-0.198458	0.878758
-0.397494	-0.442795	0.803698
-0.283744	-0.0268416	0.958524
0.409549	0.439407	0.799494
-0.633372	-0.465407	0.618252
-0.157122	0.184496	0.970193
0.872428	0.16281	0.460827
-0.366818	0.458379	0.809527
-0.436468	0.0852837	0.895669
0.235898	-0.103515	0.966249
-0.270128	0.820233	0.50423
-0.66361	0.190434	0.723434
-0.0150845	0.328624	0.94434
0.343727	-0.156415	0.925951
-0.139991	0.247846	0.958632
0.437234	-0.298533	0.848354
0.0835561	-0.412588	0.907077
0.058849	0.0795232	0.995094
-0.348654	-0.117792	0.92982
0.331327	0.198211	0.922461
-0.142143	0.399742	0.90554
-0.370588	0.591252	0.7163
0.149331	-0.144836	0.978122
0.37508	-0.258959	0.890087
-0.227005	0.411393	0.882737
-0.0793766	0.195702	0.977446
-0.21188	-0.246817	0.945615
0.299348	-0.0160539	0.954009
0.624578	0.257612	0.73725
0.150234	0.205202	0.96712
0.72991	0.131662	0.670743
0.169296	-0.110995	0.979295
-0.264598	0.301302	0.916081
-0.319753	0.686965	0.652562
-0.271361	-0.0710222	0.959854
0.185065	0.273328	0.943951
-0.684624	0.0764176	0.72488
-0.222476	-0.157313	0.962163
0.669065	0.297004	0.681278
-0.0191378	0.0303846	0.999355
-0.442662	0.0803136	0.893085
0.166056	0.792083	0.587393
0.162654	0.425768	0.890093
0.0515641	-0.128799	0.990329
-0.388085	0.094578	0.916758
0.119241	-0.21393	0.969544
-0.0855609	0.257127	0.962582
-0.0027347	0.525529	0.850771
-0.520353	0.460903	0.718889
0.150897	0.103679	0.983098
0.454833	0.334156	0.82551
0.0846486	0.434178	0.896841
0.0854705	0.842766	0.531451
0.359801	-0.487529	0.795524
-0.336711	0.371964	0.865025
-0.2497	0.328211	0.911004
-0.173692	0.0116851	0.984731
-0.183393	-0.144894	0.972303
-0.305957	-0.374729	0.875196
0.462832	-0.420132	0.780561
0.156471	-0.544226	0.824218
-0.495529	0.0844393	0.864477
0.0710207	0.113229	0.991027
-0.141006	0.739714	0.657982
-0.298922	-0.345784	0.889426
0.320516	0.0251926	0.946908
-0.503556	-0.109473	0.856999
-0.105812	-0.41644	0.902985
0.735896	0.0624887	0.674204
0.707326	0.347286	0.615696
-0.927936	-0.128186	0.350004
0.212905	-0.263904	0.940758
-0.131706	-0.55449	0.821702
-0.0155813	-0.335708	0.941837
0.316859	-0.109432	0.942138
0.530647	-0.335786	0.778243
0.0550382	0.257528	0.964702
-0.531192	0.343138	0.774656
0.175986	0.255406	0.950682
-0.743447	-0.200805	0.637938
-0.642409	-0.261166	0.720488
0.423807	-0.528573	0.735525
0.120642	-0.13998	0.982777
0.252533	0.401839	0.8802
0.181776	-0.279839	0.942681
0.34699	0.320942	0.881246
-0.48839	0.208328	0.847393
0.0249276	0.437103	0.899066
0.559434	0.694827	0.451939
-0.86087	0.0466026	0.506687
-0.277063	-0.230755	0.932732
0.275897	0.120201	0.953642
-0.161444	0.0609697	0.984997
0.311311	-0.0424736	0.949358
-0.447157	0.71786	0.533599
-0.291972	0.410213	0.863989
0.347578	-0.0592527	0.935777
0.594473	-0.508855	0.62263
0.00713717	0.260222	0.965523
-0.169315	0.728502	0.66379
-0.482098	-0.681478	0.550608
-0.774546	0.0305474	0.631779
-0.0824403	-0.0310651	0.996112
-0.114627	0.569842	0.813721
-0.284754	0.0323221	0.958056
0.741507	-0.263085	0.617215
-0.581486	0.4782	0.658179
-0.161218	-0.0539172	0.985445
-0.862349	-0.0887515	0.498475
-0.486885	0.443488	0.752503
-0.399198	0.154769	0.903708
-0.433965	-0.0985176	0.895527
0.681779	-0.0469083	0.730053
-0.388499	0.295514	0.872777
-0.282337	-0.020089	0.959105
-0.479108	0.389992	0.78636
0.303585	-0.0550665	0.951212
0.00558837	0.186885	0.982366
0.320637	0.187115	0.928537
0.0307479	0.193221	0.980673
-0.171261	0.0728934	0.982525
-0.0995998	0.598965	0.794557
-0.0510367	0.359434	0.931774
-0.0170892	0.0308286	0.999379
0.456089	0.669476	0.586331
-0.0363372	-0.0450153	0.998325
0.0233823	0.112321	0.993397
-0.0606303	-0.683157	0.72775
-0.170598	-0.385994	0.90659
0.0897945	-0.135735	0.986668
0.130511	0.239656	0.962046
-0.503598	-0.798823	0.329045
0.394551	0.0602167	0.916899
0.0982784	0.0309834	0.994677
-0.00300685	-0.65217	0.758067
0.378494	0.660073	0.648881
0.759325	0.390966	0.520165
0.416344	0.138908	0.898534
0.408694	-0.172782	0.896167
0.0652515	-0.266929	0.961505
0.248244	-0.360032	0.899306
0.299441	-0.5348	0.790142
-0.584754	0.0221631	0.810908
-0.0388336	-0.119694	0.992051
0.140094	-0.0830579	0.986648
0.689814	-0.030377	0.723349
0.351629	0.348629	0.868801
0.342038	-0.159954	0.925972
0.962164	-0.141156	0.233056
-0.552766	-0.45795	0.696227
0.368257	-0.480508	0.795926
-0.605024	-0.374339	0.702721
-0.721107	-0.0811837	0.688051
0.52949	-0.659289	0.533834
-0.271155	0.275396	0.922297
0.238157	0.497725	0.833997
-0.213045	-0.409115	0.887264
-0.438467	-0.292787	0.849719
0.605816	0.303305	0.735523
0.471833	-0.45056	0.757872
0.0699399	-0.037805	0.996835
-0.021775	-0.406579	0.913356
-0.121708	0.499782	0.857557
0.0373532	0.238108	0.97052
-0.502011	0.175319	0.846905
-0.212394	-0.136491	0.967605
0.0907641	-0.49719	0.862881
-0.0576473	-0.733528	0.67721
-0.737983	-0.0316639	0.674076
0.422082	0.571977	0.703342
-0.361539	-0.186748	0.913463
-0.729275	-0.135747	0.670619
-0.466402	-0.0145892	0.884453
-0.756207	0.0434106	0.652891
-0.825658	-0.227359	0.51633
0.472337	-0.467422	0.747271
0.340891	-0.29792	0.891648
0.638849	0.129455	0.758362
-0.496734	-0.180224	0.848985
0.0287822	-0.421241	0.906492
-0.00597143	0.629293	0.777145
0.708829	0.485012	0.512177
0.127771	0.151751	0.980126
0.150246	0.178963	0.972316
-0.464488	-0.389294	0.795425
0.161678	0.229531	0.959779
-0.271989	-0.0287099	0.961872
-0.0155927	-0.443818	0.895981
0.145188	-0.163647	0.975777
0.478965	-0.797288	0.36732
0.517112	0.308286	0.79847
-0.43134	-0.860743	0.270309
0.209894	-0.41053	0.887361
0.17528	-0.640363	0.747805
0.321504	0.636923	0.700688
0.344768	0.210183	0.914854
-0.00917933	-0.634199	0.773115
-0.374995	-0.0659167	0.92468
-0.275805	-0.55978	0.781395
0.253608	-0.378509	0.890177
0.0312703	-0.74124	0.670512
0.074426	-0.280065	0.957092
0.0887175	0.23584	0.967734
-0.138256	-0.775876	0.61555
-0.190389	0.0158254	0.981581
0.130065	-0.377779	0.916715
0.39006	-0.0767614	0.917584
-0.112711	-0.155868	0.981326
-0.187058	-0.882921	0.43065
-0.340265	-0.492678	0.800929
0.552547	0.430553	0.713664
0.243248	-0.0758917	0.966991
-0.500605	0.572871	0.64901
-0.772776	0.569473	0.280212
0.407511	0.250291	0.878231
0.0714999	-0.608061	0.790664
-0.492748	-0.286897	0.821517
-0.179671	-0.482887	0.857052
0.0708853	0.347588	0.934964
-0.483097	-0.0618669	0.873378
-0.374748	0.578592	0.724427
-0.137091	-0.378417	0.915427
-0.297216	-0.405754	0.864307
0.487441	-0.535505	0.689663
0.291908	0.171624	0.940922
-0.234561	0.0627031	0.970077
-0.269925	0.506468	0.818921
-0.221246	0.504299	0.834705
0.2067	-0.799626	0.563803
-0.732506	-0.223227	0.643121
-0.51671	0.299262	0.802155
-0.384842	0.277083	0.88041
-0.11812	0.397764	0.909852
-0.0291923	-0.27681	0.960481
-0.0286288	0.317421	0.947852
-0.586552	0.0651337	0.807288
0.169491	-0.509121	0.843842
0.619543	-0.28328	0.732064
-0.345956	0.919021	0.188984
-0.465318	-0.354067	0.811244
-0.719907	-0.039834	0.692927
-0.0537565	-0.244807	0.96808
-0.639778	0.279808	0.715815
-0.714372	-0.698939	-0.0340197
0.139916	0.0646146	0.988053
0.205148	0.0210112	0.978506
-0.237678	-0.128957	0.962746
0.351316	-0.0155359	0.936128
0.0941688	0.0988596	0.990636
0.502077	-0.190111	0.843668
0.726169	0.242407	0.643364
0.0107162	0.389118	0.921125
-0.776782	0.331913	0.535204
-0.695017	0.244224	0.676244
0.0827922	0.476226	0.875416
-0.239994	-0.327437	0.913886
-0.369391	-0.620173	0.692052
0.621833	0.245242	0.743761
-0.305214	-0.0638566	0.95014
0.20307	0.142923	0.968677
-0.615593	0.4187	0.667634
-0.725986	-0.329861	0.603437
0.720373	0.152353	0.676648
0.548185	-0.180146	0.816726
0.543718	-0.182658	0.81915
-0.341444	0.743661	0.57479
-0.113363	-0.324285	0.939142
0.916071	0.365129	0.165817
-0.227308	-0.481796	0.846288
0.177098	-0.225888	0.95792
-0.186435	0.572654	0.798316
0.146705	-0.431205	0.890247
0.509036	0.0254697	0.860368
-0.21719	0.16638	0.961845
-0.0150233	0.0409012	0.99905
-0.38732	0.188548	0.902459
-0.157355	-0.527221	0.835032
0.247632	0.516688	0.819581
0.146433	-0.19209	0.970391
0.596525	-0.715163	0.364279
-0.357393	-0.00648576	0.933931
-0.825045	-0.183824	0.534332
-0.773362	-0.563684	0.290123
-0.488463	-0.0248374	0.872231
0.498414	0.690491	0.524219
0.310194	-0.388813	0.867528
-0.247087	-0.0722157	0.966299
-0.109672	0.434625	0.893909
-0.0130739	0.0878475	0.996048
0.208608	-0.13064	0.969235
-0.082127	-0.195546	0.97725
-0.40224	0.410107	0.818544
-0.0227911	0.0362898	0.999081
0.147043	-0.145062	0.978435
-0.677667	-0.391496	0.622493
0.147175	-0.703305	0.695486
-0.627096	-0.134346	0.767269
-0.101968	-0.298179	0.949048
-0.0802032	0.728616	0.68021
-0.196658	-0.699599	0.68694
0.119384	-0.368666	0.921864
0.286455	-0.66335	0.69131
0.304234	-0.0881548	0.94851
0.149107	-0.426574	0.892077
-0.172132	-0.530857	0.829796
0.0928783	0.394039	0.914389
0.519576	0.0800058	0.85067
-0.332613	0.160125	0.92937
-0.305092	-0.071428	0.949641
-0.295399	-0.416842	0.859641
0.190497	0.653823	0.732275
0.35695	-0.184118	0.915799
0.0702879	0.701642	0.709054
0.358326	0.383366	0.851254
-0.38714	0.262876	0.883753
0.374329	0.187671	0.908106
0.45689	-0.315594	0.831657
0.279284	0.0471789	0.959049
-0.0353805	-0.0258182	0.99904
0.422873	0.648709	0.632736
-0.750379	0.40387	0.523278
0.157556	0.217339	0.963296
0.457564	0.0916178	0.884444
-0.490813	-0.27262	0.827515
0.328607	-0.130208	0.935448
0.566588	-0.235766	0.789552
0.195031	0.292944	0.936027
0.0904199	0.290802	0.952501
0.532166	-0.173942	0.828579
0.102695	0.914134	0.392189
0.0630036	-0.067411	0.995734
0.465814	-0.531097	0.707781
0.350518	0.413339	0.84041
0.64685	0.508823	0.568053
0.367855	-0.0245818	0.929558
-0.145401	-0.413763	0.898698
0.0114311	-0.502528	0.864485
0.807761	-0.227595	0.543804
-0.308205	-0.313634	0.898133
-0.265713	0.537103	0.800573
-0.0406654	-0.254401	0.966243
0.50664	-0.152517	0.84856
-0.815339	0.11519	0.567409
-0.212968	-0.394691	0.893792
0.0353489	-0.978885	0.201331
-0.422567	-0.377745	0.823861
-0.0150883	0.319386	0.947505
0.0729806	0.349302	0.934164
0.58608	-0.736776	0.337152
-0.692806	0.198102	0.693379
-0.196775	0.624389	0.755922
-0.220462	-0.0678727	0.973031
0.422066	-0.127437	0.897564
0.25916	0.0743133	0.962971
0.421006	-0.225011	0.878706
-0.438614	0.0534797	0.897083
-0.814338	-0.303614	0.494643
-0.50955	-0.180322	0.841334
0.168996	0.135641	0.976239
0.274612	0.464837	0.841733
0.622558	0.0734473	0.779119
0.0645062	0.150621	0.986485
0.636552	0.107035	0.76377
-0.12194	-0.42784	0.895591
0.0498776	-0.297183	0.953517
0.60738	0.148899	0.780332
0.0916078	0.128835	0.987426
0.0419731	-0.277337	0.959855
0.752235	0.162387	0.638571
0.271055	0.572547	0.773769
0.0125197	-0.0836162	0.996419
-0.0602038	-0.0688086	0.995812
0.197951	-0.409277	0.890678
0.669711	0.608513	0.425675
-0.211122	-0.577781	0.788414
-0.168774	-0.260518	0.950603
0.881711	0.243897	0.403856
0.312221	-0.321929	0.893801
0.544551	0.325358	0.77305
0.15783	0.608669	0.777568
-0.0424907	-0.0594305	0.997328
0.583425	-0.719857	0.37606
0.498722	0.122829	0.858015
-0.265073	-0.116831	0.957124
-0.0426342	-0.0657455	0.996925
0.630024	-0.52984	0.567749
0.561493	-0.0559942	0.825585
0.0122503	0.298684	0.954273
0.166881	0.0124415	0.985898
0.497207	-0.0672214	0.865024
0.519478	-0.391936	0.759295
-0.537087	-0.338588	0.77259
0.103722	-0.737346	0.667505
0.664287	-0.330686	0.67035
0.54083	0.504456	0.673072
-0.165372	-0.0524415	0.984836
0.47402	-0.319151	0.820639
0.170423	-0.5494	0.817995
0.0805092	-0.616527	0.783207
0.524193	-0.230472	0.81982
-0.0362669	-0.30521	0.951594
0.222463	0.431681	0.874163
0.151331	-0.466963	0.871231
0.0246008	-0.624689	0.780486
-0.0791038	-0.753316	0.652884
-0.0792174	0.0509395	0.995555
0.146537	0.160349	0.976122
0.419205	-0.166091	0.89257
0.0937566	0.746931	0.658258
0.516956	0.0884547	0.85143
-0.153842	-0.748118	0.645486
-0.102468	-0.179943	0.978325
0.30559	0.635438	0.709108
-0.45456	-0.226378	0.861469
0.000404187	-0.260658	0.965431
0.244603	-0.145314	0.958673
0.45854	-0.449694	0.766496
0.0459142	0.243859	0.968723
-0.227044	-0.342005	0.911857
-0.377497	-0.124727	0.917572
-0.625914	0.0602733	0.77756
0.191243	-0.146119	0.970606
0.462207	0.552879	0.693318
0.333609	-0.0432841	0.941717
-0.231043	0.194715	0.95326
-0.613493	-0.675637	0.408828
0.113064	0.113813	0.987048
0.622196	-0.210124	0.754136
0.0523369	0.404379	0.913093
0.538789	0.171645	0.824769
0.330528	-0.0470932	0.94262
-0.555881	0.351757	0.753168
0.175596	0.354243	0.91852
0.262299	-0.495345	0.82815
-0.0812674	0.760767	0.643917
0.807618	0.352111	0.473045
-0.875933	-0.321604	0.3596
0.27094	0.543982	0.79415
0.593474	0.0483336	0.8034
0.652722	0.143794	0.743826
-0.0589978	0.346353	0.936247
-0.653855	-0.267826	0.707632
0.67663	0.328818	0.658825
-0.626813	0.492971	0.603395
-0.516606	-0.726137	0.4537
0.268796	0.439321	0.857173
0.611588	0.602715	0.512538
0.0511392	-0.629777	0.775091
-0.147075	-0.0657886	0.986935
-0.22948	-0.0247843	0.972998
-0.19498	-0.367704	0.909273
0.83956	0.362124	0.404975
0.72483	-0.54458	0.421964
0.233508	-0.866926	0.440356
0.492848	0.292671	0.819417
0.0283334	-0.0224067	0.999347
-0.189652	0.186853	0.963908
-0.305564	-0.171958	0.936516
-0.266061	-0.265673	0.926623
0.287849	-0.88836	0.357713
0.180595	-0.373116	0.910038
0.146435	0.224029	0.963519
0.727769	0.162082	0.666394
0.0938944	0.405504	0.909258
0.222305	-0.0980742	0.970032
0.366038	0.117437	0.92316
-0.0886196	-0.625638	0.775064
-0.0915552	-0.723918	0.683784
-0.281701	0.176475	0.943134
0.866419	-0.32438	0.3796
0.623132	0.490731	0.609007
0.620293	0.247455	0.744313
0.920493	-0.205001	0.332666
-0.0349393	-0.327707	0.944133
-0.615357	-0.176477	0.76824
-0.147111	0.271457	0.951141
0.202839	0.13775	0.969475
-0.498749	-0.298872	0.813588
0.751467	0.225011	0.620216
0.177501	-0.244901	0.953162
0.437593	-0.272829	0.856783
-0.113911	-0.426783	0.897151
0.22755	-0.376971	0.897839
-0.433457	0.720466	0.541335
-0.349162	-0.775475	0.526046
0.73428	-0.0896423	0.672902
-0.288572	-0.26807	0.919165
-0.011101	-0.882215	0.470716
-0.168891	-0.646151	0.744288
0.248197	-0.170584	0.953572
0.867775	-0.0238793	0.496384
-0.229561	-0.622787	0.747956
-0.10492	0.942124	0.318424
-0.647523	-0.391147	0.654002
0.782387	0.0401324	0.621498
0.130798	-0.00227579	0.991406
0.265931	0.619519	0.738564
0.452272	-0.534145	0.71424
-0.457651	-0.391933	0.798088
-0.0399643	-0.172497	0.984199
0.285524	0.306023	0.908199
-0.284742	0.487662	0.825293
0.277592	0.600267	0.750082
-0.535978	-0.301508	0.788556
0.501763	-0.856136	0.12355
0.302645	-0.451822	0.839204
0.0436781	-0.785334	0.617529
0.355899	0.224805	0.907082
0.660801	-0.424524	0.618968
-0.145413	0.184875	0.971945
-0.2693	-0.303755	0.913898
-0.419422	0.035032	0.907115
0.223414	-0.0883744	0.970709
0.0501274	0.15443	0.986731
-0.253129	-0.547461	0.797629
-0.0491463	-0.614172	0.78764
0.11859	-0.401659	0.908078
0.472751	-0.442799	0.761863
-0.0166154	0.534986	0.844697
-0.273416	0.847352	0.455234
0.758124	0.156283	0.633106
-0.0190016	0.798352	0.601891
0.626501	0.237872	0.742235
-0.459964	-0.207384	0.86338
0.68631	-0.141454	0.713421
0.343181	-0.441477	0.829051
-0.174978	0.159495	0.971568
0.255165	0.366565	0.894718
0.194289	0.24535	0.949766
0.0312864	0.101593	0.994334
0.118427	-0.273418	0.954577
-0.286668	-0.194519	0.938075
0.236849	-0.0674431	0.969203
-0.121292	-0.416581	0.900971
-0.249116	0.418773	0.873253
0.00805591	-0.104604	0.994481
0.491117	0.0870206	0.866736
-0.107201	0.282266	0.953328
0.00367717	0.830543	0.556943
-0.306984	0.180635	0.934415
-0.184877	-0.31069	0.932359
-0.0449608	-0.232778	0.97149
0.266757	-0.0207184	0.963541
0.141533	0.445756	0.883895
0.331437	-0.140196	0.933003
-0.115848	-0.199888	0.972946
0.287696	0.272435	0.918156
-0.259396	0.0743724	0.962903
0.254907	-0.151256	0.955062
0.812849	0.36446	0.454363
-0.0183354	0.149147	0.988645
-0.262072	-0.414632	0.871435
0.0843474	0.212731	0.973463
-0.776569	0.628891	0.037899
-0.0987184	0.586097	0.804205
0.0179117	0.832483	0.55376
0.19925	0.322402	0.925395
-0.115851	0.187865	0.975339
-0.249618	-0.0864272	0.96448
0.392619	-0.187654	0.900354
-0.124843	-0.228748	0.965447
0.361135	-0.254865	0.897009
-0.53358	0.158429	0.830778
-0.415146	-0.628843	0.657427
-0.727158	-0.243251	0.641926
-0.565399	0.760138	0.320179
-0.629562	0.0709458	0.773705
0.0498128	-0.42215	0.905156
-0.00566012	0.0961727	0.995349
-0.0669915	0.158321	0.985113
0.0306352	-0.0242152	0.999237
-0.129111	0.406595	0.904439
0.307551	-0.469738	0.827502
0.566012	0.137685	0.812818
0.135924	0.0248755	0.990407
0.554868	-0.194897	0.808788
-0.15301	0.14185	0.977991
-0.151589	0.24068	0.958694
-0.176818	-0.8948	0.409962
0.281049	0.0718583	0.956999
-0.131157	0.230328	0.964234
-0.166588	-0.546235	0.8209
0.100728	0.763928	0.637391
0.0106969	0.588222	0.808629
0.127456	0.834667	0.535804
-0.227886	-0.562483	0.794783
-0.388114	0.188477	0.902133
-0.090203	0.205282	0.974537
0.0476781	0.973677	0.222889
-0.923034	-0.0850328	0.375203
0.00443667	-0.306814	0.951759
-0.204451	0.348364	0.914791
-0.420288	-0.12877	0.898207
0.0457131	0.769794	0.636654
0.47649	0.198592	0.856457
-0.0437336	0.318608	0.946877
-0.338702	0.0914153	0.936442
0.593872	-0.441365	0.672691
-0.390558	-0.235421	0.889967
-0.351778	0.0121786	0.936004
-0.74808	0.220003	0.626079
-0.101557	0.418282	0.902622
0.393036	0.202789	0.896883
-0.311961	0.226632	0.922669
-0.23868	0.577245	0.78091
0.341643	0.512223	0.787977
-0.0717303	-0.228478	0.970903
-0.546152	-0.357457	0.75759
0.676436	0.494415	0.545883
0.186565	-0.68456	0.704677
-0.424904	-0.0126223	0.90515
-0.293456	0.249317	0.922889
-0.0695656	0.344199	0.936316
-0.55962	-0.0593713	0.82662
-0.63165	0.457531	0.625847
0.157566	0.0246013	0.987202
0.171492	-0.498009	0.850046
0.265075	-0.0522071	0.962813
-0.0983856	-0.206374	0.973514
0.102794	0.197784	0.974841
-0.141703	0.339535	0.929858
-0.558674	0.251426	0.79036
-0.370498	0.103437	0.923056
0.29706	-0.661537	0.688567
0.122505	0.102644	0.987146
0.202467	-0.487172	0.849512
0.451438	0.247847	0.85719
-0.184104	0.362917	0.913453
-0.252382	0.200736	0.946577
0.409256	0.132823	0.9027
0.11526	0.290836	0.949805
0.149243	-0.200826	0.968192
0.472719	-0.356409	0.805921
0.441261	-0.223029	0.869222
-0.112689	-0.312072	0.943352
0.187018	-0.171821	0.967214
0.227978	-0.110976	0.967321
0.389634	0.286	0.875437
-0.0100421	-0.0707238	0.997445
-0.118778	0.217378	0.968833
-0.44504	0.700101	0.558388
-0.105684	-0.37353	0.921578
0.490092	0.48993	0.720957
-0.338804	0.196468	0.920115
0.314254	0.724094	0.613949
-0.293288	-0.720608	0.628256
0.112148	-0.178066	0.977607
0.67315	-0.320812	0.666295
-0.447451	0.319415	0.835321
0.275132	-0.693429	0.665926
-0.24019	0.0918056	0.966375
-0.158204	0.144066	0.97684
-0.689628	-0.275564	0.669685
-0.468978	0.598681	0.649338
-0.266841	0.0553239	0.962151
-0.311188	0.476544	0.822233
0.547715	-0.15888	0.821441
-0.495934	0.133619	0.858018
-0.294992	-0.121163	0.947786
-0.382983	-0.327367	0.863803
-0.728733	0.152596	0.667579
-0.553916	-0.399262	0.730594
-0.306817	-0.345072	0.887011
-0.571194	-0.227198	0.788745
-0.0555032	-0.0129134	0.998375
0.700732	0.138644	0.699823
-0.226357	0.092114	0.969679
-0.292087	-0.0386616	0.95561
-0.0838333	-0.555588	0.827221
0.287934	-0.287324	0.913531
-0.0252441	-0.2648	0.963973
0.0574887	0.121384	0.990939
0.063352	-0.56395	0.823375
-0.7853	0.344306	0.514546
0.0517954	0.380312	0.923407
-0.43684	-0.0131344	0.899444
-0.279374	0.0487698	0.958943
-0.316263	-0.43888	0.841048
0.487081	-0.263539	0.832646
0.514379	0.656148	0.552163
0.0412461	0.235066	0.971104
0.394449	0.100574	0.913397
0.171764	-0.438413	0.882208
-0.214223	-0.39209	0.894636
-0.477493	-0.118627	0.87059
0.119984	0.148088	0.981669
-0.13474	0.107353	0.985048
-0.347126	0.560339	0.752013
0.638305	0.319061	0.700548
-0.396942	-0.286838	0.871872
-0.107316	-0.0011705	0.994224
-0.173961	0.0909069	0.980548
0.361833	-0.193042	0.912037
0.502449	-0.0249272	0.864247
0.671358	0.512642	0.535234
0.334317	-0.40094	0.852924
-0.271369	0.102688	0.956982
0.414299	-0.37581	0.828929
-0.208987	0.0260459	0.977571
0.520447	0.293938	0.801708
0.015203	0.744086	0.667911
0.223894	-0.328462	0.917597
-0.0576114	0.495666	0.866601
0.114279	-0.351797	0.929074
-0.0296337	0.304004	0.95221
0.00754279	0.672687	0.739889
-0.321074	-0.18195	0.929412
-0.900192	-0.107368	0.422051
-0.22412	0.50652	0.832591
-0.524114	-0.0287497	0.851162
0.0626654	0.081756	0.99468
-0.469173	0.0727866	0.880102
-0.368268	0.749381	0.550278
0.174776	0.258008	0.950203
-0.374515	-0.430472	0.821238
-0.273353	0.0525898	0.960475
-0.169133	0.751788	0.637345
-0.303605	0.223764	0.92615
0.346858	-0.0626279	0.935825
-0.687842	0.275549	0.671526
-0.134449	0.239151	0.961629
-0.144844	0.153246	0.977515
-0.337981	-0.589054	0.734019
-0.330216	-0.403638	0.853249
-0.0833904	-0.140039	0.986628
0.0441022	0.317904	0.947096
0.0287044	0.430307	0.902226
0.185197	0.202287	0.961656
-0.242364	0.392669	0.88717
0.0394207	0.00554061	0.999207
-0.0580402	-0.233849	0.970539
0.538051	-0.0374139	0.842081
-0.697186	0.230801	0.678721
-0.283699	0.408979	0.867324
0.0991836	0.0871785	0.991243
0.163422	0.0580008	0.98485
0.729349	0.139541	0.66976
-0.364788	-0.633423	0.682426
0.468945	0.27319	0.839915
0.0679513	-0.313603	0.94712
-0.01227	0.273742	0.961725
-0.26516	0.655313	0.707287
-0.506231	0.320772	0.800522
-0.00265515	-0.337863	0.941192
-0.451779	0.204642	0.868341
0.361191	-0.727563	0.583261
0.123834	-0.459877	0.879306
0.238199	0.106029	0.965411
-0.221061	-0.367935	0.903192
0.256773	-0.0642363	0.964335
0.152736	-0.23283	0.960449
-0.223831	-0.208803	0.951998
-0.655641	-0.0989209	0.748565
0.497998	0.641824	0.583146
-0.177538	-0.146902	0.973088
0.643837	-0.223296	0.731856
0.662361	-0.206666	0.720116
-0.200615	-0.207342	0.957477
-0.0724824	0.383125	0.920848
-0.25633	0.664251	0.702186
-0.576585	-0.192374	0.794067
0.556295	0.337768	0.759242
0.175384	0.469219	0.865491
0.275905	-0.270518	0.922332
0.159966	0.177959	0.970949
0.675499	0.302568	0.672423
0.530742	-0.580542	0.617482
-0.647952	-0.33391	0.684589
-0.220589	-0.221155	0.949964
-0.165904	0.0964579	0.981413
-0.492145	-0.424104	0.760217
-0.077941	-0.510837	0.856137
0.272185	-0.691984	0.668636
-0.202551	-0.458764	0.865164
-0.128995	0.267041	0.955013
0.247265	-0.214993	0.944795
-0.202689	0.786162	0.583838
-0.81739	0.436076	0.376445
0.199718	-0.266762	0.942842
-0.0249648	0.19462	0.980561
-0.113393	-0.0552961	0.99201
-0.224326	-0.329455	0.917135
0.152191	-0.258437	0.953965
-0.271469	0.32317	0.906568
-0.087754	-0.0667476	0.993903
0.345525	-0.183373	0.920319
-0.540238	-0.360581	0.760345
0.153112	0.591384	0.791721
0.426663	-0.498572	0.754576
0.742136	-0.443192	0.502807
-0.307451	-0.121002	0.943839
-0.189055	0.209022	0.959462
0.30584	0.377339	0.874115
0.0104661	0.487153	0.873254
-0.385778	0.52665	0.757506
-0.101051	-0.560908	0.821688
-0.0796451	-0.509764	0.85662
-0.135301	0.158444	0.978054
-0.467545	0.100956	0.878185
0.108154	-0.142411	0.983881
-0.244715	-0.21074	0.946416
-0.321262	-0.251748	0.912915
0.177772	-0.593124	0.785239
0.304541	-0.109513	0.946183
0.379668	0.614676	0.691394
-0.135241	-0.748182	0.649564
0.128398	-0.442066	0.887745
-0.115479	0.0630882	0.991304
0.623253	-0.354152	0.697232
0.339323	0.0269718	0.940283
0.175329	0.238384	0.955213
-0.263595	0.0483078	0.963423
0.137281	-0.0686842	0.988148
-0.641518	-0.225815	0.733119
-0.309507	-0.328053	0.892517
0.0148475	0.706635	0.707422
-0.34094	0.858514	0.383032
0.0749816	-0.442525	0.893616
-0.0809979	-0.610058	0.788206
-0.0111967	-0.018762	0.999761
0.0127022	0.304612	0.952392
0.344729	0.21625	0.913454
-0.146596	-0.365766	0.919089
0.277729	0.11766	0.953427
-0.565381	0.43408	0.701369
-0.486707	0.0411904	0.872593
-0.0342918	-0.51447	0.856823
0.524745	0.323016	0.787594
-0.208909	0.114955	0.971155
0.519613	0.10273	0.848203
-0.0337017	-0.185004	0.98216
0.0323352	0.0203747	0.999269
-0.30472	-0.168662	0.937389
-0.663195	-0.123534	0.738182
-0.0860231	0.269936	0.959028
0.00795184	0.0684494	0.997623
-0.368265	-0.222589	0.902682
0.0981089	-0.197812	0.975318
-0.285609	-0.289323	0.91363
-0.317142	-0.424566	0.848036
0.346131	0.300008	0.888925
-0.423621	-0.478628	0.769065
0.334867	-0.464758	0.819673
0.013908	-0.268583	0.963156
0.261683	-0.592936	0.761544
0.327365	-0.393065	0.859263
-0.512112	-0.342333	0.78775
-0.320626	0.370979	0.871535
0.412993	0.319483	0.852858
0.226343	-0.163887	0.960162
-0.387246	-0.23234	0.892221
0.406687	0.475123	0.780297
-0.428624	-0.133861	0.893511
-0.215767	-0.131256	0.967583
-0.133957	-0.182634	0.974012
0.499968	-0.530571	0.68449
-0.29567	-0.500773	0.813514
-0.0193838	-0.627822	0.778116
0.242402	-0.209096	0.947375
-0.432827	-0.127983	0.892346
0.169433	0.161845	0.972162
-0.129892	-0.26538	0.955354
-0.615453	0.178434	0.76771
0.0702821	0.572678	0.816762
0.0964753	-0.0169893	0.99519
0.0310867	-0.535153	0.844183
0.0517035	-0.292772	0.954783
-0.466118	-0.457465	0.757271
0.173081	0.0849854	0.981234
0.105723	-0.26526	0.958363
0.220426	0.349562	0.910614
0.220789	-0.10841	0.969278
0.0620188	-0.412629	0.908786
0.200914	-0.471648	0.858593
-0.782834	-0.0977235	0.614509
0.0980858	0.602043	0.792416
-0.0275474	0.148289	0.98856
0.353819	-0.115093	0.928206
-0.317242	0.275106	0.907565
-0.481414	0.0344484	0.875816
0.0189948	-0.0545714	0.998329
0.0108808	0.0544053	0.99846
-0.265584	-0.459534	0.847522
0.702086	0.404437	0.586094
0.100886	-0.366469	0.924945
-0.257626	-0.673654	0.69269
-0.10063	-0.144202	0.984418
-0.819703	0.154701	0.551502
0.633355	-0.643852	0.42932
-0.0854914	0.515776	0.852447
-0.216107	0.259783	0.941175
0.375813	0.0707151	0.923994
0.0742448	-0.354747	0.93201
0.821059	0.186951	0.539362
-0.417786	-0.597569	0.684373
-0.120558	-0.554964	0.823092
0.00287869	-0.377093	0.926171
-0.272483	0.332746	0.902792
-0.0453522	0.43622	0.898696
-0.599627	-0.349827	0.71977
-0.129959	0.331954	0.934301
-0.00402074	-0.124647	0.992193
0.681138	-0.40995	0.606624
0.496723	-0.149989	0.854851
-0.456905	0.150383	0.876711
-0.0577188	0.281727	0.957757
-0.639957	-0.170082	0.749351
0.354007	-0.291941	0.88851
0.164603	-0.199052	0.966066
-0.427167	0.623198	0.655097
-0.2239	-0.0719169	0.971955
-0.103482	0.391525	0.91433
0.242409	-0.0961322	0.9654
0.094003	0.258239	0.961497
0.0916363	-0.10619	0.990114
0.152681	-0.197735	0.968292
0.556182	0.749984	0.35803
0.626841	-0.00888228	0.779097
0.380126	-0.315444	0.869482
0.268107	0.407949	0.872752
0.140206	-0.437728	0.888108
-0.266983	0.233289	0.935038
0.479242	0.374225	0.793904
0.00122781	-0.207996	0.978129
-0.0888536	0.0422443	0.995148
0.220126	0.941244	0.256134
-0.0236276	0.241978	0.969994
0.257224	-0.224743	0.939854
-0.184051	0.21919	0.958165
-0.0408389	-0.254232	0.966281
0.355738	0.392218	0.848302
0.292422	-0.0908287	0.951966
0.286605	0.723116	0.628459
0.505774	0.493077	0.707862
-0.0154266	0.0249417	0.99957
-0.0430485	-0.276481	0.960055
-0.327094	0.00839902	0.944955
0.327937	0.141497	0.934043
0.0697706	0.599298	0.79748
-0.554688	-0.162344	0.816067
0.272569	0.757253	0.593527
0.0592972	-0.114958	0.991599
0.109662	0.336995	0.935098
-0.236378	-0.410141	0.880858
0.600703	0.129643	0.788891
-0.138659	0.22573	0.964272
0.262147	-0.296586	0.918322
0.465687	0.60801	0.643008
0.249885	0.0725517	0.965554
-0.0712008	-0.309451	0.948246
-0.576492	-0.569545	0.585897
-0.202135	-0.885098	0.419217
0.022503	-0.608214	0.793454
-0.103372	0.0759363	0.99174
-0.0683001	0.0735299	0.994951
0.231045	0.56463	0.792345
-0.217911	0.208263	0.953489
-0.0492861	0.307574	0.950247
-0.110765	0.0037128	0.99384
0.489349	0.178057	0.853717
0.576054	-0.133504	0.806436
-0.295109	0.329217	0.896954
0.239135	-0.661807	0.710511
-0.650618	-0.117119	0.75032
-0.420268	-0.153443	0.894332
-0.426612	0.128822	0.895213
0.212286	0.212813	0.953753
-0.0556184	-0.120859	0.99111
-0.195399	0.683258	0.703546
-0.299821	0.493087	0.816684
0.0472761	0.0577476	0.997211
-0.835448	0.0921097	0.541795
0.00402186	-0.0511555	0.998683
0.812264	0.186527	0.552661
-0.20226	0.281328	0.938054
0.390651	0.276043	0.878175
-0.356365	0.492124	0.79424
0.444986	-0.296998	0.844854
0.19321	0.0316447	0.980647
0.197315	0.0354271	0.9797
0.756477	-0.436541	0.487005
0.0961722	-0.746501	0.658397
-0.103645	-0.383032	0.917902
0.00794646	0.403535	0.91493
-0.429646	0.326536	0.84189
0.390496	0.0130733	0.920512
0.0228669	0.0756074	0.996875
0.593069	-0.0659747	0.802444
0.768803	-0.543685	0.336673
-0.141462	0.143614	0.979471
-0.28442	0.507128	0.813588
0.762276	-0.142242	0.631429
0.0502197	0.158598	0.986065
0.545556	0.153553	0.823887
-0.15624	0.505591	0.848509
-0.216148	0.282769	0.934517
0.207903	-0.170023	0.963259
0.752228	0.333198	0.568447
0.190007	-0.313925	0.930241
-0.0267747	-0.774612	0.63187
-0.262303	0.352487	0.898304
-0.45216	-0.576336	0.680727
-0.0371844	0.781201	0.623172
-0.208952	-0.607693	0.766191
-0.436512	0.359543	0.824734
0.15003	0.0761761	0.985743
0.133395	-0.180552	0.974478
-0.19492	0.27321	0.941999
0.0317795	0.119387	0.992339
0.00625635	0.699676	0.714433
0.464383	-0.250773	0.849389
0.192147	0.397071	0.897448
-0.572769	-0.0102825	0.819653
0.280055	-0.0649669	0.957783
-0.39984	-0.0752089	0.913494
-0.16354	0.289691	0.943045
0.111827	-0.095885	0.989091
0.180065	0.454915	0.87214
0.833975	0.544611	-0.0887992
0.460046	0.315424	0.829979
-0.223669	-0.216709	0.950268
0.0893879	-0.361346	0.928137
-0.00324412	0.289338	0.957222
-0.668746	-0.619126	0.411658
-0.147865	-0.355332	0.922971
0.221625	0.385287	0.895788
0.0628632	0.346385	0.935984
-0.122324	0.379165	0.917208
0.210685	-0.115514	0.970705
0.131267	0.600949	0.788435
-0.10535	-0.739361	0.665016
0.690491	-0.00462455	0.723326
-0.539975	-0.276301	0.795038
0.0385987	0.43144	0.901316
-0.519117	-0.752002	0.406214
0.120953	0.0287804	0.992241
0.121083	-0.00750458	0.992614
0.153191	-0.463999	0.872489
-0.180351	0.509418	0.841408
0.557589	0.229985	0.797623
0.0745648	-0.142755	0.986945
0.838602	-0.132517	0.528381
0.664987	0.293679	0.686692
-0.323402	0.111248	0.9397
0.262073	-0.297387	0.918084
-0.600748	0.290553	0.744769
0.141241	0.968549	0.20485
-0.402416	-0.232381	0.885472
0.257345	0.351102	0.900278
-0.131917	-0.196549	0.971579
0.205359	-0.108268	0.97268
-0.400943	-0.074342	0.913081
-0.734178	-0.0771761	0.674556
0.00150694	0.305283	0.952261
0.0815366	0.231371	0.969443
-0.37781	0.109749	0.919356
0.0982695	0.685553	0.72136
0.588387	0.0458948	0.807276
0.300192	-0.699803	0.648198
0.0157575	0.710197	0.703827
-0.624706	0.406581	0.666659
-0.425275	-0.112317	0.898068
-0.0535903	0.0422566	0.997669
0.402025	0.0815116	0.911993
0.179155	-0.0763454	0.980854
0.324791	0.741384	0.587248
0.157786	0.0734652	0.984737
-0.211051	0.424854	0.880316
-0.398654	-0.175688	0.900116
0.081718	0.356135	0.930854
-0.151748	-0.335795	0.929631
-0.0695295	0.0810384	0.994283
0.455614	0.458527	0.763
-0.00309313	0.432154	0.901794
0.502257	0.799322	0.329882
0.517339	-0.337593	0.786379
0.557759	0.205337	0.804203
0.0308111	0.138501	0.989883
-0.234732	-0.401861	0.885104
-0.34566	0.0750487	0.935354
0.139903	-0.188168	0.972121
0.186991	0.430017	0.883244
-0.249913	0.644893	0.722258
0.0673737	0.249972	0.965906
0.129019	-0.441355	0.888009
-0.370031	0.370604	0.851898
0.859775	0.298544	0.414317
-0.317524	-0.535905	0.782294
0.131771	0.30604	0.942855
0.297555	0.278446	0.913197
-0.0199804	0.201873	0.979208
-0.364197	0.485262	0.79491
0.73667	-0.556487	0.384238
0.426295	0.0137464	0.90448
-0.558321	0.160538	0.813944
0.0892561	-0.326814	0.940865
0.161444	-0.500237	0.850705
0.541237	0.570048	0.618149
0.0805455	-0.679684	0.729069
0.391483	-0.0710657	0.917437
0.627166	0.0368079	0.778015
0.431514	-0.547547	0.716929
0.499376	0.623165	0.601904
0.357166	-0.482432	0.799807
0.283937	-0.0566091	0.95717
-0.0185397	0.65805	0.752746
-0.364985	0.0719913	0.928226
-0.367787	0.518688	0.771813
-0.733378	-0.0802042	0.675073
-0.245501	0.35076	0.903713
0.121497	0.627546	0.769041
-0.082082	0.207663	0.974751
-0.469452	0.30835	0.827367
0.191417	0.604039	0.773625
0.109656	0.231265	0.966691
-0.966706	-0.219103	0.132184
0.228044	-0.221986	0.948007
0.53243	-0.228919	0.814932
-0.232784	0.0799738	0.969235
0.202274	-0.454926	0.867253
-0.131776	0.679708	0.721548
0.249899	-0.603162	0.75746
-0.505872	0.454766	0.732995
-0.169861	0.268127	0.948291
-0.168205	-0.00601222	0.985734
0.0561866	0.697128	0.714742
0.0826537	-0.207164	0.974808
0.542561	0.45691	0.704883
0.234043	0.554289	0.798741
-0.234672	0.296901	0.925624
0.073872	0.290068	0.954151
0.249151	0.11833	0.961209
0.00651796	0.46306	0.886303
-0.262499	-0.243812	0.933622
0.502381	-0.0944864	0.859468
0.419611	-0.414732	0.807418
-0.605551	-0.474402	0.638945
-0.307975	-0.0961141	0.946527
0.0685206	0.134091	0.988597
-0.518209	0.322156	0.79226
-0.0528872	-0.18683	0.980968
-0.0772702	-0.350984	0.933188
-0.451322	-0.240666	0.859295
0.0553854	0.295616	0.9537
0.493388	0.20625	0.845002
-0.118184	0.186009	0.975414
0.0738562	0.376584	0.923434
-0.789282	0.574331	0.217205
-0.224429	-0.344743	0.911473
0.130878	0.281641	0.950552
0.37668	-0.458469	0.804933
0.615231	0.0797221	0.784305
0.10652	0.374423	0.921119
-0.112672	-0.288904	0.950705
-0.136619	0.389022	0.911042
-0.254472	0.123657	0.959142
-0.398727	-0.116632	0.909623
0.116078	-0.391967	0.912627
0.644298	-0.0233395	0.764418
0.773684	0.249337	0.582447
0.790916	-0.440141	0.42512
-0.0170701	-0.357423	0.933787
-0.587762	0.0138298	0.808916
-0.267912	0.267665	0.925515
-0.0504432	0.0543293	0.997248
0.112322	-0.0894528	0.989637
-0.11657	-0.358096	0.92638
0.0372501	-0.629849	0.775824
-0.746521	-0.518145	0.417412
-0.818558	0.151569	0.554067
-0.135145	0.608108	0.782266
-0.146736	-0.0765719	0.986208
-0.0887474	0.670933	0.736188
-0.0903329	0.585638	0.805523
-0.411404	-0.623905	0.664446
0.02267	-0.58318	0.812027
-0.484645	0.735686	0.473165
-0.117227	0.0481524	0.991937
-0.255115	0.231586	0.938767
-0.756676	0.437893	0.48548
0.050696	0.465254	0.883724
0.839162	0.307712	0.448465
-0.108617	0.209796	0.971693
-0.754719	0.482366	0.44466
-0.648141	-0.30255	0.698839
-0.225444	0.681312	0.696411
-0.531749	0.351976	0.770296
0.411007	-0.0134381	0.911533
0.40458	0.475045	0.78144
0.248723	-0.073624	0.965772
0.265584	0.0490902	0.962837
0.74316	-0.114177	0.6593
-0.154489	-0.0700011	0.985512
-0.521144	-0.0370322	0.852665
0.48363	0.0562818	0.873461
0.268718	0.0970753	0.958315
0.46784	0.763331	0.445479
0.0188293	0.392987	0.919351
-0.107081	0.413215	0.904316
-0.0391607	0.235325	0.971127
0.320933	-0.353757	0.878554
0.30227	0.130965	0.944183
0.459708	0.402229	0.791758
-0.450759	0.226432	0.86345
-0.0720489	0.161935	0.984168
-0.0821569	-0.0158318	0.996494
-0.43971	0.399991	0.804153
0.0581632	-0.292684	0.954439
-0.197882	0.609472	0.767715
-0.292797	0.5225	0.800789
-0.0144915	0.0977254	0.995108
0.383066	0.0616795	0.921659
0.558888	-0.272801	0.783086
-0.151023	-0.0300075	0.988075
-0.482898	0.580983	0.655185
-0.473162	0.27996	0.835309
0.471146	-0.0341279	0.881395
-0.621395	-0.288252	0.728546
-0.286346	-0.0430005	0.957161
-0.521893	-0.360619	0.773034
-0.136396	0.6153	0.776403
-0.305388	0.377472	0.874216
-0.520666	0.177394	0.835127
-0.0725669	0.0594396	0.995591
-0.0629228	0.0844847	0.994436
-0.517954	0.0103414	0.855346
-0.431401	-0.402144	0.807572
0.00892472	0.39373	0.919183
0.285265	-0.10231	0.952972
-0.299341	0.493439	0.816647
-0.432469	0.199431	0.879316
-0.902266	-0.389571	0.1848
0.771801	-0.231182	0.592349
0.125238	-0.666503	0.734908
0.127424	0.0124079	0.991771
0.289447	0.0705287	0.954592
0.520683	0.676816	0.520394
0.351729	-0.471351	0.808774
-0.206979	0.117845	0.971222
-0.455415	0.186147	0.870601
0.0315467	-0.148617	0.988392
-0.547592	0.655096	0.52057
0.371914	0.265514	0.889484
-0.241714	0.345344	0.906814
-0.0958788	-0.384842	0.917989
0.194943	0.694648	0.692432
0.258672	0.326038	0.909279
0.438564	0.212917	0.873114
-0.382906	0.0330736	0.923195
0.238822	-0.141254	0.960735
0.278435	0.462074	0.841998
-0.438002	0.229731	0.869125
0.712429	0.312207	0.628468
0.563215	0.263899	0.783036
0.537779	0.224249	0.812715
-0.365404	-0.0827433	0.927164
-0.703885	0.20303	0.680679
-0.323428	0.840593	0.434508
0.129619	0.394762	0.909594
-0.0804687	0.154647	0.984687
-0.27899	-0.347639	0.89516
-0.56109	0.183277	0.80721
-0.456918	-0.161549	0.874716
-0.114321	-0.0483064	0.992269
-0.118888	0.0884025	0.988964
-0.0904935	-0.571608	0.815521
-0.241604	0.0615221	0.968423
-0.531451	-0.279029	0.799814
-0.76961	0.134217	0.624248
-0.412298	0.00618599	0.911028
-0.462774	0.104197	0.880331
-0.54608	0.266922	0.794072
-0.10392	-0.630176	0.769467
0.109402	-0.179735	0.977613
-0.455883	-0.0233957	0.889732
-0.459406	0.114859	0.880769
-0.629106	0.285971	0.722804
0.227762	0.369855	0.90074
0.257381	-0.036305	0.965628
0.518968	-0.225546	0.824501
0.0238179	-0.0264929	0.999365
-0.0891531	0.0669489	0.993765
-0.0596677	-0.185416	0.980847
-0.723156	-0.213295	0.656925
-0.237611	0.49234	0.837342
0.288372	-0.31846	0.903009
-0.163592	-0.37989	0.910451
-0.577153	-0.126886	0.806718
0.321413	-0.307619	0.895581
-0.581875	-0.235924	0.778307
-0.172227	0.807469	0.564209
0.733259	0.0475331	0.678286
-0.21882	0.457483	0.861874
-0.511916	0.174303	0.841166
0.13251	-0.348184	0.928013
0.314887	-0.546734	0.77584
0.144194	-0.122023	0.981997
0.61609	0.501618	0.6073
0.312409	0.410646	0.856604
-0.259974	0.151817	0.953607
0.622144	-0.22618	0.74952
0.284891	-0.465821	0.837764
0.279448	0.0117164	0.960089
-0.360525	0.453781	0.814926
-0.330387	0.272076	0.90378
-0.000983641	0.104988	0.994473
-0.324445	0.60654	0.725841
-0.14232	-0.0115964	0.989753
-0.0305047	-0.0145733	0.999428
0.0535607	-0.00352389	0.998558
-0.494953	-0.300958	0.815135
0.0970093	0.167564	0.981077
-0.56741	0.237088	0.788566
-0.563884	0.317397	0.762427
0.446049	0.0720349	0.892105
-0.0235775	-0.239523	0.970604
0.273564	0.158797	0.948655
-0.0779711	0.245254	0.966318
-0.609407	0.0694475	0.78981
-0.335206	0.0801833	0.938727
0.098042	0.457095	0.883998
0.117159	-0.282202	0.952174
-0.387687	-0.0995983	0.916395
-0.0505843	0.0869385	0.994929
-0.68277	0.441282	0.582319
-0.214583	0.362422	0.906975
0.0105672	-0.0094019	0.9999
-0.473615	-0.399816	0.784753
-0.434585	-0.0353763	0.899936
-0.265881	0.258821	0.928611
-0.538933	0.216951	0.813931
0.199053	0.529205	0.824815
0.186052	-0.207419	0.960397
-0.764287	-0.156716	0.625544
0.0299899	-0.425141	0.90463
-0.289005	0.191942	0.937888
-0.0694671	-0.00377419	0.997577
-0.460196	-0.153352	0.874473
0.160047	0.202573	0.9661
0.527999	-0.237207	0.815445
-0.394362	-0.176076	0.901929
0.166619	0.208474	0.963731
0.147018	-0.403286	0.903186
0.1015	0.2054	0.9734
0.135103	0.103458	0.985415
-0.174164	-0.0236816	0.984432
-0.489086	-0.405894	0.77204
-0.352452	0.125962	0.927314
-0.033031	-0.224175	0.973989
-0.256164	-0.467888	0.845849
-0.375205	-0.0446622	0.925865
0.0281458	-0.346956	0.937459
-0.60067	0.0565737	0.797493
0.194907	0.575151	0.794489
0.442495	0.668283	0.597994
-0.335635	0.315317	0.887651
-0.0515787	-0.215559	0.975128
0.267344	-0.332205	0.904526
0.570856	-0.268829	0.775793
-0.714685	-0.488091	0.500991
-0.697599	0.408465	0.588653
0.329925	-0.255887	0.908665
0.0605686	-0.129855	0.989681
-0.248396	-0.461782	0.851503
-0.0572798	-0.227052	0.972197
-0.288063	-0.465922	0.836622
-0.285395	0.355719	0.889952
0.423294	-0.49069	0.761607
0.0616503	-0.147398	0.987154
-0.14983	-0.610687	0.777568
-0.680181	0.1317	0.721116
-0.444966	0.48212	0.754695
0.241322	0.230807	0.942599
0.0526772	0.388642	0.919882
-0.709646	0.241856	0.661746
-0.13894	0.536766	0.832212
-0.171407	-0.366911	0.914328
0.290883	-0.468933	0.83396
0.0969702	0.0510662	0.993976
0.52917	-0.0241248	0.848173
-0.522909	0.316748	0.791351
0.239265	0.287058	0.927551
-0.168309	0.122905	0.978042
-0.52243	-0.45515	0.721044
-0.0919741	0.454752	0.885856
0.103606	-0.0360589	0.993965
-0.627423	-0.103683	0.771745
-0.473664	-0.504297	0.72203
-0.250773	0.695492	0.673353
-0.333252	0.0811019	0.939343
0.21713	-0.327763	0.919471
0.368663	0.500625	0.783238
0.541353	0.0531868	0.839112
-0.38052	-0.0626339	0.922649
0.398699	0.269006	0.876741
0.0766224	-0.415508	0.906357
-0.421967	-0.510634	0.749131
-0.331675	0.19303	0.923434
0.974018	-0.0735556	0.214191
-0.519372	-0.429045	0.739035
-0.759788	-0.38294	0.525432
-0.214049	0.0708826	0.974248
-0.303163	0.243965	0.92118
0.183059	-0.463904	0.866766
0.213519	-0.0522903	0.975538
-0.733037	-0.513529	0.446032
-0.166261	-0.620247	0.766584
0.0753211	-0.199748	0.976948
0.554738	-0.410378	0.723779
0.477624	-0.0141889	0.87845
-0.478207	-0.273425	0.8346
0.236551	-0.223433	0.94558
0.386922	-0.512905	0.766303
-0.235349	-0.0588321	0.970129
0.231042	-0.161846	0.959388
-0.0370498	0.24543	0.968706
0.434896	0.0473134	0.899237
-0.442109	0.162582	0.882103
-0.267675	-0.263595	0.926751
-0.270641	0.309773	0.911479
-0.134313	-0.255998	0.957301
-0.459148	0.030402	0.887839
0.275463	-0.423887	0.862809
0.00423684	0.317056	0.948398
0.382223	0.472059	0.794397
0.0187657	0.219245	0.975489
0.168766	0.389153	0.905581
0.0621225	-0.695994	0.715355
-0.12223	0.165218	0.978654
0.220493	0.0660494	0.97315
-0.0115738	0.636184	0.77145
0.368426	-0.43154	0.823429
-0.424275	0.144151	0.893986
0.0732078	0.0160584	0.997187
-0.278065	0.21125	0.937045
-0.242701	-0.133456	0.960877
0.0857273	0.200961	0.975841
0.180987	-0.378189	0.907864
-0.356976	-0.0954975	0.929219
-0.723387	-0.0369806	0.689452
-0.0372314	-0.583505	0.811255
-0.329658	-0.469965	0.818816
-0.372784	0.446585	0.813384
-0.167847	-0.317254	0.933369
-0.121753	-0.107537	0.986718
0.288267	-0.799325	0.52724
-0.606155	-0.33487	0.721414
0.0644194	-0.0381287	0.997194
-0.89098	0.036846	0.452545
-0.691409	0.190116	0.697
-0.552156	0.390242	0.736773
-0.404922	-0.549791	0.730594
-0.144126	-0.197558	0.969638
-0.148062	-0.480298	0.864518
-0.367278	-0.319871	0.873378
0.411485	-0.168023	0.895795
-0.435413	-0.0191318	0.900028
-0.520991	-0.169185	0.836627
0.0457155	-0.721855	0.690532
-0.238276	-0.107691	0.965209
0.00722562	-0.454511	0.890712
0.19397	-0.123881	0.973154
-0.424428	-0.235806	0.874217
0.117046	-0.00293352	0.993122
-0.00819589	0.14153	0.9899
-0.500071	0.195077	0.843726
0.327378	0.368476	0.870086
0.243974	0.201599	0.948596
-0.127993	0.607786	0.783718
-0.0603572	-0.0166876	0.998037
0.465073	-0.21808	0.857991
-0.00259252	-0.128252	0.991738
0.285982	0.160918	0.944627
0.166404	0.517163	0.839554
0.423113	-0.187309	0.886505
0.423625	0.127813	0.896775
-0.00139148	-0.186659	0.982424
0.0168017	0.419572	0.907566
0.293262	0.148584	0.944415
-0.0766253	-0.589172	0.804366
-0.209031	-0.266107	0.941007
-0.0320263	-0.587056	0.808912
0.450388	0.210509	0.867662
0.00119101	0.0389598	0.99924
0.335883	0.673646	0.658318
-0.442254	-0.473086	0.761972
0.0525886	-0.84849	0.526592
0.00735692	-0.316407	0.948595
-0.292465	-0.450348	0.843594
-0.0155703	0.343894	0.938879
-0.947654	0.272596	0.166265
-0.261705	-0.67363	0.691182
-0.40621	-0.300941	0.862802
-0.226967	-0.815942	0.531719
-0.749328	0.285276	0.5976
0.10745	-0.0894081	0.990182
-0.354529	-0.280911	0.891851
0.314931	0.120876	0.941386
-0.405639	0.0820824	0.91034
-0.157814	-0.36798	0.916344
-0.179341	0.685356	0.705779
-0.487774	0.433822	0.757546
-0.439116	0.26241	0.859255
0.116554	0.708369	0.696152
0.0899422	-0.23585	0.967618
-0.451174	-0.409675	0.792848
0.215673	-0.42673	0.878286
-0.162955	-0.130699	0.977938
-0.0606338	0.717464	0.693951
0.317974	-0.103095	0.942478
-0.119903	-0.127337	0.984586
0.231006	0.0350968	0.972319
-0.741388	0.481646	0.467291
0.0511874	-0.463771	0.884475
0.20032	0.0305769	0.979253
-0.15098	-0.327114	0.932846
0.136876	-0.115507	0.983831
-0.238854	-0.109377	0.964876
0.283787	-0.275432	0.918478
-0.0293658	0.359898	0.932529
0.749576	0.109183	0.652851
-0.172815	-0.156014	0.97252
-0.462158	-0.709552	0.531926
0.216587	0.108831	0.970178
-0.168932	0.197944	0.965547
0.139292	0.0989014	0.9853
-0.0071024	0.388576	0.921389
-0.0203375	-0.350024	0.93652
0.368208	-0.376795	0.84997
0.0998323	-0.198619	0.974979
0.811196	-0.0555946	0.582126
-0.444747	0.767405	0.461833
0.429067	-0.733091	0.527711
-0.457787	-0.812879	0.360082
0.277328	0.120769	0.953155
0.216789	0.453769	0.864347
0.471802	0.413517	0.778721
0.236532	0.0133522	0.971532
0.0787516	0.305353	0.948977
0.184726	0.0971642	0.977975
-0.0241918	-0.204325	0.978604
-0.0764328	0.106448	0.991376
0.0847884	0.333766	0.938835
0.679607	0.521146	0.516277
-0.42462	-0.423746	0.800086
0.346327	0.190677	0.918531
-0.113966	-0.0226375	0.993227
0.318301	-0.176784	0.93136
-0.646425	-0.647846	0.403027
-0.157607	0.102407	0.982178
0.496435	0.107485	0.861394
-0.324832	0.166759	0.930954
0.546081	-0.0296417	0.837208
-0.429957	-0.22041	0.875532
-0.163405	-0.0902696	0.982421
-0.469672	-0.665775	0.579785
0.469389	0.224529	0.853968
-0.0803539	0.620652	0.779958
-0.923539	-0.084145	0.374159
0.02325	-0.99804	0.0580948
-0.246567	-0.212162	0.945617
0.0608387	0.113497	0.991674
0.394096	-0.52021	0.757674
0.386804	0.395595	0.832999
0.017702	0.697985	0.715894
-0.459318	-0.387848	0.799125
0.0386936	0.246644	0.968333
0.0966701	-0.826736	0.554223
0.194925	-0.656164	0.729008
0.383881	-0.0865476	0.919317
0.181121	0.129391	0.974912
0.155622	-0.102761	0.982457
0.500679	0.071897	0.862642
-0.338958	0.0145179	0.940689
-0.400153	-0.33339	0.853656
0.502819	-0.376854	0.777916
0.439609	-0.107083	0.891783
-0.351612	0.137279	0.926026
0.051755	0.528727	0.847213
0.467922	0.0863221	0.879544
-0.708991	-0.0986899	0.698278
-0.0416225	0.238918	0.970147
0.115574	0.0766064	0.99034
0.64673	-0.611345	0.456068
-0.192512	0.262719	0.945472
-0.0700455	-0.485661	0.871336
0.654667	-0.0229864	0.755568
-0.0296724	0.39545	0.918008
0.290844	0.481456	0.826807
-0.368533	-0.35007	0.861182
0.66434	-0.0589849	0.7451
0.209044	0.143455	0.967327
0.664066	-0.361063	0.654713
-0.567314	0.233636	0.789664
0.539722	0.456846	0.707101
-0.0559596	0.205656	0.977023
-0.107559	0.266423	0.957836
-0.308792	0.0365944	0.950425
0.0778483	0.0940511	0.992519
-0.198383	0.0150269	0.980009
0.289354	-0.4334	0.853486
0.12373	0.306528	0.943786
-0.276685	-0.193176	0.941344
-0.2961	-0.163883	0.940993
-0.167903	-0.227326	0.959235
0.255867	-0.315754	0.913691
-0.0732967	-0.107572	0.991492
0.456152	0.380204	0.804593
-0.227392	-0.492763	0.839927
0.11341	0.342664	0.932588
-0.234037	-0.0933269	0.967738
-0.321629	0.338526	0.884282
-0.168207	-0.305349	0.937267
-0.494188	-0.0898787	0.864697
0.397893	0.621779	0.67459
-0.363785	-0.0406885	0.930594
-0.142472	0.17468	0.974263
0.0690555	-0.165549	0.983781
0.244352	0.127624	0.961251
-0.0895222	-0.234381	0.968014
-0.0347887	0.443894	0.895404
0.93359	0.18986	0.303913
-0.747905	0.0982824	0.65649
-0.294696	0.0521825	0.954165
-0.0161157	-0.0831241	0.996409
0.304399	-0.683751	0.663194
0.0620796	-0.121304	0.990672
-0.0958312	0.346085	0.933296
0.00698624	0.329387	0.944169
-0.127584	-0.160033	0.978832
-0.1344	-0.0717296	0.988328
-0.196175	-0.295693	0.934923
0.338045	-0.370068	0.865318
-0.407138	0.30544	0.860782
0.632281	0.144718	0.761103
-0.274641	0.412775	0.868441
-0.302347	-0.58883	0.749577
0.546697	0.405865	0.732391
0.15441	0.392037	0.906898
-0.396482	0.430858	0.810656
-0.054706	-0.234153	0.970659
0.218414	-0.376554	0.900279
-0.528765	0.0330013	0.848127
-0.153012	-0.1812	0.97147
0.529004	0.0969752	0.84306
0.64328	0.110667	0.757591
-0.201338	-0.0115471	0.979454
-0.0690122	-0.12377	0.989908
-0.116144	-0.364775	0.923824
0.243752	-0.122767	0.962036
-0.0766482	-0.099109	0.99212
0.0170003	0.325966	0.945229
0.694683	0.0260744	0.718843
0.173005	0.978445	-0.112757
0.419353	-0.128945	0.898619
0.508913	0.0291671	0.860324
0.241866	0.602293	0.760752
-0.154471	0.280429	0.947364
-0.0026454	0.346665	0.937985
0.49214	-0.479366	0.726641
-0.496638	-0.510839	0.701708
0.330895	-0.0621902	0.941616
-0.600651	0.440643	0.667123
-0.323291	0.479564	0.815783
0.268098	-0.192399	0.943984
-0.103597	0.358617	0.927719
0.418005	-0.618955	0.664956
0.337566	0.116827	0.934024
0.111682	-0.237227	0.965013
0.245695	-0.333228	0.910271
-0.0635651	-0.506176	0.860084
-0.131196	-0.103742	0.985913
0.518958	-0.176808	0.836314
-0.389185	0.160333	0.907099
-0.0963002	0.221698	0.970349
0.0283985	0.586008	0.809808
-0.119553	0.901463	0.416019
0.317155	0.0435451	0.947374
-0.164108	0.248004	0.954758
-0.331083	0.0516631	0.942186
0.243801	-0.479628	0.842922
-0.368473	-0.486736	0.792033
-0.541058	-0.063658	0.838572
0.107257	-0.624573	0.773566
-0.196833	-0.101276	0.975192
-0.237169	0.754724	0.611671
-0.819279	0.367635	0.44003
-0.240711	-0.304021	0.921753
-0.230423	0.284625	0.930534
-0.129405	-0.184088	0.974354
0.168991	-0.258268	0.951178
0.528068	0.0917976	0.844226
0.0309529	0.295145	0.954951
-0.522738	-0.211623	0.825809
0.207219	0.353645	0.912138
-0.567919	0.0598922	0.820903
0.112321	-0.370152	0.922156
-0.0898791	-0.0346457	0.99535
-0.318595	0.127744	0.939244
-0.698574	0.367307	0.614068
0.034292	0.297144	0.954217
-0.145516	0.375941	0.915147
-0.214546	-0.0864701	0.972879
0.319754	0.34082	0.884081
0.540701	0.388496	0.746132
0.213622	0.224563	0.950756
-0.437672	0.175062	0.881928
-0.609705	0.468685	0.639214
0.165128	0.240786	0.956428
-0.0527579	0.446196	0.893379
0.202687	0.229484	0.951974
0.90663	-0.195772	0.373759
0.419854	0.367105	0.830034
0.137846	0.137234	0.9809
0.415276	-0.0955054	0.904668
-0.224281	-0.311707	0.923329
0.20666	0.383886	0.899957
-0.191824	0.16246	0.96789
0.357675	0.361365	0.861095
0.723684	-0.13537	0.676725
-0.18478	-0.491411	0.8511
0.746002	-0.172534	0.643205
-0.170706	0.365555	0.915002
0.0787927	-0.109013	0.990913
0.289159	-0.554597	0.780263
0.360007	0.0323581	0.932388
0.0794512	0.0322684	0.996316
-0.866184	0.201987	0.457086
0.501253	0.17994	0.846385
0.0373911	0.289478	0.956454
0.576864	0.804072	0.143863
0.379112	0.250974	0.890666
0.338721	-0.688063	0.641745
0.157997	0.714557	0.681502
-0.700894	0.367599	0.611244
0.039893	0.385454	0.921864
-0.123047	-0.555669	0.822248
-0.0559918	0.144013	0.98799
0.373163	-0.0425237	0.926791
0.0976535	-0.290978	0.951733
-0.329035	0.503463	0.798912
0.0441662	0.506377	0.86118
-0.0914957	0.126636	0.987721
-0.82221	0.0224554	0.568741
-0.366763	-0.130848	0.921067
-0.0449848	-0.41589	0.908302
0.410233	0.0263266	0.9116
-0.673399	0.302996	0.674335
-0.648623	0.234236	0.72417
0.551999	-0.587442	0.591785
-0.121003	-0.120921	0.985259
-0.0789925	-0.0505344	0.995594
-0.303757	-0.0785316	0.949508
0.562239	0.0360268	0.82619
-0.738562	-0.212085	0.639958
0.326565	-0.102058	0.939649
0.508883	-0.471529	0.720208
0.393589	0.0399435	0.918418
0.353866	-0.583591	0.73089
-0.374353	0.265629	0.888426
0.0119002	0.168041	0.985708
0.497021	-0.140196	0.856338
0.358	0.491077	0.794153
0.632723	-0.00294168	0.774373
0.46311	-0.368239	0.806182
0.294971	0.14425	0.944555
0.0101328	0.052926	0.998547
0.735975	-0.198761	0.647174
0.123952	0.171067	0.977431
0.00113073	-0.0249595	0.999688
0.552433	0.104669	0.82696
-0.0850113	-0.260813	0.961639
-0.330037	-0.335834	0.882208
-0.465346	0.471743	0.74894
-0.170147	0.693051	0.700522
-0.0698103	0.254227	0.964622
-0.258527	-0.156887	0.953179
0.198684	-0.496149	0.845198
-0.289616	-0.108599	0.950962
0.0558778	-0.519584	0.85259
0.104924	-0.136461	0.985073
-0.649925	-0.212229	0.729764
-0.449627	0.346709	0.823182
-0.121298	-0.110169	0.986483
-0.575878	-0.472596	0.667097
-0.346108	0.334645	0.876483
0.686919	-0.342677	0.64087
-0.224898	-0.174557	0.958619
-0.327629	0.667073	0.669083
-0.923442	0.276559	0.266025
0.624745	0.105477	0.773672
-0.345668	0.344474	0.872841
-0.257958	-0.739255	0.622061
0.147434	0.00530623	0.989058
-0.197489	-0.102357	0.974947
-0.629084	0.151274	0.762476
-0.619251	0.346749	0.704481
0.0565581	-0.425537	0.903172
-0.434222	-0.0841409	0.896868
0.503282	0.167494	0.847734
0.475571	0.0550219	0.877955
0.0383215	0.527768	0.848524
-0.641155	0.293873	0.708914
0.0731835	-0.201703	0.976709
-0.133822	-0.198887	0.970843
0.232421	0.452687	0.860846
0.118577	-0.200107	0.972572
-0.485509	-0.555502	0.675055
0.203851	0.951747	0.229397
0.579683	0.25356	0.774387
-0.689035	0.367326	0.624741
-0.115435	0.0217441	0.993077
-0.330126	-0.53926	0.774736
0.158434	0.0357712	0.986721
-0.65629	-0.31884	0.68383
-0.18383	0.412318	0.8923
0.693538	-0.472434	0.543886
-0.365518	0.811264	0.456342
0.1764	-0.735996	0.6536
0.228737	0.360331	0.904346
0.23113	-0.17489	0.957075
0.295256	0.0978674	0.950393
-0.506331	0.398479	0.76475
0.216738	-0.239299	0.946446
-0.221347	-0.28258	0.933356
0.490715	-0.24918	0.83493
0.411742	0.0930249	0.90654
-0.294656	0.319822	0.900495
-0.645316	-0.137811	0.751382
0.312552	0.35553	0.880857
-0.341867	-0.0651965	0.937484
-0.449459	0.529547	0.719421
-0.275043	-0.0474117	0.960262
-0.367564	0.111116	0.923336
-0.149156	-0.328017	0.932822
0.265392	-0.0692338	0.961652
0.870892	0.293079	0.394527
0.108864	0.197866	0.974165
-0.551578	0.271313	0.788766
0.0798271	-0.860021	0.503976
-0.288137	0.159327	0.944241
-0.502729	0.0664883	0.861883
0.425515	-0.381315	0.820692
0.608883	-0.270283	0.745794
-0.0379113	-0.705276	0.707919
0.40537	0.171652	0.897893
0.154398	-0.357504	0.92106
-0.219623	0.239028	0.94585
0.112033	-0.0867812	0.989908
0.0957234	-0.140428	0.985453
0.112733	-0.222634	0.968362
0.423293	0.496126	0.758078
-0.364159	0.0332083	0.930745
0.27311	0.686884	0.673499
-0.048048	0.0497592	0.997605
0.327484	0.635828	0.698912
0.282851	0.410297	0.866979
0.324416	0.133138	0.936498
0.906943	0.20253	0.369371
-0.110364	0.305181	0.945878
-0.301297	-0.448409	0.841516
-0.0708632	-0.20616	0.975949
0.350215	0.0156113	0.936539
-0.621999	0.302941	0.722041
0.101125	0.222684	0.969632
0.190321	0.279538	0.941083
-0.0954222	0.439583	0.893119
0.114496	0.12572	0.985437
-0.7159	0.376524	0.587977
-0.61533	-0.113688	0.780029
-0.278221	0.164936	0.94625
-0.314805	0.872387	0.373951
-0.69223	0.221429	0.686867
0.172449	0.16214	0.971582
-0.0621028	0.0502246	0.996805
-0.0792982	-0.0998809	0.991834
-0.0284018	-0.732116	0.680587
-0.283036	0.265205	0.921714
-0.16035	0.129239	0.978563
-0.315366	0.51256	0.798641
-0.0966101	-0.540266	0.83593
-0.176179	-0.319923	0.930919
0.36105	0.184055	0.914203
0.590182	-0.42014	0.689324
0.440773	-0.568472	0.694665
0.0762398	0.0178184	0.99693
-0.158001	-0.450685	0.878589
-0.225087	0.341634	0.912481
-0.406065	0.305903	0.861124
-0.0237779	-0.439616	0.897871
-0.0110482	-0.338244	0.940994
-0.13667	0.323504	0.936305
-0.346806	0.452593	0.821514
-0.288353	0.370649	0.882877
-0.149102	0.827389	0.541476
0.215338	0.33507	0.917256
0.226495	-0.456452	0.860437
-0.161477	-0.691968	0.703637
0.605657	0.316346	0.730141
0.590808	-0.502433	0.631274
-0.266361	0.00117029	0.963873
0.406456	0.364733	0.837713
0.328071	-0.16395	0.930317
0.338451	0.243987	0.908802
0.533807	-0.565673	0.628542
0.456586	-0.221591	0.861642
0.0613801	0.347222	0.935772
0.000106157	0.491341	0.870967
-0.564597	-0.158567	0.809992
0.329149	-0.0503171	0.942936
0.0392205	0.259901	0.964839
0.255577	0.521706	0.813943
-0.48161	0.267068	0.834701
-0.0205317	-0.698802	0.715021
0.485217	-0.289062	0.825232
0.309602	0.585533	0.749198
0.599823	-0.40608	0.689429
0.335512	0.785135	0.520572
-0.472406	0.0940274	0.876351
0.403725	0.317347	0.858078
-0.0880854	0.0600104	0.994304
-0.299693	-0.059186	0.952198
-0.254435	-0.163075	0.953242
0.189798	-0.474305	0.859658
0.192991	0.196777	0.961266
-0.573154	-0.205962	0.793142
0.11248	-0.487931	0.865605
0.158192	0.178675	0.971108
0.00242349	0.374355	0.927282
-0.0911892	-0.195272	0.9765
0.247838	0.511083	0.823025
0.549117	0.184083	0.81522
-0.0109887	0.21705	0.976099
-0.212249	-0.141051	0.966982
0.381184	-0.58183	0.718451
0.360317	0.406769	0.83947
-0.658457	-0.130395	0.741236
0.466936	0.173685	0.867066
-0.796939	0.333575	0.503604
0.408494	0.29474	0.863864
-0.425199	0.262941	0.866064
-0.533402	-0.129982	0.835815
0.639246	-0.208678	0.740148
0.423707	-0.282685	0.860559
-0.00708902	0.405582	0.914031
-0.174641	-0.273975	0.945748
-0.181087	-0.163718	0.969744
0.283994	-0.299098	0.910982
0.233878	0.125638	0.964114
-0.491542	0.0367571	0.870078
-0.841867	0.0696289	0.535175
-0.198691	-0.266599	0.943105
-0.421437	-0.356109	0.834013
-0.0801209	0.706229	0.703435
0.530105	-0.192815	0.825718
0.0651835	-0.382541	0.921636
-0.312259	0.378713	0.871247
-0.443969	0.0267426	0.895643
0.238025	-0.187085	0.953071
-0.217167	0.630763	0.744968
0.673634	0.02044	0.738782
-0.419886	-0.415255	0.807006
0.843142	-0.466343	0.267647
0.489612	0.132668	0.861788
0.0642108	0.397385	0.915403
0.0899393	0.0632971	0.993934
-0.377078	0.13011	0.916997
0.180578	-0.260614	0.948405
-0.485214	-0.655548	0.57864
-0.222834	0.194096	0.955339
-0.00467373	0.000157967	0.999989
-0.193573	0.0789528	0.977904
-0.0445299	-0.564492	0.824237
-0.223725	0.539918	0.811441
0.422303	0.129164	0.897205
0.0782972	-0.58871	0.804544
0.155606	-0.0112918	0.987755
-0.274297	0.518495	0.809892
-0.190618	-0.634325	0.749198
0.552344	-0.358737	0.752478
0.191972	0.207701	0.95917
0.231357	-0.287515	0.929413
0.165823	-0.222184	0.9608
-0.46341	0.43959	0.769423
0.297488	0.236127	0.925065
-0.00905901	0.0720626	0.997359
-0.119299	-0.0165617	0.99272
0.0239963	0.40238	0.915158
0.37747	-0.199496	0.904278
0.465378	-0.448265	0.763205
-0.0316581	-0.548918	0.835277
0.235681	0.207538	0.949412
-0.411108	0.0575676	0.909767
0.239799	-0.501599	0.831201
0.379317	0.533252	0.756149
-0.0848559	-0.0804834	0.993137
-0.0138581	-0.226091	0.974008
-0.455819	-0.256582	0.852288
-0.0691033	-0.0443307	0.996624
0.166894	-0.978526	-0.120965
-0.235417	0.113233	0.965276
-0.318922	-0.74063	0.591402
-0.16797	-0.536655	0.826914
-0.211733	-0.38685	0.897506
-0.172668	-0.00774998	0.98495
-0.117998	-0.160676	0.979928
0.0436043	-0.196098	0.979614
0.296022	0.00125497	0.95518
0.236948	-0.0299551	0.97106
0.375819	-0.220804	0.900003
0.580232	0.291709	0.760419
0.201397	0.25709	0.945169
-0.310333	0.22578	0.923427
0.446261	0.0995123	0.889353
0.321789	-0.322098	0.89034
-0.346995	0.258904	0.901423
0.0584606	-0.831554	0.552359
-0.403414	0.374391	0.834918
0.34154	0.282318	0.896464
0.31584	0.583137	0.748463
0.536902	0.379761	0.753338
-0.216247	-0.0338197	0.975753
0.0744383	0.123432	0.989557
0.381881	-0.56973	0.727718
-0.358004	-0.289435	0.887728
-0.276647	-0.0118461	0.960898
-0.275792	-0.22869	0.933616
0.154302	0.316382	0.935999
0.252043	-0.352652	0.901172
0.378106	-0.12821	0.916841
-0.488773	-0.0465974	0.871165
-0.218363	0.180297	0.959067
-0.412279	0.0377679	0.910275
-0.703608	-0.359724	0.612809
0.013719	-0.40536	0.914054
0.0946696	0.540286	0.836139
-0.0431468	0.0851147	0.995437
0.111068	-0.247083	0.962608
-0.263151	0.0553707	0.963164
-0.334163	0.130319	0.933463
0.213518	-0.297672	0.930485
0.289673	-0.0150284	0.957008
0.177419	0.358973	0.91633
-0.147128	0.584819	0.797709
0.937569	-0.0169309	0.347386
0.383391	-0.0279994	0.923162
-0.417471	-0.270859	0.867383
0.491456	0.137949	0.859907
0.246476	-0.33129	0.910767
-0.052001	-0.745846	0.664085
-0.269594	-0.164258	0.948862
-0.530385	-0.614183	0.584355
-0.45608	0.0895234	0.885424
0.128062	0.0581661	0.990059
0.505409	0.235588	0.830096
0.087952	-0.482214	0.871627
-0.235454	-0.653093	0.719744
-0.142261	-0.123515	0.982093
-0.437145	0.20723	0.875191
0.0109193	0.145581	0.989286
0.511516	0.358347	0.780986
0.116122	0.00683298	0.993211
-0.498344	-0.136421	0.856179
0.265299	-0.377619	0.887142
0.137114	-0.708025	0.692749
-0.868772	-0.487986	0.0842898
-0.566567	0.0947303	0.818553
-0.431183	0.681031	0.591843
-0.652472	-0.579844	0.487915
-0.477585	-0.31347	0.820761
0.240122	-0.269237	0.932659
-0.147891	-0.416989	0.896799
-0.18589	-0.658958	0.728848
-0.593385	0.177656	0.785069
0.253217	-0.479337	0.840308
-0.579848	-0.528764	0.619826
-0.467835	0.262194	0.844029
0.178018	-0.0704249	0.981504
0.31614	0.0507361	0.947355
0.477038	0.603431	0.638988
-0.232604	-0.428481	0.873097
0.883401	0.287531	0.370039
-0.230622	-0.502895	0.833012
0.325337	-0.25849	0.909581
-0.655414	-0.106436	0.747732
0.205812	0.427867	0.880098
-0.191346	-0.337715	0.921594
0.104645	-0.309061	0.945268
-0.071472	-0.366266	0.927761
-0.0662666	-0.131173	0.989142
-0.0193998	-0.454271	0.890652
-0.323199	0.161747	0.932406
0.546344	-0.00487644	0.837547
0.123056	-0.131887	0.983597
-0.0481382	0.166487	0.984868
-0.54325	0.499866	0.674547
0.666971	-0.281481	0.689868
-0.4257	-0.320256	0.846295
0.391795	0.435937	0.81022
-0.431012	0.219136	0.875333
0.343469	0.347549	0.87249
-0.362387	-0.148332	0.920149
-0.168695	-0.640805	0.748939
0.360084	0.245835	0.899947
0.367106	-0.527419	0.7662
0.200656	0.149579	0.968175
0.284495	0.541462	0.791127
-0.0977733	-0.527087	0.844168
0.343715	-0.198354	0.917887
0.653902	0.502924	0.565225
0.420887	0.13587	0.89688
-0.41748	0.473466	0.775591
0.067379	-0.382107	0.921659
-0.157756	-0.142112	0.977199
0.10114	-0.245215	0.964178
-0.401089	-0.292758	0.867998
-0.0735601	-0.30772	0.948629
0.00148229	-0.434069	0.900878
0.138623	-0.625681	0.767663
0.20147	-0.584919	0.785671
-0.280433	-0.0372559	0.95915
-0.514306	-0.438917	0.736777
-0.389482	-0.172351	0.904765
0.282709	0.189462	0.940308
-0.185806	-0.153768	0.97048
0.18594	-0.631079	0.753104
-0.0272249	0.0672717	0.997363
0.602992	0.0303301	0.797171
-0.592315	0.0112044	0.805629
0.452628	0.0268907	0.891294
-0.267278	-0.269001	0.925311
-0.119786	0.156981	0.98031
0.545624	-0.0204469	0.837781
-0.0129906	-0.216236	0.976255
0.156661	0.429304	0.889469
-0.446696	-0.285742	0.847829
-0.0941347	0.0966879	0.990853
0.39141	-0.108148	0.913839
0.121186	0.694046	0.709657
0.354196	0.0233867	0.934879
0.079594	-0.201069	0.976338
0.10192	-0.0969768	0.990054
-0.0465736	-0.831771	0.553162
-0.344896	0.351536	0.870327
-0.432426	0.0234164	0.901365
0.173493	-0.205176	0.963225
0.219279	0.177928	0.959301
-0.0302	0.242013	0.969803
0.259933	-0.0608202	0.963709
0.0612202	-0.147314	0.987193
-0.16896	0.0614734	0.983704
-0.0544029	0.257579	0.964725
0.0834223	0.0222964	0.996265
-0.309792	-0.0894782	0.946585
-0.353558	0.455361	0.817094
0.267146	-0.018994	0.963469
-0.358447	-0.279889	0.890605
-0.494835	0.215724	0.841785
0.437084	-0.426934	0.791634
0.271623	-0.184798	0.944495
-0.102231	0.33066	0.938196
-0.333278	0.651304	0.681711
-0.0691099	-0.687763	0.722638
-0.0551087	-0.469477	0.881223
0.115077	-0.363412	0.924494
0.125349	-0.042486	0.991203
-0.630056	0.178535	0.755748
-0.155154	0.280738	0.947161
-0.287357	-0.0917725	0.953417
-0.248507	0.819025	0.517148
-0.362537	0.0840728	0.928169
0.127483	0.886999	0.443825
0.137258	-0.42514	0.89466
-0.257801	0.242787	0.935197
-0.0810484	-0.472041	0.877843
0.392089	-0.19989	0.897947
0.409366	0.228502	0.883293
-0.384171	-0.290306	0.876433
0.352729	-0.522894	0.775992
-0.155535	-0.239493	0.958359
0.226559	-0.0396804	0.973189
0.102362	-0.0181055	0.994582
-0.180086	0.453357	0.872947
-0.328041	0.456795	0.826878
-0.154821	-0.0521437	0.986566
-0.402658	-0.235177	0.884623
-0.154616	-0.535192	0.83046
-0.0882666	0.207717	0.974198
0.233586	0.635689	0.735756
0.475353	-0.0727977	0.876778
-0.0917279	-0.261458	0.960846
0.163337	-0.173516	0.971192
0.0948574	0.172036	0.980513
-0.347537	0.713801	0.608034
-0.0642967	-0.068118	0.995603
-0.034406	0.148737	0.988278
0.10277	0.0329713	0.994159
-0.208413	0.014574	0.977932
-0.940653	-0.126354	0.314971
-0.379385	-0.065383	0.922926
-0.781963	0.138302	0.607789
0.0760543	0.355947	0.931406
0.420252	0.21431	0.881737
0.249804	0.611053	0.751141
0.360713	0.437853	0.823511
0.313936	-0.1099	0.943062
-0.347478	-0.460632	0.816748
-0.435882	0.313905	0.843487
0.397814	-0.0691501	0.914856
0.164053	-0.213273	0.963121
-0.168816	0.272303	0.947287
-0.154475	0.0296393	0.987552
0.368686	0.0905994	0.925128
0.0586759	0.398619	0.915238
-0.126075	0.23539	0.963689
-0.149889	0.249549	0.956691
-0.306191	-0.216995	0.926909
0.399579	-0.361477	0.84242
-0.0264805	0.269956	0.962508
-0.0316484	-0.537655	0.842571
0.244491	-0.326286	0.913106
0.149878	0.285621	0.94655
-0.534462	-0.325504	0.779998
0.250143	0.446634	0.859038
-0.289847	0.238326	0.926925
0.24754	-0.164865	0.954748
-0.409686	0.00471501	0.912214
-0.489466	0.199161	0.848974
-0.839496	0.087702	0.536241
0.196479	0.457591	0.867183
-0.119655	-0.305649	0.944596
-0.167591	0.078342	0.982739
0.102716	-0.127734	0.986475
-0.41477	0.763002	0.495776
0.0955796	0.252307	0.962915
-0.0689003	0.256052	0.964205
-0.106533	0.0652561	0.992165
0.499136	-0.637373	0.587042
0.40775	-0.374568	0.83273
-0.0321482	-0.27863	0.95986
-0.0309771	0.00145711	0.999519
-0.267497	0.35187	0.897013
0.185616	-0.39328	0.900487
-0.357567	0.290757	0.887472
-0.36796	-0.0343413	0.929207
0.104981	0.251762	0.962078
0.175976	-0.501261	0.847213
-0.100824	0.724524	0.681836
-0.0488012	-0.116811	0.991954
0.870196	0.312798	0.380679
0.542148	-0.437458	0.71743
0.210569	-0.108519	0.971537
0.0124875	-0.749208	0.662217
0.149004	0.0903	0.984705
0.466755	-0.0251425	0.884029
-0.865294	-0.453985	0.212519
0.183267	0.331557	0.925464
-0.317141	0.205318	0.925887
0.594701	-0.311564	0.74112
0.684595	0.228816	0.692078
0.123611	0.187217	0.97451
0.228382	0.0553057	0.971999
-0.252934	0.138923	0.957458
-0.590004	-0.200841	0.782022
-0.399402	0.722395	0.564467
0.32137	0.651997	0.686747
-0.305489	0.415847	0.856591
0.454736	-0.359598	0.814803
-0.126628	0.191884	0.973214
-0.435351	-0.672596	0.598402
-0.0817117	-0.0999167	0.991635
0.103743	0.563197	0.819784
-0.350026	0.52681	0.774567
-0.404666	0.590372	0.69836
-0.40671	0.0789515	0.910139
0.0805673	-0.0859471	0.993037
0.443702	0.163485	0.881136
0.544724	-0.293216	0.785684
-0.44173	0.406834	0.7996
0.457055	-0.256791	0.851563
-0.429432	0.231485	0.872928
0.142747	-0.483704	0.863513
-0.0314578	0.14246	0.989301
-0.151885	0.448728	0.880667
-0.0381955	-0.597698	0.800811
-0.488094	0.612254	0.62202
-0.87038	0.476082	0.125639
-0.25304	-0.322793	0.912017
-0.0370218	-0.216594	0.97556
-0.512034	0.124193	0.849939
-0.365235	0.782987	0.503523
0.498025	-0.0908359	0.862392
0.0202542	0.461707	0.886801
-0.410552	0.750428	0.517981
-0.00371668	-0.073279	0.997305
-0.0678867	0.00293665	0.997689
-0.13609	0.396928	0.907705
0.0324826	0.0884262	0.995553
-0.408334	-0.0877672	0.908603
0.0631523	-0.334274	0.940358
-0.0952541	0.377359	0.921155
-0.634501	0.476817	0.608321
-0.198427	0.500355	0.842776
0.608091	0.282742	0.74181
0.13703	0.342527	0.929461
-0.340958	0.229724	0.911578
0.133083	-0.0293985	0.990669
-0.0472878	0.118343	0.991846
0.292159	-0.226433	0.929178
-0.577416	0.34654	0.739257
-0.129242	0.367052	0.921178
0.227806	0.0801125	0.970405
0.0441062	0.22556	0.97323
0.654216	-0.0340186	0.755542
0.12857	-0.536483	0.83406
0.813855	-0.169265	0.555869
-0.500166	-0.559245	0.66112
-0.153416	-0.566128	0.809915
-0.179699	-0.406054	0.896007
-0.193184	-0.329669	0.92412
-0.214986	-0.826547	0.520193
-0.182653	-0.294788	0.937943
0.14848	-0.326037	0.933624
-0.339589	-0.564186	0.752578
0.172181	-0.306132	0.936289
0.234247	0.0568352	0.970514
-0.0857209	0.120369	0.989021
-0.0599467	-0.883224	0.465103
0.4861	-0.0866365	0.869598
-0.847175	0.452468	0.278509
0.259933	0.501533	0.825166
0.0930093	-0.266351	0.959378
0.299196	0.269787	0.915258
0.6291	0.623598	0.464068
-0.206582	0.48829	0.847878
0.420802	-0.385577	0.821131
0.0839092	0.246626	0.965471
0.781704	0.0593096	0.620822
-0.65744	-0.403801	0.636175
0.0610205	0.0984713	0.993267
0.176449	0.763802	0.620864
0.0502833	-0.400719	0.91482
0.281606	0.508927	0.813445
-0.66945	-0.153532	0.726818
-0.591008	0.429387	0.682888
-0.928807	-0.370485	-0.00762171
-0.193742	0.861201	0.469891
0.0337868	0.386971	0.921473
-0.191601	-0.0362782	0.980802
0.310407	-0.224032	0.923827
0.0462064	0.271203	0.961412
0.735793	0.280439	0.616411
-0.129065	-0.0145472	0.991529
0.0941895	0.558314	0.824265
0.215299	0.706927	0.673722
0.186913	-0.0178892	0.982214
0.254358	-0.103154	0.961593
0.0533054	0.106746	0.992856
0.311816	0.188183	0.931321
-0.248247	0.42545	0.870267
0.179427	-0.169251	0.969103
-0.252128	-0.366839	0.895467
-0.272733	-0.790201	0.548817
0.263603	0.404108	0.875906
-0.469497	0.11596	0.875286
-0.0928076	0.66406	0.741897
0.0210581	-0.210637	0.977337
0.140597	-0.308764	0.94069
0.176796	0.151203	0.972564
-0.160672	0.348188	0.923553
0.406469	-0.301718	0.862409
0.567611	0.391667	0.724165
-0.0198203	0.250446	0.967928
-0.0481288	0.263688	0.963407
-0.0716704	-0.524127	0.848619
0.343821	-0.416005	0.841859
-0.559578	-0.243606	0.792167
0.754539	0.594837	0.277201
-0.312566	-0.648701	0.693894
-0.268048	0.089453	0.959244
0.101593	-0.409578	0.906601
-0.25409	-0.155372	0.954619
0.489366	-0.633088	0.599767
0.310568	0.0688743	0.948053
-0.107806	-0.542258	0.833267
-0.643077	-0.397153	0.654769
-0.219217	-0.0295017	0.97523
0.271562	-0.422505	0.864722
-0.0871274	-0.167581	0.982001
-0.295699	-0.217316	0.930234
-0.36866	0.133029	0.919996
-0.508049	-0.0905334	0.856557
-0.291207	0.124771	0.948489
0.0657467	0.149935	0.986507
-0.330974	0.0483277	0.942401
-0.0238388	-0.144127	0.989272
0.161707	0.574379	0.802458
-0.256349	-0.73945	0.622494
0.29348	-0.497521	0.816298
-0.348443	0.462687	0.815174
-0.300308	0.17603	0.937459
-0.795255	-0.411938	0.444833
0.600613	-0.432531	0.672444
-0.146747	0.399397	0.904957
0.446445	-0.724146	0.525642
-0.484405	0.50403	0.715056
-0.612714	0.103159	0.783543
-0.611111	-0.0587875	0.789359
-0.312781	0.752302	0.579836
-0.335482	0.064199	0.939856
-0.698123	0.554036	0.453507
0.899373	-0.400148	0.176096
-0.00953932	0.476228	0.87927
-0.844696	0.322266	0.427357
0.175388	-0.337182	0.924958
0.31007	-0.647434	0.696194
-0.456304	0.476801	0.751297
0.484198	0.480731	0.731061
-0.132098	0.0773577	0.988214
0.270799	-0.382321	0.883458
0.565676	0.232477	0.791179
0.297547	0.185823	0.936448
-0.101982	-0.307146	0.946182
0.0689106	0.245992	0.966819
0.0380675	0.29589	0.954463
-0.394481	-0.0462864	0.917737
0.435759	0.411717	0.800377
-0.527776	0.059736	0.84728
-0.0881453	-0.559916	0.823847
-0.276078	-0.501711	0.819797
-0.0764406	-0.236835	0.968538
0.0808346	0.105058	0.991175
-0.0282013	0.285842	0.957862
0.60369	0.00578802	0.797198
0.306476	0.11475	0.944936
-0.593149	-0.0797953	0.801128
-0.00469327	-0.193654	0.981059
-0.208735	-0.166492	0.963696
0.387481	0.373812	0.842688
-0.100763	-0.139099	0.985139
0.135102	-0.400314	0.906364
-0.458915	0.0945662	0.883433
-0.453981	-0.123288	0.88244
-0.516041	0.0272629	0.85613
0.384817	-0.289807	0.876315
0.213929	-0.0296789	0.976398
-0.0500568	-0.531309	0.845698
0.0916657	-0.406525	0.90903
0.194975	-0.170145	0.965938
-0.0730698	-0.557564	0.826912
-0.169568	0.224948	0.959502
0.451948	-0.241476	0.858739
0.58669	0.398709	0.704859
0.199402	-0.477546	0.85568
-0.0703868	0.545692	0.835025
-0.0995229	-0.366727	0.92499
-0.665656	-0.260284	0.699395
0.0562603	-0.610108	0.790318
0.072368	-0.623633	0.778361
-0.232497	-0.957165	0.172571
0.0587766	0.304609	0.950662
0.410204	-0.0153014	0.911865
-0.258271	0.841523	0.474484
-0.60629	0.191405	0.771865
-0.474685	-0.19718	0.857784
-0.132488	0.0840203	0.987617
-0.508492	-0.444261	0.73761
-0.0869509	0.154812	0.98411
-0.783421	-0.0234998	0.621047
-0.961382	0.229126	0.152464
-0.394802	-0.0924466	0.914103
-0.351885	-0.366368	0.861366
0.11931	-0.138048	0.983213
0.89295	-0.206316	0.400093
-0.582357	0.805749	0.107835
-0.0242541	0.605666	0.795349
0.316773	0.122063	0.940614
0.579403	-0.406662	0.706341
0.53068	-0.488361	0.692735
0.507157	0.545556	0.667204
0.611119	0.315051	0.726138
0.152471	0.209141	0.965926
0.573202	-0.130331	0.808983
-0.109462	0.0551557	0.99246
-0.529665	-0.012945	0.848108
0.235813	-0.208579	0.949151
-0.296125	0.273744	0.915082
-0.0439729	0.0771907	0.996046
-0.32921	-0.00508218	0.944243
0.80154	-0.174294	0.571974
-0.168018	-0.0259972	0.985441
0.575259	-0.0104119	0.817905
-0.0703045	-0.00819944	0.997492
0.845488	-0.223576	0.484936
0.207228	-0.126549	0.970073
-0.119954	0.0196496	0.992585
0.0858067	0.198339	0.97637
-0.333563	0.184771	0.924443
0.193608	-0.418278	0.887445
0.0279768	-0.814614	0.579328
0.265077	-0.201226	0.942996
-0.0744139	-0.552782	0.829997
0.318126	-0.394864	0.861904
-0.435307	0.115536	0.892838
0.513269	-0.203782	0.833684
0.0736079	-0.985009	-0.156009
-0.162648	-0.664474	0.729397
-0.251841	0.695575	0.672868
0.130923	-0.978493	0.159408
-0.208889	-0.0403084	0.977108
0.498886	0.172792	0.849268
0.382703	-0.055746	0.922188
-0.371474	-0.686257	0.625347
0.100988	-0.291928	0.951094
0.354044	0.195255	0.914619
-0.251965	-0.283596	0.92525
0.165041	-0.342147	0.925039
0.185318	-0.526957	0.829442
-0.0135502	-0.198525	0.980002
-0.333893	-0.150937	0.930448
0.872658	-0.254014	0.417067
-0.0998928	-0.229064	0.968272
0.108464	-0.119078	0.986943
-0.0771113	-0.324135	0.942863
-0.183563	-0.0675778	0.980682
-0.300005	0.224618	0.927116
-0.324657	-0.38406	0.864347
-0.295497	-0.219627	0.929756
-0.287662	0.0993236	0.952568
0.30668	-0.273253	0.911746
-0.8062	-0.068366	0.58768
-0.717107	-0.690676	-0.0934025
0.109628	-0.423109	0.899422
-0.360585	0.212906	0.908102
-0.0471478	0.496389	0.866819
-0.404767	-0.365507	0.838194
0.247125	0.360493	0.89943
0.532268	0.50444	0.679876
-0.179129	0.311523	0.933202
-0.262845	-0.19468	0.944993
-0.609468	0.22059	0.761504
0.0377729	-0.734615	0.677432
-0.111357	-0.451571	0.885259
-0.252109	0.394551	0.883612
-0.14239	0.463664	0.874494
0.145436	0.156966	0.976837
-0.586238	-0.0302557	0.809574
0.371376	0.226552	0.900419
-0.147556	-0.63125	0.761413
0.483631	-0.0445024	0.87414
-0.593593	0.209584	0.776996
0.496738	0.34765	0.79523
-0.441536	0.0758079	0.894036
-0.12677	0.461461	0.878056
0.48583	-0.382764	0.785787
0.148299	0.0318614	0.988429
0.625043	0.17828	0.759959
-0.246184	0.32911	0.911636
-0.289238	0.78276	0.551024
0.418157	0.566701	0.709926
-0.0466413	-0.747479	0.662647
0.469585	-0.44635	0.761749
-0.0653745	0.0953489	0.993295
0.289296	0.102285	0.951759
0.370129	0.0164364	0.928835
0.179922	-0.82422	0.536926
0.515111	0.0586673	0.855113
-0.235022	-0.543295	0.805975
-0.506198	-0.0456063	0.861211
-0.297316	-0.126317	0.946386
0.0574366	-0.227128	0.97217
-0.342778	-0.435584	0.832328
0.728814	-0.580063	0.363809
0.256428	0.301793	0.918241
-0.377277	-0.525484	0.76258
0.236546	-0.422057	0.875165
-0.491235	0.394735	0.776448
-0.523052	-0.0114276	0.852224
0.389383	-0.168153	0.905597
0.242963	0.271998	0.931121
0.0452875	0.8066	0.58936
-0.299652	-0.821562	0.48502
-0.00165421	-0.395288	0.918556
-0.670867	-0.328481	0.664859
-0.408933	-0.456101	0.790408
-0.11688	-0.128402	0.984811
-0.563862	0.168112	0.808578
0.00355807	-0.417246	0.908787
-0.348672	0.453969	0.819963
0.0481091	0.120376	0.991562
0.114517	-0.699832	0.705068
-0.376486	-0.238197	0.895277
0.216478	-0.262792	0.940254
-0.601557	0.335677	0.72488
-0.534229	-0.404286	0.742396
-0.251954	-0.67418	0.694263
-0.0509303	-0.168448	0.984394
0.181133	-0.00732379	0.983431
-0.4045	-0.677309	0.614518
0.250353	0.479597	0.841017
-0.524987	0.177955	0.832298
-0.722642	-0.570428	0.390385
-0.14225	-0.796156	0.588133
-0.295308	-0.207271	0.932648
-0.243849	0.232352	0.941568
-0.404949	-0.341261	0.848267
0.632908	0.677692	0.37438
-0.278577	0.200281	0.939299
0.0253806	0.431823	0.901601
0.231409	0.0573057	0.971167
0.205444	0.847845	0.488827
0.153146	-0.29972	0.941655
-0.317961	-0.561593	0.763881
0.300664	-0.0747599	0.950796
0.216344	0.33414	0.917358
0.604746	0.00977062	0.796359
0.189028	0.0948119	0.977384
0.168497	0.558965	0.811891
0.0718999	-0.430809	0.899574
0.279584	0.190939	0.940944
-0.100689	0.167369	0.980739
-0.0511712	-0.104058	0.993254
0.890619	-0.16063	0.425436
0.23671	0.0040759	0.971572
-0.254608	-0.647415	0.718351
0.17649	-0.242117	0.95406
-0.505667	-0.440801	0.741617
-0.352189	-0.597588	0.720314
-0.505788	-0.238644	0.828992
0.347223	-0.19267	0.917777
-0.201578	0.213151	0.955998
-0.594333	-0.630153	0.499675
-0.339101	0.265022	0.902648
-0.369414	0.140351	0.918605
0.835514	-0.205738	0.509498
0.3289	-0.287334	0.899591
-0.144416	-0.562023	0.814416
-0.434745	-0.192071	0.879833
0.182567	-0.52682	0.830139
-0.366717	-0.273375	0.889261
-0.489318	-0.846641	0.209204
0.130236	0.0731961	0.988778
-0.668999	-0.0365626	0.742363
-0.763755	0.450007	0.462788
-0.528528	-0.251821	0.810706
-0.378089	-0.410133	0.829964
-0.695785	0.231956	0.679764
0.175597	0.351065	0.919739
0.0833952	-0.16104	0.983418
-0.0754495	-0.342831	0.936362
-0.684908	-0.302452	0.662891
-0.37513	-0.407476	0.832611
-0.0218933	0.00106324	0.99976
0.193823	-0.229278	0.953868
0.0815668	0.0754042	0.993811
-0.282039	-0.22985	0.931463
-0.11838	0.26178	0.95784
-0.0446121	-0.139293	0.989246
-0.781211	-0.480239	0.398848
0.239176	-0.574355	0.782887
-0.442652	-0.375084	0.814476
0.507486	-0.855973	0.0988342
-0.037205	0.081966	0.99594
-0.0830235	-0.189113	0.978439
-0.209498	-0.472552	0.856041
-0.110261	-0.981351	0.157458
-0.0473126	0.149618	0.987611
0.365932	0.0903441	0.926246
-0.0565335	0.0468224	0.997302
-0.759978	0.128515	0.637116
0.191185	0.219717	0.956647
-0.318172	-0.0129468	0.947944
0.204853	0.0292793	0.978355
0.241762	-0.0572197	0.968647
0.316169	0.51615	0.796007
0.815538	0.311808	0.487518
-0.0353547	-0.137933	0.98981
0.181961	-0.605421	0.774826
-0.115571	-0.157638	0.980711
0.0996626	-0.072196	0.992399
0.0628735	-0.186008	0.980535
-0.440594	0.238163	0.865538
0.278812	0.314701	0.907319
0.733504	-0.584184	0.347421
0.476687	-0.574804	0.665109
0.216374	0.28299	0.934398
-0.0980251	0.0248086	0.994875
-0.354761	-0.12289	0.926846
-0.606555	-0.169258	0.776815
0.108663	-0.361607	0.925977
0.209685	-0.372489	0.904038
-0.130332	0.291856	0.947541
-0.250023	-0.545905	0.799672
-0.353208	-0.611095	0.708383
-0.603398	-0.405349	0.686734
-0.106266	-0.029079	0.993912
-0.400669	0.0149078	0.916102
0.839645	0.337543	0.425513
-0.414891	-0.139109	0.899174
0.546288	-0.119296	0.829058
-0.448021	-0.249847	0.858401
-0.146763	-0.0658031	0.98698
-0.427057	-0.169238	0.888246
0.12749	-0.701426	0.701247
0.468491	-0.271216	0.840808
-0.411837	-0.814337	0.408957
-0.413597	-0.0179418	0.910283
0.0418872	-0.662222	0.748136
-0.153657	-0.221666	0.96294
0.555004	0.0507842	0.830296
0.198675	0.0839033	0.976467
-0.0832649	-0.457218	0.885448
-0.315608	0.545374	0.776504
-0.349185	-0.396873	0.848859
0.273056	0.407511	0.871421
0.16337	-0.323008	0.932189
-0.316778	-0.178517	0.931549
0.49791	-0.478174	0.723488
0.546316	-0.215052	0.8095
-0.56968	0.443405	0.691995
-0.439978	-0.636283	0.63369
0.482179	-0.510633	0.711869
-0.403761	-0.401987	0.821817
-0.235504	-0.443664	0.864697
-0.204256	-0.303499	0.930681
-0.250968	0.712915	0.654804
-0.577856	-0.318697	0.751342
0.230561	-0.269568	0.934973
0.0577798	-0.146672	0.987496
0.257477	0.153987	0.953936
-0.387593	-0.0773304	0.918581
-0.117394	-0.0984156	0.988197
0.560801	0.46577	0.684515
-0.574791	0.56736	0.589676
0.286401	0.423151	0.859603
-0.155784	-0.0653575	0.985627
0.147681	-0.704174	0.6945
0.0326944	0.169297	0.985023
-0.0468298	-0.348287	0.936218
0.477045	-0.039772	0.877979
0.021533	-0.0790216	0.99664
-0.800881	-0.152577	0.579059
0.192112	-0.458947	0.867445
-0.390824	0.187361	0.901195
0.718046	-0.0160357	0.695811
0.314566	-0.186401	0.930754
0.679519	-0.249524	0.689922
-0.420664	0.0715773	0.904388
-0.200154	0.123048	0.972007
0.0598206	-0.253529	0.965476
0.271657	-0.0527589	0.960947
0.649987	0.122785	0.74996
0.199489	0.293524	0.934905
0.333871	-0.469266	0.817508
0.0271433	0.373585	0.927199
-0.33559	-0.290095	0.896228
-0.767969	0.164494	0.619004
0.309739	-0.592264	0.743831
0.489485	0.00393568	0.872003
0.452142	-0.149192	0.87938
-0.0204154	-0.0385876	0.999047
-0.303077	-0.370927	0.877814
0.444555	-0.711576	0.544087
-0.431389	0.0882027	0.897844
-0.256263	0.503732	0.824975
0.388319	0.0658722	0.919168
0.480965	-0.247966	0.840943
0.171921	-0.151106	0.973453
-0.499979	0.490887	0.713478
-0.148156	-0.0194949	0.988772
-0.326649	0.410523	0.851335
-0.629742	0.625645	0.460428
0.399831	0.718983	0.568505
-0.780994	-0.159308	0.603879
0.487232	0.139177	0.862111
-0.432558	-0.0139616	0.901498
-0.280324	-0.326494	0.902674
0.545438	0.568488	0.615888
-0.415675	-0.859766	0.296677
0.521607	-0.395896	0.755773
-0.41116	0.378305	0.829357
0.0817781	0.664916	0.742428
0.627501	0.528466	0.57181
0.0676276	-0.0488047	0.996516
-0.0746189	-0.299701	0.951111
0.386531	0.172419	0.906017
-0.17509	-0.102148	0.979239
-0.598664	-0.170125	0.782726
0.0762423	0.510184	0.856679
0.0243998	-0.721923	0.691543
-0.469053	0.239435	0.850095
-0.285887	0.000730769	0.958263
0.0222181	-0.19772	0.980007
-0.18171	0.779041	0.600064
-0.336919	0.0963533	0.93659
-0.456473	0.532931	0.712472
-0.350956	-0.187092	0.917511
0.644541	-0.0565265	0.762478
-0.0905252	0.0782802	0.992813
-0.194436	-0.132763	0.971889
0.249599	0.344667	0.904934
-0.0347521	-0.325921	0.944758
0.459878	-0.391776	0.796884
0.0513536	0.271297	0.961125
-0.0637619	0.166884	0.983913
0.378828	0.286257	0.880083
0.0474597	0.528708	0.847476
0.108363	0.464919	0.878697
-0.0793805	0.188686	0.978824
0.0787677	-0.240808	0.967371
-0.460305	0.415925	0.784299
-0.629026	-0.723649	0.284005
-0.517509	0.662825	0.541153
-0.26579	0.37121	0.889696
-0.359726	-0.6894	0.628749
0.48991	0.68236	0.542561
-0.0071978	0.311089	0.950353
0.285704	-0.224895	0.931555
0.374466	-0.763003	0.52688
-0.454938	-0.717788	0.527079
-0.60044	-0.610834	0.516094
-0.327979	0.047192	0.943505
0.632934	0.200385	0.747824
0.755781	0.618064	0.216315
-0.338524	0.274774	0.899945
-0.446592	-0.0217518	0.894473
-0.364754	0.0109959	0.931039
-0.432205	0.185168	0.882559
-0.239659	-0.386657	0.890539
-0.000548726	0.665999	0.745953
-0.617891	0.773118	0.143177
0.148187	-0.167032	0.974752
-0.322193	0.272246	0.906683
0.299607	0.160904	0.940397
0.405569	0.0780011	0.91073
-0.0352923	-0.0328725	0.998836
-0.463768	-0.0471277	0.884703
0.595312	0.025387	0.803094
-0.46848	0.101027	0.877679
-0.125398	0.20222	0.971279
0.666661	-0.538814	0.515017
-0.573278	-0.258369	0.777559
-0.297346	-0.41972	0.857566
0.459287	0.249584	0.852504
0.159526	0.704967	0.691067
0.270006	-0.147133	0.951551
-0.258173	0.379978	0.888236
0.298323	0.00122856	0.954464
-0.507487	0.0701471	0.8588
0.0233959	-0.654276	0.755894
-0.588301	-0.196054	0.784516
-0.260209	-0.0228707	0.965281
0.457061	0.303083	0.836203
-0.0385562	0.269528	0.96222
0.231982	-0.781928	0.578595
-0.614694	-0.158834	0.772608
0.0331209	-0.077774	0.996421
0.358547	-0.444092	0.821113
-0.269047	-0.344232	0.89951
-0.0864507	-0.63232	0.769869
0.127412	0.639813	0.757896
0.052128	-0.251083	0.966561
0.239948	-0.0552513	0.969212
0.330892	-0.184263	0.925504
0.129307	-0.454734	0.88119
0.226355	-0.253338	0.940523
0.160334	0.674935	0.720247
-0.419504	0.224079	0.879662
0.00291161	0.186799	0.982394
0.499448	0.356223	0.78972
0.169253	-0.520801	0.836731
-0.177318	0.957794	0.226249
0.076156	-0.340895	0.937012
0.236279	-0.51934	0.821254
-0.314934	0.334383	0.888259
-0.0997216	-0.216436	0.97119
0.0606295	-0.121305	0.990762
0.0970416	0.0577936	0.993601
-0.238742	0.323054	0.915772
0.0914073	0.362525	0.927481
0.447065	-0.797406	0.40531
0.479968	0.11806	0.869306
0.160929	0.00709796	0.98694
0.100981	-0.140472	0.984922
-0.16547	0.368123	0.914934
0.205598	-0.52946	0.823044
-0.7384	-0.291766	0.607978
-0.555392	-0.256005	0.791202
0.709085	0.374533	0.597431
0.522854	-0.00711852	0.852392
-0.0852675	-0.148503	0.985229
0.286529	-0.447654	0.847058
-0.201403	0.545456	0.813581
-0.227963	0.448613	0.864164
-0.0676022	-0.0985347	0.992835
-0.137508	0.0869772	0.986674
0.207705	-0.230046	0.950756
-0.490903	-0.445312	0.748807
-0.194404	-0.247311	0.949233
-0.326929	0.265767	0.90691
-0.353495	0.0735898	0.932537
-0.312976	-0.392188	0.865006
0.394611	-0.085378	0.914873
0.0742941	-0.0837965	0.993709
0.0844026	-0.626052	0.7752
-0.0680589	0.286296	0.955721
-0.38726	0.472315	0.7918
-0.293178	0.140672	0.945652
0.315501	0.0563617	0.94725
0.0806782	0.819092	0.567961
-0.449872	-0.288939	0.845062
-0.356812	0.0935288	0.929483
-0.328535	0.0551045	0.942883
-0.192582	-0.208807	0.958808
0.724477	-0.64888	0.23257
-0.304322	-0.0326222	0.952011
-0.655433	0.026808	0.754778
-0.110536	-0.639431	0.760861
0.427062	-0.718327	0.549203
0.876488	0.445285	0.183
-0.0179948	0.074136	0.997086
0.411506	0.880072	0.23693
0.309522	-0.453565	0.835748
-0.218068	0.951576	0.216676
0.0322066	-0.0922182	0.995218
-0.100907	0.806326	0.582801
-0.149957	-0.138354	0.978964
0.652854	0.500028	0.568994
0.521271	0.700274	0.487742
0.875066	0.145672	0.461562
-0.150137	0.98078	0.124619
-0.0164047	0.416467	0.909003
-0.237643	0.752906	0.613724
0.257764	0.0175495	0.966049
0.249704	0.966882	-0.0528003
0.198345	-0.213144	0.956676
0.77627	-0.289216	0.560143
-0.0201903	0.830142	0.557186
-0.440348	0.5226	0.730057
0.112309	-0.444806	0.888558
-0.237499	0.271663	0.932627
0.373171	-0.155956	0.91456
-0.384201	-0.544844	0.745342
-0.167259	0.225181	0.959853
0.0985944	0.34629	0.932932
0.264248	-0.04772	0.963273
0.338488	-0.425587	0.839227
0.0865302	-0.146377	0.985437
0.851417	-0.0589778	0.521163
-0.281667	-0.0666761	0.957193
0.898199	-0.282845	0.336507
0.459905	-0.731421	0.503499
-0.081136	0.00222802	0.996701
0.197885	-0.181874	0.963205
-0.259249	0.177812	0.949301
0.627584	-0.610423	0.483241
-0.345063	-0.583245	0.735361
-0.511596	-0.430444	0.743631
-0.563745	0.147925	0.812595
-0.313856	0.332939	0.889183
-0.219254	0.0871517	0.971768
-0.0506607	0.279193	0.958898
-0.130998	-0.666207	0.734172
0.239319	0.191897	0.951789
-0.744397	-0.068574	0.664207
0.0227555	0.371409	0.92819
0.0169486	0.682034	0.731124
0.0955526	0.514861	0.851932
0.355112	0.35384	0.86527
0.664322	0.663322	0.3445
0.338774	-0.231732	0.911884
0.0115261	-0.973613	0.227913
-0.00699809	-0.294929	0.955494
-0.397899	0.847419	0.351508
0.0854295	0.635034	0.767745
0.175311	0.170765	0.96959
-0.622669	0.219097	0.751186
0.73163	0.00434718	0.681688
0.0779288	0.0928908	0.992622
-0.41276	-0.11414	0.90366
0.442728	-0.384263	0.810144
0.0830257	0.216449	0.972757
0.591648	0.506248	0.627427
0.457417	0.03125	0.888703
-0.820087	0.159868	0.549454
-0.331217	-0.105388	0.937651
-0.320771	-0.14281	0.936328
-0.781293	-0.257007	0.568796
-0.179366	-0.210237	0.961056
0.500213	0.248007	0.829626
-0.591549	-0.467181	0.657124
-0.0151698	-0.518092	0.85519
0.157089	-0.43465	0.886793
-0.0383791	0.755524	0.653996
-0.32866	0.434146	0.838749
-0.149545	0.604339	0.782567
-0.809833	-0.187685	0.555829
-0.103596	0.339242	0.934977
-0.0757311	0.0691129	0.99473
0.0571835	-0.170045	0.983776
-0.0661842	0.275424	0.959042
-0.298684	0.455015	0.838898
0.163903	-0.483877	0.85965
-0.288083	-0.606857	0.740765
0.837084	0.493507	0.236098
-0.0247413	0.424091	0.905281
0.597026	-0.220557	0.771307
-0.00336464	-0.610782	0.791791
0.351303	-0.929715	0.110527
0.237583	0.366633	0.899519
0.534406	-0.197314	0.821874
-0.43799	-0.0152879	0.89885
-0.432836	0.331222	0.838418
-0.350535	-0.568477	0.744284
-0.777727	0.266655	0.569242
-0.391972	-0.708759	0.586531
0.476243	0.873011	0.105092
-0.403001	0.255894	0.878697
-0.707821	-0.173608	0.684726
0.10921	-0.269337	0.956834
-0.132077	-0.252204	0.958618
0.628979	0.769668	-0.109532
-0.481968	-0.0789056	0.872629
0.225877	0.600483	0.767072
-0.0290954	0.546946	0.836662
0.0354107	0.234964	0.971359
-0.127543	-0.0102323	0.99178
-0.0856614	-0.154388	0.98429
0.561954	0.0239181	0.826822
-0.260373	-0.474691	0.840758
-0.521791	0.58891	0.617186
-0.262193	0.798639	0.541692
0.382396	-0.895793	0.226557
0.757098	-0.335764	0.560415
-0.431305	-0.141933	0.890972
-0.180566	0.306255	0.934668
-0.00524152	-0.0615783	0.998088
-0.459891	0.677477	0.574043
0.139482	-0.163752	0.976591
-0.101494	-0.845799	0.523759
-0.0261809	0.022979	0.999393
-0.00591448	0.394633	0.91882
0.234345	0.244594	0.940881
-0.0652564	-0.304646	0.950228
-0.797312	-0.568018	0.204082
-0.309075	0.447069	0.839405
0.772191	0.330817	0.542478
0.046121	-0.307934	0.950289
0.233096	0.025967	0.972107
-0.578335	-0.412476	0.703841
0.0556808	0.142093	0.988286
-0.0705626	-0.578298	0.812769
0.954885	0.174402	0.240371
0.736403	-0.378783	0.560566
-0.431761	-0.901931	0.010119
-0.597887	-0.0626455	0.799129
0.433415	-0.739646	0.514854
0.374116	0.420662	0.826487
0.187431	0.624415	0.758271
-0.111125	0.659939	0.743056
0.151191	-0.161913	0.975154
-0.602078	-0.711468	0.362374
0.630779	-0.0131725	0.775851
0.544645	0.166225	0.822029
0.130137	0.0427911	0.990572
-0.0191481	0.317984	0.947903
-0.539552	0.730214	0.419132
-0.355951	0.593332	0.721981
-0.185295	-0.0228932	0.982416
0.0563905	-0.237581	0.96973
0.478992	0.294613	0.826904
0.207241	-0.335024	0.919135
0.383887	0.173471	0.906939
0.0749752	0.683267	0.726309
-0.322198	-0.68263	0.6559
-0.689976	-0.228783	0.686725
0.194295	-0.335452	0.921803
0.0609749	-0.323381	0.944302
0.330909	0.0715275	0.940948
-0.161286	0.206093	0.965149
-0.159936	0.0277707	0.986737
-0.926126	-0.091122	0.366042
0.20164	-0.83961	0.504377
-0.496457	0.509348	0.702919
0.249244	0.0786872	0.965239
0.666656	-0.38738	0.636794
-0.321061	-0.688115	0.650705
-0.304071	0.522112	0.796832
-0.379833	0.253782	0.889563
-0.169527	0.501112	0.848615
0.408511	-0.249246	0.878063
-0.37902	0.217767	0.8994
-0.238488	0.5908	0.770765
0.127589	-0.22409	0.966181
-0.997128	-0.0248359	0.0715516
0.158139	-0.13471	0.978185
-0.994328	-0.100198	0.0356556
-0.124154	-0.631047	0.765745
-0.738756	-0.419927	0.527163
0.72983	-0.638032	-0.245485
-0.768564	-0.0906644	0.633317
-0.521264	0.376904	0.765655
-0.229198	-0.235161	0.944546
0.135404	-0.0628448	0.988795
0.517526	-0.786072	0.33802
-0.0873239	-0.246846	0.965112
-0.598651	-0.157195	0.785434
-0.933387	0.124384	0.336626
-0.16657	-0.218311	0.961558
-0.688644	-0.27153	0.67234
-0.382144	0.0312493	0.923574
-0.136547	-0.252496	0.957915
-0.482501	-0.0649574	0.873483
0.0214134	-0.593024	0.8049
0.360541	-0.0584859	0.930908
0.119291	0.125094	0.984947
-0.502642	0.808149	0.306995
0.169773	0.0829772	0.981984
-0.10927	-0.895666	0.431094
0.48734	0.341195	0.803794
-0.317276	-0.344158	0.883681
-0.120174	-0.580735	0.805174
-0.369906	-0.617696	0.693989
-0.447205	0.84465	0.294235
0.153848	-0.0539273	0.986622
-0.418187	0.389277	0.820721
0.313457	-0.886391	0.34067
-0.408854	-0.750129	0.519754
0.829422	-0.335598	0.44658
-0.588963	-0.199313	0.783196
-0.279949	0.00940394	0.959969
-0.750337	-0.409581	0.518881
0.0501617	0.116972	0.991868
0.376231	-0.54849	0.746732
-0.449231	-0.152416	0.880319
0.377053	-0.819704	0.43118
-0.159829	-0.699096	0.696936
-0.408701	-0.662876	0.627342
-0.245892	-0.231083	0.941349
-0.804734	-0.0307733	0.592837
0.803326	-0.170692	0.570553
0.294072	-0.952564	0.0783823
0.109923	-0.747049	0.655618
-0.482914	0.316137	0.81661
0.0715331	-0.488367	0.869702
0.313655	0.68804	0.654386
0.570136	-0.23659	0.786747
0.551055	0.132617	0.823864
0.266374	0.16124	0.950288
-0.41913	0.378315	0.825353
-0.125718	0.384039	0.914718
-0.398262	-0.79679	0.454436
0.346413	-0.752779	0.559751
0.0622288	-0.142969	0.987769
-0.282827	0.563973	0.77585
-0.0409487	0.744875	0.665946
-0.061603	0.719308	0.691955
-0.153979	-0.98788	-0.0195764
-0.296289	0.632705	0.71547
0.592923	0.742802	0.310946
0.37656	0.682999	0.625872
0.801836	0.165935	0.574042
0.637956	0.269754	0.72128
-0.141168	-0.488484	0.861078
-0.127769	-0.833994	0.536776
-0.164035	0.345771	0.92387
-0.271215	-0.398413	0.876191
0.117938	0.826028	0.551152
-0.121176	0.57077	0.81212
-0.390486	-0.876837	0.280496
0.0250751	0.112601	0.993324
-0.0571944	0.599133	0.798604
-0.389529	-0.38921	0.834735
-0.493411	0.283386	0.822337
0.927227	0.203371	0.31447
0.781362	0.162927	0.602436
0.553334	0.0526481	0.831294
-0.232431	-0.278822	0.931791
0.0925207	0.455717	0.885303
-0.348641	-0.218237	0.911494
0.562848	-0.144669	0.813802
-0.0162065	-0.841962	0.539293
-0.774744	0.589583	0.228395
-0.243468	-0.362239	0.899725
-0.0763292	0.400172	0.913256
-0.0544956	-0.105636	0.992911
0.403606	-0.0695876	0.912283
0.91194	0.314542	0.263495
-0.103133	0.109303	0.988644
-0.0431491	-0.0381923	0.998338
0.574323	0.203945	0.792818
0.0839838	-0.975615	0.202784
0.606989	0.298548	0.736501
0.432397	-0.804369	0.40746
0.0539882	0.578508	0.813888
-0.323754	0.197416	0.925316
-0.427888	-0.289981	0.856051
0.618884	0.394492	0.679234
0.847697	-0.00546417	0.530453
0.260442	0.498129	0.827066
-0.495176	0.278707	0.822875
0.14593	-0.115585	0.982519
-0.104175	-0.0565945	0.992947
-0.211158	0.327295	0.921027
0.680944	0.163427	0.713867
-0.626525	-0.684369	0.372968
-0.107085	0.176598	0.978441
-0.392259	0.0531616	0.918317
0.0621917	0.1063	0.992387
0.426395	0.082247	0.90079
-0.801484	-0.23995	0.547766
-0.113514	-0.255549	0.960109
0.418966	0.164707	0.892938
-0.204932	0.149668	0.967265
0.318438	0.576617	0.752403
0.529324	-0.404888	0.745575
-0.246154	0.686419	0.684279
-0.60002	-0.197178	0.775305
0.0132335	-0.86767	0.496964
0.779841	0.147166	0.608432
-0.371204	-0.594631	0.713177
-0.245438	0.390686	0.8872
-0.263289	-0.869238	0.418454
-0.274805	0.468951	0.839385
0.427792	-0.302076	0.851906
-0.308484	0.0228298	0.950956
-0.342068	0.5832	0.736795
0.661181	-0.725698	0.190269
-0.0307267	-0.634196	0.772561
0.771142	-0.466957	0.432771
0.0467347	-0.566997	0.822393
0.898741	-0.150931	-0.411686
0.614504	0.042875	0.787747
0.128164	0.519551	0.844773
-0.351851	0.242281	0.904157
-0.236707	-0.960504	0.146294
0.205501	0.155761	0.966182
0.22263	0.0607059	0.973011
-0.519433	0.271316	0.810294
0.42921	0.619376	0.657383
0.447552	-0.440486	0.778247
-0.428383	-0.140147	0.892663
0.0826235	0.7992	0.595359
-0.456231	-0.17666	0.872149
0.609227	0.369917	0.70143
0.227113	-0.012988	0.973782
0.858485	0.159196	0.487505
-0.767	-0.557286	0.318031
-0.0694614	-0.390646	0.917916
-0.223076	0.561468	0.796863
0.321698	0.616336	0.718777
0.985494	0.0797995	-0.149779
-0.833478	0.282426	0.474921
0.272887	-0.799755	0.534718
-0.0887792	0.507232	0.857224
0.273165	-0.328961	0.903972
-0.132084	0.152337	0.979463
0.359117	0.389675	0.84805
-0.188843	-0.164022	0.968212
-0.257657	-0.443074	0.858661
0.20612	0.645256	0.735635
-0.264204	-0.411861	0.872105
-0.681571	-0.425459	0.595354
-0.459686	0.0135651	0.887978
0.0460882	-0.357026	0.932957
-0.130109	0.922086	0.364458
-0.835866	-0.345796	0.426325
0.0344992	-0.0822263	0.996016
-0.0457182	0.186216	0.981445
0.0321072	-0.995185	-0.0926022
-0.00501241	0.916241	0.400595
-0.0679484	-0.38604	0.919976
0.459762	-0.118919	0.880044
0.870772	-0.092974	0.482816
-0.621509	-0.633186	0.461304
0.0815567	-0.0664481	0.994451
-0.0912297	-0.882381	0.461607
-0.912677	-0.145846	0.381771
0.12106	-0.14309	0.982278
-0.307687	0.327447	0.893368
0.247131	-0.335987	0.908867
0.116081	-0.454728	0.883033
-0.321851	0.420102	0.848485
0.86694	0.406665	0.288164
-0.0392904	-0.20147	0.978706
0.619662	-0.0647968	0.78219
-0.403792	0.857295	0.31937
-0.695296	-0.650903	0.304777
-0.106577	0.989239	0.100235
-0.480767	-0.469436	0.740603
0.258881	-0.316787	0.912484
-0.227849	-0.596211	0.769816
-0.905771	-0.220201	0.362064
0.338727	0.156877	0.927714
-0.682993	0.367995	0.630951
-0.1839	0.591387	0.785138
-0.345879	0.120229	0.930544
-0.0836388	0.252928	0.963863
-0.603361	-0.451491	0.657352
0.653391	0.0137363	0.756896
-0.155185	0.687642	0.709271
-0.0271801	-0.633012	0.773665
0.0565996	-0.437112	0.897625
0.373436	-0.410243	0.832014
0.481512	0.675716	0.55817
-0.130587	0.480441	0.86725
-0.667596	-0.363352	0.64984
