3400
-0.147418	0.400694	0.904274
-0.836262	0.112486	0.536668
-0.495609	0.333586	0.80193
-0.843268	0.251341	0.475107
-0.1252	-0.297764	0.946394
0.264735	-0.0725453	0.961589
0.150167	-0.231055	0.961282
-0.0812752	0.00792247	0.99666
-0.935562	-0.0486764	0.349792
0.233698	0.377461	0.896052
0.0792433	0.949686	0.303013
-0.186357	-0.32056	0.928715
-0.0325445	0.403544	0.914381
0.506951	0.564061	0.651794
-0.164109	-0.316088	0.934429
0.579437	0.388283	0.716582
0.664922	-0.642905	0.380199
-0.255325	-0.559483	0.788535
0.432178	-0.0115316	0.901714
-0.114216	-0.0249536	0.993142
0.135032	0.503117	0.853604
-0.0864074	0.420708	0.903072
0.0675849	0.237609	0.969007
0.100873	0.209652	0.972559
-0.707112	-0.159913	0.688782
-0.4358	0.186461	0.880518
-0.571701	0.0235678	0.820123
-0.538124	-0.608013	0.583731
-0.143031	-0.561672	0.814903
-0.0985702	-0.4523	0.886402
0.651681	0.270558	0.708597
0.515786	-0.190455	0.835279
-0.219732	0.164431	0.961603
0.162205	-0.610795	0.774996
-0.83523	-0.546287	-0.0629378
-0.95123	0.0598161	0.302626
0.0736744	0.369138	0.92645
-0.06159	-0.335696	0.939955
-0.299586	-0.238954	0.923661
0.0763315	0.500409	0.862418
-0.226904	-0.103988	0.96835
0.169033	-0.853123	0.493567
-0.255892	0.31771	0.913006
0.0632482	0.34179	0.937646
0.423581	-0.565952	0.707303
-0.108558	-0.166149	0.980107
-0.644511	0.00960483	0.764535
-0.572446	0.0833791	0.815692
-0.120144	0.225367	0.966838
-0.543209	0.228959	0.807776
-0.200612	0.0914035	0.975397
-0.167492	-0.501014	0.849077
-0.0698871	0.115877	0.990802
0.540827	-0.618838	0.569689
0.473156	-0.308309	0.825269
-0.516777	0.37173	0.771206
-0.369213	0.530742	0.762886
-0.296359	-0.132476	0.945844
0.472592	-0.297798	0.829442
0.0442656	0.769081	0.637617
-0.468724	-0.579339	0.666832
0.094328	-0.543922	0.833817
-0.649322	-0.391708	0.651878
0.10089	-0.00930847	0.994854
0.756974	0.192208	0.624537
-0.580521	0.136593	0.802706
-0.398199	0.1872	0.897994
-0.246129	0.277847	0.928559
0.532626	-0.138373	0.834962
0.355024	0.0723009	0.932057
-0.156372	-0.208459	0.965449
0.01866	-0.121826	0.992376
0.0879721	-0.442834	0.892277
0.0141139	0.626323	0.779436
0.150406	-0.435532	0.887519
-0.225657	0.102464	0.968803
0.210451	0.288581	0.93404
-0.237638	-0.689442	0.68425
-0.444276	-0.124984	0.887129
0.807568	-0.57628	0.125438
0.829774	0.174351	0.530166
-0.00503198	0.631845	0.775079
-0.259793	0.13879	0.955639
-0.289581	-0.123617	0.949137
-0.141373	0.437774	0.887901
-0.077415	-0.181602	0.98032
-0.773888	-0.00258406	0.633318
-0.175571	-0.634359	0.752837
0.614493	0.480368	0.625815
-0.157343	-0.625413	0.764266
-0.568507	0.293987	0.768356
0.35139	0.416808	0.838329
-0.0604623	-0.525911	0.848388
-0.745545	-0.512496	0.42604
-0.403004	-0.0122359	0.915116
0.125427	0.479996	0.868258
-0.50511	0.29246	0.811992
0.146925	0.0747683	0.986318
0.556145	0.148867	0.817644
0.272166	-0.0143785	0.962143
-0.210425	0.250043	0.945092
0.182512	0.57084	0.800519
-0.437807	0.329385	0.836559
-0.188507	-0.277544	0.942037
-0.233162	-0.16023	0.959147
0.0251933	0.0840411	0.996144
0.293905	-0.397049	0.869466
-0.0613279	0.134486	0.989016
0.111322	0.554242	0.824878
0.4721	-0.175022	0.863996
0.231832	-0.938108	0.257309
0.000866692	0.162779	0.986662
-0.283518	0.193952	0.939149
0.117983	0.0548335	0.991501
0.141666	0.191314	0.971252
-0.0538186	0.0990578	0.993625
0.3583	0.652085	0.668136
-0.10179	0.592989	0.798751
0.3205	-0.0805524	0.943817
0.298535	0.0503123	0.953072
-0.666486	-0.533956	0.520276
0.217733	-0.517572	0.827473
-0.3644	0.163676	0.916746
0.300292	-0.256935	0.918591
-0.552392	0.506674	0.661925
0.747977	0.567939	0.343475
-0.217249	0.460487	0.860671
-0.523547	-0.141004	0.840248
0.0269343	0.132803	0.990776
-0.0947672	-0.493391	0.86463
0.1264	-0.402964	0.906445
0.214603	-0.492737	0.843301
-0.48219	-0.191622	0.854853
0.00601981	0.52167	0.853126
0.282716	-0.709202	0.645837
0.238052	0.426262	0.872715
-0.387418	0.595103	0.704102
0.100361	0.563383	0.820078
0.850256	-0.0661778	0.522192
-0.0800725	0.514349	0.853835
-0.27798	0.590959	0.757294
0.0614899	0.236742	0.969625
-0.052225	0.846234	0.530246
0.186942	0.413216	0.891238
-0.116552	0.97613	0.183262
-0.311414	-0.947675	-0.0702354
0.189685	0.611519	0.768156
0.587641	-0.0113485	0.809042
-0.0107082	0.564806	0.825154
0.188212	-0.406763	0.893935
0.0284042	0.0773809	0.996597
0.0604815	0.08344	0.994676
0.00480734	-0.393768	0.919197
-0.253672	0.123042	0.959433
0.527811	-0.189581	0.827934
-0.387235	-0.381237	0.839469
0.46956	-0.431099	0.770498
0.0610915	0.345212	0.936534
-0.490231	0.167815	0.855285
0.390937	0.410249	0.823932
-0.178622	0.0140106	0.983818
-0.375145	0.323642	0.868632
-0.12104	-0.0786499	0.989527
0.473777	0.233687	0.849073
0.810487	-0.215758	0.544572
0.107733	0.244779	0.963575
-0.423637	0.110456	0.899073
0.450596	0.474281	0.75632
-0.824938	-0.0384989	0.563911
0.515396	0.100361	0.851055
0.155009	0.543782	0.824787
0.356332	-0.498834	0.790059
0.0645131	-0.215054	0.974469
-0.0830916	-0.28009	0.956371
-0.649323	-0.305159	0.696604
-0.464908	-0.197702	0.863003
0.455114	0.549458	0.700691
-0.497402	0.278679	0.821541
-0.0286973	0.871109	0.490251
-0.347711	0.537197	0.76845
-0.571036	-0.34167	0.746444
0.635768	0.474778	0.608593
-0.0532709	0.814172	0.578174
-0.659116	-0.1672	0.733219
0.286838	0.185547	0.939839
0.294118	-0.375063	0.879103
0.595013	-0.637124	0.489932
-0.871761	0.0580439	0.48648
-0.462865	0.140312	0.875253
0.345453	-0.2608	0.901469
-0.0568819	-0.726191	0.685136
0.62872	-0.624431	0.463462
-0.197256	-0.747856	0.633878
0.25162	-0.417691	0.873053
-0.411656	-0.406076	0.815869
-0.119784	-0.129781	0.984281
0.659987	0.115973	0.742272
0.180118	0.159047	0.970702
-0.282763	0.471374	0.835375
0.346393	0.286089	0.893401
0.498155	-0.0340678	0.866419
-0.208112	-0.324864	0.92258
0.0640241	0.320348	0.945134
-0.294674	0.378087	0.87762
-0.29657	0.53313	0.79235
-0.0261489	0.236259	0.971338
0.131385	0.412273	0.901537
0.574862	-0.714292	0.399151
0.199283	0.0496373	0.978684
0.185496	0.279165	0.942156
-0.192552	0.429014	0.882537
-0.26674	-0.282032	0.921579
-0.380814	0.395066	0.836004
0.663697	-0.159891	0.730713
0.0571787	-0.169699	0.983836
0.138593	0.448407	0.883019
0.0535019	0.17346	0.983387
0.531477	-0.132579	0.836633
-0.0432258	-0.531023	0.846254
0.00684442	-0.50821	0.861206
0.0972884	0.00463454	0.995245
-0.220706	0.853283	0.472438
-0.643367	0.339589	0.686118
-0.511867	-0.00990268	0.859008
0.0566859	0.530715	0.845652
0.125746	-0.913548	0.386806
0.255546	-0.48975	0.833572
-0.167563	0.211566	0.962893
0.247557	0.318673	0.914966
0.143775	-0.213136	0.966386
0.0463839	0.189375	0.980809
0.192805	-0.287897	0.938052
0.468938	-0.512829	0.7191
0.0456945	-0.338434	0.93988
-0.440103	0.623746	0.645949
-0.166481	0.53935	0.825461
-0.366736	-0.0466777	0.929153
0.30796	-0.262984	0.91433
0.528575	-0.101813	0.842759
0.488272	0.390575	0.780411
0.990363	0.13255	0.0401494
0.0427919	-0.418021	0.907429
0.81015	-0.339192	0.478128
0.800144	0.129161	0.585736
0.633188	0.35406	0.688269
-0.626385	-0.685028	0.371992
0.424577	-0.409984	0.807247
-0.225727	-0.0396629	0.973383
0.589277	-0.047037	0.806561
-0.0885744	-0.278653	0.956299
0.23384	0.300205	0.924768
0.239398	-0.401799	0.883881
-0.0209668	-0.541189	0.840639
0.337106	0.380965	0.860945
-0.330852	0.127256	0.935063
0.215973	-0.278648	0.935794
-0.210601	-0.220573	0.952363
0.22143	-0.340753	0.913705
0.707433	-0.702601	-0.0767543
0.0990457	0.497345	0.86188
0.653259	-0.0348991	0.75633
-0.112203	0.276525	0.954434
0.76169	0.0311991	0.64719
-0.282757	0.0884481	0.955105
-0.134924	0.344398	0.929078
0.0207243	-0.109631	0.993756
-0.323223	0.337703	0.884015
0.139728	0.512628	0.847165
-0.117787	0.358406	0.926106
0.417008	-0.277638	0.86546
-0.58985	0.228743	0.774437
0.0939545	0.64165	0.761221
-0.30022	0.167863	0.938983
0.286783	-0.111875	0.951441
-0.363534	-0.233259	0.901905
-0.526775	0.0551015	0.848217
0.538364	0.288804	0.79168
-0.454174	-0.28729	0.843321
0.574738	0.3067	0.75869
-0.137652	-0.410391	0.901461
-0.596409	-0.706271	0.381414
0.438386	-0.550517	0.710457
-0.118621	-0.139762	0.983054
0.242612	-0.637841	0.730958
0.301572	0.0725084	0.950682
-0.165028	0.106043	0.980572
-0.943181	-0.0950424	0.318395
0.687873	-0.511879	0.514598
0.445216	-0.575768	0.685765
0.621569	-0.00201102	0.783357
0.537283	-0.0810458	0.839499
-0.0999303	0.435633	0.89456
0.210927	0.353263	0.911436
-0.954524	0.277242	-0.109638
-0.473191	0.0190688	0.880753
0.961948	0.251592	0.106571
-0.181865	-0.20651	0.961394
0.148595	-0.289119	0.94569
-0.350759	0.774126	0.526971
0.813806	0.265003	0.517197
0.266236	0.151005	0.952006
0.144122	-0.291246	0.94573
0.425424	-0.731568	0.53275
-0.583645	0.3244	0.744395
0.512867	-0.445428	0.733867
0.150124	-0.03975	0.987868
0.571224	-0.154846	0.806056
0.28402	-0.397961	0.87233
-0.165464	-0.634391	0.755096
0.124833	0.100734	0.987051
-0.592199	-0.386271	0.707173
-0.335235	-0.308367	0.89024
-0.0165361	-0.338425	0.940848
-0.225481	0.697212	0.680481
0.752161	-0.511535	0.415434
-0.675597	0.183791	0.713996
0.341835	-0.269301	0.900348
-0.103613	-0.115283	0.987914
0.315014	0.0094918	0.949039
-0.089053	0.0117575	0.995957
0.0793024	0.485583	0.870586
-0.00254898	0.489469	0.872017
0.468362	-0.350004	0.811254
0.126412	0.199069	0.971798
0.803392	0.218928	0.553744
0.04229	-0.0303005	0.998646
0.6975	0.370715	0.61324
0.166198	-0.517924	0.839127
-0.703665	0.140049	0.696593
0.154006	0.540269	0.827279
0.80197	0.310112	0.510564
0.123932	-0.423433	0.89741
0.402805	-0.479927	0.779371
-0.429698	0.77793	0.458458
-0.519375	0.432669	0.736917
0.170569	-0.318867	0.932325
-0.475923	-0.0270692	0.87907
0.885575	0.137855	0.443568
0.665319	0.171505	0.726592
0.903776	-0.248857	0.348222
-0.858294	0.381796	0.342876
-0.47803	-0.00326387	0.878338
-0.651727	0.123247	0.748373
-0.599124	-0.120891	0.791477
-0.35864	0.533215	0.766198
0.286852	-0.212343	0.934145
0.901962	0.0762933	-0.425023
0.230941	-0.187126	0.954804
0.419977	0.360934	0.832674
-0.401574	0.0559144	0.914118
-0.749709	-0.342372	0.56632
-0.27785	0.689401	0.668973
-0.552918	-0.162645	0.817208
0.270308	0.15515	0.950191
-0.320338	-0.0784966	0.944045
0.0495986	-0.987169	0.151779
-0.685612	-0.213736	0.695883
0.458385	-0.745201	0.484312
0.390581	0.366809	0.844332
0.10265	0.12856	0.986375
-0.0224567	-0.408841	0.912329
0.461086	0.236232	0.855332
0.307324	0.0833518	0.947947
-0.0429842	0.244192	0.968774
0.0432892	0.0467181	0.99797
0.365238	-0.606682	0.706072
-0.00142429	0.0439091	0.999035
-0.119314	-0.500813	0.857292
0.0618077	-0.134006	0.989051
-0.26559	-0.194275	0.944309
0.0689278	-0.590722	0.803926
0.0922283	0.462495	0.881812
0.0131058	0.82273	0.568282
-0.138957	0.220669	0.965399
-0.682648	0.377869	0.625466
-0.309314	0.352916	0.883049
0.220318	-0.0580043	0.973702
0.377308	-0.00414293	0.926078
0.533748	0.0968867	0.840075
-0.257009	0.329563	0.908479
-0.232539	-0.162793	0.958866
-0.0297633	-0.119929	0.992336
-0.187335	0.2139	0.958724
0.270964	-0.459007	0.846104
-0.0145822	0.202699	0.979133
0.168506	-0.349886	0.921513
0.399189	-0.152291	0.904132
0.0902633	-0.0185928	0.995744
0.38958	0.159237	0.907122
0.158911	-0.305663	0.938785
-0.0355388	-0.238164	0.970575
-0.261582	0.167539	0.950529
0.307872	0.160408	0.937808
-0.0184092	-0.242739	0.969917
-0.0328348	-0.230008	0.972635
-0.533442	0.55075	0.641961
-0.192125	-0.0503901	0.980076
0.246746	0.573319	0.781295
-0.782136	0.532728	0.32321
0.280942	-0.235269	0.930441
0.539245	-0.218307	0.813361
0.861938	-0.0782128	0.500944
0.235089	-0.416834	0.878056
0.19741	0.364453	0.910057
0.313909	0.259678	0.913252
-0.544618	0.248726	0.800953
-0.416421	0.695292	0.585801
-0.0561621	0.314763	0.947507
-0.0323296	-0.217515	0.975521
0.0517982	0.0519426	0.997306
0.782753	-0.0748971	0.61781
0.0991457	-0.220203	0.970402
0.0762419	0.250906	0.965004
0.234893	0.0210308	0.971794
0.41625	-0.500889	0.758846
0.724232	0.237805	0.647254
-0.407467	0.0557634	0.911516
-0.140486	-0.30751	0.941117
0.243462	-0.84231	0.480875
0.24375	0.163427	0.955969
-0.484257	0.655001	0.58006
-0.295098	-0.27202	0.915927
0.643198	-0.443572	0.624132
-0.0484367	0.0206818	0.998612
0.385749	0.529797	0.755323
0.650773	-0.0639168	0.756577
0.424329	0.0680685	0.902946
-0.034096	0.437886	0.898384
-0.050458	-0.0930618	0.994381
0.0140222	-0.265262	0.964074
0.067898	0.440561	0.895151
0.35192	0.677938	0.645408
-0.241534	0.885739	0.396393
0.323506	0.403787	0.855745
0.340007	0.0551308	0.938805
0.00670959	-0.297326	0.954752
0.18419	0.0285762	0.982475
0.652168	-0.298695	0.696748
0.0482242	0.249999	0.967044
0.106858	0.07708	0.991282
0.0302925	0.176631	0.983811
-0.165235	-0.254875	0.952752
0.157214	0.332873	0.929774
-0.0240997	-0.249539	0.968065
0.194921	-0.146552	0.969808
-0.547225	-0.180482	0.817295
0.492335	-0.359644	0.79263
0.75446	-0.178342	0.631652
0.15153	-0.556888	0.816648
0.0962796	0.649399	0.754329
0.210279	-0.424656	0.880596
0.638457	0.636853	0.432192
-0.203043	-0.455028	0.867019
0.156703	0.416364	0.895592
0.961967	-0.182695	0.203079
-0.301296	-0.372701	0.877675
0.457183	0.12822	0.880081
0.27127	-0.0520709	0.961094
-0.0824582	-0.0301341	0.996139
0.701424	-0.59918	0.385991
-0.217104	0.559916	0.7996
-0.55517	-0.422108	0.716667
-0.0508277	-0.37756	0.924589
-0.0108419	0.490642	0.871294
0.521455	-0.709892	0.473432
-0.0332955	0.0315974	0.998946
0.179732	-0.411371	0.893572
-0.270616	0.138301	0.952701
0.855061	0.166772	0.490976
-0.014324	0.0667309	0.997668
0.411967	-0.639511	0.649083
-0.235084	0.38151	0.893972
-0.287325	0.644804	0.708288
-0.333653	-0.115135	0.935639
0.288207	0.316224	0.903847
0.37447	-0.328767	0.866997
0.229275	-0.326885	0.916831
0.623862	-0.0480952	0.780053
0.252418	-0.158908	0.954481
-0.397857	0.247767	0.883358
-0.227907	-0.453912	0.861407
-0.0432622	0.149662	0.98779
0.138041	0.0471925	0.989302
-0.525571	0.584814	0.617874
0.426309	0.90413	0.0284729
0.173881	-0.0964587	0.980031
-0.11529	0.552755	0.825331
-0.148413	0.794164	0.589302
0.407169	-0.476452	0.779235
-0.498174	0.723967	0.477173
-0.764688	0.119953	0.633137
-0.826502	-0.152415	0.541908
-0.262141	0.0807519	0.961645
0.462684	-0.267102	0.845328
-0.63705	-0.703895	0.314166
-0.340265	0.360072	0.868659
0.679089	0.642837	0.354398
-0.237436	0.0825181	0.967892
0.0810728	0.144867	0.986124
0.0869303	-0.317519	0.944259
0.210396	0.158814	0.96463
0.48342	-0.32041	0.814642
0.259373	0.274734	0.925876
-0.343123	-0.578189	0.740246
0.00242557	-0.621026	0.783786
0.308228	-0.242902	0.919779
0.783378	-0.598826	0.166513
0.515954	0.253026	0.818394
0.242942	-0.287738	0.926383
-0.124653	0.211241	0.969453
0.0759989	-0.0444376	0.996117
-0.554967	0.101052	0.825712
-0.209693	-0.257369	0.943287
0.774531	0.109545	0.622978
-0.00125307	0.148308	0.98894
0.0470227	0.49758	0.866142
0.275183	-0.0822152	0.95787
-0.210757	0.0551855	0.97598
0.120243	0.0457628	0.991689
-0.512708	-0.0262408	0.858162
0.325672	0.778082	0.537147
0.152867	-0.3131	0.937337
0.314447	-0.321419	0.893204
-0.135164	0.180885	0.974172
0.339271	0.154462	0.927921
0.623602	-0.345361	0.701317
0.213633	-0.20672	0.954792
-0.00247384	-0.914459	0.40467
0.0435592	-0.192025	0.980423
-0.547811	0.143664	0.824175
-0.0644375	-0.229078	0.971273
-0.0223998	-0.617563	0.786202
-0.0234413	-0.213061	0.976758
-0.707501	0.0425282	0.705432
0.230553	-0.415576	0.879853
-0.458029	-0.620177	0.63686
-0.171961	-0.0468171	0.983991
-0.0172667	-0.00318303	0.999846
-0.0288619	0.411018	0.91117
0.171079	-0.0109695	0.985196
-0.0248458	0.761651	0.647511
0.241151	0.671594	0.700576
0.522315	-0.238565	0.818703
0.394385	-0.689399	0.60761
0.29367	0.442735	0.847197
-0.179969	0.588213	0.788427
-0.168142	-0.420584	0.891536
0.125848	0.342852	0.930922
0.333724	0.193091	0.922683
0.401199	0.044021	0.914933
-0.4197	-0.550308	0.721812
0.559607	0.82848	0.0214847
0.198098	0.552337	0.809741
0.349268	0.532026	0.771336
0.411566	0.373277	0.831431
-0.00878822	-0.224757	0.974375
-0.755389	0.136403	0.640922
-0.934698	0.115664	0.336098
-0.275464	0.49933	0.821455
-0.0827088	0.837475	0.54018
-0.0868721	0.661408	0.744978
0.262024	0.696682	0.667816
-0.420833	-0.205181	0.883629
0.216079	-0.276865	0.936299
0.188733	-0.00374345	0.982021
0.104265	0.206777	0.972817
-0.427298	-0.0727446	0.901179
0.36857	0.360683	0.856775
0.643831	-0.140737	0.752114
0.297789	-0.27311	0.914731
-0.249358	0.527141	0.812368
-0.000299006	-0.573632	0.819113
0.335966	-0.435292	0.835253
-0.261483	0.378486	0.887905
0.0536887	0.282389	0.957796
0.0211219	0.279965	0.959778
0.361375	0.799253	0.480212
0.312093	-0.20402	0.927887
0.273577	-0.278272	0.920717
-0.0163651	0.0654775	0.99772
0.164126	-0.0930136	0.982044
0.54705	-0.143698	0.824674
-0.212574	0.301736	0.929391
-0.239717	-0.589254	0.771567
0.66615	0.627131	0.403672
-0.418777	0.908087	0.00197379
-0.7822	0.607578	0.137887
0.138987	0.11141	0.984007
-0.00666559	0.206992	0.97832
-0.191419	-0.807695	0.557662
0.0451428	-0.552751	0.832123
0.0813134	0.0697671	0.994244
-0.334271	-0.311659	0.889456
-0.535843	-0.628935	0.563305
0.213741	0.0330129	0.976332
0.252966	0.112107	0.960958
0.306301	-0.894702	0.325095
0.374575	0.597171	0.709281
-0.358469	0.213055	0.908905
0.0403143	0.208225	0.97725
-0.684021	0.687916	0.242666
-0.228861	-0.378423	0.896894
0.0135911	-0.0431335	0.998977
-0.237463	0.545948	0.803463
0.467165	0.397488	0.789785
-0.216177	-0.484936	0.847411
-0.353271	0.258141	0.899201
-0.250583	0.661922	0.706447
0.325363	0.224598	0.918529
0.1791	-0.402744	0.897619
0.364603	0.070637	0.92848
-0.238048	-0.261927	0.935268
0.53095	0.307913	0.789482
-0.0894349	-0.550637	0.82994
-0.417607	0.409365	0.811187
0.113102	-0.328284	0.937783
-0.188488	0.375545	0.907435
0.631428	-0.255845	0.732013
0.157692	0.828373	0.537523
-0.238188	0.291728	0.92637
0.447609	-0.122957	0.885736
0.33847	-0.117217	0.933648
-0.377196	-0.374862	0.846877
0.202414	-0.320254	0.925455
0.0649152	0.247227	0.966781
0.251659	0.200856	0.946744
-0.249958	0.216973	0.943633
-0.517202	-0.2167	0.827975
-0.182744	-0.0426652	0.982234
-0.286275	-0.191315	0.938853
-0.0123707	0.0807039	0.996661
-0.19191	-0.0350379	0.980787
-0.413159	0.33271	0.847705
-0.470094	0.0764339	0.879301
0.68395	-0.000280103	0.729529
-0.310282	0.719631	0.621173
-0.578159	-0.288211	0.763326
0.500779	0.611569	0.612538
-0.754532	-0.291142	0.588148
-0.195421	0.385552	0.901754
-0.318999	0.531082	0.784979
0.294607	0.0822005	0.952077
0.179776	-0.0716097	0.981098
-0.21105	-0.622431	0.753683
0.148201	-0.112385	0.982551
-0.5567	-0.228816	0.798579
0.360433	0.796575	0.485342
-0.214368	-0.707193	0.673739
-0.137603	-0.149557	0.979131
-0.635741	-0.271592	0.722545
0.224084	0.134582	0.965233
0.132423	-0.027791	0.990804
-0.446276	-0.0369584	0.894132
0.377237	-0.0587737	0.92425
0.0857547	-0.332685	0.939131
-0.40477	-0.377168	0.83301
0.121209	0.672067	0.730502
-0.0928138	0.399018	0.912234
0.352247	-0.347971	0.868814
0.250473	-0.0718334	0.965455
0.271577	0.161033	0.948849
0.0201656	-0.147673	0.988831
-0.502102	0.274489	0.820091
-0.676839	-0.328501	0.658769
0.287668	0.22146	0.931774
0.0105263	-0.409133	0.912414
0.032759	-0.097882	0.994659
0.500069	-0.189812	0.844927
0.439766	0.0070571	0.898085
-0.504122	-0.215463	0.836323
-0.0371323	-0.0414123	0.998452
-0.198711	-0.0849802	0.976367
0.260521	0.028261	0.965055
0.367089	0.0453382	0.92908
0.261658	-0.223372	0.938957
-0.0524965	-0.143858	0.988205
-0.382913	0.411209	0.827215
0.0721562	0.484818	0.871634
0.0969954	0.514712	0.851859
-0.534772	0.208964	0.818751
0.393847	-0.363931	0.844061
0.0829808	-0.114578	0.989942
0.170502	0.0778548	0.982277
0.0630127	0.033367	0.997455
0.12803	0.137154	0.982241
0.61945	-0.0219192	0.78473
0.0139521	-0.313691	0.949423
-0.387111	-0.0606786	0.920034
-0.10476	-0.417724	0.902514
0.564532	0.213799	0.797241
0.405675	0.337663	0.84936
-0.0683098	0.757232	0.649564
-0.209011	-0.354314	0.911469
-0.350274	0.318593	0.880799
0.0267583	0.272892	0.961672
-0.18488	-0.301287	0.935439
0.0786502	0.0394987	0.996119
-0.265297	-0.532373	0.803864
-0.451295	0.405226	0.795063
0.347064	0.146974	0.926253
0.0234604	-0.177279	0.983881
0.194215	0.363397	0.911166
0.348365	0.387153	0.853671
0.73734	-0.310192	0.600092
0.449047	-0.256508	0.855897
0.419789	0.129867	0.898283
0.27331	-0.40863	0.870818
-0.74362	0.169555	0.646746
-0.761974	0.23051	0.605194
0.283937	-0.165095	0.944523
-0.343156	0.744935	0.572116
-0.237714	0.00376516	0.971328
0.489305	-0.211986	0.845957
0.0571002	-0.510504	0.857978
-0.0361763	0.273204	0.961276
-0.749724	0.111779	0.652242
0.243335	0.277654	0.929353
0.172393	0.0225382	0.98477
0.023092	-0.24421	0.969447
0.497236	0.78681	0.365632
0.315696	-0.483706	0.816312
-0.432732	-0.134928	0.891368
0.203426	0.756219	0.621893
-0.18732	0.12244	0.974638
-0.0314168	-0.01093	0.999447
0.0950751	-0.25824	0.961391
0.370362	0.265431	0.890156
-0.0546825	-0.481886	0.874526
-0.270433	0.144797	0.951788
-0.0745633	0.33166	0.940448
-0.230577	0.089305	0.968947
0.177604	0.0967124	0.979338
0.156003	0.554639	0.817336
-0.369226	0.640087	0.673766
-0.269038	0.369085	0.889604
-0.39741	0.178841	0.900045
0.338139	0.355983	0.87117
-0.102063	-0.27872	0.954934
-0.355066	0.187399	0.915866
-0.00683758	0.0826638	0.996554
-0.778073	0.0423361	0.626745
0.0383659	-0.144529	0.988757
-0.0363867	0.037402	0.998638
-0.0586089	-0.567163	0.821517
-0.504895	-0.0424032	0.862139
0.0388471	-0.214238	0.976009
0.331908	-0.12247	0.935328
-0.33467	0.170176	0.926842
-0.487429	0.113456	0.86576
-0.112068	0.279526	0.953575
0.492001	0.58693	0.642999
-0.544005	-0.0300993	0.838542
0.450744	0.738521	0.501414
-0.322441	0.154071	0.933967
-0.384792	-0.28747	0.877095
-0.237179	0.292853	0.926274
-0.609745	0.0364793	0.791758
0.199211	0.422904	0.884006
0.0712733	0.0800691	0.994238
0.0297267	-0.437975	0.898495
-0.59624	0.309013	0.740951
-0.486344	-0.85957	0.156869
0.302566	0.313837	0.899978
-0.108313	0.690129	0.715535
0.540543	0.799956	0.260545
-0.140083	0.154797	0.977965
0.0954716	0.0854899	0.991754
0.251241	-0.192317	0.948626
0.653101	-0.339258	0.677025
-0.427415	-0.435347	0.792332
-0.307866	-0.208811	0.928233
0.151043	-0.125486	0.98053
-0.76237	0.368209	0.532178
-0.424285	-0.159793	0.891318
-0.430307	-0.357308	0.828955
0.189673	0.489677	0.851023
0.454312	0.286143	0.843637
-0.0892632	0.309403	0.946732
-0.137603	-0.234534	0.96232
-0.416761	0.582367	0.697968
0.367134	-0.173058	0.913927
-0.296406	-0.283041	0.912157
0.429693	0.336442	0.837956
0.907157	0.208202	0.365674
0.149677	0.396287	0.905844
0.0149578	-0.122556	0.992349
0.0580692	0.121541	0.990886
0.147989	-0.310849	0.938868
0.167212	0.0684008	0.983545
0.344787	-0.336939	0.876124
0.339711	-0.293539	0.89355
-0.404922	-0.156114	0.900926
0.144072	0.126581	0.981438
-0.664697	-0.247244	0.705017
-0.457497	-0.642757	0.61446
-0.221585	0.455356	0.862294
-0.452221	-0.21442	0.865748
-0.607004	-0.763147	0.221706
-0.272779	0.394459	0.877493
-0.360362	-0.243943	0.900351
-0.526432	-0.187326	0.829324
0.269858	-0.125167	0.95473
0.285716	0.206863	0.935721
0.101656	0.0503836	0.993543
0.567747	-0.478744	0.669677
0.0419276	0.553225	0.831976
-0.315798	-0.236841	0.918792
0.440575	0.249813	0.862257
-0.0265172	0.109158	0.993671
-0.223791	0.557992	0.799101
0.0332099	0.0185492	0.999276
0.159832	-0.664763	0.729756
0.463873	0.371061	0.804447
0.0816973	-0.17379	0.981388
0.108337	0.267599	0.95742
-0.0186862	0.302825	0.952863
0.0324819	-0.318646	0.947317
-0.000555656	0.372554	0.92801
0.201105	-0.180396	0.962816
-0.14843	-0.120031	0.981612
-0.338022	-0.0971174	0.936114
0.141728	-0.507582	0.849867
-0.32793	0.00826282	0.944666
-0.220971	0.223863	0.94924
-0.604935	0.323296	0.727691
-0.676597	0.490531	0.549177
0.782495	0.253738	0.568611
-0.427839	-0.586108	0.688063
-0.21509	-0.139838	0.966531
-0.0782827	-0.73428	0.674317
0.378892	0.0790847	0.922055
0.159055	0.448337	0.8796
0.252149	0.254829	0.933533
0.810124	0.499845	0.306355
0.107988	0.342567	0.933267
-0.262267	0.392318	0.881648
0.609881	-0.396651	0.686085
0.552142	-0.512943	0.657289
0.403443	0.585624	0.703049
-0.399362	0.415625	0.81717
0.437561	-0.351725	0.827544
0.00385826	-0.489998	0.871715
-0.24155	-0.399917	0.884149
0.450949	-0.156235	0.87877
-0.2787	0.786498	0.551132
0.480407	-0.213856	0.850573
0.820613	-0.20811	0.532245
0.281766	-0.170484	0.944216
0.603234	-0.330742	0.725754
-0.182348	-0.5776	0.795693
0.311006	-0.315275	0.896592
0.460075	0.437693	0.7725
0.473605	-0.238219	0.847909
-0.2954	-0.22352	0.928858
0.0353686	-0.213855	0.976225
0.402808	-0.341398	0.849231
0.13427	0.0992115	0.985966
0.462284	-0.142401	0.875223
0.263368	0.519817	0.812667
0.117121	-0.3163	0.941402
-0.123827	-0.0626858	0.990322
0.0765875	-0.112918	0.990648
-0.132602	0.169523	0.976565
0.134707	0.438708	0.888476
-0.152111	0.13456	0.979161
0.760246	-0.117598	0.638903
0.0545046	-0.367794	0.928309
-0.0238265	0.567699	0.822891
0.116041	-0.0892243	0.989229
0.151612	0.164961	0.974578
-0.437638	-0.187848	0.87931
-0.13997	-0.0500076	0.988892
-0.18574	0.118545	0.975422
0.0458715	-0.0685339	0.996594
-0.268349	-0.0267659	0.96295
-0.108759	0.306928	0.945498
0.171515	-0.0997496	0.980119
-0.371678	0.0372258	0.927615
0.635094	0.164375	0.754742
-0.321134	-0.628792	0.708162
0.752896	0.159098	0.63862
0.0787437	-0.0854158	0.993229
-0.221291	0.233406	0.946864
0.185265	0.390762	0.901655
0.962658	0.0299958	0.269055
-0.0480208	-0.163401	0.98539
-0.000417423	-0.453332	0.891341
0.136226	0.153772	0.978671
0.240927	-0.0823025	0.967047
0.347974	0.264493	0.89942
-0.289564	0.47891	0.828733
0.448013	-0.44368	0.776165
-0.0363047	0.260958	0.964667
-0.221624	0.158271	0.962202
0.0357002	0.364124	0.930666
0.194023	-0.468572	0.861856
0.377689	0.0687778	0.923375
0.621467	0.137798	0.771227
0.71546	-0.283381	0.638601
0.228232	0.57806	0.783426
0.0425918	-0.021719	0.998856
0.424005	-0.510733	0.747911
0.0590049	0.0657829	0.996088
-0.267806	0.137898	0.953553
-0.27816	0.00890251	0.960493
0.589757	-0.50217	0.632465
0.24068	-0.167169	0.9561
0.115245	-0.644488	0.75588
0.823731	-0.0438071	0.565286
-0.124348	-0.534512	0.835963
-0.145516	-0.153744	0.977337
0.0537396	-0.354198	0.933625
0.415057	-0.527676	0.741138
0.684535	-0.549889	0.478575
-0.405834	0.112224	0.907031
-0.0983715	-0.273979	0.956692
0.0894187	-0.0476634	0.994853
-0.564863	-0.205323	0.799233
-0.479201	0.266113	0.836391
0.131918	-0.768257	0.626402
-0.218207	-0.357285	0.908148
-0.605439	0.0985985	0.789761
0.209749	0.311243	0.926894
-0.227991	0.0601372	0.971804
-0.161518	-0.0686551	0.984479
-0.0639371	0.275916	0.959053
-0.180453	0.0590336	0.98181
0.776421	-0.083552	0.624652
-0.43311	0.0522209	0.899827
0.0392971	0.446537	0.893902
0.460912	0.09821	0.881995
0.692052	-0.313179	0.650371
0.135953	0.273371	0.952253
-0.263355	0.284269	0.921865
0.296782	-0.0991314	0.949786
0.258897	-0.0625553	0.963877
0.528199	0.320251	0.786413
0.468741	0.193821	0.861809
0.556549	-0.345185	0.755712
-0.406918	0.552724	0.727265
0.371556	-0.00567995	0.928393
0.136326	-0.56167	0.816053
0.159115	0.315033	0.935648
0.298712	0.0673224	0.951966
-0.474712	-0.0688777	0.877442
-0.558941	-0.590982	0.581657
0.208423	0.458587	0.863862
-0.481113	-0.201457	0.853197
-0.790886	0.179786	0.584958
-0.0878504	0.0554538	0.994589
0.291002	-0.58613	0.756154
0.0225098	0.335813	0.94166
-0.375954	-0.825082	0.421781
-0.183975	-0.6115	0.769559
0.0830626	0.301944	0.9497
-0.640161	0.142446	0.754919
0.0456487	-0.357103	0.932949
0.254492	0.0872601	0.96313
0.250079	-0.696839	0.672217
-0.0741768	0.366549	0.927437
0.468299	-0.588277	0.659261
0.262971	-0.0709824	0.962189
-0.19408	-0.563552	0.802958
-0.186081	-0.109621	0.9764
0.297853	0.458806	0.837127
0.628133	0.406137	0.663703
-0.0658427	0.280894	0.957478
0.358838	0.0968793	0.928359
0.703371	-0.0155996	0.710652
0.397341	0.348	0.849126
-0.576952	-0.222181	0.785978
0.0519311	-0.152061	0.987006
0.0406463	0.0463026	0.9981
0.312079	0.166453	0.935361
0.34031	-0.289511	0.894636
0.0762992	0.596277	0.799145
0.146309	0.175335	0.973577
-0.571022	-0.0562988	0.819002
-0.334563	0.229295	0.914052
-0.119527	0.690489	0.713399
0.42251	-0.115058	0.899025
0.352667	0.238805	0.904764
0.18739	0.415425	0.890116
0.106091	0.0642484	0.992279
-0.0975453	0.661049	0.743975
0.330475	0.334835	0.882424
-0.286816	0.374442	0.881777
-0.281249	0.176974	0.943175
0.0949365	-0.184856	0.978169
0.616594	-0.0240762	0.786913
0.34146	-0.452596	0.823749
-0.216263	-0.362183	0.906672
0.509056	0.0837586	0.856648
0.00433396	0.228248	0.973593
0.682009	0.448261	0.577863
0.304553	0.018695	0.952312
0.511164	-0.358231	0.781269
0.191148	-0.0735709	0.9788
0.498123	-0.565339	0.657469
-0.0571054	-0.331671	0.941665
0.614263	0.253459	0.747288
-0.144082	0.220589	0.964666
0.217883	-0.0175868	0.975816
-0.136753	0.468697	0.872709
0.146126	0.346398	0.926637
-0.110233	0.622963	0.774445
-0.587053	0.534983	0.607587
-0.285172	0.12364	0.950468
-0.37918	0.0133152	0.925227
-0.042621	-0.351776	0.935113
0.141915	0.424884	0.894055
-0.210449	-0.039627	0.976801
-0.211618	0.0968657	0.97254
0.563946	0.129213	0.81564
0.468149	-0.559305	0.684116
-0.0714069	0.0543848	0.995964
0.277232	-0.075623	0.957822
0.405947	0.442688	0.799521
0.330991	0.844859	0.420307
-0.195404	-0.517086	0.83333
0.347271	0.0499357	0.936434
-0.10426	-0.228204	0.968015
-0.115913	-0.354661	0.927782
-0.0910727	0.390152	0.916236
-0.348656	0.176811	0.920422
0.604743	0.155837	0.781026
0.190987	-0.345403	0.918815
0.177964	-0.45998	0.869912
0.315611	-0.597615	0.737052
0.624949	-0.156859	0.764744
-0.430138	-0.0306217	0.902244
0.189229	-0.0497411	0.980672
0.065057	0.625137	0.777799
0.54149	0.434059	0.719987
0.0801438	-0.341921	0.936305
0.605102	-0.29068	0.741186
0.00496641	0.147772	0.989009
0.126033	0.392215	0.911199
0.221811	-0.560765	0.797711
-0.178178	-0.139791	0.974018
0.627544	0.210124	0.749691
0.642491	0.523792	0.559328
-0.670096	0.0653182	0.739395
0.117075	-0.523718	0.843809
0.630942	-0.429766	0.645921
-0.449327	-0.449207	0.772217
0.00230511	0.59115	0.806558
0.177092	0.501709	0.846715
-0.0213586	-0.175747	0.984204
-0.620773	0.0294117	0.783439
-0.522295	0.305255	0.796259
0.785537	-0.458848	0.415199
-0.217032	-0.572997	0.790298
0.141898	-0.0243134	0.989583
0.280939	-0.303931	0.910329
0.144757	-0.291042	0.945695
0.214965	0.236785	0.947482
0.254231	-0.511954	0.82053
0.659366	0.41181	0.629006
-0.236134	-0.5298	0.814588
-0.338907	0.211779	0.916674
0.461739	-0.436661	0.772091
0.0697514	0.237769	0.968814
-0.0720647	0.249158	0.965778
-0.0127385	-0.126448	0.991892
0.344471	-0.0665555	0.936435
-0.286199	0.0241976	0.957865
-0.280973	-0.682719	0.674499
-0.125025	-0.242721	0.962006
-0.236644	-0.487709	0.840321
-0.321327	0.0098941	0.946916
-0.426198	0.633678	0.645606
-0.118103	0.0513579	0.991672
0.225982	-0.00120681	0.974131
-0.188223	-0.195741	0.962423
0.0949366	-0.183306	0.978461
0.0651276	-0.0232009	0.997607
0.491757	-0.209908	0.845052
0.155979	0.360529	0.919614
-0.35423	0.814706	0.459102
-0.297837	0.337355	0.89302
-0.740888	0.00669689	0.671595
-0.160998	-0.525622	0.835345
-0.282732	-0.136217	0.949478
0.329175	-0.2669	0.905764
0.307314	0.245388	0.919425
-0.591378	0.123805	0.796834
0.604709	0.33457	0.722766
0.00338641	0.45675	0.889589
-0.140674	0.69818	0.701966
0.264583	0.313949	0.911829
0.0239892	-0.213402	0.97667
-0.311924	0.00131433	0.950106
0.185726	0.324321	0.927535
0.515121	0.236895	0.82373
-0.296233	0.0549271	0.953535
-0.0107928	0.0923348	0.99567
-0.193044	-0.713628	0.673401
-0.557456	0.0299993	0.829665
0.125843	-0.133229	0.983063
0.495241	0.253601	0.830917
0.341163	0.707393	0.619034
-0.198426	0.263863	0.94393
0.323444	0.21295	0.921974
0.234248	0.0677551	0.969813
-0.285839	-0.234521	0.929137
0.523509	0.109625	0.844938
0.0432349	-0.518266	0.854126
0.45741	0.345894	0.819228
0.191044	0.687407	0.700695
0.0149994	-0.12301	0.992292
-0.133126	-0.517091	0.845514
-0.0483414	0.0547362	0.99733
-0.0726313	0.229679	0.970553
-0.388574	0.00681598	0.921392
-0.0982111	0.353427	0.930293
-0.0481829	-0.361627	0.931077
-0.00923152	-0.0504318	0.998685
0.479166	0.197727	0.855163
-0.13721	-0.0885828	0.986573
-0.067808	-0.592651	0.8026
0.0135847	-0.059901	0.998112
0.202411	-0.309449	0.929124
-0.242414	0.00742478	0.970145
0.075642	-0.165566	0.983293
0.149914	0.31057	0.938654
0.0996118	-0.179263	0.978745
-0.327475	-0.229709	0.916512
-0.262075	0.13388	0.955716
-0.00657861	-0.514247	0.857617
-0.668731	0.0997475	0.736783
0.589047	-0.592739	0.549258
-0.289326	0.316319	0.903456
0.499598	0.173559	0.848692
-0.447672	-0.150157	0.8815
-0.123754	0.409103	0.904058
0.336846	0.284684	0.897491
0.0551446	-0.527058	0.848038
0.16827	-0.116999	0.978773
0.251636	0.218024	0.942945
-0.0226052	0.0766624	0.996801
0.225531	-0.198213	0.953859
0.954845	-0.106053	0.277533
-0.456895	0.514986	0.725284
-0.0255112	0.20694	0.978021
-0.114156	-0.195822	0.973972
-0.0596037	0.175534	0.982667
0.0768179	-0.109823	0.990978
-0.218716	-0.566437	0.794552
0.441709	-0.10599	0.890876
-0.478436	0.445465	0.756742
-0.24444	0.458798	0.854256
-0.89164	0.23295	0.388216
0.0910446	0.201153	0.97532
-0.131003	-0.0463837	0.990296
0.115323	-0.223973	0.967748
0.38897	-0.389152	0.835023
-0.848795	0.124772	0.513789
0.201313	-0.623634	0.75535
-0.00184422	0.1654	0.986225
-0.230147	-0.147983	0.961839
0.00878967	-0.471656	0.881739
-0.386636	0.265666	0.883139
0.538786	0.241451	0.8071
0.174713	0.0913892	0.980369
-0.415954	-0.167373	0.89385
-0.262919	0.548973	0.793412
-0.552034	0.403347	0.729774
0.0468379	-0.13157	0.9902
0.290273	0.121307	0.949224
0.23828	0.828021	0.507548
-0.490826	0.135242	0.860697
0.303653	0.00823642	0.952747
-0.0254629	-0.0600912	0.997868
0.218577	-0.321339	0.921393
0.093673	-0.418875	0.903199
-0.636342	0.29735	0.711795
0.549679	0.208301	0.808989
-0.44531	0.301779	0.842988
0.465305	0.548494	0.694726
-0.0703042	0.502991	0.861427
0.707507	0.0247529	0.706273
0.741544	0.278073	0.610563
-0.318215	0.0546752	0.946441
-0.00995685	-0.185854	0.982527
0.331834	0.234027	0.913848
0.451604	-0.059394	0.890239
0.0450342	0.332982	0.941857
0.0608885	-0.267522	0.961626
-0.234112	0.143936	0.961496
-0.418975	-0.428157	0.800713
0.0188299	0.0051307	0.99981
-0.310025	0.463284	0.830212
0.28641	0.335271	0.897531
0.048883	-0.229023	0.972193
-0.159775	0.553889	0.817116
-0.239106	0.758707	0.605963
-0.368897	0.204673	0.906655
0.542969	0.0599939	0.837607
-0.376082	-0.410913	0.83049
-0.208397	0.632649	0.745873
0.286427	-0.380676	0.87923
-0.350768	-0.350933	0.868221
0.409099	0.070351	0.909774
0.138894	0.339337	0.930354
-0.625893	0.0843889	0.77533
-0.555227	-0.181559	0.81164
-0.368491	0.657536	0.657161
-0.065925	0.77194	0.632268
-0.465349	0.372951	0.802719
-0.462493	0.121516	0.878256
-0.123789	-0.426804	0.895832
0.152475	0.241032	0.958465
-0.237236	0.0777354	0.968337
-0.0233825	0.80044	0.598957
-0.0258061	0.0944785	0.995192
-0.240575	0.0769053	0.967579
-0.279204	0.851432	0.44397
-0.0745337	-0.456562	0.886564
-0.394362	0.410908	0.821969
0.396503	0.365398	0.842182
0.284494	0.875492	0.39061
0.099648	0.506807	0.856281
0.358683	-0.536847	0.763637
0.655649	-0.0122818	0.754966
0.0631545	0.152701	0.986252
-0.377601	0.205532	0.90287
-0.168764	-0.222429	0.960231
-0.591572	0.0488714	0.80477
0.330836	-0.0429609	0.94271
0.123626	-0.0482225	0.991156
0.313476	0.287903	0.9049
0.0901793	-0.160023	0.982985
-0.773817	0.390348	0.498834
-0.225899	-0.514013	0.827503
-0.328599	-0.453822	0.828292
0.888226	-0.183812	0.421031
-0.13064	0.00766007	0.9914
-0.306821	-0.152883	0.939408
0.271717	0.619987	0.736061
-0.120647	0.415134	0.901725
0.341675	-0.18139	0.922147
-0.56252	-0.377196	0.735728
0.716071	0.464371	0.521155
0.126153	-0.290235	0.948604
0.421205	-0.194945	0.885767
-0.0344862	0.076161	0.996499
-0.25847	-0.540832	0.800434
0.570276	0.139863	0.809459
-0.407743	-0.0709298	0.910338
0.608618	0.690813	0.390335
-0.575872	-0.15128	0.803421
0.0253726	0.29879	0.953982
0.652697	0.319437	0.686984
0.0733221	-0.428005	0.900797
-0.563601	-0.801265	0.200822
-0.564233	0.0574431	0.823615
0.0845742	-0.478041	0.874256
-0.0369316	-0.131835	0.990584
-0.552541	-0.214939	0.805295
0.0928468	-0.57374	0.813758
0.269591	0.370518	0.88884
-0.251001	-0.0299094	0.967525
-0.383337	-0.14153	0.9127
-0.0420858	-0.381294	0.923495
-0.357352	0.17084	0.918212
-0.460083	-0.0334955	0.887244
-0.0135411	-0.654184	0.756214
-0.547344	0.27348	0.790963
-0.500533	0.3786	0.778543
-0.148713	0.22194	0.963653
-0.25307	0.182041	0.950166
-0.180356	-0.238067	0.954356
-0.600962	0.104762	0.792382
0.333482	0.221882	0.916274
-0.345184	-0.271302	0.898467
-0.325043	-0.661444	0.675899
-0.149045	0.380532	0.912678
-0.645058	-0.297511	0.703837
0.307774	0.0883536	0.947348
-0.469915	-0.542176	0.696581
-0.484602	0.735374	0.473695
-0.312685	-0.369544	0.875023
0.54825	-0.25839	0.795397
0.0131931	0.264023	0.964426
-0.209075	0.353581	0.911739
0.743044	0.325955	0.584499
0.213177	0.0456696	0.975946
0.216794	0.343796	0.913676
-0.446707	-0.233568	0.863654
0.113203	0.13233	0.98472
0.466556	-0.419013	0.778944
0.00260448	-0.263891	0.964549
0.22544	0.368875	0.901725
-0.478565	0.660623	0.578406
0.338811	0.301156	0.891354
0.285205	0.168913	0.943465
-0.147758	-0.16167	0.97572
0.00194923	0.0985168	0.995133
0.015398	-0.337934	0.941044
-0.174253	-0.310141	0.934585
-0.413565	0.501806	0.759707
0.295451	-0.261489	0.918875
-0.0462885	0.150601	0.98751
0.0504195	0.203846	0.977704
-0.696586	-0.264281	0.667026
0.370562	-0.636956	0.675997
-0.349302	-0.151606	0.924664
-0.480203	0.537511	0.693171
0.106696	-0.470688	0.875824
0.00730645	0.557976	0.829825
-0.392119	0.144156	0.908549
-0.894096	-0.0484976	0.445241
-0.681289	0.00338876	0.732007
-0.629352	0.339325	0.699124
-0.672593	0.492687	0.552158
-0.498818	-0.238436	0.833264
-0.0150911	0.689054	0.724553
-0.408355	-0.0939075	0.90798
-0.0269925	-0.112737	0.993258
-0.370039	0.20266	0.906642
0.416847	-0.0391935	0.908131
0.270547	-0.256329	0.927955
0.0331252	0.228343	0.973017
0.238234	0.307342	0.921296
0.597355	-0.166841	0.78443
0.00272439	-0.131447	0.991319
-0.619308	0.0475961	0.783704
0.0300679	0.21434	0.976296
-0.094906	-0.113096	0.989041
-0.304461	0.0670472	0.950162
-0.32803	-0.359806	0.873462
-0.468086	-0.00149997	0.883682
-0.312528	0.244662	0.91786
-0.400895	-0.0980115	0.910866
-0.0819362	-0.601964	0.794309
-0.270356	0.327867	0.905213
0.077561	0.377033	0.922947
0.526098	-0.361809	0.76962
-0.813419	-0.539358	0.217812
0.423829	0.430217	0.797046
0.0377547	-0.248988	0.96777
0.118258	0.178157	0.97687
-0.0279752	0.258356	0.965645
-0.383889	0.678495	0.626317
0.113837	-0.102891	0.988157
-0.539177	-0.36988	0.756623
0.0985416	0.796653	0.59635
0.594822	0.296945	0.747001
0.370973	-0.451253	0.811634
-0.227419	0.000748278	0.973797
0.14634	0.402428	0.903679
0.102688	-0.0594203	0.992937
-0.0808691	0.0526214	0.995335
-0.445744	0.277386	0.851099
0.753505	0.0601654	0.654684
-0.684612	0.399162	0.609898
-0.757628	0.204602	0.619789
-0.0876405	0.938494	0.333988
-0.0699781	0.228995	0.970909
-0.414531	-0.116142	0.902594
-0.260012	-0.0796912	0.962311
0.225598	0.187055	0.956094
-0.386753	-0.46162	0.798329
-0.0361283	-0.202394	0.978637
0.281328	0.477859	0.832169
0.0190473	0.416353	0.909004
0.0956682	0.0248133	0.995104
0.364452	0.233128	0.901569
0.42016	-0.230935	0.877573
-0.346283	0.272473	0.89769
-0.00442854	-0.0912979	0.995814
-0.137364	0.399233	0.906501
-0.478241	-0.331129	0.813412
0.629806	0.222098	0.744323
-0.0870685	0.0420696	0.995314
0.800872	0.475721	0.363722
-0.48456	0.295992	0.823159
0.227837	0.262262	0.937715
-0.768066	0.30745	0.561737
0.0417484	-0.432054	0.900881
-0.79551	0.0824472	0.600306
-0.871473	0.133094	0.472039
0.49213	0.497896	0.714079
0.0653435	-0.933327	0.353031
-0.246075	-0.540117	0.804811
-0.559545	0.335153	0.758012
-0.164387	0.055935	0.984809
-0.249755	0.374109	0.893121
-0.0866966	0.629	0.772556
-0.322299	-0.669841	0.668907
-0.316316	0.176906	0.932013
-0.0244416	-0.381692	0.923966
-0.446274	-0.577648	0.683493
-0.459662	-0.45981	0.759793
-0.252147	0.293767	0.922021
0.50688	0.373674	0.776814
-0.217873	-0.342764	0.913807
0.119284	-0.582748	0.803851
-0.379317	0.00139159	0.925266
-0.057727	0.115411	0.991639
-0.31458	0.54005	0.780631
-0.474614	0.262867	0.840025
-0.212565	0.380051	0.90021
0.378388	0.162248	0.911317
0.57706	0.115104	0.80855
0.538046	0.186201	0.822092
-0.305918	0.116599	0.944891
0.415448	0.289729	0.862241
0.0255392	0.493611	0.869308
0.0195644	0.162333	0.986542
-0.627695	0.768318	0.125246
0.628012	0.512886	0.585277
-0.0442085	0.579191	0.813992
-0.0565608	-0.138424	0.988757
-0.119842	-0.328689	0.936804
0.737573	-0.270051	0.618917
-0.160506	-0.106463	0.981276
-0.0545391	0.207797	0.97665
0.0338863	0.638079	0.769225
0.405315	0.714189	0.570662
0.424393	0.204675	0.882042
0.377271	0.109028	0.919663
0.662046	0.380117	0.645914
-0.260434	-0.5561	0.789257
-0.284362	-0.948616	0.138804
-0.510187	0.157851	0.845454
0.346074	0.32396	0.880501
0.294645	0.191385	0.936246
0.444572	-0.0599736	0.893733
0.0869814	-0.189241	0.978071
0.272764	0.369867	0.888143
0.453425	-0.180388	0.872849
-0.560831	-0.496467	0.662563
0.0516721	0.191976	0.980038
-0.440617	-0.274685	0.854637
-0.141495	0.23833	0.960822
0.347808	0.0137787	0.937464
-0.249723	0.410926	0.8768
0.0151347	-0.446924	0.894444
-0.0744592	0.181447	0.980578
-0.124462	-0.309435	0.94274
-0.0670787	0.32584	0.943042
0.336819	-0.108677	0.935277
-0.208373	0.0305863	0.977571
-0.1525	-0.302222	0.94096
0.0333721	0.0950882	0.994909
0.278475	-0.395285	0.875329
0.139385	0.344474	0.928391
-0.0494343	-0.233168	0.971179
0.158251	0.0934939	0.982963
0.420086	-0.0803389	0.903921
-0.0232895	-0.509829	0.85996
-0.374582	0.636656	0.67406
-0.251105	0.225382	0.941355
-0.0579237	-0.736639	0.673801
-0.202335	-0.0230023	0.979046
-0.12004	-0.466968	0.876089
0.374827	0.454599	0.807988
0.810382	-0.078293	0.580647
0.45194	0.0266579	0.89165
0.298346	-0.216105	0.929671
-0.78548	-0.322506	0.528215
-0.305793	-0.133992	0.942622
0.126265	-0.375114	0.918339
-0.130098	0.0754504	0.988626
0.11399	0.424645	0.898155
0.412087	0.415246	0.811021
-0.127956	0.554598	0.822222
-0.664848	0.241452	0.706879
-0.176636	-0.0870433	0.98042
0.0418781	0.0933166	0.994755
-0.138207	-0.621394	0.771212
-0.0920298	0.245105	0.965119
0.0415977	-0.334339	0.941534
-0.439339	0.0581315	0.896439
-0.0406037	0.202041	0.978535
-0.797874	0.339959	0.497819
-0.224477	0.242207	0.943899
-0.312085	-0.395871	0.863649
0.00114135	0.0369304	0.999317
0.669824	0.0232964	0.742155
0.231298	0.174735	0.957063
-0.637936	0.292263	0.712474
-0.084202	-0.382799	0.919986
-0.736902	0.384424	0.556052
0.118401	-0.395716	0.910709
0.30481	-0.259576	0.916358
0.752316	0.298697	0.587197
-0.274225	0.290077	0.916873
-0.21424	0.729911	0.6491
-0.0866588	0.860419	0.502165
0.0964116	0.601054	0.793372
-0.602562	0.357958	0.713292
-0.521905	-0.694766	0.49489
-0.254867	0.405834	0.877691
-0.452716	0.105556	0.885385
0.20054	0.702424	0.682923
0.191134	0.0807675	0.978235
0.127565	-0.0767915	0.988853
0.0171239	0.320036	0.94725
-0.223785	-0.0444612	0.973624
0.0917829	0.194022	0.976694
0.00862411	-0.174579	0.984605
-0.483491	0.203498	0.851366
0.105733	0.203407	0.973368
-0.315055	0.0419388	0.948146
-0.0858676	-0.00897498	0.996266
-0.374674	-0.266639	0.887988
-0.195095	0.072335	0.978113
0.423118	0.506666	0.751173
-0.0523077	0.708309	0.703962
0.506334	-0.200378	0.838734
0.387419	-0.00924867	0.921858
0.334526	0.356232	0.872463
-0.0388641	-0.763199	0.644993
0.491622	0.144156	0.858794
0.429198	0.360568	0.828118
-0.371838	-0.225484	0.900496
0.29075	0.0334065	0.956216
0.724463	0.631922	0.275369
-0.182562	0.459663	0.869127
0.0549992	-0.126621	0.990425
-0.496104	-0.353179	0.793187
-0.358667	0.128264	0.924611
-0.0053013	-0.0423761	0.999088
0.430193	0.12642	0.893841
0.0389895	0.453432	0.890438
-0.0585217	0.156411	0.985957
0.0618764	-0.338746	0.938841
0.710519	0.354572	0.607817
-0.278188	0.446916	0.850222
-0.031133	-0.125394	0.991618
0.00518654	0.261875	0.965088
0.937851	-0.0203097	0.346445
-0.155976	0.422396	0.89289
-0.281988	0.193579	0.939686
0.362011	-0.89011	0.27686
-0.393548	0.426272	0.814501
0.618323	0.322441	0.716735
0.0450049	0.145777	0.988293
0.578251	0.164725	0.799057
-0.24376	-0.0135067	0.969741
-0.321584	-0.351344	0.879284
-0.403868	0.16054	0.900621
-0.0054557	0.163009	0.986609
0.738249	-0.457741	0.495441
0.239487	0.634973	0.734476
0.351723	0.131133	0.926874
0.372616	-0.649614	0.66269
0.171245	0.800234	0.574718
0.185956	0.576313	0.795791
0.549054	0.047544	0.834434
-0.259876	0.0268744	0.965268
-0.680698	-0.578579	0.449329
-0.227869	-0.366434	0.90211
-0.423676	0.15031	0.893256
0.219795	0.126823	0.967267
-0.388241	0.508031	0.768878
0.488785	0.247796	0.836473
0.0958903	0.843525	0.528461
0.150255	0.558625	0.815697
-0.148133	0.810952	0.566051
-0.574716	0.181152	0.798051
0.242024	0.449814	0.859705
-0.041794	-0.396981	0.916875
0.119575	0.05262	0.99143
-0.490679	-0.229004	0.840709
0.473133	0.692277	0.544884
0.584642	-0.0331868	0.810613
0.340552	-0.361811	0.867823
0.641733	0.0223135	0.766603
-0.213366	0.0554842	0.975395
-0.110245	-0.434203	0.894044
-0.526685	0.607901	0.594188
-0.199399	0.0247624	0.979606
0.553513	0.445712	0.703537
0.799942	-0.192487	0.568368
0.00462756	-0.148048	0.988969
0.291461	0.0424435	0.955641
-0.29088	0.0818282	0.953254
0.0021624	-0.377859	0.925861
-0.197613	0.155171	0.967921
0.242142	-0.507014	0.827226
-0.649765	0.0683067	0.75706
-0.238701	-0.106639	0.96522
-0.507298	0.0342545	0.861089
0.343764	0.276583	0.897401
0.0344445	0.139706	0.989594
-0.193094	-0.28062	0.940195
0.0780826	-0.696306	0.713485
-0.16644	-0.149571	0.974642
0.255176	0.57394	0.778124
-0.270683	0.574346	0.772565
-0.0845849	-0.428146	0.899743
0.0921812	-0.786187	0.611075
-0.112476	-0.401857	0.908769
0.872617	0.125763	0.471936
0.622576	-0.191584	0.758745
-0.259906	-0.246101	0.933747
-0.111235	0.437963	0.892085
-0.02072	-0.496849	0.86759
-0.0924264	-0.556309	0.825819
-0.887538	-0.219456	0.405111
-0.55034	-0.111154	0.827509
0.261378	-0.451789	0.852976
-0.0251003	0.420864	0.906776
-0.396923	-0.208048	0.893962
0.550614	0.470409	0.689594
0.22916	0.106955	0.967495
-0.607789	-0.112865	0.786037
-0.129892	0.0651368	0.989386
-0.388553	0.31409	0.866241
-0.0274186	0.493616	0.869247
0.267551	0.440621	0.856896
-0.0951872	0.175559	0.979856
-0.391425	0.0259192	0.919845
0.586472	0.0760171	0.806394
0.0349883	0.121988	0.991915
-0.348127	-0.248969	0.903782
-0.207348	0.331475	0.920397
0.0410269	0.537888	0.842017
0.179333	0.317204	0.931247
0.140595	-0.0376788	0.98935
0.459358	-0.166584	0.87249
-0.863175	-0.0783195	0.498793
-0.368356	0.128376	0.920779
-0.0107944	-0.0107088	0.999884
-0.715026	0.433036	0.548833
-0.116013	-0.0301217	0.992791
0.136085	-0.0421678	0.989799
0.357371	-0.303004	0.883445
0.142958	-0.606694	0.781976
0.531372	-0.223472	0.817132
0.514526	0.30171	0.802642
-0.017206	0.423097	0.905921
-0.168804	-0.313178	0.934572
0.109193	0.785244	0.609483
0.857967	0.0903397	0.505698
0.086841	-0.133552	0.98723
0.452983	0.583603	0.673953
-0.0917784	0.209631	0.973464
0.517699	0.518151	0.680814
-0.30094	0.123384	0.945627
-0.0200697	0.299961	0.95374
0.194415	0.743561	0.63978
-0.243468	0.733231	0.634898
0.782765	-0.0321059	0.621489
-0.199884	-0.104342	0.974248
-0.0571775	0.384702	0.921268
-0.511016	-0.0225788	0.859275
0.405569	-0.244504	0.880756
-0.823564	0.393665	0.408376
0.560319	0.0263055	0.827859
0.795505	-0.416593	0.440024
-0.343729	0.318883	0.883269
0.839579	0.0572763	0.54021
0.0583063	-0.822151	0.566276
-0.0286072	-0.703488	0.710131
0.174121	-0.176213	0.96883
0.305178	-0.40502	0.861873
0.434891	-0.0515028	0.899009
0.690168	-0.261836	0.674618
0.0762506	0.106167	0.99142
-0.619467	-0.22415	0.752341
0.0791452	-0.279966	0.956742
0.0396844	0.0676474	0.99692
-0.315017	0.146998	0.937633
0.766554	0.528767	0.364418
0.433016	0.228332	0.871987
0.12186	0.330843	0.935785
0.585715	-0.0887931	0.805638
0.725417	-0.0253393	0.687843
-0.0528873	0.245759	0.967887
-0.312403	0.270227	0.910704
-0.608394	-0.173677	0.774398
0.0940883	0.498618	0.8617
-0.34265	-0.256814	0.90368
-0.254494	0.0117561	0.967003
-0.194151	0.236344	0.952075
0.459357	-0.344476	0.818736
0.88786	0.246584	0.38846
0.295223	0.241049	0.924521
-0.176144	0.196641	0.964524
0.233338	0.29716	0.925878
0.102511	-0.108015	0.98885
0.310307	-0.0446375	0.949588
0.667455	-0.443044	0.598512
0.437132	0.549719	0.711846
-0.0510871	0.0781079	0.995635
-0.116577	0.21825	0.968905
-0.110743	0.247606	0.962511
-0.830795	-0.20258	0.518402
0.472114	0.35399	0.807341
-0.62661	-0.44795	0.637731
0.0135424	-0.619964	0.784513
0.995883	0.0168596	0.0890614
-0.0414646	0.401559	0.914894
-0.351101	0.65905	0.665117
0.195839	0.763559	0.615325
-0.375287	-0.554448	0.742797
-0.405393	-0.272652	0.872535
0.811449	0.159682	0.562185
0.485499	0.353967	0.799373
0.288474	-0.888011	0.358077
0.463402	0.836214	0.293266
0.266708	-0.471022	0.840836
0.240758	0.594565	0.767156
-0.43915	0.26248	0.859216
0.330422	-0.0809504	0.940356
0.00600064	-0.15255	0.988278
0.212065	-0.211035	0.954197
0.0410067	-0.339159	0.939835
-0.302005	-0.0817864	0.949792
-0.363427	-0.363669	0.857709
0.0845912	0.527786	0.845155
0.192214	0.451601	0.871269
0.505727	0.156907	0.848304
0.375845	0.00434997	0.926672
-0.474168	-0.630299	0.614725
-0.849229	0.133407	0.510893
0.139548	0.0338306	0.989637
0.363527	-0.330492	0.87099
-0.0196613	0.796738	0.604005
0.268998	0.0817079	0.959669
-0.0162136	-0.0637665	0.997833
-0.54129	-0.430206	0.722445
-0.919346	-0.0364393	0.391758
-0.51122	-0.0331302	0.858811
-0.0451051	-0.0743761	0.99621
0.677371	0.0991993	0.728923
-0.344525	0.250398	0.904767
0.105451	-0.223446	0.968995
0.62348	-0.598949	0.502527
0.452655	0.0386853	0.890846
-0.578195	0.160372	0.799982
0.125458	0.201949	0.971328
-0.50243	-0.321408	0.802658
-0.678978	-0.242334	0.69301
0.272151	-0.10387	0.956632
-0.130806	0.364798	0.921852
0.533891	0.301435	0.789999
-0.247198	-0.586542	0.771273
-0.339165	0.218078	0.915101
0.0545724	0.476368	0.877551
-0.473605	-0.307803	0.8252
-0.18589	0.374438	0.908428
-0.250141	-0.568477	0.78375
-0.416523	-0.23096	0.879299
-0.335924	-0.121306	0.934045
0.271024	0.0947768	0.957895
0.113899	0.743203	0.6593
0.224777	0.457233	0.860473
0.615146	-0.202144	0.762059
-0.146925	0.255827	0.955492
0.139994	0.425788	0.893927
0.0735024	-0.171461	0.982445
0.491342	-0.870353	-0.0327032
0.33788	-0.592706	0.73112
-0.129593	0.251413	0.959165
0.20728	0.576385	0.790453
-0.372711	0.169007	0.912427
0.166516	-0.0375086	0.985325
-0.436947	-0.537747	0.721045
-0.169817	-0.398168	0.901457
0.241937	-0.440969	0.864299
-0.281379	-0.129382	0.950834
0.162053	0.192653	0.967793
-0.438378	0.300047	0.847229
-0.0392971	0.102356	0.993971
-0.624251	-0.294096	0.723753
-0.389921	-0.248152	0.886782
0.683097	-0.655671	0.321672
0.331116	-0.077335	0.940416
-0.0441401	0.37945	0.924159
0.0207185	0.240494	0.97043
0.0214902	0.585323	0.810515
0.325425	-0.180601	0.92816
-0.312079	0.348749	0.883731
0.000779952	0.286704	0.958019
0.678698	-0.0659601	0.73145
-0.0098974	-0.457491	0.889159
0.170484	0.0830368	0.981855
0.127647	0.415816	0.900446
0.0425513	-0.0992873	0.994149
0.14668	0.0581616	0.987473
-0.658906	0.14822	0.737478
-0.228261	-0.326559	0.9172
-0.129864	-0.437921	0.889585
0.444532	0.363063	0.818887
-0.701215	-0.275485	0.657576
-0.358381	0.0755351	0.930515
0.52898	-0.349804	0.773186
-0.389915	0.0881111	0.916626
0.00365779	0.589113	0.808043
-0.136414	-0.498005	0.856378
-0.483248	0.427851	0.763816
-0.453367	0.515635	0.727034
-0.400102	-0.564034	0.722346
0.238222	-0.0209102	0.970986
-0.187725	-0.0970251	0.977418
0.515411	0.181099	0.837589
-0.165165	-0.242443	0.956003
0.0299626	0.404147	0.914203
0.324828	0.0762281	0.942696
-0.00299572	0.29337	0.955994
-0.25218	0.103303	0.96215
-0.0903836	0.3386	0.936579
-0.370075	-0.535511	0.759126
-0.389006	-0.0929071	0.916538
-0.0144887	0.192511	0.981188
0.616652	0.367494	0.696196
0.121302	-0.2776	0.953008
-0.429255	-0.446391	0.785159
-0.0565848	0.439913	0.896256
-0.553077	-0.301249	0.776759
-0.47932	0.509409	0.714671
-0.0456583	0.60627	0.793947
0.189436	0.697858	0.690731
-0.111799	-0.381361	0.917641
-0.456802	-0.544165	0.703716
0.146999	0.513081	0.845659
-0.0560646	0.352393	0.934171
-0.341334	0.754899	0.560017
-0.0150978	0.56305	0.826285
-0.087227	0.450921	0.888292
-0.364054	-0.179851	0.913848
0.98811	-0.0628742	0.140308
0.0770822	-0.159868	0.984124
-0.534669	-0.781207	0.32225
0.240043	0.805229	0.542204
0.604722	-0.0913252	0.791183
-0.0287814	0.127413	0.991432
0.156193	0.105865	0.982037
-0.146166	0.447901	0.882055
-0.177826	-0.261735	0.948616
-0.221215	0.282748	0.933337
-0.786857	-0.271378	0.554266
0.144549	-0.59006	0.794314
-0.14111	0.306098	0.941484
0.104362	0.157705	0.981956
0.0147491	-0.112743	0.993515
-0.637259	0.0111011	0.77057
0.201396	-0.426558	0.881753
0.0496508	-0.6978	0.714569
0.321202	-0.352369	0.879014
0.161102	-0.254767	0.953488
0.247134	-0.812466	0.528037
0.233414	-0.63982	0.732222
-0.00176308	0.121943	0.992535
0.563445	0.0011208	0.826153
0.50652	0.0521813	0.860648
-0.124472	0.112697	0.985802
0.784495	-0.453541	0.422928
0.266262	0.222317	0.937912
0.343798	-0.195881	0.918387
-0.314598	-0.107839	0.943079
0.294073	-0.158668	0.942521
-0.00815873	-0.54818	0.83632
0.106795	-0.149965	0.982907
-0.218624	0.303366	0.927455
-0.145353	-0.570529	0.808312
0.585378	-0.736198	0.339625
-0.171114	-0.645432	0.744404
-0.229718	0.670901	0.705068
0.357971	-0.762792	0.538521
-0.392469	-0.457957	0.797649
0.332675	0.242156	0.911421
-0.00604545	0.120753	0.992664
-0.603238	0.0208389	0.797289
-0.802496	-0.254722	0.539552
0.0829181	0.378996	0.921676
-0.114716	-0.47856	0.870529
-0.274839	0.254204	0.927278
0.0788931	0.0476019	0.995746
-0.383023	-0.41358	0.825981
0.0755697	0.237505	0.968442
0.270066	0.550874	0.789685
-0.384535	0.450603	0.805661
-0.300707	-0.0667742	0.951376
0.326539	0.302083	0.895611
-0.108792	0.303285	0.946669
-0.337738	-0.61453	0.712942
0.0698021	0.164425	0.983917
-0.428142	0.213438	0.878145
-0.023748	-0.0271148	0.99935
0.0980542	-0.190036	0.976868
0.322943	0.56789	0.757106
0.215056	0.266261	0.939604
0.510913	-0.429889	0.744421
-0.257558	0.238761	0.9363
0.31492	0.025048	0.948788
0.170457	0.0737021	0.982605
0.238943	0.321172	0.916381
0.488166	-0.109519	0.865852
-0.24559	0.658901	0.71101
0.377729	-0.0123734	0.925833
-0.260016	0.109766	0.959345
-0.0954791	0.281069	0.954926
-0.434119	0.414336	0.799916
0.151842	0.0584896	0.986673
0.0332797	0.277811	0.960059
0.201794	0.0311325	0.978933
0.106645	-0.0183956	0.994127
0.069001	0.356228	0.931848
0.254085	-0.643666	0.721897
-0.460857	0.0178634	0.887295
-0.482788	0.0329373	0.875117
0.734342	0.0909431	0.67266
-0.125034	-0.0676483	0.989844
-0.628305	-0.088615	0.772904
0.23786	-0.114125	0.964571
-0.583448	-0.214589	0.783288
-2.39574e-05	0.174536	0.984651
0.26332	0.131968	0.95564
0.29781	-0.262629	0.917788
0.168665	0.0847768	0.982021
-0.294174	-0.149408	0.944002
0.41547	-0.0548553	0.907951
-0.278115	-0.672625	0.685732
-0.107218	-0.341145	0.933876
0.328183	0.236354	0.914567
-0.330426	-0.0580081	0.942048
-0.0261943	0.481051	0.876301
0.373946	0.174299	0.910925
0.116174	-0.534047	0.837435
-0.723157	-0.203848	0.659917
-0.134439	-0.171979	0.975884
0.0788546	-0.687112	0.72226
-0.230178	-0.26702	0.935798
-0.71686	-0.0615873	0.694492
0.641974	0.55665	0.527266
0.436322	0.681091	0.587995
-0.304155	-0.200846	0.931209
-0.045437	-0.04351	0.998019
0.0372633	0.28795	0.95692
0.312403	-0.0701515	0.947356
-0.455084	-0.303189	0.837243
-0.303069	0.258594	0.917212
-0.524773	-0.231104	0.819271
-0.498615	0.699338	0.512162
0.547149	-0.043855	0.835885
-0.817693	0.087424	0.568978
0.537326	0.105607	0.836736
-0.819872	0.135319	0.556326
0.185162	0.0554154	0.981144
0.12387	-0.0991147	0.987336
0.297855	0.514588	0.804041
0.182556	-0.0792422	0.979997
0.593156	0.497384	0.633067
0.0950283	-0.111552	0.989205
-0.235985	0.240951	0.94141
0.364975	-0.0741686	0.928058
0.641441	-0.0668382	0.764255
-0.50456	-0.0822979	0.859445
-0.198088	0.255103	0.946406
-0.131506	-0.322064	0.93754
0.0867758	-0.409143	0.908335
0.299114	-0.392677	0.869675
-0.303249	0.284813	0.909352
-0.32045	0.261813	0.910366
0.0392949	0.258415	0.965235
-0.106185	0.0913619	0.99014
-0.0230435	0.642179	0.766208
0.442231	0.458656	0.770757
-0.35252	0.279649	0.893043
-0.215379	-0.734906	0.643059
0.0343933	-0.102315	0.994157
-0.32039	0.402195	0.857665
-0.100294	0.743612	0.661046
-0.0606881	-0.142515	0.98793
-0.715924	0.660463	0.226368
-0.465317	0.405688	0.786701
0.500452	0.56743	0.653889
0.727332	0.00785513	0.68624
-0.46647	0.241531	0.850922
0.212374	0.122583	0.969469
0.356546	0.124186	0.925988
-0.0166685	-0.0474385	0.998735
-0.233273	0.570021	0.787819
0.157222	-0.594531	0.788552
0.430133	-0.764538	-0.48007
0.164173	-0.286224	0.943993
0.352099	0.324969	0.877737
0.132779	-0.241099	0.961375
-0.0813988	-0.22556	0.970823
-0.28064	0.107923	0.953726
-0.17389	-0.870985	0.459508
0.408996	-0.693988	0.592539
-0.0291368	0.418588	0.907709
0.026436	-0.590278	0.806767
-0.166662	-0.225529	0.959875
0.298836	-0.378856	0.87588
0.0795265	-0.205811	0.975355
-0.477457	-0.276756	0.833931
-0.0804973	-0.181586	0.980075
0.37378	-0.359446	0.855036
-0.619184	-0.126428	0.775002
-0.524866	-0.223412	0.821342
0.619633	-0.110062	0.777136
-0.249976	0.199597	0.947456
-0.497334	-0.174915	0.849744
-0.126476	0.560899	0.818166
0.626354	-0.27886	0.727954
-0.424189	-0.503083	0.752975
0.00452806	-0.228801	0.973463
0.215481	0.360332	0.907595
-0.11349	0.471231	0.874678
0.122242	-0.596387	0.793335
-0.310393	-0.224497	0.923719
0.560475	0.301685	0.771268
-0.552475	-0.247699	0.795875
-0.117285	-0.216843	0.969135
-0.0769492	0.482522	0.872497
-0.293373	-0.346655	0.890934
0.639349	0.346345	0.686497
0.145022	0.95777	0.248283
-0.229238	0.0691533	0.970911
0.132272	0.528345	0.838663
-0.467664	-0.581422	0.665762
0.257159	0.140815	0.956055
-0.326334	0.25079	0.911378
-0.331888	0.0939555	0.938628
0.344456	0.298635	0.890038
-0.194923	0.614432	0.764512
0.0953683	0.0581122	0.993744
0.119084	0.094361	0.98839
0.700786	-0.141332	0.699231
0.321732	0.8696	0.374545
0.0794022	0.920288	0.3831
0.485626	0.0584193	0.872212
0.381689	-0.239519	0.892717
0.342286	-0.0613139	0.937593
-0.00538406	-0.424005	0.905644
0.702218	-0.646618	0.297952
0.12051	0.103713	0.98728
-0.1911	0.68761	0.700481
0.37307	-0.189767	0.908189
-0.878675	-0.0648168	0.472999
-0.45705	0.105561	0.883155
0.278788	-0.180203	0.943294
0.309298	-0.533203	0.787419
0.848604	0.417392	0.325046
-0.246272	0.284109	0.926624
-0.0784803	-0.2767	0.957746
0.329104	0.844307	0.422889
0.364376	0.476277	0.800244
0.364626	-0.448401	0.816078
-0.407568	0.48006	0.776808
0.399341	-0.0383028	0.916002
0.256214	-0.776918	0.57511
-0.380351	-0.402816	0.832509
-0.40876	-0.349274	0.843162
-0.291568	0.00960542	0.956502
-0.156025	-0.454014	0.877227
0.243014	0.59171	0.76865
-0.535285	-0.287285	0.794316
0.695749	-0.15281	0.701842
0.229427	-0.112106	0.966848
0.0263419	-0.628798	0.777122
-0.180808	0.142449	0.973148
0.288196	0.0780296	0.954387
-0.404771	0.548503	0.731645
0.303685	-0.37857	0.874334
0.115904	-0.3763	0.91922
0.0851451	0.35028	0.932767
0.311376	-0.372247	0.874344
-0.519812	0.38707	0.761559
0.0866086	0.0389653	0.99548
0.405423	0.639749	0.652957
-0.303149	0.47742	0.824725
-0.132997	-0.313644	0.94018
0.0223538	0.225345	0.974023
0.428665	-0.057285	0.901645
-0.227878	-0.457471	0.85953
0.298409	0.043482	0.953447
0.416912	-0.064721	0.90664
0.045172	0.0238882	0.998694
-0.0898298	-0.0821145	0.992566
0.204461	0.322737	0.924141
-0.0852647	0.12441	0.988561
-0.0847613	-0.218812	0.972079
0.140279	0.228457	0.963395
-0.159236	-0.00946799	0.987195
0.150277	-0.24091	0.958843
0.27458	0.409876	0.869832
-0.19101	-0.300576	0.934435
0.326506	0.0317312	0.944662
-0.546979	-0.283161	0.787803
-0.170482	-0.184562	0.967922
0.365452	-0.588725	0.721005
0.0266305	-0.0177389	0.999488
-0.352223	0.359853	0.86397
0.277809	0.775629	0.566765
-0.0956292	0.112315	0.98906
-0.725438	0.438023	0.530919
-0.155228	-0.0301581	0.987418
-0.262165	-0.490489	0.831077
-0.0259987	0.359279	0.932868
-0.369781	-0.464569	0.804635
0.0879511	-0.739252	0.667661
0.0664651	-0.0137257	0.997694
-0.30634	0.517328	0.799079
-0.19657	0.496075	0.845736
0.0722877	-0.652181	0.754609
0.00701526	-0.256341	0.966561
0.417799	0.0641007	0.906276
0.190821	-0.268043	0.94432
-0.216554	0.222261	0.950634
0.321916	0.0439531	0.945747
-0.232518	0.330778	0.914615
-0.178022	-0.0173308	0.983874
0.079963	-0.0606933	0.994948
0.485785	-0.215834	0.847012
-0.172844	-0.441975	0.880218
-0.0762825	0.595464	0.799752
0.203557	-0.639473	0.741377
0.0594706	0.305541	0.95032
-0.36245	0.476959	0.800712
0.131618	-0.202644	0.970367
0.436124	0.547522	0.714154
-0.0698405	-0.316627	0.945975
0.0790258	-0.211111	0.974262
0.509606	-0.126871	0.851002
-0.0659235	0.773667	0.630154
-0.430549	0.278019	0.858681
0.518192	0.108043	0.848412
0.447502	-0.408874	0.795339
0.477972	-0.189779	0.857629
0.314162	-0.337888	0.887206
0.265554	-0.129253	0.955392
0.454495	-0.212568	0.865014
0.155989	-0.367868	0.916701
-0.0115564	0.134649	0.990826
-0.0378456	0.177539	0.983386
-0.374952	0.197277	0.905811
0.490375	0.0838017	0.867473
0.317231	0.111952	0.941717
-0.32907	-0.175286	0.927894
0.259701	-0.471296	0.842873
-0.80201	0.0570003	0.594584
0.382096	0.272055	0.88317
-0.212344	-0.104235	0.97162
0.367106	0.558423	0.743906
-0.238712	0.0238651	0.970797
-0.0709889	-0.433996	0.898114
0.204093	0.0552295	0.977392
0.0666388	0.110741	0.991613
0.0814188	-0.48749	0.869324
0.301569	-0.0475629	0.952257
0.0790779	0.186429	0.979281
0.52646	-0.137219	0.839053
0.314113	-0.483213	0.817214
-0.14852	0.157355	0.97631
-0.0718101	0.281057	0.957001
-0.860483	0.157481	0.48453
-0.564324	0.331873	0.755909
-0.378703	0.663246	0.645514
0.271473	-0.0607742	0.960525
-0.108126	-0.398583	0.910736
-0.126365	-0.10951	0.985921
-0.24183	-0.024216	0.970016
0.543725	-0.401959	0.736744
-0.295881	0.092192	0.950765
-0.316113	0.0519781	0.947296
0.18082	-0.151924	0.971712
-0.116654	-0.425741	0.897294
-0.034773	-0.93334	0.357305
-0.0844517	0.410929	0.907747
0.296852	-0.0936001	0.950325
-0.0494686	0.0924182	0.994491
-0.0382379	-0.518169	0.854423
-0.0456377	0.113587	0.992479
0.117771	0.530401	0.839526
0.880478	-0.32708	0.343186
0.236971	0.057751	0.969799
-0.358018	-0.334519	0.871734
-0.169637	0.440085	0.881787
-0.0932709	0.0712645	0.993087
-0.267876	0.252314	0.929828
0.449703	0.309675	0.837776
0.100879	0.558587	0.823288
0.521015	-0.190642	0.831985
0.309043	-0.569662	0.761563
0.378091	-0.31364	0.871021
0.0747914	-0.29356	0.95301
-0.595138	-0.109404	0.796142
-0.112743	-0.114808	0.986969
-0.20278	-0.0420815	0.97832
-0.119145	-0.209892	0.970438
-0.263173	-0.142347	0.954189
0.0116512	0.109177	0.993954
-0.187163	-0.5763	0.795518
0.0216339	-0.054431	0.998283
0.289918	-0.607015	0.739919
0.00310928	0.207679	0.978192
-0.411668	0.495411	0.764916
0.335064	0.0505823	0.940837
0.580591	-0.198362	0.789662
0.339918	0.213189	0.915973
0.763006	0.137993	0.63149
0.202012	-0.265185	0.942798
0.587406	-0.0460247	0.807982
-0.292319	-0.204685	0.934159
-0.122695	0.339888	0.932428
0.584394	-0.477501	0.656107
-0.0241997	-0.318859	0.947493
-0.277746	-0.618024	0.735461
0.246535	-0.237378	0.939613
0.221489	-0.181854	0.958056
0.648182	0.121461	0.751736
0.323782	-0.108326	0.93991
0.326236	0.309833	0.89307
-0.57714	-0.00170501	0.816644
-0.178919	0.590929	0.786632
-0.0147622	0.0374562	0.999189
-0.625111	-0.207989	0.752314
-0.168138	0.307187	0.936678
-0.135498	0.167549	0.976508
-0.352299	-0.375143	0.857411
-0.665242	0.0427307	0.745404
-0.286805	-0.503468	0.815023
-0.0178054	0.435962	0.899789
-0.083524	0.226429	0.97044
-0.707515	0.417414	0.570252
0.160825	-0.206731	0.965089
-0.685684	-0.353099	0.636521
0.0962995	0.0341313	0.994767
0.574289	-0.487917	0.657365
-0.536485	0.40444	0.740684
0.0514375	-0.238692	0.969732
-0.092905	-0.406124	0.909083
-0.12639	0.0273746	0.991603
-0.00398366	0.285467	0.95838
-0.212879	-0.149074	0.965639
0.321516	-0.380586	0.867053
-0.342952	0.276524	0.897729
-0.260762	-0.0758368	0.96242
0.334169	-0.495464	0.801777
-0.395399	-0.112109	0.911642
-0.239323	-0.381835	0.892708
0.599784	0.132317	0.789146
0.164345	-0.436305	0.884663
0.458425	0.238431	0.856153
0.457831	0.13624	0.878538
0.649903	-0.407408	0.641596
-0.610809	0.397804	0.68459
-0.662766	-0.222422	0.715031
-0.0676015	0.223265	0.972411
0.109382	-0.316882	0.942137
0.316521	-0.453301	0.833266
0.37082	0.225142	0.901001
0.605272	0.592616	0.531462
0.0752728	0.83821	0.540128
-0.877957	-0.44944	0.164909
0.207092	0.270735	0.940115
0.556264	-0.357431	0.750209
0.150278	-0.133308	0.979615
0.130788	-0.475502	0.869938
-0.025059	0.206206	0.978188
-0.424606	-0.660567	0.619161
0.251068	-0.638677	0.727363
0.314802	-0.7666	0.559665
-0.00497098	-0.114853	0.99337
0.0430967	0.0287244	0.998658
0.230957	-0.304763	0.924001
0.462721	0.30068	0.833955
0.548771	-0.0613183	0.833721
0.597214	0.65407	0.464251
-0.340006	0.351746	0.872164
-0.076063	0.624832	0.777045
0.0593285	0.486316	0.871766
-0.0972983	-0.355344	0.929658
0.233374	0.131914	0.963398
0.0519587	-0.481543	0.874881
-0.615662	0.0917533	0.78265
0.26917	0.381558	0.884286
-0.0511519	0.430146	0.901309
0.254284	0.0612943	0.965185
0.0116813	0.23442	0.972065
0.191671	0.88552	0.423222
0.195319	-0.257801	0.94625
-0.60075	0.623343	0.500543
0.499384	-0.381355	0.777935
0.144307	0.435911	0.888345
0.602286	0.0679107	0.795386
-0.404519	0.197688	0.892908
-0.397809	0.123122	0.909169
0.294232	-0.704338	0.646015
-0.933226	0.230321	0.275755
0.137493	-0.247997	0.958954
0.135667	0.738352	0.660629
0.264466	0.483997	0.834149
0.312303	0.39905	0.862106
-0.928704	-0.0934559	0.358853
0.25616	-0.204419	0.944772
-0.0903521	0.0935135	0.99151
0.638883	-0.17569	0.748974
0.0807728	0.0518933	0.995381
-0.452291	0.554139	0.698829
0.159587	0.338962	0.927166
-0.00623602	0.501459	0.865159
-0.659216	0.347244	0.666975
0.138517	0.301318	0.943409
-0.658273	-0.0749987	0.749034
-0.578878	-0.277404	0.766777
-0.401689	-0.43783	0.804333
0.661446	-0.489803	0.567964
0.228841	0.656389	0.718878
-0.155701	-0.222586	0.9624
0.507034	0.205628	0.837039
-0.0563668	-0.258155	0.964458
0.238349	0.0241988	0.970878
0.176979	0.320484	0.930574
0.202538	-0.297264	0.933066
-0.641153	0.244127	0.727547
-0.325907	-0.0618816	0.943375
0.199461	-0.495344	0.845488
-0.310494	-0.609958	0.729071
-0.589913	0.0323694	0.806818
0.0938732	0.309109	0.946382
0.415455	0.358657	0.83592
-0.460994	0.114726	0.879956
0.619652	-0.160148	0.768365
-0.110186	-0.424578	0.898662
0.0464931	-0.57057	0.819932
-0.105333	0.198387	0.974447
0.358105	-0.632673	0.686648
-0.314619	0.0195137	0.949017
-0.286556	0.338563	0.896248
-0.403838	-0.750833	0.522651
0.169388	-0.0569118	0.983905
-0.0614766	0.430403	0.900541
0.00741641	0.331757	0.943336
0.0409307	-0.284798	0.957713
-0.510488	-0.0928646	0.854856
0.551246	0.478332	0.683613
-0.290631	-0.267904	0.918564
0.0894137	0.455718	0.885622
-0.160674	0.160911	0.973803
0.0714966	0.121829	0.989973
0.357656	-0.249699	0.899851
0.538425	-0.25448	0.80333
0.359619	-0.177057	0.916147
0.416373	0.533889	0.735932
0.378882	-0.675298	0.632788
0.209921	0.121468	0.970144
-0.0582913	0.445714	0.893276
0.262445	0.226068	0.938092
0.539385	-0.48803	0.686215
0.455781	-0.187215	0.87018
-0.139886	-0.0744318	0.987366
-0.0879562	-0.370566	0.924632
0.21907	0.000571634	0.975709
0.453384	-0.230828	0.860907
-0.0620244	0.228653	0.97153
-0.556554	-0.335184	0.760197
0.565626	-0.0636552	0.822202
0.1238	0.503921	0.854831
-0.502118	-0.162864	0.849325
-0.454247	-0.321648	0.830784
0.122867	0.150869	0.980889
0.161008	-0.215185	0.963209
0.0232317	-0.0662712	0.997531
0.131794	-0.167091	0.977093
0.656483	0.61826	0.432186
-0.387121	0.332905	0.859832
0.509367	0.537534	0.672014
-0.430293	-0.0579447	0.900827
0.115367	0.0950988	0.98876
0.608363	-0.326683	0.723306
-0.303805	0.405627	0.862073
-0.643131	0.557164	0.525311
-0.400763	0.156429	0.902729
-0.288198	0.0257687	0.957224
0.115454	0.452235	0.884394
-0.24825	-0.339053	0.907422
0.157003	-0.52258	0.83801
-0.106179	0.469521	0.876514
-0.903019	-0.174919	0.392378
-0.00235814	-0.386568	0.922258
-0.269876	-0.275715	0.922577
-0.221155	-0.671767	0.706979
-0.389126	-0.800622	0.455615
0.414217	0.456115	0.787644
-0.388095	-0.0756601	0.918508
-0.390169	0.103893	0.914863
0.125201	0.0583024	0.990417
0.107059	-0.108469	0.988318
-0.0725033	-0.658173	0.749367
-0.604945	0.00250094	0.796264
0.32852	-0.0700876	0.941893
-0.494086	-0.0933632	0.864385
0.524649	-0.440296	0.728618
0.340406	0.445992	0.827777
-0.0724048	-0.235669	0.969132
0.172398	-0.0931926	0.980609
0.441477	0.405887	0.800221
0.145204	0.258194	0.955119
-0.0229897	0.774056	0.6327
0.710618	0.00307171	0.703571
0.22381	-0.242243	0.944048
-0.149481	0.944451	0.29269
0.278234	-0.214851	0.936176
-0.242265	-0.0967952	0.96537
0.195528	0.203428	0.959367
0.123963	0.587089	0.799975
-0.487707	-0.303231	0.818653
0.623562	-0.00243342	0.78177
0.124378	-0.00602352	0.992217
-0.347564	0.261608	0.900422
-0.583747	-0.270751	0.765463
-0.323385	0.0234337	0.945977
0.335671	-0.130403	0.93291
0.0695722	-0.499462	0.863538
-0.282225	0.405411	0.869477
-0.0394351	0.0971463	0.994489
0.152199	-0.0257528	0.988014
-0.191122	-0.347003	0.918184
-0.59002	-0.523062	0.615047
-0.243828	-0.526033	0.814762
0.062959	0.473025	0.878797
0.179726	-0.343593	0.92176
-0.238364	0.175352	0.955214
-0.334476	0.346987	0.8762
0.500407	0.271208	0.822216
-0.616948	-0.228971	0.752959
-0.230011	-0.119608	0.96581
-0.637696	0.149862	0.755569
-0.165872	0.616485	0.769696
-0.184526	0.370654	0.910256
-0.0653639	-0.0852197	0.994216
0.321589	0.786483	0.527282
-0.3565	-0.37975	0.853638
0.246206	-0.391754	0.886516
-0.257625	-0.27425	0.926508
-0.522808	-0.332671	0.784858
-0.172237	-0.545598	0.820157
0.105341	-0.279712	0.954288
-0.110967	0.176659	0.977997
-0.437937	-0.341968	0.831426
0.453365	-0.655441	0.604034
0.068857	-0.0997448	0.992628
0.142376	0.289938	0.946396
0.305204	0.164218	0.938021
-0.629857	-0.172399	0.757336
0.348794	-0.254855	0.901882
-0.35354	-0.00103461	0.935419
-0.439364	-0.205778	0.874423
-0.220941	0.535015	0.815441
-0.0248449	0.071953	0.997099
0.293795	-0.224622	0.929101
-0.190398	0.0766952	0.978707
0.0272655	-0.366928	0.92985
-0.732427	-0.00617607	0.680818
0.067372	0.596164	0.800031
0.265437	0.0101093	0.964075
0.352199	-0.269795	0.896196
0.213165	-0.209375	0.954318
0.506904	-0.429296	0.747498
-0.030638	-0.423189	0.905523
0.420699	-0.216731	0.880931
0.436423	-0.158823	0.885613
-0.17921	0.464224	0.867398
-0.111544	0.207539	0.971846
0.176983	-0.269942	0.946472
-0.516571	-0.180721	0.836955
-0.193733	-0.772744	0.604429
0.583494	0.205687	0.785638
-0.522976	0.345022	0.779395
0.375457	-0.049486	0.925518
-0.266742	-0.249872	0.930813
-0.27023	-0.315882	0.909502
-0.0393232	-0.473034	0.880166
-0.0895135	-0.142815	0.985693
-0.415911	-0.174665	0.892474
-0.0818281	-0.353501	0.931848
-0.635105	-0.506714	0.582994
-0.192465	-0.275711	0.941775
-0.302181	-0.767384	0.565517
0.21199	-0.111178	0.970927
-0.139804	0.182606	0.973196
-0.191751	0.223641	0.955624
-0.224606	-0.00367712	0.974443
-0.660351	0.0897492	0.745575
0.617605	-0.248638	0.746152
0.107161	-0.63805	0.762501
-0.334593	0.463491	0.820502
-0.348492	0.057522	0.935545
-0.092527	0.122453	0.988152
-0.0227832	-0.489893	0.871485
-0.533085	0.198723	0.822393
-0.0994748	-0.0141501	0.994939
-0.0162465	-0.453649	0.891032
0.246127	0.0331652	0.96867
-0.2899	-0.331982	0.897634
0.179869	0.374315	0.90969
0.312785	0.038281	0.949052
-0.429893	0.41896	0.799791
0.33387	-0.51357	0.790428
0.11178	0.414788	0.903026
-0.442203	0.226435	0.867861
-0.0575573	0.309429	0.949179
-0.37747	-0.337506	0.862326
-0.0104527	-0.335986	0.941809
-0.36762	-0.0549188	0.928353
-0.583266	0.36584	0.725232
-0.771481	0.377783	0.511954
0.0363228	0.598287	0.800458
-0.257922	-0.563348	0.78493
-0.39517	0.0733173	0.915678
0.138886	0.18508	0.97286
-0.123566	-0.0408471	0.991495
0.0214741	-0.461068	0.887105
-0.25562	-0.24111	0.936229
0.466301	-0.198566	0.862053
-0.180167	-0.797187	0.576223
-0.118951	-0.162287	0.979548
0.228503	-0.724649	0.650131
0.0485275	-0.895145	0.443125
-0.57658	-0.358554	0.734163
0.198865	-0.332744	0.92181
0.682341	0.12214	0.720759
0.358055	-0.0841012	0.929905
0.543296	-0.268615	0.795409
-0.256145	-0.206385	0.944349
-0.263201	-0.329942	0.906567
0.0964915	0.235555	0.967059
0.0982103	-0.520153	0.848408
-0.514782	-0.810678	0.278927
-0.828072	-0.0320209	0.559707
0.71034	0.0490283	0.702149
-0.0666198	-0.10514	0.992223
-0.124261	-0.291571	0.948444
-0.525723	-0.591949	0.610911
0.533771	0.726061	0.433501
0.0727733	0.0441103	0.996373
-0.234782	-0.17439	0.956277
0.0458308	0.332603	0.941953
-0.0154882	0.713637	0.700345
0.418285	-0.352634	0.837071
0.014997	-0.679672	0.733363
0.125256	0.289799	0.948856
0.0642756	0.321102	0.944861
0.244058	0.261083	0.933955
-0.25673	-0.367995	0.893683
-0.715154	0.559215	0.419324
-0.318245	-0.0689561	0.945497
0.208742	0.0632233	0.975925
0.152661	-0.502741	0.85085
0.378844	-0.0732345	0.922558
0.493992	0.0343647	0.868787
-0.0956061	-0.0242223	0.995124
0.440795	-0.353149	0.825218
-0.248012	-0.0129309	0.968671
0.198183	-0.485381	0.851545
0.605631	-0.0336675	0.795033
0.456615	-0.267622	0.848458
-0.257968	-0.331329	0.907564
0.129946	-0.349639	0.927829
-0.27436	-0.241697	0.930757
0.256274	-0.23968	0.936417
-0.732982	-0.16326	0.660366
-0.170976	-0.352241	0.920159
-0.277309	-0.0416703	0.959877
0.136511	-0.440338	0.887394
-0.393617	0.135793	0.90919
-0.359288	0.00133587	0.933226
-0.45815	0.205995	0.864676
-0.584743	0.601333	0.544494
-0.279897	0.682515	0.675153
0.375195	-0.502953	0.778631
0.242324	0.4543	0.857258
0.364003	0.281008	0.887996
0.267576	-0.606195	0.748953
0.0938869	0.438051	0.894034
-0.574931	0.173946	0.799498
0.444162	-0.59803	0.667143
-0.250103	-0.567805	0.784249
-0.135336	0.219434	0.966195
0.0829842	-0.504508	0.85941
0.663687	-0.7335	0.146621
-0.50816	0.498095	0.70262
-0.0717367	0.534181	0.842321
0.183631	-0.204443	0.9615
-0.0314824	0.0824084	0.996101
-0.417244	0.16314	0.894032
0.497523	0.376842	0.78132
-0.492433	-0.301095	0.81661
-0.11244	0.289325	0.950604
0.0927021	0.0182844	0.995526
-0.263525	0.142487	0.954071
-0.22175	-0.115386	0.968252
-0.0188631	-0.596155	0.802648
-0.154057	-0.404308	0.901555
0.100803	-0.432836	0.895819
0.14896	0.283888	0.947216
0.271155	0.181147	0.945336
-0.1137	-0.488067	0.865369
-0.123	0.28679	0.950065
0.575758	-0.378363	0.724806
-0.517204	-0.405986	0.753442
0.363192	-0.219064	0.905595
-0.0553533	0.0674863	0.996184
-0.20371	-0.764894	0.611097
0.220939	0.658533	0.719389
0.188404	0.00881869	0.982052
0.183411	-0.175799	0.967189
-0.213534	-0.233346	0.948658
0.282029	0.487286	0.826446
-0.805088	0.424973	0.413801
0.184107	0.743254	0.643178
-0.326478	0.921876	0.208702
-0.186643	-0.546181	0.816609
0.416452	-0.473338	0.77622
-0.714346	-0.470108	0.51837
-0.359302	-0.739679	0.569014
-0.118607	0.355435	0.927145
-0.083799	-0.0242307	0.996188
-0.118972	0.483877	0.867011
-0.222266	0.103119	0.969518
0.591154	0.446518	0.671684
-0.11039	0.518687	0.847807
0.174191	0.066583	0.982458
-0.199847	0.347533	0.916123
-0.361039	-0.136784	0.922465
-0.174743	0.232874	0.956679
-0.299886	-0.262657	0.917104
0.0315828	0.271365	0.961958
-0.0349137	0.632723	0.773591
0.176854	-0.883871	0.433007
0.0211788	0.161404	0.986661
0.234571	-0.133908	0.962832
0.614935	0.253643	0.746673
0.694751	0.0173833	0.71904
-0.29899	0.503378	0.810688
-0.710626	-0.0534215	0.701539
0.877152	-0.305521	0.370489
-0.263193	0.332825	0.905515
-0.372004	0.120542	0.920371
-0.193116	-0.00801033	0.981143
-0.0843451	0.286413	0.954386
-0.224323	-0.586042	0.77861
0.0830322	-0.179543	0.98024
0.247413	-0.367943	0.896329
0.121546	0.479656	0.868997
0.481067	-0.667946	0.567823
0.16062	0.573566	0.803258
0.315229	-0.0922835	0.944518
0.573623	0.674846	0.464262
0.37093	0.0122528	0.92858
0.234041	0.0889848	0.968146
-0.540715	0.52525	0.657069
0.175879	-0.196889	0.964521
-0.255488	-0.797948	0.545899
-0.344	-0.216233	0.913733
-0.145717	-0.593197	0.79176
-0.451408	0.131386	0.882592
-0.234129	-0.590851	0.772062
0.381146	0.285656	0.879277
-0.604802	0.248366	0.756657
-0.00649993	-0.187034	0.982332
0.351146	-0.529989	0.771886
-0.451808	0.36866	0.812379
-0.349004	-0.161157	0.92316
0.218639	0.544929	0.809475
0.576531	-0.132613	0.806242
-0.422278	-0.160085	0.892219
-0.333249	0.765214	0.550811
0.508079	-0.0382412	0.860461
0.356201	0.247894	0.900927
0.110764	0.257267	0.959972
0.775891	-0.235955	0.585081
0.76772	-0.182789	0.614162
-0.270672	-0.325143	0.906101
-0.442706	-0.755408	0.483084
0.217441	-0.218079	0.951399
-0.102404	0.432851	0.89563
-0.331572	0.511597	0.792672
0.806295	0.12471	0.578218
0.698958	0.190449	0.689338
-0.0330191	0.715853	0.697469
-0.275641	-0.738467	0.615377
0.502963	-0.273058	0.820041
-0.511655	0.301985	0.804372
-0.606906	0.42576	0.671113
-0.600887	0.40494	0.689172
-0.49415	0.134588	0.858896
-0.593427	-0.191014	0.781894
-0.328331	0.558646	0.761651
0.318288	0.161293	0.934172
-0.241709	0.0736953	0.967546
-0.48161	-0.0411149	0.875421
-0.212111	0.111376	0.970878
-0.58954	0.466129	0.659672
-0.478536	-0.27716	0.833178
-0.314409	0.5905	0.743274
0.0133098	0.0787161	0.996808
-0.517549	0.180477	0.836404
-0.0689513	0.0238076	0.997336
0.368166	0.249874	0.895554
-0.204205	0.252377	0.945836
-0.69482	0.379852	0.610686
0.500596	0.499895	0.70676
0.504	0.303177	0.808744
-0.299644	-0.19247	0.934435
-0.414446	-0.131391	0.900539
-0.64444	0.220561	0.732154
-0.593818	-0.394886	0.701032
-0.131579	-0.0755304	0.988424
0.295394	0.504644	0.81122
-0.466863	0.0294421	0.88384
0.22678	-0.0088785	0.973906
-0.472724	0.172263	0.864209
-0.087955	0.503684	0.859399
-0.333892	0.537607	0.77427
-0.628915	-0.330759	0.703608
0.20212	-0.143903	0.968731
-0.303533	0.165092	0.93841
0.65839	0.105806	0.745203
-0.649531	-0.415561	0.636726
-0.33048	0.0654919	0.941538
-0.462327	-0.0128115	0.886617
-0.24902	0.593342	0.765463
-0.174921	-0.0690123	0.982161
0.0527267	-0.0831749	0.995139
-0.195884	0.0387969	0.979859
0.145728	-0.174718	0.973775
-0.78929	0.00946035	0.613947
-0.0953804	-0.0441865	0.99446
-0.285814	-0.825341	0.486953
0.66278	-0.189125	0.724537
-0.690277	-0.356801	0.629453
-0.146267	-0.184127	0.971958
-0.0145958	0.393689	0.919128
-0.142092	-0.0196413	0.989659
0.101321	-0.125279	0.986934
-0.453014	-0.0282457	0.891056
-0.402605	0.426771	0.8098
-0.266695	-0.373791	0.888343
-0.53987	-0.448868	0.71208
0.227634	-0.313186	0.922007
-0.0967705	0.282589	0.954348
-0.215304	0.143326	0.965972
-0.309302	0.0192955	0.950768
-0.367268	0.00102688	0.930114
0.297231	0.211249	0.931143
0.136136	0.00273647	0.990686
0.275437	-0.376534	0.884509
-0.50928	-0.177078	0.842186
0.281555	0.38797	0.877614
-0.0809324	0.324153	0.942537
-0.0354859	0.436908	0.898806
-0.548721	0.103422	0.829583
-0.15952	-0.216129	0.963245
0.301568	0.912672	0.275839
-0.295963	0.931658	0.21076
-0.280522	0.374871	0.883617
-0.166571	0.15374	0.97397
0.165752	-0.369159	0.914466
-0.604305	0.476667	0.638439
0.227406	-0.547709	0.805171
0.0318027	0.549219	0.835073
0.389811	-0.643794	0.658465
0.174834	0.0808194	0.981275
0.410259	0.0785722	0.908578
0.308167	-0.335109	0.890357
-0.0359846	-0.0320299	0.998839
0.160026	-0.283939	0.945394
0.483966	-0.205602	0.850591
-0.151382	-0.78161	0.605119
-0.586733	-0.286387	0.757448
-0.468656	-0.274759	0.839564
0.187939	0.123431	0.974394
0.709418	-0.501293	0.49541
-0.132257	-0.520461	0.843581
0.216121	-0.217523	0.951827
0.28927	0.321211	0.901747
-0.318089	0.270286	0.908716
0.46938	0.178644	0.864736
-0.200482	0.520718	0.829855
-0.0971391	-0.148999	0.984054
-0.231345	0.00992466	0.972821
0.181729	0.404142	0.896462
-0.045394	-0.0320037	0.998456
-0.603023	0.280727	0.746696
-0.206672	-0.0854823	0.974669
0.0965298	0.315733	0.943925
-0.36522	0.25227	0.896088
-0.473458	0.497041	0.727178
0.692055	0.150546	0.705971
-0.520845	0.0443961	0.852496
-0.793962	-0.180182	0.580655
0.340827	0.0612742	0.938127
0.270792	0.875373	0.400492
-0.247976	0.526654	0.813107
0.281263	0.264389	0.922491
0.48848	0.228281	0.842185
0.0961149	-0.283255	0.954216
0.162039	0.571927	0.804141
-0.288965	-0.0458174	0.956243
0.601906	-0.354607	0.715515
0.175644	-0.737909	0.651643
0.171636	0.0905385	0.980991
-0.131082	-0.221568	0.966294
0.255718	0.344316	0.903357
-0.161839	0.0023006	0.986814
0.705381	0.356439	0.61269
-0.756191	0.410281	0.50975
-0.292217	-0.309014	0.905052
0.510182	-0.74113	0.436395
0.175207	-0.108015	0.978588
-0.496006	-0.0449789	0.867154
-0.549517	-0.493107	0.674445
0.362504	0.290654	0.885501
0.419932	-0.121322	0.89941
-0.408602	0.0465202	0.911526
0.385333	0.474547	0.791406
-0.363437	-0.225823	0.903835
0.212841	-0.16232	0.96351
0.649743	0.426788	0.629036
0.564899	0.525027	0.636581
0.538938	0.29941	0.787337
-0.247437	-0.454095	0.855905
-0.0429211	-0.342871	0.938401
0.174727	-0.539566	0.823614
0.313057	-0.36706	0.875935
-0.556465	-0.631586	0.539857
-0.235629	0.723404	0.648973
0.414984	0.0186046	0.909638
0.291423	0.118798	0.949189
-0.0756987	-0.45312	0.88823
-0.258278	-0.477961	0.839551
-0.0598356	0.233122	0.970605
-0.515455	-0.1003	0.851027
-0.229214	0.830569	0.507558
0.425622	-0.108934	0.89832
-0.468817	-0.00610351	0.883274
0.298709	0.120639	0.946688
-0.0420774	-0.499038	0.865558
-0.0665318	-0.120386	0.990495
0.123733	-0.371903	0.919988
-0.609507	0.414316	0.675902
-0.649162	-0.758389	0.0586083
-0.437392	-0.249059	0.864093
0.540388	0.0787853	0.83772
0.146972	-0.274963	0.950155
-0.324661	0.153595	0.933276
-0.446113	-0.00947984	0.894926
0.0836093	0.566832	0.819579
-0.0294814	0.7759	0.630167
-0.935866	-0.168165	0.309639
0.628344	-0.668347	0.398116
0.230701	0.0931945	0.968551
0.59529	0.410597	0.690681
-0.185801	-0.0297891	0.982136
0.0445489	0.454319	0.889725
0.447705	-0.3955	0.80196
-0.146858	-0.230751	0.961866
0.111451	-0.308021	0.944829
-0.502007	0.388097	0.772897
0.0633812	0.297484	0.952621
0.179736	0.273573	0.944909
-0.222953	0.115334	0.967983
0.396501	-0.200881	0.895787
-0.210469	0.0861546	0.973797
0.344178	-0.246744	0.905902
0.0984859	0.105759	0.989503
0.608349	0.17938	0.773133
-0.425824	-0.24221	0.871784
-0.782869	-0.372829	0.498111
0.547728	-0.27077	0.791629
0.409411	-0.386078	0.826636
0.280038	-0.147944	0.948521
0.123439	-0.540032	0.832543
0.522263	0.592175	0.613653
0.0859693	-0.25045	0.964305
-0.107948	-0.657015	0.746109
0.745534	-0.0692742	0.662857
-0.102883	-0.278334	0.954958
-0.189641	-0.0183069	0.981683
0.366733	-0.214571	0.905244
0.556671	-0.5097	0.655991
0.0865545	0.280393	0.955975
0.418165	0.245686	0.874515
-0.45682	-0.520722	0.721224
-0.641478	0.661945	0.387731
0.430984	-0.280028	0.857809
0.0667995	0.398581	0.914697
-0.371311	0.183017	0.910293
0.290432	-0.141945	0.946309
0.44311	-0.220972	0.868807
0.415411	0.121655	0.901462
-0.371005	0.419649	0.828402
0.169806	-0.650922	0.73991
0.0686366	0.37211	0.925648
-0.0977722	-0.288115	0.952591
-0.497125	-0.217446	0.839991
0.219612	0.0680385	0.973212
-0.000932644	-0.569636	0.821896
0.546751	0.702937	0.45491
0.281938	-0.535152	0.796319
0.213327	-0.107234	0.971078
-0.501352	-0.422336	0.755168
-0.0515702	0.31803	0.946677
0.102503	-0.0821459	0.991335
-0.102125	-0.601078	0.792638
0.399746	-0.288956	0.86989
-0.0659245	-0.0451473	0.996803
-0.472308	-0.133298	0.871296
-0.0342416	-0.212681	0.976522
-0.00221407	0.217956	0.975956
-0.162362	0.419846	0.892955
-0.0346201	-0.0803961	0.996162
0.66109	-0.0495224	0.748671
-0.491676	-0.0925963	0.865841
-0.334127	-0.263656	0.904901
-0.312326	0.0885638	0.945838
-0.0114912	0.157735	0.987415
-0.564214	0.439626	0.69885
0.264188	-0.690805	0.673048
0.685959	-0.159806	0.709875
0.437837	-0.816267	0.376837
0.215279	0.451978	0.865662
0.391015	-0.0284957	0.919943
-0.24781	-0.111626	0.962357
-0.479933	-0.607623	0.632818
0.706184	0.0643406	0.705099
0.379582	0.577306	0.722935
0.611352	-0.330334	0.719116
-0.406678	-0.223892	0.885712
-0.164152	-0.532178	0.830566
-0.183232	0.275984	0.943535
-0.501631	-0.648427	0.572633
-0.452812	-0.551142	0.700859
0.695555	-0.107505	0.710384
-0.462421	-0.56019	0.687281
0.0670156	0.479128	0.875183
-0.354744	-0.242586	0.902945
0.221804	0.640415	0.735304
-0.1833	0.749981	0.635554
-0.00179161	-0.126532	0.991961
0.344407	0.338034	0.875852
0.629815	0.256646	0.733121
0.520055	-0.353069	0.777744
0.00698963	-0.21816	0.975888
0.2348	-0.790018	0.566339
-0.198261	-0.270989	0.941943
0.423451	0.353085	0.834278
-0.979193	0.13692	0.149779
0.180117	0.269212	0.946088
0.388014	-0.420043	0.820372
0.869542	-0.240801	0.431174
0.129752	-0.130493	0.982922
0.311288	-0.50034	0.807936
-0.208178	-0.759963	0.615726
0.140833	0.197742	0.970085
0.439017	0.683357	0.583341
0.341369	-0.906921	0.246902
-0.170486	0.399721	0.900643
0.362184	0.0711885	0.929384
0.363088	0.494089	0.789964
-0.875018	-0.241599	0.419492
0.298906	-0.23553	0.92476
-0.255608	-0.243521	0.935608
-0.23666	-0.297472	0.924934
-0.189951	0.825178	0.531977
0.612874	0.0753413	0.78658
0.127479	0.329023	0.935678
0.13052	0.272273	0.953327
0.398482	-0.196941	0.895782
-0.368068	-0.437633	0.820368
0.363282	-0.823268	0.436183
0.010336	0.276094	0.961075
0.41193	0.20883	0.886963
-0.50147	-0.141963	0.853449
-0.646635	-0.224797	0.728924
0.00315127	-0.316405	0.948619
-0.223565	0.473701	0.851837
0.795351	-0.567982	0.21169
-0.161127	-0.218698	0.962397
0.161973	0.182125	0.969843
0.15097	-0.0359644	0.987884
-0.30284	-0.415727	0.857589
0.431452	-0.000332592	0.902136
-0.29993	-0.173237	0.9381
0.545184	-0.366878	0.753774
0.466204	0.251792	0.848089
0.223521	0.621744	0.750649
-0.594156	-0.232958	0.769876
-0.113071	0.235396	0.9653
0.636741	-0.107333	0.763571
-0.179907	-0.832805	0.523516
-0.309758	-0.771464	0.555782
0.370014	0.501246	0.782203
0.437521	-0.347818	0.829216
-0.43681	0.656864	0.614594
0.483587	-0.281646	0.828746
0.637403	-0.438787	0.633391
-0.010863	0.341149	0.939946
0.0680928	0.353615	0.932909
-0.0168579	0.173862	0.984626
0.157902	-0.512224	0.844212
-0.0249285	-0.770647	0.636774
-0.171095	0.216334	0.961211
-0.299868	-0.676073	0.673056
0.590036	-0.0579424	0.805295
-0.762774	-0.0964905	0.639426
0.115246	-0.825982	0.55179
0.25429	0.382741	0.88817
0.47007	-0.447222	0.760938
-0.248495	-0.0263385	0.968275
-0.244242	0.855931	0.455772
-0.0741277	-0.208035	0.975308
-0.515626	-0.143508	0.84471
-0.693333	-0.46394	0.551406
0.303076	-0.472306	0.827691
0.322414	0.439068	0.838611
0.239362	0.691405	0.681664
-0.159321	-0.284449	0.94536
0.194648	-0.225032	0.954711
0.675095	-0.72987	0.107412
0.648714	0.265263	0.713306
-0.301802	0.890521	-0.340424
0.266452	0.350651	0.897801
-0.761505	-0.40608	0.505181
0.823841	0.509581	0.248219
0.0620668	0.121627	0.990633
0.42173	0.287414	0.859963
0.640069	0.177687	0.747488
-0.207398	0.733856	0.646871
0.806548	-0.187857	0.560527
0.242972	-0.842886	0.480111
-0.0215765	-0.479285	0.877394
0.749085	0.53168	0.395207
-0.717439	0.34628	0.604459
0.574511	-0.71691	0.394941
-0.171808	0.192036	0.966232
-0.177525	-0.353889	0.918285
-0.468605	0.671155	0.574421
-0.671491	0.0214152	0.740703
-0.0771332	0.996881	0.0166823
-0.147931	-0.256146	0.955252
0.153827	-0.367153	0.917352
-0.70501	-0.209913	0.677419
-0.388443	0.226587	0.89318
0.3642	0.558543	0.745244
-0.0924725	-0.517387	0.850741
-0.0542714	0.305214	0.950736
0.111157	-0.804508	0.583448
0.3935	-0.678932	0.619846
0.0966446	-0.336256	0.936799
0.110681	-0.213638	0.970623
-0.0451707	0.479344	0.876464
0.553778	0.0693315	0.829773
0.0178026	-0.412336	0.910858
-0.447855	0.00104422	0.894106
0.493109	-0.387361	0.778971
0.705547	-0.401186	0.584168
0.321748	0.587388	0.742599
-0.0868	0.253127	0.963531
0.497215	0.379451	0.780253
-0.47717	-0.254208	0.841242
0.544346	-0.0814972	0.834893
0.0995802	0.322413	0.941347
0.421462	0.00854492	0.906806
-0.121245	0.351749	0.928209
-0.451904	0.268527	0.850691
0.853246	0.492026	0.172863
0.188531	0.647758	0.73815
-0.0488011	-0.467443	0.882675
0.165009	0.523997	0.835583
0.438407	-0.0953536	0.893704
-0.471088	-0.855287	0.215781
0.0204879	0.612509	0.790198
0.519757	0.257337	0.814635
-0.106077	-0.445527	0.888962
-0.508591	-0.0380424	0.860167
0.32581	-0.593136	0.736232
0.312896	0.305096	0.899451
-0.711463	0.0206587	0.70242
0.489251	0.380774	0.78463
0.464251	0.415891	0.781988
0.0116288	-0.206958	0.978281
-0.552331	0.753775	0.356026
-0.325031	-0.557298	0.764051
0.155241	0.338442	0.928093
-0.294166	-0.513605	0.806025
0.283943	-0.0258307	0.958493
-0.855516	-0.513188	0.0687779
0.0062949	0.19123	0.981525
0.00162751	0.443199	0.896422
0.332966	0.653008	0.680231
0.278062	0.365163	0.888447
-0.41053	0.199902	0.889665
-0.324875	0.445382	0.834321
0.223607	-0.0705087	0.972126
-0.198551	-0.199692	0.959532
0.848332	0.0223909	0.528991
0.0898436	-0.123267	0.988298
0.552691	-0.278099	0.785617
0.358798	-0.819351	0.447132
0.640848	-0.0975488	0.761445
-0.151875	-0.152247	0.976604
0.433219	0.806527	0.402288
-0.893295	-0.436983	0.105211
0.732577	-0.51791	0.441701
0.285718	0.332053	0.898947
0.298371	0.284982	0.910912
-0.592422	-0.69109	0.414043
-0.28563	-0.244562	0.926609
-0.403356	-0.0728559	0.912138
-0.344467	0.149497	0.926819
0.744302	-0.200723	0.636965
-0.794985	0.0450578	0.604953
1.89623e-05	-0.609599	0.79271
0.459359	-0.335945	0.822271
0.131868	0.684367	0.717114
-0.442786	0.0657551	0.894213
-0.526279	0.188312	0.829198
-0.207529	-0.972873	0.102225
0.900387	-0.36588	0.235448
0.242819	-0.47867	0.84375
-0.124149	-0.554645	0.822773
-0.161288	-0.0369552	0.986215
0.41127	-0.228669	0.882365
-0.548775	0.35262	0.757961
-0.0451814	-0.795009	0.604913
-0.579369	0.697641	-0.421459
-0.782864	0.0599366	0.619299
0.539159	0.322546	0.777992
-0.476502	-0.459696	0.749417
0.483779	-0.450219	0.750507
-0.102877	-0.120427	0.987377
-0.0318441	0.697667	0.715714
0.0814537	0.646968	0.758154
-0.0485274	0.280446	0.958642
-0.546115	0.33937	0.765889
-0.992833	0.116696	0.0257779
0.318593	-0.499813	0.80541
-0.162272	0.512075	0.843473
0.443447	-0.405395	0.799381
-0.0144999	0.0732178	0.997211
-0.184907	0.0759814	0.979814
0.68529	0.161338	0.710174
-0.514103	0.0682659	0.855008
-0.447399	0.174719	0.877102
-0.711124	-0.00623621	0.703039
0.317462	-0.152737	0.93589
-0.322159	-0.72434	0.609545
0.858366	0.420209	0.294333
0.0744097	0.719016	0.690998
-0.705676	-0.666964	0.239124
0.0209122	-0.0936244	0.995388
0.824191	-0.426419	0.372662
0.525717	-0.185537	0.830179
0.156811	-0.905517	-0.394269
-0.622592	0.040283	0.781509
0.210134	-0.203193	0.956324
0.772226	0.632346	-0.0616867
-0.372924	-0.475087	0.797007
0.110606	-0.705013	0.700516
-0.437028	-0.656696	0.614619
-0.610985	0.278343	0.741095
0.842999	-0.5351	-0.0549588
0.225469	0.693488	0.684279
-0.395558	-0.855528	0.334075
-0.0966919	-0.00475904	0.995303
0.605053	0.533555	0.590957
0.267778	0.401088	0.876027
-0.983531	0.156536	-0.0903492
-0.970356	0.00836385	0.241536
-0.699361	0.421032	0.577604
-0.131073	0.100096	0.986307
-0.263591	0.484449	0.834164
-0.72205	-0.346323	0.59892
0.147441	-0.234977	0.960753
-0.40308	-0.0833505	0.911361
0.484123	0.198957	0.852081
-0.770394	-0.2006	0.605188
0.621975	0.6704	0.404612
0.451428	0.360565	0.816214
-0.123525	-0.208116	0.970273
0.283583	0.0866205	0.955027
0.14806	0.224611	0.963134
0.314146	0.390868	0.865179
0.160296	0.156597	0.974568
0.619055	-0.295813	0.727506
0.45115	-0.0918939	0.887704
-0.269805	0.451994	0.850239
0.0350501	-0.521215	0.852705
-0.473088	-0.626592	0.61933
-0.321572	-0.138556	0.936693
-0.242731	-0.219569	0.944918
-0.30887	0.561022	0.76802
-0.604083	-0.529416	0.595653
-0.491324	0.144337	0.858934
-0.457279	0.143502	0.877669
0.186398	-0.570746	0.79969
-0.205201	-0.255458	0.944793
-0.129437	-0.106105	0.985894
0.23792	0.575844	0.782175
-0.683728	0.249061	0.685919
0.674786	-0.358792	0.644929
-0.630938	0.405348	0.661521
0.190414	0.967249	0.167844
0.757538	-0.317822	0.570198
-0.61308	-0.0154244	0.78987
0.048615	-0.0778379	0.99578
-0.550133	-0.820953	0.152939
0.296832	0.264471	0.917576
0.575435	0.181995	0.797341
-0.976404	0.00863365	0.215777
-0.209964	-0.31386	0.925963
-0.864299	-0.429406	-0.261912
-0.317406	0.235997	0.918455
-0.215188	-0.0872812	0.972664
-0.812856	0.185165	0.552249
0.276566	-0.0396048	0.960178
-0.863659	-0.034457	0.502897
-0.9843	-0.105227	0.14171
-0.345037	0.147047	0.926999
0.036638	0.0343323	0.998739
0.372162	-0.817351	0.43981
0.12465	-0.302285	0.945032
-0.195984	-0.662063	0.723369
-0.603551	-0.11866	0.788446
0.221363	-0.594184	0.773268
0.0654675	-0.0620019	0.995927
0.0871281	-0.532269	0.84208
0.334406	-0.119776	0.934787
0.133541	0.27334	0.952603
0.498125	-0.358804	0.789387
-0.471712	0.0637357	0.879446
-0.541374	0.300502	0.785247
-0.0593216	-0.230467	0.97127
-0.580606	-0.422888	0.695746
-0.721043	0.590852	0.361926
-0.0801515	0.353474	0.932004
0.580139	0.090756	0.809446
-0.295474	0.771251	0.563797
-0.570572	0.0573581	0.819242
-0.542583	0.472155	0.694747
-0.229282	0.920407	0.316672
-0.691182	-0.535403	0.485397
0.0613583	0.450281	0.890776
0.393731	-0.785619	0.477261
-0.43972	0.893957	-0.0865222
0.294842	-0.586401	0.754455
-0.0203147	0.131416	0.991119
-0.393808	-0.327109	0.85902
-0.343353	-0.819426	0.458966
-0.180662	0.142045	0.973234
-0.805726	-0.110188	0.581949
0.255047	0.158957	0.953773
-0.40746	0.748636	0.522992
-0.39121	-0.00568148	0.920284
-0.670346	-0.484429	0.562107
-0.429775	0.898253	-0.0918442
0.134761	-0.199479	0.970591
0.0836546	0.574857	0.813967
0.0286843	-0.856112	0.515994
-0.509555	0.67325	0.535806
0.4018	-0.882139	0.24574
-0.11995	0.685419	0.718202
-0.129023	0.190427	0.973186
0.487841	0.115599	0.865244
0.0241779	0.16995	0.985156
-0.339426	0.317316	0.885494
-0.885766	0.145897	0.440606
-0.169677	0.276031	0.946053
-0.655562	0.228306	0.719802
-0.0377051	-0.143981	0.988862
0.140694	-0.237519	0.96114
-0.151136	-0.625871	0.765143
-0.616338	0.060358	0.785165
0.66356	0.376767	0.646324
-0.755502	-0.64524	-0.113498
-0.462692	0.513825	0.722426
0.8005	-0.511853	0.311779
-0.790736	0.0952705	0.604698
0.221153	-0.306631	0.92578
0.276456	-0.364047	0.889405
-0.0386397	0.568421	0.82183
-0.485804	0.0831301	0.870106
-0.0664914	0.229867	0.970948
0.0150937	-0.668914	0.743186
0.359474	-0.250469	0.898912
-0.229226	0.129026	0.964784
0.610607	0.657389	0.441587
0.336785	0.689946	0.640742
0.305598	-0.661888	0.684481
-0.106807	-0.425631	0.898571
-0.625459	-0.0118294	0.780167
-0.536863	-0.532328	0.654526
-0.721172	-0.124986	0.681388
-0.0580127	0.251444	0.966132
0.116547	-0.368774	0.922183
-0.369501	0.661751	0.652346
0.102458	-0.591431	0.79982
-0.125292	0.0926652	0.987783
0.23593	0.591409	0.771085
-0.126404	0.550573	0.825161
0.401394	0.0149747	0.915783
-0.581265	-0.305608	0.754145
-0.474307	0.322524	0.819153
-0.222975	0.109204	0.968688
0.0312858	0.561518	0.826873
0.606931	-0.0368683	0.793899
-0.0257005	-0.271191	0.962182
-0.000378647	0.250817	0.968034
-0.274484	-0.475088	0.836032
-0.0647148	0.708015	0.703226
0.1961	-0.539913	0.818559
-0.208699	0.379542	0.901328
0.583058	0.810819	0.051146
-0.904649	0.424007	-0.0427612
0.693833	-0.541491	0.474746
0.507006	-0.0861637	0.857625
0.154978	-0.987781	-0.0164674
-0.211182	0.687244	0.695053
0.382507	0.523397	0.761409
0.548188	0.523842	0.651981
0.277792	0.960636	0.00319558
-0.276705	0.0304606	0.960472
-0.76391	0.128835	0.632331
0.424183	0.274354	0.863017
-0.225984	0.481487	0.846818
-0.460206	-0.653379	0.601088
-0.291806	0.498992	0.816
0.698731	-0.351548	0.623048
-0.557007	-0.79651	0.23519
0.237601	-0.245465	0.939837
-0.314755	-0.79905	0.512298
-0.491089	-0.209405	0.845566
0.0808548	-0.596316	0.798668
-0.101116	-0.240803	0.965292
0.339261	-0.599356	0.725034
0.0971349	-0.955291	-0.279254
-0.00854771	-0.845615	0.533724
0.348845	0.0282449	0.936755
0.255618	-0.182668	0.949364
0.186717	0.37206	0.909235
-0.124346	0.940211	0.317081
-0.186658	-0.618714	0.76312
-0.22083	-0.372833	0.901238
-0.601025	-0.0745301	0.795748
0.452838	0.66052	0.598875
0.658979	0.109266	0.744183
-0.386588	0.012124	0.922173
0.243502	-0.12167	0.962239
-0.428256	-0.0915411	0.899009
-0.320979	-0.178977	0.930021
0.120119	0.250576	0.960616
-0.18248	-0.754289	0.630674
0.918226	-0.242458	-0.313169
0.0786074	0.102319	0.991641
0.327173	0.121907	0.937068
0.0583259	0.481705	0.87439
-0.00316674	0.696709	0.717347
0.947655	-0.257477	0.188828
-0.26125	-0.497269	0.827328
-0.0226768	0.855677	0.517013
0.0818301	0.25386	0.963773
0.499736	0.440184	0.745991
0.109269	0.960427	0.256204
-0.180202	-0.352438	0.918322
0.162747	0.756226	0.633748
-0.285844	-0.329752	0.899754
0.410799	-0.0784672	0.908343
0.483386	0.729761	0.483515
0.109468	-0.0969523	0.989251
0.504362	0.477998	0.719122
-0.798271	-0.426598	0.42518
0.0412267	-0.291881	0.955566
-0.276313	-0.424977	0.862001
0.443024	-0.610981	0.656073
-0.417678	0.167126	0.893092
0.0664218	-0.169364	0.983313
-0.0793031	0.00542559	0.996836
0.779579	-0.255678	0.57174
0.587337	0.0518503	0.80768
-0.422556	-0.208769	0.881965
0.269413	0.285683	0.919675
0.218586	-0.973846	0.0620022
0.70977	-0.554604	0.434328
0.735421	-0.0801399	0.672855
-0.314582	-0.0794735	0.945897
-0.316161	-0.794575	0.518355
0.114245	0.00741498	0.993425
0.438194	0.63011	0.641052
0.0106345	0.225431	0.974201
0.299116	0.0669365	0.951866
-0.00301261	0.379318	0.925262
0.25574	0.0605248	0.964849
0.488602	0.713863	0.501664
-0.253532	0.916562	0.30925
0.813448	0.342531	0.47008
0.0623744	0.345866	0.936208
0.242353	-0.580865	-0.777084
