3400
0.0366508	-0.346392	0.937373
-0.00877539	0.206843	0.978335
-0.702765	0.0847171	0.70636
0.167985	-0.238808	0.956427
-0.0521182	0.410482	0.910378
-0.373448	-0.182088	0.909605
-0.296066	-0.237967	0.925049
-0.144263	-0.233904	0.961497
-0.95013	0.29267	0.107692
-0.600126	0.47942	0.640316
0.281495	-0.886786	0.366566
0.32329	0.592277	0.738032
0.304106	-0.4374	0.846286
-0.209496	0.657136	0.724074
-0.532336	0.824787	0.190642
-0.364444	-0.18962	0.911715
-0.62929	-0.161168	0.760276
0.430635	0.663469	0.611852
0.179217	-0.0718694	0.981181
0.117771	-0.131036	0.984357
0.169981	-0.199893	0.964961
-0.712746	-0.114569	0.692002
0.378936	0.0703806	0.922743
0.219734	0.147146	0.964399
-0.102665	-0.036851	0.994033
-0.710875	-0.225312	0.666252
-0.469747	-0.2022	0.859333
-0.0164317	-0.147134	0.98898
-0.142335	-0.671059	0.727613
-0.128827	0.276019	0.952479
0.249661	-0.331674	0.909759
-0.368837	0.0761678	0.926368
-0.0713899	0.308813	0.94844
-0.556086	-0.327122	0.764041
0.1248	0.499992	0.856991
-0.638207	0.39341	0.661755
-0.0991288	-0.348911	0.931899
-0.344139	-0.761109	0.549802
-0.0534354	-0.452579	0.890122
-0.392536	0.549002	0.737911
-0.118688	-0.690287	0.713735
-0.0990811	0.915989	0.388776
0.155078	0.14656	0.97697
-0.280061	-0.70174	0.655078
0.695133	0.44276	0.566351
-0.371125	-0.271541	0.887993
0.591618	-0.314088	0.74252
-0.416408	0.451279	0.789273
-0.671502	0.21487	0.709166
-0.564204	0.569118	0.598147
-0.485315	-0.354079	0.799436
0.34564	0.247334	0.905184
-0.268491	0.175734	0.947117
-0.125442	-0.448812	0.884778
-0.596821	-0.552755	0.581607
-0.304897	0.111836	0.945796
0.313349	0.105	0.943815
-0.344257	-0.479184	0.807385
0.119418	-0.330006	0.936395
-0.21016	0.948628	0.236512
-0.227858	0.535092	0.813485
0.0784141	-0.034912	0.996309
0.0881348	0.0920155	0.991849
-0.825303	0.113813	0.553102
-0.526961	-0.279131	0.802744
0.255112	0.102617	0.961451
0.486655	-0.0568919	0.87174
0.359789	0.535119	0.76433
-0.192204	-0.000225691	0.981355
-0.126254	-0.195239	0.972595
-0.735206	-0.043477	0.676448
-0.899622	-0.189746	0.393289
0.126611	0.444557	0.886757
-0.158311	0.525511	0.835928
-0.0971579	0.391419	0.915069
-0.252395	0.19715	0.947327
-0.598729	-0.231285	0.766832
0.771272	-0.0110323	0.63641
0.205719	0.294259	0.933323
0.137837	-0.675922	0.723968
-0.00386397	0.0277895	0.999606
-0.849931	-0.423357	0.313666
0.536731	-0.57567	0.616866
-0.317435	-0.228329	0.920381
-0.363744	-0.635615	0.680943
0.200886	-0.50247	0.840933
0.212571	-0.247828	0.945195
0.169926	0.32614	0.929924
-0.845868	-0.132759	0.516607
-0.0147472	-0.725321	0.688253
-0.0891995	0.10819	0.99012
-0.385913	-0.121393	0.914514
0.19942	-0.5251	0.827346
-0.285847	-0.906472	0.310804
-0.0131564	0.0738846	0.99718
-0.314792	0.244895	0.917024
-0.325524	0.0377876	0.944778
-0.0190021	-0.817347	0.575832
-0.607064	0.258717	0.751358
0.162938	0.451799	0.877114
0.390763	0.202204	0.898008
0.370493	-0.429673	0.823478
0.145612	-0.212306	0.966294
-0.752094	0.585863	0.301859
-0.606762	-0.331909	0.722271
0.267376	-0.793403	0.546829
0.580702	-0.216987	0.784667
0.0991987	-0.254228	0.962044
0.675571	-0.121704	0.727181
0.282077	0.270595	0.920441
0.399883	0.344004	0.849562
0.193603	-0.136477	0.971541
0.406367	0.366512	0.83698
0.635395	-0.494823	0.592809
-0.47039	0.645796	0.601399
-0.72212	-0.405763	0.560267
0.448839	-0.361325	0.817305
-0.598149	0.15487	0.786278
0.483448	0.765705	0.424233
0.374314	-0.0299169	0.926819
-0.518949	0.455297	0.723462
-0.896085	0.262058	0.358269
-0.372857	0.00355947	0.927882
-0.938855	-0.132344	0.317861
-0.177807	0.891117	0.417488
-0.313183	-0.137017	0.939757
-0.825083	-0.511691	0.239605
-0.00199955	-0.915965	0.401252
0.38261	0.172591	0.907646
0.599236	0.686359	0.412101
-0.744933	-0.0185282	0.666882
0.281137	0.101656	0.954268
-0.217582	0.667348	0.712253
0.341944	-0.333781	0.878444
0.335428	0.0186312	0.941881
-0.406608	0.0492757	0.912273
0.232336	-0.550531	0.801833
-0.454968	0.141342	0.879219
0.846255	0.109937	0.521313
-0.379103	-0.191963	0.905224
0.183649	0.0398077	0.982186
0.338044	-0.920506	0.195946
-0.204974	-0.0115157	0.9787
-0.34918	-0.933511	0.081434
0.44346	-0.646703	0.620579
-0.15148	0.0458713	0.987395
-0.353938	-0.772115	0.527794
0.158246	-0.877281	0.453141
0.40037	-0.708241	0.581462
-0.488897	0.233949	0.840385
-0.23713	-0.608487	0.757306
-0.394662	0.497018	0.772797
0.12605	0.696834	0.706069
-0.741111	-0.0264567	0.670861
0.268768	-0.210066	0.940019
0.632694	-0.403552	0.660942
-0.0692817	-0.407628	0.910516
0.254474	0.484193	0.837138
-0.394427	-0.510818	0.763866
0.403438	-0.131701	0.905479
-0.674527	0.0154963	0.738088
0.61441	0.0799802	0.784923
0.650019	-0.247987	0.718316
0.0494132	-0.0262002	0.998435
-0.314885	0.873829	0.3705
-0.902718	-0.388787	0.184244
0.565731	-0.255814	0.783905
-0.111221	-0.370607	0.922107
-0.466942	0.240284	0.851016
0.021006	-0.333535	0.942504
0.0138334	0.26219	0.964917
-0.112895	-0.732916	0.670886
-0.385376	-0.618437	0.684851
-0.311322	-0.635729	0.706348
-0.81482	0.146625	0.560865
0.315518	-0.136612	0.939035
-0.0425324	-0.0816686	0.995752
-0.497382	-0.195062	0.845318
0.203004	-0.717821	0.665975
0.189438	0.566344	0.802102
-0.258216	0.280085	0.924596
-0.367481	0.104559	0.924135
0.549213	-0.204068	0.810383
-0.435859	0.276676	0.856433
-0.0678345	-0.538097	0.840149
-0.451883	-0.0322945	0.891492
-0.269257	-0.645862	0.714397
-0.0446274	0.270316	0.961737
-0.567548	0.631059	0.528823
-0.0440125	-0.0949215	0.994511
0.424868	0.146806	0.893272
0.136119	-0.316094	0.938912
0.471672	-0.813756	0.339597
0.347314	0.205999	0.914843
-0.54725	-0.43708	0.713778
0.381258	0.921302	0.0764533
-0.125777	-0.636341	0.761085
-0.315156	-0.0372106	0.94831
-0.123826	0.0805848	0.989026
0.453256	0.245008	0.857047
0.432237	-0.138801	0.891014
-0.33793	-0.0686121	0.938667
-0.206618	0.12597	0.970279
-0.441435	-0.335473	0.832222
0.323859	-0.239173	0.915375
0.0416414	-0.104534	0.993649
0.0487824	0.341243	0.938709
-0.0748713	-0.12092	0.989835
-0.404697	0.133191	0.904699
-0.326993	-0.915638	0.233844
-0.368851	-0.649375	0.665027
0.483397	0.0274279	0.874971
-0.163562	-0.0539866	0.985055
0.226673	0.409394	0.883751
0.35822	0.10205	0.928043
-0.732514	0.0556749	0.678471
-0.738173	-0.182076	0.649577
-0.450981	-0.224801	0.86376
0.538146	0.248099	0.80551
0.654305	-0.0324531	0.755534
0.264843	-0.18735	0.945916
0.320932	-0.318528	0.891932
0.618085	-0.092244	0.780681
0.114226	-0.234083	0.965483
-0.362039	0.781558	0.50803
0.178093	-0.664391	0.725856
-0.103441	0.160395	0.981618
-0.026845	0.264931	0.963894
-0.198428	0.0265374	0.979756
0.0293667	-0.260424	0.965048
-0.369859	0.149171	0.917035
-0.154063	0.433765	0.887757
0.129747	-0.00870356	0.991509
0.206682	-0.240561	0.948374
0.634115	-0.536667	0.556674
-0.0294446	0.58545	0.810173
-0.153353	-0.0268554	0.987807
0.338199	-0.408729	0.84768
0.145637	0.414974	0.898101
-0.120521	0.814144	0.568018
0.626223	-0.0159049	0.779482
-0.642134	0.502024	0.57934
0.0396785	-0.401605	0.914953
0.607213	0.289755	0.739821
0.566147	-0.128625	0.814207
0.0643477	-0.487396	0.870807
-0.116963	0.287939	0.950479
-0.21837	-0.79234	0.56966
-0.513078	0.478819	0.712379
-0.177284	-0.824021	0.538108
-0.409083	0.170382	0.896449
-0.205624	0.50433	0.838672
-0.692823	-0.0875901	0.715768
0.262611	0.113364	0.958219
0.00852604	0.354177	0.935139
-0.107503	-0.549667	0.828438
0.0454471	-0.747693	0.662488
-0.599937	0.452758	0.65961
-0.469574	-0.631975	0.616529
-0.64347	0.645712	0.411099
0.723887	0.329052	0.606393
0.340846	0.235084	0.910253
-0.113454	0.0626652	0.991565
-0.585289	-0.390127	0.710801
0.275993	0.352582	0.894155
-0.346874	-0.502655	0.791844
0.0870472	0.0943926	0.991722
0.000284617	-0.0962006	0.995362
0.00695335	0.632585	0.774459
-0.52328	0.217764	0.823867
0.162899	-0.177806	0.970489
-0.60816	-0.209795	0.765589
0.389402	-0.0563998	0.919339
0.103307	0.472478	0.875267
-0.347308	0.65772	0.668417
-0.724124	-0.476625	0.49847
0.195819	-0.270828	0.942501
-0.375562	0.771245	0.513939
-0.238461	-0.212062	0.947716
-0.493553	0.0989331	0.86407
0.344127	-0.174132	0.922635
-0.848513	-0.275872	0.451575
0.207971	0.238661	0.948572
0.0347926	0.798202	0.601384
0.237162	0.321973	0.916563
0.311651	0.230512	0.921812
-0.0546584	0.764971	0.641742
-0.00443281	-0.100127	0.994965
0.208482	-0.311953	0.926941
0.171259	-0.285626	0.942915
0.651135	-0.2177	0.727069
0.724447	-0.257764	0.639323
-0.1907	-0.371573	0.908607
0.124833	-0.131922	0.983368
0.0576435	0.389897	0.919053
-0.227486	-0.826453	0.515
0.134846	-0.473203	0.870572
0.0938243	-0.159575	0.982717
-0.123072	0.50595	0.853738
0.656843	-0.531959	0.534393
0.517701	-0.0708917	0.85262
-0.126087	-0.238866	0.962832
0.538819	-0.210603	0.815671
0.456173	0.396787	0.796534
-0.0414756	-0.510291	0.859001
-0.0105041	-0.37175	0.928273
0.233445	-0.176508	0.956216
-0.550905	-0.110613	0.827205
0.756054	0.200285	0.623111
0.0567518	-0.434272	0.898992
-0.390515	0.407131	0.825677
-0.630675	-0.28697	0.721039
-0.329178	0.391774	0.85916
-0.164143	-0.253643	0.953269
-0.0847283	0.669435	0.738023
0.794082	-0.327954	0.511742
-0.549746	-0.119439	0.826749
-0.470625	-0.115088	0.874795
0.0281737	-0.184149	0.982495
-0.171526	0.343721	0.923274
0.509396	0.377851	0.77314
-0.765337	0.0228695	0.643223
0.325716	0.4023	0.855607
0.575053	-0.548786	0.606752
0.520725	0.0788891	0.850072
0.0158868	-0.18783	0.982073
0.00976651	-0.270322	0.96272
0.478911	-0.419048	0.77139
0.461251	0.194291	0.865736
-0.418171	-0.12201	0.900137
-0.561113	-0.522032	0.642367
-0.117089	0.126443	0.985039
0.158533	-0.492628	0.855678
-0.381346	-0.787498	0.484171
0.475076	0.106313	0.873499
-0.113334	-0.211442	0.970798
-0.600712	0.48581	0.634928
0.0889555	-0.399763	0.912292
0.429775	0.598117	0.676424
0.532711	-0.0521865	0.844686
0.304513	-0.0791245	0.949216
-0.289071	-0.689461	0.66414
0.798186	-0.0438915	0.600809
0.0568919	0.267344	0.96192
-0.412542	-0.269315	0.870217
0.160707	0.577042	0.800747
-0.344818	0.0247127	0.938344
0.769442	-0.0536885	0.636456
0.322066	0.0798366	0.943345
-0.669989	0.00206823	0.742368
0.161084	-0.224328	0.961108
-0.545458	-0.37025	0.751925
0.485483	0.350449	0.800932
-0.232182	0.295305	0.926761
0.15469	-0.0485226	0.986771
0.247466	0.536882	0.806547
-0.211398	0.625124	0.751353
0.616869	-0.498048	0.609443
0.415256	-0.0550947	0.908035
0.200308	0.69351	0.692041
0.0580338	-0.0737644	0.995586
0.48441	0.517186	0.705596
0.634483	0.180534	0.751557
-0.0825059	0.54212	0.836241
0.428278	-0.417862	0.80123
0.000855149	0.0436645	0.999046
0.890881	-0.0589843	0.450391
0.000660821	0.476601	0.879119
0.915241	0.154921	0.371931
0.019817	0.33768	0.941052
0.474019	0.164612	0.864991
0.413637	0.658968	0.628224
0.562126	0.65925	0.499404
0.223059	-0.0680035	0.97243
0.524113	0.563341	0.638711
-0.439542	0.332066	0.834587
0.31411	-0.333448	0.888902
0.164183	-0.574398	0.801942
-0.199223	0.60703	0.769301
0.190774	0.910269	0.367444
0.241322	0.291821	0.925529
-0.359284	0.0947746	0.928403
0.315112	0.364249	0.876372
-0.120068	0.796164	0.593049
-0.0535359	0.405769	0.912407
-0.122186	0.557256	0.821302
0.069034	0.783097	0.618056
0.0327692	0.0525786	0.998079
-0.798916	-0.385997	0.461236
-0.435478	-0.410096	0.801361
-0.00773611	0.58643	0.809963
0.211382	0.0156644	0.977278
-0.0897474	-0.201066	0.975458
0.192658	0.907152	0.374111
0.672008	0.209703	0.710232
-0.220373	-0.044937	0.97438
-0.286203	-0.386415	0.876796
-0.435838	0.00950335	0.899975
0.434829	-0.00794204	0.900478
0.134436	-0.0193134	0.990734
-0.472868	-0.121554	0.872709
0.651358	0.0538129	0.75686
0.335442	0.165439	0.92742
-0.356549	0.144541	0.923028
0.123262	-0.0916811	0.98813
0.100616	0.23244	0.967392
0.129275	-0.74754	0.651515
-0.252944	0.188603	0.948919
0.148179	0.301135	0.941998
0.121612	-0.261822	0.957424
0.593457	0.230684	0.771099
0.26034	0.490619	0.831575
-0.338899	-0.283348	0.897141
0.443038	-0.299096	0.845138
0.395045	0.445772	0.80326
0.475611	0.488404	0.731612
-0.193142	0.773673	0.603429
0.451785	0.246664	0.857349
-0.403411	0.0390647	0.914185
0.141093	0.737202	0.660776
-0.334146	0.449364	0.828503
-0.20142	0.0358695	0.978848
0.359562	-0.368815	0.857141
-0.187153	0.409582	0.89287
0.0468453	-0.502386	0.863373
-0.623946	0.779805	0.0509453
0.335147	0.366563	0.867933
0.598043	0.513762	0.615137
-0.465909	-0.181991	0.865915
0.16953	0.319889	0.932165
-0.0143089	0.150267	0.988542
-0.0887505	-0.0961203	0.991405
0.305456	-0.113758	0.945387
-0.440447	0.470166	0.764821
-0.160129	0.28783	0.944199
-0.757954	0.652037	-0.0187811
-0.685524	0.551337	0.475483
-0.484803	0.788908	0.37761
0.0294637	0.665952	0.745412
0.0219252	0.897539	0.440389
-0.998199	-0.0365533	0.0475756
-0.333959	-0.305499	0.891707
0.0601155	-0.190776	0.979791
-0.172562	0.0883693	0.981027
-0.9263	0.376784	-0.00109541
0.0434527	0.733147	0.67868
-0.0575429	0.769622	0.635902
-0.261169	0.614437	0.744485
0.0916631	0.250372	0.963801
0.273924	0.049046	0.9605
0.0197451	0.562832	0.826335
0.0228189	-0.0803345	0.996507
0.0824588	0.819756	0.566746
-0.361621	-0.526913	0.769151
-0.257734	0.338793	0.904871
-0.130724	-0.037855	0.990696
0.110385	-0.412696	0.904155
0.577888	-0.0433262	0.814965
0.09929	0.056338	0.993462
0.383054	0.493826	0.780645
0.908595	-0.091037	0.407637
0.433996	0.424267	0.794761
0.0898236	-0.171737	0.981039
0.0664764	-0.662607	0.746011
-0.0774202	-0.611352	0.787563
0.454508	0.298641	0.839187
0.124024	0.501503	0.85622
0.165899	-0.228595	0.959282
0.413712	-0.045325	0.909279
0.383841	0.394475	0.834899
-0.406174	0.437567	0.802221
0.098655	-0.330912	0.93849
0.522545	0.379681	0.763406
-0.353909	0.265416	0.896829
-0.223042	-0.122253	0.967112
0.168569	-0.4043	0.898958
-0.164386	0.296533	0.940768
0.300145	-0.485634	0.821019
-0.114953	0.406696	0.906303
0.22662	0.0444053	0.972971
-0.179801	-0.767925	0.614786
-0.177215	0.45919	0.870482
-0.245773	-0.564762	0.787807
-0.762168	0.516419	0.390399
-0.363322	-0.732364	0.575881
0.226709	-0.124277	0.966001
0.0679072	-0.131177	0.98903
0.627795	0.369713	0.684971
-0.429812	0.518171	0.739432
-0.291901	-0.0768082	0.953359
0.163414	-0.377867	0.911325
0.471082	-0.818683	-0.32839
-0.370823	0.40685	0.834844
-0.341388	-0.291613	0.893541
0.264292	0.82634	0.497305
0.163861	0.0902629	0.982345
-0.594155	-0.682868	0.425054
0.155631	0.300126	0.941118
0.170796	0.0874156	0.981421
0.135332	-0.557933	0.818777
0.272284	-0.230201	0.934275
-0.393452	-0.451607	0.800779
-0.0211781	0.0835677	0.996277
0.329624	0.580095	0.744874
0.5106	0.39976	0.761236
0.527502	0.0713912	0.846549
0.434851	0.0995043	0.894988
-0.163513	0.563963	0.80945
-0.0596504	-0.295271	0.95355
0.539613	-0.376321	0.753127
-0.15127	-0.0971731	0.983705
0.249355	-0.0337314	0.967824
-0.571268	0.120335	0.811894
0.32275	0.0906911	0.942129
0.370933	0.409694	0.833402
0.363089	-0.0779115	0.928491
0.487925	-0.476966	0.731049
0.915221	0.263433	0.304917
0.332146	0.218029	0.917683
-0.362383	-0.0240612	0.931719
-0.11137	-0.500613	0.858477
-0.0708002	0.710453	0.700175
-0.340874	0.373117	0.862896
0.211208	0.483618	0.849414
-0.130953	0.341571	0.930688
0.527558	-0.518764	0.672731
-0.0924124	-0.153612	0.9838
0.272313	0.313404	0.909738
0.211958	0.177231	0.961074
-0.536498	-0.0396916	0.842968
-0.107034	0.6261	0.772361
0.372191	-0.391392	0.841597
-0.465593	-0.719059	0.515924
0.836634	0.330973	0.436464
-0.172839	0.0620856	0.982991
0.335091	0.346301	0.876236
-0.050228	0.417943	0.907084
-0.294992	-0.0989147	0.950366
0.0556368	-0.472796	0.879414
0.208565	-0.591896	0.778563
-0.654149	-0.611082	0.445722
0.067309	-0.20049	0.977381
0.634195	-0.639487	0.434573
0.281612	-0.257879	0.924226
-0.147326	0.0498409	0.987831
-0.414473	0.525888	0.742734
-0.754066	-0.648958	0.101182
-0.0459747	-0.226659	0.972888
-0.056286	0.472956	0.879286
0.284183	-0.83896	0.464097
0.0709536	-0.161777	0.984273
-0.0173064	0.186021	0.982393
-0.625651	0.458736	0.630969
0.427048	0.0433095	0.903191
-0.494722	0.536717	0.683509
-0.615382	-0.569941	0.544493
0.624576	0.685853	0.373511
-0.144599	0.077073	0.986484
-0.228153	-0.768216	0.598155
0.161781	0.47312	0.866017
-0.0419213	-0.085342	0.995469
0.352531	-0.276893	0.893897
0.714485	0.358178	0.601015
-0.537779	-0.00115488	0.843085
-0.0239432	0.368171	0.92945
0.442657	0.0799888	0.893116
-0.343959	-0.320349	0.882648
-0.489975	0.247109	0.835979
0.0254734	0.197307	0.980011
-0.231704	-0.560764	0.794894
-0.109261	-0.177185	0.978094
-0.321306	0.0697556	0.944403
0.238446	0.455438	0.857741
0.65842	-0.122808	0.742564
-0.126768	-0.207995	0.969881
-0.144248	0.50313	0.852087
0.120616	-0.249733	0.960773
-0.791564	-0.238371	0.562677
0.00486078	-0.528339	0.84902
0.0786324	-0.287585	0.954522
-0.227913	-0.0373141	0.972966
0.177627	0.564179	0.80632
0.940107	-0.0891347	0.329019
-0.0964009	0.294861	0.950665
-0.300167	-0.332944	0.893895
-0.186515	0.433805	0.88149
-0.390693	0.282618	0.876063
0.832332	-0.105541	0.544136
0.0487722	0.233336	0.971172
-0.372129	0.459382	0.806529
-0.285183	0.163752	0.944381
-0.00882404	0.0562142	0.99838
-0.0594749	-0.527521	0.847458
0.10168	0.512606	0.852582
0.27717	-0.131248	0.951815
-0.315143	-0.115035	0.942047
0.468827	0.0879985	0.878896
0.134016	-0.124683	0.983104
-0.668857	-0.00140444	0.743389
0.0952988	-0.391836	0.915086
-0.255149	0.409928	0.875704
-0.437348	0.477085	0.76231
-0.368693	0.617217	0.695061
0.410015	0.049875	0.910714
-0.577638	-0.194136	0.792872
-0.501884	0.542846	0.673373
-0.672332	-0.0129406	0.740136
0.0988758	0.275208	0.956287
0.380653	0.170354	0.908891
-0.118102	0.825898	0.551312
-0.0610253	0.0977846	0.993335
-0.191202	-0.221928	0.956133
-0.0880714	-0.400746	0.911947
0.139079	-0.137785	0.980649
0.405884	0.56005	0.72222
0.428341	0.0273694	0.903203
-0.232261	0.404244	0.88467
0.314819	0.106291	0.943181
-0.0863707	0.113027	0.989831
0.10131	0.356882	0.92864
0.0215938	-0.121842	0.992315
-0.341807	0.105008	0.933885
-0.277361	-0.170819	0.945459
-0.0715669	-0.0505005	0.996157
-0.0159113	0.696065	0.717802
-0.105987	-0.0246848	0.994061
-0.596792	0.0353072	0.801619
0.42009	-0.20792	0.883343
0.0759472	0.535237	0.841281
-0.135152	-0.090119	0.986718
0.19182	-0.345798	0.918493
-0.63909	-0.0145158	0.768995
-0.107433	-0.466776	0.877826
-0.229291	-0.169749	0.958442
0.352643	-0.10068	0.930326
-0.108478	0.140988	0.98405
-0.197525	-0.522027	0.829742
-0.259219	-0.407792	0.875506
0.643083	-0.394468	0.656383
-0.410394	-0.0070426	0.911881
0.00929509	-0.11044	0.993839
-0.402866	-0.483991	0.776822
0.424189	-0.436755	0.79329
-0.409155	-0.260605	0.874458
0.117401	0.460491	0.879866
-0.102988	-0.212051	0.971817
0.460345	-0.200463	0.864811
-0.967899	-0.0586183	0.244409
-0.35808	0.0427851	0.93271
0.0805041	-0.0243218	0.996457
-0.686928	0.0158063	0.726554
-0.315758	-0.00593081	0.948821
-0.20129	-0.20234	0.958405
-0.00616095	0.349677	0.93685
-0.533922	-0.638876	0.553863
-0.204664	-0.452875	0.867765
0.00775356	-0.431002	0.902318
-0.0911556	-0.173859	0.980542
-0.678733	0.0943089	0.728304
0.0184178	0.712009	0.701928
-0.263831	0.157597	0.951607
-0.0420003	-0.263707	0.963688
-0.115919	-0.326084	0.938207
0.195595	0.346465	0.917444
-0.193053	0.17804	0.9649
0.0972057	0.191905	0.976588
-0.684707	0.120092	0.718857
-0.506037	0.451804	0.734711
-0.794443	-0.24978	0.553597
0.176412	0.268519	0.946983
-0.0846045	0.379805	0.92119
-0.443937	0.226068	0.867072
-0.673155	0.236177	0.700772
0.0865162	-0.290481	0.952962
0.425358	-0.267374	0.864628
0.137327	-0.131276	0.981788
-0.0140556	0.0804869	0.996657
0.490452	-0.248712	0.835224
-0.486387	-0.35685	0.79755
-0.452402	0.200538	0.868975
-0.136199	0.0129985	0.990596
-0.223573	-0.252308	0.941465
-0.159861	-0.226576	0.960785
-0.029401	-0.0587808	0.997838
0.427221	0.0780969	0.900768
-0.470014	-0.32522	0.82056
-0.457995	0.364926	0.810598
-0.320734	-0.509376	0.79854
0.616247	0.156761	0.771794
0.683649	-0.147637	0.714721
0.0537621	-0.723045	0.688706
-0.0264295	0.462207	0.886378
-0.11128	-0.376676	0.919637
-0.311503	-0.368938	0.8757
-0.195531	-0.459503	0.866386
-0.250795	-0.237729	0.938396
-0.0799451	0.159906	0.98389
-0.0458096	0.668407	0.742383
0.849761	0.237363	0.470708
-0.211617	-0.157204	0.964627
-0.123621	0.648609	0.751015
0.161359	-0.124343	0.979031
0.636601	-0.50676	0.58132
0.00402435	0.457246	0.889331
-0.338719	-0.0850914	0.937032
-0.353407	0.116512	0.928186
0.177181	-0.396722	0.900677
-0.290499	0.248132	0.924143
-0.0937663	-0.337506	0.936642
-0.115447	0.750267	0.650977
0.377054	-0.0712651	0.923446
-0.420192	-0.223536	0.879472
-0.424721	-0.0575487	0.903493
0.165944	0.602597	0.780602
-0.153507	-0.318265	0.935491
-0.00683793	0.018121	0.999812
-0.321082	0.417473	0.850072
-0.352695	0.0597158	0.933831
-0.594267	0.0583689	0.802147
0.332357	-0.74793	0.574578
-0.312439	-0.568136	0.761317
0.228491	-0.11693	0.966498
-0.0735553	0.485086	0.871368
-0.183727	0.491778	0.851116
-0.583623	0.0789766	0.808175
0.34115	-0.246749	0.907046
-0.462455	-0.379297	0.801417
-0.657791	0.22633	0.718391
-0.0407143	0.123127	0.991555
-0.311048	-0.00253897	0.950391
0.204221	0.259753	0.943834
-0.820356	-0.139573	0.554558
-0.857808	-0.128733	0.497588
0.850558	0.157735	0.501667
-0.338771	0.467689	0.816396
-0.0124754	0.251923	0.967667
0.823607	0.278155	0.494269
0.0683996	-0.141466	0.987577
-0.0964895	-0.696979	0.71057
-0.641145	-0.424063	0.639612
0.77997	-0.177105	0.600234
-0.434342	-0.308705	0.846196
0.461236	0.48815	0.740925
-0.182901	-0.020861	0.98291
0.0637762	-0.471275	0.879677
0.143402	-0.359714	0.921977
-0.474916	0.238561	0.847079
0.444453	0.000941238	0.895802
-0.781291	0.226739	0.581527
0.701537	-0.137245	0.699292
0.497199	-0.348165	0.794716
-0.163131	-0.721762	0.672643
0.445681	0.113155	0.888011
-0.363302	-0.127727	0.922874
0.291297	-0.0959087	0.951813
0.244886	-0.24977	0.936827
0.229402	-0.294003	0.927867
-0.177688	0.232042	0.956339
0.0409275	-0.310605	0.949658
0.243237	-0.0895455	0.965825
0.299598	0.634772	0.712254
-0.289643	0.135383	0.947512
-0.0964954	-0.577614	0.810586
-0.0785249	0.0125063	0.996834
0.480205	-0.0809969	0.873409
-0.0273482	-0.19965	0.979486
0.268219	-0.0623785	0.961336
0.316859	-0.0149045	0.948356
0.638995	-0.687052	0.345899
0.166543	-0.0381211	0.985297
-0.0856927	-0.103209	0.990961
-0.346162	-0.0941322	0.93344
0.375264	-0.114431	0.919827
0.0935401	6.49901e-05	0.995616
-0.158461	0.0260623	0.987021
0.391643	-0.721229	0.571353
-0.297301	0.379544	0.876104
-0.557207	-0.158085	0.815187
-0.433205	0.0793688	0.897794
0.246967	0.0411189	0.968151
-0.262973	-0.501944	0.823952
-0.474372	-0.0309908	0.879779
0.0274091	-0.416255	0.908835
0.320583	0.252027	0.913076
0.341535	-0.0453261	0.938775
-0.497128	0.806938	0.318928
0.234506	0.328904	0.914784
-0.559884	-0.0214495	0.828294
-0.456945	0.317414	0.830933
-0.368035	-0.201519	0.907712
-0.789663	-0.535764	0.29898
0.241328	0.11231	0.963923
-0.114957	0.0758792	0.990468
-0.237778	-0.266149	0.934145
-0.0515688	0.680347	0.731074
-0.0583628	0.50579	0.86068
0.03853	0.249222	0.96768
0.0563241	-0.407497	0.911468
0.310919	-0.0896086	0.946203
-0.241	-0.591363	0.769551
0.0182579	0.552246	0.833481
-0.419688	-0.076268	0.904459
0.244016	0.208456	0.947102
-0.0824975	-0.228441	0.970056
0.000538855	-0.643605	0.765358
-0.189176	0.210803	0.959049
0.167493	-0.702222	0.691975
-0.0959128	-0.567286	0.817917
0.118004	-0.65585	0.745611
0.104032	0.16419	0.980928
0.0568918	0.796626	0.601789
-0.200287	-0.658683	0.725274
-0.428395	-0.0350172	0.902913
0.338481	-0.215973	0.915853
0.159722	-0.240113	0.957515
0.166988	0.42472	0.889791
-0.0389025	0.606066	0.794462
0.303625	0.23102	0.92436
0.413363	-0.386144	0.824635
0.308785	-0.514442	0.800001
0.0421738	0.00326996	0.999105
0.142782	0.740845	0.656324
-0.0284427	0.67923	0.733374
0.0688213	-0.132762	0.988756
-0.460856	0.550266	0.69629
0.832042	-0.277802	0.480138
0.216841	-0.752686	0.621647
0.102226	0.660872	0.743504
0.119545	-0.460136	0.879764
0.15146	0.0722565	0.985819
0.0533103	-0.112572	0.992212
-0.00503174	-0.106787	0.994269
-0.162187	-0.0521832	0.985379
-0.0873363	0.300469	0.949785
-0.0436993	0.218854	0.974779
0.338685	0.0132894	0.940806
0.348212	-0.237226	0.906903
0.216211	-0.282674	0.934531
-0.430612	-0.414425	0.801764
-0.195022	-0.0548166	0.979266
-0.422338	0.0337396	0.90581
-0.247781	0.445977	0.860064
0.287122	-0.0620064	0.955885
0.375429	-0.270337	0.88655
0.604863	-0.179832	0.775759
0.300607	-0.159099	0.940384
0.0376849	-0.870369	0.490956
-0.405138	-0.582622	0.704567
0.18809	0.290218	0.938294
0.292588	-0.804026	0.517624
0.0920815	0.251189	0.963548
0.29876	0.0513495	0.952946
-0.419739	0.0711719	0.90485
-0.23874	-0.225295	0.944587
0.262168	0.415947	0.870779
-0.231995	0.197477	0.952461
-0.0522191	-0.119635	0.991444
-0.270082	0.251442	0.929426
-0.391204	-0.0466828	0.919119
0.0196281	0.351191	0.936098
0.264157	0.251053	0.931232
0.155661	-0.62257	0.766927
0.663885	0.186029	0.724327
0.151934	-0.274722	0.949444
0.443231	0.279222	0.851811
0.613261	0.369191	0.69829
-0.66506	0.336228	0.666817
-0.260364	0.093359	0.960986
0.32208	-0.563773	0.760542
-0.129203	-0.0485713	0.990428
0.138215	-0.312176	0.939916
-0.281578	-0.00567198	0.959522
0.355565	-0.466106	0.810135
-0.1314	-0.0588777	0.989579
-0.221043	0.114049	0.968572
-0.120611	-0.39029	0.912758
0.0123255	-0.0249685	0.999612
-0.605242	0.0940521	0.790466
0.0223972	0.0376729	0.999039
0.187376	-0.385573	0.903451
0.0869488	-0.176098	0.980525
-0.845667	0.0789967	0.527832
-0.127114	-0.413653	0.901517
0.619844	-0.186095	0.76234
0.0904408	-0.146566	0.985058
-0.293774	0.160646	0.942279
-0.0505061	0.53291	0.844663
0.0184146	-0.279598	0.959941
0.276581	-0.31346	0.90843
-0.211879	-0.275299	0.93772
0.231632	-0.827774	0.511016
-0.369558	-0.753179	0.544195
-0.255038	0.162336	0.953206
0.0721509	0.2026	0.9766
0.183232	-0.120516	0.975655
-0.257169	-0.218262	0.941396
-0.149122	-0.0603863	0.986973
0.672317	0.291491	0.680458
-0.408066	-0.489142	0.770858
0.451724	0.304131	0.838719
0.0529798	0.0112676	0.998532
-0.103961	-0.177296	0.978651
0.581582	-0.209539	0.786038
0.340212	0.803344	0.488767
-0.100172	0.0625615	0.993001
0.462445	0.0573302	0.884792
-0.447358	0.0231234	0.894056
-0.116755	0.343444	0.931888
-0.499048	-0.430219	0.752239
-0.341342	-0.438194	0.831548
0.208164	-0.130941	0.96929
0.305873	0.333652	0.891694
0.246558	-0.0636721	0.967034
-0.635437	0.0116528	0.772065
-0.249739	0.0793219	0.965059
-0.308309	0.636329	0.707129
-0.168881	-0.362692	0.916479
-0.400451	0.210706	0.891763
0.473786	-0.1447	0.868671
0.106546	-0.574027	0.811875
-0.274322	0.0034835	0.961631
0.549	0.206089	0.810017
0.55933	0.650338	0.514014
0.380266	0.04702	0.923681
0.251164	-0.457233	0.853144
0.117379	-0.178482	0.976917
-0.563375	-0.324839	0.759663
0.16416	0.768607	0.6183
-0.454515	0.0282784	0.89029
-0.339233	0.546066	0.765985
-0.0740174	0.341722	0.936882
0.151684	-0.411203	0.898835
0.44555	0.17049	0.878873
-0.522343	-0.485869	0.700777
0.385402	-0.124253	0.914345
-0.713944	0.415264	0.563772
0.0836273	-0.347906	0.933792
-0.233108	0.15113	0.960635
0.0015263	0.410925	0.911668
-0.303172	0.0241594	0.95263
0.0237924	-0.369601	0.928886
0.188241	-0.103176	0.976688
0.0376637	0.172752	0.984245
0.247335	0.0161508	0.968795
-0.0504233	0.548017	0.834946
-0.325807	-0.0852679	0.941583
-0.881714	0.0289707	0.470894
0.360742	0.0914044	0.928176
0.316427	-0.0925275	0.944093
-0.8483	-0.210199	0.486008
0.000839435	-0.444795	0.895632
-0.138624	0.437878	0.888283
-0.540684	0.377756	0.751639
-0.30965	-0.570266	0.760864
-0.277598	0.297931	0.913333
-0.472765	0.177893	0.863045
-0.0442288	-0.796311	-0.603268
-0.15704	0.125225	0.979621
-0.0634104	0.29832	0.952357
0.492669	0.278066	0.824595
0.074222	0.202874	0.976388
0.0234538	0.327734	0.944479
0.359448	-0.680139	0.638912
-0.0196573	-0.195531	0.9805
-0.0813758	-0.118979	0.989556
0.282022	0.0594555	0.957564
-0.0890011	-0.040215	0.995219
-0.541269	-0.350341	0.764388
-0.181315	0.952488	0.244728
-0.163285	-0.169863	0.971846
-0.0625704	0.441288	0.895182
-0.227828	-0.0449408	0.972664
0.346936	0.00511551	0.937875
0.23618	-0.167666	0.957135
-0.212569	-0.0225074	0.976887
0.157626	0.0994453	0.982479
-0.686747	-0.288104	0.667364
0.202174	-0.0239024	0.979058
0.232124	0.306538	0.923121
-0.132622	0.822039	0.553773
-0.0261771	0.124541	0.991869
0.0218477	0.516578	0.855961
0.466026	0.304525	0.830713
0.452511	0.548166	0.703384
0.0444126	0.135305	0.989808
-0.76809	-0.448387	0.45715
-0.149301	0.303893	0.940935
0.305456	0.0376767	0.951461
-0.521845	0.213635	0.825856
0.634228	0.00168411	0.773144
0.0977764	-0.107412	0.989395
0.652112	0.403587	0.64177
-0.476376	0.145952	0.867043
-0.702759	0.0709171	0.707884
-0.0372736	-0.0455188	0.998268
0.293678	0.129222	0.94713
0.131713	0.437116	0.889709
0.0352084	-0.249009	0.967861
0.254061	-0.363565	0.896255
-0.377677	0.141203	0.915108
-0.78895	-0.0810904	0.609083
-0.303894	-0.0408774	0.951828
-0.423455	-0.310201	0.851153
-0.253544	0.731692	0.632726
0.0167924	0.179781	0.983563
0.40538	-0.0254788	0.913793
-0.19896	0.11229	0.973553
0.244516	-0.622829	0.743166
-0.208006	0.381506	0.900659
-0.194082	-0.00321738	0.98098
0.652546	-0.0926511	0.752064
-0.219023	0.0249039	0.975402
0.196504	0.524237	0.82859
0.0355091	0.0749934	0.996552
0.225157	-0.274538	0.934844
0.470008	-0.491686	0.733033
-0.330229	-0.186373	0.925318
0.627224	0.414603	0.659313
0.617179	-0.217117	0.756274
-0.643133	-0.337377	0.687428
0.136813	0.500151	0.855062
-0.938721	-0.339503	-0.0595005
-0.885631	0.0555344	0.461057
0.0440946	0.0937707	0.994617
-0.500411	-0.216965	0.838161
0.166642	-0.0936804	0.981557
-0.282327	-0.87817	0.386145
-0.205742	0.809227	0.550292
-0.691189	-0.379179	0.615208
-0.16712	-0.224327	0.960077
0.776362	0.319753	0.543157
-0.302604	-0.602613	0.738437
-0.670526	-0.214495	0.710202
-0.0961264	0.204379	0.974161
0.0622478	0.544649	0.836351
-0.376125	-0.68598	0.622866
0.226539	0.630856	0.742092
-0.0829336	0.503188	0.860188
-0.226265	0.508428	0.830846
-0.0569804	0.349448	0.935222
-0.423572	-0.0370385	0.905105
-0.0211617	0.585933	0.810083
0.332041	-0.294006	0.896275
-0.381655	-0.115724	0.917032
-0.328624	-0.36256	0.872099
-0.544497	-0.628521	0.555413
-0.533045	0.16468	0.829906
-0.731152	0.290303	0.617365
-0.0801459	0.733395	0.675062
0.592115	0.386753	0.706981
-0.107943	0.165032	0.980364
-0.391637	0.115277	0.91287
-0.299921	-0.253239	0.919738
-0.694787	-0.0556548	0.717059
-0.36524	-0.525492	0.768412
0.68307	0.35338	0.63917
-0.0115243	0.258136	0.96604
0.317412	0.723527	0.612991
0.678542	0.398082	0.617342
0.154358	0.0631897	0.985992
-0.13785	-0.149852	0.979051
0.209769	-0.417449	0.884157
0.0858737	-0.161599	0.983113
-0.200488	0.424936	0.882742
-0.528258	-0.0448039	0.847901
-0.170729	0.404294	0.898553
0.347513	-0.231048	0.908764
-0.3976	-0.326818	0.857382
0.768655	0.549997	0.326608
0.598728	-0.337995	0.726143
-0.124393	0.355289	0.926443
0.138288	0.386403	0.911904
0.100312	0.214706	0.971514
0.0379365	0.224628	0.973706
-0.152204	-0.288061	0.945439
-0.700004	0.134619	0.701336
0.7374	-0.114176	0.665737
0.601386	-0.374181	0.705921
0.176402	0.408243	0.895667
0.583528	-0.0150719	0.811953
-0.305364	0.508447	0.80513
-0.213216	-0.380122	0.900026
0.341048	-0.28113	0.897024
-0.217875	0.00721665	0.97595
-0.394739	0.448404	0.801944
0.459233	0.209213	0.863328
0.89885	0.307951	0.311824
-0.762815	-0.251488	0.595708
-0.264433	-0.51808	0.81343
-0.12932	-0.550736	0.8246
0.170302	0.295584	0.940015
-0.60747	0.124976	0.78445
-0.177368	0.135073	0.974831
-0.968696	-0.141654	0.203867
-0.443361	-0.189842	0.876008
-0.216162	0.311905	0.925197
0.445522	0.203063	0.871938
-0.74616	-0.213553	0.630587
0.07252	-0.549698	0.83221
-0.186654	0.230453	0.955014
0.58979	0.117336	0.798987
-0.0711729	0.137283	0.987972
-0.766444	-0.0120577	0.642198
-0.511328	0.289797	0.80905
-0.281041	0.122773	0.95181
-0.0741402	-0.0199801	0.997048
-0.784949	-0.0271328	0.618966
0.0450299	0.404899	0.913252
-0.522855	-0.0529485	0.850776
-0.515133	0.0192828	0.856893
-0.11649	-0.203976	0.972021
0.271425	-0.127768	0.953941
-0.231054	-0.621827	0.748295
0.518796	-0.0236192	0.854572
0.394591	0.274036	0.877042
-0.586029	0.0781585	0.806512
-0.462426	0.118437	0.878712
-0.143674	0.468645	0.871625
-0.617438	0.206938	0.758911
-0.015971	0.239976	0.970647
0.457734	0.00380337	0.889081
-0.47451	-0.00451402	0.880238
-0.197032	0.269366	0.942667
-0.447684	-0.159746	0.879807
0.478601	0.559731	0.676493
-0.18736	0.427918	0.884185
-0.714131	0.174964	0.677794
0.561772	-0.298292	0.771644
-0.721168	-0.19745	0.664025
-0.759897	-0.184468	0.62332
0.24003	0.177135	0.954468
0.272754	-0.416891	0.867068
-0.869275	-0.433337	0.237865
-0.509711	-0.27044	0.816735
0.497149	0.452797	0.740147
0.196559	0.28287	0.938802
-0.558577	-0.301612	0.772672
-0.369983	0.0601442	0.92709
0.738336	0.0130604	0.674306
-0.609866	0.447682	0.653945
-0.43202	-0.727067	0.533603
0.674156	-0.00353554	0.738581
-0.329994	0.662087	0.672863
-0.638553	-0.189322	0.745927
0.0352823	0.376558	0.925721
-0.182154	0.64263	0.744209
0.260276	0.0720981	0.962839
-0.16139	-0.675362	0.71961
0.822582	-0.344238	0.452614
-0.539017	-0.252839	0.803451
-0.558602	-0.310846	0.768985
0.093924	-0.121547	0.988132
-0.473844	0.00482884	0.880596
-0.0836156	-0.540863	0.836944
-0.0945884	-0.0242113	0.995222
-0.0676095	0.372685	0.925492
-0.784505	-0.613464	0.0906318
-0.468372	-0.149458	0.870798
0.228151	0.593312	0.771964
-0.643795	-0.763585	0.0496711
-0.0918073	0.567725	0.818083
-0.362625	-0.299188	0.882604
0.160181	-0.540412	0.826012
-0.31507	-0.345179	0.884072
-0.255269	0.0846344	0.963159
-0.983392	0.18098	0.013659
-0.433479	-0.0730028	0.898202
0.0250487	0.794502	0.606745
0.0758958	-0.0887284	0.99316
0.00548467	0.249224	0.96843
0.167543	0.459475	0.872246
0.283184	0.710264	0.644463
-0.173958	0.367404	0.913648
-0.876908	0.118521	0.465817
0.254133	-0.0553668	0.965583
0.956744	0.123801	0.263274
-0.297467	0.035335	0.954078
-0.607149	-0.291818	0.739062
0.197785	0.237402	0.951063
0.223629	-0.229878	0.947178
-0.00768847	-0.242163	0.970205
-0.383705	-0.275978	0.881253
-0.483612	-0.0580859	0.873353
-0.352447	0.752025	0.556991
0.322707	0.00171242	0.946497
0.250179	-0.225623	0.941544
0.41847	0.118704	0.90044
-0.0820172	-0.968183	0.236419
-0.588205	-0.534565	0.60684
-0.16326	0.129686	0.978022
-0.313952	0.511459	0.799902
-0.631739	-0.282766	0.721768
-0.0222174	0.731872	0.68108
0.525189	0.245098	0.814925
0.463697	-0.441909	0.76792
-0.251378	-0.180281	0.950951
-0.437926	-0.298351	0.848061
-0.58156	-0.0908823	0.808411
0.143858	-0.0847733	0.985961
-0.00179384	0.114326	0.993442
0.232169	-0.411915	0.881149
-0.252127	0.147797	0.956341
0.253215	-0.00549843	0.967394
-0.348726	0.267315	0.898294
-0.46999	-0.649237	0.597998
-0.752528	-0.111774	0.649006
0.0793266	0.509069	0.857063
0.121635	-0.00830816	0.99254
-0.813416	0.46255	0.352707
-0.28416	0.253024	0.924788
0.249424	0.300628	0.920549
-0.628738	-0.533526	0.56572
-0.363078	0.112863	0.924898
0.547636	0.402403	0.733599
0.374127	-0.783465	0.496197
-0.182729	-0.204035	0.961759
0.210773	-0.496821	0.841869
-0.33095	0.728094	0.600293
-0.538604	-0.0378002	0.841711
-0.240185	0.37141	0.896864
-0.0943283	0.713675	0.694097
-0.429113	-0.103635	0.897286
0.357591	0.103193	0.928159
-0.269383	-0.204592	0.94105
-0.448322	0.278411	0.849408
-0.287613	0.190983	0.938512
-0.284088	-0.319917	0.903851
-0.435666	0.245038	0.866113
-0.325126	-0.728729	0.602699
-0.513236	0.163779	0.842476
0.161866	-0.0407134	0.985973
0.0406649	0.503898	0.862805
0.0718209	-0.0192349	0.997232
-0.0982019	-0.321512	0.9418
0.0248109	-0.517985	0.85503
-0.13119	-0.398209	0.907865
-0.100483	0.116604	0.988082
0.336363	0.200627	0.920113
-0.069373	-0.182144	0.980822
-0.487295	0.651246	0.58174
0.300797	0.174357	0.937614
0.132625	0.00180555	0.991165
-0.383741	-0.0752595	0.920369
0.676724	-0.0221381	0.735904
0.473415	-0.0890813	0.876323
0.419016	0.195096	0.886771
-0.39578	0.406136	0.823657
-0.380662	0.181496	0.906728
0.292955	-0.43726	0.850283
0.0719282	-0.514686	0.854356
0.66495	0.0191723	0.746642
-0.34759	0.219303	0.91164
-0.0278986	0.35986	0.932589
0.449656	-0.149213	0.88065
0.521533	-0.248294	0.816305
-0.139473	0.0406602	0.989391
-0.611861	-0.111819	0.783021
-0.381761	0.0128001	0.924172
-0.0460841	-0.0744345	0.996161
0.176837	-0.143835	0.973674
-0.171713	0.164817	0.971262
-0.307794	-0.414985	0.856184
0.174106	-0.0571815	0.983065
0.33991	-0.700223	0.627813
-0.485355	0.659341	0.574195
0.108676	0.107081	0.988293
0.0438665	-0.289394	0.956204
-0.191676	-0.112693	0.974967
0.592603	-0.336662	0.731766
0.152316	-0.15139	0.976668
0.104893	0.348185	0.931539
-0.0234339	0.467244	0.883818
0.824981	0.27375	0.494436
-0.471796	-0.243839	0.84732
0.315927	0.426431	0.847553
0.224969	0.256527	0.939991
-0.228125	0.173983	0.957961
0.153993	0.366315	0.91766
0.00685685	-0.158695	0.987304
0.217211	0.252467	0.94291
0.105229	0.299578	0.948251
0.00660573	0.359446	0.933142
0.609586	0.286178	0.739261
-0.00516159	-0.224113	0.974549
-0.047852	-0.0454571	0.99782
-0.112428	0.443304	0.889293
0.201127	0.108355	0.973554
0.56852	0.401395	0.718099
-0.0267192	0.480793	0.876427
-0.260967	0.142541	0.954766
0.00417285	-0.142105	0.989843
-0.0922109	-0.696465	0.711642
-0.147846	0.153796	0.976979
0.47115	0.194485	0.860345
0.0409166	-0.511701	0.858189
-0.308715	-0.253825	0.916661
-0.0541781	0.194108	0.979483
-0.0824528	-0.109879	0.990519
-0.378847	-0.528053	0.760023
0.213311	-0.128332	0.968519
0.18391	0.250008	0.950617
0.319118	-0.0957405	0.942867
0.408071	-0.283545	0.867802
0.605999	0.067299	0.792613
0.0542819	0.035372	0.997899
0.714288	-0.00348482	0.699843
0.284586	-0.110082	0.952309
0.162335	0.132273	0.97783
0.617101	0.35978	0.699818
0.117207	-0.317823	0.940878
-0.235154	-0.240931	0.941624
-0.220902	-0.166548	0.96097
-0.180567	0.0572289	0.981896
-0.404594	-0.510221	0.758932
-0.33471	-0.607368	0.720467
-0.137048	0.102854	0.98521
0.0535266	-0.53226	0.844887
0.0717512	-0.625196	0.777163
-0.184012	0.41311	0.891897
-0.629302	-0.23994	0.739194
0.0352116	0.60214	0.797613
-0.0122201	0.422495	0.906283
-0.291233	0.156738	0.943725
0.360385	0.0998972	0.927439
-0.0982903	0.000587013	0.995158
0.111031	-0.200225	0.973438
0.0737937	-0.188684	0.979261
-0.0394723	0.10339	0.993857
0.400739	0.206219	0.892683
0.144476	0.257504	0.955415
0.0385855	-0.315898	0.948008
0.36466	-0.00082498	0.93114
-0.560513	0.177657	0.808865
0.258306	0.0121183	0.965987
-0.452189	-0.284833	0.845219
-0.497369	-0.0967431	0.862128
0.230418	0.432793	0.871549
-0.134357	0.488139	0.862362
0.372057	0.534326	0.758992
0.0838817	0.187185	0.978737
0.808024	0.0553034	0.586548
-0.557105	-0.410191	0.722065
-0.303767	0.626915	0.717428
0.0779899	0.311111	0.947168
0.595916	0.369845	0.712811
-0.290853	-0.490078	0.821723
0.155788	-0.188655	0.969608
-0.200424	-0.0149751	0.979595
-0.084129	0.0208656	0.996236
-0.308366	0.647852	0.696561
-0.316393	0.756431	0.572457
0.525492	0.507351	0.682974
0.0021429	-0.688543	0.725193
0.50355	-0.227164	0.833567
0.0438842	0.150843	0.987583
0.15813	0.721422	0.6742
0.241395	0.513605	0.82337
-0.125091	0.684197	0.718489
-0.141198	0.607361	0.781777
-0.0346813	0.00634641	0.999378
-0.32244	-0.461026	0.826733
-0.276435	-0.438235	0.855298
0.0127079	0.203193	0.979056
-0.102725	0.00570617	0.994693
-0.00248998	-0.527192	0.849743
-0.436811	-0.0978573	0.894215
0.0604845	-0.238146	0.969344
0.366681	0.275712	0.888554
0.320375	0.0463735	0.946155
0.233529	-0.374265	0.897435
-0.00648681	0.0755951	0.997117
0.466607	-0.041007	0.883514
0.0923617	-0.555376	0.826454
-0.0257535	-0.186385	0.982139
0.147617	-0.0914134	0.984811
-0.121548	0.160738	0.979484
-0.462856	-0.157151	0.872392
0.273743	0.868528	0.413188
0.385476	-0.261052	0.88502
0.277455	0.586299	0.761099
-0.334232	0.236972	0.912213
0.0656593	0.0581741	0.996145
0.0653142	-0.682408	0.728048
-0.851486	-0.0935406	0.515966
-0.588561	-0.0736091	0.805094
0.781236	0.166696	0.601568
-0.140816	0.107585	0.984173
0.426158	0.166986	0.889104
-0.124142	-0.203061	0.971265
0.399453	-0.321614	0.858488
-0.337064	0.115024	0.934429
-0.171996	-0.270948	0.947103
0.470663	-0.332014	0.817461
-0.0530773	0.352718	0.934223
0.123654	-0.0750506	0.989483
-0.199705	-0.0217919	0.979614
0.589371	0.40266	0.700362
-0.657217	0.449577	0.604935
-0.715694	-0.235607	0.657474
0.0979883	0.161525	0.981992
-0.324154	-0.254329	0.911176
0.518445	-0.200103	0.831368
-0.0621607	0.503135	0.861969
-0.264844	0.121694	0.956582
-0.579138	-0.401173	0.709689
-0.355434	-0.184022	0.916408
0.363137	-0.11524	0.924582
-0.153353	0.0124991	0.988092
-0.0149593	-0.294727	0.955464
-0.41909	-0.111573	0.901063
0.562987	-0.110843	0.818999
0.085166	0.208133	0.974386
-0.26112	0.097002	0.96042
0.477459	0.34977	0.806036
-0.0135317	-0.331196	0.943465
0.232026	-0.0440927	0.97171
-0.816097	0.127635	0.563644
0.388233	-0.05415	0.919969
0.0919265	0.271643	0.957998
0.055731	0.467003	0.882498
0.654353	0.067503	0.75317
0.153729	-0.074592	0.985294
-0.374139	-0.108104	0.92105
0.158501	0.00787532	0.987327
-0.295049	0.170397	0.940165
-0.300142	-0.355033	0.885362
0.348686	-0.356647	0.86673
0.264818	0.582353	0.768593
0.277329	-0.245526	0.928873
-0.409721	0.0637879	0.909978
-0.271281	-0.313422	0.91004
0.0663278	0.159689	0.984937
0.261876	0.413054	0.872243
0.0741865	0.155472	0.985051
-0.0767214	-0.102315	0.991789
0.269352	-0.140138	0.952791
-0.536655	0.131652	0.833468
-0.138732	-0.168792	0.97584
0.631049	-0.301139	0.714908
-0.0995902	0.299824	0.948782
-0.719684	-0.580026	0.381607
0.81135	0.242161	0.532042
-0.216575	-0.259249	0.941215
-0.371066	0.361677	0.855278
-0.608892	0.403336	0.68306
-0.0318722	0.447703	0.893614
-0.664215	0.125622	0.736911
0.105792	0.113033	0.987943
0.00663124	-0.414863	0.909859
0.688212	-0.429002	0.585083
-0.476549	-0.0354255	0.878434
0.154218	0.60113	0.78413
0.0897496	-0.155042	0.983823
0.188081	-0.50762	0.840802
0.378918	0.0499361	0.924082
0.14533	0.201843	0.968576
0.549773	0.00996257	0.835255
-0.0639714	-0.379941	0.922796
0.501675	-0.13699	0.85414
-0.345158	0.118322	0.931056
0.432714	-0.75488	0.492864
-0.942738	0.157499	0.294005
0.0284296	0.0878122	0.995731
0.507062	0.61485	0.604027
-0.00456491	0.0201413	0.999787
-0.541228	-0.0989714	0.835031
0.014746	0.681539	0.731633
0.394535	-0.255344	0.88269
0.175781	0.21816	0.959952
-0.626166	-0.0226948	0.779359
-0.186096	0.292521	0.937976
-0.339954	0.0160981	0.940304
0.152245	0.185724	0.970736
-0.130685	0.576592	0.806513
0.101511	0.398988	0.91132
0.111652	-0.331871	0.936694
-0.0398469	-0.654577	0.754944
0.156229	0.496049	0.854124
-0.136347	0.0760989	0.987734
0.41246	-0.294357	0.862108
-0.0758169	-0.150822	0.985649
-0.144211	0.167383	0.975288
0.568189	0.0926942	0.81766
-0.285836	-0.264001	0.921196
0.327482	0.424032	0.844365
0.243661	-0.110471	0.963548
0.0477929	0.480527	0.875677
-0.400681	-0.262301	0.877868
-0.343143	0.0343022	0.938657
-0.232712	0.283393	0.93034
-0.734108	-0.164413	0.658828
-0.00103357	0.273749	0.961801
0.651309	-0.563092	0.508649
0.169314	-0.650289	0.740579
0.40867	-0.673995	0.615401
0.213532	0.0376262	0.976211
-0.54209	-0.220924	0.81076
-0.117064	0.492571	0.862363
-0.150171	-0.664313	0.732214
0.295114	-0.494259	0.817689
0.236316	-0.12094	0.964121
0.117165	0.0536998	0.99166
0.442897	0.178411	0.878642
-0.0195779	-0.351536	0.93597
0.378233	-0.260601	0.888272
-0.292351	-0.148938	0.944642
-0.204468	-0.570965	0.795105
-0.378781	0.502077	0.77746
-0.689497	0.291601	0.662995
-0.0438588	0.176169	0.983382
0.191313	-0.375329	0.906933
-0.367601	-0.356147	0.859086
-0.423552	-0.249166	0.87093
-0.0371188	0.082896	0.995867
0.389864	0.0689829	0.918285
0.0196024	0.327201	0.944751
0.0425177	-0.0679374	0.996783
-0.199377	0.580699	0.789327
-0.173638	0.650183	0.73967
0.192109	0.20344	0.960055
-0.37011	0.0981128	0.923793
0.311413	0.428177	0.848343
0.016107	-0.455375	0.890154
-0.312995	0.337868	0.887626
0.741413	0.648764	0.171498
0.335747	-0.339605	0.878603
0.521959	0.712258	0.469305
-0.067213	0.0957245	0.993136
0.0399306	0.148537	0.9881
0.0902993	-0.605592	0.790636
0.0120107	-0.659512	0.751598
-0.0866045	0.0165085	0.996106
0.410785	0.370596	0.833015
0.383839	-0.0378219	0.922625
-0.272393	-0.287221	0.918317
0.288	0.121753	0.949859
0.122325	-0.178388	0.976327
0.254473	-0.47984	0.839641
-0.138982	-0.0940533	0.985818
0.38853	0.068048	0.91892
0.350321	0.370855	0.860082
-0.283161	-0.482918	0.828619
0.912473	0.136971	0.385528
-0.163392	-0.417517	0.893858
0.373179	-0.0149156	0.927639
-0.0504768	-0.0859579	0.995019
-0.616441	0.267892	0.740429
0.176679	-0.145654	0.973432
0.537041	0.00725711	0.843525
-0.0994423	-0.422297	0.900986
-0.104059	0.20442	0.973337
-0.229215	0.151596	0.961498
-0.35203	0.0011076	0.935988
0.281636	-0.617604	0.734334
-0.476687	-0.410926	0.777116
0.806894	0.00434299	0.59068
-0.235215	0.050228	0.970645
-0.0694344	-0.283687	0.9564
-0.0657108	-0.36174	0.92996
-0.176885	0.153953	0.972116
0.0819109	-0.680944	0.72774
-0.345937	0.282367	0.89476
-0.224288	-0.404029	0.886823
-0.0145041	-0.639185	0.768916
0.0689148	-0.155992	0.985351
0.272746	-0.368385	0.888764
0.103137	-0.0433335	0.993723
-0.0160917	0.050809	0.998579
0.120882	0.602102	0.789215
0.324633	0.268879	0.906817
-0.365155	-0.197165	0.909828
-0.312886	-0.209094	0.926489
0.290233	0.160758	0.943357
0.0605946	0.420302	0.905359
0.644557	0.180909	0.742844
-0.0953903	0.350166	0.931818
0.182866	0.145909	0.97225
-0.758625	-0.113959	0.641484
-0.0315385	0.149911	0.988196
0.101226	0.489541	0.866085
-0.665603	-0.125371	0.7357
-0.523738	0.821368	0.225951
-0.384188	-0.205165	0.900171
-0.4313	0.113434	0.895049
-0.483837	-0.495173	0.721599
0.372941	0.092022	0.923281
0.196969	0.755146	0.625266
-0.544076	0.472367	0.693433
-0.174477	0.153388	0.972641
-0.25815	0.398504	0.880087
-0.258844	0.226104	0.939083
0.149263	-0.593638	0.790768
0.00823755	-0.337921	0.941138
0.0552427	-0.191658	0.979906
0.312649	0.0803627	0.946463
-0.28987	-0.120838	0.949407
0.190179	0.00360723	0.981743
0.264204	-0.121015	0.956845
0.0945017	-0.103851	0.990093
-0.000177941	-0.452234	0.891899
0.295462	-0.42658	0.854828
-0.742734	0.397155	0.539086
-0.222432	-0.579914	0.783724
0.177526	-0.637496	0.749722
0.520703	-0.497554	0.693764
-0.5792	-0.260788	0.772345
0.3086	-0.105299	0.945346
0.0942754	0.259153	0.961224
-0.0855676	0.11361	0.989834
-0.0888939	-0.340371	0.93608
0.365713	0.449006	0.815259
0.391041	-0.734049	0.555211
0.598142	0.0403159	0.800375
0.314869	0.428092	0.84711
-0.0603077	-0.159397	0.985371
0.413965	-0.105456	0.904164
-0.0528107	-0.180308	0.982191
0.153901	0.211209	0.965249
0.106984	-0.0479753	0.993103
0.113069	-0.74641	0.65581
-0.262087	0.408018	0.874547
0.28301	-0.0256971	0.958773
0.133768	0.541375	0.830072
-0.707682	-0.313284	0.633277
-0.0154249	-0.876716	0.480761
-0.605539	-0.145944	0.782319
-0.250089	-0.121502	0.960569
-0.054823	-0.593975	0.802613
0.269251	-0.424649	0.864394
-0.162982	-0.587776	0.792437
0.0282491	0.446352	0.894411
-0.0308925	-0.349315	0.936496
0.232323	-0.453995	0.860183
0.0396429	0.121769	0.991766
-0.255877	0.303571	0.917808
0.246043	-0.418272	0.874363
0.246178	0.208898	0.946445
-0.232134	0.102813	0.967235
0.165966	-0.420055	0.892193
-0.10531	-0.446986	0.888321
0.548258	-0.331668	0.76773
0.675779	-0.0410952	0.735958
0.386496	-0.245428	0.889036
0.24947	-0.230884	0.940456
-0.359443	-0.438571	0.823685
0.22994	-0.256846	0.9387
-0.294811	0.0356624	0.95489
-0.265619	-0.652093	0.710085
0.499191	-0.156451	0.852251
-0.663445	0.354268	0.659041
0.404327	0.00620952	0.914593
-0.279415	0.219142	0.934828
0.198007	0.0840096	0.976594
-0.486716	0.314863	0.814843
0.838503	-0.113723	0.532898
-0.2329	-0.0117704	0.972429
-0.0361833	-0.221042	0.974593
-0.524423	0.267747	0.808265
0.300677	0.456511	0.837372
0.612691	0.147436	0.776449
-0.238849	0.0413017	0.970178
-0.570154	-0.199162	0.797031
-0.65598	-0.286931	0.698112
-0.262541	-0.183731	0.947267
-0.141118	-0.570242	0.809265
0.0504105	-0.0229634	0.998465
0.125604	-0.110154	0.985946
0.416254	-0.105875	0.903063
-0.287184	0.741716	0.606121
0.0857323	-0.486446	0.869494
0.503233	-0.213023	0.837483
0.0418417	-0.484604	0.873732
-0.100946	-0.284416	0.953371
-0.0868022	0.0263816	0.995876
0.372572	-0.289922	0.881553
-0.63553	0.543399	0.54847
-0.221316	-0.0851348	0.971479
0.188932	-0.220172	0.95699
-0.674594	0.347833	0.651103
0.130499	0.461874	0.877293
-0.16153	0.142797	0.976482
-0.112199	-0.0554414	0.992138
0.0610685	0.463042	0.88423
-0.62774	0.0782483	0.774481
-0.490669	-0.0408227	0.870389
-0.281766	-0.618304	0.733695
0.0703029	-0.27627	0.958505
0.660309	-0.319713	0.679541
-0.648911	-0.406958	0.642884
-0.024723	0.294233	0.955414
-0.600228	-0.176673	0.780072
0.197631	-0.129728	0.971655
0.213557	0.0942486	0.972374
0.244366	-0.0179146	0.969518
-0.416	0.170723	0.893195
-0.524403	-0.0964375	0.845991
-0.362885	-0.298976	0.882569
-0.0801761	-0.277236	0.957451
-0.261236	0.163319	0.951358
-0.0692381	0.0568151	0.995981
0.146026	-0.242925	0.958991
0.169002	0.0935835	0.981163
0.124767	-0.421463	0.898222
0.150835	-0.152541	0.976719
-0.137047	-0.636868	0.758694
-0.52486	0.258853	0.810874
-0.76383	0.113726	0.635319
0.158764	0.0277418	0.986927
0.487347	-0.286593	0.824838
-0.314085	-0.197757	0.92857
0.345185	0.429922	0.834275
-0.137388	0.18281	0.973501
-0.161185	-0.228044	0.960216
0.280193	0.800331	0.530059
-0.533087	0.181389	0.826387
0.00531276	0.0836463	0.996481
0.239004	0.178403	0.954489
-0.0862137	0.533688	0.841275
-0.162089	-0.519419	0.839006
0.241381	-0.245344	0.938904
0.364198	0.225288	0.903662
-0.304266	0.0780639	0.949383
-0.270173	0.0491208	0.961558
-0.357443	0.57938	0.732498
0.127952	0.82995	0.542966
0.0414414	0.103115	0.993806
-0.230733	0.477074	0.848034
-0.249622	-0.106739	0.962443
-0.28575	0.193576	0.93855
0.544044	0.209181	0.812564
-0.302617	-0.0460274	0.952
0.0616126	-0.240888	0.968595
-0.475281	-0.244583	0.845155
-0.566327	0.12389	0.814816
-0.194169	0.652183	0.732773
-0.481977	0.0572951	0.874308
0.145229	-0.390681	0.908998
-0.379567	-0.296884	0.876236
0.410249	-0.261456	0.873691
-0.644268	-0.451193	0.617531
0.187021	0.476572	0.859013
-0.159892	0.0669231	0.984863
-0.533261	0.479714	0.696783
-0.0439345	-0.228693	0.972507
-0.0461028	-0.0715582	0.99637
-0.130775	0.534816	0.834787
0.32075	-0.19783	0.926274
0.173877	0.0133209	0.984677
0.0653683	0.408286	0.91051
-0.706683	0.354996	0.612027
-0.168878	-0.530878	0.830451
0.263466	-0.218829	0.939521
-0.391142	-0.0735266	0.917389
-0.154403	0.309323	0.938339
0.345035	-0.388192	0.854551
0.721919	0.0147282	0.691821
-0.235499	-0.513896	0.824895
-0.0562224	-0.249466	0.96675
0.29676	-0.610651	0.734193
-0.0335754	-0.3259	0.944808
0.13991	-0.153134	0.978251
0.119681	0.325797	0.937834
0.259856	-0.326008	0.908952
-0.257497	-0.374989	0.890549
0.406395	0.475428	0.780263
-0.447232	-0.767643	0.459028
-0.555045	0.318616	0.768381
-0.264396	0.410296	0.872784
0.14289	0.150446	0.978237
-0.135241	-0.304424	0.942887
0.271007	-0.132282	0.953445
0.120152	0.467232	0.875932
0.43024	0.179667	0.884655
0.693752	-0.193868	0.693631
-0.39114	-0.373484	0.841141
-0.134438	-0.236313	0.962332
0.753462	0.437196	0.491075
-0.104705	-0.161121	0.981365
0.0377363	0.148067	0.988257
-0.305956	-0.0503602	0.950713
-0.302286	-0.135419	0.943549
0.251015	-0.111537	0.961536
-0.587105	0.0554613	0.807609
0.562838	0.0583122	0.824508
-0.104493	0.356216	0.928543
0.272008	0.739891	0.615283
0.0777949	-0.00873404	0.996931
-0.349483	0.135622	0.927075
0.0368082	0.404673	0.91372
-0.352576	0.15773	0.922394
-0.592983	0.594623	0.542949
0.0748467	-0.55652	0.827456
0.369634	-0.365853	0.85412
0.554636	-0.113858	0.824267
0.297181	-0.260514	0.918595
-0.186266	-0.430388	0.883216
-0.176541	0.361206	0.915622
-0.315314	0.0876309	0.944933
-0.137883	0.0178493	0.990288
0.0425117	0.00746299	0.999068
-0.634708	-0.159483	0.756116
-0.299726	0.0228052	0.953753
-0.160991	0.568512	0.806769
0.0411253	-0.244457	0.968788
-0.33688	-0.858735	0.386116
-0.360493	0.0284473	0.932328
-0.726698	0.154178	0.669432
-0.330021	0.198576	0.922851
-0.151426	-0.738981	0.656489
0.439044	-0.0315387	0.897912
0.0753786	0.0203805	0.996947
-0.574608	0.0763055	0.814864
-0.0375371	0.153921	0.98737
-0.628583	-0.36337	0.687637
-0.0867599	-0.689373	0.719192
0.50963	-0.333273	0.793225
-0.147587	0.182405	0.972084
-0.0392588	0.588616	0.807459
-0.100533	-0.443873	0.890432
-0.583309	-0.13875	0.800312
-0.06097	0.266813	0.961818
-0.0567739	0.337581	0.939583
0.281087	-0.150081	0.947874
-0.190507	0.583523	0.789435
-0.23894	0.129118	0.962412
-0.162959	-0.542303	0.824228
-0.239874	0.490387	0.837843
-0.302355	0.455958	0.837069
-0.168214	0.564088	0.808399
0.0752909	-0.0155672	0.99704
0.119386	-0.637555	0.761098
0.354134	-0.0760517	0.932097
-0.0861681	-0.184394	0.979068
-0.466096	0.167472	0.868739
-0.563279	-0.393389	0.72661
0.357786	0.355387	0.863533
-0.486759	-0.0541102	0.871859
-0.214817	0.180451	0.959839
0.730845	0.202124	0.651929
0.0275925	-0.346953	0.937477
-0.320606	0.253614	0.912629
0.250467	-0.0642689	0.965989
-0.209922	-0.0492388	0.976478
-0.124554	0.0630033	0.99021
0.283229	-0.126641	0.950654
-0.502122	0.318489	0.804014
0.244512	0.0597025	0.967806
0.662103	0.141559	0.735922
-0.110905	0.0952294	0.989258
0.38732	0.593509	0.7055
-0.298005	-0.37043	0.879758
-0.327661	-0.477339	0.815344
-0.237965	0.127785	0.962831
0.483048	0.0948105	0.870446
0.0146964	0.515291	0.856889
-0.788722	-0.475057	0.390179
-0.159139	0.206535	0.965411
0.0477641	-0.114104	0.99232
-0.0183869	0.185982	0.982381
-0.0196521	-0.300319	0.953636
-0.0163477	-0.583978	0.811605
-0.131789	-0.228753	0.964523
-0.043223	-0.232325	0.971677
0.702469	-0.333905	0.628526
-0.484753	-0.248519	0.838602
-0.208482	-0.0894362	0.973928
0.0181315	-0.160813	0.986818
-0.515152	-0.491388	0.70225
0.0977684	-0.285017	0.953523
-0.225105	-0.183293	0.956939
0.269016	0.542163	0.796046
-0.213187	0.0703227	0.974477
-0.163693	0.444873	0.880507
0.212615	-0.0694134	0.974667
-0.557352	-0.375712	0.740405
-0.189064	-0.375188	0.907463
-0.238373	0.67001	0.70304
0.0954831	0.104668	0.989913
0.45438	0.484818	0.747322
0.00463185	0.342761	0.939411
0.182161	-0.17538	0.967502
-0.449397	-0.527603	0.720886
0.531166	0.312842	0.787396
-0.265982	0.42895	0.863282
0.141444	0.0952627	0.985352
0.174017	0.473189	0.863603
-0.549005	-0.0448797	0.834613
-0.876991	-0.227385	0.4233
0.0470129	-0.376208	0.925342
-0.156726	0.648389	0.745003
0.0827302	0.387957	0.917957
0.312141	0.305789	0.899478
0.772205	0.322316	0.547551
0.37002	-0.203776	0.9064
-0.151235	-0.367163	0.91778
-0.477473	-0.42321	0.770008
0.559846	-0.238205	0.793619
0.107246	-0.201976	0.973501
0.894157	0.178424	0.410668
0.169751	0.342855	0.923924
-0.0722549	0.344124	0.93614
-0.366333	-0.100876	0.925
0.0855486	-0.502466	0.860354
0.0245585	0.384937	0.922616
-0.592637	-0.108024	0.798193
-0.144532	0.826003	0.544821
0.659542	0.751535	0.0141627
0.320426	0.200755	0.925756
0.0655267	0.0308107	0.997375
-0.0135524	-0.251033	0.967884
0.349441	-0.161149	0.922996
0.607412	-0.362346	0.706934
-0.219435	0.1629	0.961931
0.524986	0.185163	0.830725
-0.370412	-0.294147	0.881063
-0.0118473	0.63841	0.769606
0.640282	0.238358	0.730223
-0.36467	0.0889491	0.926879
-0.10527	-0.00818025	0.99441
-0.204237	-0.761367	0.615311
-0.84331	0.392097	0.367544
-0.581186	0.147365	0.800317
-0.174552	0.470763	0.86482
0.0400319	-0.248158	0.967892
-0.10211	0.595251	0.797026
-0.0429683	-0.0643773	0.997
0.126489	0.684342	0.718107
-0.157888	0.308292	0.938098
0.3477	0.727986	0.590881
-0.229528	-0.0442465	0.972296
-0.410585	-0.0222882	0.91155
0.181561	0.782473	0.595626
-0.29804	0.130078	0.945649
0.42089	0.728094	0.541046
0.0691394	-0.0469031	0.996504
0.37907	0.278245	0.882545
0.0808351	-0.246119	0.965863
-0.0722605	0.0480711	0.996227
0.124887	0.0301959	0.991711
-0.924421	0.144458	0.352957
-0.0765217	-0.219619	0.97258
-0.593646	-0.658888	0.462008
-0.39207	-0.260937	0.882152
-0.20893	-0.071907	0.975283
-0.618561	-0.541331	0.569511
0.013578	0.34489	0.938545
-0.585807	0.373453	0.719279
0.476525	-0.18258	0.859993
0.295341	-0.209076	0.932234
-0.393831	0.0108699	0.919119
0.073889	-0.453232	0.888325
-0.510957	0.0466993	0.858337
-0.572427	0.270543	0.774038
0.191597	0.318215	0.928456
0.347526	0.466553	0.81336
-0.0270151	-0.0231541	0.999367
-0.178327	-0.373033	0.910519
0.169692	-0.257195	0.951344
0.478771	-0.0136812	0.877833
-0.269673	-0.222069	0.936996
0.222666	0.469005	0.854666
-0.474599	-0.0547516	0.878498
0.00979656	-0.142331	0.989771
-0.697332	-0.0317937	0.716043
-0.406868	-0.0244313	0.91316
-0.214882	0.115028	0.969842
0.190648	-0.177736	0.965434
0.695213	-0.476081	0.538541
-0.00520907	0.142315	0.989808
0.442789	0.120492	0.888493
0.27323	0.561257	0.78124
0.158261	-0.468782	0.86902
-0.209059	-0.244052	0.94696
0.371161	-0.220963	0.901895
0.221665	0.532331	0.817
0.254791	0.0848283	0.963268
0.0249172	-0.298947	0.953944
0.0266674	0.023343	0.999372
0.547932	0.266449	0.792954
-0.771717	0.243971	0.587308
-0.157772	0.447367	0.880324
0.31218	-0.654605	0.688503
0.696405	-0.0637911	0.714808
-0.626387	-0.192879	0.755273
0.25204	0.159902	0.954415
-0.093468	-0.407537	0.908393
-0.790879	-0.528633	0.308316
-0.33189	0.590185	0.735888
-0.148533	0.184055	0.971628
0.187156	0.142451	0.971947
-0.345515	0.165886	0.923635
0.121336	0.215825	0.968864
0.163202	0.104458	0.981047
0.00070231	0.528165	0.849142
-0.643626	-0.115751	0.756536
0.505777	-0.242945	0.827748
0.280075	0.0758163	0.956979
-0.16577	0.784905	0.59703
-0.0748808	-0.107676	0.991362
-0.238014	-0.837066	0.492615
-0.230649	0.132608	0.963959
-0.610992	-0.461587	0.643137
-0.0619977	0.10053	0.993
-0.593057	-0.188421	0.782803
-0.177576	0.427085	0.886603
-0.0219748	-0.654594	0.755661
0.315205	-0.256863	0.913601
-0.235777	0.217348	0.94719
0.564347	-0.278921	0.776991
-0.84547	-0.0914491	0.526135
-0.527475	-0.117487	0.841407
0.507722	-0.51115	0.693501
0.144015	-0.0395589	0.988785
0.591945	-0.230372	0.772353
-0.594037	0.238806	0.768174
0.314983	0.492044	0.81159
0.220222	-0.142572	0.964974
-0.0953961	0.194794	0.976194
-0.42408	-0.704545	0.56901
0.191727	0.536531	0.821812
-0.552975	0.100656	0.827096
-0.0154705	0.233993	0.972115
0.264875	-0.00727913	0.964255
0.406629	0.0118369	0.913517
0.15647	0.50264	0.850218
-0.291409	-0.365642	0.883961
0.492341	0.0680328	0.86774
-0.153069	-0.660906	0.734692
-0.291162	-0.477467	0.829005
0.582501	0.220696	0.782295
0.503554	-0.42978	0.749481
-0.546746	-0.203196	0.812268
-0.414113	0.321169	0.851682
0.241548	-0.519172	0.819826
0.145736	0.235678	0.960842
-0.463863	-0.0887834	0.881447
0.0380631	0.127906	0.991056
0.420444	-0.447688	0.789178
0.449799	-0.202066	0.869971
-0.282506	0.539688	0.793049
-0.0977743	0.374852	0.921914
0.345307	-0.00799274	0.938456
-0.0054946	0.420507	0.907273
0.439845	0.0036052	0.898066
0.233292	0.0937445	0.967878
-0.0164822	-0.170955	0.985141
0.602878	-0.227153	0.764814
0.162529	0.604044	0.780202
-0.275563	0.549677	0.788619
-0.0654904	0.581826	0.810672
-0.0603617	0.268219	0.961465
0.73346	0.306071	0.606924
0.139832	-0.180571	0.973571
0.256521	-0.22825	0.939201
-0.204828	0.49166	0.846355
-0.417659	0.162274	0.893995
0.63111	0.386175	0.672732
0.149251	-0.367335	0.918035
0.470562	0.628373	0.619451
-0.10979	0.600236	0.792252
0.0439172	0.532239	0.845454
0.346447	0.000233076	0.938069
-0.841777	0.538521	-0.0375051
-0.213642	0.709564	0.671473
0.527537	-0.180547	0.830125
-0.370505	0.668384	0.644973
-0.707589	-0.175428	0.684502
0.373319	0.429025	0.822539
-0.12168	0.134288	0.983443
-0.468936	0.319457	0.823435
-0.410338	0.487793	0.770507
-0.172868	0.583528	0.793481
-0.304284	0.0288963	0.952143
0.0265816	-0.226012	0.973762
-0.493764	0.0449596	0.868433
0.251345	0.239453	0.93781
0.388184	-0.183826	0.903062
-0.67798	-0.0972698	0.728617
0.19095	-0.336239	0.922216
0.0965491	0.0999594	0.990296
0.461565	0.180691	0.86851
0.492519	0.331223	0.804808
0.356061	0.131397	0.925179
0.0271383	0.256266	0.966225
-0.450093	0.465433	0.762095
0.0876061	0.0309387	0.995675
0.0356192	0.313747	0.948838
-0.458999	0.0837099	0.884484
-0.462115	-0.108087	0.880209
0.110737	-0.315357	0.94249
-0.376962	-0.296991	0.877323
-0.279831	0.708202	0.648186
0.192964	-0.327992	0.924763
-0.344203	0.0452685	0.937803
0.273537	0.0365584	0.961166
0.293969	-0.415244	0.860904
0.344729	0.184408	0.920411
-0.408408	-0.509538	0.757347
0.216308	-0.103504	0.970823
0.270163	0.110951	0.956401
0.0264829	0.122996	0.992054
-0.0980118	-0.282764	0.954169
-0.17674	-0.38008	0.907911
0.525088	0.223251	0.821244
-0.609908	0.221805	0.760798
0.402287	-0.0346786	0.914857
0.156983	0.354921	0.921622
-0.0375411	-0.794327	0.606329
-0.196159	-0.554882	0.808472
0.000697945	0.356329	0.93436
-0.488259	-0.162105	0.857511
0.484946	0.0234179	0.874231
0.359407	0.693134	0.624814
-0.196526	-0.100469	0.975338
-0.404899	-0.386517	0.82865
-0.183663	0.00845549	0.982953
0.119802	0.480208	0.868935
-0.576221	0.33287	0.746436
0.24434	0.73705	0.630123
0.575427	0.720194	0.387562
0.466443	0.673573	0.57335
-0.0722633	0.157337	0.984898
-0.0790528	0.414883	0.906434
0.122379	0.292775	0.948318
-0.286073	0.0968713	0.953299
-0.709693	0.289466	0.642297
-0.0539988	0.101419	0.993377
-0.111581	0.334906	0.935622
-0.365884	-0.472	0.802088
-0.641895	-0.0466593	0.765371
-0.108679	0.263969	0.958389
-0.179356	-0.231811	0.956083
0.189728	0.241032	0.951791
-0.89547	0.0632137	0.44061
0.234856	0.217357	0.947417
0.0500162	-0.0814545	0.995421
-0.0143117	-0.118744	0.992822
0.256375	-0.0702984	0.964018
-0.728185	-0.237823	0.642796
-0.0647254	-0.005947	0.997885
0.496342	0.234391	0.835886
0.016633	-0.597696	0.80155
0.512128	0.351528	0.783679
0.532482	-0.163066	0.830586
0.510106	-0.081326	0.856258
0.211331	-0.629827	0.747434
-0.328765	-0.102078	0.938879
0.602238	0.474353	0.642105
0.566649	0.59311	0.571952
-0.175047	-0.154954	0.97229
-0.19391	-0.288653	0.937592
-0.397191	-0.534349	0.74613
0.368286	-0.290626	0.883121
0.235533	-0.04979	0.97059
0.29485	-0.0828697	0.951943
0.0250222	-0.0736087	0.996973
0.230926	-0.246247	0.941295
-0.447776	-0.259862	0.855551
0.422481	-0.213286	0.880919
0.454569	-0.280356	0.845439
-0.300635	-0.116439	0.946605
-0.751044	0.426893	0.503681
0.183784	0.2254	0.956775
0.0621788	-0.572282	0.817696
0.327792	0.421921	0.845302
-0.606134	0.171172	0.776725
-0.665481	0.647177	0.371884
-0.440715	-0.302029	0.84531
-0.0327462	0.0802624	0.996236
0.623636	0.104568	0.774689
0.253689	-0.0439833	0.966285
0.794762	0.285662	0.535491
0.691093	-0.0596262	0.720302
-0.121048	0.922609	0.366252
-0.110371	-0.397004	0.911156
0.472841	-0.112442	0.873944
0.308676	0.37024	0.876151
0.394448	0.282589	0.874388
-0.10554	-0.0317419	0.993908
0.0117281	0.0793018	0.996782
0.527494	0.689215	0.496721
0.269831	-0.0271653	0.962524
0.151811	0.185708	0.970807
-0.209148	0.33219	0.919732
-0.284922	-0.446693	0.848107
-0.69186	0.0715831	0.718474
0.590214	-0.015358	0.807101
0.154352	0.228569	0.961214
-0.103404	0.137249	0.985125
-0.167296	0.294462	0.940906
0.091197	-0.111331	0.98959
0.415347	-0.390852	0.821414
0.090014	-0.128245	0.987649
0.738663	-0.109139	0.665181
-0.410076	0.382392	0.828018
0.570368	-0.321749	0.755749
0.314441	0.461014	0.829815
-0.064955	-0.182468	0.981064
0.168875	0.305458	0.937111
0.060726	-0.0804445	0.994908
-0.173186	0.292723	0.940383
-0.385644	0.271454	0.881812
0.887788	0.222823	0.402718
-0.0459173	-0.565324	0.82359
0.268574	0.285155	0.920084
0.327154	-0.383669	0.863579
0.762085	0.439047	0.475883
0.495971	0.0464136	0.867098
0.791814	0.592419	0.14856
-0.291152	0.786958	0.543992
0.668952	0.297053	0.681368
0.00928044	-0.347987	0.937453
0.158855	0.123359	0.979565
0.633152	0.23482	0.737549
-0.218236	-0.602618	0.767609
0.539074	0.0659155	0.839675
-0.34221	-0.172195	0.923711
0.546394	-0.65438	0.522724
0.376653	0.0515829	0.924917
-0.378031	0.201101	0.903687
-0.476188	-0.365653	0.799714
-0.196401	-0.241463	0.950327
0.335478	0.148909	0.930205
-0.288935	-0.0943646	0.952687
-0.540691	-0.299566	0.786075
0.446508	0.0155633	0.894644
0.471893	-0.0252075	0.881295
0.0169878	-0.0492796	0.998641
-0.227924	-0.0239155	0.973385
0.0666507	0.538114	0.840233
-0.0280257	-0.0966094	0.994928
0.181538	0.512519	0.839267
-0.303243	0.410017	0.860192
0.0423599	-0.0265209	0.99875
-0.643329	-0.201563	0.73858
0.159211	0.084693	0.983605
0.380165	0.695834	0.609335
-0.444087	-0.171084	0.879498
0.743877	-0.0506124	0.666397
0.288434	0.230531	0.929334
0.0631816	0.283671	0.956838
0.391732	0.0991662	0.91472
0.270701	0.569857	0.775876
-0.06313	-0.220059	0.973442
0.23366	-0.368594	0.899745
-0.516887	0.190847	0.834509
-0.041423	0.570216	0.82045
0.0733946	0.179116	0.981087
-0.406876	-0.211463	0.888671
-0.177253	0.318548	0.931187
0.0208293	0.163133	0.986384
0.346871	-0.250132	0.903944
-0.258527	-0.189976	0.947139
0.830611	0.055663	0.554064
-0.000769481	0.453525	0.891243
-0.0964706	-0.728279	0.678456
-0.018134	-0.0776568	0.996815
-0.139893	-0.0629412	0.988164
-0.358679	-0.616914	0.700548
0.219426	0.187143	0.957512
-0.209336	-0.0109026	0.977783
0.0790375	0.432448	0.898188
-0.0197808	-0.0917016	0.99559
0.313069	0.160265	0.936111
0.265896	0.396355	0.87875
-0.179444	-0.199613	0.963304
-0.172735	-0.269377	0.947417
-0.0881379	-0.555719	0.826685
-0.783633	-0.212987	0.583572
0.148518	0.261448	0.953723
0.778514	-0.0875942	0.621485
0.103842	0.561148	0.821176
0.0942216	0.307679	0.946814
-0.240317	-0.612041	0.753428
0.0157147	-0.366013	0.930477
0.0712346	0.200216	0.977159
-0.44895	-0.817843	0.359967
0.464286	-0.255701	0.847971
0.36917	0.600738	0.709103
-0.0627118	-0.0765677	0.99509
0.861341	-0.334179	0.382644
-0.259139	-0.444477	0.857489
0.365096	0.0752358	0.927925
0.295298	0.306793	0.904808
-0.0998991	0.416654	0.90356
-0.152594	0.111839	0.981941
-0.283456	0.195877	0.938768
-0.022274	-0.619774	0.784464
-0.00594346	0.1378	0.990442
-0.284271	-0.318793	0.904191
0.260024	-0.166652	0.951112
-0.127368	0.0767912	0.988878
-0.236403	-0.34764	0.907337
-0.00665774	0.644807	0.764316
-0.611257	0.101856	0.78485
-0.491476	0.0688603	0.868164
-0.675668	0.221846	0.703035
0.207599	0.275443	0.938634
-0.313372	-0.130158	0.940668
0.216372	-0.116789	0.9693
0.721811	-0.42054	0.549667
0.237823	0.177697	0.954916
0.254628	-0.0826729	0.963499
-0.0561956	0.581699	0.811461
0.316071	0.112614	0.942028
-0.436104	-0.0292426	0.899421
0.280745	-0.480523	0.830831
0.0146043	-0.919378	0.393104
0.182765	-0.298038	0.936894
-0.297882	0.0940834	0.949955
0.0615114	0.357155	0.932018
-0.432477	-0.231932	0.871304
0.283746	-0.330101	0.90029
0.116586	-0.153474	0.981251
0.195457	-0.186301	0.962854
0.348275	-0.29282	0.890483
-0.488785	-0.18652	0.852232
-0.0350958	-0.455419	0.889585
-0.568438	-0.718287	0.401176
0.234248	0.489257	0.840092
-0.388365	-0.0341702	0.920872
0.0957416	-0.135503	0.98614
0.365326	0.473774	0.801296
0.0593061	0.409115	0.910554
-0.110753	-0.267007	0.957309
-0.293692	-0.254513	0.921395
0.29496	0.339195	0.893278
-0.342908	-0.166831	0.924436
0.0172684	0.198989	0.97985
-0.0277427	-0.208797	0.977565
-0.348533	-0.022557	0.937025
0.214909	0.00268397	0.97663
0.378901	0.465598	0.799783
-0.14261	-0.00452812	0.989769
-0.195536	-0.0803841	0.977397
0.0718629	-0.512118	0.855904
-0.336275	-0.492141	0.802942
-0.51311	0.136956	0.847326
-0.368243	0.174727	0.913163
-0.0245069	-0.336554	0.941345
0.20316	-0.252843	0.945937
0.128518	0.579252	0.804954
0.131234	0.0312933	0.990857
-0.158623	-0.105562	0.98168
0.403163	0.353943	0.84391
0.0374755	-0.517844	0.854654
-0.442307	-0.384434	0.810293
0.101929	-0.165321	0.980958
0.189466	-0.606722	0.772005
-0.0961104	-0.246901	0.964263
-0.319474	-0.495779	0.807552
-0.150618	0.656968	0.73872
-0.152594	0.193017	0.969257
0.0928174	-0.41515	0.905006
0.132344	0.614619	0.777643
0.832443	0.207874	0.513641
0.331854	0.384489	0.861418
-0.443292	-0.275887	0.852865
0.843361	-0.436809	0.312952
0.265921	0.875407	0.403669
-0.126382	-0.582493	0.802951
-0.112701	0.0101842	0.993577
0.168408	-0.636651	0.752539
-0.453584	-0.0584985	0.889292
0.00640196	-0.0361191	0.999327
0.512877	-0.0391574	0.857569
0.335613	0.788942	0.514718
0.830889	0.0635454	0.552798
0.588405	0.754827	0.289855
0.387576	-0.130064	0.912616
0.552371	-0.434406	0.711461
-0.335807	0.0503332	0.940585
0.700834	0.229108	0.67553
0.46463	0.490774	0.737062
0.401491	0.121689	0.907743
-0.0829268	-0.0592534	0.994793
0.674768	0.0399339	0.736949
0.579395	-0.329608	0.745426
-0.175285	-0.256288	0.950574
-0.350814	0.575104	0.739043
0.307515	-0.108129	0.945379
-0.238903	-0.093035	0.966576
0.343105	0.414332	0.842976
0.336873	-0.0346554	0.940912
-0.435702	0.55716	0.706921
0.642176	0.235049	0.729631
-0.485738	0.455536	0.74602
0.19715	0.0416159	0.97949
-0.235032	0.81361	0.531788
-0.457223	-0.661054	0.594941
0.0859189	0.228752	0.969686
0.358316	0.0246676	0.933274
0.481769	-0.478441	0.734161
-0.413111	0.68009	0.605654
-0.142321	-0.223755	0.964198
-0.10362	0.364824	0.925292
0.247523	-0.402056	0.881523
0.182033	-0.533423	0.826029
-0.0331853	-0.283475	0.958405
-0.425694	0.123325	0.896424
0.958173	0.257005	0.12591
-0.260608	0.0261098	0.965092
0.39735	-0.424614	0.813521
-0.144945	0.972701	0.181227
-0.127042	0.252648	0.959182
0.00192558	-0.252972	0.967472
0.487499	-0.444759	0.751355
-0.38121	0.0632637	0.922321
-0.295398	-0.062265	0.953343
-0.251213	0.428213	0.868059
0.549349	-0.0757309	0.832154
-0.473246	-0.693199	0.543612
-0.382748	-0.3658	0.848348
0.234318	-0.503042	0.831892
-0.107977	0.353938	0.929015
-0.521996	-0.207908	0.827221
-0.277398	-0.313316	0.908231
0.263991	0.0532223	0.963056
0.155268	-0.343229	0.926329
-0.157543	-0.736023	0.658369
0.293456	0.614065	0.732672
-0.323508	0.410226	0.852676
0.0961454	0.304011	0.947805
-0.00412992	-0.330112	0.943933
-0.760168	-0.0701887	0.645924
-0.17686	0.234398	0.955917
0.582847	-0.563621	0.585338
0.0298922	-0.627847	0.777763
-0.00134053	0.617472	0.786592
0.0622178	0.0342484	0.997475
0.19557	0.589303	0.783884
0.26117	0.543725	0.797592
0.335233	0.49291	0.802906
-0.421477	0.450564	0.786987
0.550112	0.162147	0.819198
0.142792	0.475065	0.868288
-0.243831	-0.390954	0.887525
-0.19877	-0.433868	0.878777
0.428291	0.157558	0.889799
0.517837	0.207694	0.829884
-0.125752	0.432314	0.892912
0.161219	0.0145131	0.986812
0.0771401	0.451226	0.889069
-0.465529	-0.22701	0.855424
-0.499263	-0.489521	0.714917
0.44297	0.120682	0.888377
0.0141437	-0.886842	0.461856
0.147104	-0.974721	0.168165
-0.0294999	0.0969121	0.994856
-0.682194	0.158652	0.713751
0.476532	-0.458151	0.750343
0.641638	0.579071	0.502968
0.280443	0.146455	0.948632
-0.332405	0.170908	0.927522
-0.523622	0.149155	0.838792
0.188153	-0.297266	0.936072
-0.813371	0.478348	0.331077
-0.0587094	-0.290012	0.955221
-0.00469341	0.387974	0.921659
0.43804	-0.177567	0.881244
-0.00657047	0.426371	0.904525
-0.0829755	-0.690129	0.718914
-0.230559	-0.275439	0.933261
-0.0828321	-0.336289	0.938109
0.579169	-0.166589	0.798005
-0.157145	0.287274	0.94487
-0.244254	0.0118726	0.969639
0.112694	-0.66553	0.737814
-0.386743	-0.594567	0.704926
0.654731	-0.187131	0.732331
-0.520943	-0.104289	0.847197
-0.596544	0.0809688	0.798485
0.255894	0.342843	0.903868
0.0360541	-0.847323	0.529853
0.186711	-0.440796	0.877974
0.454825	-0.649042	0.609819
0.100083	-0.278132	0.955314
-0.205063	-0.187077	0.960704
0.340713	0.194475	0.919834
0.692207	0.38111	0.612866
0.092991	-0.514681	0.852324
0.26796	0.170069	0.948301
-0.226348	-0.806104	0.546775
0.235063	-0.137112	0.962261
-0.298268	0.136938	0.944608
-0.207335	0.387175	0.898392
-0.294179	0.346273	0.890816
-0.223276	0.159965	0.96154
-0.0935787	0.299053	0.949637
-0.207822	-0.88518	0.416253
-0.215456	0.527023	0.822086
0.290112	-0.525199	0.800001
0.282665	0.0910764	0.954885
-0.575432	0.407677	0.708998
-0.202644	0.165396	0.965184
0.273157	0.359374	0.89232
0.368982	0.302818	0.878722
-0.203531	0.0940759	0.974538
-0.0743874	-0.765546	0.639066
-0.134321	-0.694466	0.706876
-0.551918	-0.00324982	0.833892
0.341121	0.774834	0.53223
0.784421	0.382843	0.48797
0.555367	-0.192629	0.808988
0.374055	0.301104	0.877166
0.166066	-0.206762	0.964195
0.25198	-0.715875	0.651175
0.220948	0.286105	0.932376
0.112662	-0.369606	0.922333
-0.737876	-0.354886	0.574104
-0.354674	-0.217505	0.909339
0.0987599	0.606944	0.788585
0.466774	-0.332349	0.819552
0.434651	0.266994	0.860112
-0.0682309	-0.274003	0.959305
-0.670526	-0.355103	0.651381
0.374878	0.0987698	0.921798
-0.245373	-0.215327	0.945212
-0.394245	0.410354	0.822302
0.521984	-0.170893	0.83566
0.262302	0.358571	0.895893
0.487275	-0.516258	0.704301
-0.0378063	0.0148126	0.999175
-0.234219	0.452358	0.860531
-0.260025	0.339983	0.903769
-0.0403453	-0.133034	0.99029
-0.342592	-0.415099	0.842807
-0.527491	0.123527	0.840532
-0.172409	0.0652826	0.98286
-0.00388089	0.0117727	0.999923
-0.383497	-0.206349	0.900194
-0.071733	-0.77414	0.628937
-0.68445	-0.118646	0.719341
0.0019875	0.838666	0.544643
-0.513037	0.495058	0.701221
-0.0820126	-0.065629	0.994468
-0.0151339	0.0202744	0.99968
-0.253929	-0.400663	0.880335
0.269447	0.304675	0.913549
-0.645383	-0.298318	0.703198
0.680212	0.558027	0.475308
-0.146507	0.372396	0.916437
-0.319737	-0.745284	0.585082
-0.180923	-0.282978	0.941908
0.474863	-0.203772	0.856144
-0.647117	-0.0316904	0.761732
-0.102585	-0.161615	0.981507
0.699197	0.0119143	0.71483
-0.50851	0.319451	0.799606
-0.670623	0.199126	0.714572
0.0243306	0.535346	0.844282
0.277849	0.649228	0.708028
0.448072	0.186795	0.874265
-0.291856	-0.389234	0.87368
-0.218424	-0.0440625	0.974859
-0.29881	0.103651	0.948667
-0.385553	-0.0482979	0.921421
0.342579	0.122059	0.931526
-0.000543722	-0.189001	0.981977
0.0511436	-0.446561	0.89329
-0.344835	0.192108	0.918794
0.087314	0.820778	0.564534
-0.0258215	-0.504385	0.863093
0.364104	0.159812	0.917545
0.669369	0.122913	0.732692
-0.19626	-0.697785	0.688896
0.280389	0.204603	0.937827
-0.215651	0.253587	0.942968
0.0284546	0.137333	0.990116
-0.413173	0.217372	0.884329
-0.0689228	-0.332439	0.940603
0.0962785	0.248551	0.963822
-0.944649	-0.293733	0.146147
-0.0159305	0.196817	0.980311
0.0768577	-0.367782	0.92673
0.263832	-0.910125	0.319477
-0.457238	-0.135418	0.878974
-0.0201339	0.0257786	0.999465
-0.412824	0.661986	0.62558
0.411901	-0.828351	0.379701
-0.116557	0.0358626	0.992536
-0.636924	-0.00444468	0.770914
-0.215928	-0.555288	0.803138
0.43356	0.238792	0.868909
0.0703181	0.181644	0.980847
-0.194	-0.0695052	0.978536
0.0590649	-0.222462	0.973151
-0.397481	-0.282344	0.873093
-0.614024	0.22164	0.757529
0.0430368	0.0361309	0.99842
0.0880475	-0.311136	0.946278
-0.220075	0.576874	0.786628
0.53334	-0.28424	0.796716
0.0865411	0.265644	0.960179
0.31639	0.374616	0.871527
-0.029518	-0.0985078	0.994698
0.1117	-0.112164	0.987392
-0.401747	-0.543532	0.737002
-0.672796	-0.102157	0.732741
-0.0041501	0.17169	0.985142
0.576743	0.297339	0.760892
-0.632766	-0.316874	0.706539
0.0828092	0.277394	0.957181
-0.123223	-0.0472994	0.991251
-0.184704	0.588289	0.787274
0.0903902	-0.477871	0.873767
-0.0906367	0.101549	0.990693
0.154932	-0.457506	0.875605
-0.131213	-0.450874	0.882891
-0.0139182	-0.343946	0.938886
0.203217	0.840024	0.503053
-0.12526	0.316883	0.940157
-0.4167	0.106956	0.90273
-0.181981	-0.115391	0.976508
0.0740537	0.0912493	0.993071
0.761962	-0.302745	0.572503
0.0313394	-0.069205	0.99711
0.0324951	0.710512	0.702934
0.414625	0.035133	0.909314
-0.24891	-0.244359	0.937194
-0.367677	0.359128	0.857812
-0.299885	0.324521	0.897081
0.476798	0.198994	0.856192
0.492179	0.566065	0.66131
-0.729201	-0.330498	0.599196
0.930495	-0.0310703	0.364985
0.438494	0.24598	0.864417
-0.807738	0.181159	0.561017
-0.520541	0.247932	0.817048
0.0246422	0.438385	0.898449
0.202606	-0.660056	0.723379
-0.320669	-0.0197551	0.946985
0.235304	0.235336	0.943
0.310116	0.192595	0.930986
-0.166277	0.217432	0.961808
-0.410786	-0.107804	0.905336
0.528638	0.178651	0.829835
0.182686	-0.0824873	0.979705
0.0121051	-0.277633	0.960611
0.290282	-0.522032	0.802009
-0.689455	0.283637	0.666485
0.03092	-0.464006	0.885292
0.247892	-0.450953	0.857433
-0.23349	-0.0504494	0.97105
-0.0200703	-0.0947444	0.995299
-0.455231	-0.108971	0.88368
-0.416025	0.311564	0.854313
-0.417612	0.73757	0.530651
-0.365595	0.0890497	0.926504
0.515278	-0.432554	0.739855
0.196105	-0.149475	0.969123
-0.172269	-0.116849	0.978095
-0.526277	0.159955	0.835133
-0.270435	-0.404849	0.873477
0.404938	0.476189	0.780557
0.301421	0.0595746	0.951628
-0.308962	0.0347567	0.950439
-0.410573	0.195944	0.890526
-0.112268	0.334861	0.935556
0.210881	0.137656	0.967771
0.229316	0.0965825	0.968548
0.506453	0.807193	0.303226
0.820225	0.57195	-0.010206
-0.592736	0.0989043	0.799301
0.289298	-0.0190445	0.95705
0.685815	-0.268715	0.676351
-0.070681	0.120137	0.990238
0.0227798	0.378968	0.925129
-0.304447	0.408548	0.860465
-0.216736	-0.406674	0.887492
-0.106113	-0.362414	0.925957
-0.127382	0.390875	0.911587
-0.583154	0.341594	0.737051
0.244037	0.51404	0.822319
0.177957	0.358134	0.916554
-0.0689517	-0.314841	0.946637
-0.0963542	-0.393224	0.91438
-0.360618	-0.0817902	0.929121
-0.121105	-0.265814	0.956387
0.269103	0.125467	0.954904
-0.0628854	0.639986	0.765809
0.388994	-0.229399	0.892222
-0.21304	0.154219	0.964796
-0.0192315	-0.575789	0.817372
-0.0347778	-0.543993	0.838369
0.464841	-0.244281	0.851028
0.0435299	-0.00808027	0.999019
-0.157192	0.111737	0.981227
0.147951	0.073155	0.986285
0.14559	0.210418	0.96671
-0.927255	-0.196245	0.318882
-0.603114	-0.164729	0.78046
0.228735	-0.768082	0.598106
-0.0810969	-0.193609	0.977721
0.74631	-0.133254	0.652123
0.640988	-0.0773197	0.763646
-0.189691	0.0405401	0.981007
-0.383635	-0.590465	0.710053
-0.441401	-0.379012	0.813336
-0.0707379	-0.331355	0.940851
-0.0649895	0.158511	0.985216
0.128336	0.2782	0.951911
-0.0558017	0.29006	0.95538
-0.101603	-0.19714	0.975096
-0.0270138	-0.105889	0.994011
-0.00407815	-0.412915	0.91076
-0.155352	-0.297096	0.942125
0.224412	-0.22713	0.947656
-0.333339	-0.68427	0.648583
0.00480849	0.00708801	0.999963
-0.676462	-0.375077	0.633811
0.475516	0.42014	0.772895
0.138364	0.144545	0.979776
-0.356689	-0.059256	0.932342
0.628588	-0.0611933	0.775327
-0.200214	0.25735	0.945349
-0.49043	-0.0804084	0.867763
-0.0115566	-0.0170631	0.999788
0.558515	-0.525075	0.64215
-0.532998	0.0635041	0.84373
-0.421364	0.0728206	0.903963
0.716945	-0.117683	0.687125
0.319711	0.306233	0.896664
0.634073	0.378064	0.674551
0.644435	-0.31092	0.698593
-0.349823	-0.924123	0.153692
0.275259	0.19434	0.941522
0.68344	0.204415	0.700802
-0.00375063	0.546816	0.837244
0.59159	0.44289	0.673699
-0.770125	0.0672068	0.634343
0.901064	-0.073683	0.427381
-0.0634015	-0.411236	0.909321
0.25773	-0.385668	0.885909
0.174664	-0.0176164	0.984471
0.151539	0.551407	0.820357
0.312583	0.68575	0.657297
0.573817	0.71016	0.40793
0.588253	-0.532739	0.608397
-0.51547	0.401901	0.756813
-0.0180987	-0.138314	0.990223
-0.171463	0.0340721	0.984601
-0.0756365	-0.156437	0.984788
0.524954	0.597199	0.606445
0.205128	0.660129	0.722601
-0.446431	-0.142393	0.883416
-0.389593	0.206303	0.897584
0.235897	-0.761661	0.603511
-0.136095	-0.893327	0.428305
-0.27098	-0.916381	0.294646
-0.15413	-0.256015	0.954306
0.139604	-0.14098	0.98012
0.119917	-0.397373	0.909788
-0.220918	0.135765	0.965797
-0.383047	0.13246	0.914182
0.455731	-0.22725	0.86062
-0.747041	0.543265	0.383135
0.184609	-0.0779624	0.979715
-0.196547	0.505343	0.840237
0.164899	-0.482248	0.860375
-0.493228	-0.0537609	0.868237
-0.150681	0.181933	0.971697
-0.0977352	0.327784	0.939684
-0.111248	-0.174044	0.978434
-0.227197	0.128445	0.965341
-0.393378	-0.0123286	0.919294
-0.414141	0.258413	0.87276
-0.131375	-0.0119293	0.991261
-0.57477	-0.189132	0.796159
-0.29942	-0.336597	0.892776
-0.436396	0.304291	0.846738
0.181551	-0.0942309	0.978856
-0.4018	-0.577205	0.710909
-0.156575	-0.00965959	0.987619
-0.163673	0.2852	0.94439
0.0588699	-0.171704	0.983388
0.346073	-0.321999	0.881221
-0.283815	-0.46875	0.836494
0.0111681	-0.319085	0.94766
-0.296688	0.0813204	0.951506
-0.359732	0.134702	0.923281
-0.214958	0.447964	0.867826
-0.17798	-0.321836	0.929917
0.0167639	0.64604	0.76312
0.311763	0.436047	0.844196
0.0896523	0.455267	0.88583
-0.037265	-0.137713	0.989771
-0.321392	-0.510622	0.797479
-0.42416	0.0195762	0.905376
0.0938867	0.0889732	0.991599
0.251646	0.532982	0.807839
0.114375	0.880132	0.460744
0.41681	0.154264	0.895808
0.528879	-0.362992	0.767153
-0.229092	-0.5675	0.790861
-0.0369425	-0.0702684	0.996844
-0.192506	-0.329256	0.924409
-0.260758	0.173286	0.949725
0.790414	0.567237	0.231274
0.145171	-0.0431091	0.988467
-0.438734	-0.185739	0.879212
0.329427	0.848158	0.414855
0.0997809	0.864896	0.491934
-0.345838	0.601112	0.720458
-0.640044	-0.367753	0.674613
-0.227954	0.0890805	0.969588
-0.0388918	0.03789	0.998525
-0.2363	0.380264	0.894182
0.0682128	0.266989	0.961282
0.167863	-0.0048815	0.985798
0.226516	-0.880924	0.415527
0.30613	0.00623543	0.951969
-0.186643	0.663532	0.724493
0.402945	0.28964	0.868184
0.161686	0.185628	0.969227
-0.45731	-0.431227	0.77776
-0.271363	-0.670737	0.690271
0.00593791	-0.569001	0.822315
0.40471	-0.287007	0.868238
-0.620412	0.259153	0.740222
0.641878	-0.268613	0.71822
-0.244771	-0.269351	0.931417
0.0519273	0.102444	0.993382
-0.430795	-0.246689	0.868079
0.430297	0.449491	0.782817
-0.168227	0.119792	0.978442
-0.397249	0.107941	0.91134
-0.0979142	0.288791	0.952372
0.314038	0.28486	0.905668
0.388807	0.0770134	0.918095
0.498002	0.241084	0.83299
0.104081	0.0261172	0.994226
-0.187141	-0.115522	0.975517
-0.579754	0.098912	0.808765
-0.403458	-0.0545188	0.913372
-0.0209479	0.0985519	0.994911
-0.333449	0.903751	0.268413
0.035189	-0.351892	0.935379
-0.0952969	0.38251	0.919024
-0.133298	0.569022	0.811447
-0.199245	-0.951293	0.235253
-0.00970146	-0.123684	0.992274
0.552008	-0.182978	0.813515
0.0732178	0.207256	0.975543
-0.127813	0.63232	0.764091
-0.501651	0.10684	0.858447
-0.39741	0.383888	0.833484
0.728179	0.682081	0.0672413
-0.80416	-0.200646	0.559525
-0.0730911	-0.169299	0.982851
0.187727	-0.48812	0.852348
0.105682	-0.265957	0.958174
-0.225408	-0.12908	0.965676
-0.117137	0.510236	0.85202
0.772583	0.146389	0.617807
0.0925457	-0.214683	0.972289
0.391811	0.24565	0.886645
-0.484764	0.300567	0.821379
-0.116175	-0.310816	0.943344
0.283	-0.216647	0.934331
0.234145	0.179076	0.955567
-0.340216	-0.29736	0.892093
-0.169084	0.705776	0.687962
-0.177465	0.186814	0.966233
-0.0851062	0.451491	0.888207
-0.101849	-0.322432	0.941098
0.155538	-0.337761	0.928292
-0.939457	0.269126	0.21211
0.410877	0.0365105	0.910959
0.387237	0.173227	0.90556
0.478436	-0.342551	0.808553
-0.348395	0.254514	0.902133
-0.111281	-0.585264	0.80317
-0.362502	-0.243618	0.899579
-0.529242	-0.0586473	0.846442
-0.802277	0.449807	0.39246
0.825888	0.195953	0.528688
0.340716	0.297872	0.891731
-0.816521	-0.134354	0.561465
-0.397224	-0.0660413	0.915342
0.364672	-0.053067	0.929622
0.059449	-0.450166	0.890964
0.134822	-0.37256	0.918162
0.00752493	0.460182	0.887793
-0.549991	-0.234494	0.801575
-0.629495	-0.631644	0.452506
-0.386009	-0.543078	0.745696
0.333452	0.0398138	0.941926
-0.130263	0.521784	0.843074
-0.338033	0.0332316	0.940547
0.138554	0.853872	0.501703
-0.327233	-0.020095	0.94473
-0.079325	0.671251	0.736974
0.365315	-0.0585	0.929044
-0.343787	0.362012	0.866463
0.0866705	0.657795	0.748193
-0.714393	0.66764	0.209524
-0.188806	-0.28185	0.940698
0.438676	0.281382	0.853456
0.303051	0.052913	0.951504
-0.75061	0.218821	0.62346
-0.279834	0.300236	0.911894
0.32335	-0.073117	0.943451
0.306822	-0.0316627	0.95124
0.432845	-0.0833921	0.897603
-0.450709	0.298485	0.84129
-0.539554	0.326934	0.775884
0.108944	0.471177	0.875285
-0.554083	-0.0885837	0.827735
-0.31906	-0.0403028	0.946877
0.763381	-0.595361	0.250588
0.318445	0.026531	0.94757
-0.0194338	-0.286978	0.95774
0.144582	0.0532571	0.988059
0.233831	-0.42292	0.875478
0.455408	0.513902	0.726986
0.609297	0.541332	0.579411
-0.0794472	-0.754096	0.651941
-0.551161	0.0761807	0.830914
-0.456733	-0.199526	0.866939
0.141172	-0.241069	0.960185
-0.142459	-0.605659	0.782868
-0.414924	0.297433	0.859867
-0.094463	0.420961	0.902147
-0.213451	0.0679643	0.974587
0.176413	-0.251946	0.951526
0.521878	-0.0612341	0.85082
0.0961847	-0.098165	0.990511
-0.553767	-0.283031	0.783093
-0.130796	-0.338086	0.931982
-0.609217	-0.170028	0.774561
-0.0165038	0.651777	0.758231
0.543348	0.561858	0.623769
-0.260921	0.554589	0.790159
-0.460469	0.191317	0.866814
-0.584087	0.393844	0.709739
0.44606	0.525502	0.724484
-0.509678	0.427086	0.746877
0.381072	0.225737	0.896564
0.155975	0.522033	0.838543
-0.467323	0.271844	0.841255
0.285428	0.355374	0.890079
-0.00383445	-0.095766	0.995396
0.195201	0.174883	0.965045
0.17195	0.395145	0.902382
0.0993217	-0.412788	0.905396
-0.0495979	-0.167698	0.98459
-0.59079	-0.185303	0.785258
0.255785	0.26194	0.930571
0.764688	-0.0806307	0.639336
-0.151654	0.584326	0.797223
-0.0750047	-0.259557	0.962811
-0.0153837	0.544511	0.838612
-0.0560565	0.0933465	0.994054
-0.229605	-0.302914	0.924946
0.268218	-0.269003	0.925039
0.164453	-0.565668	0.808069
0.221213	0.477707	0.850212
0.311004	0.291031	0.904753
-0.458327	-0.259125	0.850171
0.779937	0.426346	0.458178
0.270073	-0.239011	0.932703
-0.534646	-0.120194	0.836485
0.475898	0.258747	0.840578
0.448197	0.422773	0.787643
0.896558	0.0294739	0.441945
0.432985	0.368711	0.822542
-0.469473	0.249623	0.846926
0.111798	-0.00326024	0.993726
-0.107923	0.550037	0.828138
0.495281	0.142007	0.857048
-0.0738308	-0.308448	0.948372
-0.0275941	-0.182405	0.982836
0.857784	0.196334	0.475036
0.0194816	0.453276	0.891157
0.0334134	0.602372	0.797516
-0.336901	-0.320622	0.885268
-0.0038188	-0.561338	0.827578
-0.304497	-0.267269	0.914248
0.497401	-0.667318	0.554328
-0.0145191	-0.223421	0.974614
0.0547174	-0.780084	0.623278
0.204255	-0.440788	0.874063
0.571032	0.175357	0.80198
-0.366597	-0.383129	0.847832
-0.445319	-0.227784	0.865913
-0.116095	0.502292	0.856869
-0.0225826	0.61154	0.790891
-0.205811	0.552052	0.80801
-0.216844	-0.0743444	0.973371
0.00500098	0.942287	0.334768
-0.627372	0.169476	0.760054
-0.434497	0.400438	0.80676
0.116542	0.311406	0.943103
-0.48395	0.542885	0.686344
-0.191256	0.0578033	0.979837
-0.775018	0.278251	0.567383
-0.828338	-0.0759522	0.555057
-0.0210523	0.127015	0.991677
0.0782952	0.333359	0.939543
-0.12871	-0.131179	0.982968
0.0951878	-0.602	0.792803
0.680804	0.369567	0.632397
0.196536	0.805144	0.559569
0.30094	0.134112	0.944166
-0.470381	0.00282883	0.882459
-0.284547	0.60704	0.74198
0.172626	0.0259574	0.984645
0.164289	0.290198	0.942759
-0.371946	0.0505807	0.926875
-0.53909	0.0960374	0.836755
-0.930926	-0.23419	0.280234
-0.0239687	-0.69544	0.718184
0.177843	0.173194	0.968698
0.679566	0.00601579	0.733589
0.0641071	0.344417	0.936625
-0.0770237	0.464358	0.882292
-0.568149	0.457635	0.683942
-0.500916	0.219369	0.837234
-0.419584	0.283374	0.86235
-0.778902	0.625483	0.0456368
-0.380902	-0.694676	0.610196
-0.682919	0.163051	0.712065
0.395531	0.902828	0.168691
0.617897	-0.125763	0.776136
-0.0189504	0.116151	0.993051
0.789277	-0.568936	0.230985
-0.532603	0.120317	0.83777
-0.494248	0.279929	0.823018
-0.389294	-0.190663	0.901165
0.778595	-0.0247346	0.62704
-0.827368	0.3351	0.450743
0.920402	0.0788606	0.382937
-0.0235923	-0.238796	0.970783
0.385743	-0.22213	0.895467
-0.459057	-0.203339	0.864824
0.394516	-0.0979751	0.913651
0.388809	-0.233405	0.891263
-0.115284	-0.181811	0.976552
0.211849	0.594196	0.77592
-0.86026	-0.483481	0.161859
-0.22223	0.340534	0.913592
-0.164851	-0.0472879	0.985184
0.458365	0.330298	0.825109
0.612839	-0.304996	0.728976
0.274894	-0.103605	0.955876
0.738111	-0.183527	0.649238
-0.811515	0.498872	0.304253
0.140927	-0.420534	0.896265
0.434682	0.0238963	0.900267
0.776271	-0.21268	0.593439
0.561141	-0.25343	0.787968
-0.16806	-0.77534	0.608773
0.0403517	-0.423574	0.904962
0.618141	0.201021	0.759929
0.454113	0.232211	0.860151
0.309739	0.422942	0.851576
-0.432244	0.0772652	0.89844
-0.607379	0.576281	0.546801
-0.417096	0.553667	0.720752
-0.40415	0.427254	0.808775
0.144482	0.681142	0.717754
-0.321651	0.413009	0.852035
-0.531968	0.147317	0.833851
0.230614	0.322578	0.91802
0.618957	0.230378	0.750878
-0.269284	0.635261	0.72383
-0.0653614	0.178888	0.981696
0.232832	0.101779	0.967177
0.261049	0.00229282	0.965323
-0.131425	0.525428	0.840626
-0.228315	0.306762	0.923996
0.84078	0.501054	0.205021
0.34078	0.774689	0.53266
-0.179778	0.293494	0.938904
0.519372	0.355937	0.776892
-0.474314	-0.423537	0.771779
0.29266	0.0329139	0.95565
0.554808	0.720722	0.415629
-0.541565	-0.401672	0.73849
-0.433049	-0.456228	0.777383
0.144424	-0.149578	0.978145
0.660975	0.448021	0.601988
0.746461	0.00656125	0.665396
0.351513	0.439821	0.826436
0.474109	-0.879665	-0.0375556
0.0861299	0.735275	0.672274
-0.317593	-0.450957	0.83413
-0.381369	0.623525	0.682476
0.152797	-0.776857	0.610857
0.110365	0.588245	0.801116
0.321061	0.169831	0.931707
0.423715	0.0819794	0.902078
-0.273345	-0.482744	0.83201
-0.348625	0.522152	0.778343
0.677275	0.319934	0.662526
0.315437	-0.2689	0.910051
0.0318568	0.0494428	0.998269
-0.360089	-0.42023	0.832912
0.322167	0.0561241	0.945018
-0.393771	-0.465943	0.792364
-0.19219	-0.157405	0.968652
0.283055	0.638944	0.715284
0.216517	-0.0467077	0.975161
0.847119	-0.528432	0.0561067
0.317425	-0.179389	0.931161
0.298255	0.914046	-0.274888
-0.146522	0.451605	0.880105
-0.616345	0.0907874	0.782226
0.0946492	-0.026438	0.99516
-0.103132	-0.777549	0.620307
-0.68371	0.103847	0.722327
0.45068	0.579412	0.679095
-0.35191	-0.512402	0.783328
0.511461	0.687281	0.515803
0.833101	-0.377934	0.403867
0.27533	-0.0461767	0.96024
-0.562043	0.280509	0.778089
0.239278	-0.655391	0.716386
0.846452	-0.0463147	0.530447
0.810618	-0.363917	0.458763
0.177079	-0.0214258	0.983963
0.206258	0.398424	0.893709
-0.0254348	0.583696	0.811574
0.93994	-0.023109	0.340557
0.624105	-0.58211	0.521192
0.063365	0.46353	0.883813
0.847707	0.0655334	0.526401
0.0364338	-0.414922	0.909127
0.0268806	-0.0778277	0.996604
-0.321582	0.0586986	0.94506
0.846411	0.531655	0.030527
-0.27317	-0.201722	0.940578
-0.15268	-0.357653	0.921289
0.237853	-0.266723	0.933962
-0.285036	-0.379721	0.880095
-0.0802103	-0.99614	0.0356665
0.293682	0.204462	0.933781
-0.234101	-0.33784	0.911625
0.0046768	0.376066	0.926581
0.292464	-0.439053	0.849527
0.611175	0.369767	0.699812
0.391072	0.292641	0.872596
-0.534882	0.56217	0.630766
0.654838	-0.502143	0.564836
0.393054	-0.236928	0.888467
0.826776	-0.293516	0.479885
0.117549	-0.707658	0.696708
-0.128003	0.106128	0.986079
0.079814	0.177126	0.980947
0.339055	0.255038	0.905537
0.270577	0.462514	0.844316
-0.279042	0.430017	0.858616
0.812023	-0.184608	0.55366
0.132505	0.582484	0.801969
-0.264516	-0.962361	0.0623992
0.494318	-0.713189	0.497003
0.760867	0.278735	0.585994
0.360127	-0.065562	0.930597
-0.00263122	0.332833	0.942982
0.266851	0.229725	0.935958
-0.998997	-0.023848	-0.0378854
0.348113	-0.327673	0.878321
0.144152	0.247118	0.958203
-0.000809476	-0.272835	0.96206
-0.396479	0.357349	0.845639
-0.260408	-0.192487	0.946116
-0.409336	-0.260159	0.874506
0.674389	0.721333	-0.157726
-0.617001	0.26062	0.742554
-0.33566	-0.576145	0.745244
-0.420829	-0.761164	0.493489
-0.0940897	0.450608	0.88775
0.706703	-0.127076	0.696004
-0.496806	0.228217	0.837318
-0.901183	-0.361048	0.239821
-0.37487	0.139683	0.916494
0.668783	0.595367	0.445273
0.12427	-0.603898	0.787315
0.666302	-0.468127	0.58043
-0.874278	0.0606035	0.481627
-0.307577	-0.518495	0.797846
0.245239	-0.913518	0.324566
0.580617	-0.788431	0.203126
0.16436	0.0145714	0.986293
-0.811048	0.340994	0.475315
0.118355	-0.498269	0.858906
0.663717	-0.612117	0.429875
-0.254249	-0.692871	0.674749
-0.845666	0.213878	0.488983
-0.53244	-0.499139	0.683643
-0.471199	-0.545357	0.693222
-0.182352	0.0388507	0.982465
0.336154	0.0434303	0.940805
-0.130245	-0.182418	0.974556
0.0832734	-0.585221	0.806587
0.64664	-0.733606	0.208994
-0.289294	0.259	0.921536
0.00409523	-0.930929	0.365178
0.742265	0.389772	0.545088
0.169251	-0.307489	0.936379
0.129157	-0.181444	0.974883
0.553923	0.133503	0.821795
-0.482485	-0.782741	0.393097
0.665245	-0.0873376	0.741499
0.250553	0.153455	0.955863
0.450368	0.270508	0.850879
-0.212036	-0.624177	0.75196
0.245548	0.509237	0.824854
-0.35313	-0.613472	0.706365
0.10375	0.236991	0.965956
0.0607994	-0.38079	0.92266
0.589765	-0.17915	0.787453
0.445479	0.613163	0.652364
-0.252923	0.609889	0.751043
-0.726481	-0.238228	0.644572
0.16255	0.949011	0.270105
0.255238	0.838089	0.482142
0.522237	-0.851003	-0.0553373
0.924231	0.380086	-0.0364922
-0.573929	-0.101122	0.812638
0.0496267	0.0329388	0.998225
0.0298523	0.144377	0.989072
-0.170023	0.151949	0.973655
0.531207	0.844593	0.0669493
-0.573673	0.577973	0.580385
-0.528655	0.0421331	0.84779
0.879661	-0.444311	0.169659
-0.419909	-0.0600665	0.905576
-0.180549	0.479274	0.858894
-0.612663	-0.0726642	0.786997
-0.112486	-0.35599	0.927695
-0.580102	-0.654586	0.484766
0.761607	0.241982	0.601165
-0.575313	-0.00810475	0.817893
-0.447092	0.183006	0.875567
0.828397	-0.480103	0.288548
0.115716	-0.259711	0.958728
0.32845	-0.762891	0.556882
-0.322746	0.631194	0.705286
0.0726732	0.141368	0.987286
0.193587	-0.286832	0.938217
0.108187	0.0124985	0.994052
-0.630349	-0.522817	0.573866
-0.0630275	-0.926145	0.371864
-0.735532	-0.584673	0.342272
-0.276298	-0.246044	0.929043
0.829129	-0.0871404	0.552225
0.430457	-0.00905173	0.902566
-0.0103436	0.258651	0.965916
0.370213	-0.390413	0.842923
0.299326	-0.950934	0.0782862
0.0923361	0.511064	0.854569
0.270112	0.00923542	0.962785
0.485348	0.0933807	0.86932
-0.195219	-0.874226	0.444543
0.373049	-0.330771	0.866848
0.133592	-0.0835629	0.987507
-0.791356	-0.0639016	0.608006
-0.373417	-0.42435	0.824916
0.42049	-0.436248	0.795535
0.106612	-0.110309	0.988163
-0.0646311	0.657043	0.751077
-0.421174	0.855649	0.300794
0.735318	0.416159	0.534901
0.329903	0.413014	0.848872
-0.00970488	0.791917	0.610552
0.347236	-0.141988	0.926966
0.325685	-0.296103	0.897916
0.312666	0.221889	0.923583
0.0611344	0.676977	0.733461
0.197718	0.970834	0.135607
-0.346961	0.605832	0.715951
0.27681	0.391747	0.877445
0.152444	0.544559	0.824752
0.37041	-0.276826	0.886659
0.295351	-0.56555	0.770013
0.533915	0.470886	0.702283
0.126803	0.643324	0.75502
-0.534006	0.211699	0.818548
-0.127452	-0.968619	0.213383
0.349337	0.907803	0.232072
-0.381682	-0.538819	0.750995
0.190411	0.958012	0.214375
0.955045	0.148137	0.256796
0.695176	-0.167421	0.699071
-0.127244	-0.722944	0.679088
0.0301082	-0.743801	0.667723
-0.022649	-0.816667	0.576665
0.296464	0.421057	0.857216
0.273518	-0.329724	0.903587
0.197074	-0.237431	0.951203
0.837309	0.0133007	0.546567
0.510865	-0.269483	0.816331
-0.380594	0.29262	0.877224
0.0653781	0.312091	0.9478
0.143475	0.706409	0.69311
0.29807	0.241273	0.923548
-0.404801	-0.76422	0.5021
-0.430949	0.167767	0.886644
0.502157	0.00642129	0.864753
-0.0416069	0.384345	0.922251
0.619046	-0.350096	0.703004
0.0994083	-0.124278	0.987255
0.158432	0.12359	0.979604
-0.439386	0.336784	0.832777
-0.00727078	-0.237563	0.971345
-0.160057	-0.174856	0.971497
-0.540439	0.52292	0.659151
-0.110722	-0.881632	0.458766
-0.0202008	0.559801	0.828381
0.307043	0.176293	0.935225
0.0627922	0.0623941	0.996074
0.463376	0.171408	0.869426
-0.0488426	-0.294606	0.95437
-0.0692412	-0.188107	0.979705
-0.0989765	-0.180015	0.978672
-0.66337	0.546429	0.511229
0.0582455	0.880647	-0.470179
-0.795838	-0.0888423	0.598957
-0.505196	0.120736	0.854517
-0.109615	-0.84418	0.524733
-0.243621	-0.389913	0.888041
0.595733	-0.461158	0.657598
-0.675795	-0.583888	0.449862
-0.0288565	0.952934	0.301801
0.325882	-0.0753556	0.942402
-0.37226	-0.131006	0.918836
-0.12737	0.096454	0.987154
-0.681916	-0.0738959	0.727688
-0.00269895	0.517355	0.855767
0.157205	0.554068	0.817493
0.786744	0.178312	0.590964
-0.108267	0.14209	0.983915
0.896644	0.196557	0.396731
0.595988	-0.283284	0.751364
0.0341256	-0.220404	0.974811
-0.0958889	-0.358183	0.928714
-0.0252178	0.9507	0.309084
0.469764	0.161038	0.86798
-0.226375	-0.031219	0.97354
0.610652	0.138075	0.779769
-0.0252655	0.316877	0.94813
0.771808	-0.132086	0.621986
0.0985877	0.0635087	0.9931
0.375177	-0.66141	0.649445
0.51856	0.225408	0.824795
-0.255747	0.594768	0.762132
-0.472988	0.0843397	0.877023
0.721797	-0.169778	0.670958
-0.0950219	-0.558903	0.823771
-0.147178	0.281276	0.948273
-0.0576442	-0.0448796	0.997328
0.881528	0.348427	0.318603
0.499798	0.0546548	0.864416
0.121833	-0.379219	0.917251
-0.629213	0.303565	0.715499
-0.043989	-0.491772	0.869612
0.824207	0.380688	0.419238
-0.128826	-0.231698	0.96422
-0.313843	-0.406597	0.85801
0.0773883	0.326345	0.942078
-0.115176	0.540847	0.833198
-0.136585	-0.933417	0.331779
0.931179	-0.364556	-0.00214269
-0.216758	0.684802	0.695746
-0.0566347	0.292386	0.954622
-0.336613	0.622466	0.706561
-0.316442	-0.445854	0.837305
0.550982	-0.188734	0.812895
0.249946	0.0559709	0.966641
-0.0425064	0.076211	0.996185
0.117381	0.276223	0.953899
-0.00010822	0.844439	0.535652
-0.0201428	0.207327	0.978064
-0.942961	-0.1197	0.31064
-0.0643425	0.165255	0.98415
-0.487485	-0.171844	0.856054
-0.411693	-0.235154	0.880461
0.29757	-0.664386	0.685597
0.594108	0.668903	0.446772
-0.354247	0.506634	0.786022
0.301985	0.118911	0.945867
-0.28725	0.28822	0.913464
0.832609	-0.192507	0.519329
-0.461918	0.447268	0.765887
-0.300001	0.450484	0.840871
-0.757221	0.212164	0.617739
-0.323967	-0.648043	0.689264
-0.0824293	-0.150871	0.985111
0.950888	0.134333	0.278865
0.324685	-0.383124	0.864752
0.194103	-0.412762	0.889917
-0.199404	-0.471564	0.858991
0.615944	-0.0304894	0.787199
-0.486558	0.827172	-0.281155
-0.0171946	0.522984	0.852169
-0.216574	0.353784	0.909908
0.216781	0.0822215	0.972752
0.861561	0.307768	0.403722
