3400
0.0845898	0.162469	0.983081
0.0845886	0.162468	0.983081
0.0845891	0.162469	0.983081
0.0845891	0.162468	0.983081
0.0845893	0.162469	0.983081
0.0845892	0.162469	0.983081
0.0845877	0.162465	0.983082
0.0845866	0.162464	0.983082
0.0845871	0.162465	0.983082
0.0845873	0.162464	0.983082
0.0845873	0.162465	0.983082
0.0845873	0.162465	0.983082
0.084587	0.162461	0.983083
0.0845861	0.162459	0.983083
0.0845865	0.16246	0.983083
0.084587	0.16246	0.983083
0.0845868	0.16246	0.983083
0.084587	0.16246	0.983083
0.0845879	0.162457	0.983083
0.0845872	0.162455	0.983084
0.0845875	0.162456	0.983083
0.0845882	0.162456	0.983083
0.0845879	0.162456	0.983083
0.0845883	0.162456	0.983083
0.0845901	0.162454	0.983083
0.0845895	0.162454	0.983084
0.0845898	0.162454	0.983084
0.0845905	0.162455	0.983083
0.0845903	0.162454	0.983083
0.0845906	0.162455	0.983083
0.0845927	0.162455	0.983083
0.0845922	0.162455	0.983083
0.0845925	0.162455	0.983083
0.0845931	0.162456	0.983083
0.0845929	0.162456	0.983083
0.0845933	0.162456	0.983083
0.0845948	0.162459	0.983082
0.0845942	0.162459	0.983082
0.0845945	0.162459	0.983082
0.0845949	0.16246	0.983082
0.0845949	0.16246	0.983082
0.0845951	0.16246	0.983082
0.0845955	0.162464	0.983081
0.0845947	0.162464	0.983082
0.0845951	0.162464	0.983081
0.0845953	0.162465	0.983081
0.0845954	0.162464	0.983081
0.0845954	0.162465	0.983081
0.0845946	0.162468	0.983081
0.0845936	0.162468	0.983081
0.0845941	0.162468	0.983081
0.084594	0.162468	0.983081
0.0845943	0.162468	0.983081
0.0845942	0.162469	0.983081
0.0845924	0.16247	0.983081
0.0845913	0.162469	0.983081
0.0845918	0.16247	0.983081
0.0845917	0.16247	0.983081
0.0845919	0.16247	0.983081
0.0845918	0.16247	0.983081
0.0845938	0.162473	0.98308
0.084593	0.162472	0.98308
0.0845933	0.162473	0.98308
0.0845932	0.162472	0.98308
0.0845932	0.162473	0.98308
0.0845932	0.162473	0.98308
0.0845917	0.16247	0.983081
0.084591	0.162469	0.983081
0.0845913	0.162469	0.983081
0.0845914	0.162468	0.983081
0.0845913	0.162469	0.983081
0.0845914	0.162469	0.983081
0.084591	0.162465	0.983082
0.0845905	0.162464	0.983082
0.0845907	0.162464	0.983082
0.084591	0.162464	0.983082
0.0845908	0.162464	0.983082
0.084591	0.162464	0.983082
0.0845919	0.162461	0.983082
0.0845916	0.16246	0.983082
0.0845917	0.16246	0.983082
0.0845923	0.16246	0.983082
0.0845919	0.16246	0.983082
0.0845923	0.16246	0.983082
0.0845941	0.162459	0.983082
0.0845939	0.162458	0.983083
0.084594	0.162458	0.983082
0.0845946	0.162459	0.983082
0.0845942	0.162458	0.983082
0.0845947	0.162459	0.983082
0.0845967	0.162459	0.983082
0.0845966	0.162459	0.983082
0.0845967	0.16246	0.983082
0.0845972	0.16246	0.983082
0.0845969	0.16246	0.983082
0.0845973	0.16246	0.983082
0.0845988	0.162463	0.983081
0.0845985	0.162463	0.983081
0.0845987	0.162463	0.983081
0.084599	0.162464	0.983081
0.0845988	0.162464	0.983081
0.0845991	0.162464	0.983081
0.0845995	0.162468	0.98308
0.0845991	0.162468	0.98308
0.0845993	0.162468	0.98308
0.0845993	0.162469	0.98308
0.0845993	0.162468	0.98308
0.0845994	0.162469	0.98308
0.0845986	0.162472	0.98308
0.084598	0.162472	0.98308
0.0845983	0.162472	0.98308
0.0845981	0.162473	0.98308
0.0845982	0.162472	0.98308
0.0845982	0.162473	0.98308
0.0845964	0.162474	0.98308
0.0845956	0.162474	0.98308
0.084596	0.162474	0.98308
0.0845958	0.162474	0.98308
0.0845959	0.162474	0.98308
0.0845958	0.162474	0.98308
0.0845942	0.162473	0.98308
0.0845939	0.162473	0.98308
0.084594	0.162473	0.98308
0.0845937	0.162473	0.98308
0.0845936	0.162473	0.98308
0.0845936	0.162473	0.98308
0.0845921	0.16247	0.983081
0.0845919	0.162469	0.983081
0.084592	0.162469	0.983081
0.0845918	0.162469	0.983081
0.0845917	0.162469	0.983081
0.0845917	0.162469	0.983081
0.0845914	0.162465	0.983082
0.0845914	0.162464	0.983082
0.0845914	0.162465	0.983082
0.0845915	0.162464	0.983082
0.0845912	0.162464	0.983082
0.0845914	0.162464	0.983082
0.0845923	0.162461	0.983082
0.0845925	0.16246	0.983082
0.0845924	0.162461	0.983082
0.0845927	0.16246	0.983082
0.0845923	0.16246	0.983082
0.0845927	0.16246	0.983082
0.0845945	0.162459	0.983082
0.0845948	0.162459	0.983082
0.0845947	0.162459	0.983082
0.0845951	0.162459	0.983082
0.0845946	0.162458	0.983082
0.084595	0.162459	0.983082
0.0845972	0.16246	0.983082
0.0845975	0.16246	0.983082
0.0845973	0.16246	0.983082
0.0845976	0.16246	0.983082
0.0845973	0.16246	0.983082
0.0845976	0.16246	0.983082
0.0845992	0.162463	0.983081
0.0845994	0.162464	0.983081
0.0845993	0.162464	0.983081
0.0845994	0.162464	0.983081
0.0845992	0.162464	0.983081
0.0845995	0.162464	0.983081
0.0846	0.162468	0.98308
0.0846	0.162469	0.98308
0.0845999	0.162468	0.98308
0.0845998	0.162469	0.98308
0.0845997	0.162468	0.98308
0.0845998	0.162469	0.98308
0.084599	0.162472	0.98308
0.0845989	0.162473	0.98308
0.0845989	0.162472	0.98308
0.0845986	0.162473	0.98308
0.0845986	0.162472	0.98308
0.0845986	0.162473	0.98308
0.0845968	0.162474	0.98308
0.0845965	0.162474	0.98308
0.0845966	0.162474	0.98308
0.0845962	0.162474	0.98308
0.0845963	0.162474	0.98308
0.0845962	0.162474	0.98308
0.0845908	0.162469	0.983081
0.084591	0.16247	0.983081
0.0845908	0.16247	0.983081
0.0845903	0.162469	0.983081
0.0845903	0.162469	0.983081
0.0845901	0.162469	0.983081
0.0845888	0.162466	0.983082
0.084589	0.162466	0.983082
0.0845888	0.162466	0.983082
0.0845885	0.162465	0.983082
0.0845883	0.162465	0.983082
0.0845883	0.162465	0.983082
0.084588	0.162461	0.983083
0.0845885	0.162461	0.983082
0.0845882	0.162461	0.983083
0.0845882	0.16246	0.983083
0.0845878	0.16246	0.983083
0.084588	0.16246	0.983083
0.0845889	0.162457	0.983083
0.0845896	0.162457	0.983083
0.0845892	0.162457	0.983083
0.0845894	0.162456	0.983083
0.084589	0.162456	0.983083
0.0845892	0.162456	0.983083
0.0845911	0.162455	0.983083
0.0845919	0.162455	0.983083
0.0845915	0.162455	0.983083
0.0845918	0.162455	0.983083
0.0845913	0.162455	0.983083
0.0845916	0.162455	0.983083
0.0845938	0.162456	0.983083
0.0845946	0.162457	0.983083
0.0845942	0.162456	0.983083
0.0845943	0.162456	0.983083
0.0845939	0.162456	0.983083
0.0845942	0.162456	0.983083
0.0845959	0.162459	0.983082
0.0845966	0.16246	0.983082
0.0845962	0.16246	0.983082
0.0845961	0.16246	0.983082
0.0845959	0.16246	0.983082
0.084596	0.16246	0.983082
0.0845966	0.162464	0.983081
0.0845971	0.162465	0.983081
0.0845968	0.162465	0.983081
0.0845965	0.162465	0.983081
0.0845964	0.162465	0.983081
0.0845964	0.162465	0.983081
0.0845957	0.162468	0.983081
0.084596	0.162469	0.98308
0.0845958	0.162469	0.983081
0.0845952	0.162469	0.983081
0.0845953	0.162469	0.983081
0.0845951	0.162469	0.983081
0.0845935	0.16247	0.983081
0.0845936	0.162471	0.98308
0.0845935	0.162471	0.98308
0.0845929	0.16247	0.983081
0.0845929	0.16247	0.983081
0.0845927	0.16247	0.983081
0.084585	0.162463	0.983082
0.0845854	0.162464	0.983082
0.0845851	0.162463	0.983082
0.0845845	0.162462	0.983083
0.0845845	0.162463	0.983083
0.0845842	0.162462	0.983083
0.0845829	0.162459	0.983083
0.0845834	0.16246	0.983083
0.0845831	0.16246	0.983083
0.0845827	0.162458	0.983083
0.0845825	0.162459	0.983083
0.0845824	0.162458	0.983083
0.0845822	0.162455	0.983084
0.0845829	0.162455	0.983084
0.0845825	0.162455	0.983084
0.0845823	0.162454	0.983084
0.084582	0.162454	0.983084
0.0845821	0.162454	0.983084
0.0845831	0.16245	0.983085
0.084584	0.162451	0.983085
0.0845835	0.162451	0.983085
0.0845836	0.16245	0.983085
0.0845832	0.16245	0.983085
0.0845833	0.16245	0.983085
0.0845853	0.162448	0.983085
0.0845863	0.162449	0.983085
0.0845858	0.162449	0.983085
0.0845859	0.162449	0.983085
0.0845855	0.162448	0.983085
0.0845857	0.162448	0.983085
0.0845879	0.162449	0.983084
0.084589	0.16245	0.983084
0.0845884	0.16245	0.983084
0.0845885	0.16245	0.983084
0.0845882	0.16245	0.983084
0.0845883	0.16245	0.983084
0.08459	0.162453	0.983084
0.084591	0.162454	0.983083
0.0845904	0.162454	0.983084
0.0845903	0.162454	0.983084
0.0845901	0.162453	0.983084
0.0845901	0.162454	0.983084
0.0845907	0.162458	0.983083
0.0845915	0.162459	0.983083
0.084591	0.162458	0.983083
0.0845906	0.162459	0.983083
0.0845906	0.162458	0.983083
0.0845905	0.162459	0.983083
0.0845898	0.162462	0.983082
0.0845904	0.162463	0.983082
0.08459	0.162463	0.983082
0.0845894	0.162462	0.983082
0.0845895	0.162462	0.983082
0.0845892	0.162463	0.983082
0.0845876	0.162464	0.983082
0.084588	0.162465	0.983082
0.0845877	0.162464	0.983082
0.0845871	0.162464	0.983082
0.0845871	0.162464	0.983082
0.0845868	0.162464	0.983082
0.0845788	0.162456	0.983084
0.0845792	0.162457	0.983084
0.0845789	0.162457	0.983084
0.0845784	0.162456	0.983084
0.0845785	0.162456	0.983084
0.0845781	0.162456	0.983084
0.0845768	0.162453	0.983085
0.0845772	0.162453	0.983085
0.0845769	0.162453	0.983085
0.0845766	0.162452	0.983085
0.0845765	0.162452	0.983085
0.0845763	0.162452	0.983085
0.084576	0.162448	0.983086
0.0845767	0.162448	0.983086
0.0845763	0.162448	0.983086
0.0845762	0.162447	0.983086
0.084576	0.162448	0.983086
0.0845759	0.162447	0.983086
0.084577	0.162444	0.983086
0.0845778	0.162444	0.983086
0.0845774	0.162444	0.983086
0.0845775	0.162443	0.983086
0.0845771	0.162444	0.983086
0.0845772	0.162443	0.983086
0.0845792	0.162442	0.983086
0.0845802	0.162443	0.983086
0.0845796	0.162442	0.983086
0.0845798	0.162442	0.983086
0.0845795	0.162442	0.983086
0.0845796	0.162442	0.983086
0.0845818	0.162443	0.983086
0.0845828	0.162444	0.983086
0.0845823	0.162443	0.983086
0.0845824	0.162444	0.983086
0.0845821	0.162443	0.983086
0.0845822	0.162443	0.983086
0.0845839	0.162446	0.983085
0.0845848	0.162448	0.983085
0.0845843	0.162447	0.983085
0.0845842	0.162447	0.983085
0.0845841	0.162447	0.983085
0.084584	0.162447	0.983085
0.0845846	0.162451	0.983084
0.0845853	0.162453	0.983084
0.0845849	0.162452	0.983084
0.0845845	0.162452	0.983084
0.0845846	0.162452	0.983084
0.0845843	0.162452	0.983084
0.0845837	0.162455	0.983084
0.0845842	0.162457	0.983084
0.0845839	0.162456	0.983084
0.0845833	0.162456	0.983084
0.0845834	0.162456	0.983084
0.0845831	0.162456	0.983084
0.0845815	0.162457	0.983084
0.0845819	0.162458	0.983084
0.0845816	0.162458	0.983084
0.0845809	0.162457	0.983084
0.0845811	0.162458	0.983084
0.0845807	0.162457	0.983084
0.0845748	0.162452	0.983085
0.0845748	0.162453	0.983085
0.0845747	0.162452	0.983085
0.0845743	0.162452	0.983085
0.0845745	0.162452	0.983085
0.0845741	0.162452	0.983085
0.0845727	0.162449	0.983086
0.0845729	0.162449	0.983086
0.0845727	0.162449	0.983086
0.0845725	0.162448	0.983086
0.0845725	0.162448	0.983086
0.0845722	0.162448	0.983086
0.084572	0.162444	0.983087
0.0845724	0.162444	0.983087
0.0845721	0.162444	0.983087
0.0845722	0.162443	0.983087
0.084572	0.162444	0.983087
0.0845719	0.162443	0.983087
0.0845729	0.16244	0.983087
0.0845735	0.16244	0.983087
0.0845732	0.16244	0.983087
0.0845734	0.162439	0.983087
0.0845732	0.16244	0.983087
0.0845732	0.162439	0.983087
0.0845751	0.162438	0.983087
0.0845758	0.162438	0.983087
0.0845754	0.162438	0.983087
0.0845757	0.162438	0.983087
0.0845755	0.162438	0.983087
0.0845755	0.162438	0.983087
0.0845778	0.162439	0.983087
0.0845785	0.162439	0.983087
0.0845781	0.162439	0.983087
0.0845783	0.16244	0.983087
0.0845782	0.162439	0.983087
0.0845781	0.162439	0.983087
0.0845798	0.162442	0.983086
0.0845804	0.162443	0.983086
0.0845801	0.162443	0.983086
0.0845801	0.162443	0.983086
0.0845801	0.162443	0.983086
0.08458	0.162443	0.983086
0.0845806	0.162447	0.983085
0.084581	0.162448	0.983085
0.0845807	0.162448	0.983085
0.0845804	0.162448	0.983085
0.0845806	0.162448	0.983085
0.0845803	0.162448	0.983085
0.0845796	0.162451	0.983085
0.0845798	0.162452	0.983085
0.0845797	0.162452	0.983085
0.0845792	0.162452	0.983085
0.0845795	0.162452	0.983085
0.084579	0.162452	0.983085
0.0845774	0.162453	0.983085
0.0845775	0.162454	0.983085
0.0845774	0.162454	0.983085
0.0845769	0.162453	0.983085
0.0845771	0.162454	0.983085
0.0845767	0.162453	0.983085
0.0845744	0.162452	0.983085
0.0845739	0.162452	0.983085
0.0845741	0.162452	0.983085
0.0845738	0.162452	0.983085
0.0845741	0.162452	0.983085
0.0845737	0.162452	0.983085
0.0845723	0.162449	0.983086
0.084572	0.162448	0.983086
0.0845721	0.162448	0.983086
0.084572	0.162448	0.983086
0.0845722	0.162448	0.983086
0.0845719	0.162448	0.983086
0.0845716	0.162444	0.983087
0.0845714	0.162443	0.983087
0.0845715	0.162444	0.983087
0.0845717	0.162443	0.983087
0.0845717	0.162444	0.983087
0.0845715	0.162443	0.983087
0.0845725	0.16244	0.983087
0.0845726	0.162439	0.983087
0.0845725	0.16244	0.983087
0.0845729	0.162439	0.983087
0.0845728	0.16244	0.983087
0.0845728	0.162439	0.983087
0.0845747	0.162438	0.983088
0.0845749	0.162438	0.983088
0.0845748	0.162438	0.983088
0.0845753	0.162438	0.983087
0.0845751	0.162438	0.983087
0.0845752	0.162438	0.983087
0.0845773	0.162439	0.983087
0.0845776	0.162439	0.983087
0.0845774	0.162439	0.983087
0.0845778	0.162439	0.983087
0.0845778	0.162439	0.983087
0.0845778	0.162439	0.983087
0.0845794	0.162442	0.983086
0.0845795	0.162443	0.983086
0.0845794	0.162442	0.983086
0.0845796	0.162443	0.983086
0.0845797	0.162443	0.983086
0.0845796	0.162443	0.983086
0.0845801	0.162447	0.983086
0.0845801	0.162448	0.983085
0.08458	0.162447	0.983085
0.08458	0.162448	0.983085
0.0845802	0.162448	0.983085
0.0845799	0.162448	0.983085
0.0845792	0.162451	0.983085
0.0845789	0.162452	0.983085
0.084579	0.162451	0.983085
0.0845787	0.162452	0.983085
0.0845791	0.162452	0.983085
0.0845787	0.162452	0.983085
0.084577	0.162453	0.983085
0.0845766	0.162453	0.983085
0.0845767	0.162453	0.983085
0.0845764	0.162453	0.983085
0.0845768	0.162454	0.983085
0.0845763	0.162453	0.983085
0.0845778	0.162456	0.983084
0.0845768	0.162455	0.983084
0.0845772	0.162456	0.983084
0.0845772	0.162455	0.983084
0.0845774	0.162456	0.983084
0.0845771	0.162456	0.983084
0.0845757	0.162453	0.983085
0.0845749	0.162452	0.983085
0.0845752	0.162452	0.983085
0.0845754	0.162452	0.983085
0.0845755	0.162452	0.983085
0.0845753	0.162452	0.983085
0.084575	0.162448	0.983086
0.0845743	0.162447	0.983086
0.0845746	0.162447	0.983086
0.084575	0.162447	0.983086
0.084575	0.162447	0.983086
0.084575	0.162447	0.983086
0.0845759	0.162444	0.983086
0.0845755	0.162443	0.983087
0.0845756	0.162443	0.983087
0.0845762	0.162443	0.983087
0.0845761	0.162443	0.983086
0.0845762	0.162443	0.983087
0.0845781	0.162442	0.983087
0.0845778	0.162441	0.983087
0.0845779	0.162441	0.983087
0.0845786	0.162442	0.983087
0.0845785	0.162442	0.983087
0.0845786	0.162442	0.983087
0.0845807	0.162443	0.983086
0.0845805	0.162442	0.983086
0.0845806	0.162442	0.983086
0.0845812	0.162443	0.983086
0.0845811	0.162443	0.983086
0.0845812	0.162443	0.983086
0.0845828	0.162446	0.983085
0.0845824	0.162446	0.983085
0.0845826	0.162446	0.983085
0.084583	0.162447	0.983085
0.0845831	0.162447	0.983085
0.084583	0.162447	0.983085
0.0845835	0.162451	0.983085
0.084583	0.162451	0.983085
0.0845832	0.162451	0.983085
0.0845833	0.162452	0.983084
0.0845836	0.162452	0.983084
0.0845834	0.162452	0.983084
0.0845826	0.162455	0.983084
0.0845818	0.162455	0.983084
0.0845822	0.162455	0.983084
0.0845821	0.162456	0.983084
0.0845824	0.162456	0.983084
0.0845821	0.162456	0.983084
0.0845804	0.162457	0.983084
0.0845795	0.162457	0.983084
0.0845799	0.162457	0.983084
0.0845797	0.162457	0.983084
0.0845801	0.162457	0.983084
0.0845797	0.162457	0.983084
0.0845836	0.162463	0.983083
0.0845824	0.162462	0.983083
0.084583	0.162462	0.983083
0.084583	0.162462	0.983083
0.0845832	0.162462	0.983083
0.084583	0.162462	0.983083
0.0845816	0.162459	0.983083
0.0845805	0.162458	0.983084
0.084581	0.162458	0.983084
0.0845812	0.162458	0.983084
0.0845813	0.162459	0.983084
0.0845812	0.162458	0.983084
0.0845808	0.162454	0.983084
0.0845799	0.162453	0.983085
0.0845804	0.162454	0.983084
0.0845808	0.162453	0.983084
0.0845808	0.162454	0.983084
0.0845809	0.162453	0.983084
0.0845817	0.16245	0.983085
0.0845811	0.162449	0.983085
0.0845814	0.162449	0.983085
0.0845821	0.162449	0.983085
0.0845819	0.16245	0.983085
0.0845821	0.16245	0.983085
0.0845839	0.162448	0.983085
0.0845834	0.162447	0.983085
0.0845837	0.162448	0.983085
0.0845844	0.162448	0.983085
0.0845843	0.162448	0.983085
0.0845845	0.162448	0.983085
0.0845866	0.162449	0.983085
0.0845861	0.162448	0.983085
0.0845863	0.162449	0.983085
0.084587	0.16245	0.983085
0.0845869	0.162449	0.983085
0.0845871	0.16245	0.983084
0.0845887	0.162452	0.983084
0.084588	0.162452	0.983084
0.0845883	0.162452	0.983084
0.0845888	0.162453	0.983084
0.0845888	0.162453	0.983084
0.0845889	0.162454	0.983084
0.0845894	0.162457	0.983083
0.0845886	0.162457	0.983083
0.0845889	0.162457	0.983083
0.0845891	0.162458	0.983083
0.0845894	0.162458	0.983083
0.0845893	0.162459	0.983083
0.0845885	0.162461	0.983082
0.0845874	0.162461	0.983083
0.0845879	0.162461	0.983082
0.0845879	0.162462	0.983082
0.0845882	0.162462	0.983082
0.084588	0.162462	0.983082
0.0845863	0.162463	0.983082
0.0845851	0.162463	0.983082
0.0845856	0.162463	0.983082
0.0845856	0.162463	0.983082
0.0845859	0.162464	0.983082
0.0845856	0.162464	0.983082
0.0845882	0.162471	0.983081
0.0845872	0.16247	0.983081
0.0845873	0.16247	0.983081
0.0845879	0.16247	0.983081
0.0845876	0.162471	0.983081
0.0845876	0.162471	0.983081
0.0845861	0.162468	0.983082
0.0845851	0.162467	0.983082
0.0845852	0.162467	0.983082
0.0845859	0.162467	0.983082
0.0845856	0.162467	0.983082
0.0845857	0.162467	0.983082
0.0845852	0.162463	0.983082
0.0845844	0.162462	0.983083
0.0845844	0.162462	0.983083
0.0845853	0.162462	0.983083
0.084585	0.162462	0.983083
0.0845852	0.162462	0.983083
0.084586	0.162459	0.983083
0.0845853	0.162458	0.983083
0.0845853	0.162458	0.983083
0.0845863	0.162458	0.983083
0.0845859	0.162458	0.983083
0.0845863	0.162458	0.983083
0.084588	0.162456	0.983083
0.0845875	0.162455	0.983084
0.0845875	0.162456	0.983083
0.0845884	0.162456	0.983083
0.0845882	0.162456	0.983083
0.0845886	0.162456	0.983083
0.0845906	0.162457	0.983083
0.0845901	0.162456	0.983083
0.0845902	0.162457	0.983083
0.084591	0.162457	0.983083
0.0845908	0.162457	0.983083
0.0845912	0.162458	0.983083
0.0845928	0.16246	0.983082
0.0845922	0.16246	0.983082
0.0845923	0.16246	0.983082
0.084593	0.162461	0.983082
0.0845928	0.162461	0.983082
0.0845931	0.162461	0.983082
0.0845937	0.162465	0.983081
0.0845929	0.162465	0.983082
0.084593	0.162465	0.983081
0.0845936	0.162466	0.983081
0.0845935	0.162466	0.983081
0.0845936	0.162466	0.983081
0.0845929	0.162469	0.983081
0.084592	0.162469	0.983081
0.0845921	0.162469	0.983081
0.0845927	0.16247	0.983081
0.0845925	0.16247	0.983081
0.0845925	0.16247	0.983081
0.0845908	0.162472	0.983081
0.0845898	0.162471	0.983081
0.0845899	0.162471	0.983081
0.0845905	0.162471	0.983081
0.0845903	0.162472	0.983081
0.0845902	0.162472	0.983081
0.0845925	0.162475	0.98308
0.0845917	0.162475	0.98308
0.0845918	0.162475	0.98308
0.0845921	0.162475	0.98308
0.0845918	0.162475	0.98308
0.0845919	0.162475	0.98308
0.0845903	0.162472	0.983081
0.0845896	0.162471	0.983081
0.0845897	0.162471	0.983081
0.0845901	0.162471	0.983081
0.0845898	0.162471	0.983081
0.0845899	0.162471	0.983081
0.0845895	0.162467	0.983081
0.0845889	0.162466	0.983082
0.0845889	0.162467	0.983082
0.0845895	0.162466	0.983082
0.0845891	0.162466	0.983082
0.0845894	0.162466	0.983082
0.0845902	0.162463	0.983082
0.0845898	0.162462	0.983082
0.0845898	0.162462	0.983082
0.0845904	0.162462	0.983082
0.0845901	0.162462	0.983082
0.0845905	0.162462	0.983082
0.0845923	0.162461	0.983082
0.084592	0.16246	0.983082
0.084592	0.16246	0.983082
0.0845926	0.162461	0.983082
0.0845923	0.16246	0.983082
0.0845928	0.162461	0.983082
0.0845949	0.162461	0.983082
0.0845946	0.162461	0.983082
0.0845947	0.162461	0.983082
0.0845952	0.162462	0.983082
0.084595	0.162461	0.983082
0.0845954	0.162462	0.983082
0.0845971	0.162465	0.983081
0.0845967	0.162464	0.983081
0.0845968	0.162465	0.983081
0.0845972	0.162465	0.983081
0.084597	0.162465	0.983081
0.0845973	0.162466	0.983081
0.0845979	0.162469	0.98308
0.0845975	0.162469	0.98308
0.0845975	0.162469	0.98308
0.0845978	0.16247	0.98308
0.0845976	0.16247	0.98308
0.0845978	0.162471	0.98308
0.0845972	0.162474	0.98308
0.0845966	0.162473	0.98308
0.0845966	0.162474	0.98308
0.0845969	0.162474	0.98308
0.0845967	0.162474	0.98308
0.0845967	0.162474	0.98308
0.0845951	0.162476	0.983079
0.0845944	0.162476	0.98308
0.0845944	0.162476	0.98308
0.0845947	0.162476	0.98308
0.0845944	0.162476	0.98308
0.0845945	0.162476	0.983079
0.0845931	0.162476	0.98308
0.0845928	0.162475	0.98308
0.0845928	0.162476	0.98308
0.0845927	0.162475	0.98308
0.0845924	0.162475	0.98308
0.0845925	0.162475	0.98308
0.084591	0.162472	0.98308
0.0845907	0.162472	0.983081
0.0845907	0.162472	0.98308
0.0845907	0.162471	0.983081
0.0845904	0.162471	0.983081
0.0845906	0.162471	0.983081
0.0845901	0.162468	0.983081
0.08459	0.162467	0.983081
0.08459	0.162467	0.983081
0.0845901	0.162467	0.983081
0.0845897	0.162467	0.983081
0.08459	0.162467	0.983081
0.0845909	0.162463	0.983082
0.0845909	0.162463	0.983082
0.0845909	0.162463	0.983082
0.084591	0.162463	0.983082
0.0845907	0.162463	0.983082
0.0845911	0.162463	0.983082
0.0845929	0.162461	0.983082
0.0845931	0.162461	0.983082
0.0845931	0.162461	0.983082
0.0845932	0.162461	0.983082
0.0845929	0.162461	0.983082
0.0845934	0.162461	0.983082
0.0845956	0.162462	0.983082
0.0845957	0.162462	0.983082
0.0845957	0.162462	0.983082
0.0845958	0.162462	0.983082
0.0845956	0.162462	0.983082
0.084596	0.162462	0.983082
0.0845977	0.162465	0.983081
0.0845978	0.162465	0.983081
0.0845978	0.162465	0.983081
0.0845978	0.162465	0.983081
0.0845976	0.162465	0.983081
0.084598	0.162466	0.983081
0.0845986	0.16247	0.98308
0.0845986	0.16247	0.98308
0.0845985	0.16247	0.98308
0.0845984	0.16247	0.98308
0.0845983	0.16247	0.98308
0.0845985	0.162471	0.98308
0.0845978	0.162474	0.98308
0.0845976	0.162474	0.98308
0.0845976	0.162474	0.983079
0.0845975	0.162474	0.98308
0.0845973	0.162474	0.98308
0.0845974	0.162475	0.983079
0.0845957	0.162476	0.983079
0.0845955	0.162476	0.983079
0.0845955	0.162477	0.983079
0.0845953	0.162476	0.983079
0.084595	0.162476	0.983079
0.0845951	0.162476	0.983079
0.0845899	0.162472	0.983081
0.08459	0.162472	0.983081
0.0845899	0.162472	0.983081
0.0845895	0.162471	0.983081
0.0845892	0.162471	0.983081
0.0845892	0.162471	0.983081
0.0845877	0.162469	0.983081
0.0845879	0.162469	0.983081
0.0845878	0.162469	0.983081
0.0845875	0.162468	0.983081
0.0845872	0.162468	0.983081
0.0845873	0.162468	0.983082
0.0845869	0.162464	0.983082
0.0845872	0.162464	0.983082
0.0845871	0.162464	0.983082
0.0845869	0.162463	0.983082
0.0845866	0.162463	0.983082
0.0845868	0.162463	0.983082
0.0845876	0.16246	0.983083
0.0845881	0.16246	0.983083
0.084588	0.16246	0.983083
0.0845878	0.162459	0.983083
0.0845875	0.162459	0.983083
0.0845879	0.162459	0.983083
0.0845897	0.162457	0.983083
0.0845903	0.162458	0.983083
0.0845902	0.162458	0.983083
0.08459	0.162457	0.983083
0.0845898	0.162457	0.983083
0.0845902	0.162457	0.983083
0.0845923	0.162458	0.983083
0.084593	0.162459	0.983083
0.0845928	0.162459	0.983083
0.0845926	0.162458	0.983083
0.0845924	0.162458	0.983083
0.0845928	0.162459	0.983083
0.0845945	0.162461	0.983082
0.084595	0.162462	0.983082
0.0845949	0.162462	0.983082
0.0845946	0.162462	0.983082
0.0845944	0.162462	0.983082
0.0845947	0.162462	0.983082
0.0845953	0.162466	0.983081
0.0845958	0.162467	0.983081
0.0845957	0.162467	0.983081
0.0845952	0.162466	0.983081
0.0845951	0.162466	0.983081
0.0845952	0.162467	0.983081
0.0845946	0.16247	0.98308
0.0845949	0.162471	0.98308
0.0845948	0.162471	0.98308
0.0845942	0.16247	0.98308
0.0845941	0.162471	0.98308
0.0845941	0.162471	0.98308
0.0845925	0.162472	0.98308
0.0845927	0.162473	0.98308
0.0845926	0.162473	0.98308
0.0845921	0.162472	0.98308
0.0845919	0.162472	0.98308
0.0845918	0.162473	0.98308
0.084584	0.162465	0.983082
0.0845845	0.162466	0.983082
0.0845843	0.162466	0.983082
0.0845837	0.162465	0.983082
0.0845835	0.162465	0.983082
0.0845833	0.162465	0.983082
0.0845818	0.162462	0.983083
0.0845824	0.162463	0.983083
0.0845822	0.162463	0.983083
0.0845817	0.162461	0.983083
0.0845815	0.162462	0.983083
0.0845814	0.162461	0.983083
0.084581	0.162457	0.983084
0.0845816	0.162458	0.983084
0.0845814	0.162458	0.983084
0.084581	0.162457	0.983084
0.0845808	0.162457	0.983084
0.0845809	0.162456	0.983084
0.0845817	0.162453	0.983084
0.0845825	0.162454	0.983084
0.0845823	0.162454	0.983084
0.084582	0.162453	0.983084
0.0845818	0.162453	0.983084
0.084582	0.162452	0.983084
0.0845838	0.162451	0.983085
0.0845847	0.162452	0.983084
0.0845845	0.162451	0.983084
0.0845842	0.162451	0.983085
0.0845841	0.162451	0.983085
0.0845843	0.162451	0.983085
0.0845864	0.162452	0.983084
0.0845874	0.162452	0.983084
0.0845872	0.162452	0.983084
0.0845867	0.162452	0.983084
0.0845867	0.162452	0.983084
0.0845869	0.162452	0.983084
0.0845886	0.162455	0.983084
0.0845895	0.162456	0.983083
0.0845893	0.162456	0.983083
0.0845887	0.162455	0.983083
0.0845887	0.162455	0.983083
0.0845888	0.162456	0.983083
0.0845894	0.162459	0.983083
0.0845902	0.162461	0.983082
0.08459	0.162461	0.983082
0.0845894	0.16246	0.983083
0.0845894	0.16246	0.983083
0.0845893	0.162461	0.983083
0.0845887	0.162464	0.983082
0.0845893	0.162465	0.983082
0.0845891	0.162465	0.983082
0.0845884	0.162464	0.983082
0.0845884	0.162464	0.983082
0.0845882	0.162464	0.983082
0.0845866	0.162466	0.983082
0.0845871	0.162467	0.983082
0.0845869	0.162467	0.983082
0.0845862	0.162466	0.983082
0.0845862	0.162466	0.983082
0.0845859	0.162466	0.983082
0.0845777	0.162459	0.983084
0.0845782	0.162459	0.983084
0.084578	0.162459	0.983084
0.0845775	0.162458	0.983084
0.0845774	0.162459	0.983084
0.084577	0.162458	0.983084
0.0845755	0.162455	0.983085
0.0845761	0.162456	0.983084
0.0845759	0.162456	0.983084
0.0845755	0.162455	0.983085
0.0845754	0.162455	0.983085
0.0845751	0.162454	0.983085
0.0845747	0.162451	0.983085
0.0845754	0.162451	0.983085
0.0845751	0.162451	0.983085
0.0845748	0.16245	0.983085
0.0845747	0.16245	0.983085
0.0845746	0.16245	0.983086
0.0845754	0.162446	0.983086
0.0845763	0.162447	0.983086
0.084576	0.162447	0.983086
0.0845758	0.162446	0.983086
0.0845757	0.162446	0.983086
0.0845757	0.162446	0.983086
0.0845775	0.162444	0.983086
0.0845785	0.162445	0.983086
0.0845782	0.162445	0.983086
0.084578	0.162444	0.983086
0.084578	0.162444	0.983086
0.084578	0.162444	0.983086
0.0845801	0.162445	0.983086
0.0845811	0.162446	0.983086
0.0845809	0.162446	0.983086
0.0845806	0.162445	0.983086
0.0845806	0.162445	0.983086
0.0845806	0.162445	0.983086
0.0845823	0.162448	0.983085
0.0845832	0.162449	0.983085
0.084583	0.162449	0.983085
0.0845825	0.162449	0.983085
0.0845826	0.162449	0.983085
0.0845825	0.162449	0.983085
0.0845831	0.162453	0.983084
0.084584	0.162454	0.983084
0.0845837	0.162454	0.983084
0.0845832	0.162453	0.983084
0.0845833	0.162454	0.983084
0.084583	0.162454	0.983084
0.0845824	0.162457	0.983084
0.084583	0.162458	0.983083
0.0845828	0.162458	0.983083
0.0845822	0.162457	0.983084
0.0845823	0.162458	0.983084
0.0845819	0.162458	0.983084
0.0845803	0.162459	0.983083
0.0845809	0.16246	0.983083
0.0845806	0.16246	0.983083
0.0845801	0.162459	0.983084
0.0845801	0.16246	0.983083
0.0845796	0.16246	0.983084
0.0845734	0.162454	0.983085
0.0845737	0.162455	0.983085
0.0845735	0.162455	0.983085
0.0845733	0.162454	0.983085
0.0845733	0.162455	0.983085
0.0845728	0.162454	0.983085
0.0845713	0.162451	0.983086
0.0845716	0.162451	0.983086
0.0845714	0.162451	0.983086
0.0845713	0.162451	0.983086
0.0845712	0.162451	0.983086
0.0845708	0.16245	0.983086
0.0845704	0.162446	0.983086
0.0845708	0.162447	0.983086
0.0845706	0.162447	0.983086
0.0845707	0.162446	0.983087
0.0845706	0.162446	0.983087
0.0845703	0.162445	0.983087
0.0845712	0.162442	0.983087
0.0845718	0.162442	0.983087
0.0845715	0.162442	0.983087
0.0845716	0.162442	0.983087
0.0845716	0.162442	0.983087
0.0845715	0.162442	0.983087
0.0845732	0.16244	0.983087
0.0845739	0.16244	0.983087
0.0845737	0.16244	0.983087
0.0845738	0.16244	0.983087
0.0845738	0.16244	0.983087
0.0845737	0.16244	0.983087
0.0845758	0.162441	0.983087
0.0845766	0.162441	0.983087
0.0845764	0.162441	0.983087
0.0845764	0.162441	0.983087
0.0845764	0.162441	0.983087
0.0845763	0.162441	0.983087
0.084578	0.162444	0.983086
0.0845787	0.162445	0.983086
0.0845785	0.162445	0.983086
0.0845783	0.162444	0.983086
0.0845785	0.162445	0.983086
0.0845782	0.162445	0.983086
0.0845788	0.162448	0.983085
0.0845794	0.162449	0.983085
0.0845792	0.162449	0.983085
0.084579	0.162449	0.983085
0.0845791	0.16245	0.983085
0.0845787	0.16245	0.983085
0.0845781	0.162453	0.983085
0.0845785	0.162454	0.983085
0.0845783	0.162454	0.983085
0.084578	0.162453	0.983085
0.0845781	0.162454	0.983085
0.0845776	0.162454	0.983085
0.084576	0.162455	0.983085
0.0845763	0.162456	0.983084
0.0845761	0.162456	0.983084
0.0845759	0.162455	0.983085
0.0845759	0.162456	0.983084
0.0845754	0.162455	0.983085
0.0845728	0.162454	0.983085
0.0845726	0.162454	0.983085
0.0845725	0.162454	0.983085
0.0845727	0.162454	0.983085
0.0845727	0.162454	0.983085
0.0845722	0.162454	0.983085
0.0845706	0.162451	0.983086
0.0845705	0.16245	0.983086
0.0845704	0.162451	0.983086
0.0845707	0.16245	0.983086
0.0845706	0.162451	0.983086
0.0845702	0.16245	0.983086
0.0845698	0.162446	0.983087
0.0845698	0.162446	0.983087
0.0845696	0.162446	0.983087
0.0845701	0.162446	0.983087
0.08457	0.162446	0.983087
0.0845697	0.162445	0.983087
0.0845705	0.162442	0.983087
0.0845707	0.162441	0.983087
0.0845705	0.162442	0.983087
0.084571	0.162442	0.983087
0.084571	0.162442	0.983087
0.0845708	0.162441	0.983087
0.0845726	0.16244	0.983087
0.0845729	0.162439	0.983087
0.0845727	0.162439	0.983087
0.0845732	0.16244	0.983087
0.0845732	0.16244	0.983087
0.0845731	0.16244	0.983087
0.0845752	0.16244	0.983087
0.0845755	0.16244	0.983087
0.0845754	0.16244	0.983087
0.0845758	0.162441	0.983087
0.0845758	0.162441	0.983087
0.0845757	0.162441	0.983087
0.0845773	0.162443	0.983086
0.0845776	0.162444	0.983086
0.0845775	0.162444	0.983086
0.0845778	0.162444	0.983086
0.0845779	0.162444	0.983086
0.0845776	0.162445	0.983086
0.0845782	0.162448	0.983086
0.0845783	0.162449	0.983085
0.0845782	0.162449	0.983085
0.0845784	0.162449	0.983085
0.0845785	0.162449	0.983085
0.0845781	0.162449	0.983085
0.0845775	0.162452	0.983085
0.0845774	0.162453	0.983085
0.0845773	0.162453	0.983085
0.0845774	0.162453	0.983085
0.0845775	0.162453	0.983085
0.084577	0.162453	0.983085
0.0845754	0.162455	0.983085
0.0845752	0.162455	0.983085
0.0845751	0.162455	0.983085
0.0845753	0.162455	0.983085
0.0845753	0.162455	0.983085
0.0845748	0.162455	0.983085
0.084576	0.162458	0.983084
0.0845753	0.162457	0.983084
0.0845753	0.162457	0.983084
0.0845759	0.162457	0.983084
0.0845758	0.162458	0.983084
0.0845754	0.162457	0.983084
0.0845739	0.162455	0.983085
0.0845733	0.162454	0.983085
0.0845732	0.162454	0.983085
0.0845739	0.162454	0.983085
0.0845738	0.162454	0.983085
0.0845735	0.162454	0.983085
0.084573	0.16245	0.983086
0.0845725	0.162449	0.983086
0.0845725	0.162449	0.983086
0.0845733	0.162449	0.983086
0.0845731	0.162449	0.983086
0.084573	0.162449	0.983086
0.0845738	0.162446	0.983086
0.0845734	0.162445	0.983086
0.0845734	0.162445	0.983086
0.0845742	0.162445	0.983086
0.0845741	0.162445	0.983086
0.0845741	0.162445	0.983086
0.0845758	0.162443	0.983087
0.0845756	0.162443	0.983087
0.0845756	0.162443	0.983087
0.0845764	0.162443	0.983086
0.0845764	0.162443	0.983086
0.0845764	0.162443	0.983086
0.0845785	0.162444	0.983086
0.0845783	0.162444	0.983086
0.0845782	0.162444	0.983086
0.084579	0.162444	0.983086
0.084579	0.162444	0.983086
0.084579	0.162445	0.983086
0.0845806	0.162447	0.983085
0.0845804	0.162447	0.983085
0.0845803	0.162447	0.983085
0.084581	0.162448	0.983085
0.084581	0.162448	0.983085
0.0845809	0.162448	0.983085
0.0845815	0.162452	0.983085
0.0845811	0.162452	0.983085
0.0845811	0.162452	0.983085
0.0845816	0.162453	0.983084
0.0845817	0.162453	0.983084
0.0845814	0.162453	0.983084
0.0845807	0.162456	0.983084
0.0845802	0.162456	0.983084
0.0845802	0.162456	0.983084
0.0845807	0.162457	0.983084
0.0845807	0.162457	0.983084
0.0845803	0.162457	0.983084
0.0845786	0.162458	0.983084
0.084578	0.162458	0.983084
0.084578	0.162458	0.983084
0.0845785	0.162459	0.983084
0.0845785	0.162459	0.983084
0.084578	0.162459	0.983084
0.0845819	0.162464	0.983083
0.0845809	0.162463	0.983083
0.084581	0.162464	0.983083
0.0845817	0.162464	0.983083
0.0845815	0.162464	0.983083
0.0845813	0.162464	0.983083
0.0845798	0.162461	0.983083
0.0845788	0.16246	0.983084
0.0845789	0.16246	0.983083
0.0845798	0.16246	0.983083
0.0845795	0.162461	0.983083
0.0845794	0.16246	0.983083
0.0845789	0.162456	0.983084
0.0845781	0.162455	0.983084
0.0845782	0.162455	0.983084
0.0845791	0.162456	0.983084
0.0845789	0.162456	0.983084
0.0845789	0.162455	0.983084
0.0845797	0.162452	0.983085
0.084579	0.162451	0.983085
0.084579	0.162451	0.983085
0.0845801	0.162452	0.983085
0.0845798	0.162452	0.983085
0.08458	0.162451	0.983085
0.0845817	0.16245	0.983085
0.0845812	0.162449	0.983085
0.0845812	0.162449	0.983085
0.0845822	0.16245	0.983085
0.0845821	0.16245	0.983085
0.0845823	0.16245	0.983085
0.0845844	0.16245	0.983085
0.0845839	0.16245	0.983085
0.0845839	0.16245	0.983085
0.0845848	0.162451	0.983085
0.0845847	0.162451	0.983085
0.0845849	0.162451	0.983084
0.0845865	0.162454	0.983084
0.0845859	0.162453	0.983084
0.084586	0.162453	0.983084
0.0845868	0.162454	0.983084
0.0845868	0.162454	0.983084
0.0845868	0.162455	0.983084
0.0845874	0.162458	0.983083
0.0845867	0.162458	0.983083
0.0845867	0.162458	0.983083
0.0845875	0.162459	0.983083
0.0845874	0.162459	0.983083
0.0845873	0.16246	0.983083
0.0845866	0.162463	0.983082
0.0845858	0.162462	0.983083
0.0845858	0.162462	0.983082
0.0845865	0.162463	0.983082
0.0845864	0.162463	0.983082
0.0845862	0.162464	0.983082
0.0845845	0.162465	0.983082
0.0845836	0.162464	0.983082
0.0845836	0.162465	0.983082
0.0845843	0.162465	0.983082
0.0845842	0.162465	0.983082
0.0845839	0.162465	0.983082
0.0845858	0.162475	0.98308
0.0845847	0.162474	0.983081
0.0845848	0.162474	0.983081
0.0845855	0.162474	0.983081
0.0845853	0.162474	0.983081
0.0845851	0.162474	0.983081
0.0845835	0.162472	0.983081
0.0845825	0.16247	0.983081
0.0845826	0.162471	0.983081
0.0845834	0.162471	0.983081
0.0845831	0.162471	0.983081
0.084583	0.162471	0.983081
0.0845824	0.162467	0.983082
0.0845815	0.162465	0.983082
0.0845816	0.162466	0.983082
0.0845826	0.162466	0.983082
0.0845822	0.162466	0.983082
0.0845824	0.162466	0.983082
0.084583	0.162462	0.983083
0.0845823	0.162461	0.983083
0.0845824	0.162461	0.983083
0.0845834	0.162462	0.983083
0.084583	0.162462	0.983083
0.0845833	0.162462	0.983083
0.084585	0.16246	0.983083
0.0845844	0.162459	0.983083
0.0845845	0.162459	0.983083
0.0845855	0.16246	0.983083
0.0845852	0.162459	0.983083
0.0845855	0.16246	0.983083
0.0845876	0.16246	0.983083
0.0845871	0.162459	0.983083
0.0845872	0.16246	0.983083
0.0845881	0.16246	0.983083
0.0845879	0.16246	0.983083
0.0845882	0.162461	0.983083
0.0845899	0.162463	0.983082
0.0845893	0.162463	0.983082
0.0845894	0.162463	0.983082
0.0845903	0.162464	0.983082
0.0845901	0.162464	0.983082
0.0845903	0.162464	0.983082
0.084591	0.162468	0.983081
0.0845903	0.162467	0.983081
0.0845904	0.162468	0.983081
0.0845911	0.162468	0.983081
0.0845909	0.162468	0.983081
0.084591	0.162469	0.983081
0.0845904	0.162472	0.98308
0.0845895	0.162472	0.983081
0.0845896	0.162472	0.983081
0.0845903	0.162473	0.98308
0.0845901	0.162473	0.98308
0.08459	0.162473	0.98308
0.0845884	0.162475	0.98308
0.0845874	0.162474	0.98308
0.0845875	0.162475	0.98308
0.0845882	0.162475	0.98308
0.084588	0.162475	0.98308
0.0845878	0.162475	0.98308
0.0845905	0.162479	0.983079
0.0845897	0.162479	0.983079
0.0845898	0.162479	0.983079
0.0845902	0.162479	0.983079
0.0845899	0.162479	0.983079
0.0845899	0.162479	0.983079
0.0845882	0.162476	0.98308
0.0845874	0.162475	0.98308
0.0845875	0.162476	0.98308
0.0845881	0.162475	0.98308
0.0845877	0.162476	0.98308
0.0845878	0.162475	0.98308
0.0845871	0.162472	0.983081
0.0845865	0.162471	0.983081
0.0845866	0.162471	0.983081
0.0845872	0.162471	0.983081
0.0845868	0.162471	0.983081
0.0845871	0.162471	0.983081
0.0845877	0.162467	0.983082
0.0845873	0.162466	0.983082
0.0845873	0.162466	0.983082
0.084588	0.162466	0.983082
0.0845876	0.162466	0.983082
0.084588	0.162466	0.983082
0.0845897	0.162465	0.983082
0.0845894	0.162464	0.983082
0.0845894	0.162464	0.983082
0.0845902	0.162464	0.983082
0.0845898	0.162464	0.983082
0.0845903	0.162464	0.983082
0.0845924	0.162465	0.983082
0.0845921	0.162464	0.983082
0.0845921	0.162465	0.983082
0.0845928	0.162465	0.983081
0.0845925	0.162465	0.983082
0.084593	0.162465	0.983081
0.0845947	0.162468	0.983081
0.0845943	0.162468	0.983081
0.0845944	0.162468	0.983081
0.0845949	0.162468	0.983081
0.0845947	0.162468	0.983081
0.084595	0.162469	0.983081
0.0845957	0.162473	0.98308
0.0845952	0.162472	0.98308
0.0845953	0.162473	0.98308
0.0845957	0.162473	0.98308
0.0845955	0.162473	0.98308
0.0845957	0.162474	0.98308
0.0845952	0.162477	0.983079
0.0845945	0.162477	0.983079
0.0845946	0.162477	0.983079
0.0845949	0.162477	0.983079
0.0845947	0.162477	0.983079
0.0845948	0.162478	0.983079
0.0845932	0.16248	0.983079
0.0845924	0.162479	0.983079
0.0845925	0.16248	0.983079
0.0845928	0.162479	0.983079
0.0845926	0.16248	0.983079
0.0845925	0.16248	0.983079
0.0845914	0.16248	0.983079
0.0845911	0.16248	0.983079
0.0845911	0.16248	0.983079
0.084591	0.162479	0.983079
0.0845907	0.16248	0.983079
0.0845908	0.16248	0.983079
0.0845891	0.162477	0.98308
0.0845888	0.162476	0.98308
0.0845888	0.162477	0.98308
0.0845889	0.162476	0.98308
0.0845885	0.162476	0.98308
0.0845887	0.162476	0.98308
0.0845881	0.162472	0.983081
0.0845879	0.162472	0.983081
0.0845879	0.162472	0.983081
0.0845881	0.162471	0.983081
0.0845877	0.162471	0.983081
0.084588	0.162471	0.983081
0.0845886	0.162468	0.983081
0.0845886	0.162467	0.983081
0.0845886	0.162467	0.983081
0.0845889	0.162467	0.983081
0.0845885	0.162467	0.983082
0.084589	0.162467	0.983081
0.0845906	0.162465	0.983082
0.0845908	0.162465	0.983082
0.0845907	0.162465	0.983082
0.084591	0.162465	0.983082
0.0845907	0.162465	0.983082
0.0845912	0.162465	0.983082
0.0845933	0.162465	0.983081
0.0845935	0.162465	0.983081
0.0845934	0.162466	0.983081
0.0845937	0.162466	0.983081
0.0845934	0.162465	0.983081
0.0845939	0.162466	0.983081
0.0845956	0.162469	0.983081
0.0845957	0.162469	0.983081
0.0845957	0.162469	0.983081
0.0845958	0.162469	0.983081
0.0845956	0.162469	0.983081
0.084596	0.16247	0.98308
0.0845967	0.162473	0.98308
0.0845966	0.162474	0.98308
0.0845966	0.162474	0.98308
0.0845966	0.162474	0.98308
0.0845964	0.162474	0.98308
0.0845967	0.162474	0.98308
0.0845961	0.162478	0.983079
0.0845959	0.162478	0.983079
0.0845959	0.162478	0.983079
0.0845958	0.162478	0.983079
0.0845956	0.162478	0.983079
0.0845957	0.162479	0.983079
0.0845941	0.16248	0.983079
0.0845938	0.16248	0.983079
0.0845938	0.162481	0.983079
0.0845937	0.16248	0.983079
0.0845934	0.16248	0.983079
0.0845935	0.162481	0.983079
0.0845882	0.162476	0.98308
0.0845883	0.162477	0.98308
0.0845882	0.162477	0.98308
0.0845878	0.162476	0.98308
0.0845875	0.162476	0.98308
0.0845875	0.162476	0.98308
0.0845859	0.162473	0.983081
0.0845861	0.162473	0.983081
0.084586	0.162473	0.983081
0.0845857	0.162472	0.983081
0.0845853	0.162472	0.983081
0.0845854	0.162472	0.983081
0.0845848	0.162469	0.983082
0.0845852	0.162468	0.983082
0.084585	0.162469	0.983082
0.0845848	0.162467	0.983082
0.0845845	0.162468	0.983082
0.0845847	0.162467	0.983082
0.0845854	0.162464	0.983082
0.0845859	0.162464	0.983082
0.0845858	0.162464	0.983082
0.0845856	0.162463	0.983082
0.0845853	0.162463	0.983082
0.0845857	0.162463	0.983082
0.0845874	0.162461	0.983083
0.084588	0.162462	0.983082
0.0845879	0.162462	0.983082
0.0845878	0.162461	0.983083
0.0845875	0.162461	0.983083
0.0845879	0.162461	0.983083
0.08459	0.162462	0.983082
0.0845907	0.162462	0.983082
0.0845906	0.162462	0.983082
0.0845904	0.162462	0.983082
0.0845902	0.162462	0.983082
0.0845906	0.162462	0.983082
0.0845923	0.162465	0.983082
0.084593	0.162466	0.983081
0.0845928	0.162466	0.983081
0.0845925	0.162465	0.983081
0.0845924	0.162465	0.983081
0.0845927	0.162466	0.983081
0.0845934	0.162469	0.983081
0.0845939	0.16247	0.983081
0.0845938	0.16247	0.983081
0.0845934	0.16247	0.983081
0.0845932	0.16247	0.983081
0.0845934	0.162471	0.98308
0.0845928	0.162474	0.98308
0.0845932	0.162475	0.98308
0.084593	0.162475	0.98308
0.0845926	0.162474	0.98308
0.0845924	0.162474	0.98308
0.0845924	0.162475	0.98308
0.0845909	0.162477	0.98308
0.084591	0.162477	0.98308
0.0845909	0.162477	0.98308
0.0845904	0.162476	0.98308
0.0845902	0.162477	0.98308
0.0845902	0.162477	0.98308
0.084582	0.162469	0.983082
0.0845825	0.16247	0.983082
0.0845823	0.16247	0.983082
0.0845817	0.162469	0.983082
0.0845815	0.162469	0.983082
0.0845813	0.162469	0.983082
0.0845797	0.162466	0.983082
0.0845803	0.162467	0.983082
0.08458	0.162467	0.983082
0.0845795	0.162465	0.983083
0.0845793	0.162466	0.983082
0.0845792	0.162465	0.983083
0.0845787	0.162462	0.983083
0.0845794	0.162462	0.983083
0.0845791	0.162462	0.983083
0.0845787	0.162461	0.983083
0.0845785	0.162461	0.983083
0.0845786	0.162461	0.983083
0.0845792	0.162457	0.983084
0.0845801	0.162458	0.983084
0.0845798	0.162458	0.983084
0.0845795	0.162457	0.983084
0.0845793	0.162457	0.983084
0.0845795	0.162456	0.983084
0.0845812	0.162455	0.983084
0.0845823	0.162455	0.983084
0.084582	0.162455	0.983084
0.0845817	0.162454	0.983084
0.0845815	0.162454	0.983084
0.0845818	0.162454	0.983084
0.0845839	0.162455	0.983084
0.0845849	0.162456	0.983084
0.0845847	0.162456	0.983084
0.0845843	0.162455	0.983084
0.0845842	0.162455	0.983084
0.0845844	0.162455	0.983084
0.0845862	0.162458	0.983083
0.0845872	0.162459	0.983083
0.0845869	0.162459	0.983083
0.0845864	0.162458	0.983083
0.0845863	0.162459	0.983083
0.0845865	0.162459	0.983083
0.0845872	0.162463	0.983082
0.0845881	0.162464	0.983082
0.0845878	0.162464	0.983082
0.0845872	0.162463	0.983082
0.0845872	0.162463	0.983082
0.0845872	0.162464	0.983082
0.0845867	0.162467	0.983082
0.0845874	0.162468	0.983081
0.0845871	0.162468	0.983081
0.0845864	0.162467	0.983082
0.0845864	0.162468	0.983082
0.0845862	0.162468	0.983082
0.0845847	0.16247	0.983081
0.0845852	0.162471	0.983081
0.084585	0.162471	0.983081
0.0845843	0.16247	0.983081
0.0845842	0.16247	0.983081
0.084584	0.16247	0.983081
0.0845753	0.162462	0.983083
0.0845759	0.162463	0.983083
0.0845756	0.162463	0.983083
0.084575	0.162462	0.983084
0.0845749	0.162462	0.983083
0.0845746	0.162462	0.983084
0.084573	0.162459	0.983084
0.0845737	0.16246	0.983084
0.0845733	0.16246	0.983084
0.0845729	0.162458	0.983084
0.0845728	0.162459	0.983084
0.0845725	0.162458	0.983084
0.0845719	0.162455	0.983085
0.0845727	0.162455	0.983085
0.0845724	0.162455	0.983085
0.0845721	0.162454	0.983085
0.0845719	0.162454	0.983085
0.0845718	0.162454	0.983085
0.0845725	0.16245	0.983086
0.0845735	0.162451	0.983086
0.0845731	0.16245	0.983086
0.0845729	0.162449	0.983086
0.0845727	0.16245	0.983086
0.0845728	0.162449	0.983086
0.0845745	0.162448	0.983086
0.0845756	0.162448	0.983086
0.0845753	0.162448	0.983086
0.084575	0.162447	0.983086
0.0845749	0.162447	0.983086
0.084575	0.162447	0.983086
0.0845771	0.162448	0.983086
0.0845783	0.162449	0.983085
0.084578	0.162449	0.983085
0.0845776	0.162448	0.983086
0.0845776	0.162448	0.983086
0.0845777	0.162448	0.983086
0.0845794	0.162451	0.983085
0.0845805	0.162452	0.983085
0.0845802	0.162452	0.983085
0.0845798	0.162451	0.983085
0.0845798	0.162452	0.983085
0.0845797	0.162452	0.983085
0.0845805	0.162455	0.983084
0.0845814	0.162457	0.983084
0.0845811	0.162457	0.983084
0.0845806	0.162456	0.983084
0.0845806	0.162456	0.983084
0.0845804	0.162457	0.983084
0.0845799	0.16246	0.983083
0.0845807	0.162461	0.983083
0.0845804	0.162461	0.983083
0.0845798	0.16246	0.983083
0.0845798	0.162461	0.983083
0.0845795	0.162461	0.983083
0.0845779	0.162463	0.983083
0.0845786	0.162464	0.983083
0.0845783	0.162464	0.983083
0.0845777	0.162463	0.983083
0.0845776	0.162463	0.983083
0.0845772	0.162463	0.983083
0.0845706	0.162458	0.983085
0.0845709	0.162458	0.983085
0.0845706	0.162458	0.983085
0.0845704	0.162457	0.983085
0.0845703	0.162458	0.983085
0.0845698	0.162457	0.983085
0.0845683	0.162455	0.983085
0.0845687	0.162455	0.983085
0.0845684	0.162455	0.983085
0.0845683	0.162454	0.983085
0.0845682	0.162454	0.983085
0.0845677	0.162454	0.983086
0.0845672	0.16245	0.983086
0.0845678	0.16245	0.983086
0.0845674	0.16245	0.983086
0.0845674	0.162449	0.983086
0.0845673	0.162449	0.983086
0.0845671	0.162449	0.983086
0.0845677	0.162445	0.983087
0.0845685	0.162445	0.983087
0.0845682	0.162445	0.983087
0.0845682	0.162445	0.983087
0.0845681	0.162445	0.983087
0.084568	0.162445	0.983087
0.0845697	0.162443	0.983087
0.0845706	0.162443	0.983087
0.0845703	0.162443	0.983087
0.0845704	0.162443	0.983087
0.0845703	0.162443	0.983087
0.0845703	0.162443	0.983087
0.0845724	0.162443	0.983087
0.0845733	0.162444	0.983087
0.084573	0.162444	0.983087
0.084573	0.162443	0.983087
0.084573	0.162443	0.983087
0.0845729	0.162444	0.983087
0.0845747	0.162446	0.983086
0.0845756	0.162447	0.983086
0.0845753	0.162447	0.983086
0.0845751	0.162447	0.983086
0.0845752	0.162447	0.983086
0.084575	0.162447	0.983086
0.0845758	0.162451	0.983085
0.0845765	0.162452	0.983085
0.0845762	0.162452	0.983085
0.084576	0.162451	0.983085
0.084576	0.162452	0.983085
0.0845757	0.162452	0.983085
0.0845752	0.162455	0.983085
0.0845757	0.162456	0.983084
0.0845754	0.162456	0.983084
0.0845751	0.162456	0.983085
0.0845752	0.162456	0.983084
0.0845747	0.162456	0.983084
0.0845732	0.162458	0.983084
0.0845736	0.162459	0.983084
0.0845733	0.162459	0.983084
0.084573	0.162458	0.983084
0.084573	0.162458	0.983084
0.0845725	0.162458	0.983084
0.0845696	0.162457	0.983085
0.0845695	0.162457	0.983085
0.0845693	0.162457	0.983085
0.0845695	0.162457	0.983085
0.0845695	0.162457	0.983085
0.0845689	0.162457	0.983085
0.0845673	0.162454	0.983085
0.0845673	0.162454	0.983086
0.0845671	0.162454	0.983086
0.0845674	0.162453	0.983086
0.0845673	0.162454	0.983086
0.0845668	0.162453	0.983086
0.0845663	0.162449	0.983086
0.0845664	0.162449	0.983086
0.0845662	0.162449	0.983086
0.0845666	0.162448	0.983086
0.0845664	0.162449	0.983086
0.0845661	0.162448	0.983087
0.0845668	0.162445	0.983087
0.0845671	0.162444	0.983087
0.0845669	0.162444	0.983087
0.0845674	0.162444	0.983087
0.0845673	0.162444	0.983087
0.0845671	0.162444	0.983087
0.0845688	0.162442	0.983087
0.0845692	0.162442	0.983087
0.084569	0.162442	0.983087
0.0845695	0.162442	0.983087
0.0845694	0.162442	0.983087
0.0845693	0.162442	0.983087
0.0845715	0.162442	0.983087
0.0845719	0.162443	0.983087
0.0845717	0.162443	0.983087
0.0845721	0.162443	0.983087
0.0845721	0.162443	0.983087
0.084572	0.162443	0.983087
0.0845738	0.162445	0.983086
0.0845742	0.162446	0.983086
0.084574	0.162446	0.983086
0.0845743	0.162446	0.983086
0.0845743	0.162446	0.983086
0.0845741	0.162446	0.983086
0.0845748	0.16245	0.983085
0.0845751	0.162451	0.983085
0.0845749	0.162451	0.983085
0.0845751	0.162451	0.983085
0.0845752	0.162451	0.983085
0.0845748	0.162451	0.983085
0.0845743	0.162455	0.983085
0.0845743	0.162455	0.983085
0.0845742	0.162455	0.983085
0.0845743	0.162455	0.983085
0.0845743	0.162456	0.983085
0.0845738	0.162456	0.983085
0.0845723	0.162457	0.983085
0.0845722	0.162457	0.983084
0.084572	0.162458	0.983084
0.0845722	0.162457	0.983085
0.0845722	0.162458	0.983084
0.0845716	0.162458	0.983085
0.0845729	0.162461	0.983084
0.0845722	0.16246	0.983084
0.0845722	0.16246	0.983084
0.0845728	0.16246	0.983084
0.0845727	0.162461	0.983084
0.0845722	0.16246	0.983084
0.0845706	0.162458	0.983085
0.08457	0.162457	0.983085
0.0845699	0.162457	0.983085
0.0845706	0.162457	0.983085
0.0845705	0.162457	0.983085
0.0845701	0.162457	0.983085
0.0845695	0.162453	0.983085
0.0845691	0.162452	0.983086
0.084569	0.162452	0.983086
0.0845698	0.162452	0.983086
0.0845696	0.162453	0.983086
0.0845694	0.162452	0.983086
0.0845701	0.162449	0.983086
0.0845698	0.162448	0.983086
0.0845697	0.162448	0.983086
0.0845706	0.162448	0.983086
0.0845704	0.162448	0.983086
0.0845704	0.162448	0.983086
0.0845721	0.162446	0.983086
0.084572	0.162445	0.983087
0.0845719	0.162445	0.983087
0.0845728	0.162446	0.983086
0.0845726	0.162446	0.983086
0.0845726	0.162446	0.983086
0.0845747	0.162446	0.983086
0.0845746	0.162446	0.983086
0.0845746	0.162446	0.983086
0.0845754	0.162447	0.983086
0.0845753	0.162447	0.983086
0.0845753	0.162447	0.983086
0.084577	0.162449	0.983085
0.0845769	0.162449	0.983085
0.0845768	0.162449	0.983085
0.0845775	0.16245	0.983085
0.0845775	0.16245	0.983085
0.0845774	0.16245	0.983085
0.0845781	0.162454	0.983085
0.0845778	0.162454	0.983085
0.0845777	0.162454	0.983085
0.0845783	0.162455	0.983084
0.0845783	0.162455	0.983084
0.084578	0.162455	0.983084
0.0845775	0.162458	0.983084
0.0845771	0.162458	0.983084
0.084577	0.162459	0.983084
0.0845775	0.162459	0.983084
0.0845775	0.162459	0.983084
0.0845771	0.162459	0.983084
0.0845755	0.162461	0.983084
0.0845749	0.162461	0.983084
0.0845749	0.162461	0.983084
0.0845754	0.162461	0.983084
0.0845754	0.162462	0.983084
0.0845748	0.162461	0.983084
0.0845791	0.162468	0.983082
0.084578	0.162467	0.983082
0.0845781	0.162467	0.983082
0.0845789	0.162467	0.983082
0.0845787	0.162467	0.983082
0.0845784	0.162467	0.983082
0.0845767	0.162464	0.983083
0.0845758	0.162463	0.983083
0.0845759	0.162464	0.983083
0.0845768	0.162464	0.983083
0.0845765	0.162464	0.983083
0.0845763	0.162464	0.983083
0.0845757	0.16246	0.983084
0.0845749	0.162458	0.983084
0.0845749	0.162459	0.983084
0.0845759	0.162459	0.983084
0.0845756	0.162459	0.983084
0.0845756	0.162459	0.983084
0.0845762	0.162455	0.983085
0.0845756	0.162454	0.983085
0.0845757	0.162454	0.983085
0.0845767	0.162455	0.983085
0.0845765	0.162455	0.983085
0.0845765	0.162454	0.983085
0.0845782	0.162453	0.983085
0.0845777	0.162452	0.983085
0.0845778	0.162452	0.983085
0.0845789	0.162453	0.983085
0.0845786	0.162453	0.983085
0.0845788	0.162452	0.983085
0.0845809	0.162453	0.983084
0.0845804	0.162452	0.983085
0.0845805	0.162452	0.983085
0.0845815	0.162453	0.983084
0.0845813	0.162453	0.983084
0.0845815	0.162453	0.983084
0.0845832	0.162456	0.983084
0.0845827	0.162455	0.983084
0.0845827	0.162456	0.983084
0.0845836	0.162457	0.983084
0.0845835	0.162457	0.983084
0.0845835	0.162457	0.983084
0.0845843	0.162461	0.983083
0.0845836	0.16246	0.983083
0.0845837	0.162461	0.983083
0.0845845	0.162461	0.983083
0.0845844	0.162461	0.983083
0.0845842	0.162462	0.983083
0.0845837	0.162465	0.983082
0.0845829	0.162465	0.983082
0.0845829	0.162465	0.983082
0.0845837	0.162466	0.983082
0.0845836	0.162466	0.983082
0.0845833	0.162466	0.983082
0.0845817	0.162468	0.983082
0.0845807	0.162467	0.983082
0.0845808	0.162467	0.983082
0.0845815	0.162468	0.983082
0.0845814	0.162468	0.983082
0.084581	0.162468	0.983082
0.0845833	0.162479	0.98308
0.0845821	0.162478	0.98308
0.0845821	0.162479	0.98308
0.0845829	0.162479	0.98308
0.0845827	0.162479	0.98308
0.0845826	0.162479	0.98308
0.0845808	0.162476	0.983081
0.0845797	0.162475	0.983081
0.0845796	0.162475	0.983081
0.0845805	0.162475	0.983081
0.0845803	0.162475	0.983081
0.0845803	0.162475	0.983081
0.0845795	0.162472	0.983082
0.0845785	0.16247	0.983082
0.0845785	0.16247	0.983082
0.0845795	0.16247	0.983082
0.0845792	0.16247	0.983082
0.0845794	0.16247	0.983082
0.0845799	0.162467	0.983082
0.0845791	0.162465	0.983083
0.084579	0.162466	0.983083
0.0845801	0.162466	0.983082
0.0845799	0.162466	0.983082
0.0845802	0.162466	0.983082
0.0845819	0.162464	0.983083
0.0845812	0.162462	0.983083
0.0845811	0.162463	0.983083
0.0845822	0.162463	0.983083
0.084582	0.162463	0.983083
0.0845825	0.162463	0.983083
0.0845847	0.162464	0.983082
0.084584	0.162463	0.983083
0.084584	0.162463	0.983083
0.084585	0.162464	0.983082
0.0845848	0.162463	0.983082
0.0845853	0.162464	0.983082
0.0845872	0.162467	0.983082
0.0845865	0.162466	0.983082
0.0845864	0.162466	0.983082
0.0845873	0.162467	0.983082
0.0845872	0.162467	0.983082
0.0845876	0.162468	0.983082
0.0845885	0.162472	0.983081
0.0845876	0.162471	0.983081
0.0845876	0.162471	0.983081
0.0845884	0.162472	0.983081
0.0845883	0.162472	0.983081
0.0845885	0.162473	0.983081
0.0845881	0.162476	0.98308
0.0845871	0.162476	0.98308
0.084587	0.162476	0.98308
0.0845877	0.162476	0.98308
0.0845876	0.162476	0.98308
0.0845877	0.162477	0.98308
0.0845861	0.162479	0.98308
0.084585	0.162478	0.98308
0.0845849	0.162479	0.98308
0.0845856	0.162479	0.98308
0.0845855	0.162479	0.98308
0.0845854	0.162479	0.98308
0.0845888	0.162485	0.983079
0.0845879	0.162484	0.983079
0.0845879	0.162484	0.983079
0.0845883	0.162484	0.983079
0.084588	0.162484	0.983079
0.084588	0.162484	0.983079
0.0845863	0.162482	0.983079
0.0845854	0.162481	0.983079
0.0845854	0.162481	0.983079
0.0845859	0.162481	0.983079
0.0845856	0.162481	0.983079
0.0845857	0.162481	0.983079
0.084585	0.162477	0.98308
0.0845843	0.162476	0.98308
0.0845843	0.162476	0.98308
0.0845849	0.162476	0.98308
0.0845845	0.162476	0.98308
0.0845848	0.162476	0.98308
0.0845854	0.162472	0.983081
0.0845848	0.162471	0.983081
0.0845848	0.162471	0.983081
0.0845855	0.162471	0.983081
0.0845851	0.162471	0.983081
0.0845856	0.162471	0.983081
0.0845874	0.162469	0.983081
0.0845869	0.162468	0.983081
0.0845869	0.162469	0.983081
0.0845876	0.162469	0.983081
0.0845873	0.162468	0.983081
0.0845879	0.162469	0.983081
0.0845901	0.162469	0.983081
0.0845898	0.162469	0.983081
0.0845898	0.162469	0.983081
0.0845904	0.162469	0.983081
0.0845901	0.162469	0.983081
0.0845907	0.162469	0.983081
0.0845926	0.162472	0.98308
0.0845922	0.162472	0.98308
0.0845922	0.162472	0.98308
0.0845927	0.162472	0.98308
0.0845925	0.162472	0.98308
0.084593	0.162473	0.98308
0.0845939	0.162477	0.983079
0.0845934	0.162477	0.983079
0.0845934	0.162477	0.983079
0.0845938	0.162477	0.983079
0.0845936	0.162477	0.983079
0.0845939	0.162478	0.983079
0.0845935	0.162482	0.983079
0.0845928	0.162482	0.983079
0.0845929	0.162482	0.983079
0.0845931	0.162482	0.983079
0.0845929	0.162482	0.983079
0.084593	0.162483	0.983079
0.0845916	0.162485	0.983078
0.0845907	0.162484	0.983078
0.0845908	0.162485	0.983078
0.084591	0.162484	0.983078
0.0845908	0.162485	0.983078
0.0845908	0.162485	0.983078
0.08459	0.162486	0.983078
0.0845897	0.162486	0.983078
0.0845897	0.162486	0.983078
0.0845896	0.162485	0.983078
0.0845892	0.162485	0.983078
0.0845892	0.162485	0.983078
0.0845875	0.162483	0.983079
0.0845872	0.162482	0.983079
0.0845872	0.162483	0.983079
0.0845872	0.162482	0.983079
0.0845868	0.162482	0.983079
0.084587	0.162482	0.983079
0.0845862	0.162478	0.98308
0.0845861	0.162477	0.98308
0.084586	0.162478	0.98308
0.0845862	0.162477	0.98308
0.0845857	0.162477	0.98308
0.084586	0.162477	0.98308
0.0845866	0.162473	0.983081
0.0845866	0.162473	0.983081
0.0845866	0.162473	0.983081
0.0845868	0.162472	0.983081
0.0845864	0.162472	0.983081
0.0845869	0.162472	0.983081
0.0845886	0.16247	0.983081
0.0845887	0.16247	0.983081
0.0845887	0.16247	0.983081
0.0845889	0.16247	0.983081
0.0845885	0.162469	0.983081
0.0845891	0.16247	0.983081
0.0845914	0.16247	0.983081
0.0845915	0.16247	0.983081
0.0845916	0.16247	0.983081
0.0845917	0.16247	0.983081
0.0845913	0.16247	0.983081
0.0845919	0.16247	0.983081
0.0845939	0.162473	0.98308
0.084594	0.162473	0.98308
0.084594	0.162474	0.98308
0.084594	0.162473	0.98308
0.0845937	0.162473	0.98308
0.0845942	0.162474	0.98308
0.0845952	0.162478	0.983079
0.0845952	0.162478	0.983079
0.0845952	0.162479	0.983079
0.0845951	0.162478	0.983079
0.0845948	0.162478	0.983079
0.0845951	0.162479	0.983079
0.0845947	0.162483	0.983078
0.0845946	0.162483	0.983078
0.0845946	0.162483	0.983078
0.0845944	0.162483	0.983078
0.0845941	0.162483	0.983078
0.0845943	0.162483	0.983078
0.0845928	0.162486	0.983078
0.0845925	0.162486	0.983078
0.0845925	0.162486	0.983078
0.0845923	0.162485	0.983078
0.084592	0.162485	0.983078
0.084592	0.162486	0.983078
0.0845866	0.162482	0.983079
0.0845868	0.162482	0.983079
0.0845868	0.162482	0.983079
0.0845863	0.162481	0.983079
0.0845859	0.162481	0.983079
0.0845858	0.162481	0.983079
0.084584	0.162479	0.98308
0.0845843	0.162479	0.98308
0.0845843	0.162479	0.98308
0.0845839	0.162478	0.98308
0.0845835	0.162478	0.98308
0.0845835	0.162478	0.98308
0.0845828	0.162474	0.983081
0.0845832	0.162474	0.983081
0.0845831	0.162474	0.983081
0.0845829	0.162473	0.983081
0.0845824	0.162473	0.983081
0.0845826	0.162473	0.983081
0.0845832	0.162469	0.983082
0.0845838	0.162469	0.983082
0.0845837	0.162469	0.983082
0.0845835	0.162468	0.983082
0.0845831	0.162468	0.983082
0.0845835	0.162468	0.983082
0.0845851	0.162466	0.983082
0.0845859	0.162466	0.983082
0.0845858	0.162467	0.983082
0.0845856	0.162466	0.983082
0.0845853	0.162466	0.983082
0.0845857	0.162466	0.983082
0.0845879	0.162466	0.983082
0.0845887	0.162467	0.983082
0.0845886	0.162467	0.983082
0.0845883	0.162466	0.983082
0.0845881	0.162466	0.983082
0.0845885	0.162466	0.983082
0.0845904	0.162469	0.983081
0.0845911	0.16247	0.983081
0.0845911	0.16247	0.983081
0.0845907	0.162469	0.983081
0.0845905	0.162469	0.983081
0.0845908	0.16247	0.983081
0.0845917	0.162474	0.98308
0.0845923	0.162475	0.98308
0.0845923	0.162475	0.98308
0.0845918	0.162474	0.98308
0.0845915	0.162474	0.98308
0.0845917	0.162475	0.98308
0.0845913	0.162479	0.983079
0.0845917	0.16248	0.983079
0.0845917	0.16248	0.983079
0.0845911	0.162479	0.983079
0.0845909	0.162479	0.983079
0.0845909	0.162479	0.983079
0.0845893	0.162482	0.983079
0.0845896	0.162482	0.983079
0.0845896	0.162483	0.983079
0.084589	0.162481	0.983079
0.0845887	0.162482	0.983079
0.0845886	0.162482	0.983079
0.0845797	0.162474	0.983081
0.0845804	0.162475	0.983081
0.0845803	0.162475	0.983081
0.0845796	0.162474	0.983081
0.0845794	0.162474	0.983081
0.0845791	0.162474	0.983081
0.0845772	0.162471	0.983082
0.0845779	0.162472	0.983082
0.0845778	0.162472	0.983082
0.0845773	0.162471	0.983082
0.084577	0.162471	0.983082
0.0845768	0.16247	0.983082
0.0845759	0.162467	0.983083
0.0845768	0.162467	0.983083
0.0845766	0.162467	0.983083
0.0845762	0.162466	0.983083
0.0845759	0.162466	0.983083
0.0845759	0.162465	0.983083
0.0845763	0.162462	0.983083
0.0845773	0.162462	0.983083
0.0845772	0.162462	0.983083
0.0845769	0.162461	0.983083
0.0845766	0.162461	0.983084
0.0845767	0.162461	0.983084
0.0845783	0.162459	0.983084
0.0845794	0.162459	0.983084
0.0845793	0.162459	0.983084
0.084579	0.162458	0.983084
0.0845787	0.162458	0.983084
0.084579	0.162458	0.983084
0.084581	0.162459	0.983084
0.0845823	0.16246	0.983083
0.0845821	0.16246	0.983083
0.0845817	0.162459	0.983083
0.0845815	0.162459	0.983083
0.0845818	0.162459	0.983083
0.0845836	0.162462	0.983083
0.0845847	0.162463	0.983083
0.0845846	0.162463	0.983083
0.0845841	0.162462	0.983083
0.0845839	0.162462	0.983083
0.084584	0.162463	0.983083
0.0845848	0.162466	0.983082
0.0845859	0.162468	0.983082
0.0845858	0.162468	0.983082
0.0845851	0.162467	0.983082
0.084585	0.162467	0.983082
0.0845849	0.162468	0.983082
0.0845844	0.162471	0.983081
0.0845853	0.162473	0.983081
0.0845852	0.162473	0.983081
0.0845845	0.162472	0.983081
0.0845843	0.162472	0.983081
0.0845841	0.162472	0.983081
0.0845825	0.162474	0.983081
0.0845832	0.162475	0.983081
0.0845831	0.162476	0.983081
0.0845824	0.162474	0.983081
0.0845822	0.162474	0.983081
0.0845819	0.162474	0.983081
0.0845721	0.162466	0.983083
0.0845729	0.162467	0.983083
0.0845727	0.162467	0.983083
0.0845722	0.162466	0.983083
0.0845721	0.162466	0.983083
0.0845716	0.162466	0.983083
0.0845696	0.162463	0.983084
0.0845704	0.162464	0.983084
0.0845702	0.162464	0.983084
0.0845698	0.162463	0.983084
0.0845697	0.162463	0.983084
0.0845693	0.162462	0.983084
0.0845683	0.162458	0.983085
0.0845692	0.162459	0.983084
0.084569	0.162459	0.983085
0.0845688	0.162458	0.983085
0.0845686	0.162458	0.983085
0.0845684	0.162457	0.983085
0.0845687	0.162454	0.983085
0.0845698	0.162454	0.983085
0.0845696	0.162454	0.983085
0.0845694	0.162453	0.983085
0.0845693	0.162453	0.983085
0.0845692	0.162453	0.983086
0.0845707	0.162451	0.983086
0.0845719	0.162451	0.983086
0.0845717	0.162451	0.983086
0.0845715	0.162451	0.983086
0.0845714	0.162451	0.983086
0.0845715	0.16245	0.983086
0.0845734	0.162451	0.983086
0.0845747	0.162452	0.983085
0.0845745	0.162452	0.983085
0.0845743	0.162451	0.983085
0.0845742	0.162451	0.983085
0.0845743	0.162451	0.983085
0.0845759	0.162453	0.983085
0.0845772	0.162455	0.983085
0.084577	0.162455	0.983085
0.0845766	0.162454	0.983085
0.0845766	0.162454	0.983085
0.0845765	0.162455	0.983085
0.0845772	0.162458	0.983084
0.0845783	0.16246	0.983084
0.0845782	0.16246	0.983084
0.0845777	0.162459	0.983084
0.0845777	0.162459	0.983084
0.0845774	0.16246	0.983084
0.0845768	0.162463	0.983083
0.0845778	0.162465	0.983083
0.0845776	0.162465	0.983083
0.084577	0.162464	0.983083
0.084577	0.162464	0.983083
0.0845766	0.162464	0.983083
0.0845749	0.162466	0.983083
0.0845757	0.162467	0.983083
0.0845755	0.162467	0.983083
0.0845749	0.162466	0.983083
0.0845749	0.162467	0.983083
0.0845744	0.162466	0.983083
0.0845666	0.162461	0.983084
0.0845671	0.162461	0.983084
0.0845668	0.162461	0.983084
0.0845668	0.16246	0.983084
0.0845668	0.162461	0.983084
0.0845662	0.16246	0.983085
0.0845641	0.162458	0.983085
0.0845646	0.162458	0.983085
0.0845644	0.162458	0.983085
0.0845644	0.162457	0.983085
0.0845644	0.162458	0.983085
0.0845639	0.162457	0.983085
0.0845628	0.162453	0.983086
0.0845635	0.162453	0.983086
0.0845632	0.162453	0.983086
0.0845634	0.162452	0.983086
0.0845633	0.162453	0.983086
0.084563	0.162452	0.983086
0.0845633	0.162448	0.983087
0.0845641	0.162448	0.983087
0.0845638	0.162448	0.983087
0.084564	0.162448	0.983087
0.084564	0.162448	0.983087
0.0845638	0.162447	0.983087
0.0845652	0.162445	0.983087
0.0845662	0.162445	0.983087
0.0845659	0.162445	0.983087
0.0845661	0.162445	0.983087
0.0845662	0.162445	0.983087
0.0845661	0.162445	0.983087
0.084568	0.162445	0.983087
0.084569	0.162446	0.983087
0.0845687	0.162446	0.983087
0.0845689	0.162446	0.983087
0.084569	0.162446	0.983087
0.0845689	0.162446	0.983087
0.0845705	0.162448	0.983086
0.0845714	0.162449	0.983086
0.0845712	0.162449	0.983086
0.0845712	0.162449	0.983086
0.0845714	0.162449	0.983086
0.0845711	0.162449	0.983086
0.0845718	0.162453	0.983085
0.0845726	0.162454	0.983085
0.0845724	0.162454	0.983085
0.0845723	0.162454	0.983085
0.0845724	0.162454	0.983085
0.0845721	0.162454	0.983085
0.0845714	0.162458	0.983085
0.084572	0.162459	0.983084
0.0845718	0.162459	0.983084
0.0845716	0.162458	0.983084
0.0845718	0.162459	0.983084
0.0845712	0.162459	0.983084
0.0845694	0.162461	0.983084
0.0845699	0.162461	0.983084
0.0845697	0.162462	0.983084
0.0845695	0.162461	0.983084
0.0845696	0.162461	0.983084
0.084569	0.162461	0.983084
0.0845654	0.16246	0.983085
0.0845653	0.16246	0.983085
0.0845651	0.16246	0.983085
0.0845655	0.162459	0.983085
0.0845656	0.16246	0.983085
0.084565	0.162459	0.983085
0.0845629	0.162457	0.983085
0.0845629	0.162457	0.983085
0.0845626	0.162457	0.983085
0.0845632	0.162456	0.983085
0.0845632	0.162457	0.983085
0.0845627	0.162456	0.983086
0.0845616	0.162452	0.983086
0.0845617	0.162452	0.983086
0.0845614	0.162452	0.983086
0.0845621	0.162451	0.983086
0.0845621	0.162452	0.983086
0.0845618	0.162451	0.983086
0.084562	0.162447	0.983087
0.0845623	0.162447	0.983087
0.084562	0.162447	0.983087
0.0845627	0.162447	0.983087
0.0845628	0.162447	0.983087
0.0845626	0.162446	0.983087
0.084564	0.162444	0.983087
0.0845644	0.162444	0.983087
0.0845641	0.162444	0.983087
0.0845648	0.162444	0.983087
0.0845649	0.162444	0.983087
0.0845648	0.162444	0.983087
0.0845667	0.162444	0.983087
0.0845672	0.162444	0.983087
0.0845669	0.162444	0.983087
0.0845676	0.162445	0.983087
0.0845677	0.162445	0.983087
0.0845676	0.162445	0.983087
0.0845693	0.162447	0.983086
0.0845696	0.162447	0.983086
0.0845694	0.162447	0.983086
0.0845699	0.162448	0.983086
0.0845701	0.162448	0.983086
0.0845699	0.162448	0.983086
0.0845705	0.162452	0.983086
0.0845708	0.162452	0.983085
0.0845706	0.162452	0.983085
0.084571	0.162453	0.983085
0.0845712	0.162453	0.983085
0.0845708	0.162453	0.983085
0.0845701	0.162457	0.983085
0.0845702	0.162457	0.983085
0.08457	0.162457	0.983085
0.0845703	0.162457	0.983085
0.0845705	0.162458	0.983085
0.08457	0.162458	0.983085
0.0845682	0.16246	0.983084
0.0845681	0.16246	0.983084
0.0845679	0.16246	0.983084
0.0845682	0.16246	0.983084
0.0845684	0.16246	0.983084
0.0845678	0.16246	0.983084
0.0845689	0.162464	0.983084
0.0845682	0.162463	0.983084
0.084568	0.162463	0.983084
0.0845688	0.162463	0.983084
0.0845688	0.162464	0.983084
0.0845684	0.162463	0.983084
0.0845664	0.162461	0.983084
0.0845657	0.16246	0.983085
0.0845655	0.16246	0.983085
0.0845665	0.16246	0.983085
0.0845665	0.162461	0.983084
0.0845661	0.16246	0.983085
0.0845651	0.162456	0.983085
0.0845646	0.162455	0.983086
0.0845643	0.162455	0.983086
0.0845654	0.162455	0.983085
0.0845654	0.162456	0.983085
0.0845652	0.162455	0.983086
0.0845655	0.162451	0.983086
0.0845651	0.16245	0.983086
0.0845649	0.16245	0.983086
0.084566	0.162451	0.983086
0.084566	0.162451	0.983086
0.084566	0.16245	0.983086
0.0845675	0.162448	0.983086
0.0845672	0.162447	0.983087
0.084567	0.162447	0.983087
0.0845681	0.162448	0.983086
0.0845682	0.162448	0.983086
0.0845682	0.162448	0.983086
0.0845702	0.162448	0.983086
0.0845701	0.162448	0.983086
0.0845698	0.162448	0.983086
0.0845709	0.162448	0.983086
0.084571	0.162449	0.983086
0.084571	0.162449	0.983086
0.0845727	0.162451	0.983085
0.0845725	0.162451	0.983086
0.0845723	0.162451	0.983086
0.0845732	0.162452	0.983085
0.0845734	0.162452	0.983085
0.0845733	0.162452	0.983085
0.084574	0.162456	0.983085
0.0845737	0.162456	0.983085
0.0845735	0.162456	0.983085
0.0845743	0.162456	0.983084
0.0845745	0.162457	0.983084
0.0845742	0.162457	0.983084
0.0845736	0.162461	0.983084
0.0845731	0.162461	0.983084
0.0845729	0.162461	0.983084
0.0845736	0.162461	0.983084
0.0845738	0.162462	0.983084
0.0845734	0.162462	0.983084
0.0845716	0.162464	0.983083
0.084571	0.162463	0.983084
0.0845708	0.162464	0.983084
0.0845715	0.162464	0.983084
0.0845717	0.162464	0.983083
0.0845712	0.162464	0.983083
0.0845757	0.162471	0.983082
0.0845746	0.16247	0.983082
0.0845745	0.16247	0.983082
0.0845754	0.162471	0.983082
0.0845754	0.162471	0.983082
0.0845751	0.162471	0.983082
0.0845732	0.162468	0.983083
0.0845722	0.162467	0.983083
0.084572	0.162467	0.983083
0.0845731	0.162467	0.983083
0.084573	0.162468	0.983083
0.0845728	0.162467	0.983083
0.0845719	0.162464	0.983083
0.084571	0.162462	0.983084
0.0845708	0.162462	0.983084
0.084572	0.162463	0.983084
0.0845719	0.162463	0.983084
0.0845719	0.162462	0.983084
0.0845723	0.162459	0.983084
0.0845716	0.162457	0.983085
0.0845714	0.162457	0.983085
0.0845727	0.162458	0.983084
0.0845726	0.162458	0.983084
0.0845728	0.162458	0.983084
0.0845743	0.162456	0.983085
0.0845737	0.162454	0.983085
0.0845735	0.162455	0.983085
0.0845748	0.162455	0.983085
0.0845747	0.162455	0.983085
0.084575	0.162455	0.983085
0.0845771	0.162456	0.983084
0.0845765	0.162455	0.983085
0.0845763	0.162455	0.983085
0.0845775	0.162456	0.983084
0.0845775	0.162456	0.983084
0.0845778	0.162456	0.983084
0.0845796	0.162459	0.983084
0.0845789	0.162458	0.983084
0.0845788	0.162458	0.983084
0.0845799	0.162459	0.983084
0.0845799	0.162459	0.983084
0.0845801	0.16246	0.983083
0.0845809	0.162463	0.983083
0.0845801	0.162463	0.983083
0.08458	0.162463	0.983083
0.0845809	0.162464	0.983083
0.084581	0.162464	0.983083
0.084581	0.162465	0.983083
0.0845804	0.162468	0.983082
0.0845795	0.162468	0.983082
0.0845794	0.162468	0.983082
0.0845803	0.162468	0.983082
0.0845803	0.162469	0.983082
0.0845802	0.162469	0.983082
0.0845785	0.162471	0.983082
0.0845774	0.16247	0.983082
0.0845773	0.162471	0.983082
0.0845782	0.162471	0.983082
0.0845782	0.162471	0.983082
0.0845779	0.162472	0.983082
0.084581	0.162483	0.983079
0.0845802	0.162481	0.98308
0.0845804	0.162482	0.98308
0.0845814	0.162484	0.983079
0.0845813	0.162484	0.983079
0.0845804	0.162483	0.98308
0.0845782	0.162481	0.98308
0.0845776	0.162478	0.983081
0.0845776	0.162479	0.98308
0.0845788	0.16248	0.98308
0.0845786	0.162481	0.98308
0.0845778	0.16248	0.98308
0.0845765	0.162476	0.983081
0.0845762	0.162473	0.983082
0.0845762	0.162474	0.983081
0.0845776	0.162475	0.983081
0.0845772	0.162476	0.983081
0.0845765	0.162474	0.983081
0.0845766	0.16247	0.983082
0.0845767	0.162468	0.983082
0.0845766	0.162469	0.983082
0.0845781	0.16247	0.983082
0.0845777	0.16247	0.983082
0.0845772	0.162469	0.983082
0.0845785	0.162466	0.983082
0.0845788	0.162465	0.983083
0.0845787	0.162465	0.983083
0.0845803	0.162467	0.983082
0.0845799	0.162467	0.983082
0.0845794	0.162466	0.983082
0.0845815	0.162466	0.983082
0.0845817	0.162465	0.983082
0.0845817	0.162465	0.983082
0.0845832	0.162467	0.983082
0.0845829	0.162467	0.983082
0.0845825	0.162467	0.983082
0.0845843	0.162469	0.983082
0.0845843	0.162468	0.983082
0.0845844	0.162468	0.983082
0.0845859	0.162471	0.983081
0.0845856	0.16247	0.983081
0.0845851	0.16247	0.983081
0.084586	0.162474	0.983081
0.0845857	0.162473	0.983081
0.0845858	0.162473	0.983081
0.0845871	0.162476	0.98308
0.084587	0.162476	0.98308
0.0845863	0.162475	0.98308
0.0845858	0.162479	0.98308
0.0845852	0.162478	0.98308
0.0845854	0.162479	0.98308
0.0845866	0.162481	0.983079
0.0845865	0.162481	0.983079
0.0845857	0.162481	0.98308
0.0845839	0.162483	0.983079
0.0845832	0.162481	0.98308
0.0845833	0.162482	0.98308
0.0845844	0.162484	0.983079
0.0845843	0.162484	0.983079
0.0845834	0.162484	0.983079
0.0845879	0.16249	0.983078
0.0845868	0.162488	0.983078
0.0845868	0.162489	0.983078
0.0845878	0.16249	0.983078
0.0845877	0.162491	0.983078
0.0845873	0.16249	0.983078
0.084585	0.162488	0.983078
0.0845841	0.162485	0.983079
0.0845841	0.162485	0.983079
0.0845852	0.162487	0.983079
0.084585	0.162487	0.983078
0.0845846	0.162487	0.983079
0.0845833	0.162483	0.983079
0.0845828	0.16248	0.98308
0.0845827	0.16248	0.98308
0.0845839	0.162482	0.983079
0.0845836	0.162482	0.983079
0.0845834	0.162482	0.98308
0.0845835	0.162477	0.98308
0.0845832	0.162475	0.983081
0.0845831	0.162475	0.983081
0.0845845	0.162477	0.98308
0.0845841	0.162477	0.98308
0.084584	0.162476	0.98308
0.0845854	0.162473	0.983081
0.0845853	0.162472	0.983081
0.0845852	0.162472	0.983081
0.0845867	0.162474	0.983081
0.0845863	0.162474	0.983081
0.0845863	0.162473	0.983081
0.0845883	0.162473	0.983081
0.0845882	0.162472	0.983081
0.0845881	0.162472	0.983081
0.0845896	0.162474	0.98308
0.0845893	0.162474	0.98308
0.0845894	0.162474	0.98308
0.0845912	0.162476	0.98308
0.0845909	0.162475	0.98308
0.0845908	0.162475	0.98308
0.0845922	0.162477	0.98308
0.084592	0.162477	0.98308
0.084592	0.162477	0.98308
0.0845928	0.162481	0.983079
0.0845923	0.16248	0.983079
0.0845922	0.16248	0.983079
0.0845935	0.162482	0.983079
0.0845934	0.162482	0.983079
0.0845932	0.162482	0.983079
0.0845927	0.162486	0.983078
0.0845918	0.162485	0.983078
0.0845918	0.162485	0.983078
0.0845929	0.162487	0.983078
0.0845929	0.162487	0.983078
0.0845926	0.162488	0.983078
0.0845908	0.16249	0.983078
0.0845897	0.162488	0.983078
0.0845898	0.162488	0.983078
0.0845908	0.16249	0.983077
0.0845907	0.162491	0.983077
0.0845903	0.162491	0.983077
0.08459	0.162492	0.983077
0.084589	0.16249	0.983078
0.084589	0.16249	0.983078
0.0845893	0.162491	0.983077
0.0845892	0.162492	0.983077
0.0845894	0.162492	0.983077
0.0845872	0.162489	0.983078
0.0845864	0.162487	0.983078
0.0845863	0.162487	0.983078
0.0845867	0.162488	0.983078
0.0845865	0.162488	0.983078
0.0845867	0.162489	0.983078
0.0845855	0.162484	0.983079
0.084585	0.162482	0.983079
0.0845848	0.162482	0.983079
0.0845854	0.162483	0.983079
0.0845851	0.162483	0.983079
0.0845855	0.162483	0.983079
0.0845856	0.162479	0.98308
0.0845855	0.162477	0.98308
0.0845852	0.162477	0.98308
0.084586	0.162478	0.98308
0.0845856	0.162478	0.98308
0.0845861	0.162478	0.98308
0.0845875	0.162475	0.98308
0.0845876	0.162474	0.98308
0.0845873	0.162474	0.983081
0.0845881	0.162475	0.98308
0.0845878	0.162475	0.98308
0.0845884	0.162475	0.98308
0.0845905	0.162475	0.98308
0.0845905	0.162474	0.98308
0.0845903	0.162474	0.98308
0.0845911	0.162475	0.98308
0.0845908	0.162475	0.98308
0.0845914	0.162475	0.98308
0.0845933	0.162477	0.983079
0.0845932	0.162477	0.983079
0.084593	0.162477	0.98308
0.0845937	0.162478	0.983079
0.0845935	0.162478	0.983079
0.0845941	0.162479	0.983079
0.084595	0.162482	0.983078
0.0845945	0.162482	0.983079
0.0845944	0.162482	0.983079
0.084595	0.162483	0.983078
0.0845949	0.162483	0.983078
0.0845953	0.162484	0.983078
0.0845949	0.162488	0.983078
0.0845941	0.162487	0.983078
0.084594	0.162487	0.983078
0.0845944	0.162488	0.983077
0.0845944	0.162489	0.983077
0.0845947	0.162489	0.983077
0.084593	0.162492	0.983077
0.084592	0.16249	0.983077
0.0845919	0.16249	0.983077
0.0845923	0.162491	0.983077
0.0845922	0.162492	0.983077
0.0845924	0.162492	0.983077
0.0845867	0.162488	0.983078
0.0845862	0.162487	0.983078
0.084586	0.162487	0.983078
0.0845853	0.162487	0.983079
0.0845853	0.162487	0.983078
0.0845859	0.162488	0.983078
0.0845838	0.162485	0.983079
0.0845835	0.162484	0.983079
0.0845833	0.162484	0.983079
0.0845827	0.162483	0.983079
0.0845826	0.162484	0.983079
0.0845832	0.162484	0.983079
0.0845821	0.16248	0.98308
0.0845822	0.162478	0.98308
0.0845818	0.162479	0.98308
0.0845815	0.162478	0.98308
0.0845812	0.162479	0.98308
0.084582	0.162479	0.98308
0.0845823	0.162475	0.983081
0.0845826	0.162473	0.983081
0.0845822	0.162473	0.983081
0.084582	0.162473	0.983081
0.0845817	0.162473	0.983081
0.0845826	0.162474	0.983081
0.0845842	0.162471	0.983081
0.0845847	0.16247	0.983081
0.0845843	0.16247	0.983081
0.0845842	0.16247	0.983081
0.0845839	0.16247	0.983081
0.0845849	0.162471	0.983081
0.0845871	0.162471	0.983081
0.0845876	0.16247	0.983081
0.0845873	0.16247	0.983081
0.0845871	0.16247	0.983081
0.0845869	0.16247	0.983081
0.0845879	0.162471	0.983081
0.08459	0.162473	0.98308
0.0845903	0.162473	0.98308
0.08459	0.162473	0.98308
0.0845897	0.162474	0.98308
0.0845896	0.162473	0.98308
0.0845906	0.162475	0.98308
0.0845917	0.162478	0.983079
0.0845916	0.162478	0.983079
0.0845914	0.162478	0.983079
0.084591	0.162479	0.983079
0.084591	0.162479	0.983079
0.0845918	0.16248	0.983079
0.0845915	0.162484	0.983078
0.0845912	0.162483	0.983079
0.084591	0.162483	0.983079
0.0845905	0.162484	0.983079
0.0845905	0.162484	0.983079
0.0845912	0.162485	0.983078
0.0845896	0.162488	0.983078
0.0845891	0.162487	0.983078
0.0845889	0.162487	0.983078
0.0845883	0.162487	0.983078
0.0845883	0.162487	0.983078
0.0845889	0.162488	0.983078
0.0845791	0.16248	0.98308
0.0845792	0.162479	0.98308
0.084579	0.162479	0.98308
0.0845774	0.162478	0.983081
0.0845774	0.162479	0.983081
0.0845781	0.162479	0.98308
0.0845763	0.162477	0.983081
0.0845766	0.162476	0.983081
0.0845763	0.162476	0.983081
0.0845748	0.162475	0.983081
0.0845747	0.162475	0.983081
0.0845755	0.162476	0.983081
0.0845746	0.162472	0.983082
0.0845752	0.162471	0.983082
0.0845749	0.162471	0.983082
0.0845736	0.162469	0.983082
0.0845734	0.16247	0.983082
0.0845742	0.162471	0.983082
0.0845747	0.162467	0.983083
0.0845757	0.162466	0.983083
0.0845753	0.162466	0.983083
0.0845741	0.162464	0.983083
0.0845738	0.162465	0.983083
0.0845749	0.162465	0.983083
0.0845766	0.162463	0.983083
0.0845778	0.162462	0.983083
0.0845773	0.162462	0.983083
0.0845763	0.162461	0.983083
0.084576	0.162462	0.983083
0.0845771	0.162462	0.983083
0.0845796	0.162462	0.983083
0.0845807	0.162462	0.983083
0.0845803	0.162462	0.983083
0.0845792	0.162462	0.983083
0.084579	0.162462	0.983083
0.0845802	0.162463	0.983083
0.0845824	0.162465	0.983082
0.0845834	0.162466	0.983082
0.084583	0.162465	0.983082
0.0845818	0.162465	0.983082
0.0845818	0.162465	0.983082
0.0845828	0.162466	0.983082
0.0845841	0.16247	0.983081
0.0845847	0.162471	0.983081
0.0845844	0.16247	0.983081
0.0845831	0.16247	0.983081
0.0845831	0.16247	0.983081
0.084584	0.162471	0.983081
0.0845839	0.162475	0.983081
0.0845843	0.162476	0.98308
0.084584	0.162476	0.98308
0.0845826	0.162475	0.983081
0.0845826	0.162475	0.983081
0.0845834	0.162477	0.98308
0.084582	0.162479	0.98308
0.0845822	0.162479	0.98308
0.0845819	0.162479	0.98308
0.0845804	0.162478	0.98308
0.0845805	0.162479	0.98308
0.0845811	0.16248	0.98308
0.0845702	0.16247	0.983083
0.0845709	0.16247	0.983083
0.0845707	0.16247	0.983083
0.0845686	0.162469	0.983083
0.0845686	0.162469	0.983083
0.084569	0.16247	0.983083
0.0845673	0.162468	0.983083
0.0845683	0.162467	0.983083
0.084568	0.162467	0.983083
0.084566	0.162465	0.983084
0.0845659	0.162466	0.983084
0.0845664	0.162466	0.983084
0.0845657	0.162463	0.983084
0.0845669	0.162462	0.983084
0.0845665	0.162462	0.983084
0.0845648	0.16246	0.983085
0.0845645	0.162461	0.983085
0.0845652	0.162461	0.983085
0.0845658	0.162457	0.983085
0.0845674	0.162457	0.983085
0.0845669	0.162457	0.983085
0.0845653	0.162455	0.983085
0.084565	0.162455	0.983085
0.0845658	0.162456	0.983085
0.0845677	0.162454	0.983086
0.0845694	0.162454	0.983085
0.084569	0.162454	0.983085
0.0845675	0.162452	0.983086
0.0845672	0.162452	0.983086
0.0845681	0.162453	0.983086
0.0845707	0.162453	0.983085
0.0845724	0.162454	0.983085
0.084572	0.162453	0.983085
0.0845704	0.162452	0.983086
0.0845702	0.162452	0.983086
0.0845711	0.162453	0.983085
0.0845735	0.162456	0.983085
0.084575	0.162457	0.983084
0.0845747	0.162457	0.983084
0.084573	0.162456	0.983085
0.0845729	0.162456	0.983085
0.0845738	0.162457	0.983085
0.0845752	0.162461	0.983084
0.0845764	0.162462	0.983083
0.0845761	0.162462	0.983083
0.0845743	0.162461	0.983084
0.0845743	0.162461	0.983084
0.084575	0.162462	0.983084
0.084575	0.162466	0.983083
0.0845759	0.162467	0.983083
0.0845757	0.162467	0.983083
0.0845737	0.162466	0.983083
0.0845738	0.162466	0.983083
0.0845744	0.162467	0.983083
0.0845731	0.16247	0.983082
0.0845738	0.16247	0.983082
0.0845736	0.16247	0.983082
0.0845716	0.162469	0.983083
0.0845716	0.162469	0.983083
0.0845721	0.16247	0.983082
0.0845633	0.162463	0.983084
0.0845644	0.162463	0.983084
0.0845642	0.162464	0.983084
0.0845623	0.162462	0.983085
0.0845622	0.162463	0.983084
0.0845622	0.162463	0.983084
0.0845605	0.162461	0.983085
0.0845617	0.16246	0.983085
0.0845615	0.162461	0.983085
0.0845597	0.162459	0.983085
0.0845595	0.162459	0.983085
0.0845595	0.162459	0.983085
0.0845588	0.162456	0.983086
0.0845603	0.162455	0.983086
0.0845601	0.162455	0.983086
0.0845584	0.162454	0.983086
0.0845582	0.162454	0.983086
0.0845583	0.162454	0.983086
0.084559	0.16245	0.983087
0.0845608	0.16245	0.983087
0.0845605	0.16245	0.983087
0.0845589	0.162449	0.983087
0.0845586	0.162449	0.983087
0.0845589	0.162449	0.983087
0.0845609	0.162447	0.983087
0.0845629	0.162447	0.983087
0.0845626	0.162447	0.983087
0.0845611	0.162446	0.983087
0.0845608	0.162446	0.983087
0.0845612	0.162446	0.983087
0.0845638	0.162446	0.983087
0.0845658	0.162447	0.983087
0.0845655	0.162447	0.983087
0.0845641	0.162446	0.983087
0.0845638	0.162446	0.983087
0.0845643	0.162446	0.983087
0.0845667	0.162449	0.983086
0.0845685	0.16245	0.983086
0.0845682	0.16245	0.983086
0.0845667	0.162449	0.983086
0.0845666	0.162449	0.983086
0.0845669	0.16245	0.983086
0.0845683	0.162454	0.983085
0.0845698	0.162455	0.983085
0.0845696	0.162455	0.983085
0.0845679	0.162454	0.983085
0.0845679	0.162454	0.983085
0.0845681	0.162455	0.983085
0.0845682	0.162459	0.983085
0.0845694	0.16246	0.983084
0.0845692	0.16246	0.983084
0.0845674	0.162459	0.983085
0.0845674	0.16246	0.983085
0.0845675	0.16246	0.983084
0.0845663	0.162463	0.983084
0.0845673	0.162463	0.983084
0.0845672	0.162464	0.983084
0.0845652	0.162462	0.983084
0.0845653	0.162463	0.983084
0.0845652	0.162463	0.983084
0.0845612	0.162462	0.983085
0.0845621	0.162461	0.983085
0.0845621	0.162462	0.983085
0.0845608	0.162461	0.983085
0.0845607	0.162462	0.983085
0.0845601	0.162461	0.983085
0.0845583	0.162459	0.983085
0.0845594	0.162458	0.983085
0.0845594	0.162459	0.983085
0.0845582	0.162458	0.983086
0.084558	0.162458	0.983086
0.0845574	0.162458	0.983086
0.0845567	0.162454	0.983086
0.0845581	0.162453	0.983086
0.0845579	0.162454	0.983086
0.0845569	0.162453	0.983087
0.0845566	0.162453	0.983087
0.0845562	0.162452	0.983087
0.0845568	0.162448	0.983087
0.0845585	0.162448	0.983087
0.0845583	0.162448	0.983087
0.0845575	0.162448	0.983087
0.0845571	0.162448	0.983087
0.0845569	0.162447	0.983088
0.0845587	0.162445	0.983088
0.0845606	0.162445	0.983088
0.0845604	0.162445	0.983088
0.0845596	0.162445	0.983088
0.0845593	0.162445	0.983088
0.0845591	0.162444	0.983088
0.0845616	0.162444	0.983088
0.0845636	0.162445	0.983087
0.0845634	0.162445	0.983087
0.0845626	0.162445	0.983087
0.0845623	0.162445	0.983087
0.0845622	0.162444	0.983088
0.0845645	0.162447	0.983087
0.0845662	0.162448	0.983087
0.0845661	0.162448	0.983087
0.0845652	0.162448	0.983087
0.084565	0.162448	0.983087
0.0845648	0.162448	0.983087
0.0845662	0.162452	0.983086
0.0845676	0.162453	0.983086
0.0845675	0.162453	0.983086
0.0845665	0.162453	0.983086
0.0845664	0.162453	0.983086
0.084566	0.162453	0.983086
0.084566	0.162457	0.983085
0.0845671	0.162458	0.983085
0.0845671	0.162458	0.983085
0.0845659	0.162458	0.983085
0.0845659	0.162458	0.983085
0.0845654	0.162458	0.983085
0.0845641	0.162461	0.983085
0.084565	0.162461	0.983084
0.084565	0.162462	0.983084
0.0845637	0.162461	0.983085
0.0845637	0.162462	0.983085
0.0845631	0.162461	0.983085
0.0845645	0.162466	0.983084
0.084565	0.162465	0.983084
0.0845651	0.162465	0.983084
0.0845647	0.162466	0.983084
0.0845646	0.162466	0.983084
0.0845636	0.162465	0.983084
0.0845617	0.162463	0.983085
0.0845623	0.162462	0.983085
0.0845624	0.162462	0.983085
0.0845621	0.162462	0.983085
0.0845619	0.162463	0.983084
0.084561	0.162462	0.983085
0.08456	0.162458	0.983085
0.084561	0.162457	0.983086
0.0845609	0.162457	0.983085
0.0845609	0.162457	0.983085
0.0845605	0.162458	0.983085
0.0845597	0.162456	0.983086
0.0845601	0.162452	0.983086
0.0845614	0.162452	0.983086
0.0845613	0.162452	0.983086
0.0845614	0.162452	0.983086
0.084561	0.162452	0.983086
0.0845604	0.162451	0.983087
0.084562	0.162449	0.983087
0.0845635	0.162448	0.983087
0.0845634	0.162449	0.983087
0.0845636	0.162449	0.983087
0.0845632	0.162449	0.983087
0.0845626	0.162448	0.983087
0.084565	0.162448	0.983087
0.0845664	0.162448	0.983086
0.0845664	0.162449	0.983086
0.0845665	0.162449	0.983086
0.0845662	0.162449	0.983086
0.0845657	0.162449	0.983087
0.0845678	0.162451	0.983086
0.0845691	0.162452	0.983086
0.0845691	0.162452	0.983086
0.0845692	0.162453	0.983086
0.0845689	0.162452	0.983086
0.0845683	0.162452	0.983086
0.0845695	0.162456	0.983085
0.0845704	0.162457	0.983085
0.0845705	0.162457	0.983085
0.0845704	0.162458	0.983085
0.0845703	0.162458	0.983085
0.0845695	0.162457	0.983085
0.0845694	0.162461	0.983084
0.08457	0.162462	0.983084
0.0845701	0.162462	0.983084
0.0845699	0.162463	0.983084
0.0845698	0.162463	0.983084
0.0845689	0.162462	0.983084
0.0845675	0.162465	0.983084
0.0845679	0.162465	0.983084
0.084568	0.162465	0.983084
0.0845677	0.162466	0.983083
0.0845676	0.162466	0.983083
0.0845666	0.162465	0.983084
0.0845721	0.162474	0.983082
0.0845719	0.162473	0.983082
0.084572	0.162473	0.983082
0.0845726	0.162474	0.983082
0.0845725	0.162475	0.983082
0.0845713	0.162474	0.983082
0.0845692	0.162471	0.983082
0.0845692	0.162469	0.983083
0.0845693	0.16247	0.983083
0.08457	0.162471	0.983082
0.0845698	0.162472	0.983082
0.0845687	0.16247	0.983083
0.0845676	0.162466	0.983083
0.0845679	0.162464	0.983084
0.0845679	0.162465	0.983084
0.0845688	0.162466	0.983083
0.0845684	0.162466	0.983083
0.0845675	0.162465	0.983084
0.0845677	0.162461	0.983084
0.0845683	0.162459	0.983085
0.0845683	0.16246	0.983084
0.0845693	0.162461	0.983084
0.0845689	0.162461	0.983084
0.0845681	0.16246	0.983084
0.0845696	0.162457	0.983085
0.0845704	0.162456	0.983085
0.0845704	0.162456	0.983085
0.0845715	0.162458	0.983084
0.0845711	0.162458	0.983085
0.0845704	0.162457	0.983085
0.0845726	0.162456	0.983085
0.0845734	0.162456	0.983085
0.0845733	0.162456	0.983085
0.0845744	0.162458	0.983084
0.0845741	0.162458	0.983084
0.0845734	0.162457	0.983084
0.0845754	0.162459	0.983084
0.084576	0.162459	0.983084
0.0845761	0.162459	0.983084
0.084577	0.162461	0.983083
0.0845768	0.162461	0.983083
0.0845761	0.162461	0.983084
0.0845771	0.162464	0.983083
0.0845774	0.162464	0.983083
0.0845775	0.162464	0.983083
0.0845783	0.162466	0.983082
0.0845782	0.162466	0.983083
0.0845773	0.162466	0.983083
0.0845769	0.16247	0.983082
0.0845769	0.162469	0.983082
0.0845771	0.16247	0.983082
0.0845778	0.162472	0.983082
0.0845777	0.162472	0.983082
0.0845767	0.162471	0.983082
0.084575	0.162473	0.983082
0.0845748	0.162473	0.983082
0.084575	0.162473	0.983082
0.0845756	0.162475	0.983081
0.0845755	0.162475	0.983081
0.0845744	0.162474	0.983082
0.084583	0.162491	0.983078
0.0845821	0.16249	0.983078
0.0845774	0.162485	0.983079
0.0845789	0.162486	0.983079
0.0845799	0.162488	0.983079
0.084579	0.162487	0.983079
0.0845742	0.162482	0.98308
0.0845756	0.162483	0.98308
0.0845782	0.162482	0.98308
0.0845771	0.162481	0.98308
0.0845724	0.162476	0.983081
0.0845734	0.162478	0.983081
0.0845786	0.162476	0.983081
0.0845772	0.162475	0.983081
0.0845726	0.16247	0.983082
0.0845731	0.162472	0.983082
0.0845809	0.162472	0.983081
0.0845793	0.162471	0.983082
0.0845749	0.162466	0.983083
0.0845749	0.162467	0.983083
0.0845843	0.162472	0.983081
0.0845825	0.16247	0.983081
0.0845782	0.162466	0.983083
0.084578	0.162466	0.983083
0.0845874	0.162476	0.98308
0.0845857	0.162473	0.983081
0.0845814	0.162469	0.983082
0.0845813	0.162468	0.983082
0.084589	0.162481	0.983079
0.0845876	0.162479	0.98308
0.0845832	0.162475	0.983081
0.0845836	0.162473	0.983081
0.0845886	0.162487	0.983078
0.0845875	0.162485	0.983079
0.0845829	0.162481	0.98308
0.0845838	0.16248	0.98308
0.0845863	0.162491	0.983078
0.0845854	0.162489	0.983078
0.0845807	0.162485	0.983079
0.084582	0.162484	0.983079
0.0845905	0.162499	0.983076
0.08459	0.162498	0.983076
0.0845874	0.162496	0.983077
0.0845882	0.162495	0.983077
0.0845875	0.162496	0.983077
0.0845868	0.162495	0.983077
0.0845842	0.162493	0.983078
0.0845849	0.162493	0.983078
0.0845858	0.16249	0.983078
0.084585	0.162489	0.983078
0.0845824	0.162487	0.983079
0.0845827	0.162488	0.983079
0.0845862	0.162484	0.983079
0.0845851	0.162483	0.983079
0.0845827	0.162481	0.98308
0.0845824	0.162482	0.98308
0.0845885	0.16248	0.983079
0.0845871	0.162479	0.98308
0.0845849	0.162477	0.98308
0.0845842	0.162477	0.98308
0.0845919	0.16248	0.983079
0.0845904	0.162478	0.983079
0.0845882	0.162476	0.98308
0.0845874	0.162475	0.98308
0.084595	0.162483	0.983078
0.0845936	0.162481	0.983079
0.0845914	0.162479	0.983079
0.0845907	0.162478	0.98308
0.0845966	0.162489	0.983077
0.0845955	0.162487	0.983078
0.0845932	0.162485	0.983078
0.0845929	0.162483	0.983078
0.0845962	0.162495	0.983076
0.0845953	0.162493	0.983077
0.084593	0.162491	0.983077
0.0845932	0.162489	0.983077
0.0845939	0.162499	0.983076
0.0845933	0.162497	0.983076
0.0845907	0.162495	0.983077
0.0845914	0.162494	0.983077
0.0845915	0.162499	0.983076
0.0845917	0.162499	0.983076
0.0845921	0.1625	0.983076
0.0845923	0.162499	0.983076
0.0845884	0.162496	0.983077
0.0845885	0.162496	0.983077
0.0845889	0.162497	0.983077
0.084589	0.162497	0.983077
0.0845867	0.16249	0.983078
0.0845866	0.16249	0.983078
0.0845871	0.162491	0.983078
0.0845868	0.162492	0.983078
0.0845871	0.162484	0.983079
0.0845868	0.162484	0.983079
0.0845874	0.162485	0.983079
0.0845866	0.162485	0.983079
0.0845895	0.16248	0.983079
0.0845888	0.16248	0.983079
0.0845896	0.162481	0.983079
0.0845883	0.162481	0.983079
0.0845928	0.16248	0.983079
0.0845921	0.16248	0.983079
0.0845929	0.162481	0.983079
0.0845915	0.162479	0.983079
0.0845959	0.162484	0.983078
0.0845953	0.162483	0.983078
0.0845961	0.162484	0.983078
0.0845948	0.162482	0.983079
0.0845976	0.162489	0.983077
0.0845972	0.162488	0.983077
0.0845979	0.16249	0.983077
0.084597	0.162487	0.983077
0.0845972	0.162495	0.983076
0.084597	0.162494	0.983076
0.0845977	0.162496	0.983076
0.0845973	0.162493	0.983076
0.0845949	0.162499	0.983076
0.084595	0.162498	0.983076
0.0845954	0.1625	0.983076
0.0845955	0.162498	0.983076
0.0845855	0.162492	0.983078
0.0845866	0.162493	0.983077
0.0845897	0.162497	0.983076
0.0845896	0.162496	0.983077
0.0845824	0.162489	0.983078
0.0845834	0.16249	0.983078
0.0845865	0.162494	0.983077
0.0845863	0.162493	0.983077
0.0845807	0.162483	0.98308
0.0845815	0.162484	0.983079
0.0845847	0.162488	0.983078
0.0845841	0.162488	0.983078
0.0845811	0.162477	0.98308
0.0845816	0.162478	0.98308
0.0845849	0.162482	0.983079
0.0845839	0.162482	0.983079
0.0845834	0.162473	0.983081
0.0845837	0.162474	0.983081
0.0845872	0.162478	0.98308
0.0845857	0.162477	0.98308
0.0845868	0.162473	0.983081
0.0845869	0.162474	0.983081
0.0845905	0.162477	0.98308
0.0845888	0.162476	0.98308
0.0845899	0.162477	0.98308
0.0845901	0.162477	0.98308
0.0845937	0.162481	0.983079
0.0845921	0.162478	0.983079
0.0845915	0.162482	0.983079
0.084592	0.162482	0.983079
0.0845955	0.162486	0.983078
0.0845943	0.162484	0.983078
0.0845911	0.162488	0.983078
0.0845919	0.162488	0.983078
0.0845953	0.162492	0.983077
0.0845946	0.16249	0.983077
0.0845888	0.162492	0.983077
0.0845898	0.162492	0.983077
0.084593	0.162497	0.983076
0.0845928	0.162494	0.983077
0.0845748	0.162481	0.98308
0.0845765	0.162482	0.98308
0.0845811	0.162487	0.983079
0.0845812	0.162486	0.983079
0.0845717	0.162477	0.983081
0.0845734	0.162479	0.983081
0.0845779	0.162484	0.98308
0.0845779	0.162484	0.98308
0.08457	0.162472	0.983082
0.0845715	0.162473	0.983082
0.0845761	0.162478	0.983081
0.0845757	0.162479	0.983081
0.0845704	0.162466	0.983083
0.0845716	0.162468	0.983083
0.0845764	0.162472	0.983082
0.0845754	0.162473	0.983082
0.0845727	0.162462	0.983084
0.0845737	0.162463	0.983083
0.0845786	0.162468	0.983082
0.0845772	0.162468	0.983082
0.0845761	0.162462	0.983083
0.0845769	0.162463	0.983083
0.0845819	0.162468	0.983082
0.0845804	0.162466	0.983082
0.0845792	0.162465	0.983083
0.0845801	0.162466	0.983082
0.0845851	0.162471	0.983081
0.0845837	0.162469	0.983082
0.0845808	0.162471	0.983082
0.084582	0.162471	0.983081
0.0845869	0.162477	0.98308
0.0845859	0.162474	0.983081
0.0845804	0.162477	0.983081
0.0845819	0.162477	0.98308
0.0845867	0.162483	0.983079
0.0845861	0.16248	0.98308
0.0845781	0.16248	0.98308
0.0845798	0.162481	0.98308
0.0845844	0.162487	0.983079
0.0845843	0.162485	0.983079
0.0845634	0.162469	0.983083
0.0845655	0.16247	0.983083
0.0845696	0.162475	0.983082
0.0845702	0.162475	0.983082
0.0845604	0.162465	0.983084
0.0845623	0.162467	0.983084
0.0845664	0.162472	0.983083
0.0845669	0.162472	0.983083
0.0845587	0.16246	0.983085
0.0845604	0.162462	0.983085
0.0845646	0.162466	0.983084
0.0845647	0.162467	0.983084
0.0845591	0.162454	0.983086
0.0845606	0.162456	0.983086
0.0845649	0.16246	0.983085
0.0845644	0.162461	0.983085
0.0845614	0.16245	0.983087
0.0845626	0.162452	0.983086
0.0845671	0.162456	0.983085
0.0845662	0.162456	0.983085
0.0845648	0.16245	0.983086
0.0845659	0.162451	0.983086
0.0845704	0.162456	0.983085
0.0845694	0.162455	0.983085
0.0845679	0.162453	0.983086
0.084569	0.162454	0.983085
0.0845736	0.162459	0.983084
0.0845727	0.162457	0.983085
0.0845695	0.162459	0.983084
0.0845709	0.162459	0.983084
0.0845754	0.162465	0.983083
0.0845749	0.162462	0.983083
0.0845691	0.162465	0.983084
0.0845708	0.162465	0.983083
0.0845752	0.162471	0.983082
0.0845751	0.162468	0.983082
0.0845668	0.162469	0.983083
0.0845687	0.16247	0.983083
0.0845729	0.162475	0.983082
0.0845733	0.162473	0.983082
0.0845559	0.162461	0.983085
0.0845576	0.162462	0.983085
0.0845596	0.162465	0.983084
0.0845609	0.162465	0.983084
0.0845528	0.162458	0.983086
0.0845544	0.162459	0.983086
0.0845564	0.162462	0.983085
0.0845576	0.162463	0.983085
0.0845511	0.162452	0.983087
0.0845525	0.162454	0.983087
0.0845546	0.162456	0.983086
0.0845553	0.162457	0.983086
0.0845515	0.162446	0.983088
0.0845527	0.162448	0.983088
0.0845548	0.16245	0.983087
0.0845551	0.162451	0.983087
0.0845539	0.162442	0.983089
0.0845548	0.162444	0.983088
0.0845571	0.162446	0.983088
0.0845569	0.162447	0.983088
0.0845572	0.162442	0.983088
0.084558	0.162443	0.983088
0.0845604	0.162445	0.983088
0.08456	0.162445	0.983088
0.0845603	0.162445	0.983087
0.0845612	0.162446	0.983087
0.0845636	0.162448	0.983087
0.0845633	0.162447	0.983087
0.0845619	0.162451	0.983086
0.084563	0.162451	0.983086
0.0845654	0.162454	0.983086
0.0845655	0.162453	0.983086
0.0845615	0.162457	0.983085
0.0845629	0.162457	0.983085
0.0845651	0.16246	0.983085
0.0845658	0.162459	0.983085
0.0845592	0.162461	0.983085
0.0845608	0.162462	0.983085
0.0845629	0.162464	0.983084
0.084564	0.162463	0.983084
0.0845549	0.162461	0.983085
0.0845559	0.162461	0.983085
0.0845549	0.16246	0.983086
0.0845567	0.162461	0.983085
0.0845518	0.162457	0.983086
0.0845527	0.162458	0.983086
0.0845517	0.162457	0.983086
0.0845534	0.162459	0.983086
0.0845502	0.162452	0.983087
0.0845509	0.162453	0.983087
0.0845499	0.162451	0.983087
0.0845512	0.162454	0.983087
0.0845506	0.162446	0.983088
0.084551	0.162447	0.983088
0.0845501	0.162445	0.983088
0.084551	0.162447	0.983088
0.0845529	0.162442	0.983089
0.0845531	0.162443	0.983089
0.0845524	0.162441	0.983089
0.0845528	0.162443	0.983089
0.0845562	0.162442	0.983088
0.0845563	0.162442	0.983088
0.0845557	0.162441	0.983089
0.0845559	0.162441	0.983089
0.0845593	0.162445	0.983088
0.0845595	0.162445	0.983088
0.0845589	0.162444	0.983088
0.0845592	0.162444	0.983088
0.084561	0.162451	0.983087
0.0845614	0.16245	0.983087
0.0845607	0.16245	0.983087
0.0845614	0.162449	0.983087
0.0845606	0.162457	0.983086
0.0845612	0.162456	0.983086
0.0845604	0.162456	0.983086
0.0845617	0.162455	0.983086
0.0845583	0.162461	0.983085
0.0845592	0.16246	0.983085
0.0845582	0.16246	0.983085
0.0845599	0.16246	0.983085
0.0845609	0.162468	0.983084
0.0845611	0.162467	0.983084
0.0845573	0.162464	0.983085
0.0845594	0.162465	0.983084
0.0845579	0.162464	0.983085
0.0845579	0.162464	0.983085
0.0845541	0.16246	0.983086
0.0845561	0.162462	0.983085
0.0845562	0.162459	0.983086
0.084556	0.162459	0.983086
0.0845523	0.162455	0.983087
0.0845539	0.162457	0.983086
0.0845566	0.162453	0.983087
0.0845561	0.162453	0.983087
0.0845526	0.162449	0.983088
0.0845537	0.162451	0.983087
0.0845589	0.162449	0.983087
0.0845582	0.162449	0.983087
0.0845548	0.162444	0.983088
0.0845555	0.162446	0.983088
0.0845623	0.162449	0.983087
0.0845614	0.162448	0.983087
0.0845581	0.162444	0.983088
0.0845586	0.162445	0.983088
0.0845654	0.162452	0.983086
0.0845646	0.162451	0.983086
0.0845613	0.162447	0.983087
0.0845619	0.162447	0.983087
0.084567	0.162458	0.983085
0.0845665	0.162456	0.983085
0.0845631	0.162453	0.983086
0.0845641	0.162452	0.983086
0.0845666	0.162464	0.983084
0.0845664	0.162462	0.983084
0.0845628	0.162459	0.983085
0.0845644	0.162458	0.983085
0.0845643	0.162468	0.983083
0.0845643	0.162466	0.983084
0.0845606	0.162463	0.983085
0.0845626	0.162463	0.983084
0.0845717	0.162479	0.983081
0.0845711	0.162478	0.983081
0.0845659	0.162473	0.983082
0.0845679	0.162474	0.983082
0.0845686	0.162476	0.983082
0.0845679	0.162475	0.983082
0.0845627	0.16247	0.983083
0.0845646	0.162472	0.983083
0.0845669	0.16247	0.983083
0.084566	0.16247	0.983083
0.0845609	0.162464	0.983084
0.0845624	0.162466	0.983084
0.0845673	0.162464	0.983084
0.0845661	0.162464	0.983084
0.0845611	0.162458	0.983085
0.0845621	0.16246	0.983085
0.0845696	0.162461	0.983084
0.0845682	0.162459	0.983085
0.0845634	0.162454	0.983086
0.0845639	0.162456	0.983086
0.084573	0.16246	0.983084
0.0845715	0.162459	0.983084
0.0845667	0.162454	0.983086
0.084567	0.162454	0.983085
0.0845761	0.162464	0.983083
0.0845746	0.162462	0.983084
0.0845699	0.162457	0.983085
0.0845704	0.162456	0.983085
0.0845777	0.16247	0.983082
0.0845765	0.162467	0.983083
0.0845717	0.162462	0.983084
0.0845726	0.162462	0.983084
0.0845773	0.162475	0.983081
0.0845764	0.162473	0.983082
0.0845714	0.162469	0.983083
0.0845728	0.162468	0.983083
0.084575	0.162479	0.983081
0.0845743	0.162477	0.983081
0.0845692	0.162473	0.983082
0.084571	0.162473	0.983082
