3400
0.0750349	0.985569	0.151735
0.405269	-0.117209	0.906653
-0.782289	0.00880145	0.622854
0.480373	-0.0975588	0.871621
-0.295666	0.212238	0.931417
-0.323058	0.121023	0.938609
-0.558981	-0.254871	0.789038
0.0948525	0.957192	0.27347
0.0726466	0.574448	0.815311
0.918415	-0.379614	0.111388
0.497461	0.378918	0.780355
0.0209924	-0.359246	0.933007
0.00840609	-0.35871	0.933411
-0.0183924	-0.756731	0.653468
0.316028	0.837901	0.445026
0.31531	-0.0759488	0.945945
0.108506	0.423899	0.899187
0.858338	-0.27153	0.435348
0.316312	-0.763241	0.563391
0.217605	-0.0527389	0.974611
-0.176684	-0.576308	0.797905
0.483784	0.205392	0.850745
0.372575	0.0225216	0.927729
0.21072	0.0202988	0.977336
0.30171	-0.26577	0.915608
-0.0859133	0.79093	0.605845
-0.453077	-0.21597	0.864915
-0.0197128	-0.467053	0.88401
-0.245912	-0.226263	0.942514
0.213988	0.146585	0.965775
-0.80868	-0.498455	0.312377
-0.400809	0.658854	0.636603
0.0648194	-0.477759	0.876096
0.357364	0.861145	0.361552
-0.0772965	0.109312	0.990998
-0.372223	0.688596	0.622323
-0.294805	-0.418038	0.859264
0.434255	-0.0392246	0.899936
0.0991201	0.481626	0.870753
-0.396987	-0.013913	0.917719
-0.588519	0.31354	0.74521
-0.503699	0.609178	0.612527
0.0223083	0.622127	0.782598
-0.104134	0.0455105	0.993521
-0.0936116	-0.644928	0.758488
-0.477481	-0.426114	0.7684
-0.224614	-0.283942	0.932161
-0.0151755	0.283228	0.958933
-0.414612	0.55928	0.717846
0.011979	0.143587	0.989565
0.121128	-0.289261	0.949556
0.0984012	-0.555426	0.825724
-0.674371	0.21264	0.707112
-0.55191	0.0898963	0.829044
-0.190207	-0.407592	0.893135
0.400317	0.541343	0.739388
0.509482	0.238739	0.826699
-0.137517	0.208626	0.968279
-0.188183	-0.463809	0.865718
-0.0584383	0.212321	0.975451
0.389759	0.234094	0.890667
-0.175292	0.178985	0.96811
-0.00233764	0.668925	0.743326
0.0819597	-0.180177	0.980214
-0.473406	0.378776	0.795245
0.292128	0.0788387	0.953124
-0.576362	-0.0464714	0.815872
0.879347	-0.235207	0.414038
-0.502069	-0.0175171	0.86465
-0.156933	-0.125398	0.979616
0.0149505	0.673008	0.739484
0.413799	0.2579	0.873074
0.650586	0.143972	0.745661
0.185897	-0.418597	0.888943
-0.202322	0.365501	0.908556
-0.68559	-0.0438061	0.726669
0.191428	-0.0961105	0.97679
-0.47502	-0.0902313	0.875337
-0.77933	-0.222481	0.585788
-0.0762454	-0.0594431	0.995316
-0.134656	0.479582	0.867104
-0.405083	0.190567	0.894199
-0.355927	0.49235	0.794297
0.0496411	0.376901	0.924922
-0.367117	-0.227226	0.901994
0.19274	0.787116	0.585918
0.0244616	-0.228067	0.973338
-0.203142	0.555949	0.806011
-0.201927	0.469298	0.859642
-0.259035	-0.245218	0.934221
0.218952	0.141255	0.965457
-0.0532071	0.361396	0.930893
0.132099	-0.151894	0.979529
-0.78648	-0.319402	0.528613
-0.120078	0.749275	0.651282
0.239561	0.256888	0.936279
0.00575124	0.366517	0.930393
-0.586216	0.0287635	0.809644
-0.0118904	-0.17029	0.985322
0.852273	0.400218	0.336831
-0.940522	-0.0298516	0.338419
0.345779	0.0967661	0.933313
-0.526225	-0.0323165	0.849731
-0.262683	0.331224	0.90625
-0.198874	-0.341784	0.918495
0.37038	-0.586155	0.720584
0.528418	-0.371545	0.763366
0.792775	-0.0123677	0.609389
-0.3966	-0.291814	0.870375
0.0374138	0.0869172	0.995513
0.689367	-0.101878	0.717213
0.0739903	-0.0815575	0.993918
-0.272368	0.371283	0.887674
0.330831	-0.231622	0.914824
-0.160014	0.494954	0.854059
-0.129554	-0.844182	0.520166
0.281476	0.469928	0.836624
-0.227983	0.716134	0.659679
0.32488	-0.123562	0.937649
0.176519	0.650578	0.738641
-0.119303	0.593876	0.795662
0.249445	-0.125736	0.960191
0.675441	-0.448136	0.585623
-0.153236	-0.0421704	0.987289
-0.173394	-0.0335798	0.98428
0.46268	-0.0605782	0.884453
0.417946	0.104028	0.902496
0.310053	0.34245	0.886902
-0.446462	0.511947	0.733881
-0.269594	0.0714319	0.960321
-0.796907	-0.118557	0.592355
0.219807	-0.400481	0.88955
-0.249185	0.259237	0.933115
-0.119119	-0.00431208	0.992871
0.119826	0.481364	0.868292
-0.0516748	-0.472401	0.879868
0.119611	-0.317745	0.940602
-0.303885	0.142949	0.941923
-0.473562	0.119658	0.872594
-0.799431	-0.0417628	0.599305
0.11805	-0.641439	0.758037
-0.0135563	-0.484811	0.874514
0.190037	0.182457	0.964674
0.251172	-0.200817	0.946882
0.178082	-0.220895	0.958901
0.322348	-0.166217	0.931914
0.0227467	0.246045	0.968991
0.168639	0.147634	0.974559
0.216566	-0.483906	0.8479
0.0985919	0.420636	0.901857
0.53617	0.558376	0.633039
0.440657	0.528395	0.725686
-0.0605975	-0.273329	0.96001
0.236888	0.639801	0.731121
0.324664	0.0265903	0.945456
-0.267111	0.309549	0.912596
0.289463	0.528974	0.797745
0.439236	-0.0164483	0.898221
-0.504427	-0.113941	0.855904
-0.180945	-0.075839	0.980565
0.0300649	0.408715	0.912167
-0.171807	-0.665057	0.726761
0.357736	-0.353874	0.864175
0.428057	0.505298	0.749293
-0.532183	0.158744	0.831614
0.0411816	0.553616	0.831753
0.220666	0.317906	0.922086
0.652441	-0.720767	0.23413
-0.571877	-0.267279	0.775576
0.385545	-0.0880813	0.918475
0.240982	-0.0431961	0.969568
-0.120157	-0.485893	0.86572
-0.309034	0.299411	0.902691
0.580864	0.542278	0.607068
-0.20505	0.545495	0.812644
-0.125007	0.559373	0.819436
0.093797	0.248818	0.963998
-0.192501	0.891995	0.409008
0.0912328	0.360899	0.928132
0.700748	0.124192	0.702516
-0.787018	0.507523	0.350746
-0.496561	-0.798239	0.340942
-0.0342242	0.65012	0.759061
-0.290184	0.393811	0.872185
0.0722894	-0.262296	0.962276
-0.289158	-0.472676	0.832445
-0.445173	-0.0727441	0.892485
0.163302	0.605305	0.779063
-0.28176	-0.540108	0.793029
0.215476	-0.0111632	0.976445
0.200717	0.822758	0.531773
0.0483489	-0.315202	0.947792
0.338853	0.0285704	0.940406
0.35266	0.762362	0.542618
-0.142868	0.395082	0.907468
0.149789	0.622407	0.768227
-0.0739106	-0.364049	0.928443
0.141	0.400598	0.90534
0.411033	0.276444	0.868695
0.427566	-0.405936	0.807715
0.166067	0.371745	0.913361
0.341395	0.208794	0.916436
-0.060183	-0.12607	0.990194
-0.600588	-0.165336	0.782277
0.423184	0.45839	0.781533
0.25701	-0.0176124	0.966248
-0.634106	-0.532975	0.560221
0.684498	-0.218821	0.695399
-0.218864	0.20293	0.95442
-0.211247	-0.357473	0.909718
-0.174928	0.0863509	0.980787
-0.228343	0.705455	0.670964
0.0940773	0.662131	0.743459
0.740013	0.099674	0.665166
0.24262	-0.52896	0.813226
-0.182532	0.478347	0.858991
-0.00110593	0.502265	0.864713
-0.387923	-0.121813	0.913607
0.222023	0.369432	0.902344
0.445756	0.113381	0.887945
0.507625	-0.790216	0.34333
0.351108	-0.326734	0.877478
-0.379387	-0.346906	0.857742
0.163891	0.129653	0.977921
-0.260882	-0.0938719	0.960796
0.384585	0.468308	0.795476
-0.299394	-0.460039	0.835899
-0.531954	0.288537	0.796097
-0.0128575	0.468243	0.883506
0.509128	-0.857471	0.0743803
-0.0489762	-0.25347	0.966103
-0.0105463	0.532663	0.846262
0.309118	-0.286995	0.906686
-0.784323	-0.0432847	0.618841
-0.516968	-0.0745302	0.852754
0.678376	0.40555	0.612646
0.781677	0.112302	0.613489
-0.0236814	-0.575334	0.817575
0.150983	-0.130197	0.979925
-0.164784	0.228088	0.959595
0.224718	0.737371	0.637013
-0.342801	-0.361871	0.866912
-0.728343	0.0789722	0.680646
-0.395302	0.576091	0.715441
0.141568	-0.393856	0.908205
-0.185973	0.381897	0.9053
0.353849	-0.120174	0.92755
-0.197364	0.381679	0.902978
0.797062	-0.401528	0.451075
0.578232	-0.445334	0.683612
0.444381	0.185521	0.876418
0.557717	-0.167949	0.812862
-0.0280674	-0.107877	0.993768
-0.148189	-0.26111	0.953867
-0.255575	0.708145	0.658189
0.217909	-0.0852183	0.972241
-0.131128	0.397243	0.908297
-0.476191	0.770485	0.423786
0.51737	0.470872	0.714568
0.639416	-0.219742	0.736791
0.665009	-0.494369	0.559788
-0.398299	0.481489	0.780722
-0.0738682	-0.62939	0.773571
0.498735	-0.581511	0.642735
0.73439	0.471707	0.48802
0.730546	0.219159	0.646739
0.0179125	-0.416537	0.908942
0.202603	0.0910255	0.975021
-0.401011	0.358578	0.842978
-0.239177	0.413933	0.878325
-0.546656	-0.132478	0.826811
-0.138567	-0.244582	0.959676
-0.489378	0.428836	0.759348
0.0570683	0.31489	0.947411
-0.255407	-0.564409	0.78499
-0.147856	0.834311	0.531096
0.424125	-0.428359	0.797889
-0.43479	0.161256	0.885976
0.463448	0.472131	0.749872
-0.401255	-0.219476	0.889283
0.0815341	-0.264075	0.96105
0.190618	0.0601723	0.979818
-0.541949	0.0161911	0.840255
-0.549113	-0.0870437	0.831203
0.166444	-0.280647	0.945269
0.492046	-0.280376	0.824184
0.364411	-0.309517	0.878296
0.050587	-0.439873	0.896634
-0.0963602	0.13	0.98682
-0.400232	-0.0394153	0.915566
0.673372	-0.295178	0.67782
-0.20506	-0.746463	0.633043
0.0458291	-0.485434	0.873071
-0.237169	-0.301717	0.923427
-0.268284	-0.0680474	0.960934
-0.741098	-0.481583	0.467816
-0.628627	-0.145494	0.763976
0.908384	0.170388	0.381846
-0.178958	0.250897	0.951328
0.106394	-0.0239276	0.994036
0.0278681	-0.441873	0.896645
-0.0447977	0.368185	0.928673
-0.20961	0.233388	0.949523
0.1466	0.314613	0.937831
-0.301024	0.534315	0.789869
-0.421376	-0.0215621	0.90663
-0.692495	0.363694	0.623039
-0.187106	0.229141	0.955241
0.442832	-0.267929	0.855637
0.666938	0.685871	0.29116
0.525364	0.140054	0.839272
-0.32851	-0.239221	0.913704
-0.50769	-0.447172	0.736402
-0.87305	0.337178	0.352271
-0.116193	-0.516239	0.848526
-0.445772	-0.728545	0.520105
0.29539	0.482742	0.824442
0.729605	0.536099	0.424587
-0.288269	0.591916	0.752686
-0.530601	-0.506734	0.679473
0.235336	-0.024302	0.97161
-0.614404	-0.431193	0.660743
0.1262	-0.566941	0.814034
0.167735	0.256225	0.951952
-0.16059	0.393324	0.905267
-0.5542	0.294816	0.778425
0.533252	0.527578	0.661289
0.198877	0.197679	0.959881
-0.828339	-0.409048	0.382797
0.806583	0.16309	0.568177
0.0800356	0.114062	0.990244
0.371962	0.681334	0.630419
-0.705245	-0.149484	0.693025
0.549919	0.0831327	0.83107
0.372184	0.439773	0.817361
0.24918	-0.577332	0.777559
-0.208481	0.157999	0.96518
-0.549284	-0.230987	0.803077
-0.027786	0.335808	0.941521
0.0126903	0.0305731	0.999452
-0.716612	0.0270627	0.696947
-0.135856	-0.0466475	0.98963
0.126022	-0.521136	0.844119
-0.176789	-0.816942	0.548955
-0.179963	-0.37542	0.909215
0.0976127	0.180469	0.978725
0.57842	0.268859	0.77016
0.114785	0.34165	0.932791
-0.840287	0.123786	0.52782
-0.0807216	-0.386272	0.918846
-0.834879	0.547905	0.0526929
0.239826	0.352754	0.90446
-0.38177	0.173102	0.907903
0.581833	0.468413	0.664876
-0.266827	0.0297154	0.963286
-0.436063	0.157512	0.886024
-0.0642871	-0.389182	0.918915
-0.296058	-0.925619	0.235752
0.323367	0.660497	0.677626
-0.178231	-0.387599	0.904434
0.131517	0.341843	0.930509
-0.132443	0.226107	0.965057
0.113485	-0.27586	0.954475
0.457471	0.264288	0.849042
-0.562123	-0.496642	0.661336
0.520394	0.184728	0.833706
0.383179	-0.498703	0.777476
-0.390726	0.772029	0.501303
-0.126331	0.978968	-0.160193
0.0206879	-0.452873	0.891335
-0.70582	-0.546933	0.450203
0.815982	-0.0861667	0.571619
0.622976	0.577255	0.527899
0.947882	-0.0980638	0.303156
0.0490845	0.0533004	0.997371
-0.544472	-0.51756	0.660062
-0.370913	0.167391	0.913457
-0.697083	-0.550295	0.459621
-0.507736	-0.212225	0.834964
-0.145702	0.224707	0.963472
0.646226	-0.352061	0.677086
-0.43167	0.0415539	0.901074
-0.59302	-0.38638	0.706426
0.082464	-0.954056	0.288057
0.0442615	-0.210122	0.976673
0.309929	0.439538	0.84306
-0.487801	0.0845628	0.86885
0.0189406	-0.0792	0.996679
0.203531	0.325379	0.923419
-0.271343	-0.367851	0.889415
0.306556	-0.811469	0.497535
-0.19299	0.00278411	0.981197
0.103795	-0.506069	0.856225
-0.0545473	0.0041821	0.998502
-0.034268	-0.585274	0.810111
-0.675148	0.0351178	0.736846
-0.710536	-0.160356	0.685146
-0.690192	-0.0295229	0.723024
0.363659	-0.0107251	0.931471
-0.488586	-0.514612	0.704598
-0.245626	0.0540872	0.967855
0.360515	-0.235971	0.902411
0.0733106	0.32972	0.941228
-0.620616	-0.363806	0.694608
0.694099	0.0357142	0.718993
-0.28561	-0.508346	0.812411
0.0695303	-0.00366365	0.997573
0.255168	0.0481764	0.965696
0.461852	-0.374438	0.804046
0.30025	0.0576181	0.952119
-0.053266	-0.72735	0.684196
-0.353304	-0.932693	0.0725225
-0.407243	-0.192794	0.892739
0.0537587	-0.0740355	0.995806
0.335394	-0.0761178	0.938998
-0.0211353	0.367203	0.9299
-0.221458	0.310932	0.924271
0.320342	-0.623481	0.713199
-0.442636	-0.162535	0.881848
0.0369434	-0.229448	0.97262
-0.0870924	0.644676	0.759479
0.643142	0.313068	0.698826
0.221166	-0.555147	0.801809
0.392736	0.105972	0.913525
0.578253	0.16514	0.798969
0.413188	0.238815	0.878773
-0.0575923	-0.364052	0.929596
0.925388	-0.345399	0.156064
-0.100094	-0.308893	0.945815
0.00769452	0.612502	0.790431
0.287502	0.285866	0.914124
0.336448	0.369535	0.866168
-0.0039228	0.183397	0.983031
-0.286841	-0.0161327	0.957842
0.956643	0.267849	-0.114414
0.545667	-0.477013	0.688989
0.00477687	-0.0271015	0.999621
0.153809	0.354169	0.922446
-0.81038	0.363733	0.459329
-0.256666	-0.204503	0.944617
0.458923	-0.120671	0.880243
0.0740509	-0.150178	0.985882
-0.429553	-0.0980165	0.897706
0.00450756	0.465005	0.885297
0.421608	0.591959	0.6869
-0.643579	0.00457723	0.765366
-0.108647	0.180137	0.977623
0.654775	0.493988	0.572054
0.202855	-0.474521	0.856551
-0.0667512	-0.532322	0.843906
0.280341	-0.0317848	0.959374
-0.376861	-0.780302	0.499103
-0.583024	-0.44519	0.679624
0.310153	-0.0735464	0.947838
-0.838478	-0.318923	0.441863
-0.738806	0.321706	0.592175
0.224974	-0.321746	0.91971
0.161085	-0.769402	0.61812
-0.0547761	0.260311	0.96397
-0.336131	0.239324	0.910901
0.212076	0.245047	0.946031
-0.339989	0.128799	0.931568
-0.14681	0.763186	0.629281
0.0842628	-0.409945	0.90821
0.229809	0.0510049	0.971898
-0.280397	0.315384	0.906593
-0.150733	0.557474	0.816396
0.768625	0.069263	0.635939
0.33605	-0.764152	0.550583
0.348041	0.460127	0.816793
-0.541278	0.181649	0.820989
0.303244	-0.524536	0.795553
-0.239965	-0.239953	0.940659
-0.583832	0.47611	0.657617
0.455889	0.535124	0.711201
-0.723276	-0.422484	0.546241
0.343943	-0.180555	0.921468
0.44718	-0.0538791	0.89282
-0.229492	-0.158322	0.960348
-0.108329	0.312178	0.943827
0.0419725	0.170981	0.98438
-0.0639746	-0.33839	0.938829
-0.166979	-0.0408119	0.985115
0.292406	-0.0770654	0.953184
-0.244562	0.70662	0.663986
-0.57672	-0.126005	0.807166
-0.48073	-0.190645	0.855893
0.516925	-0.638739	0.569913
-0.201825	-0.212347	0.956125
0.139449	0.187159	0.972381
0.325984	-0.270557	0.905833
0.350961	0.271314	0.896223
0.624776	0.407791	0.665854
0.183085	0.139954	0.973084
0.112448	0.137418	0.98411
0.84507	-0.111691	0.52286
0.487139	-0.55957	0.670505
0.0115703	-0.500114	0.865882
-0.919419	-0.215174	0.329193
-0.716773	-0.228923	0.658658
-0.0346498	-0.103472	0.994029
0.353879	-0.326708	0.876374
0.174545	0.0931184	0.980236
0.161711	0.390773	0.906171
-0.341786	0.169749	0.92432
-0.655759	-0.0652668	0.752144
0.306247	-0.0107166	0.951892
0.839017	-0.332011	0.431067
0.408956	0.49706	0.765301
-0.0531085	0.997678	-0.042639
-0.746297	0.314781	0.586476
-0.412209	-0.191342	0.89077
0.037837	-0.140001	0.989428
0.876928	0.424804	0.224806
0.368923	-0.505319	0.780095
0.41922	0.456723	0.784639
-0.0315905	0.609639	0.79205
0.499971	-0.211223	0.839889
0.488336	0.251458	0.835641
0.199158	-0.439661	0.875805
0.599062	0.179122	0.78041
-0.223495	-0.599726	0.768361
-0.0476569	0.0296213	0.998424
-0.341903	0.394516	0.852912
0.142963	0.46736	0.872431
0.454205	0.847654	0.27419
0.0762412	0.223755	0.971659
0.710097	-0.475684	0.519122
0.0186823	-0.119582	0.992649
0.353487	-0.0455952	0.934328
0.436116	-0.596024	0.674209
0.0902485	0.0997227	0.990914
0.284776	0.161354	0.944917
0.470325	-0.243299	0.848293
0.445336	-0.220601	0.867762
-0.115681	0.501506	0.857385
0.293181	-0.651533	0.699678
-0.556631	-0.623954	0.548492
0.135233	-0.485332	0.863809
0.140077	0.0898816	0.986053
-0.114154	0.561321	0.819687
0.592925	-0.308164	0.743959
-0.313901	-0.176336	0.932937
-0.2476	-0.397347	0.883634
-0.30126	0.276901	0.912452
-0.492018	-0.502036	0.711251
0.451335	0.250609	0.856442
0.426145	0.113532	0.897503
0.805713	0.00751341	0.592259
0.203202	0.409238	0.889513
0.36272	-0.628555	0.688006
0.354209	-0.07676	0.932011
0.864407	-0.343556	0.36711
-0.221551	-0.798462	0.559798
0.0911155	-0.796879	0.597228
-0.249149	-0.255734	0.93409
0.505563	0.322176	0.800381
0.242251	-0.27811	0.929499
0.227793	-0.260933	0.938096
0.362609	0.272634	0.891171
0.154185	-0.022416	0.987788
-0.463784	-0.819821	0.335854
-0.09879	-0.152865	0.983297
-0.594104	-0.207821	0.777078
0.911652	0.408879	0.041346
0.0400827	0.576993	0.815765
-0.117505	0.539805	0.833549
0.225111	0.108589	0.968263
0.763831	-0.309199	0.566531
-0.0129362	0.79472	0.606838
0.128623	-0.268856	0.954554
0.622989	0.743631	-0.24269
-0.25021	0.362831	0.897635
-0.796744	-0.223199	0.561588
-0.368252	0.077194	0.926516
-0.0566251	-0.0209812	0.998175
-0.197173	-0.10184	0.975065
-0.227393	-0.373995	0.899122
-0.375629	0.378698	0.845867
-0.116221	0.307022	0.944579
0.293283	-0.665068	0.686782
-0.211718	0.278503	0.936809
0.0379504	0.0758102	0.9964
0.664499	-0.582291	0.468378
0.377248	-0.604125	0.701938
0.443244	0.483743	0.754671
0.780351	0.419191	0.464039
0.206136	0.395331	0.89511
0.627861	0.561749	0.538728
0.107217	0.113518	0.987734
-0.205381	-0.0666923	0.976407
-0.486459	-0.460511	0.742488
0.215123	0.355054	0.909758
0.177319	0.290915	0.940174
0.602825	0.0970625	0.791948
0.115766	0.696397	0.708259
-0.00932587	-0.446464	0.894753
-0.377647	0.474566	0.795091
0.072344	0.26387	0.961841
-0.36888	-0.695971	0.616078
0.131001	-0.383523	0.914193
0.35804	0.201531	0.911698
-0.307085	-0.636668	0.707356
-0.243324	0.251833	0.936682
0.0442068	-0.344207	0.937852
0.445288	0.0870436	0.891146
0.108453	0.15123	0.982531
0.437136	0.0384145	0.898575
-0.0710323	-0.0516195	0.996137
0.137715	-0.980778	0.138233
-0.14407	-0.00219736	0.989565
0.785745	0.497878	0.367044
-0.605494	0.0884992	0.790914
0.0852472	0.599801	0.795595
-0.363038	-0.349554	0.863722
0.212191	-0.0673577	0.974904
0.429196	-0.563448	0.705916
0.0195158	0.108668	0.993887
-0.363314	0.334398	0.869587
-0.557028	-0.56687	0.606942
-0.0356136	-0.590957	0.805917
0.0201541	0.213084	0.976826
0.128338	0.518263	0.845537
0.280849	0.149213	0.948082
0.406347	0.207514	0.889843
-0.419492	0.470837	0.776105
-0.216104	-0.213605	0.952718
0.0561049	-0.529948	0.846172
-0.0716203	0.323348	0.943566
-0.318973	-0.256763	0.912321
0.286043	0.0715712	0.95554
-0.102241	0.0675785	0.992462
0.300807	0.674237	0.674477
-0.24234	-0.391874	0.887528
-0.701437	0.101099	0.705524
0.0784222	0.201142	0.976418
0.202777	0.445936	0.871793
0.453691	0.300746	0.838878
-0.0907685	0.268541	0.958982
-0.562255	-0.00528221	0.826947
0.709999	-0.197579	0.675917
0.14563	0.819972	0.553569
-0.151272	-0.0238318	0.988205
-0.63793	-0.10106	0.763435
-0.286436	0.696864	0.657522
0.574404	0.0757915	0.815056
-0.280509	-0.0141467	0.959747
0.434	0.356872	0.827216
0.432837	-0.438947	0.787387
-0.416433	0.234506	0.878402
0.00353879	0.724039	0.68975
-0.463752	0.452195	0.761875
-0.0694895	0.966635	0.246551
0.289676	0.511333	0.80909
0.133262	0.0904824	0.986942
0.00879001	-0.305765	0.952066
0.0137491	-0.0341809	0.999321
0.48382	0.194201	0.853349
0.219973	-0.293127	0.930424
-0.0099083	0.135545	0.990722
-0.310193	-0.203508	0.928636
0.292998	0.32247	0.900092
-0.509878	-0.331812	0.793679
-0.0608943	0.512231	0.856686
0.6577	0.404219	0.63564
-0.421107	0.63009	0.652423
0.239982	0.114247	0.964031
0.178694	0.141704	0.973647
0.581884	-0.0573077	0.81125
-0.0234672	-0.313323	0.949357
-0.0140021	-0.469993	0.882559
-0.220449	-0.625995	0.748019
-0.626783	-0.478283	0.615134
-0.0913764	0.568813	0.817375
-0.703232	0.325672	0.631983
0.402391	0.377824	0.833865
0.303354	0.243223	0.921314
0.254288	-0.0410841	0.966255
0.267272	0.00349715	0.963615
0.0146797	-0.312911	0.949669
0.623257	0.720871	0.303144
-0.463931	-0.179511	0.867493
-0.193832	-0.0315671	0.980527
-0.212587	-0.0810812	0.973772
-0.0758145	0.615693	0.78433
-0.257969	0.134198	0.956788
-0.22104	0.0509488	0.973933
0.228878	0.251344	0.940447
0.439699	-0.101743	0.892364
-0.200161	0.347359	0.916121
-0.433147	-0.545807	0.717272
0.475855	0.608816	0.634748
0.26541	-0.420691	0.867512
0.668428	0.721576	0.180368
-0.456024	0.269696	0.848119
0.465398	0.126156	0.876065
0.262428	0.514937	0.816071
-0.401688	0.246634	0.88194
-0.0616102	-0.162201	0.984832
-0.31541	-0.25523	0.913988
0.788362	-0.301778	0.536111
-0.177132	0.0243444	0.983886
-0.120039	-0.189691	0.974478
-0.253227	0.476096	0.842145
0.0512933	0.0425322	0.997778
-0.429572	0.00552307	0.903016
0.386149	-0.129916	0.913242
0.736287	-0.28839	0.612137
0.360808	-0.324908	0.874216
-0.115228	0.457726	0.881595
0.267263	-0.439818	0.857398
0.569864	-0.278384	0.773148
0.0103132	-0.13453	0.990856
-0.346968	-0.0533551	0.936358
0.377387	0.56345	0.734917
-0.684356	-0.197005	0.70203
-0.707349	-0.139567	0.692949
-0.0427081	-0.463195	0.885227
0.0230437	-0.0709005	0.997217
-0.185968	-0.00676861	0.982533
-0.163056	-0.191514	0.967851
0.308024	-0.416102	0.855558
-0.0124895	-0.217862	0.9759
-0.171923	0.302589	0.937487
-0.608568	0.435572	0.663266
-0.103165	-0.340637	0.934518
-0.500308	0.398113	0.768894
-0.000295527	0.177382	0.984142
0.0971651	-0.241653	0.965486
-0.0211571	-0.698128	0.71566
-0.242699	-0.470699	0.848257
-0.223864	-0.543832	0.808784
-0.0219437	-0.0741457	0.997006
-0.333185	-0.0428892	0.941885
-0.323827	0.0851035	0.942281
0.388256	-0.198819	0.899849
-0.301341	-0.22966	0.925446
0.376853	-0.732599	0.566816
0.453611	-0.380389	0.805941
-0.150008	-0.663882	0.732638
-0.267335	-0.0623325	0.961585
-0.0612878	-0.0470494	0.997011
0.114759	-0.137097	0.983888
-0.20431	0.0875252	0.974985
0.186996	-0.028585	0.981945
0.537743	-0.45562	0.709396
0.382641	0.434822	0.815178
-0.604249	-0.738668	0.298752
0.281191	0.666118	0.69081
-0.0474768	-0.244527	0.96848
0.481285	0.183349	0.857174
0.264027	0.3116	0.912795
-0.00362644	0.474148	0.880438
-0.0398161	-0.191044	0.980774
-0.37671	0.444806	0.81255
-0.0286119	-0.0634549	0.997574
0.423548	0.392692	0.816333
0.0514493	0.789996	0.61095
0.154124	0.574644	0.80376
-0.0503145	0.449686	0.891768
-0.28728	-0.098868	0.95273
-0.429764	0.506435	0.747547
-0.0553219	0.458796	0.886818
0.0357149	-0.0133849	0.999272
0.129487	0.487929	0.863225
0.237403	-0.56291	0.79169
0.287511	0.629	0.722286
0.00689867	0.32659	0.945141
0.670856	0.365226	0.645416
0.0360587	0.577124	0.81586
-0.203902	0.36569	0.908127
-0.309053	0.117214	0.943794
-0.307561	0.290722	0.906028
0.177455	0.240534	0.954282
-0.368673	0.280653	0.88618
-0.249704	-0.559281	0.790477
-0.0578681	0.557414	0.828216
-0.129157	-0.223951	0.966004
0.0181595	-0.036219	0.999179
0.0237313	-0.200222	0.979463
-0.31954	-0.18057	0.930209
-0.342592	-0.487975	0.802815
-0.257393	-0.105433	0.960538
0.039813	0.658229	0.751764
-0.426632	-0.381569	0.819994
-0.374456	0.21027	0.903089
0.016367	0.024357	0.999569
-0.459678	-0.250941	0.851895
-0.311586	-0.0462193	0.949093
-0.325397	0.467676	0.821825
-0.338949	0.116188	0.933603
-0.0432037	0.486275	0.872737
0.447901	0.597116	0.66546
-0.78577	-0.237541	0.571087
-0.254159	-0.00168201	0.967161
0.339657	-0.71376	0.61252
-0.685625	0.353862	0.63616
0.546448	0.0302362	0.836947
0.077772	-0.468662	0.879947
-0.242343	-0.533967	0.81003
-0.147107	0.0476869	0.98797
-0.54642	-0.821737	0.16178
-0.216287	-0.478887	0.850816
0.058477	0.0160483	0.99816
-0.159252	-0.360708	0.918982
0.196742	-0.381485	0.903195
0.107327	0.120937	0.986841
-0.305313	0.263574	0.915048
0.221797	0.240849	0.94488
-0.573081	-0.062435	0.817117
0.106327	-0.0386627	0.993579
-0.135559	-0.224435	0.965014
-0.155374	-0.287069	0.945225
-0.0118417	0.0546581	0.998435
0.164322	0.527169	0.833721
-0.114619	-0.189847	0.9751
0.162481	-0.166762	0.972518
0.878186	-0.0105378	0.478204
0.0715278	0.425153	0.902291
0.281668	0.0482467	0.958298
0.268726	0.273045	0.923706
-0.210071	0.630029	0.747618
-0.430638	0.00683578	0.902499
0.361477	0.488782	0.793994
-0.418092	0.605662	0.677033
-0.125599	-0.142963	0.981726
0.292993	-0.330466	0.897188
-0.310401	-0.641666	0.701367
-0.515356	-0.416101	0.749178
0.440353	-0.677139	0.589552
-0.0421174	0.231731	0.971868
0.168682	0.476015	0.863108
0.177647	-0.431352	0.884521
-0.445996	-0.780114	0.43876
-0.110628	-0.365764	0.92411
-0.0794298	-0.266866	0.960455
0.0225411	-0.184723	0.982532
-0.357268	-0.12496	0.925605
0.190275	0.523509	0.830502
0.0354263	0.126629	0.991317
-0.24072	0.288465	0.926737
0.0523713	0.0857538	0.994939
-0.449492	-0.0602014	0.891253
0.113124	0.023251	0.993309
0.223833	0.296855	0.928319
-0.583236	-0.347989	0.733988
0.0189802	-0.226594	0.973804
-0.0262788	0.571736	0.820017
-0.139709	0.150055	0.978757
-0.337552	-0.326293	0.882945
0.190367	-0.318294	0.928681
0.0360167	-0.0852307	0.99571
-0.124947	0.0741644	0.989388
0.0224455	-0.342466	0.939262
0.715444	-0.28934	0.635942
0.00675336	0.598875	0.800814
-0.466758	-0.126928	0.875229
-0.221695	-0.0458196	0.974039
-0.678445	0.581272	0.449261
0.106165	-0.994012	-0.0258613
-0.19823	-0.193727	0.96082
-0.422005	-0.22063	0.879337
0.121761	0.237756	0.963663
-0.0441909	0.225232	0.973303
0.0345443	0.146248	0.988645
-0.32034	0.217424	0.922013
-0.104642	0.0341944	0.993922
0.110345	-0.391335	0.913609
0.361853	-0.446992	0.818083
0.154365	-0.321618	0.934202
0.282326	-0.405928	0.869203
-0.190739	-0.251107	0.948981
0.432994	-0.0576599	0.899551
-0.37854	0.413431	0.82812
0.130505	-0.365263	0.921711
0.21409	0.121182	0.969268
0.672571	-0.621181	0.402222
-0.00330751	0.700036	0.7141
-0.385592	0.166619	0.9075
0.420593	-0.0288114	0.906792
-0.333553	0.0372577	0.941995
0.390947	-0.14891	0.908288
0.480969	0.00958808	0.876685
0.79974	0.160427	0.578515
-0.128599	0.100771	0.986564
0.317875	-0.439331	0.840205
-0.442697	0.680224	0.584222
-0.40852	-0.191461	0.892443
-0.765627	-0.163775	0.622087
0.112298	-0.120662	0.986321
-0.0468748	0.917456	0.395067
0.124729	0.0648377	0.99007
-0.731083	-0.524327	0.436576
0.973673	0.0588106	0.220231
0.134492	0.403797	0.904909
-0.330197	0.470132	0.818502
-0.377048	0.734522	0.564192
0.21986	0.220857	0.950202
-0.127004	-0.0682057	0.989554
-0.407742	0.1392	0.902424
0.092261	0.42647	0.899784
-0.641699	-0.231396	0.731217
0.305822	0.263079	0.91502
0.370963	-0.387631	0.843877
-0.177216	-0.364792	0.914069
-0.458454	-0.114923	0.881256
-0.194742	0.125662	0.972772
-0.195269	-0.461207	0.865539
-0.580488	0.155458	0.799292
-0.166712	0.571698	0.803348
0.170185	-0.297207	0.939524
-0.473939	-0.201443	0.857206
-0.253766	-0.247701	0.935012
-0.566595	0.493096	0.660171
0.244245	0.0461357	0.968616
-0.73894	-0.0831887	0.668616
0.181732	-0.42277	0.887828
-0.149265	-0.0921669	0.984492
0.00920797	-0.81175	0.583933
-0.220594	0.0457089	0.974294
-0.822283	0.144303	0.550479
0.0748751	-0.381558	0.921307
-0.478031	0.128838	0.868843
0.508989	-0.13312	0.850417
-0.544729	-0.449077	0.708237
-0.570863	-0.404107	0.714712
0.915981	0.111586	0.385393
-0.266645	0.56045	0.784089
-0.420797	-0.284888	0.86126
-0.746083	0.0823676	0.660739
0.40002	-0.0611005	0.914467
-0.584276	-0.383287	0.715341
-0.0122866	0.746738	0.665005
0.108587	-0.851269	0.51337
-0.379168	0.153737	0.912467
-0.298822	0.0414939	0.953406
-0.180785	0.0163115	0.983387
-0.108529	-0.0881514	0.990177
0.0509105	0.749879	0.659613
0.188053	-0.0939604	0.977654
-0.037367	-0.291632	0.9558
0.120752	0.575645	0.808734
-0.230512	0.312973	0.921364
-0.182094	-0.150027	0.971768
-0.0739888	-0.00610918	0.99724
-0.169144	0.603796	0.778987
-0.704812	-0.192467	0.682786
-0.416423	-0.579698	0.700387
-0.61218	-0.14627	0.777072
0.0606259	-0.165924	0.984273
-0.505048	0.321287	0.801063
-0.190276	0.815257	0.546948
-0.711859	0.151193	0.685855
-0.131979	0.172797	0.976075
-0.657395	-0.0838147	0.748871
-0.383028	-0.0264503	0.923358
0.637419	-0.27423	0.720066
0.383556	-0.163803	0.908875
-0.027956	0.0900769	0.995542
0.0230786	0.174532	0.984381
0.752012	-0.388217	0.532697
-0.0130295	0.164856	0.986232
0.536642	0.0627929	0.84147
-0.21408	0.127141	0.968506
0.107761	0.137281	0.984653
-0.115778	-0.145969	0.982491
-0.538454	0.0817828	0.838677
-0.0173894	-0.51106	0.859369
-0.0262347	-0.588186	0.8083
-0.207229	-0.0801731	0.975002
-0.212233	0.330836	0.919513
-0.286874	0.788847	0.54353
-0.438153	0.22571	0.870102
0.0648765	-0.0631765	0.995891
0.205404	-0.793343	0.573075
-0.151307	0.78042	0.606673
0.325487	0.020555	0.945323
0.0911886	0.116357	0.989012
-0.30563	0.771696	0.557742
-0.225648	-0.0721737	0.971532
0.0681589	-0.253719	0.964874
-0.337157	-0.225182	0.914121
0.168982	0.511964	0.842222
0.316568	-0.485316	0.815017
0.064562	0.223425	0.97258
-0.974407	-0.218913	0.0510601
-0.0898924	0.168663	0.981566
0.367516	0.0374936	0.929261
-0.029656	-0.193532	0.980646
0.000848093	0.0916696	0.995789
-0.249134	0.246155	0.936664
0.191554	-0.173088	0.966099
-0.243688	0.19075	0.95091
0.0327219	0.194709	0.980315
-0.473121	0.349031	0.808909
-0.232294	0.146016	0.961623
-0.196275	0.35095	0.915593
0.274254	0.0308395	0.961163
0.493051	0.453996	0.742151
-0.505732	-0.0499821	0.861241
-0.243246	0.571636	0.783622
0.0102494	0.853193	0.521495
-0.0399977	-0.321431	0.946088
-0.0467772	0.393871	0.917975
0.458735	0.29242	0.839079
-0.0378147	-0.0670295	0.997034
0.153328	0.736397	0.658946
0.658666	0.135563	0.740123
0.344869	-0.0431423	0.937659
-0.196703	-0.221786	0.955049
-0.081567	0.0452384	0.995641
-0.212802	-0.332225	0.918881
-0.174	0.135819	0.975334
0.0775097	-0.655995	0.750775
-0.303889	-0.132168	0.943495
-0.0616691	-0.191627	0.979528
-0.861579	0.00598946	0.507588
-0.116578	0.345037	0.931321
-0.13892	0.421537	0.896107
0.203551	0.40256	0.892475
0.547008	-0.171824	0.819304
0.148954	-0.0286432	0.988429
-0.115741	-0.241187	0.963552
0.509123	-0.188338	0.839835
0.365036	0.188822	0.911644
-0.00362116	0.0167929	0.999852
0.602511	0.255381	0.756149
-0.0194559	0.298038	0.954356
0.529995	0.0969872	0.842436
0.329518	5.63164e-05	0.944149
0.0820953	-0.322917	0.94286
0.139921	-0.596723	0.790154
-0.125504	0.605928	0.785557
0.576011	-0.455662	0.678663
-0.235082	-0.040492	0.971132
-0.0136234	0.28922	0.957166
0.289053	-0.34345	0.893583
0.607888	0.344903	0.715202
-0.237875	0.526095	0.81648
-0.403938	-0.460328	0.790526
0.519558	0.448455	0.727288
-0.146033	0.00482597	0.989268
-0.300747	-0.0360767	0.953021
0.0273654	-0.223329	0.974359
-0.816528	-0.225816	0.531308
0.429819	-0.162228	0.888222
0.101881	-0.0175244	0.994642
-0.177826	0.208431	0.961735
-0.181383	-0.203812	0.962061
0.254417	0.0624665	0.965075
0.262651	0.146557	0.953696
0.136592	-0.523381	0.841079
0.0598469	-0.481548	0.874374
0.048586	-0.074078	0.996068
0.068166	-0.290621	0.954407
0.0718793	0.0714384	0.994852
0.19476	0.761953	0.617654
0.191943	0.285879	0.938845
-0.182587	0.49508	0.849445
-0.1004	0.496269	0.862344
-0.187877	-0.0951757	0.97757
0.0297789	-0.249669	0.967873
0.0403489	0.767869	0.639335
0.899217	0.42878	0.0869327
0.252905	-0.448526	0.857242
0.0922085	0.279972	0.95557
-0.261465	0.0905926	0.960952
-0.110128	0.450502	0.885957
-0.147378	0.364035	0.919651
-0.675242	-0.0315536	0.736921
0.0888269	0.414528	0.905691
-0.48364	-0.539983	0.688847
0.193821	-0.72464	0.661309
0.109216	0.175276	0.978443
-0.450291	0.0408739	0.891946
-0.0344171	0.493336	0.869158
0.037041	0.407739	0.912347
0.325135	0.640832	0.695429
0.650702	-0.457354	0.606147
0.148231	-0.931362	0.332554
0.290585	0.154964	0.944217
-0.176737	-0.702773	0.689111
0.094	-0.800324	0.592153
0.389655	-0.00484231	0.920948
-0.0383879	-0.570023	0.820732
-0.144721	0.560749	0.81524
0.0416965	0.0430244	0.998204
0.00371011	-0.188468	0.982072
0.508648	0.0898552	0.856273
-0.0719103	-0.383175	0.920872
0.0937348	0.274986	0.956868
-0.195082	-0.423765	0.884515
-0.00222661	0.302457	0.95316
-0.187923	-0.31498	0.930308
-0.108466	-0.262996	0.95868
0.0433453	-0.070745	0.996552
-0.175516	-0.658369	0.731946
0.595997	-0.051466	0.801336
0.804977	-0.0554723	0.590707
0.771632	-0.0300685	0.635358
-0.56007	0.635558	0.531401
-0.753349	-0.166337	0.636237
0.593419	-0.364132	0.717818
0.0852385	-0.240067	0.967007
0.519462	-0.355991	0.776807
-0.0424285	0.0109161	0.99904
-0.174634	-0.585639	0.791537
0.513525	-0.248357	0.821347
-0.108447	-0.016051	0.993973
0.412987	-0.23118	0.880907
0.827538	0.068707	0.55719
0.662455	0.217506	0.716829
0.255229	0.150255	0.955134
0.0337493	-0.408964	0.911926
0.65723	-0.171614	0.733892
-0.0633616	-0.667275	0.742111
0.0239094	-0.354044	0.934923
0.556684	-0.124873	0.821285
-0.411489	-0.377571	0.829528
-0.191546	0.871436	0.451564
0.196458	0.180194	0.963812
0.469109	0.226748	0.853535
-0.0739818	-0.100833	0.992149
0.0687431	0.347109	0.935302
0.448977	0.164988	0.878179
-0.140899	-0.309783	0.94031
-0.149401	-0.069973	0.986298
0.382574	0.350692	0.854782
0.330071	0.00281112	0.943952
0.138545	0.465849	0.873951
0.267748	0.670827	0.691594
-0.321494	-0.749516	0.578677
-0.213847	-0.543357	0.811808
0.20557	-0.122421	0.970955
-0.691529	-0.222322	0.687285
0.209068	-0.116561	0.970929
0.107445	0.312297	0.943889
-0.370289	-0.398361	0.839163
-0.351631	-0.107261	0.929974
0.172771	0.424334	0.88887
-0.48897	-0.414483	0.767536
-0.0740302	-0.0655488	0.995099
0.624079	0.503771	0.597278
-0.427257	0.556064	0.712913
-0.179567	-0.0507319	0.982437
0.633341	0.0439795	0.772622
-0.337831	0.441155	0.831416
0.699695	-0.125103	0.703403
0.235082	-0.122582	0.964215
0.246726	0.185397	0.951186
0.044011	0.330616	0.942739
0.507576	-0.580449	0.636746
-0.213732	0.00372657	0.976885
0.0642452	0.252377	0.965494
0.427178	-0.564741	0.706107
0.418534	-0.563184	0.712498
-0.577424	-0.470274	0.667401
0.423622	-0.0297934	0.905349
0.879131	0.0577696	0.473066
-0.396773	0.137017	0.907633
0.425461	0.0833003	0.901135
0.457275	-0.775113	0.436004
-0.580805	0.0758659	0.8105
-0.163912	-0.157576	0.973808
-0.409936	0.41685	0.811288
-0.637386	-0.134652	0.758689
0.291832	-0.0462345	0.955351
-0.191956	0.508489	0.839399
0.637195	-0.371935	0.675016
0.123192	0.486676	0.864853
0.215385	0.0020483	0.976527
0.300261	-0.0294632	0.953402
0.387399	0.125988	0.913263
0.556643	0.280902	0.78182
-0.0292869	0.34947	0.93649
0.190776	-0.165838	0.967524
-0.235641	-0.348048	0.907379
0.125369	-0.158234	0.97941
0.349728	-0.0849969	0.932988
-0.106522	0.285191	0.952533
0.486142	0.374239	0.78969
0.338096	0.440609	0.831598
-0.291972	-0.207031	0.933751
0.349058	-0.408484	0.843386
0.592364	-0.205983	0.778894
0.346094	0.838303	0.421267
-0.190301	-0.0499719	0.980453
0.460673	0.309225	0.831962
0.236119	0.510396	0.826888
0.493957	-0.260778	0.829458
0.00378689	0.282012	0.959403
-0.0707062	0.141716	0.987379
0.186459	0.573726	0.797541
-0.19445	0.40632	0.892801
-0.395068	-0.403238	0.825421
0.43749	0.14917	0.886764
0.835313	0.108206	0.539021
0.145413	-0.177911	0.973244
0.0797331	0.125214	0.988921
0.282495	0.339044	0.897355
0.234607	-0.10541	0.966358
0.128608	0.442798	0.88735
-0.600334	-0.0221707	0.799442
0.35441	0.543799	0.760707
-0.62048	-0.124508	0.774276
-0.184923	-0.685286	0.704405
0.496219	-0.283703	0.820536
0.477537	-0.162419	0.863469
-0.0479246	-0.0712409	0.996307
-0.241464	0.250337	0.937564
-0.311964	-0.405095	0.859405
0.444806	-0.399392	0.801644
0.169451	0.0435158	0.984578
0.065469	-0.300618	0.951495
-0.0674108	0.0551878	0.996198
0.225176	-0.42173	0.878316
0.644553	0.216173	0.733363
-0.311384	0.180047	0.933072
0.163559	0.212437	0.963389
0.41995	0.213335	0.882117
-0.237529	-0.138709	0.961426
-0.190484	-0.0910872	0.977455
-0.386893	0.0216128	0.921871
0.455898	-0.237615	0.857727
0.614339	-0.311778	0.724832
0.0303228	-0.135929	0.990254
-0.365894	-0.109591	0.924181
0.72442	-0.149203	0.673018
-0.163122	-0.724823	0.669345
-0.276447	-0.100105	0.955801
0.298159	-0.527618	0.795438
0.195315	0.384866	0.90207
0.532838	0.565119	0.62986
-0.136376	0.26912	0.953402
0.468387	-0.163804	0.868206
0.229841	0.348186	0.908812
-0.267076	0.380449	0.885398
0.200798	-0.445582	0.872431
-0.14987	0.244219	0.958069
0.0174578	0.675414	0.737232
-0.469452	0.104323	0.876773
0.155186	-0.161236	0.974639
0.657624	-0.178183	0.731971
-0.275283	0.25091	0.928043
0.0415924	0.761813	0.64646
-0.18773	-0.126267	0.974071
-0.697344	0.366759	0.615791
-0.0801786	-0.656767	0.749819
-0.139306	0.115356	0.983507
0.156027	-0.0119457	0.987681
-0.0113283	0.887428	0.460807
0.0134094	-0.106608	0.994211
-0.141444	-0.627312	0.765815
0.0186518	0.0869644	0.996037
0.422906	-0.280697	0.861603
-0.507487	0.238922	0.827873
0.0925557	-0.332059	0.938707
-0.187063	0.26776	0.945152
-0.146982	-0.204718	0.967722
-0.360407	-0.00454503	0.932784
-0.308836	-0.127128	0.942581
-0.0536885	-0.0346363	0.997957
0.358788	-0.191313	0.913603
0.279218	-0.234515	0.93115
-0.172534	0.358169	0.917577
0.164409	-0.766095	0.621344
-0.0274398	-0.302355	0.9528
-0.207519	0.185983	0.960389
0.457699	0.0306898	0.888577
0.450208	-0.209061	0.868105
0.202191	0.598879	0.774895
-0.254375	-0.584019	0.770854
0.418315	-0.674642	0.60817
0.198835	0.403648	0.893047
0.108423	-0.201808	0.973405
-0.0153724	-0.527985	0.849115
0.647967	0.218234	0.729734
-0.149726	-0.0636593	0.986676
-0.33743	-0.0800356	0.937942
-0.159172	-0.245968	0.956119
0.654527	0.0853972	0.7512
-0.320292	-0.262973	0.910087
0.0500409	-0.0128503	0.998664
-0.0256757	-0.0607334	0.997824
0.0560498	-0.314804	0.9475
-0.388873	0.00278091	0.921287
0.151193	-0.293962	0.943783
0.101378	0.492333	0.864483
0.170456	0.384421	0.907285
-0.665769	0.00140946	0.746157
0.144137	0.0205503	0.989344
0.391141	0.165546	0.905319
0.0930393	0.504041	0.858654
-0.0836069	0.125655	0.988545
0.396802	0.248034	0.883758
0.165896	0.287563	0.943285
0.0733184	0.669728	0.738979
0.496988	-0.207926	0.842478
0.609325	0.784538	0.114992
-0.419659	0.265016	0.868132
-0.03457	0.10317	0.994063
0.197901	-0.29036	0.93623
-0.0295842	-0.191042	0.981136
-0.0135224	0.759736	0.650091
0.821588	0.0532964	0.567585
0.179526	0.341816	0.92246
0.567268	0.67179	0.476345
-0.40106	-0.0646256	0.913769
0.0872291	0.243646	0.965934
-0.549732	-0.0884993	0.83064
0.188123	-0.250738	0.9496
-0.249367	-0.420519	0.872341
-0.716315	0.110038	0.689046
0.46405	0.405364	0.787615
0.0456477	-0.0522102	0.997592
-0.0541454	0.0687281	0.996165
-0.00969221	-0.468011	0.88367
0.0433341	0.0484741	0.997884
-0.19828	-0.0211694	0.979917
-0.394708	-0.597036	0.698394
-0.465323	-0.365611	0.806104
-0.087896	-0.134938	0.986948
0.524015	-0.0729869	0.848576
-0.267523	0.148527	0.952035
-0.138749	-0.508807	0.849626
0.39621	-0.139031	0.907572
0.528328	0.201734	0.824726
-0.146637	-0.937	0.317063
0.852035	0.0969765	0.514424
0.0934186	-0.160285	0.98264
-0.00641593	0.141103	0.989974
0.33002	0.777407	0.535467
0.288502	-0.242676	0.926215
0.0428589	0.0250818	0.998766
0.385257	-0.217774	0.896745
-0.0104939	-0.278325	0.96043
0.282346	-0.479502	0.830878
-0.199445	-0.283132	0.938114
-0.237239	-0.734574	0.635704
0.178153	0.598292	0.781222
0.0128401	-0.00167878	0.999916
0.162961	-0.670027	0.724229
0.657976	-0.452756	0.601731
-0.602479	0.0801481	0.794101
0.256258	-0.0422159	0.965686
0.202055	0.342652	0.917477
-0.760535	-0.512027	0.399267
-0.375611	-0.184573	0.908212
0.108448	-0.586639	0.802555
-0.199038	0.465557	0.862346
-0.159717	0.669396	0.725534
-0.757938	0.193372	0.623007
-0.463995	0.262733	0.845978
-0.350772	0.0696433	0.933868
0.645662	0.304368	0.700343
-0.159734	-0.0234244	0.986882
0.235577	0.108448	0.965786
-0.424358	-0.491033	0.760794
0.301078	0.524395	0.796469
0.1517	-0.013813	0.98833
0.30379	0.707859	0.637689
0.0454084	0.128504	0.990669
-0.448163	0.119989	0.885863
0.144865	0.108644	0.983469
-0.168338	-0.701534	0.692468
-0.319861	0.086414	0.943516
0.416315	0.20249	0.886386
0.0841714	-0.0206296	0.996238
0.160263	0.487701	0.858175
-0.342972	-0.329034	0.879834
0.64537	0.262309	0.71742
-0.27098	-0.305495	0.912821
0.267969	-0.00839248	0.963391
-0.416296	0.611629	0.672761
-0.564309	-0.210644	0.798238
-0.684491	-0.394361	0.613149
-0.216455	-0.312326	0.924986
-0.0288449	-0.23818	0.970793
-0.0530746	-0.687711	0.724042
0.0882302	0.6673	0.739545
-0.791959	-0.536234	0.291981
-0.15767	0.0287114	0.987074
-0.581291	-0.519998	0.625862
0.335428	0.0534119	0.940551
-0.0486762	0.270312	0.961542
-0.0384753	-0.419858	0.906774
0.0756633	0.101926	0.99191
-0.744638	-0.0600652	0.66476
0.108351	-0.350337	0.930335
-0.250512	-0.432463	0.866152
0.607473	0.628137	0.486231
-0.204748	-0.151189	0.967068
0.143462	-0.00300064	0.989651
0.313463	-0.551394	0.773114
0.4112	-0.774896	0.480053
-0.311614	-0.243817	0.918395
0.428277	-0.705529	0.564631
-0.6632	-0.180137	0.726441
0.0971475	-0.607569	0.788304
-0.216925	-0.854731	0.471571
-0.0506685	0.294463	0.954319
-0.134697	-0.303432	0.943284
-0.177578	-0.686105	0.705497
-0.328232	-0.0145492	0.944485
-0.564507	-0.272629	0.779105
-0.00791038	-0.449868	0.89306
-0.724149	0.333686	0.603542
-0.273038	-0.20014	0.940954
-0.127209	-0.307439	0.943027
-0.114569	0.525829	0.842839
-0.476215	0.103724	0.87319
0.353746	0.554329	0.753381
-0.190167	-0.122126	0.974126
-0.356583	0.278934	0.891653
0.248363	0.36379	0.89776
-0.380849	-0.325056	0.865617
-0.30938	0.35275	0.883092
-0.282761	0.236668	0.929535
-0.318268	-0.0844394	0.944233
-0.574976	0.352533	0.738325
0.323458	-0.117385	0.938933
0.278922	-0.325516	0.903461
-0.0716835	0.0379308	0.996706
0.35023	-0.378859	0.856624
-0.532776	0.0976118	0.840608
-0.393124	-0.139587	0.908828
-0.428026	-0.170431	0.887551
-0.0209851	-0.0359884	0.999132
0.375444	0.0157784	0.926711
-0.515119	-0.067916	0.854424
0.566047	-0.706343	0.425053
-0.0433444	0.159425	0.986258
-0.11565	-0.136122	0.983919
-0.222195	-0.230666	0.947324
0.394151	0.145207	0.907502
0.490432	0.635438	0.596402
0.0761509	-0.208368	0.975081
-0.0834075	-0.32173	0.943151
-0.603129	0.234152	0.762501
0.12859	-0.334518	0.933575
-0.020984	-0.182815	0.982923
-0.238632	0.683359	0.689982
-0.159715	-0.306876	0.938253
-0.0819884	0.189237	0.978503
-0.505763	-0.449542	0.736285
-0.332928	0.1433	0.932
0.442533	-0.0732309	0.893757
0.140484	-0.55034	0.823037
0.708189	-0.378689	0.595872
-0.594612	-0.144925	0.790843
0.489161	-0.0867732	0.867866
-0.819866	0.21924	0.528918
-0.639408	-0.617742	0.457768
-0.401507	-0.157285	0.902249
0.299616	0.576784	0.759967
-0.14223	0.207379	0.967866
0.267843	-0.270199	0.924799
0.432805	0.191514	0.88091
-0.678271	-0.290587	0.674913
-0.147703	0.341275	0.928286
-0.312194	0.472894	0.823957
-0.663052	-0.262451	0.701057
0.390492	0.25433	0.884778
-0.129418	-0.101659	0.986365
0.146322	-0.0792784	0.986055
-0.614259	0.0394591	0.788117
-0.190822	-0.00926998	0.981581
0.276419	0.116738	0.953921
0.237882	0.671108	0.702158
-0.212911	-0.458619	0.86275
0.589506	0.544298	0.596843
-0.365553	-0.270434	0.890638
-0.406163	0.305082	0.861369
0.219011	0.257319	0.941181
-0.379466	-0.183211	0.906884
0.326938	0.0563217	0.943366
0.23966	-0.0143279	0.970751
-0.118518	0.0840233	0.989391
-0.21572	0.70457	0.676052
-0.380934	-0.312116	0.870329
-0.385329	0.150262	0.910463
-0.438296	-0.135636	0.888538
-0.609418	-0.167118	0.775036
0.100106	0.492211	0.8647
-0.13718	-0.799711	0.584503
0.233958	0.0471955	0.971101
-0.355113	-0.365811	0.860277
0.0615361	-0.410818	0.909638
-0.323899	0.355706	0.876677
-0.265182	-0.0664227	0.961908
0.545374	0.360697	0.756614
-0.106388	-0.356683	0.928148
0.476597	0.338593	0.811302
-0.392532	0.491425	0.777444
0.367395	0.428021	0.825723
-0.163488	0.112011	0.980166
0.040438	0.431704	0.901109
-0.43934	-0.711731	0.548106
0.656788	0.105261	0.746692
-0.359421	-0.494919	0.79112
-0.24895	-0.120477	0.960994
-0.0926068	0.148029	0.984638
-0.101129	-0.329705	0.938652
-0.230463	-0.115595	0.966191
-0.418533	-0.0255792	0.907841
-0.164537	0.186765	0.968528
0.0136037	0.102449	0.994645
0.236269	-0.248391	0.939404
0.317935	-0.160403	0.934445
0.0441018	0.410282	0.910892
-0.264264	0.0858385	0.960623
-0.205493	-0.109064	0.972562
-0.212556	-0.186355	0.959214
-0.28521	0.359044	0.888675
-0.286876	-0.282951	0.915227
0.0106108	0.337136	0.941396
-0.212405	-0.105438	0.971477
-0.156645	-0.0545708	0.986146
0.353426	-0.728002	0.587455
-0.385132	-0.586088	0.712863
-0.174599	0.0226095	0.98438
0.0295454	0.40284	0.914794
-0.195236	-0.286745	0.937902
0.159997	-0.529017	0.833392
-0.141527	0.580558	0.801825
0.214345	-0.26561	0.939951
-0.401883	-0.651069	0.643894
-0.162248	0.26014	0.951842
0.679261	-0.639246	0.360513
0.49041	0.323674	0.809156
-0.52435	0.342117	0.779752
0.346936	-0.565729	0.748055
-0.418674	0.277179	0.864803
-0.503465	0.0452533	0.862829
-0.258391	-0.489466	0.832861
0.731776	0.0608179	0.678826
0.474049	0.0120499	0.880416
-0.711267	-0.00719503	0.702885
-0.334557	0.650459	0.68189
0.0292976	0.0321754	0.999053
0.222627	0.239999	0.944901
-0.325547	0.196499	0.924882
-0.292118	0.210982	0.93282
0.067788	0.457327	0.886711
-0.544469	0.0402056	0.837817
0.11279	-0.240463	0.964083
-0.182217	-0.307475	0.933946
-0.0389368	0.211793	0.976539
-0.539776	-0.248397	0.804326
0.023021	0.11931	0.99259
-0.397102	-0.389696	0.830931
-0.744179	-0.088518	0.662089
0.131995	-0.600677	0.788521
0.362839	0.189623	0.912354
0.653393	0.0997159	0.750422
-0.365811	0.0043405	0.930679
0.52053	-0.0994075	0.848037
0.135903	0.180531	0.974135
-0.28703	-0.239133	0.927593
-0.355852	-0.660332	0.66131
-0.331665	-0.449441	0.829459
-0.313274	-0.720528	0.618627
-0.12407	-0.185145	0.974848
0.175827	0.0721509	0.981773
-0.282694	0.00269238	0.959206
0.453569	0.181078	0.872632
0.592711	0.643359	0.484543
-0.178906	-0.305274	0.935308
-0.110498	0.0704006	0.99138
-0.297832	0.0961567	0.949763
0.477481	-0.334284	0.812568
-0.68334	-0.276505	0.675716
0.113533	0.724545	0.679812
0.522327	0.262945	0.811193
0.294294	0.0890273	0.951559
0.00187123	0.052955	0.998595
0.173208	-0.564443	0.807096
-0.0535561	-0.00115378	0.998564
-0.0978198	-0.523459	0.846417
0.306736	0.411883	0.858059
0.769903	-0.214975	0.600862
-0.119137	0.430518	0.894685
-0.255224	-0.036822	0.966181
0.607964	0.110026	0.786304
0.508248	0.0237816	0.860883
-0.368023	0.111329	0.923128
0.777028	0.15108	0.611067
0.388733	0.103525	0.915516
-0.584378	0.446393	0.677669
-0.0831434	-0.532483	0.842347
0.513391	-0.109888	0.85109
0.30833	0.575934	0.757121
-0.302382	-0.124181	0.945063
-0.0876176	0.201102	0.975644
0.571509	0.106689	0.813631
0.674838	-0.261341	0.690141
-0.0678794	-0.00631893	0.997674
-0.817066	-0.261202	0.513981
0.747098	0.0358255	0.663748
-0.0490925	0.589349	0.806386
0.0494338	0.843272	0.535209
0.1319	-0.501733	0.854907
0.167032	0.58205	0.795813
-0.338278	0.12245	0.933046
0.11703	0.0925462	0.988807
-0.317327	-0.116387	0.941147
-0.332289	0.181305	0.925588
0.437952	0.878655	0.190166
0.0914126	-0.498694	0.861944
0.170122	0.0636358	0.983366
0.0379384	0.564753	0.824388
-0.495214	-0.218996	0.840716
-0.21967	-0.254767	0.941721
0.134942	-0.192319	0.97201
-0.518133	-0.841105	0.155177
-0.572007	0.0967317	0.814525
0.192702	-0.00791719	0.981225
-0.299298	-0.421945	0.855794
-0.10701	-0.269657	0.956992
0.581208	0.482777	0.655075
-0.0847562	0.330043	0.940153
0.481158	0.375917	0.791943
-0.401635	-0.213724	0.890512
-0.0633844	0.303323	0.950777
0.0997179	0.140901	0.984989
-0.300311	-0.228893	0.925971
0.0549995	-0.183218	0.981533
-0.583979	-0.426952	0.690421
-0.376826	-0.184035	0.907818
0.168626	0.254212	0.952335
-0.266384	-0.187337	0.945486
-0.225872	0.203681	0.952626
-0.538519	-0.117232	0.834418
-0.205797	0.455079	0.866343
0.0359749	0.755232	0.65447
0.218169	0.440835	0.87067
-0.21413	-0.161593	0.963346
0.338798	-0.0817811	0.937298
-0.534582	0.048838	0.843704
0.0397103	-0.258881	0.965093
-0.00391439	-0.154848	0.98793
-0.112238	0.368936	0.922653
0.0481238	-0.110332	0.992729
0.361643	0.665464	0.652972
-0.363452	-0.78717	0.498263
-0.314263	-0.83367	0.454129
-0.266998	0.618781	0.738798
0.105102	-0.078851	0.99133
0.558035	-0.0735559	0.826551
0.466557	-0.014696	0.884369
0.466057	-0.354577	0.810596
-0.00439527	-0.597624	0.801764
0.16862	0.0912279	0.98145
0.0158353	0.572152	0.819995
-0.0542226	0.290777	0.955253
0.216386	0.137958	0.966512
0.00147383	0.599133	0.800648
-0.297399	-0.560752	0.772729
0.948773	0.0339912	0.314126
-0.487872	0.285252	0.824992
0.0109791	-0.190475	0.981631
-0.156697	-0.330518	0.930701
-0.176274	-0.0453039	0.983298
0.0523781	-0.0569421	0.997003
0.106682	0.239475	0.965024
0.66387	0.175509	0.726962
0.00899492	-0.257381	0.966268
-0.0588116	0.260632	0.963645
-0.0209806	0.409721	0.91197
0.105767	0.245067	0.963719
0.299378	-0.27472	0.91373
-0.381239	0.70522	0.597764
0.145408	0.135868	0.979998
-0.313546	0.0541371	0.948029
0.704204	0.424365	0.56922
-0.436114	0.717406	0.543261
0.640534	-0.366014	0.675092
0.115779	0.020596	0.993061
0.665006	-0.427814	0.612162
-0.144894	0.553265	0.820307
0.36187	0.132856	0.922713
0.144412	-0.305046	0.941325
-0.12255	0.100998	0.98731
-0.245843	0.559763	0.791345
-0.242579	-0.398171	0.884655
0.98076	0.139449	0.136615
-0.325067	-0.124012	0.937525
-0.0436925	0.0955317	0.994467
0.515605	-0.00361934	0.856819
0.0614609	0.348675	0.935226
-0.361931	-0.0450446	0.931116
-0.639954	-0.304654	0.70544
-0.686234	-0.548789	0.477403
-0.571132	-0.777521	0.263192
0.503927	0.191431	0.842266
0.0422183	0.103283	0.993756
-0.208856	0.181683	0.960922
0.0605395	0.500811	0.863437
-0.39154	-0.152786	0.907388
0.519229	-0.153455	0.840745
-0.845149	0.00855358	0.534462
-0.0339799	-0.392573	0.919093
0.122562	0.15384	0.980465
0.989717	0.0866146	-0.113834
0.495174	-0.105343	0.862384
-0.352018	0.0208618	0.935761
0.424541	0.253101	0.869313
-0.52104	0.588359	0.618345
0.366373	-0.257746	0.894057
0.035827	0.169582	0.984865
0.15063	0.626852	0.764439
0.437929	-0.231079	0.868804
-0.401403	0.00143319	0.9159
-0.0394024	-0.416232	0.908404
0.298962	-0.0726466	0.951496
-0.0270766	-0.0452632	0.998608
-0.00390063	0.501443	0.865182
0.587877	0.166964	0.791532
-0.150236	0.442815	0.883937
-0.229768	-0.12769	0.964833
-0.765403	0.54189	0.34715
0.156336	0.0683944	0.985333
0.13755	0.689646	0.710963
-0.0342139	0.125802	0.991465
-0.138182	0.294227	0.945693
0.469313	0.242181	0.849172
-0.400512	0.0443613	0.915217
-0.546038	-0.233627	0.804526
-0.375613	-0.250131	0.892384
-0.106879	0.513661	0.85131
-0.370685	0.373806	0.850213
-0.158019	0.228975	0.960521
0.161562	0.529182	0.832985
0.175661	0.801158	0.572092
0.734551	-0.304046	0.606622
-0.20843	0.350216	0.913184
0.100048	0.980415	0.169638
-0.378156	0.124938	0.917272
0.675979	0.477355	0.561413
0.229491	0.426285	0.874994
-0.348238	0.836506	0.42307
0.688701	-0.232396	0.686792
0.214286	0.375745	0.901608
-0.106794	-0.554427	0.825352
0.433357	0.569006	0.698881
-0.530902	0.369467	0.762652
-0.160523	-0.476671	0.864302
-0.258807	0.00203327	0.965927
0.117133	-0.298795	0.947101
-0.682495	-0.488798	0.543395
0.57585	0.098009	0.811659
0.129443	-0.35176	0.927097
0.0776984	-0.507199	0.858319
-0.471301	-0.613481	0.633653
0.16226	-0.297899	0.940706
0.403675	-0.077195	0.91164
0.312388	0.378491	0.871297
-0.0586374	-0.177973	0.982287
0.0139339	0.226183	0.973985
0.369945	-0.603309	0.706511
-0.23317	0.0760787	0.969455
0.268932	0.451142	0.850968
0.35812	-0.236741	0.903163
0.342483	-0.149534	0.927548
-0.0158082	-0.324728	0.945675
0.281931	-0.26157	0.923091
-0.132535	-0.507439	0.851434
0.355643	0.697498	0.622105
0.678924	0.108079	0.72621
0.149705	0.524276	0.838286
0.0201154	-0.0190538	0.999616
-0.230481	0.0588563	0.971295
0.129224	-0.225715	0.965585
-0.130611	-0.640995	0.75635
-0.607512	0.287047	0.74063
0.0776376	-0.168497	0.98264
-0.258702	-0.112691	0.959361
0.182133	0.167039	0.968982
-0.210084	0.0791175	0.974477
-0.135917	-0.0573823	0.989057
-0.0872952	-0.453798	0.886818
0.43698	0.526902	0.728988
-0.0707776	0.328441	0.941869
-0.331733	0.247169	0.910418
-0.139161	-0.0679929	0.987933
0.410328	-0.00714433	0.91191
0.394023	-0.646307	0.653478
0.479271	0.585183	0.65411
0.170751	-0.201256	0.964541
-0.0305489	0.210671	0.977079
-0.0255032	0.0259182	0.999339
0.343666	-0.127946	0.930335
-0.181169	-0.0221478	0.983203
-0.246877	0.228901	0.941624
0.0406507	-0.28764	0.956875
0.615967	0.597847	0.512996
-0.115577	0.375616	0.919541
0.125017	-0.177185	0.976205
0.349682	0.577083	0.738036
-0.549248	0.382031	0.743222
0.341147	-0.333874	0.878719
-0.803493	-0.142152	0.578093
0.801657	0.261063	0.537765
-0.0447727	0.205742	0.977582
-0.0430255	0.0906059	0.994957
0.267647	-0.242105	0.932604
0.3023	-0.356712	0.883952
0.519277	0.185838	0.834156
0.503188	0.0964531	0.858777
0.397749	-0.171835	0.901259
0.275095	-0.0931777	0.956891
-0.332768	0.360285	0.87147
0.250845	0.129455	0.959332
0.248148	0.738057	0.627451
0.269284	-0.803628	0.530725
-0.0896858	-0.105555	0.990361
0.286374	-0.320509	0.90292
0.454516	-0.165538	0.875221
0.247959	-0.520845	0.816846
-0.371946	-0.343961	0.862176
0.0992482	0.109743	0.988993
0.183897	-0.291637	0.938685
0.0322421	0.285819	0.957741
-0.151672	0.229907	0.961321
0.0411371	0.215981	0.975531
0.365125	0.0859658	0.926981
-0.509335	0.466978	0.722848
-0.473529	0.266183	0.839594
0.542863	-0.145873	0.827055
-0.478954	-0.510687	0.714004
-0.436533	-0.774513	0.457786
0.389261	0.109459	0.914601
0.116322	-0.346729	0.930725
-0.253947	0.291349	0.922294
-0.249218	0.512731	0.821582
0.497609	0.320405	0.806056
0.42635	0.392759	0.814841
0.035062	-0.260438	0.964854
0.571895	0.654958	0.49393
-0.679599	0.371092	0.6328
0.0291684	-0.0238092	0.999291
-0.511858	-0.0344361	0.85838
-0.325902	-0.565608	0.757546
0.22125	0.634753	0.740362
-0.151403	-0.22647	0.962179
0.0603387	-0.289647	0.95523
-0.0573258	0.656844	0.751844
-0.126859	-0.334693	0.933749
-0.516531	-0.236802	0.822873
0.214812	-0.408533	0.887106
0.582033	0.120162	0.804238
0.650602	0.176775	0.738558
0.828421	0.00922271	0.56003
0.568855	0.73122	0.376459
-0.571542	-0.0440635	0.819389
-0.102357	0.374359	0.921617
0.206137	-0.207447	0.956281
0.394077	0.338585	0.854438
0.390571	0.636495	0.665078
-0.0113874	-0.734409	0.678612
0.309181	0.311882	0.898408
0.0490269	0.319007	0.946483
0.233826	-0.435113	0.869484
-0.0298975	-0.105823	0.993935
-0.102819	-0.189377	0.976506
-0.53161	0.418257	0.736514
0.0826729	0.575362	0.81371
0.0646124	-0.279783	0.957886
0.258609	-0.195917	0.945906
-0.133409	-0.108953	0.985054
0.222891	0.73528	0.640065
-0.0651098	0.335609	0.939749
0.333956	-0.69066	0.641454
-0.0653989	0.213691	0.97471
0.130229	0.566906	0.813424
0.133747	-0.751683	0.64582
0.647953	0.0144659	0.761543
-0.772527	0.146078	0.617951
-0.186842	-0.549895	0.814068
-0.249121	-0.369215	0.895332
0.18059	0.358118	0.916045
0.627188	0.159793	0.7623
-0.231669	-0.175722	0.956792
-0.0669946	0.387605	0.919388
0.167867	0.35298	0.920449
-0.431291	0.296219	0.852199
0.0573269	0.0958157	0.993747
0.396606	-0.586171	0.706475
0.656405	0.462012	0.596387
0.056497	-0.372228	0.92642
-0.00865063	0.786602	0.617399
0.338549	0.3525	0.872427
0.0796483	0.155396	0.984636
0.173125	-0.479318	0.860396
0.0248645	-0.354916	0.934568
-0.291293	0.689981	0.662627
-0.115825	-0.740789	0.661677
0.413618	0.197876	0.888687
0.201436	0.231456	0.951762
0.131876	0.239628	0.961866
0.0787038	0.41972	0.904235
-0.2667	0.30724	0.913496
-0.328654	-0.0720056	0.941701
-0.0375591	-0.263313	0.963979
0.402827	0.0162065	0.915133
0.496774	0.425689	0.756309
-0.809015	0.389801	0.439943
0.61963	-0.306362	0.722635
-0.112449	0.178482	0.977497
0.236579	0.186442	0.953557
-0.241255	0.0450925	0.969414
0.130364	0.0155395	0.991344
-0.00818764	-0.0772504	0.996978
0.0558107	-0.113507	0.991968
0.302755	0.144053	0.942119
-0.392149	-0.421461	0.817674
-0.28519	0.105648	0.952631
0.660188	0.134898	0.738887
-0.154575	0.331657	0.93065
0.130299	-0.625449	0.769308
-0.591888	-0.358236	0.722036
0.190925	0.607783	0.770809
0.754129	0.221798	0.618139
-0.0324826	-0.172276	0.984513
-0.383596	-0.469107	0.795483
0.333799	-0.823998	0.457827
0.0925536	-0.358597	0.928893
-0.271944	0.839732	0.469997
0.0991691	0.613526	0.783422
0.490071	-0.189797	0.850769
0.427013	-0.523496	0.7373
0.144483	-0.0689645	0.987101
0.486402	-0.521162	0.701287
0.232436	-0.322241	0.917679
-0.0244464	-0.0616481	0.997799
-0.315968	0.158155	0.935495
-0.202112	0.481587	0.852775
0.491102	-0.561937	0.665617
-0.215146	-0.868657	0.446259
-0.39029	-0.321782	0.86263
-0.296627	-0.557368	0.77547
0.589812	-0.137997	0.795662
-0.108353	-0.0861834	0.99037
0.36527	0.237145	0.900189
0.325604	0.157134	0.932358
-0.0669731	-0.345059	0.936189
0.308732	0.224562	0.92426
-0.286705	0.62511	0.725974
0.663195	-0.326219	0.673613
-0.489617	-0.569018	0.660677
-0.210365	0.0681401	0.975245
-0.0629251	-0.262954	0.962754
-0.267056	0.341437	0.901167
0.00954465	-0.376328	0.926437
0.409509	0.386425	0.826425
0.21651	0.232012	0.948311
0.474015	0.768454	0.42987
-0.356639	0.547666	0.756882
0.291431	-0.814018	0.502437
-0.570072	0.356467	0.740236
0.342918	0.324362	0.881587
-0.248233	0.763934	0.595638
0.0273996	0.494019	0.869019
0.288665	-0.448347	0.845965
0.0393208	0.504479	0.862528
0.352428	-0.179093	0.918542
-0.0188169	0.184523	0.982648
0.116897	-0.0635917	0.991106
0.0569582	0.299253	0.952472
-0.331975	-0.122901	0.935247
-0.0620801	0.387311	0.919856
0.467124	-0.254577	0.84675
-0.171036	0.256658	0.951248
-0.181981	-0.518144	0.835709
0.131352	-0.339084	0.931541
-0.100196	-0.326952	0.939714
0.11247	0.0270595	0.993287
-0.224199	-0.352289	0.908641
-0.675443	-0.211347	0.706476
0.791467	-0.254135	0.555874
0.639115	0.0845588	0.764449
0.635459	0.0531536	0.770303
0.257064	0.287132	0.922753
-0.240603	-0.813436	0.529558
0.539868	-0.304358	0.784799
-0.0508709	-0.180075	0.982337
-0.353923	-0.699117	0.621268
0.373151	-0.101451	0.922207
-0.413913	-0.0749922	0.907222
0.0576856	-0.134775	0.989196
-0.138474	0.313076	0.939579
-0.247736	-0.418036	0.873998
0.659987	-0.21084	0.721085
0.132827	-0.0286933	0.990724
-0.222966	-0.322042	0.920095
0.235312	-0.0593184	0.970108
0.30387	0.550185	0.777792
0.241648	-0.0475888	0.969196
0.127662	-0.713932	0.688479
-0.0917518	-0.373653	0.923019
-0.151203	0.355596	0.922328
-0.534669	0.0652197	0.842541
-0.178817	-0.0379616	0.98315
-0.212345	0.433025	0.876013
-0.305471	-0.287267	0.907835
0.181789	-0.22298	0.957723
0.477444	-0.0616969	0.876493
-0.610356	0.200672	0.766287
0.278528	0.745548	0.605458
0.405377	0.160713	0.899912
0.0203737	0.108313	0.993908
-0.319201	-0.125185	0.939382
0.232116	-0.873769	0.427376
-0.568245	0.251426	0.783506
0.576405	0.297989	0.760894
0.16557	-0.185773	0.968543
-0.274162	-0.224362	0.935145
0.565996	0.402934	0.71923
0.066248	0.0606327	0.995959
-0.703068	0.214575	0.677977
-0.10192	0.292381	0.950855
0.174839	0.360308	0.916302
-0.51988	0.0478158	0.8529
-0.324052	0.383993	0.864604
0.132893	0.363795	0.92195
0.182619	0.194524	0.963748
0.142339	-0.204043	0.968559
-0.0908094	0.30495	0.948029
-0.133475	0.00879243	0.991013
0.546491	-0.496174	0.674655
-0.13813	-0.467252	0.873268
0.209035	-0.325202	0.922251
0.180392	-0.291197	0.939501
0.517323	0.0105204	0.855726
-0.31004	0.194384	0.93064
0.143387	-0.90166	0.407983
-0.258689	-0.105907	0.960137
0.057736	0.0296994	0.99789
-0.0237921	0.081227	0.996412
0.377118	-0.399551	0.835548
0.286358	0.126319	0.949759
-0.0142991	-0.198195	0.980058
-0.18914	-0.278676	0.941576
-0.255166	-0.392181	0.88379
-0.386777	0.130874	0.912839
0.787462	-0.369116	0.493616
-0.234709	0.509935	0.827573
0.472611	-0.613282	0.63287
0.022994	-0.0894337	0.995727
-0.275308	-0.531499	0.801071
-0.662828	0.19353	0.723329
0.135183	-0.189624	0.972506
-0.259774	0.213305	0.941817
0.605217	-0.186326	0.773947
0.0988087	0.512035	0.853262
-0.199331	-0.102752	0.97453
-0.271792	-0.732603	0.624036
0.00573195	0.0261958	0.99964
-0.404682	0.382712	0.83052
0.674082	-0.0419369	0.737465
-0.121485	-0.2243	0.966918
0.667248	0.155443	0.728435
-0.447936	0.447517	0.774004
0.643404	-0.408972	0.647126
-0.464686	-0.0493176	0.884101
-0.0552625	-0.271932	0.960728
0.326245	0.408197	0.852607
0.329556	-0.15223	0.931783
0.664585	0.133078	0.735266
-0.258186	0.283518	0.923557
-0.0372441	0.186952	0.981663
-0.148232	0.300824	0.942089
0.0405586	-0.11449	0.992596
0.640273	-0.310365	0.702655
0.35539	0.090133	0.930362
-0.105496	0.548787	0.829279
-0.457874	-0.450371	0.766497
0.288622	0.29387	0.911229
-0.483068	0.261652	0.835574
0.623201	0.144021	0.768686
-0.391745	0.0202325	0.919851
-0.221069	-0.323588	0.92001
0.58881	-0.0955794	0.8026
0.218793	-0.24651	0.94412
-0.614911	-0.436842	0.656547
-0.723684	0.0327441	0.689355
-0.646907	0.0423437	0.761393
0.0562117	0.0539367	0.996961
-0.0211771	0.0197283	0.999581
-0.521872	-0.642628	0.560963
0.631385	0.030034	0.774887
-0.49285	-0.225561	0.84037
0.344029	-0.296946	0.890768
0.0693392	0.170846	0.982855
-0.348921	-0.0558797	0.935485
-0.228805	-0.644532	0.729538
-0.0548228	-0.59503	0.801832
0.0904102	-0.740813	0.665599
-0.539602	0.258558	0.801235
-0.12668	-0.0267131	0.991584
0.246347	-0.351705	0.903115
0.0241929	0.410532	0.911525
-0.550582	0.476598	0.685356
-0.273648	0.393055	0.877852
0.0960044	-0.20582	0.973869
-0.169561	-0.733475	0.658227
-0.50224	0.48118	0.718485
-0.379128	0.335031	0.862564
0.809353	-0.102927	0.578234
0.196674	-0.51628	0.833531
0.467643	0.323428	0.82262
-0.00892561	-0.0206854	0.999746
-0.414041	0.525768	0.743059
-0.624663	0.0189429	0.780664
0.0806247	0.0118006	0.996675
0.307129	-0.474788	0.824772
0.176683	-0.367474	0.913097
-0.313142	-0.205755	0.92715
0.761424	0.00457882	0.648238
-0.570186	-0.0955823	0.815936
0.543191	0.0634081	0.837212
0.415916	-0.514475	0.749886
-0.229014	-0.0425199	0.972494
-0.679389	-0.0704993	0.730384
-0.260664	0.00402938	0.965421
-0.0625039	0.045811	0.996993
0.0621178	0.0397571	0.997277
-0.215766	-0.315981	0.923905
-0.11987	-0.00853659	0.992753
-0.0483941	-0.161664	0.985659
-0.419364	-0.258475	0.870244
-0.252944	0.475788	0.842404
0.654821	0.701239	0.281909
-0.0963778	0.142674	0.985066
-0.0886903	-0.133956	0.987011
0.509602	0.754048	0.414389
0.577558	0.102178	0.80993
0.443925	0.505654	0.73976
-0.198636	0.189776	0.961524
0.00467126	0.166647	0.986006
-0.884223	0.396821	0.246339
-0.22161	-0.393411	0.892254
-0.427549	0.476501	0.768211
0.277909	0.0615852	0.958631
-0.545133	0.0117471	0.838267
-0.43438	-0.0587318	0.898813
0.180401	0.204271	0.962148
-0.362645	0.283255	0.887837
0.177857	-0.309805	0.934017
-0.158473	-0.276444	0.947874
0.608666	-0.205507	0.766351
-0.238726	-0.564842	0.789914
-0.2577	-0.299341	0.918687
-0.612478	-0.0617488	0.788072
-0.366875	0.902694	0.224826
-0.466476	-0.0249855	0.884181
-0.020838	0.0249951	0.99947
-0.0545754	0.729833	0.681444
-0.183257	0.174048	0.967535
0.587169	-0.17237	0.790899
0.466185	0.00456176	0.884676
0.305475	-0.342764	0.888368
0.099131	-0.162441	0.981726
-0.152489	0.835608	0.527736
-0.031171	-0.233846	0.971774
-0.103817	0.10716	0.988807
-0.202493	0.717219	0.666778
-0.372849	-0.4012	0.836674
-0.172766	0.247952	0.953243
0.340609	0.38381	0.858298
-0.378985	0.176058	0.908501
-0.358091	-0.144541	0.922431
-0.338277	-0.686008	0.644176
0.193074	-0.444078	0.874939
-0.610903	-0.368159	0.700897
-0.413339	0.32893	0.849091
0.798813	-0.280517	0.532172
0.202458	-0.248589	0.947214
0.264408	0.230663	0.93642
-0.165465	-0.519489	0.838303
0.09689	-0.540541	0.83572
-0.515038	-0.00111349	0.857167
0.343411	0.462295	0.817528
0.834256	-0.222444	0.504515
0.442307	0.531759	0.722217
-0.346146	-0.367554	0.863184
-0.511305	0.226416	0.829038
0.215921	-0.319308	0.922725
0.325661	0.318767	0.890131
0.254336	0.512568	0.820114
0.544379	0.512906	0.663761
0.668297	-0.110243	0.73568
-0.0698164	0.650187	0.756559
0.112933	0.328321	0.937791
0.230792	0.0623663	0.971002
-0.559939	0.320599	0.763992
0.0560237	-0.67617	0.734612
-0.261343	0.728298	0.633468
-0.0838832	-0.0806141	0.993209
0.559024	0.689759	0.460136
-0.511102	0.147185	0.846824
-0.153423	-0.139285	0.978295
0.0556505	0.454956	0.888773
-0.728567	0.0760121	0.680743
0.156493	0.68365	0.712834
0.408004	-0.135746	0.902832
0.195709	-0.0502835	0.979372
0.265993	-0.0246032	0.963661
-0.122909	-0.0825215	0.988981
-0.367352	-0.0254218	0.929735
0.109717	0.0564638	0.992358
0.0271425	0.0565895	0.998029
0.553388	0.43382	0.711029
-0.333652	0.274512	0.901842
-0.434001	-0.203562	0.877614
0.667983	-0.602938	0.436194
-0.604738	0.476181	0.638391
-0.207443	0.374293	0.90381
-0.291853	-0.194351	0.936509
0.749024	0.0444605	0.661049
0.0694963	-0.166265	0.983629
-0.395941	-0.306522	0.865607
-0.357381	-0.173737	0.917657
-0.319043	0.735095	0.598203
0.12663	-0.122767	0.984324
0.276544	0.093171	0.956474
0.213926	0.320738	0.922693
-0.154137	-0.357193	0.921225
0.265712	0.03267	0.963499
0.220569	0.197829	0.955098
0.235204	0.467618	0.852063
0.174147	0.255201	0.951076
0.518485	-0.19357	0.832889
0.0178035	-0.644891	0.764067
-0.00314512	-0.218216	0.975896
0.160469	-0.228998	0.960109
0.0125135	0.823809	0.566729
0.102778	0.0719549	0.992098
-0.307413	-0.368212	0.877449
-0.102353	-0.230948	0.967567
-0.241696	0.0807415	0.966987
-0.0512634	-0.0953335	0.994125
-0.05281	-0.10727	0.992826
0.0966921	0.037396	0.994612
0.338442	0.13235	0.931633
0.013933	0.32535	0.945491
-0.0432074	-0.386185	0.921409
-0.502418	-0.166956	0.848353
-0.498231	0.072367	0.864019
-0.223377	0.275096	0.935107
-0.0750263	-0.66583	0.742321
0.109479	0.430662	0.895849
-0.108285	0.177804	0.97809
-0.226174	-0.660343	0.716095
-0.636585	0.00691775	0.771175
0.151639	-0.0200106	0.988233
-0.0321749	0.120794	0.992156
0.25367	-0.180645	0.950273
-0.292345	-0.171211	0.940862
-0.692243	0.375979	0.615986
-0.445286	-0.0433551	0.894338
0.185493	0.183669	0.965328
-0.0731113	-0.358343	0.930723
0.118951	0.109721	0.986819
-0.131284	0.1903	0.972908
0.33781	-0.357799	0.870554
-0.33514	0.489622	0.804955
0.50445	0.362998	0.78343
-0.0145027	-0.809795	0.586533
-0.321586	0.0604577	0.944948
-0.294673	-0.108192	0.949454
-0.451448	0.0531838	0.890711
0.446501	-0.185187	0.87541
-0.239873	-0.229083	0.943389
-0.484089	0.402876	0.776756
0.0413615	-0.227217	0.972965
0.458655	0.694874	0.553883
-0.113867	-0.0255079	0.993169
0.309943	0.488431	0.815703
0.597169	-0.117083	0.793524
0.250416	0.0497463	0.966859
0.330527	0.0366086	0.943086
-0.0815763	-0.132322	0.987844
0.410767	0.179692	0.893858
-0.104349	-0.468402	0.877331
-0.186041	-0.261503	0.947103
0.122714	0.487964	0.864195
-0.204084	-0.653286	0.729087
0.00764415	0.6227	0.782424
-0.449835	-0.471613	0.758439
-0.0275972	-0.0997823	0.994627
0.418623	0.159539	0.894037
0.313946	-0.615296	0.723083
0.113397	0.489702	0.864484
-0.000559344	-0.483623	0.875276
-0.170263	0.0764644	0.982427
-0.498536	-0.328815	0.802086
0.457224	-0.197217	0.867209
-0.000201609	0.0682145	0.997671
-0.259741	0.322909	0.91009
0.0131692	-0.324904	0.945655
0.0951365	-0.307757	0.946697
-0.00779825	0.218573	0.975789
0.127968	-0.406136	0.904808
-0.0882502	-0.650044	0.754754
-0.487537	0.0604977	0.871004
0.555263	0.467034	0.688159
0.00409303	0.65696	0.753915
0.305236	-0.196811	0.931717
0.2419	-0.652704	0.717957
0.446928	-0.118204	0.886726
-0.245438	0.339525	0.90801
0.506648	-0.199043	0.838862
0.164323	0.768426	0.618482
0.395698	-0.580495	0.711652
-0.322183	-0.0979616	0.941595
-0.575093	0.499029	0.648258
-0.460188	-0.313236	0.830729
-0.159614	-0.0972857	0.982374
0.622816	-0.370203	0.689239
-0.501839	0.741417	0.445487
-0.257645	0.072117	0.963545
0.554188	0.366661	0.747285
0.07213	0.0445868	0.996398
-0.0871693	-0.576853	0.812184
0.257049	0.0512844	0.965037
-0.304875	0.0973961	0.947399
0.167323	0.163686	0.972219
-0.0830823	0.114419	0.989952
-0.0412748	-0.52011	0.853101
0.0641488	-0.507922	0.859011
-0.278038	-0.0116051	0.9605
-0.415864	0.208241	0.885264
-0.247672	0.623976	0.741156
-0.0063406	0.565468	0.824746
-0.626068	0.213278	0.750034
0.565192	-0.160114	0.809272
0.776549	-0.151598	0.611546
0.65376	-0.229167	0.721166
0.109412	-0.241694	0.964164
-0.0863778	-0.150167	0.98488
0.0132314	-0.138068	0.990334
0.344186	-0.234433	0.909163
0.269163	-0.759278	0.592493
-0.652646	0.406433	0.639426
0.0255517	0.214814	0.976321
0.251637	0.360018	0.898369
-0.0517787	-0.575193	0.816377
-0.0297516	-0.00488983	0.999545
0.433158	-0.316091	0.844074
0.516885	0.117479	0.847955
-0.0384529	-0.333428	0.941991
0.490012	-0.191961	0.850317
0.433477	0.0527076	0.899622
0.229144	-0.183675	0.955906
0.139747	-0.346206	0.927692
0.201415	-0.296897	0.933426
-0.0277503	0.350427	0.936179
-0.082682	0.0138721	0.996479
0.0463859	-0.129949	0.990435
-0.196543	0.591256	0.782168
-0.552016	-0.272127	0.788179
0.420837	0.473233	0.773917
0.562226	0.0513082	0.82539
0.202717	-0.192447	0.960141
-0.793527	-0.314794	0.520788
-0.6334	-0.159717	0.757162
-0.248626	-0.187949	0.950189
-0.022657	0.669334	0.742617
-0.0484599	0.374717	0.925872
0.106063	-0.126891	0.98623
-0.329377	-0.0274032	0.943801
0.0634772	0.793279	0.605541
0.585928	0.167511	0.792861
0.0755069	-0.762629	0.642413
0.815493	0.562572	0.135953
0.737923	0.00493327	0.674867
0.196238	0.366398	0.909529
-0.428418	0.243709	0.870094
-0.838483	-0.2753	0.470272
0.338872	-0.0299837	0.940355
-0.723889	0.407918	0.556406
0.503061	0.0370572	0.863456
0.430346	0.0684703	0.900063
0.00979704	0.600951	0.799226
0.243212	-0.111837	0.963504
-0.261608	-0.22984	0.937409
-0.387303	0.237014	0.890966
0.25067	0.335706	0.908001
0.157438	0.255943	0.953785
0.114795	-0.360525	0.925658
0.0436533	-0.041947	0.998166
-0.0578166	-0.043345	0.997386
0.349481	0.076451	0.933819
0.191642	-0.241307	0.951338
0.722065	0.158493	0.673426
0.384177	0.585565	0.713808
0.0985024	-0.313683	0.944405
0.449007	-0.133323	0.883526
0.302129	0.0511476	0.951894
-0.378694	-0.0168775	0.925368
0.430688	-0.106109	0.896242
0.324213	-0.778687	0.537152
0.00983908	0.0274761	0.999574
0.511835	-0.194794	0.836708
0.29826	-0.079124	0.9512
0.277359	-0.169796	0.945643
0.310629	0.490168	0.814399
0.16618	0.235152	0.957647
-0.693476	-0.589522	0.414192
0.126613	-0.00279305	0.991948
-0.340219	0.146108	0.928926
-0.259253	0.766438	0.587673
-0.730778	0.310628	0.607844
-0.261681	-0.254943	0.930874
-0.113563	-0.189371	0.975316
0.560772	-0.228975	0.795679
-0.603045	0.166572	0.780122
0.291302	-0.633996	0.716374
-0.450811	0.490607	0.745704
-0.148678	-0.470597	0.869732
0.114592	-0.167118	0.979255
-0.0803583	0.337848	0.937764
-0.667288	-0.429226	0.60868
-0.0050792	0.0254053	0.999664
0.187334	-0.494783	0.848585
-0.764871	0.205853	0.610407
0.290319	-0.0478113	0.955735
0.0442517	0.603529	0.796112
-0.150396	-0.312557	0.937917
0.152752	0.512244	0.845147
0.161171	0.168921	0.972363
0.650101	-0.442446	0.617746
-0.160177	-0.216775	0.962991
0.0676639	0.348381	0.934908
-0.141502	0.396878	0.906899
0.0620663	0.676606	0.733725
-0.0487018	-0.580816	0.812576
-0.54532	0.277343	0.791017
-0.128205	0.373514	0.918722
-0.00979027	-0.962659	0.270538
-0.303565	0.499305	0.811506
-0.0663964	0.143572	0.98741
0.424836	0.360022	0.830601
0.359396	-0.860498	0.361079
-0.280411	-0.194782	0.939909
-0.329591	-0.396907	0.856641
0.635673	-0.163246	0.7545
0.297237	0.375078	0.878047
0.126455	0.383547	0.914823
0.369435	0.805369	0.463571
-0.146457	0.359313	0.921653
-0.509022	0.19738	0.837817
-0.428954	0.100408	0.897729
0.266735	-0.0371594	0.963053
-0.933128	0.350126	-0.0817514
-0.606676	0.490503	0.625581
-0.228453	0.199004	0.952999
-0.0816605	-0.632435	0.770297
-0.235471	-0.172633	0.956426
-0.544889	0.807969	0.224239
0.463762	0.0412865	0.884997
-0.737531	0.0302221	0.674637
-0.0347569	0.670749	0.74087
-0.716464	-0.11312	0.688392
-0.381087	0.0889093	0.920254
0.145955	0.168253	0.974878
-0.000141618	0.741482	0.670973
0.0499992	0.0644396	0.996668
-0.185053	-0.290109	0.938931
0.146127	-0.29452	0.944407
-0.0174328	0.0441835	0.998871
0.331231	0.0385555	0.942762
0.276977	-0.333359	0.901197
0.210947	0.619871	0.755818
0.346705	0.537836	0.768458
0.366785	-0.142549	0.91932
0.0678498	-0.0706316	0.995192
-0.0499499	-0.116812	0.991897
-0.0783995	0.209088	0.974749
0.125761	0.390635	0.911915
0.699361	0.0519484	0.712878
-0.216893	-0.47697	0.851738
0.317098	0.224136	0.921527
-0.0571347	0.365985	0.928865
0.459481	0.0853462	0.884077
-0.0617718	0.188192	0.980188
0.0447343	0.358436	0.932482
0.125962	-0.288837	0.949056
0.52583	0.658335	0.538607
-0.0385416	0.24777	0.968052
0.275319	-0.279893	0.919706
-0.0536971	-0.187583	0.98078
0.011573	0.0269629	0.999569
0.895017	0.14953	0.420221
0.217375	0.588854	0.778459
0.392876	-0.141275	0.908675
-0.228917	0.378812	0.896716
0.109444	0.824564	0.555082
0.600698	-0.24425	0.761251
0.414856	0.0677374	0.907362
-0.265511	0.718305	0.643072
0.147279	0.37854	0.913792
0.579457	-0.0240884	0.814646
0.0866378	-0.517568	0.851245
0.168695	0.570439	0.803829
0.484941	-0.63904	0.597042
0.0486316	0.049102	0.997609
0.472919	0.419358	0.774911
0.397756	0.588332	0.704028
0.0230781	0.553965	0.83222
-0.20727	-0.116114	0.971369
0.3338	-0.28012	0.900061
-0.206692	-0.16366	0.964621
0.197478	-0.078133	0.977189
0.279563	0.140994	0.949719
0.450231	0.160513	0.878366
-0.902053	-0.431226	-0.018567
0.144216	0.357577	0.922681
-0.157782	0.201496	0.966698
0.0537153	0.544764	0.836867
-0.441962	-0.696755	0.564979
0.146413	0.579451	0.801748
0.222084	0.105786	0.969272
0.0646734	-0.326048	0.943138
-0.427991	-0.17925	0.885829
-0.210016	-0.547857	0.809781
-0.152917	-0.238205	0.959101
0.675497	0.547878	0.493491
-0.16755	0.526839	0.833288
0.123287	0.645787	0.753498
0.549173	-0.277527	0.788281
-0.806076	-0.141671	0.574605
-0.134171	-0.357075	0.924389
0.435697	-0.455524	0.776316
0.381098	-0.259421	0.887393
0.126899	0.259049	0.957492
0.198159	0.262387	0.944397
0.433305	-0.0967879	0.896035
0.395579	-0.334841	0.855219
-0.0973025	0.522209	0.847248
0.392704	-0.323253	0.860983
0.832964	0.130135	0.537807
0.490856	-0.152091	0.857863
0.139372	0.794519	0.591029
0.629728	-0.554076	0.544465
0.550002	0.516234	0.656506
-0.117168	-0.410883	0.904127
0.146764	0.738052	0.658589
0.865317	0.222175	0.449294
-0.0599554	-0.187357	0.98046
0.749965	0.463261	0.472167
0.133957	0.076632	0.98802
0.493696	-0.116853	0.861748
0.280972	0.216124	0.935064
0.102694	0.518454	0.848917
-0.238357	0.8974	0.371294
0.641874	0.564961	0.518476
0.473512	-0.0211472	0.880533
0.031527	0.0841839	0.995951
-0.231403	0.0571967	0.971175
0.27181	0.698053	0.662451
0.0829132	-0.0737665	0.993823
0.854577	-0.412709	0.31523
-0.41039	-0.0178789	0.911735
-0.00827384	-0.165011	0.986257
-0.111657	0.259057	0.959387
0.266654	-0.0700247	0.961245
0.795317	0.277836	0.538774
-0.552829	-0.178289	0.813998
0.498822	0.445786	0.743271
-0.557521	-0.182504	0.809853
0.156563	0.325393	0.932527
-0.205996	-0.04268	0.977622
-0.00962262	-0.163908	0.986429
0.434444	0.123322	0.892217
-0.45818	-0.600676	0.655179
-0.532972	-0.457799	0.71159
0.0858052	0.406547	0.909592
0.115923	-0.445102	0.887945
-0.0331977	0.410108	0.911432
-0.182093	-0.0587831	0.981523
0.19371	0.488174	0.850977
0.63617	-0.453066	0.624515
0.210213	-0.0937769	0.973148
0.588468	0.272375	0.76126
-0.1095	-0.504223	0.856603
0.778064	-0.167279	0.605503
-0.234789	0.014052	0.971945
-0.827489	-0.342449	0.444962
0.188367	-0.0456801	0.981036
0.282902	0.36175	0.888315
0.169438	0.0972632	0.98073
0.277485	0.584357	0.762581
0.880427	0.299681	0.367477
0.0776016	-0.135231	0.987771
0.0786751	0.575293	0.814155
0.405403	-0.358867	0.840751
-0.118597	0.735675	0.666871
0.0379227	-0.28077	0.959025
0.692798	0.350749	0.630084
-0.299772	0.185268	0.935849
-0.15935	-0.35904	0.919618
-0.394865	-0.574021	0.717343
-0.526391	-0.780877	0.336367
0.185112	0.726141	0.662157
0.245032	0.272709	0.93037
0.842509	-0.189437	0.504275
0.469296	-0.0190258	0.882836
0.686325	-0.186138	0.703072
0.36417	0.919534	0.147774
0.109694	0.558916	0.821937
0.0862452	-0.121525	0.988834
0.440506	-0.508972	0.739529
0.144399	-0.59959	0.787172
0.572898	-0.481351	0.663393
-0.664327	0.0792033	0.743234
-0.170472	0.585572	0.792493
0.595798	0.0782484	0.799314
-0.0639236	0.169979	0.983372
0.302184	-0.201245	0.931765
-0.496508	0.438469	0.749149
-0.473314	0.327801	0.817631
-0.629014	-0.0537322	0.775535
0.580003	-0.0513901	0.812992
0.418768	-0.305823	0.855047
-0.353369	-0.447793	0.821347
0.133393	-0.507233	0.851423
-0.564812	-0.00306139	0.825214
0.168953	-0.0585499	0.983884
0.225271	-0.95105	0.211559
0.349983	-0.0984389	0.931569
0.751386	0.0671711	0.656435
-0.431988	0.140226	0.890912
0.0992841	0.491602	0.865142
0.270351	-0.631126	0.727042
0.208874	-0.110305	0.971702
0.0463415	-0.12444	0.991144
-0.0100977	-0.753804	0.657022
0.300482	0.588975	0.750213
-0.318959	-0.078446	0.944517
-0.409151	-0.0241286	0.912148
0.72511	-0.125003	0.677193
0.540463	-0.505832	0.672335
-0.366359	-0.321616	0.873123
-0.240961	0.0101728	0.970482
-0.339399	0.554182	0.760059
-0.725492	-0.263419	0.635824
-0.449751	-0.646684	0.616056
0.355884	-0.372297	0.857171
0.659034	0.331272	0.675229
-0.309759	-0.147706	0.939272
-0.0204808	0.379204	0.925086
-0.240496	-0.629462	0.738877
-0.45895	0.079029	0.88494
-0.184937	0.192369	0.963739
0.396209	-0.133518	0.908401
0.248953	0.481854	0.840142
0.267735	0.288386	0.919321
-0.0754008	0.415749	0.906349
-0.0146765	0.270309	0.962662
-0.30351	-0.371138	0.877575
0.121409	0.194284	0.973403
0.365308	0.392665	0.844017
-0.078612	-0.132194	0.988102
0.369634	0.217998	0.903243
-0.32936	-0.780235	0.531747
0.136934	-0.00080815	0.99058
-0.172733	0.0625663	0.982979
-0.217547	0.522516	0.824409
0.0811223	0.628835	0.773295
0.182805	0.146196	0.972219
-0.135238	0.415335	0.899559
0.229133	-0.119373	0.966048
0.252157	0.0791796	0.964441
0.609253	-0.541799	0.57902
0.210511	0.403199	0.89057
-0.631662	0.606882	0.482387
-0.408195	-0.643572	0.647451
0.238463	-0.819306	0.521415
0.385056	-0.259529	0.88565
0.460508	0.151793	0.874581
0.0629854	0.391201	0.918147
0.51272	-0.250319	0.821254
-0.0855474	0.0789356	0.993202
0.0491077	-0.273686	0.960565
0.295306	0.080105	0.952038
-0.869238	-0.135317	0.475515
-0.458697	-0.043657	0.88752
0.820591	0.00745229	0.571467
0.0252047	0.148972	0.98852
-0.1141	-0.386325	0.915278
-0.535289	-0.734899	0.4164
0.51446	-0.0627458	0.855216
0.0988118	-0.894179	0.436669
0.172617	0.22573	0.958775
0.43493	0.0141717	0.900353
0.00921837	-0.337442	0.941301
-0.117135	0.303492	0.945607
-0.0684739	-0.474904	0.87737
-0.194273	0.04235	0.980033
-0.0134208	0.546426	0.8374
-0.455664	-0.329371	0.826973
0.477113	-0.333811	0.812978
0.844071	0.269251	0.463733
-0.266637	0.660719	0.70168
0.848135	0.00698548	0.529735
0.128602	-0.205691	0.97013
-0.209444	-0.426041	0.880126
0.156594	0.589739	0.792266
-0.0484865	-0.785372	0.617122
0.389231	0.545915	0.74194
0.1053	0.0176357	0.994284
-0.644254	0.239562	0.726324
-0.750448	0.0904288	0.654714
0.00854092	0.146585	0.989161
-0.0570674	0.453955	0.889195
0.344279	-0.0804794	0.935412
0.123172	-0.381649	0.916063
0.777821	-0.0628022	0.62534
-0.460182	-0.446819	0.767193
-0.405291	0.215571	0.888408
0.357573	0.00276889	0.933881
-0.218477	0.128885	0.967293
-0.0553505	-0.615088	0.786513
0.51539	0.0933358	0.851858
-0.0116018	-0.324195	0.945919
0.157767	-0.246689	0.956166
-0.868724	-0.242394	0.431931
0.582058	-0.157446	0.797759
0.0292763	-0.721145	0.692165
0.00231151	-0.22191	0.975064
0.617536	0.439808	0.652087
-0.437111	-0.535869	0.722342
-0.216296	0.253621	0.942811
-0.600967	0.432776	0.67197
-0.303683	0.366379	0.879513
0.00720843	0.442973	0.896506
0.0158084	-0.28623	0.95803
0.267333	-0.367579	0.890741
0.0235156	0.0177584	0.999566
0.388815	-0.155212	0.908148
0.529197	-0.0353087	0.847764
-0.514655	0.251408	0.81971
-0.14935	-0.454895	0.877933
-0.280423	-0.434192	0.856061
0.0286988	-0.0407872	0.998756
-0.304803	-0.462113	0.832794
-0.660527	0.260865	0.704027
-0.631843	-0.508909	0.584625
-0.339343	0.203591	0.918367
-0.443597	0.0480464	0.894937
-0.000884869	0.321312	0.946973
0.413245	-0.190438	0.890484
0.0193693	0.4363	0.899593
-0.337883	-0.278538	0.899028
0.101387	-0.37938	0.919669
0.224926	0.625101	0.747434
-0.765685	-0.165088	0.621669
-0.0166834	-0.306233	0.95181
-0.0843584	-0.208097	0.974464
0.448293	0.0311662	0.893343
-0.620055	0.197011	0.75942
0.128051	0.535271	0.834918
0.279299	-0.129744	0.951398
0.131707	-0.420235	0.897806
-0.174976	0.152751	0.972651
-0.0461776	0.100143	0.993901
0.310892	0.304119	0.900476
0.0486311	0.412359	0.909723
0.3734	-0.218782	0.901502
0.516696	0.340688	0.785466
0.216817	-0.232863	0.948032
-0.08572	0.25392	0.963419
-0.00941593	0.00979307	0.999908
-0.41578	0.0834571	0.905628
-0.0382345	-0.0961695	0.99463
-0.590771	-0.317546	0.741724
0.230654	0.170277	0.958021
0.226833	0.963987	0.138835
0.0725102	-0.0643527	0.995289
-0.430269	-0.0076646	0.902668
-0.417932	-0.520058	0.744898
-0.222338	-0.0628398	0.972943
-0.208081	0.39668	0.894062
0.382027	-0.109211	0.917675
0.495342	0.0831057	0.864714
0.505479	0.0205782	0.862594
0.0122766	-0.797256	0.603517
0.313965	-0.113197	0.942662
-0.675686	0.148652	0.722046
0.408312	-0.307149	0.859617
-0.109979	0.440261	0.891109
0.404431	0.221912	0.887238
-0.0137129	-0.197764	0.980154
0.163176	0.455704	0.875047
0.0980743	0.390199	0.915492
-0.27712	0.0834216	0.957207
0.00488491	0.256604	0.966504
-0.171907	0.616525	0.768339
-0.40324	0.573575	0.713028
0.101125	0.282373	0.95396
0.0852566	-0.571429	0.816211
0.459978	0.207185	0.86342
0.0290924	0.0512069	0.998264
0.180109	-0.198235	0.963464
-0.529921	0.420103	0.73668
0.0438891	0.0926069	0.994735
-0.481402	0.0504737	0.875046
0.240049	0.34895	0.905876
-0.120791	0.188483	0.97462
0.0439502	0.184597	0.981831
0.41185	0.146372	0.899419
0.732374	0.353692	0.581833
0.0545225	-0.0482107	0.997348
-0.288851	-0.27943	0.915688
-0.164198	0.623091	0.76472
0.0610406	0.00999653	0.998085
0.392517	0.155002	0.90659
-0.515516	0.418876	0.74752
-0.477162	0.788449	0.388155
0.585352	-0.0933922	0.805382
-0.34257	0.241792	0.907845
-0.118795	0.0123507	0.992842
-0.0746589	0.0603752	0.99538
0.139224	-0.325235	0.935328
0.63423	0.287736	0.717608
-0.390106	0.54058	0.74538
0.535546	0.0908568	0.839605
-0.0749116	0.522534	0.849321
-0.240513	-0.633018	0.735827
-0.40657	-0.278233	0.870223
0.400129	0.0323049	0.915889
0.692419	-0.0718809	0.717906
0.134995	0.287993	0.94807
0.7885	-0.350298	0.505528
0.0402864	0.342258	0.938742
0.143849	-0.117739	0.982571
-0.258301	0.580065	0.772531
-0.92292	-0.320634	0.213103
-0.165193	0.364833	0.916301
-0.128323	-0.0766817	0.988763
-0.131837	-0.541855	0.830068
0.338348	0.272261	0.900775
0.491812	-0.126672	0.861438
-0.312014	0.434673	0.844812
-0.325384	0.0257494	0.945231
0.0586991	-0.0838231	0.99475
0.123968	-0.454589	0.882032
-0.0516146	0.0682929	0.996329
-0.203747	-0.222543	0.953395
0.505496	-0.038127	0.861986
-0.250388	0.398842	0.882174
0.109004	0.236416	0.965518
0.505105	-0.388098	0.770875
-0.836641	-0.0399804	0.546291
-0.319308	0.419187	0.849897
-0.42259	0.539844	0.728001
0.115293	-0.00540961	0.993317
-0.209005	0.246918	0.946228
0.00883177	0.0760507	0.997065
-0.147764	0.275883	0.949765
0.0445286	-0.669843	0.741166
-0.131301	0.0233954	0.991066
0.770718	-0.0563867	0.634676
-0.0114722	0.165927	0.986071
0.199891	-0.0539019	0.978334
0.0960748	0.339509	0.935683
-0.33888	0.444855	0.829014
0.53838	-0.181829	0.822852
0.30596	-0.895937	0.322003
0.0965182	0.105625	0.989711
-0.144594	0.330667	0.932605
0.559898	-0.715438	0.417928
0.204862	-0.488882	0.847954
0.369259	-0.497778	0.784771
-0.544087	0.132931	0.828432
-0.0292003	-0.053597	0.998136
-0.260137	0.49254	0.830502
0.0963414	-0.182684	0.97844
0.57722	-0.0244122	0.816224
0.014286	-0.447704	0.894068
0.0277503	0.607888	0.793538
-0.146617	0.210986	0.966431
-0.222628	-0.0803815	0.971584
0.138766	-0.173509	0.975007
0.421075	-0.819869	0.387957
0.671888	0.10834	0.732686
0.119096	0.20039	0.972451
0.160704	0.233294	0.959035
-0.432713	0.252094	0.865568
0.243856	0.753159	0.610972
0.530653	0.195982	0.82462
0.468031	-0.83061	0.301719
0.106616	-0.249864	0.962393
-0.241769	0.127549	0.961914
0.413432	0.439201	0.797607
0.0472627	-0.0516938	0.997544
-0.356553	0.324849	0.875981
-0.0625665	-0.365061	0.928879
-0.0819769	-0.346284	0.934541
-0.636102	-0.0623399	0.769083
-0.443578	0.824122	0.352223
-0.0963297	-0.340082	0.935449
0.299663	0.14662	0.942711
0.495078	-0.0623075	0.866612
-0.640293	0.119503	0.758778
-0.283842	0.158994	0.945597
-0.413402	-0.439276	0.797581
0.460942	-0.0489276	0.88608
0.264442	0.125421	0.956211
-0.44872	0.0904623	0.889082
-0.0603953	0.030282	0.997715
-0.248262	0.323309	0.913147
0.512194	-0.33373	0.791379
0.123189	-0.289547	0.949203
-0.0994025	-0.582691	0.806592
0.136651	-0.186046	0.972992
0.145771	0.030946	0.988834
-0.200781	0.344735	0.916976
-0.42472	-0.424574	0.799593
0.31872	0.0936909	0.943207
-0.336558	-0.113323	0.934819
0.286054	0.493073	0.821616
0.358723	-0.189849	0.913934
0.313839	-0.00986271	0.949425
0.328449	-0.0795652	0.941165
0.20155	-0.485252	0.850828
-0.139387	-0.297708	0.944426
0.332403	-0.52694	0.782204
0.215542	0.0546525	0.974964
-0.527181	-0.432317	0.731562
0.441776	0.0487701	0.895799
-0.290535	0.241763	0.925819
-0.478403	-0.505349	0.718159
-0.0150103	0.213344	0.976862
0.651793	-0.678018	0.339791
-0.646763	0.404789	0.646408
-0.141578	-0.48423	0.86341
0.502514	-0.0921927	0.85964
-0.875954	0.190525	0.443176
0.230787	0.0919883	0.968646
0.579027	-0.188511	0.793216
-0.319504	0.215565	0.92274
-0.124685	0.434835	0.891836
0.282105	0.264547	0.922188
0.99573	0.0426079	0.0818927
0.157192	0.0556072	0.986001
-0.0761111	-0.510185	0.85669
0.521734	-0.0984123	0.847413
-0.328289	-0.235872	0.914653
-0.376946	-0.208726	0.902411
0.773237	0.0934294	0.627196
0.226315	0.431058	0.873482
-0.135047	-0.0955677	0.98622
-0.0347633	0.481977	0.875494
-0.0839331	0.231304	0.969254
-0.245684	-0.393195	0.886023
-0.624655	-0.462128	0.629479
-0.150235	-0.795891	0.586504
-0.520401	-0.3282	0.788332
0.319821	-0.220445	0.921476
-0.175901	-0.405748	0.896899
0.342979	-0.226956	0.911513
0.387638	-0.359009	0.849028
-0.356789	0.25438	0.898884
-0.051591	0.294784	0.95417
-0.00176152	-0.549015	0.83581
0.350507	-0.215691	0.911385
-0.00210793	-0.281333	0.959608
-0.518161	0.0831656	0.85123
-0.433223	-0.0751473	0.898149
-0.220098	-0.221793	0.949929
0.0290974	0.220551	0.974941
-0.31126	-0.171317	0.934756
-0.658753	-0.0684499	0.749239
0.332479	-0.039122	0.942299
-0.217402	-0.698487	0.681801
-0.544581	-0.226347	0.807588
0.653836	-0.306709	0.691685
-0.217352	0.133338	0.966943
-0.685733	0.0247821	0.727431
0.271251	0.0580171	0.960759
-0.59228	-0.0057309	0.805711
-0.548328	0.0168675	0.836093
0.544908	0.359377	0.757578
-0.143011	-0.115082	0.983008
0.286521	-0.240893	0.927295
0.347656	0.487933	0.80066
-0.251768	0.37555	0.89195
-0.688537	0.187914	0.700432
-0.0264432	0.046516	0.998567
0.174654	0.395954	0.901508
0.179915	-0.535366	0.825236
0.0122312	-0.103313	0.994574
-0.215349	-0.352755	0.910598
0.307307	-0.809993	0.499473
0.0180746	0.483998	0.874883
0.0264141	-0.279339	0.959829
-0.409307	-0.178445	0.894776
-0.332821	-0.91521	0.227203
-0.23815	0.479818	0.844429
0.208061	-0.0322945	0.977583
-0.243342	-0.216404	0.945491
0.0625798	-0.123862	0.990324
0.0733538	-0.231896	0.969971
0.0150434	-0.778081	0.627984
0.0585157	-0.0807812	0.995013
-0.0810518	0.995901	0.0401493
0.772336	0.261588	0.578851
-0.213884	-0.179903	0.96015
-0.132826	0.0776338	0.988094
0.740848	0.267254	0.616214
-0.0634321	0.287688	0.955621
0.195274	-0.0987758	0.975762
0.292027	0.507656	0.810559
-0.336314	0.131046	0.932588
0.861084	-0.166062	0.480581
0.861613	-0.171885	0.477575
0.343394	0.563026	0.751719
-0.629242	-0.257753	0.733224
-0.969192	-0.212646	0.12429
-0.440233	-0.640603	0.629144
0.489239	0.0788347	0.868579
-0.164281	-0.0557447	0.984837
0.289183	-0.674386	0.679394
-0.0533251	0.28512	0.957007
0.32115	0.56345	0.761175
-0.725824	0.233303	0.647108
0.592708	0.148158	0.791673
-0.785056	0.100886	0.611153
-0.0787985	0.108466	0.990972
-0.869293	-0.242855	0.430524
0.26619	0.2633	0.927263
-0.294179	0.254775	0.921167
-0.0741856	0.019114	0.997061
-0.687574	0.208919	0.69541
-0.119186	-0.639711	0.759319
0.396151	0.019803	0.917972
-0.00129795	-0.298302	0.954471
0.183954	0.0334608	0.982365
-0.193725	-0.164972	0.967086
0.064334	-0.0692469	0.995523
-0.198586	0.690319	0.695717
-0.655022	-0.650667	-0.384159
-0.610816	-0.504524	0.610213
0.237855	0.333457	0.912267
0.916179	-0.240511	0.320579
-0.240149	0.68785	0.684975
-0.452978	-0.822819	0.343192
-0.4198	0.392813	0.818209
-0.679355	0.254199	0.688375
0.575356	-0.565832	0.590593
-0.467529	-0.0577873	0.882087
0.995017	0.0818505	-0.0569385
0.0691368	0.711575	0.6992
0.0678193	-0.285034	0.956115
-0.564275	0.624223	0.540314
0.0472719	-0.631826	0.773668
0.900206	0.0624148	0.430968
-0.254437	-0.184236	0.949378
-0.395409	0.411403	0.821218
0.0782873	0.451721	0.888718
0.21409	0.957788	0.191852
-0.156728	0.987563	-0.0124545
-0.27317	0.771543	0.574543
0.648101	0.314982	0.693363
0.648405	-0.305892	0.697138
0.728903	0.200901	0.654476
-0.0698488	0.167671	0.983365
-0.649519	-0.0776775	0.756367
0.17581	-0.567282	0.804538
-0.243322	-0.939502	0.241102
0.0325743	0.0765138	0.996536
-0.647246	0.0535797	0.760396
0.124152	0.987889	0.0930626
-0.307831	-0.0154285	0.951316
0.296159	0.427533	0.854111
-0.357119	0.419214	0.834701
0.433998	-0.575767	0.69292
0.581798	0.510351	0.633288
-0.0235866	0.690386	0.723057
-0.224933	0.391963	0.89206
0.170693	-0.784235	0.596522
0.340732	0.302368	0.890211
0.822206	0.476324	0.311599
0.14293	-0.29279	0.945434
-0.468097	-0.190622	0.862872
0.745719	0.230201	0.625228
-0.630662	0.333925	0.700542
0.314007	0.368296	0.875076
-0.475723	-0.522708	0.707435
-0.0579958	-0.739104	0.67109
-0.082212	-0.375551	0.923148
-0.036485	0.321187	0.946313
-0.431316	-0.465058	0.773103
0.19233	-0.95908	0.207786
0.0619185	0.938601	0.339402
-0.245095	-0.18331	0.952012
0.023494	0.470415	0.882133
0.970983	-0.118536	0.207705
0.244582	-0.537911	0.806741
0.483104	0.472611	0.737055
0.139112	0.168455	0.975844
-0.393231	0.440323	0.807146
0.456685	0.108748	0.882957
0.729291	0.67294	0.123635
0.687466	0.660596	0.301669
0.833289	-0.307125	0.459678
-0.329421	0.818402	0.470851
0.724394	-0.439951	0.53075
-0.525072	0.310125	0.792542
0.107514	-0.358728	0.92723
0.0842399	0.346175	0.93438
0.300948	-0.444479	0.843723
0.569061	-0.538606	0.621348
-0.375281	0.92305	-0.0845089
-0.4117	0.0876421	0.907095
0.575312	-0.107995	0.810774
-0.581154	-0.174964	0.794763
0.530565	-0.335891	0.778253
0.208844	0.0141933	0.977846
0.524635	-0.218856	0.822715
0.401384	-0.0837758	0.912071
0.135856	-0.491966	0.859949
-0.413728	-0.225542	0.88202
-0.324642	0.373714	0.868876
-0.73686	0.647222	0.195296
0.280189	-0.567483	0.774246
-0.2214	0.877153	0.426127
0.716986	0.0969636	0.690311
0.908543	-0.0279089	0.416857
-0.253821	0.688366	0.679505
-0.299973	-0.1387	0.943811
-0.298615	-0.460303	0.836032
-0.732762	0.308918	0.606324
-0.00927246	-0.0896716	0.995928
0.28048	0.162056	0.946081
0.426009	-0.773418	0.469406
-0.863775	0.360312	0.352232
-0.532662	-0.283162	0.797553
-0.262226	0.198118	0.944451
0.853451	0.229285	-0.468028
0.00294239	0.312202	0.950011
0.783211	0.306188	0.541138
-0.270266	-0.494119	0.826319
-0.925783	-0.13696	0.352374
0.847669	0.359902	0.389779
-0.480615	0.0123595	0.876845
0.200577	-0.770299	0.605316
0.0872726	-0.351239	0.932209
-0.596864	0.64261	0.480422
-0.239762	-0.0852126	0.967085
0.0174734	0.183293	0.982903
-0.509556	-0.552818	0.659352
-0.516291	0.397285	0.758689
0.200675	0.775928	0.598052
0.657912	0.196204	0.727087
-0.293712	0.61177	0.734487
-0.507443	-0.64557	0.570738
-0.384333	0.625159	0.679312
-0.686675	0.448027	0.572494
-0.762188	0.184617	0.620473
0.539376	0.188702	0.820649
-0.385363	-0.817551	0.427908
0.652787	0.474544	0.590489
0.449065	0.207873	0.868982
-0.424822	0.529705	0.734124
0.0435832	-0.154387	0.987049
-0.198395	0.752569	0.627916
0.176684	-0.113374	0.977716
0.442552	-0.571184	0.691301
-0.319884	0.46807	0.823762
-0.132303	-0.245147	0.960416
0.246176	0.506284	0.826483
0.0420371	0.447094	0.893499
-0.369408	0.405525	0.836114
0.119287	0.638621	0.760219
-0.0299921	-0.0957032	0.994958
0.133695	0.427537	0.894057
0.651599	-0.754572	-0.0777174
0.763514	-0.138543	0.630755
0.243229	0.540651	0.805318
-0.447845	0.518473	0.728437
0.067904	0.657793	0.750132
0.21564	-0.574647	0.789481
0.215206	-0.363847	0.906257
0.825691	0.539365	0.165287
-0.173425	0.169851	0.97009
0.066776	-0.456664	0.88713
-0.707958	-0.324917	0.627076
0.847613	0.216573	0.484404
-0.708566	-0.705499	-0.0143456
-0.125086	0.0759006	0.989238
-0.205605	0.521224	0.828283
-0.653294	-0.133556	0.745231
0.221509	-0.421355	0.879428
-0.944649	0.304989	0.120912
0.720667	0.328679	0.610417
-0.114824	-0.181657	0.976635
-0.575485	0.180644	0.797612
0.556201	0.32409	0.765249
0.110269	0.336555	0.935185
-0.21103	0.0346183	0.976866
0.404249	0.551064	0.730008
-0.209138	-0.0726848	0.975181
0.322351	-0.715466	0.619838
0.763898	-0.615291	0.194621
0.200212	-0.0510468	0.978422
0.920218	0.371759	-0.122451
-0.527855	0.115296	0.841472
0.57191	0.117167	0.811906
-0.387676	-0.189174	0.902175
0.846593	0.324639	0.42177
0.695595	0.462916	0.549414
0.306654	-0.0329238	0.951251
-0.308852	-0.294695	0.904304
0.344247	-0.916457	0.203962
0.181072	-0.547324	0.817098
-0.597906	0.656612	0.45975
-0.203882	-0.229256	0.951774
-0.223562	0.405053	0.88654
0.814426	0.310652	0.490107
-0.146871	-0.488644	0.860033
0.802321	-0.306149	0.5124
-0.158445	0.343875	0.925551
0.126071	-0.00713668	0.991996
0.0357848	0.186484	0.981806
-0.58734	0.475496	0.654931
0.0714747	-0.118601	0.990366
-0.0418118	-0.0135623	0.999033
0.48069	0.0340433	0.87623
-0.380722	-0.747397	0.544471
0.171162	0.245484	0.95417
0.158036	-0.869428	0.468101
-0.537396	-0.310937	0.783916
-0.176258	0.120951	0.976885
-0.231343	-0.15196	0.960931
0.281187	-0.0673338	0.957288
-0.192279	0.531873	0.824706
0.988672	0.0559359	0.13928
0.0219733	0.372357	0.927829
0.349891	-0.440849	0.826576
0.14271	0.344108	0.928021
-0.167327	-0.245947	0.954731
-0.148169	0.474579	0.867652
0.286846	-0.496649	0.819182
-0.466237	-0.602421	0.647852
-0.411689	-0.469063	0.78134
0.271018	0.604946	0.748725
0.0383151	-0.408275	0.912055
0.937143	0.346063	0.0447638
0.797272	0.150642	0.584521
-0.0546726	-0.119559	0.991321
-0.779976	-0.390041	0.489392
0.601604	0.410158	0.685451
-0.760951	0.144736	0.63246
0.570349	-0.11844	0.812819
-0.779704	-0.39603	0.484997
-0.527496	-0.667812	0.525144
0.487309	-0.654447	0.578125
-0.901924	-0.42023	0.0997006
-0.0659762	-0.756775	0.650337
-0.410105	-0.13216	0.902412
0.847743	-0.0321796	0.52943
-0.0989468	0.497526	0.861787
-0.839149	-0.541728	-0.0485714
0.191399	0.359196	0.913425
0.162172	0.268743	0.949462
-0.653119	0.0676688	0.754225
-0.365614	-0.600913	0.710795
-0.271893	0.150964	0.950413
-0.208722	0.591684	0.778681
-0.367918	-0.444425	0.816776
-0.212204	0.682367	0.699532
0.226794	-0.178973	0.957357
0.303441	0.555573	0.77412
-0.317791	0.17382	0.932092
-0.0139275	-0.00572586	0.999887
-0.0585652	0.166973	0.984221
-0.557283	0.303308	0.772943
-0.463648	-0.778641	0.422787
-0.0658457	-0.25484	0.964739
0.254111	-0.419901	0.87127
0.00539796	-0.761991	0.647565
-0.492593	-0.409543	0.767872
0.362761	-0.302063	0.881568
0.618842	0.30345	0.724537
0.54416	-0.533897	0.647181
0.0569284	0.413359	0.908787
-0.858931	0.443611	0.255827
0.154385	0.569404	0.807431
0.677904	-0.611937	0.407405
0.537533	-0.564236	0.626654
0.07325	0.0195377	0.997122
-0.668626	-0.215635	0.711647
0.200837	-0.115595	0.972781
-0.0529546	-0.243502	0.968454
-0.803696	0.545413	0.237903
0.225512	0.262563	0.938193
-0.0833329	0.460059	0.883969
-0.374412	0.0655681	0.924941
-0.908592	0.364745	-0.203522
0.450536	0.58165	0.677274
0.00520461	0.24351	0.969884
0.440321	-0.666629	0.601434
0.248678	0.605763	0.755785
-0.485229	0.704516	0.51789
-0.868111	0.387269	0.310491
-0.433147	0.156498	0.887633
0.577417	0.167722	0.799036
-0.0273106	0.0650901	0.997506
-0.435804	-0.109843	0.893314
-0.605984	-0.0290822	0.794945
0.127366	-0.259212	0.957385
-0.231685	0.673698	0.701751
0.923055	-0.121623	0.364934
0.202916	0.00624261	0.979176
0.483905	-0.307544	0.8193
-0.00310816	-0.927796	0.373075
-0.713136	0.0145688	0.700874
-0.565913	0.115224	0.816374
-0.0106017	0.422983	0.906076
0.101792	-0.558812	0.823023
0.573585	0.288413	0.766693
-0.61312	-0.235819	0.753972
-0.208631	0.369217	0.905622
-0.128737	-0.905308	0.404777
0.0459546	0.0936998	0.994539
0.632373	-0.43501	0.640992
0.673086	-0.304134	0.674135
-0.433343	0.182542	0.882549
-0.369427	0.548316	0.750249
0.101902	0.577881	0.809734
0.101279	-0.713264	0.69354
-0.380853	0.455789	0.804492
-0.242557	-0.156254	0.957471
0.743897	-0.453923	0.49048
-0.012121	-0.120509	0.992638
0.139861	0.906678	0.397962
0.423094	-0.476825	0.770474
-0.420488	-0.453193	0.786006
-0.0252834	-0.809244	0.586929
0.0941699	-0.229947	0.968636
-0.267437	-0.325587	0.906902
-0.155915	0.0807559	0.984464
0.226422	0.578877	0.783348
-0.299412	-0.319769	0.898944
-0.638084	-0.665804	0.386722
0.363198	0.0976884	0.926577
-0.374699	-0.521964	0.76626
0.576037	-0.286091	0.765724
0.32798	0.854711	0.402365
0.661555	-0.380828	0.646
-0.411423	0.0273202	0.911035
-0.275665	0.371124	0.886722
-0.082516	-0.93363	0.348607
-0.627739	0.364836	0.687633
0.531834	-0.124614	0.83763
0.0369432	-0.524101	0.850854
0.757333	0.0790082	0.648232
0.169821	0.41604	0.893349
-0.17972	0.106354	0.977952
-0.758433	0.21011	0.616955
0.115068	-0.427623	0.896603
0.352391	0.179155	0.918545
0.114399	-0.0388143	0.992676
-0.559015	0.665263	0.494902
-0.351588	0.383904	0.853817
-0.802791	-0.23544	0.54781
0.263309	-0.0481407	0.96351
0.868782	0.468259	-0.161097
0.265411	-0.0895093	0.959971
0.423599	0.18151	0.887479
-0.140271	0.0728539	0.987429
-0.4218	0.789441	0.445945
0.364497	-0.65086	0.665975
0.665149	0.013165	0.746594
0.876744	0.086255	0.47316
0.752444	-0.3799	0.538056
-0.787743	0.261345	0.557817
0.513023	-0.314778	0.798575
-0.099403	-0.0370388	0.994358
0.673136	-0.312009	0.670476
-0.219677	-0.0945357	0.970981
0.164082	-0.404658	0.899627
0.0924392	0.15133	0.984152
-0.276536	-0.898496	0.34093
-0.403205	-0.644962	0.649192
0.131005	-0.0123612	0.991305
0.236665	-0.853481	0.464285
-0.0906145	0.344477	0.934411
0.116797	-0.786353	0.606636
0.119121	-0.103333	0.987488
0.354497	0.552106	0.75466
-0.323749	-0.0997375	0.940871
0.375859	0.516085	0.769666
-0.0937661	0.243155	0.965445
-0.271721	-0.169813	0.947276
0.9121	0.268309	0.309975
