3400
0.230387	-0.187247	0.954914
-0.0225969	-0.269391	0.962766
-0.357323	0.3085	0.88156
0.789648	0.481866	-0.379816
0.0561049	0.014378	0.998321
-0.488675	-0.0634299	0.870157
-0.282512	0.468341	0.837164
-0.296456	-0.138827	0.944902
0.608422	-0.40961	0.679737
0.0895045	-0.17216	0.980994
0.737121	0.102943	0.667874
0.303993	0.60614	0.734971
-0.64177	0.414412	0.645286
-0.296854	-0.829566	0.472967
-0.103385	-0.777337	0.620531
-0.151757	0.387542	0.909275
-0.163881	-0.0804445	0.983195
0.962217	-0.145152	0.230368
-0.174482	-0.106002	0.978938
-0.201175	-0.215138	0.955638
0.28189	0.223179	0.933129
-0.336604	-0.066053	0.939327
0.168773	0.602636	0.779965
-0.161671	0.334907	0.928278
-0.0849252	-0.325986	0.941552
0.0705079	-0.451601	0.88943
0.540539	-0.373848	0.753695
-0.576386	0.350988	0.737961
-0.138475	-0.197198	0.970535
0.287621	0.422266	0.859631
0.658379	0.407298	0.632966
0.397154	-0.467082	0.790002
0.251035	-0.351744	0.901808
0.294008	-0.189459	0.936837
-0.163348	-0.707052	0.688037
-0.169756	0.450247	0.876619
-0.134041	0.470217	0.872313
-0.258245	-0.338049	0.905004
0.645108	0.00749157	0.764054
0.729189	-0.267774	0.629746
0.141869	0.213249	0.966643
0.635062	-0.69367	0.339879
0.860296	-0.0817427	0.503199
-0.00369136	0.389151	0.921167
0.449066	-0.481815	0.752458
-0.0151489	0.114688	0.993286
-0.432047	-0.566288	0.701893
-0.47259	0.477866	0.740474
-0.264874	-0.516046	0.814578
0.57166	0.656474	0.492186
0.602202	0.437171	0.668007
0.170078	-0.217414	0.961148
0.0863871	0.0233741	0.995987
0.140843	-0.0468628	0.988922
-0.109482	0.0634238	0.991963
-0.278073	-0.392768	0.876589
0.347016	-0.143215	0.92686
0.0453577	-0.00742163	0.998943
0.467804	0.00178139	0.883831
-0.418084	0.339398	0.842624
-0.393459	0.277289	0.876528
-0.241372	0.42681	0.871535
0.699414	-0.101658	0.70745
0.479158	-0.34918	0.805283
-0.468379	-0.229894	0.853094
0.200191	0.794412	0.573439
0.858757	-0.219749	0.462868
-0.00812677	-0.37141	0.928433
0.809292	-0.40499	0.425477
0.513804	-0.128087	0.848292
0.556907	-0.377732	0.739712
0.153315	0.170549	0.973349
0.167321	0.160406	0.972766
0.895058	-0.0753175	0.439543
0.432127	0.0214275	0.901558
0.246867	-0.701141	0.668923
-0.0144154	-0.0405793	0.999072
0.439741	0.824587	0.355928
0.807158	0.17081	0.565084
0.630059	0.309237	0.712319
0.0374497	-0.0322631	0.998778
0.125029	-0.114441	0.985531
0.358749	-0.119169	0.925796
-0.151718	-0.224359	0.962624
-0.39622	-0.3765	0.837411
-0.0722087	0.910297	0.407609
0.796457	-0.251923	0.54972
-0.29486	0.272377	0.915898
-0.45993	-0.517404	0.721635
-0.0673268	-0.591252	0.803671
-0.497727	0.304151	0.812256
0.634928	0.0176428	0.77237
-0.274586	0.436619	0.856718
0.211786	-0.285	0.934838
0.818038	0.249114	0.518417
0.223056	-0.101889	0.969466
0.126281	-0.630807	0.765595
0.959099	-0.247451	0.137464
0.500661	-0.63579	0.58746
-0.164511	0.132889	0.977383
0.281848	-0.099318	0.954305
0.69788	-0.473788	0.537111
0.490486	-0.590239	0.641125
-0.495951	-0.067679	0.865709
0.745019	-0.430509	0.509519
0.792023	-0.189516	0.58033
0.242622	0.568754	0.785909
-0.248709	0.0999709	0.963405
-0.309298	0.0233146	0.950679
-0.280152	0.423906	0.861289
-0.899102	0.0638759	0.433054
0.274605	-0.838379	0.470864
0.443471	-0.712979	0.543134
-0.586239	0.58309	0.562432
0.828994	0.00673963	0.559217
0.129227	-0.46096	0.877961
-0.766748	0.0272495	0.641369
-0.406799	-0.282951	0.868593
0.529843	-0.244426	0.81211
0.543008	0.405289	0.735448
-0.322067	-0.201006	0.925132
-0.225955	0.379093	0.897347
-0.118656	-0.499327	0.85825
0.459544	0.530549	0.712276
0.255608	0.11335	0.960113
-0.238651	-0.244303	0.939873
0.476368	-0.47761	0.738215
-0.254884	-0.0122551	0.966894
-0.0523959	0.488615	0.870925
-0.562385	-0.319344	0.762721
-0.145409	-0.692529	0.706584
-0.113358	-0.265941	0.957301
0.103721	-0.0780029	0.991543
0.45048	-0.292604	0.843476
0.0416086	-0.444572	0.894776
-0.192421	0.310839	0.930781
0.680552	-0.0964465	0.726325
0.317184	-0.424037	0.848285
0.196457	-0.378654	0.904448
0.31219	-0.71384	0.626873
-0.145156	0.380662	0.91325
-0.0728427	-0.717815	0.692413
-0.323803	0.140446	0.935642
-0.49613	0.800967	0.335123
0.0158314	0.0624161	0.997925
-0.947903	-0.300248	-0.10645
-0.446462	0.778186	0.4417
-0.114724	0.0971799	0.988633
-0.0295412	-0.952779	0.302223
-0.22887	-0.851873	0.471095
0.565785	0.0232895	0.824224
-0.330082	-0.51467	0.791304
-0.823073	-0.315296	0.472376
0.285019	-0.936541	0.204096
-0.603233	-0.274209	0.748946
-0.0389552	-0.270965	0.961801
0.166119	-0.00489456	0.986094
0.382581	-0.556247	0.737713
-0.314387	-0.0592883	0.947442
-0.0126701	-0.801791	-0.597471
-0.0612103	-0.961253	0.268786
0.00543782	-0.844185	0.536024
0.550959	-0.159051	0.819236
-0.763061	-0.226499	0.605339
0.0973073	-0.0744873	0.992463
0.102575	-0.223544	0.969281
0.748621	-0.464275	0.473303
0.568933	-0.293634	0.768176
-0.113424	-0.256388	0.959896
0.472648	0.133128	0.871138
-0.0455407	0.419602	0.906565
0.0184135	0.658853	0.752046
-0.121173	-0.156713	0.980183
-0.236848	0.880468	0.410706
0.8214	0.245498	0.514814
0.446339	-0.00809769	0.894827
0.345658	0.0226917	0.938086
0.659765	-0.405861	0.632446
-0.097496	-0.147371	0.984264
0.087603	-0.342879	0.935286
0.104889	-0.249827	0.962593
0.00802734	-0.0205531	0.999757
-0.499262	0.492019	0.7132
-0.0516281	0.694264	0.717866
-0.168388	-0.73822	0.653205
-0.457053	-0.524419	0.718392
-0.213362	-0.573162	0.791177
0.0865928	-0.285487	0.954463
0.386098	0.229094	0.893557
-0.214297	-0.350309	0.91179
-0.0256675	0.35784	0.93343
-0.111314	-0.0254989	0.993458
0.136737	-0.337285	0.931419
0.674718	-0.376044	0.635096
-0.658685	-0.648729	0.381163
0.091086	0.674364	0.732759
0.877122	0.0593762	0.476582
0.847205	-0.0594936	0.527924
0.30525	-0.157944	0.939083
0.16689	0.0460108	0.984901
0.130384	-0.479541	0.867779
-0.560506	-0.732112	0.387098
-0.172892	0.250542	0.952542
0.489742	-0.467103	0.736185
0.250812	-0.275379	0.928041
0.137686	-0.903728	0.405361
-0.0312269	-0.0718388	0.996927
-0.375475	-0.557487	0.740423
-0.0296572	0.992546	0.118204
0.322293	0.1494	0.934776
-0.469861	0.00275658	0.882736
0.0629453	-0.193448	0.979089
-0.335194	-0.913764	0.229523
0.103196	0.109874	0.988574
-0.211816	-0.384951	0.898302
0.278229	-0.451758	0.847646
0.809412	-0.250689	0.531044
-0.207284	-0.404937	0.890539
0.18408	-0.804161	0.56519
-0.265439	-0.677409	0.686046
-0.310714	0.138395	0.940374
0.707595	-0.236452	0.665882
-0.740804	-0.668248	0.0682246
-0.147549	-0.479775	0.864896
0.867116	0.124732	0.482237
0.46388	0.285399	0.838668
-0.255701	-0.327284	0.909672
-0.510041	-0.0868401	0.855755
-0.415916	-0.533755	0.736288
-0.929801	0.350398	0.112655
-0.259838	-0.257213	0.930766
0.167773	-0.0916119	0.98156
-0.174383	0.744308	0.644668
0.648782	0.154997	0.745022
-0.418617	-0.280704	0.863692
-0.0192654	-0.126672	0.991758
-0.296966	0.0241596	0.954582
0.332407	0.0853114	0.93927
0.0505291	-0.28718	0.956543
-0.142238	-0.378364	0.914663
0.176036	0.857916	0.482693
-0.078434	0.278087	0.957348
0.154247	0.405263	0.901093
-0.203398	0.205517	0.957284
-0.150126	0.523981	0.838395
0.475499	-0.602132	0.641357
0.55566	-0.352998	0.752751
0.53069	0.205635	0.822242
0.364743	-0.293128	0.883764
-0.920054	0.366331	0.138932
0.726003	-0.595538	0.34388
0.112527	-0.695298	0.709858
-0.356945	0.52111	0.775264
-0.276114	-0.21954	0.935715
0.976809	-0.112409	0.18223
-0.0133205	-0.416643	0.908973
-0.461965	0.341446	0.818537
0.0481004	0.250757	0.966854
0.160728	0.225224	0.960958
0.685724	-0.0056144	0.72784
0.0519547	0.139559	0.98885
0.25978	-0.444224	0.857426
-0.051054	-0.756902	0.651531
-0.65777	-0.0748395	0.749491
-0.645136	-0.2183	0.732219
-0.114948	0.899469	0.421596
-0.421784	-0.641124	0.641138
0.435618	-0.672144	0.598715
-0.252337	-0.682716	0.685729
0.0797251	-0.935239	0.344923
0.30781	-0.657665	0.687553
-0.382576	-0.210088	0.899721
0.392756	0.376918	0.838854
-0.324429	0.69712	0.639351
-0.316578	-0.661087	0.680252
-0.519697	0.0628171	0.852038
-0.124554	-0.57234	0.810502
0.0999141	-0.902981	0.417903
-0.0269035	-0.92077	0.389177
-0.445218	0.634667	0.631647
0.290589	-0.366988	0.883673
-0.28654	-0.859319	0.423634
-0.285454	-0.594715	0.751552
0.172668	-0.0993147	0.97996
0.107574	-0.276825	0.95488
0.166094	-0.532384	0.830048
0.792402	-0.102484	0.601329
0.498877	0.497935	0.709354
-0.296482	0.627327	0.72011
-0.600658	-0.42983	0.674133
-0.494172	-0.157035	0.855064
0.217498	0.000110692	0.976061
-0.544946	0.0444244	0.837294
0.560179	-0.43411	0.705513
0.0780584	0.288004	0.954442
0.889692	0.0182168	0.456198
-0.394954	0.0117367	0.918626
-0.745733	0.348136	0.568053
0.485923	0.180455	0.85517
-0.347121	0.260956	0.900782
-0.902149	0.258547	0.345369
-0.366437	-0.456144	0.810961
-0.360093	0.149984	0.920781
0.155488	-0.363002	0.918724
0.30918	-0.558984	0.76938
-0.590168	-0.107131	0.80014
0.366788	0.16979	0.914679
-0.300823	0.277684	0.912358
-0.417762	-0.405844	0.812875
0.294983	-0.260014	0.919444
-0.160829	-0.237517	0.957977
0.15473	0.147949	0.976816
-0.179464	0.251229	0.951145
0.237028	-0.762767	0.601668
0.507636	-0.200513	0.837915
-0.69966	-0.032012	0.713758
-0.133138	0.265766	0.9548
-0.0889812	-0.396098	0.913887
0.455405	-0.80085	0.388903
-0.859952	0.263187	0.437282
0.27207	0.0137631	0.962179
-0.307696	-0.103117	0.945881
-0.2681	0.0425957	0.962449
-0.136788	-0.457654	0.878545
0.216731	-0.317916	0.923015
-0.0442479	-0.83392	0.550109
-0.85836	-0.145107	0.492099
0.494733	-0.194036	0.847106
0.0858955	-0.0486823	0.995114
0.726056	0.478822	0.493531
0.874614	0.129096	0.467316
-0.689672	-0.106047	0.716315
-0.715977	-0.276531	0.641021
0.114582	-0.526856	0.842195
0.475432	0.512355	0.715162
0.448878	0.475345	0.756674
0.00547749	-0.709872	0.704309
0.0112629	0.00670695	0.999914
-0.380566	-0.146839	0.913021
-0.508763	-0.241423	0.826362
0.466249	-0.433201	0.77133
-0.459471	-0.0127759	0.888101
0.572109	0.208045	0.793353
0.419582	-0.36096	0.832862
-0.41078	0.151496	0.89906
-0.444321	-0.478442	0.757412
0.214059	0.342453	0.914825
0.354609	-0.840919	0.408788
0.768423	-0.227735	0.59805
0.87164	-0.443619	0.208436
0.227267	-0.186565	0.955795
-0.659743	0.51686	0.545522
-0.291931	0.688155	0.664244
0.724574	-0.00618309	0.689169
0.0535334	0.462067	0.885228
-0.422144	0.0335833	0.905906
0.315132	0.052145	0.947614
0.993348	0.108901	0.037433
-0.605232	0.360862	0.709558
-0.243858	0.774035	0.584297
-0.159243	-0.153331	0.97526
-0.0635536	-0.0186436	0.997804
-0.658804	-0.175623	0.731528
0.524812	0.467382	0.711425
0.0989471	0.369368	0.924
-0.160959	-0.360786	0.918654
0.084801	0.0282169	0.995998
0.0895366	0.653871	0.75129
0.0745566	0.383924	0.92035
0.101353	0.508268	0.855214
0.474735	0.381791	0.793008
0.33238	-0.0597221	0.941253
0.280246	0.483515	0.829262
0.0221185	-0.707117	0.706751
-0.306933	0.236687	0.921831
0.00597544	0.471962	0.881599
-0.0884265	-0.451918	0.887666
0.370644	0.421405	0.827672
-0.302141	-0.535094	0.788914
0.142774	0.586537	0.797239
0.276749	-0.024589	0.960628
-0.124468	-0.259622	0.957655
0.335573	-0.752849	0.566223
0.413352	-0.321201	0.852039
0.672603	-0.0999668	0.73322
0.780093	-0.118496	0.61434
-0.296199	-0.416436	0.859562
0.167406	-0.792874	0.58594
0.29082	0.0168649	0.956629
0.346939	-0.575736	0.740379
-0.162841	-0.39248	0.905231
0.256325	0.0185689	0.966412
0.547684	0.14941	0.823237
-0.0335091	-0.551451	0.833534
0.470015	-0.160881	0.867873
0.218649	0.345341	0.912651
0.582177	0.324912	0.74532
0.0272112	0.0808719	0.996353
0.261101	0.0825194	0.961778
-0.0186368	0.781389	0.623766
-0.0194757	-0.0660941	0.997623
-0.475741	-0.681504	0.556079
0.202395	-0.156668	0.966691
-0.426044	-0.5268	0.735505
0.601741	-0.366613	0.709579
0.406325	-0.194586	0.892769
0.0667334	-0.235457	0.969591
-0.521393	-0.831832	0.190274
-0.615244	0.703109	0.356529
0.218067	0.0808308	0.972581
-0.412796	-0.179592	0.892942
0.347352	-0.047113	0.93655
0.0748265	-0.0991339	0.992257
0.599247	0.317929	0.734727
0.120228	-0.200361	0.972317
-0.448146	0.549784	0.704913
-0.0393177	0.26021	0.964751
-0.24176	0.369555	0.897208
-0.440185	-0.649577	0.619909
0.0599644	-0.915614	0.397561
0.864711	-0.0807117	0.495743
0.424603	0.249403	0.870351
0.618772	0.336122	0.710031
-0.0705753	0.225897	0.971591
0.098272	0.230378	0.968126
0.864038	0.433406	0.25612
0.360085	-0.452285	0.815952
-0.169888	-0.71881	0.674129
0.528102	-0.0503055	0.84769
0.675346	-0.185568	0.713773
-0.805965	-0.0165849	0.591731
0.12578	0.0422594	0.991158
0.614074	0.276693	0.739158
0.0954238	-0.0761377	0.992521
0.348519	0.463145	0.814881
-0.551692	-0.415162	0.723379
0.330982	-0.617435	0.7136
-0.31291	-0.324307	0.892699
-0.399507	-0.706819	0.583781
0.678507	0.359193	0.640788
0.222032	-0.50635	0.833253
0.454925	0.243563	0.856575
-0.356699	-0.246903	0.901002
0.0920809	-0.0244053	0.995452
0.390664	-0.884729	0.254238
-0.473548	-0.367171	0.800586
0.281978	-0.126741	0.951013
0.469443	0.00318383	0.882957
0.185032	0.185095	0.965144
0.493501	-0.434157	0.753634
0.762269	0.0318333	0.646477
0.234157	-0.882351	0.4082
0.289234	-0.327542	0.899478
-0.698661	-0.580576	0.418095
-0.0348091	0.450807	0.891943
0.367939	0.470408	0.802083
-0.0582421	-0.424712	0.903453
-0.27134	-0.736491	0.619641
0.609086	-0.258432	0.749818
0.204414	-0.842471	0.498456
0.186974	-0.244056	0.951566
0.232028	0.156107	0.960101
-0.402142	0.173722	0.898945
-0.0570709	-0.765291	0.641149
-0.121559	-0.499373	0.857817
-0.335821	-0.246937	0.908981
0.563189	-0.77376	0.290022
-0.299287	0.472397	0.829016
0.294204	-0.335214	0.895028
0.626386	-0.537058	0.564986
-0.423736	-0.283368	0.86032
-0.0781079	0.0396827	0.996155
-0.543726	-0.21494	0.811273
0.455829	-0.211821	0.864495
0.524978	-0.0845683	0.846904
-0.0885748	0.182655	0.979179
0.687575	-0.359107	0.631097
-0.178368	0.270179	0.946144
-0.175925	0.077552	0.981344
-0.124668	-0.0923233	0.987894
-0.627731	0.701268	0.337901
0.88459	0.059821	0.462518
-0.0285095	0.141678	0.989502
0.478129	-0.587173	0.653162
-0.0784952	-0.374191	0.924024
-0.0844653	0.273191	0.958244
-0.107329	-0.169733	0.979628
0.669704	-0.243428	0.701598
0.124462	0.328752	0.936179
0.302793	0.0677784	0.950643
0.00984325	-0.620805	0.783903
0.181718	0.0266886	0.982988
0.531032	0.0787047	0.843689
0.21841	0.342794	0.913668
-0.0158361	0.369878	0.928945
0.271671	-0.178646	0.945664
0.36383	-0.35517	0.861094
-0.264476	-0.727892	0.632634
0.334224	-0.458414	0.823499
0.146988	0.141009	0.979036
-0.579306	-0.273927	0.767704
0.429534	0.256769	0.865777
-0.166735	-0.571737	0.803315
-0.00412603	0.406841	0.91349
-0.660297	-0.530194	0.531885
0.339895	-0.0152682	0.94034
0.323104	-0.505235	0.800214
-0.613106	0.39116	0.686364
0.694629	-0.298233	0.654636
-0.203074	-0.135097	0.969799
-0.300914	-0.346726	0.888387
0.307946	0.0332609	0.950822
0.176872	0.595921	0.783323
-0.220535	-0.0266169	0.975016
-0.152798	0.653838	0.741046
0.124596	-0.668492	0.733208
0.385213	-0.0665219	0.920427
-0.567315	0.0691283	0.820594
-0.189909	0.054759	0.980273
-0.574266	0.102333	0.812248
-0.220904	0.10545	0.969578
-0.587427	-0.345677	0.731736
0.463468	0.102544	0.88016
-0.0577435	-0.223481	0.972996
-0.294429	-0.235611	0.926174
-0.208884	-0.77115	0.60141
-0.0283058	-0.749323	0.6616
0.49858	-0.182199	0.847479
-0.352742	0.556437	0.752297
-0.502233	0.277353	0.819047
0.476459	-0.413266	0.776015
-0.492171	-0.122443	0.861844
-0.643231	-0.272528	0.71553
-0.182794	-0.140554	0.973052
0.486238	-0.58481	0.649285
-0.484042	0.0255637	0.874671
-0.32788	0.0521305	0.94328
0.62361	-0.620903	0.474963
0.235812	-0.337109	0.911455
-0.479227	-0.18786	0.857351
-0.811584	0.542302	0.21735
-0.377721	0.530263	0.759044
0.521008	0.121656	0.844837
0.135256	0.295124	0.945837
-0.169461	0.243248	0.955046
0.3833	-0.34574	0.856473
0.054017	-0.709647	0.702484
0.395057	-0.244866	0.885421
-0.27663	-0.139638	0.950777
0.787566	0.321188	0.525907
-0.235167	0.896221	0.376145
0.619292	-0.0790397	0.781172
-0.0547742	0.283098	0.957526
0.40105	-0.914132	0.05935
0.558008	-0.0958012	0.824287
-0.0091261	-0.185368	0.982627
0.106829	-0.582838	0.805536
-0.743537	-0.621628	0.246437
-0.287148	-0.438943	0.851396
0.906631	-0.104881	0.40868
0.606111	-0.287806	0.741483
0.13894	-0.00165964	0.990299
-0.633667	-0.257988	0.72932
0.42949	-0.477756	0.766347
0.371544	-0.688817	0.622484
0.293294	-0.643317	0.707193
-0.264374	-0.332558	0.905269
-0.0101122	0.121337	0.99256
0.455254	-0.201174	0.867337
0.0631958	0.627065	0.776399
0.296413	0.592465	0.749082
0.192505	-0.509203	0.838841
0.246663	-0.340715	0.907233
-0.440284	0.191732	0.877148
-0.182633	0.187187	0.965197
0.089142	0.843256	0.530069
0.107964	0.358923	0.927102
0.507927	0.0912607	0.856552
-0.391893	0.405647	0.825754
-0.574453	-0.552919	0.60356
0.0761396	-0.360795	0.929532
-0.0441531	0.075492	0.996168
-0.84555	0.343571	0.408661
-0.172229	0.0599642	0.98323
-0.215589	0.492379	0.843258
0.588911	0.201139	0.782769
0.156107	-0.530097	0.833444
-0.85009	0.174672	0.496826
-0.968447	0.187137	0.164591
-0.180953	0.0148798	0.983379
0.671299	-0.216803	0.708769
-0.95471	0.287963	0.074874
0.384467	-0.22992	0.894048
-0.279263	-0.0361122	0.959535
0.098971	0.411882	0.905847
-0.791686	0.272429	0.546824
0.823813	-0.178392	0.538061
-0.240626	0.408854	0.880306
-0.692958	-0.201322	0.6923
0.46981	0.0280972	0.88232
0.281835	0.264887	0.922173
-0.59805	0.61047	0.519291
0.0535045	-0.313452	0.948096
-0.547351	0.748311	0.374751
0.0313183	0.431309	0.901661
0.0785011	0.0637869	0.994871
0.00604733	-0.0468794	0.998882
0.934559	0.0502309	0.352246
-0.694205	-0.109978	0.711326
0.306516	-0.950626	0.0485693
0.523795	0.444046	0.726953
0.678214	-0.247001	0.69211
0.608136	-0.289917	0.738999
0.515609	-0.368404	0.77358
0.776188	0.249231	-0.579151
-0.212349	-0.0595357	0.975379
-0.00430456	-0.77651	0.63009
-0.256235	0.26103	0.930702
-0.632284	-0.018989	0.774504
-0.706854	0.416715	0.571583
0.0180928	-0.187373	0.982122
0.143119	-0.144046	0.979167
-0.250668	0.373297	0.893205
0.26135	-0.618304	0.741213
0.502541	0.00531595	0.864537
-0.449918	-0.153734	0.879739
0.315711	0.0415841	0.947944
0.159383	-0.6684	0.726525
0.333447	-0.178273	0.92576
-0.0457617	-0.296927	0.953803
0.0612983	-0.0965293	0.993441
0.452549	0.597444	0.662012
-0.00842905	-0.708572	0.705588
0.609742	0.367315	0.702349
0.472802	-0.664571	0.578622
-0.245691	-0.493898	0.834087
-0.0492979	-0.087841	0.994914
0.317879	-0.274971	0.907383
0.274265	-0.0213938	0.961416
-0.0280004	-0.547598	0.836273
-0.372332	0.256966	0.891817
-0.0947575	0.180157	0.979063
-0.127036	-0.245026	0.961158
0.0088524	-0.858121	0.513371
0.0459879	0.78308	0.620218
-0.0036786	-0.197556	0.980285
-0.911031	0.00285584	0.412327
-0.519894	-0.490094	0.699655
-0.603074	-0.159089	0.78166
0.452503	-0.496307	0.740892
-0.628736	-0.758335	0.172103
-0.0787125	-0.0698287	0.994449
-0.29985	0.836461	0.45872
0.186817	-0.716189	0.672438
-0.487166	0.383624	0.784539
-0.412329	0.163133	0.896311
-0.845247	0.485624	0.222997
-0.887947	-0.132526	0.440439
0.0443985	0.509123	0.859548
-0.374402	-0.261765	0.889552
0.480399	-0.0273053	0.876625
-0.396631	0.480277	0.782316
-0.0828525	-0.380354	0.921122
0.205261	0.494939	0.844336
0.548327	-0.450141	0.704777
0.342448	-0.544499	0.76567
0.39218	-0.129377	0.910745
0.676519	-0.527178	0.514203
-0.675005	0.22431	0.702889
0.991854	0.092141	-0.0879549
-0.264679	-0.511278	0.817643
0.676268	-0.209932	0.706109
-0.311146	0.137613	0.940346
-0.883897	-0.261554	0.387706
-0.401737	0.384318	0.831209
0.0599813	0.240989	0.968672
0.871915	0.482827	-0.0815072
-0.232112	0.0708135	0.970108
0.134673	-0.322953	0.936784
0.285059	-0.0888875	0.95438
2.08447e-05	-0.649342	0.760496
0.206574	-0.129669	0.969801
0.135267	-0.659392	0.739531
0.197076	0.00608535	0.980369
0.252856	-0.698577	0.669368
-0.0849967	-0.682256	0.726156
-0.403957	0.418222	0.813578
-0.644381	-0.306056	0.700787
0.41341	-0.154256	0.897383
-0.665476	-0.412028	0.622395
-0.274261	-0.66844	0.691353
0.487106	-0.264635	0.832284
0.377187	-0.457684	0.805143
0.329463	0.422784	0.84422
0.389414	0.360903	0.847411
0.696648	-0.715694	0.0496412
0.00940297	0.260473	0.965435
0.0759996	-0.0417007	0.996235
0.545631	-0.524271	0.653779
-0.885823	-0.142781	0.44151
0.480733	-0.0343837	0.876193
0.514208	-0.44793	0.731402
-0.128857	0.0142829	0.99156
-0.154255	-0.274951	0.949003
0.182293	-0.361032	0.914563
-0.0778748	0.0249853	0.99665
-0.200292	-0.305002	0.931051
0.390289	-0.184861	0.901943
-0.104551	-0.188403	0.976511
-0.461631	-0.416922	0.782989
-0.685921	-0.415517	0.597376
0.194429	-0.913596	0.357126
-0.57149	-0.507026	0.645232
0.373399	0.398412	0.83776
0.122957	0.0682477	0.990063
-0.366017	0.0957154	0.925673
-0.060529	0.532799	0.844074
0.340084	0.271665	0.900301
-0.447684	0.309116	0.839063
-0.327872	0.135842	0.934905
0.434399	0.0597694	0.898735
0.342566	0.0710234	0.936805
0.513619	-0.424419	0.745697
0.664517	-0.341447	0.664704
-0.494489	-0.0796687	0.865525
0.507036	0.473163	0.720438
-0.206696	0.279503	0.937632
-0.233416	0.771641	0.591681
0.318568	-0.427984	0.84578
0.309456	0.123009	0.942924
0.00345303	-0.367758	0.929915
-0.247163	-0.639099	0.728329
0.72957	0.32403	0.602272
0.0569092	0.578032	0.814027
0.226814	0.710668	0.665963
-0.14879	0.224367	0.963079
0.0516555	-0.041337	0.997809
0.209011	-0.804212	0.556379
0.469052	-0.553167	0.688474
0.534658	0.528928	0.659072
0.04343	-0.13385	0.99005
-0.193017	-0.454144	0.869769
-0.485796	-0.316734	0.814667
-0.00747318	0.2197	0.975539
0.0886528	0.15662	0.983672
0.0509996	-0.951924	0.30206
0.839567	-0.25272	0.480894
0.656473	0.277194	0.701574
-0.547455	0.40821	0.730519
-0.0849075	-0.407319	0.909331
-0.347293	-0.243293	0.905647
0.378799	0.00877716	0.925437
-0.310072	-0.754445	0.578505
0.679625	-0.12506	0.722821
-0.393674	0.521518	0.756994
0.582363	-0.068443	0.810043
-0.119705	0.166301	0.978782
0.773394	0.0746869	0.629511
0.247379	-0.839486	0.483804
-0.231237	-0.276695	0.932721
0.154789	-0.365043	0.918033
0.385732	-0.0472987	0.921398
0.836703	0.409864	0.363235
-0.930018	0.340855	0.137424
0.798159	0.533128	0.280566
-0.0757451	-0.85086	0.519905
-0.500514	-0.689143	0.523992
0.459125	0.180626	0.869815
-0.177402	0.487855	0.854708
0.222957	-0.321277	0.920365
0.661985	0.135819	0.737109
-0.417726	0.192407	0.887966
-0.304575	-0.112795	0.945786
0.289245	-0.402043	0.868734
0.466157	0.214688	0.858258
-0.154223	-0.444798	0.882253
-0.125644	-0.652234	0.747532
0.528554	0.273314	0.803698
-0.00988239	0.0754102	0.997104
-0.0453746	-0.238035	0.970196
-0.58408	0.570127	0.577759
-0.0929033	0.282214	0.954842
-0.238957	0.331082	0.912844
0.586895	-0.176691	0.790148
-0.0562482	-0.652387	0.755796
0.462441	-0.622989	0.630899
0.870655	-0.477857	0.116676
0.354527	0.471222	0.807626
-0.0994961	-0.0625384	0.993071
0.046918	0.452945	0.890303
0.321754	-0.069933	0.944237
0.243682	-0.211046	0.946614
-0.362132	-0.542029	0.75833
0.306333	-0.42522	0.851674
0.631824	-0.538426	0.557581
0.0583557	0.45542	0.888362
-0.191961	-0.430119	0.882127
-0.0686611	-0.57761	0.81342
0.0349565	0.0328076	0.99885
-0.241614	0.15629	0.957703
0.303119	-0.51087	0.804444
0.538934	0.0416397	0.841318
0.4805	-0.153157	0.863518
0.0601736	-0.287408	0.955916
-0.571098	0.340202	0.747067
-0.359563	0.0767765	0.929957
-0.128413	0.868624	0.478541
0.449484	0.404491	0.796462
0.184211	-0.0728886	0.98018
0.156992	0.424478	0.891724
-0.542296	0.500778	0.674638
-0.409319	-0.858804	0.30808
-0.65883	0.00203216	0.752289
0.0372916	-0.349137	0.936329
-0.427085	-0.0429358	0.903191
-0.532321	-0.184511	0.82619
-0.204347	-0.0567368	0.977253
-0.18916	0.446384	0.87462
0.145949	-0.148006	0.978158
-0.33135	-0.58381	0.741197
0.243229	-0.6936	0.678055
0.713392	-0.658937	-0.238481
0.566404	-0.514633	0.643692
0.71587	-0.293959	0.633339
0.314535	0.485888	0.815463
-0.653208	-0.0169722	0.756988
-0.388485	-0.327326	0.861358
0.41492	0.00343007	0.909851
0.550695	-0.0763688	0.831205
0.183433	-0.14191	0.972735
0.250462	0.646956	0.72022
-0.152403	0.153704	0.976293
-0.752036	0.590069	0.293703
0.160404	0.0279597	0.986655
0.0398933	-0.441962	0.896146
-0.165968	0.59153	0.789017
0.438207	-0.398552	0.805687
0.340216	-0.262738	0.902896
0.345015	0.246277	0.905711
-0.54485	0.190462	0.816617
-0.181457	0.0131467	0.983311
-0.0863367	0.684796	0.723602
0.217586	-0.580507	0.784645
0.0104322	0.49796	0.867137
0.520602	-0.42167	0.742407
-0.0176692	-0.403459	0.914827
0.25948	-0.150689	0.95392
-0.463661	-0.0292837	0.885528
0.13531	0.0199966	0.990601
0.193966	-0.407146	0.89253
0.218736	-0.553616	0.803532
0.498886	0.151707	0.853287
0.126078	-0.91967	0.371901
-0.0985944	-0.653019	0.750896
0.325063	0.0646422	0.943481
-0.540012	0.489599	0.684602
0.651128	0.31035	0.692614
0.291503	0.210721	0.933072
0.489346	-0.29568	0.820435
-0.614743	-0.661324	0.429815
0.5538	-0.498426	0.666991
0.305123	-0.089865	0.948064
0.179416	-0.0715787	0.981166
0.33518	0.876639	0.345193
0.585418	0.172371	0.792195
0.110479	-0.626031	0.771932
0.0620534	-0.993709	0.0932327
-0.229552	0.894728	0.383102
0.0154923	0.570189	0.821368
0.248646	-0.343957	0.905466
-0.0436279	-0.775845	0.629413
0.736101	0.0385346	0.675774
0.138067	-0.161901	0.977101
0.625453	-0.707526	0.328961
-0.729336	0.270246	0.628519
0.581832	0.426258	0.692658
0.097188	-0.497654	0.861914
0.0596425	0.0607933	0.996367
-0.00894706	-0.702992	0.711142
0.360032	-0.305107	0.881639
0.819166	-0.293155	0.492978
-0.128932	0.00686992	0.99163
-0.0113392	-0.264319	0.964369
0.280942	-0.262909	0.923012
0.513531	-0.419142	0.748736
0.128694	0.0283531	0.991279
0.572368	0.162506	0.803733
0.830394	-0.164028	0.532485
0.243724	-0.718987	0.650889
-0.544334	0.714794	0.439056
0.167084	-0.207364	0.963889
-0.488354	0.17548	0.85482
-0.0206631	0.225888	0.973934
-0.247711	-0.445981	0.860082
0.110756	0.222278	0.968672
0.140026	0.140498	0.980129
0.0135966	0.107514	0.994111
-0.136774	0.403177	0.904843
0.570194	0.233751	0.787553
-0.00136422	-0.404378	0.914591
0.611068	-0.0434476	0.790385
0.644642	-0.450646	0.617539
-0.136999	0.395302	0.908277
-0.651439	-0.115753	0.749819
-0.353109	0.0259778	0.935221
0.161573	-0.177839	0.970705
0.535091	0.11276	0.837236
0.642083	0.237646	0.728872
0.271942	0.401586	0.874515
-0.0672498	0.508512	0.858425
-0.64943	0.343166	0.678585
-0.101548	-0.252713	0.962198
-0.040118	0.755263	0.654192
0.352837	-0.218893	0.909721
0.222812	-0.317361	0.921757
-0.744425	0.0192804	0.667427
0.202117	0.415981	0.886628
0.166051	0.0155661	0.985994
0.358775	-0.841978	0.402932
-0.102719	0.850679	0.515553
0.134262	0.115844	0.984151
0.0591452	-0.0546796	0.996751
-0.558625	0.286267	0.778454
0.57632	0.291681	0.763398
0.559557	0.632749	0.535279
0.166563	-0.305175	0.937616
0.8845	0.364335	0.29141
0.00743162	-0.623393	0.781873
-0.365746	0.645678	0.670321
-0.6658	-0.195326	0.720109
0.117996	0.0514714	0.991679
0.495317	-0.189451	0.847803
0.0360949	-0.199258	0.979282
0.2881	-0.586937	0.75664
-0.505138	-0.0442408	0.861904
0.344857	0.561086	0.7525
0.605616	0.13027	0.785022
0.221331	-0.745564	0.628607
0.589861	-0.511982	0.62445
0.49293	-0.137998	0.859056
-0.236619	0.332718	0.912858
-0.700741	-0.0277504	0.712876
0.26059	0.0348251	0.964821
0.653685	0.0907871	0.751302
-0.194459	0.286818	0.938041
-0.263356	0.419649	0.868642
-0.038177	0.369476	0.928456
-0.322283	0.161066	0.93284
0.295205	0.522683	0.799785
0.472602	-0.451702	0.756712
-0.333868	0.253388	0.907924
-0.194555	0.0262487	0.98054
0.314592	0.0439814	0.948208
0.785903	0.23783	0.570784
0.98541	0.0995049	0.138076
-0.701963	0.694626	0.157299
-0.0546721	-0.183416	0.981514
0.11631	0.0549919	0.991689
0.0327342	0.40162	0.915221
0.125683	0.89841	0.420789
-0.054431	-0.0985447	0.993643
0.204425	-0.559018	0.80356
0.313065	0.699996	0.641869
-0.0687655	0.052659	0.996242
0.520021	0.112146	0.846759
-0.381613	0.18128	0.906371
-0.716249	0.273066	0.642201
-0.198001	0.430242	0.880731
0.260518	-0.0700857	0.962922
-0.49747	0.737533	0.456694
-0.332233	0.367829	0.868518
-0.0498322	-0.590759	0.805307
0.288258	0.0861363	0.953671
-0.400264	0.567496	0.719539
0.753504	-0.131063	0.644247
0.2049	0.070163	0.976265
0.274768	-0.661719	0.697589
-0.625093	0.0344256	0.779791
-0.458396	0.76412	0.453865
-0.231022	0.183639	0.955461
0.049083	-0.202258	0.978102
0.0698181	-0.653499	0.753701
0.119117	0.35694	0.926502
0.313775	-0.132129	0.940259
0.19041	-0.770337	0.608544
-0.636777	0.041968	0.769905
-0.384359	0.198708	0.901545
0.0642009	-0.60531	0.793397
-0.0182878	0.709085	0.704886
-0.368517	-0.00144077	0.92962
0.117693	-0.0651976	0.990907
0.101621	-0.572186	0.813804
0.934604	-0.211146	0.286239
-0.0779849	0.397876	0.914119
0.163826	-0.569199	0.805713
-0.499748	0.32312	0.803645
0.0608675	-0.183199	0.98119
0.0947852	-0.065767	0.993323
0.19454	-0.610615	0.767661
0.611816	0.101055	0.784518
0.725568	0.0173467	0.687932
0.426286	-0.595424	0.680993
0.430885	0.0381704	0.901599
0.760801	-0.120751	0.637652
-0.234754	0.286033	0.929019
0.237072	0.146485	0.960385
0.588245	0.44198	0.677216
0.407595	-0.642035	0.649351
0.250687	-0.43643	0.864109
0.189829	0.677296	0.710798
0.807215	0.316873	0.497991
-0.200081	0.0233554	0.979501
0.559671	0.555142	0.615293
-0.119179	0.185723	0.975348
-0.636187	-0.716482	0.286214
-0.133871	0.779424	0.612027
0.317232	0.229727	0.920103
0.38141	0.133906	0.914656
-0.478602	0.0874005	0.873671
0.630695	0.056526	0.773969
0.11793	0.371265	0.921008
0.00525311	-0.3136	0.949541
-0.428802	0.291529	0.855067
0.547401	-0.38053	0.745352
-0.0608967	0.409945	0.910075
0.676044	-0.0223016	0.736524
-0.278173	-0.248112	0.927933
-0.265133	-0.0468067	0.963075
-0.00702205	0.0445155	0.998984
0.480562	0.307357	0.821335
0.147443	-0.0727119	0.986394
-0.307947	0.30794	0.90019
0.0235042	-0.450931	0.892249
0.276946	-0.568763	0.774474
0.69739	-0.175218	0.694943
0.159181	-0.433725	0.886873
0.147896	-0.132223	0.980124
0.0199976	0.362326	0.931837
-0.20183	0.551717	0.809242
0.381599	0.200893	0.902233
-0.368774	-0.205603	0.906495
0.453972	0.216167	0.864396
-0.0949147	-0.881223	0.463074
0.384869	-0.334434	0.86025
0.824584	-0.316247	0.469094
0.465496	-0.142538	0.873496
-0.395287	-0.582106	0.710564
-0.198236	0.0250041	0.979835
0.289379	0.184751	0.939216
0.449659	-0.622123	0.640913
-0.317779	-0.241231	0.916965
0.174166	-0.133868	0.975575
-0.141048	0.142457	0.9797
0.00199005	-0.430536	0.902571
0.373201	-0.230143	0.898752
0.745159	-0.0530695	0.664772
0.23045	-0.812042	0.536172
-0.415551	-0.293606	0.860879
0.352396	-0.247156	0.902625
-0.61694	0.165022	0.769514
-0.453186	-0.157444	0.877402
0.406805	-0.519349	0.751523
-0.175184	-0.375919	0.909943
-0.00701442	0.0355906	0.999342
0.401498	0.135372	0.9058
0.205723	0.47487	0.855673
-0.150749	0.112026	0.982204
0.185643	-0.0107628	0.982558
-0.307788	0.31114	0.899143
0.403477	-0.553537	0.728562
-0.323151	-0.263557	0.908907
0.707073	0.161199	0.688522
0.580371	0.0339586	0.813644
-0.195607	0.464372	0.863769
0.323632	-0.716449	0.618031
0.47098	-0.0590571	0.880165
-0.214676	-0.452761	0.865403
0.410123	-0.255468	0.87552
0.0810962	-0.697663	0.711821
0.023156	-0.401942	0.915372
0.208425	-0.613714	0.761521
0.489535	0.514022	0.70437
-0.393782	0.761933	0.514192
-0.193879	-0.811715	0.550935
0.00163494	0.110266	0.993901
-0.261657	0.162162	0.951441
0.318589	0.197996	0.926984
0.716247	0.0355368	0.696942
-0.150622	0.0806369	0.985297
-0.296651	-0.629093	0.718499
0.982224	0.0751576	0.172012
0.262719	-0.234785	0.935871
0.293784	0.173372	0.940017
0.170965	0.21536	0.961453
0.479004	-0.538255	0.693424
-0.21346	-0.221085	0.951607
-0.0608637	-0.206509	0.97655
0.0334602	-0.961731	0.271945
-0.220246	-0.328675	0.918403
0.331631	0.0197901	0.943201
-0.726594	0.360491	0.584899
-0.120527	-0.205278	0.971254
-0.609594	0.34049	0.715864
-0.255851	0.471069	0.844177
-0.27844	0.604311	0.746511
0.0167125	-0.265472	0.963974
-0.61566	0.229821	0.753754
-0.343319	0.505221	0.79176
-0.441926	-0.118344	0.889211
-0.393562	-0.344685	0.852233
0.222338	-0.189099	0.956456
-0.631827	0.411492	0.656862
0.0095314	0.135733	0.9907
0.43993	0.0177572	0.897856
-0.0321125	0.406029	0.913296
0.349183	0.408347	0.8434
-0.087366	-0.551503	0.829585
0.606363	0.248942	0.755216
-0.305418	-0.0613236	0.950242
0.779764	-0.131889	0.612025
0.00133013	-0.391085	0.920354
0.180742	0.428463	0.885297
0.197433	0.198844	0.959938
0.0562979	-0.637064	0.768752
-0.0547923	-0.576874	0.814994
0.386142	-0.178882	0.904928
0.450296	-0.616363	0.646011
-0.586721	0.215746	0.78052
0.583873	-0.485417	0.65074
0.263708	-0.310459	0.913276
-0.129126	0.265429	0.955444
0.186838	-0.535491	0.823615
0.0406719	-0.140643	0.989225
-0.250978	-0.0862031	0.964147
0.12029	-0.763952	0.633962
0.850897	-0.234806	0.469936
-0.227626	0.188602	0.955309
0.299274	-0.365862	0.881237
-0.356701	-0.398263	0.845075
0.659467	-0.467654	0.58856
0.104546	0.204699	0.973226
-0.109914	0.452675	0.884875
0.374782	-0.172443	0.910935
-0.0270542	0.466274	0.884226
-0.236307	-0.363564	0.901099
-0.638415	0.333798	0.693546
-0.406607	-0.67842	0.611896
0.772044	0.0759264	0.631018
0.679764	-0.493353	0.542701
0.66157	0.18192	0.727482
0.365454	-0.302002	0.880476
0.395332	-0.33647	0.854693
0.73482	-0.511272	0.445691
0.259506	0.640782	0.722533
0.594205	-0.052678	0.802587
0.261908	0.18086	0.947995
0.473486	-0.618369	0.62724
0.0717697	-0.188364	0.979473
0.0557313	-0.834164	0.548693
-0.569605	-0.169982	0.804149
0.384834	0.106287	0.916846
-0.114121	-0.312642	0.942991
-0.255101	0.258813	0.931633
-0.125492	0.201134	0.971492
0.29954	0.500019	0.812562
-0.378704	-0.486202	0.787522
0.381983	0.0503244	0.922798
0.820731	-0.362814	0.441323
0.165237	-0.251405	0.953673
-0.172168	-0.493166	0.852728
0.0263618	0.201372	0.97916
-0.0552663	0.0469796	0.997366
0.244261	-0.348041	0.905099
0.214101	0.459774	0.86184
0.29749	-0.123	0.946768
-0.130918	0.375147	0.917674
-0.522718	0.491532	0.696536
-0.302063	-0.288441	0.908603
0.178762	0.317535	0.931244
-0.215297	0.372255	0.902814
0.157116	-0.440873	0.883711
0.346431	0.283394	0.894244
-0.452028	0.0558898	0.890251
-0.363775	-0.644648	0.672382
0.00523372	0.483414	0.875376
-0.912988	-0.332754	0.236067
-0.228776	0.0588947	0.971696
0.207846	-0.313405	0.926595
-0.842473	-0.163685	0.51327
0.00450108	-0.158939	0.987278
0.57541	-0.578898	0.577737
-0.128762	-0.496926	0.858187
-0.438772	-0.350034	0.82762
0.31799	-0.168155	0.933063
0.0664725	0.271942	0.960015
-0.131337	-0.0333951	0.990775
0.543766	-0.222932	0.809086
0.0518659	-0.0519662	0.997301
-0.415479	0.19817	0.887753
0.708909	-0.527508	0.468171
0.0905917	0.0170241	0.995743
0.00608489	0.370732	0.92872
-0.554961	0.115891	0.823764
-0.0117308	-0.374961	0.926966
-0.496478	-0.139135	0.856826
0.149434	0.00973672	0.988724
0.826425	-0.398557	0.397711
0.19837	0.265889	0.943373
-0.109336	0.0359921	0.993353
-0.108582	-0.0146144	0.99398
0.144202	-0.737894	0.659332
-0.488952	0.200671	0.848915
-0.15829	0.483745	0.860776
0.559113	0.00952676	0.829037
-0.247218	-0.542924	0.802569
-0.142836	0.653052	0.743721
0.309074	0.336501	0.889517
0.630807	-0.35462	0.690165
0.220632	0.00654112	0.975335
0.808328	-0.359172	0.466478
-0.40336	0.430765	0.807305
-0.11598	0.0426548	0.992335
0.239503	-0.319997	0.916646
0.310755	-0.906521	0.285748
0.0396266	-0.773419	0.632655
0.421134	-0.226669	0.878218
0.0897741	-0.327106	0.940714
-0.25891	-0.637537	0.725612
-0.400948	-0.577957	0.710778
0.461356	-0.133513	0.877112
0.827036	-0.138787	0.544747
-0.183889	0.127864	0.974595
-0.463051	-0.439476	0.769704
-0.0460731	-0.24784	0.967705
0.339331	-0.101366	0.935189
-0.512626	-0.28331	0.810524
0.255266	-0.614405	0.746556
0.284236	0.559578	0.778513
0.734135	-0.198669	0.649289
-0.577215	0.0653239	0.813975
-0.0191885	-0.155041	0.987722
0.0544055	0.329699	0.942517
0.569011	0.491383	0.659371
-0.68744	0.226766	0.68993
-0.64964	-0.53452	0.540607
0.647314	-0.431768	0.628141
-0.224857	-0.819097	0.52775
0.214051	0.245328	0.945514
0.225539	-0.182047	0.957074
-0.357422	-0.273371	0.893038
-0.540208	-0.21238	0.814291
-0.131102	-0.536481	0.833667
-0.0383363	-0.859279	0.510068
-0.184384	-0.0229386	0.982587
-0.822486	-0.361515	0.439117
0.446747	-0.0980335	0.889273
0.0334033	0.224521	0.973897
0.150412	-0.175077	0.972997
-0.561751	-0.783815	0.264706
-0.670987	-0.12887	0.730184
-0.239254	0.40334	0.883218
0.383623	0.275807	0.881342
0.444599	0.501851	0.741942
0.0458165	-0.48464	0.873513
0.424825	-0.0512577	0.903823
-0.153515	0.570699	0.806682
0.870032	0.299899	0.391286
-0.424998	0.138189	0.894584
0.910681	0.41011	0.0496939
0.140413	0.0712823	0.987524
-0.106318	0.162016	0.981044
0.580057	-0.293365	0.759915
0.499487	0.15784	0.851821
0.394501	0.528479	0.751717
-0.851332	-0.279212	0.444156
0.0101175	0.114835	0.993333
-0.143529	0.164201	0.975929
0.198092	0.494174	0.846494
0.414438	0.324336	0.850322
0.237747	-0.15423	0.959004
0.672342	0.350055	0.65224
0.0561479	-0.463721	0.884201
-0.240569	-0.0429844	0.96968
-0.640188	-0.109466	0.760379
-0.482037	0.146614	0.863796
-0.0115541	-0.619781	0.78469
0.0312693	-0.00958955	0.999465
0.351367	-0.429115	0.832107
0.220524	-0.439721	0.870641
-0.398622	-0.281315	0.872904
-0.256201	0.125755	0.958408
0.25412	0.168657	0.952354
0.775345	-0.0611207	0.628574
0.585021	-0.229925	0.777743
0.225272	0.365777	0.903028
0.188298	-0.323175	0.927417
0.399168	-0.573356	0.715492
-0.671481	-0.468374	0.574228
0.371999	-0.128886	0.919242
0.839293	-0.139489	0.52548
-0.122818	0.014227	0.992327
0.280714	-0.343646	0.896162
0.033315	0.279177	0.959662
0.175981	-0.245509	0.953287
0.483745	-0.212337	0.849061
-0.283932	-0.114578	0.951974
-0.302257	-0.364974	0.880588
-0.4581	-0.261134	0.849678
0.232862	0.131952	0.963516
-0.443951	-0.285923	0.849209
-0.0594062	-0.484199	0.872939
-0.269012	-0.196439	0.942892
-0.0942192	-0.902274	0.420742
-0.728699	-0.220329	0.648423
0.258465	-0.350701	0.900114
-0.508584	-0.188693	0.840082
0.130321	0.300763	0.944753
0.00946029	0.189224	0.981888
-0.174712	-0.0692218	0.982183
-0.925639	0.378353	-0.00644755
0.378957	-0.513357	0.769971
0.281483	-0.670092	0.686836
0.464546	0.14056	0.874322
0.674046	-0.265661	0.689265
-0.345072	0.457656	0.819437
-0.358285	-0.302708	0.883176
-0.205604	0.526817	0.824737
0.284391	0.0649645	0.956505
0.211435	0.173569	0.961857
-0.384504	-0.175451	0.906296
0.220256	0.338471	0.914836
-0.30928	-0.363919	0.878583
-0.327796	0.402612	0.854666
-0.59066	-0.20461	0.780548
0.529874	0.0418507	0.847043
0.106178	0.326832	0.939099
-0.452482	-0.120608	0.88358
0.145061	-0.0683971	0.987056
-0.288213	-0.419516	0.860779
-0.720884	0.110771	0.684146
0.138758	-0.665556	0.733336
0.513339	-0.420086	0.748339
-0.601007	-0.0303575	0.798667
0.0268064	0.733678	0.678968
0.619424	0.68525	0.383075
-0.157562	0.338082	0.927833
-0.272072	0.329813	0.903991
0.658543	-0.4957	0.566218
0.192139	0.294814	0.936038
0.598611	0.055589	0.799108
-0.212921	0.319442	0.923375
0.240485	0.297769	0.923851
-0.0447	-0.153161	0.98719
0.44912	0.183883	0.874345
-0.414365	-0.22902	0.880824
0.21652	-0.684997	0.695627
0.659842	0.0401816	0.750329
0.208219	-0.627149	0.750553
0.205556	-0.334422	0.919733
-0.763756	-0.20254	0.612907
0.298487	-0.337676	0.892682
-0.203116	-0.531293	0.822479
-0.173772	-0.82801	0.533106
0.133135	-0.834189	0.535167
0.343014	0.189699	0.919976
0.202437	-0.0427572	0.978361
-0.68512	0.0792759	0.724103
0.0409485	0.0346877	0.998559
-0.737536	-0.447114	0.506093
0.0483807	-0.324253	0.944732
0.0725697	-0.246416	0.966443
0.305713	-0.0958571	0.947286
-0.0998114	0.0820289	0.991619
-0.416995	-0.169826	0.892902
-0.319735	-0.0237339	0.94721
-0.575071	0.580443	0.576523
0.835213	-0.274045	0.47678
-0.133116	0.401979	0.905921
0.554892	-0.103848	0.825415
0.349087	0.457381	0.817888
0.1481	0.0731912	0.98626
-0.520364	-0.246376	0.817631
0.093774	-0.20987	0.973222
0.145434	0.144285	0.978791
-0.335761	0.0611417	0.939961
0.0549048	0.204407	0.977345
-0.100786	-0.120888	0.987536
0.232979	0.059402	0.970666
0.712308	0.427515	0.55664
-0.00642116	-0.444415	0.895798
-0.921769	-0.039855	0.385687
-0.0882681	-0.135562	0.986829
0.00310728	0.0227817	0.999736
-0.0177091	-0.727269	0.686124
-0.124831	-0.614988	0.778593
-0.0235542	0.477203	0.878477
0.152041	-0.266619	0.951734
0.263914	-0.304787	0.915125
0.849473	0.405638	0.337421
0.542856	0.107037	0.832977
-0.232506	-0.0693732	0.970118
-0.124704	-0.104421	0.986684
-0.24253	0.658743	0.712206
0.170105	-0.166133	0.971321
-0.467229	-0.618809	0.631485
0.104169	0.0260278	0.994219
-0.375162	-0.0335662	0.926351
0.124103	0.704175	0.699096
-0.439897	-0.383483	0.812054
-0.139864	0.43458	0.889707
-0.647115	-0.32612	0.689121
0.104856	-0.42297	0.900057
0.5153	-0.458446	0.724081
-0.10265	0.0157104	0.994593
-0.501525	-0.101388	0.859181
-0.725561	0.0668743	0.684901
-0.278945	-0.0682565	0.957878
-0.80767	0.553499	0.203246
-0.147413	-0.943232	0.29763
-0.130587	0.370743	0.919509
0.100745	0.458103	0.883172
0.344133	-0.101976	0.933367
-0.199538	-0.250562	0.947313
-0.324345	-0.135297	0.936213
-0.0290738	-0.0375416	0.998872
0.473766	-0.88065	0.000440226
0.0678837	-0.382299	0.921542
-0.0510944	0.242544	0.968794
-0.439646	0.545005	0.71392
0.386758	0.076566	0.918997
0.0327875	0.464564	0.884933
-0.144967	0.164261	0.975706
0.585781	-0.378629	0.716589
0.290324	0.532807	0.794877
0.139826	-0.828834	0.541741
0.317864	-0.459307	0.829458
0.513668	0.513941	0.68703
-0.122442	-0.107022	0.986689
-0.151917	0.478918	0.864615
0.577172	-0.169244	0.798892
0.0611252	0.197663	0.978363
0.485857	-0.565616	0.66635
-0.348992	-0.0508709	0.935744
-0.274818	-0.216212	0.936871
0.492253	0.766681	0.412175
0.106291	0.13461	0.985181
0.242075	0.114998	0.963418
0.46941	-0.424205	0.774406
0.0295207	-0.434465	0.900205
0.102844	-0.473555	0.874739
0.256502	-0.406049	0.877115
0.0605516	0.260187	0.963658
0.463116	0.15016	0.873485
-0.0431815	0.432651	0.900527
0.10456	0.325659	0.939688
0.43767	-0.544902	0.715211
0.426427	-0.576081	0.697345
-0.049279	-0.224517	0.973223
0.350133	0.158991	0.923108
0.445538	-0.470254	0.761811
0.209064	0.213553	0.954299
0.133457	-0.0945001	0.986539
0.0592736	-0.388252	0.919645
0.293332	0.0187198	0.955827
0.370037	0.144735	0.917674
0.119446	-0.295916	0.947716
-0.111496	-0.292401	0.949774
-0.461969	0.254793	0.849509
-0.367518	0.494743	0.787502
0.424105	-0.187338	0.886025
0.603446	-0.69137	0.397318
0.13423	-0.329721	0.934487
0.494016	-0.522041	0.695285
0.498184	-0.187271	0.846606
0.266513	-0.283701	0.921132
0.346594	-0.0441359	0.936976
-0.181327	0.334435	0.92481
0.216666	-0.406884	0.887413
-0.230521	0.367375	0.901052
0.735674	0.103742	0.669344
0.29667	-0.570003	0.766214
-0.296699	-0.349216	0.888829
0.590793	0.233567	0.772276
0.84091	-0.105842	0.530724
-0.364474	0.383862	0.848416
-0.387512	0.167115	0.906591
-0.263423	-0.447925	0.854384
-0.138579	0.171386	0.975409
-0.651642	0.350232	0.67283
-0.119243	0.489337	0.863904
-0.351358	0.764359	0.540651
0.145165	-0.385096	0.911388
-0.128916	0.31308	0.940936
-0.786859	0.441624	0.431069
0.00407357	0.0167655	0.999851
-0.302897	-0.358859	0.882878
-0.497527	0.145179	0.855213
0.487071	0.518323	0.702925
0.251972	-0.377781	0.89095
0.273942	0.298114	0.914376
-0.0419959	0.0589007	0.99738
-0.632402	0.53531	0.55992
0.693281	0.0687817	0.717378
0.689421	0.0321547	0.723647
0.293907	-0.366253	0.88288
0.1199	0.034015	0.992203
0.354888	0.45971	0.814077
0.494423	0.328503	0.804756
0.471206	-0.0902528	0.877394
0.17382	-0.515409	0.839131
0.490712	-0.279286	0.825349
-0.412333	0.0581977	0.909173
0.0682997	-0.278707	0.957944
-0.130259	0.0293558	0.991045
0.496951	0.317023	0.807797
-0.00667317	-0.30175	0.953364
-0.0395779	-0.450866	0.891714
0.482016	-0.395225	0.781958
0.686499	-0.402735	0.605412
-0.7145	-0.176912	0.676899
0.806546	0.26896	0.526445
0.207925	-0.143233	0.967601
0.431516	0.412932	0.802048
0.0173358	-0.0152815	0.999733
0.335736	-0.755946	0.561985
0.512456	-0.652343	0.558425
-0.129655	0.00768517	0.991529
0.16724	-0.0404272	0.985087
0.592507	-0.595377	0.542643
-0.378611	0.579981	0.721302
-0.0705617	-0.120433	0.99021
-0.351076	-0.127281	0.927656
0.199532	-0.301276	0.932427
0.055952	-0.116605	0.991601
0.764679	-0.255595	0.591555
0.564619	0.377882	0.733765
-0.0949477	0.805178	0.585383
-0.672273	-0.111429	0.731869
-0.118927	0.259125	0.958494
0.196302	-0.697147	0.68953
-0.574781	-0.168243	0.800825
0.116449	-0.244759	0.962566
-0.969718	-0.161093	0.183564
-0.311789	0.292431	0.904031
-0.46245	0.496895	0.734326
0.178095	0.645995	0.742275
-0.472309	-0.810673	0.346026
0.276932	-0.214587	0.936622
-0.0456424	-0.176316	0.983275
-0.379085	0.390623	0.838873
0.654305	0.172579	0.736275
-0.475557	0.844204	0.247316
0.609192	0.275615	0.743587
-0.359218	0.253819	0.898075
0.212315	-0.25719	0.942749
-0.355283	-0.228198	0.906477
0.601141	0.496705	0.62603
0.431293	0.0381983	0.901403
0.535901	-0.25778	0.803965
0.402361	-0.151908	0.90279
0.243449	-0.432958	0.867917
0.536859	0.151119	0.830027
-0.45051	-0.566515	0.690002
-0.155136	-0.240164	0.958256
0.283315	-0.166594	0.944446
0.261182	-0.589681	0.764238
0.0343316	-0.117591	0.992468
-0.254491	-0.0156736	0.966948
0.456719	-0.554375	0.695756
-0.781888	0.594225	0.188539
0.0133381	0.0609948	0.998049
0.291239	-0.23569	0.927162
0.329407	-0.448774	0.830718
0.175512	0.27231	0.946067
-0.207195	0.176824	0.962187
0.383776	-0.595901	0.705421
-0.335947	-0.113132	0.935062
0.25477	-0.285081	0.924024
0.7548	0.0478188	0.654209
-0.0548817	0.51066	0.85803
0.251883	-0.447085	0.858295
-0.289354	0.0765194	0.954159
0.0298589	-0.509221	0.860118
-0.135828	0.32493	0.935933
-0.371767	-0.28155	0.884601
0.639133	0.120212	0.759643
-0.266817	-0.0136769	0.96365
-0.160365	-0.530278	0.832519
-0.175963	-0.267299	0.947411
0.294762	0.05215	0.954147
0.159131	-0.328851	0.930878
-0.146887	0.469552	0.8706
0.24726	-0.414064	0.876022
-0.253497	0.12809	0.958818
0.664833	0.0983878	0.740485
0.739687	-0.354217	0.572183
-0.17509	-0.154436	0.972365
0.438478	0.201859	0.87578
0.669748	0.488745	0.559077
0.006489	-0.264779	0.964287
0.42503	-0.237125	0.873568
0.252371	-0.814283	0.522736
0.829196	-0.511267	0.22592
-0.0292748	0.122874	0.99199
0.435603	0.0420832	0.899155
0.152848	0.172774	0.97303
-0.0343937	-0.313849	0.94885
-0.233274	-0.103975	0.966836
0.568277	0.777582	0.269122
0.319251	-0.396451	0.860758
0.189006	-0.22588	0.955644
-0.236096	0.43869	0.86707
0.484804	0.426995	0.763309
0.481723	0.0642238	0.873967
0.587819	-0.329878	0.738681
-0.63038	0.233978	0.740186
0.91834	-0.355942	0.17308
-0.247455	0.478651	0.842413
0.458552	-0.352892	0.815596
0.790081	-0.00549278	0.612978
0.325731	0.223207	0.918737
-0.155446	-0.663242	0.732084
0.279878	-0.323397	0.903926
0.140732	0.317948	0.937605
-0.0630953	-0.320926	0.945
0.169612	-0.0899872	0.981394
0.171603	0.0138128	0.985069
0.504591	0.481966	0.716307
-0.382899	-0.732444	0.562951
-0.125599	-0.222271	0.966861
-0.0802049	-0.28475	0.955241
-0.618262	0.334742	0.711126
0.467453	0.275851	0.839877
-0.100993	-0.155927	0.982592
0.103178	0.16476	0.980922
0.444572	0.0279288	0.895308
0.461625	-0.47252	0.750751
-0.229125	-0.178188	0.956949
-0.017109	0.00599251	0.999836
0.14937	-0.108474	0.982813
0.0208451	0.574028	0.81857
0.413474	0.102094	0.904774
-0.261951	-0.55442	0.789937
0.0783084	0.0295168	0.996492
-0.674848	-0.279017	0.683176
-0.257386	0.340662	0.904269
0.224801	-0.160352	0.96112
0.992668	-0.120656	-0.00721446
0.11438	-0.367497	0.922965
-0.233205	-0.234147	0.943817
0.443019	0.406546	0.799034
-0.716124	-0.211298	0.665222
-0.287093	-0.732241	0.617576
0.0783893	0.140959	0.986907
0.0263616	-0.150951	0.98819
0.309684	0.432799	0.846629
0.662784	-0.280021	0.694482
-0.231867	-0.391746	0.890378
0.0127042	0.373376	0.927593
0.590668	0.170982	0.788592
-0.47488	0.417214	0.774869
0.351855	-0.26418	0.898001
0.68823	0.0445722	0.724123
-0.523434	-0.231552	0.82
-0.0646441	0.0986835	0.993017
0.0538931	0.295849	0.953713
-0.487155	0.523519	0.699005
0.126694	-0.0676949	0.989629
0.0750066	-0.158637	0.984484
0.698099	0.658964	0.280044
-0.136239	0.56556	0.813377
-0.354507	-0.226276	0.907262
0.192547	0.20549	0.959531
0.0401181	0.19009	0.980947
0.208058	-0.3994	0.892856
0.0841902	0.152127	0.984769
0.586769	0.113417	0.801772
0.00152342	0.252635	0.96756
-0.366791	-0.47651	0.799001
-0.588549	0.445241	0.674811
0.146378	-0.773127	0.617128
0.70471	-0.691784	0.157538
-0.18425	0.128762	0.974409
-0.31819	-0.154684	0.935322
0.100374	0.277956	0.955335
0.114968	0.408026	0.905702
0.18076	0.04178	0.982639
-0.497538	-0.0354616	0.866717
0.159493	-0.486903	0.858771
0.48309	-0.0371042	0.874784
0.105973	-0.772801	0.625738
0.348506	0.13339	0.927766
-0.176313	0.318809	0.931276
0.231895	-0.20341	0.951235
0.56519	-0.185252	0.803892
-0.348683	0.0604128	0.935291
0.167889	-0.138567	0.976019
-0.628345	-0.670072	0.395203
-0.346103	-0.00718437	0.938169
0.564337	-0.458795	0.686317
0.459247	-0.000583497	0.888309
0.799278	-0.34417	-0.492647
-0.0610438	0.333782	0.940672
0.0529591	0.459257	0.886723
0.111401	-0.115872	0.986997
-0.526176	-0.0553003	0.848575
0.405533	0.112856	0.907087
0.460805	0.720296	0.51849
-0.38928	-0.159824	0.907148
0.212784	0.143222	0.966546
0.70103	0.202184	0.68387
-0.411519	0.00731785	0.911372
0.468936	-0.0236498	0.882916
-0.1162	-0.172295	0.978168
0.191384	0.184187	0.964078
-0.363203	-0.215528	0.906439
-0.380419	-0.546602	0.745995
0.15953	0.411255	0.897452
0.151275	-0.410032	0.899439
0.18083	-0.523361	0.832702
0.183478	0.407599	0.894539
-0.0472884	-0.0369932	0.998196
-0.325631	-0.491459	0.807733
-0.109972	-0.230195	0.966911
0.147968	0.58193	0.799664
0.0114834	-0.252686	0.96748
0.136453	-0.253385	0.957693
0.483226	-0.0684508	0.872816
0.0935185	-0.184187	0.978432
0.0646922	0.0328652	0.997364
0.398441	-0.237751	0.885844
0.272596	0.616028	0.739054
0.0704949	0.174115	0.982199
0.125219	0.0148628	0.992018
-0.079717	-0.314378	0.945945
-0.20784	0.496357	0.842871
-0.104778	-0.811495	0.574889
0.383473	-0.260436	0.886071
0.67045	0.173528	0.721377
0.00968367	-0.504716	0.863231
0.117974	-0.36378	0.923984
-0.441613	-0.41284	0.796581
-0.530954	-0.203626	0.822572
0.574737	-0.538473	0.616218
-0.332413	0.371815	0.86675
0.361713	-0.372391	0.854686
0.373131	-0.105589	0.921751
-0.411019	-0.159482	0.897568
0.851063	-0.358355	0.383763
0.456167	-0.709757	0.536803
0.767257	-0.436511	0.469867
0.463186	-0.353263	0.812812
-0.563175	-0.519897	0.642293
0.213513	-0.560758	0.799977
-0.0510695	0.148935	0.987527
0.0194043	-0.522631	0.852338
-0.217293	0.538619	0.814048
0.201584	0.255466	0.945569
0.490389	-0.341546	0.801788
0.420103	-0.109832	0.900805
0.216917	-0.198649	0.955764
0.0709446	-0.271033	0.959952
-0.218117	0.307889	0.926083
0.143463	0.303765	0.941884
-0.658422	-0.103944	0.745437
0.154111	0.011945	0.987981
0.596928	0.443741	0.668409
-0.0727291	0.494073	0.866373
-0.0740104	0.0722988	0.994633
0.224144	-0.351149	0.909095
-0.0312678	-0.23871	0.970587
0.135374	-0.227275	0.964376
0.74365	0.43762	0.505444
-0.0359554	0.429961	0.902131
0.428731	-0.171185	0.887066
-0.128969	-0.346845	0.929013
0.0358981	0.147081	0.988473
-0.0622364	-0.426198	0.902486
0.192472	-0.584049	0.788569
-0.818176	0.35844	0.449566
0.324511	0.415058	0.849953
0.205497	-0.381658	0.901171
-0.667074	0.0629318	0.742329
-0.0152166	-0.605314	0.795841
-0.453635	-0.70239	0.54851
-0.224853	0.463588	0.857046
0.319106	0.223065	0.921094
0.184405	0.146685	0.971843
-0.271078	0.180788	0.945427
-0.00246018	-0.334541	0.942378
-0.32492	-0.43734	0.838547
0.127857	-0.452243	0.882683
-0.213169	0.193918	0.957577
0.337179	0.296309	0.893595
0.603217	-0.748447	0.275603
0.341681	0.590513	0.731128
-0.272862	-0.0639744	0.959924
-0.437627	0.404622	0.802972
0.152101	0.213325	0.965069
0.815827	-0.321448	0.480726
-0.0379322	-0.338067	0.940357
0.61274	-0.0909919	0.785028
-0.138803	0.402412	0.904875
0.207588	0.0704684	0.975675
-0.50079	-0.00195377	0.865567
-0.189102	-0.630708	0.752627
-0.444982	-0.0190019	0.895338
-0.0164835	0.529819	0.847951
-0.16858	0.532093	0.829734
0.588363	0.516131	0.622445
0.316333	0.673321	0.668261
0.206616	0.0696326	0.975941
-0.418108	-0.25423	0.872097
-0.284456	0.337702	0.897241
0.517602	-0.0782743	0.852033
-0.136384	0.0186897	0.99048
0.574074	-0.108598	0.81157
-0.422078	0.0500799	0.905175
-0.0783508	0.496668	0.864397
0.333708	-0.0888928	0.938476
0.277098	-0.469452	0.83835
-0.197053	0.570884	0.797033
0.798304	-0.216549	0.561977
-0.270326	0.19358	0.943107
0.5562	-0.68988	0.463364
0.414037	-0.403228	0.816076
-0.072287	-0.441695	0.894248
0.274049	-0.279383	0.92024
-0.228519	0.41996	0.878301
0.230595	0.0838714	0.969428
0.0704428	-0.512386	0.855861
0.360166	-0.930025	0.0730303
0.14347	-0.425883	0.893331
0.470298	-0.741192	0.479014
0.726829	-0.231183	0.646741
0.260715	0.463785	0.846718
-0.288291	-0.107335	0.951508
-0.16086	-0.337516	0.927473
-0.166397	0.105402	0.980409
-0.0495502	0.643865	0.763533
-0.30664	0.256255	0.916682
-0.314385	-0.0936848	0.944661
-0.292188	-0.450378	0.843674
0.702866	-0.55839	0.440658
-0.325656	0.285586	0.901326
-0.105277	0.251017	0.962241
-0.336155	0.538231	0.772857
-0.516186	0.259791	0.816126
0.0999028	-0.786964	0.608858
0.364514	-0.380971	0.8497
0.417476	-0.904577	0.0863396
-0.405868	0.312577	0.858817
0.474996	-0.852066	0.219913
-0.227354	0.324026	0.918323
-0.394023	0.143004	0.907907
0.343136	-0.595608	0.726298
0.431976	-0.369478	0.822729
-0.459991	-0.543972	0.701785
-0.784495	-0.271781	0.557407
-0.209019	0.189021	0.95947
-0.689009	0.0113406	0.724664
0.168563	0.124446	0.977804
0.0363153	-0.586518	0.809122
-0.313881	-0.371435	0.873793
0.0471011	0.757084	0.651617
0.803346	0.0540524	0.593055
0.420264	0.240644	0.874911
-0.0313055	0.30076	0.953186
-0.274113	-0.475893	0.835696
0.461529	-0.773568	0.434261
-0.537617	-0.0211814	0.842923
0.011974	0.361234	0.932398
0.589833	0.0517005	0.805868
0.115287	-0.247524	0.961998
0.325821	-0.579414	0.747074
0.336323	0.635902	0.694634
-0.0606048	-0.2634	0.962781
-0.193053	-0.413419	0.88984
-0.417018	0.41628	0.807965
0.29801	-0.032865	0.953997
0.23149	-0.106385	0.967003
0.298427	-0.874254	0.38291
0.332987	0.285741	0.898595
-0.129091	0.237509	0.962769
-0.664104	0.357735	0.6565
-0.0291656	-0.307279	0.951172
0.386178	-0.184508	0.903783
0.670078	-0.0858314	0.737312
-0.11248	-0.60588	0.787564
0.0684197	-0.144313	0.987164
0.480754	-0.470923	0.739667
-0.135684	-0.843241	0.520129
0.407534	0.382643	0.829157
0.0720654	-0.517427	0.852687
0.328928	0.182499	0.926553
0.537275	-0.627805	0.563202
0.549472	-0.594949	0.586614
-0.346722	0.454917	0.820265
0.357752	0.221555	0.907153
0.46232	-0.673766	0.576455
-0.591332	-0.468392	0.656457
-0.0817301	0.450459	0.889049
-0.23607	0.870485	0.431888
0.171483	-0.568659	0.8045
-0.759038	-0.184965	0.624219
0.251848	0.275654	0.927679
0.221602	-0.530144	0.818438
0.733098	-0.554392	0.393975
-0.110202	-0.848487	0.517615
0.0152964	0.0555539	0.998339
-0.290328	-0.199705	0.935857
-0.102092	-0.391764	0.914384
-0.836423	0.0599797	0.544793
0.378174	-0.210305	0.90153
-0.00510829	-0.445242	0.895396
0.281389	-0.399389	0.87253
-0.801105	0.361276	0.47719
-0.186199	-0.013063	0.982425
-0.254068	-0.277669	0.926472
0.795335	-0.178534	0.579282
-0.055663	0.111066	0.992253
0.0736323	-0.397573	0.914612
-0.243413	-0.656776	0.713719
0.114168	-0.0987622	0.98854
0.1168	0.354819	0.92761
-0.395217	-0.110584	0.911907
-0.14308	0.0644417	0.987611
0.00448688	0.134472	0.990907
-0.238703	-0.332532	0.912383
0.0467464	-0.75366	0.6556
-0.394643	-0.210586	0.894377
0.42039	0.603911	0.677174
0.65993	0.160653	0.73395
0.0119602	-0.000550195	0.999928
0.247458	-0.218491	0.943942
-0.0686188	-0.578139	0.813048
0.225468	-0.234672	0.945565
0.418721	0.416608	0.806914
0.214346	0.114756	0.969993
-0.153047	0.383816	0.910638
-0.0357284	0.384232	0.922545
0.0160109	-0.582362	0.812772
0.282887	0.63205	0.721448
0.618924	-0.560463	0.550286
0.51224	0.0893238	0.854185
0.804292	-0.039798	0.5929
-0.485163	-0.29854	0.821883
-0.00978637	0.308923	0.951037
0.684798	0.054961	0.726658
0.428873	-0.265533	0.863458
0.058254	-0.0448134	0.997295
0.783012	0.16132	0.600723
0.550224	-0.587824	0.593056
0.502696	0.458272	0.732996
-0.149635	0.06253	0.986762
-0.618949	-0.297026	0.727102
-0.0999307	-0.415076	0.904282
-0.0261273	0.182977	0.98277
0.577295	-0.355626	0.735024
0.358412	0.412718	0.83738
0.445484	-0.372368	0.814178
0.275849	-0.213705	0.937143
0.682105	0.0900093	0.725694
-0.00940475	-0.498532	0.86682
0.412877	-0.3096	0.856551
-0.152115	-0.85909	0.488698
0.140989	-0.145597	0.979246
-0.0323518	-0.623256	0.781348
-0.89423	-0.419353	0.156511
-0.181634	-0.349789	0.919052
-0.731793	-0.411364	0.543377
-0.640083	-0.193921	0.74343
0.23406	-0.698302	0.676454
0.424501	-0.60178	0.676505
0.215555	0.0614482	0.974556
0.198603	-0.481511	0.853642
-0.615042	-0.273034	0.739713
-0.725702	-0.568971	0.386818
-0.305328	0.809491	0.501496
0.553945	-0.356165	0.752523
-0.152779	0.530345	0.833902
0.0730248	0.493853	0.866474
-0.585357	-0.0738201	0.807408
0.376555	-0.273351	0.885147
0.624679	-0.517744	0.584566
-0.0485191	-0.803377	0.593491
-0.112695	-0.345665	0.931566
0.229985	-0.0681118	0.970808
-0.545695	-0.28033	0.789704
0.150029	-0.374074	0.915183
0.369843	0.0385454	0.928294
0.483752	-0.246561	0.839757
0.0396992	0.0532736	0.997791
0.369862	-0.102891	0.923372
-0.113791	0.115848	0.986727
-0.229249	0.366347	0.901795
-0.231494	0.559701	0.795704
0.0706334	-0.705423	0.705259
0.0177509	-0.0156238	0.99972
0.265387	0.862275	0.431337
-0.0246454	-0.410223	0.911652
0.426809	-0.405954	0.808106
-0.365623	0.184108	0.912373
-0.369441	-0.0328474	0.928673
0.218566	0.698837	0.681069
0.123763	0.274282	0.953652
-0.210037	0.555461	0.804579
-0.211431	0.268686	0.939737
-0.68515	0.322294	0.65322
-0.200931	-0.541504	0.816334
-0.299894	-0.0404473	0.953115
-0.197396	-0.598827	0.776171
-0.471172	0.466537	0.748558
0.63416	0.158262	0.756832
0.0207436	-0.158958	0.987067
-0.386607	-0.0924768	0.917596
0.765207	-0.0606341	0.640923
0.0669787	-0.166092	0.983833
0.545576	-0.280483	0.789732
-0.135674	-0.602185	0.786743
0.293636	-0.0147605	0.955803
-0.00351345	0.659048	0.752092
0.376189	-0.462425	0.802898
0.597076	0.240525	0.765276
-0.183493	0.26312	0.947153
0.267359	0.0517434	0.962207
-0.305556	0.23585	0.922502
-0.0784677	-0.111657	0.990644
-0.178935	0.478963	0.859405
0.21302	-0.198133	0.956748
0.207108	-0.434222	0.876674
0.34545	-0.551205	0.759498
0.0306222	-0.69865	0.714808
-0.69356	0.0550182	0.718295
-0.207136	0.171016	0.963249
0.0327994	0.435294	0.899691
0.598631	-0.236253	0.765392
0.324265	-0.660029	0.677653
-0.255113	-0.877631	0.40581
-0.130447	0.296231	0.946166
0.338786	-0.731498	0.591721
-0.312981	0.208566	0.926576
-0.0755995	-0.247558	0.965919
0.0115867	0.635974	0.771623
0.393579	-0.43098	0.812004
0.353532	-0.519482	0.777916
-0.161099	-0.092464	0.982597
0.0806765	0.102436	0.991463
-0.16507	0.0377927	0.985558
-0.027283	0.240657	0.970227
0.0585278	0.0969023	0.993572
-0.0557169	-0.442897	0.89484
0.461328	0.693874	0.552916
-0.154881	-0.320234	0.934592
0.331491	-0.568747	0.752756
-0.25439	0.0592328	0.965286
-0.309352	0.184086	0.93296
0.248419	0.10472	0.962975
-0.0385764	0.010341	0.999202
0.220564	-0.289628	0.931379
0.192299	0.210766	0.958436
-0.0594653	-0.317232	0.946482
0.952164	0.0740903	0.296469
0.147729	-0.0244539	0.988726
-0.102142	0.111177	0.988538
0.594659	-0.651172	0.471546
0.122419	-0.0350177	0.991861
-0.211705	-0.925544	0.313925
0.598618	-0.594672	0.536676
-0.38432	0.307883	0.870349
-0.559983	0.13915	0.816735
-0.191293	-0.534873	0.822993
-0.26456	0.218818	0.939216
0.184568	-0.498171	0.847208
-0.507366	0.363213	0.781445
0.462887	0.0400388	0.885513
0.394228	0.0011534	0.919012
-0.542377	-0.545625	0.638843
0.696143	-0.0221413	0.717561
-0.300447	0.296016	0.906701
0.583121	-0.562691	0.585959
-0.222331	-0.139446	0.964948
-0.215686	-0.289512	0.932557
-0.534758	0.751315	0.38673
0.129696	-0.0271321	0.991183
0.780511	0.263021	0.567118
-0.560282	0.218726	0.798901
0.497443	-0.0414598	0.866506
0.571502	0.302366	0.762863
0.285121	0.644318	0.70962
-0.449144	-0.180261	0.875086
0.141992	0.589359	0.795295
0.754877	-0.0880951	0.649923
0.656663	0.050182	0.752513
0.421607	-0.0193421	0.906572
-0.49829	-0.0316653	0.866432
-0.317037	0.435287	0.842623
0.653301	-0.126212	0.746504
0.644961	-0.21043	0.734673
-0.480504	0.289176	0.827945
0.197742	-0.384626	0.901643
0.208181	-0.694764	0.68845
0.387546	-0.416417	0.822439
-0.285432	0.124672	0.950256
0.782061	-0.355006	0.512203
0.28184	0.48902	0.825485
0.138412	0.0460672	0.989303
-0.0442031	-0.0477525	0.997881
0.0428214	0.136244	0.989749
0.391247	-0.700211	0.597184
-0.403415	0.266569	0.875327
0.467177	-0.0649297	0.881776
0.557459	0.0671084	0.827488
-0.142775	-0.143067	0.979361
-0.0324836	-0.436876	0.898935
-0.0764831	-0.210325	0.974635
0.182576	-0.194525	0.963756
0.373125	0.278502	0.884994
0.552051	-0.152067	0.819826
0.710713	-0.703272	0.0171949
0.0339086	-0.411636	0.910717
0.218793	-0.244312	0.944691
-0.111879	-0.0641316	0.99165
0.839616	-0.215026	0.498807
0.0940738	0.65724	0.747787
-0.295556	0.240142	0.92465
-0.105268	0.2168	0.970524
0.365938	-0.501151	0.784179
0.362858	-0.195039	0.911205
0.0210417	-0.391206	0.920062
0.174824	0.0915844	0.980331
0.0510799	-0.121917	0.991225
0.477046	0.660161	0.580184
0.0879751	0.315681	0.944778
0.0808663	-0.426443	0.900892
-0.469286	-0.18199	0.86409
0.753546	-0.357345	0.55179
-0.362539	-0.599803	0.713304
0.350415	-0.130119	0.927512
-0.0578681	0.131331	0.989648
-0.245945	-0.43648	0.865446
-0.466665	-0.338056	0.817277
0.112988	-0.0240749	0.993305
0.105329	-0.0101029	0.994386
0.747279	-0.304783	0.590492
-0.0940197	0.602127	0.792845
0.385661	-0.13864	0.912165
0.0784872	0.102153	0.991668
0.690622	0.354142	0.630575
0.282763	0.300292	0.910972
-0.000405981	-0.340772	0.940146
0.188368	-0.150068	0.970565
0.595786	-0.214811	0.773883
-0.462488	-0.299936	0.834352
-0.274222	0.0427915	0.960714
0.803276	-0.157459	0.574416
0.060036	0.234083	0.970361
-0.0893934	0.120181	0.988719
-0.147551	0.501605	0.852421
0.382953	-0.571487	0.725775
0.231457	-0.299983	0.925439
0.498502	0.656737	0.565855
0.114628	-0.264348	0.957591
0.0803372	-0.21001	0.974393
-0.11196	-0.0941615	0.989241
0.130187	-0.0792949	0.988314
0.0112876	0.799821	0.600132
0.562221	0.0125356	0.826892
0.50749	-0.222951	0.832314
0.428368	0.446357	0.785663
-0.0384583	-0.0558783	0.997697
-0.184661	-0.297176	0.936796
0.284365	0.279624	0.917032
0.270043	0.724638	0.634016
-0.0300652	-0.61191	0.790355
-0.0860795	0.858587	0.50539
0.600826	-0.23651	0.763591
-0.0776314	0.0219003	0.996742
-0.217701	-0.411172	0.88518
0.0257926	-0.120003	0.992438
0.539655	0.0160572	0.841733
0.197987	-0.160221	0.967021
0.317842	-0.169519	0.932867
-0.246951	-0.460284	0.852733
-0.358312	-0.624172	0.694278
0.360543	-0.0169636	0.932588
0.382453	0.286733	0.878359
0.520532	0.172935	0.836146
0.230286	-0.417276	0.879118
0.262228	-0.166064	0.95061
-0.565732	0.466392	0.680019
0.393519	0.129021	0.910218
0.364045	-0.22148	0.904665
-0.120993	0.196096	0.973091
-0.432893	-0.128617	0.892223
0.187088	-0.605923	0.773211
0.0665818	-0.445849	0.892629
-0.442914	0.0165371	0.896412
0.833861	-0.00737726	0.551925
0.286196	-0.297627	0.910774
0.796115	-0.0175028	0.604892
0.193927	0.0401974	0.980192
0.405092	0.520325	0.751772
-0.0597386	0.631045	0.773443
0.121432	-0.409828	0.904044
-0.266676	0.26839	0.925662
0.539003	-0.166227	0.825738
0.0178963	-0.0259132	0.999504
0.0983546	-0.210344	0.972667
0.430882	0.0225746	0.902126
0.597943	0.0220239	0.801236
0.670625	0.271527	0.690315
-0.438658	0.599504	0.669458
0.617092	-0.243729	0.748193
0.557446	-0.439193	0.704531
-0.0780419	0.499328	0.862891
0.59486	0.344208	0.726404
-0.0298349	-0.0731154	0.996877
0.502397	-0.0698354	0.861812
-0.176176	0.522095	0.834493
0.234908	-0.313811	0.919968
-0.83643	0.547276	-0.0295597
0.0957965	-0.578613	0.809957
0.181129	-0.240343	0.953639
0.0680554	0.461937	0.884298
-0.907053	0.347973	0.237001
0.435471	-0.630488	0.642534
0.318033	0.0844207	0.944314
0.140879	0.588385	0.796214
0.296502	-0.165475	0.940587
0.359973	-0.377335	0.853251
0.515286	-0.160798	0.841798
0.56678	0.0338875	0.823172
0.217294	-0.722752	0.656058
-0.623922	0.0914284	0.77612
0.580906	-0.128737	0.803726
0.180687	-0.748463	0.638087
0.54358	0.0313304	0.838773
-0.151948	0.180476	0.971772
0.0957721	-0.556439	0.825351
0.236783	-0.24184	0.940982
-0.485736	0.28311	0.826988
0.583821	-0.480235	0.65462
0.0229021	-0.431398	0.901871
-0.0510598	-0.77479	0.630154
-0.117584	-0.260018	0.958418
-0.26704	-0.602392	0.752206
0.335648	-0.0785833	0.938704
-0.226447	-0.377231	0.898008
0.658192	-0.595763	0.460271
0.193387	-0.724974	0.66107
-0.00657548	-0.535686	0.844392
0.444951	0.58021	0.682184
0.381926	0.0788144	0.920826
-0.190067	-0.518147	0.833905
-0.00211357	-0.490276	0.871564
-0.432757	-0.130573	0.892004
0.74063	-0.580671	-0.338067
0.213943	-0.511713	0.832093
-0.137214	-0.290514	0.946982
-0.539539	-0.65612	0.52764
0.349262	-0.560029	0.751255
0.219254	-0.230729	0.947994
0.0112616	-0.451193	0.892355
0.429939	-0.68066	0.593173
0.407683	-0.366479	0.836354
-0.0514947	-0.074854	0.995864
-0.654775	-0.312306	0.688284
-0.310915	0.514315	0.799257
0.672487	0.138614	0.727012
0.647345	0.694402	0.314245
0.0384004	-0.20195	0.978643
0.884084	0.397061	0.24645
-0.19783	-0.225499	0.953946
-0.465874	0.0898123	0.880281
-0.325039	0.402428	0.855804
-0.0711019	-0.446864	0.891772
-0.224551	-0.0580933	0.972729
-0.221302	0.337015	0.915121
0.386662	0.915173	0.1138
-0.132989	0.31568	0.9395
-0.640099	0.243631	0.728641
-0.127704	0.0117585	0.991743
0.636702	-0.28506	0.716486
0.292686	-0.0184877	0.95603
0.0519337	0.10242	0.993385
-0.26986	-0.363208	0.891771
-0.115422	-0.137714	0.983724
0.661267	-0.18642	0.726618
-0.398755	0.8099	0.430183
-0.0333622	0.656614	0.753488
-0.120205	-0.510521	0.851422
-0.560369	-0.827797	0.0271705
0.453331	0.545603	0.704846
-0.338203	0.288863	0.895643
0.538103	-0.272027	0.797776
-0.149399	0.245108	0.957915
-0.37234	0.0904247	0.923681
0.199598	-0.0124335	0.979799
-0.447088	-0.389063	0.805446
-0.471981	0.611643	0.634922
-0.167981	-0.985612	-0.0187441
0.390464	0.0598679	0.918669
0.639318	0.00901804	0.768889
0.8357	0.209634	0.507602
-0.164047	-0.686674	0.708214
-0.303419	-0.317437	0.898427
-0.306283	-0.764556	0.567138
0.28767	-0.684773	0.669576
0.376079	-0.337301	0.863014
0.0409593	-0.659418	0.75066
0.206904	-0.0151212	0.978244
-0.26801	-0.440388	0.856872
0.908607	0.139147	0.39379
0.0621053	-0.61673	0.784721
0.1518	-0.644865	0.74907
0.769607	-0.511151	0.382661
-0.498282	-0.549042	0.67102
0.127327	0.116948	0.984942
0.395422	-0.669361	0.628965
0.0667936	0.182977	0.980846
-0.0899281	-0.806383	0.584516
-0.144339	-0.519283	0.842325
0.210048	-0.483082	0.850007
-0.718534	-0.153015	0.67845
-0.877243	0.24375	0.41356
-0.297386	-0.620248	0.725847
-0.38718	-0.0124817	0.92192
0.22002	-0.45497	0.862898
-0.0638351	-0.0689861	0.995573
0.130271	-0.407873	0.903698
-0.230501	-0.81956	0.524586
0.440236	0.57251	0.691683
-0.207302	0.0817362	0.974856
-0.476076	0.734736	0.483233
0.16604	-0.033089	0.985564
0.389822	-0.437307	0.810433
-0.261682	0.0282725	0.96474
0.316003	0.422823	0.849331
-0.264783	0.229845	0.936515
0.276509	-0.270483	0.922162
0.486156	0.0627032	0.87162
0.698977	0.204745	0.685209
-0.000592628	-0.373484	0.927636
-0.588187	0.223005	0.777371
-0.00139709	-0.575172	0.818031
0.438113	0.352298	0.827008
0.464217	-0.299239	0.833642
0.587944	-0.453417	0.669876
0.436559	0.235421	0.868328
-0.33178	-0.665502	0.668602
-0.324781	0.343101	0.881362
-0.318685	-0.048448	0.946622
0.335292	0.253951	0.907242
0.373045	0.193336	0.907446
0.539063	0.013499	0.842157
-0.39662	-0.378563	0.836291
0.399107	-0.156256	0.903492
0.441099	0.137343	0.886887
-0.148202	0.431112	0.890044
0.493763	-0.457184	0.739717
0.46587	-0.619579	0.631733
0.389304	0.241785	0.88881
0.116153	0.088064	0.98932
0.80173	-0.256994	0.539613
-0.00439704	-0.00384987	0.999983
-0.441193	-0.173539	0.880473
-0.36588	-0.163559	0.916177
-0.341355	-0.917673	0.203354
0.0799448	-0.443501	0.892702
0.286042	-0.0171555	0.958064
0.358924	-0.55406	0.751127
0.255684	-0.642134	0.722696
0.230477	0.208779	0.950417
-0.313341	-0.544477	0.77805
0.678233	-0.271172	0.682983
-0.636328	0.0811805	0.767135
0.644285	0.109551	0.756898
0.265437	-0.888263	0.374876
-0.146298	-0.137056	0.9797
0.498226	-0.62012	0.605989
-0.652359	-0.0775893	0.753928
-0.0926194	-0.0872141	0.991875
-0.297378	-0.0368548	0.954048
-0.049664	0.182959	0.981865
-0.774604	-0.193666	0.602065
-0.163384	-0.413775	0.895598
0.517713	-0.523507	0.676693
0.224807	-0.485313	0.844946
0.872705	-0.0272118	0.487489
0.118614	-0.503312	0.855925
0.22425	-0.395235	0.890787
-0.196075	-0.927301	0.318855
-0.0756016	-0.269664	0.959982
0.475303	0.514243	0.713892
0.202515	0.612146	0.764373
-0.515526	-0.233705	0.824387
0.0984562	0.869941	0.483227
0.0902403	-0.830974	0.548944
-0.399155	-0.410337	0.819938
0.55047	-0.816611	-0.173576
-0.258586	0.26246	0.92965
-0.777866	-0.338313	0.529592
0.413598	0.133449	0.900627
-0.491619	-0.656304	0.572342
0.189466	0.813995	0.549103
0.0394636	0.0558682	0.997658
-0.165756	-0.215547	0.962322
-0.0621547	-0.412438	0.908863
-0.456337	-0.593885	0.662614
0.376415	0.479271	0.79285
-0.455753	0.16433	0.874806
-0.445836	-0.0515536	0.893629
-0.637695	-0.309068	0.705565
0.288949	-0.878407	0.380669
-0.0114626	-0.200115	0.979705
-0.254123	0.162082	0.953494
0.572449	0.0571134	0.817949
0.0951378	-0.153193	0.983606
-0.0909993	0.223913	0.970352
-0.157718	0.562723	0.81146
-0.201616	-0.117493	0.972392
0.0113664	-0.498155	0.867014
-0.308736	-0.477093	0.822839
-0.0644732	-0.440794	0.89529
0.467656	0.138003	0.873071
0.100388	0.226711	0.968775
0.367832	-0.194471	0.90933
0.787322	0.159536	0.595544
0.308531	0.310943	0.898957
0.45352	-0.764237	0.458543
0.320533	-0.389336	0.863525
0.383964	0.41095	0.826856
0.207029	-0.679988	0.703389
-0.2756	-0.375441	0.884923
-0.251687	-0.745608	0.617027
0.589782	0.737899	0.32812
0.945195	0.270867	0.182311
-0.548883	-0.696931	0.461535
0.0790974	0.27371	0.958554
0.192147	-0.459506	0.867141
0.669408	0.271584	0.691473
0.237255	-0.0247867	0.971131
-0.165623	0.232324	0.958433
0.316804	0.12658	0.940007
-0.526749	-0.521551	0.671208
-0.0678591	-0.798154	0.598619
-0.0495387	-0.443446	0.894931
0.123014	-0.161296	0.97921
0.507834	0.0818762	0.857555
-0.316585	-0.524082	0.79064
0.0654879	-0.0162201	0.997722
0.222413	-0.594982	0.772353
0.459913	-0.38641	0.79948
0.418855	0.641353	0.642827
0.0410319	0.661709	0.748637
0.239982	-0.181168	0.953722
0.157503	-0.857254	0.490213
0.237856	-0.205269	0.949363
0.00948675	-0.377627	0.925909
0.195729	-0.465	0.863404
-0.0290436	0.382732	0.923403
-0.184215	0.718859	0.670303
-0.291212	0.0654737	0.954415
0.312918	0.41353	0.855029
0.487889	-0.77593	0.399872
0.420763	0.17247	0.890625
-0.606839	-0.0865369	0.7901
0.345531	-0.715634	0.607023
-0.641455	0.498067	0.583493
0.417753	-0.174818	0.891584
-0.554783	0.232118	0.79896
0.378318	0.363407	0.851358
0.541035	0.629225	0.557994
-0.441518	-0.102979	0.891323
-0.16042	0.155143	0.97478
0.23434	-0.184972	0.954395
0.767049	-0.222706	0.601696
0.226497	-0.569123	0.790441
0.803361	0.0355117	0.594433
0.104824	-0.142243	0.984266
0.50419	0.0717334	0.860609
0.191966	0.161328	0.968051
-0.112177	0.379898	0.918201
-0.655656	0.606172	0.45019
0.0102707	0.0420018	0.999065
0.491088	0.828547	0.268966
0.173405	-0.137701	0.975177
-0.608607	-0.324932	0.72389
0.340415	0.763596	0.54867
-0.103254	0.0199654	0.994455
0.677237	0.342519	0.651177
0.779628	-0.169814	0.602779
-0.445739	0.547772	0.707999
0.210061	-0.271873	0.939127
0.816218	-0.445799	0.367494
-0.123585	0.388003	0.913335
-0.170306	-0.448837	0.877235
0.724367	0.311423	0.615068
0.446974	-0.613725	0.650812
0.0788133	0.147649	0.985895
0.528047	0.703589	0.475531
-0.791767	-0.419299	0.444177
0.430172	-0.204674	0.879239
0.399255	-0.36057	0.842962
0.112766	0.226172	0.967538
0.654969	0.431951	0.620027
-0.611946	0.0229016	0.790568
0.313427	0.20006	0.928299
-0.427797	-0.351474	0.83274
-0.490644	0.226821	0.841321
-0.00885757	-0.323898	0.946051
-0.0767945	-0.439727	0.894842
0.28407	-0.455659	0.843611
0.193332	0.0599454	0.9793
-0.446364	0.161675	0.880125
0.706567	0.605972	0.36546
-0.326474	-0.0723933	0.94243
-0.625571	-0.534177	0.56861
-0.80917	0.188183	0.556626
-0.134893	-0.186854	0.973082
-0.0735262	0.350073	0.933832
-0.00321394	-0.416625	0.909073
-0.0036177	0.664256	0.747497
0.263542	0.457333	0.849348
-0.270863	-0.684298	0.67703
-0.150933	-0.480732	0.86378
-0.572365	0.145581	0.806972
0.99046	-0.117221	0.0724442
-0.538801	0.319601	0.779454
0.60932	0.230104	0.758803
0.0663443	0.625819	0.777141
0.337109	-0.495952	0.800243
-0.542088	0.518346	0.661407
0.483938	-0.0160245	0.874955
0.54277	-0.382662	0.747643
-0.341446	-0.172778	0.923884
-0.00478109	0.00432525	0.999979
-0.847292	-0.205867	0.489607
0.209218	0.697669	0.685191
0.0595894	-0.00809476	0.99819
0.650469	0.302916	0.696515
0.745788	0.580397	0.327017
0.193437	0.407313	0.892568
0.0412481	0.0967307	0.994456
-0.611583	-0.278812	0.740426
-0.301687	0.78173	0.545787
-0.125159	-0.0138427	0.99204
0.521708	0.677476	0.518505
0.707358	-0.425261	0.564621
0.724793	-0.568605	0.389053
0.147666	-0.237668	0.960057
-0.332221	-0.230546	0.914592
0.122117	0.789899	0.600956
0.423018	-0.0264877	0.905734
0.153484	0.290308	0.944544
0.423919	0.110375	0.898949
0.55445	0.19093	0.810019
0.020511	-0.481247	0.876345
0.164557	-0.175868	0.970563
0.49376	-0.0681356	0.866925
0.638262	0.263699	0.723246
0.578616	-0.0939202	0.810174
0.321637	-0.268705	0.907936
0.37258	-0.455186	0.808696
0.080889	-0.654242	0.751947
0.523539	-0.367116	0.768852
0.513741	-0.51658	0.684993
0.105906	-0.698614	0.707617
0.30983	-0.0106363	0.950732
0.646244	-0.0391257	0.762127
-0.447839	-0.889847	0.0872517
-0.289119	-0.442406	0.848933
0.914653	0.0469972	0.401498
-0.211017	-0.8254	0.523629
-0.378237	-0.416464	0.826737
0.504964	-0.142746	0.851255
0.339311	-0.18782	0.921733
-0.0742452	-0.793637	0.603845
0.118344	-0.0413675	0.992111
0.51969	-0.117121	0.846289
0.275077	-0.636246	0.72078
-0.635706	-0.336013	0.694962
0.524532	0.796176	0.301614
0.543275	-0.539175	0.64354
0.192276	0.583782	0.788815
0.53786	0.0710501	0.840035
0.210791	-0.681595	0.700711
0.133501	-0.147119	0.980068
-0.455476	0.648895	0.609489
0.567726	-0.437176	0.697541
-0.0361792	-0.546124	0.836923
0.2306	0.750395	0.61946
-0.220775	-0.0436677	0.974347
-0.886598	-0.042155	0.460615
-0.231106	0.093382	0.968437
-0.310996	0.721436	0.618718
0.549278	-0.0802423	0.831778
0.554181	0.164623	0.815955
0.0807551	0.133501	0.987753
-0.39753	-0.61855	0.677765
-0.0736437	0.756241	0.650136
0.616392	-0.0389778	0.786474
-0.0153158	-0.100909	0.994778
-0.233078	-0.548124	0.803265
0.137202	0.00572766	0.990526
-0.436613	-0.144807	0.887919
0.147909	0.330577	0.932117
-0.248424	0.291959	0.923605
0.220987	0.0945992	0.970678
0.161731	0.0526351	0.98543
0.335318	-0.110719	0.935577
0.70101	-0.192687	0.686627
-0.531117	-0.247212	0.810433
0.430036	-0.193771	0.881772
0.786278	0.114543	0.607163
-0.417867	-0.594893	0.686651
0.295683	-0.341718	0.892077
0.169899	0.379464	0.909473
0.664944	-0.119275	0.737308
-0.778402	0.0159453	0.627564
0.671186	-0.0787243	0.737097
0.588972	0.0922672	0.802869
-0.489424	-0.188542	0.85142
-0.0295651	0.422379	0.905937
0.0979104	-0.210864	0.9726
0.876307	-0.183131	0.445589
-0.446897	-0.70187	0.554672
-0.841664	-0.209971	0.497508
0.175271	-0.40899	0.895548
-0.868943	-0.0462744	0.492745
0.0555022	-0.178167	0.982434
0.537519	-0.491516	0.68519
0.212503	-0.507722	0.834901
0.204952	-0.542186	0.81488
-0.919142	0.295515	0.260478
-0.175107	0.529234	0.83021
0.0541384	0.0362611	0.997875
-0.11957	0.0712958	0.990263
0.0488221	-0.308551	0.949954
-0.19268	-0.0804364	0.977959
0.123492	-0.95383	0.273785
-0.291805	-0.563173	0.773101
0.373833	-0.880168	0.292495
0.544935	0.483808	0.684819
0.378932	-0.070449	0.922739
-0.259727	0.0547243	0.96413
0.270099	0.343914	0.899316
-0.109256	-0.53172	0.839844
-0.278189	0.420918	0.863388
-0.00514922	-0.454244	0.890863
-0.923344	0.243815	0.29663
-0.55351	0.144213	0.820262
0.236296	-0.483157	0.843044
-0.125284	0.5112	0.850281
-0.324865	-0.815271	0.47937
-0.116202	0.599213	0.792112
0.32159	-0.269619	0.907681
-0.131592	0.0424743	0.990394
-0.463078	-0.339814	0.818587
0.0392276	0.208285	0.977281
0.635488	0.294872	0.713586
0.765546	0.0965519	0.636095
-0.263413	0.396543	0.879413
-0.578716	0.451412	0.679202
0.299324	-0.129848	0.945275
-0.27227	-0.31428	0.909449
0.668245	0.485986	0.563265
0.152188	-0.546457	0.823543
0.187407	-0.396542	0.898684
0.778996	0.529579	0.335725
-0.446051	-0.167002	0.879289
0.602728	0.108052	0.790597
-0.0863768	-0.00674868	0.99624
0.689715	-0.0248559	0.723654
-0.37196	0.017777	0.928079
-0.429735	0.393837	0.812539
0.0523271	0.351821	0.934603
-0.686639	0.145512	0.712287
0.689443	-0.377345	0.618287
0.182793	-0.014859	0.983039
0.780131	0.014241	0.625455
0.272645	-0.330565	0.903544
-0.0541916	-0.0209435	0.998311
0.106292	-0.0552248	0.9928
-0.124936	-0.100587	0.987053
0.0610984	-0.815158	0.576008
0.649662	-0.380519	0.658138
0.230917	-0.157309	0.960173
0.373056	0.739147	0.560794
0.656556	-0.280267	0.700275
0.970834	-0.0999169	0.217939
0.0209776	-0.53902	0.842032
-0.350975	0.172464	0.920365
0.53357	-0.60833	0.587569
0.417977	-0.300848	0.857196
0.221022	-0.235579	0.946389
0.572654	-0.363329	0.734887
-0.393697	0.0172714	0.919078
0.555248	-0.203614	0.806375
-0.0898201	-0.244094	0.965583
-0.313763	-0.572947	0.757155
-0.0995894	0.0781631	0.991954
0.982302	0.00802766	-0.187132
0.13786	-0.610076	0.780258
0.360099	-0.693159	0.624387
0.721791	0.0637594	0.689168
-0.480307	-0.517856	0.707905
0.675806	0.736692	-0.0238954
-0.0183003	-0.0668725	0.997594
0.304069	0.319511	0.897471
-0.448429	0.270783	0.851814
0.0532941	0.168374	0.984281
0.402203	0.126289	0.906799
-0.137454	0.5686	0.811049
0.97102	0.00332099	0.238974
0.163392	0.187487	0.968582
-0.20622	0.124773	0.970518
0.0954342	-0.175065	0.979921
0.170963	0.0825477	0.981813
0.602694	-0.00813523	0.797931
0.592152	-0.446063	0.671106
0.61092	0.0923621	0.786286
0.542204	0.057874	0.838251
0.230076	-0.502293	0.833527
0.781046	0.193925	0.5936
-0.381888	-0.272679	0.883067
0.507105	0.252653	0.824021
0.0289628	0.768396	0.639319
-0.267813	0.422324	0.865978
0.043322	0.0194136	0.998873
0.618049	-0.517285	0.591972
0.483346	0.577618	0.657825
0.236271	0.464319	0.853571
-0.131833	0.340102	0.931102
-0.735895	0.512911	0.442018
-0.236513	-0.747377	0.620878
0.077256	0.245452	0.966325
0.416916	-0.127322	0.899983
0.407214	0.220198	0.886391
-0.212602	-0.0813413	0.973747
0.818443	0.544173	0.184464
0.226264	-0.121018	0.966519
0.76785	-0.161948	0.619822
-0.822201	0.12168	0.55604
-0.376667	-0.0688844	0.923784
0.367641	-0.113824	0.922976
-0.320868	-0.00412609	0.947115
-0.399823	-0.32058	0.858702
0.0583499	0.0760138	0.995398
-0.253981	0.0236217	0.966921
0.0961396	-0.0588189	0.993628
0.462886	-0.0963077	0.88117
0.258539	-0.943289	0.208238
-0.322237	0.103558	0.940978
-0.0609461	0.996736	-0.0529458
0.505054	0.0179845	0.8629
0.311395	-0.321709	0.894168
0.0578216	0.135652	0.989068
-0.051235	0.363576	0.930155
-0.0604236	-0.430991	0.900331
0.556741	-0.024259	0.830332
0.6552	-0.0769974	0.751522
-0.134153	0.712056	0.689187
0.834559	0.189741	0.517213
0.395022	0.189473	0.89892
0.716362	0.66249	0.218934
-0.266932	0.209914	0.940576
0.744319	-0.26175	0.61439
-0.350057	-0.404588	0.844848
0.816019	0.434909	0.380745
0.197429	-0.23463	0.951825
0.853474	-0.302284	0.424506
-0.603824	-0.449311	0.658419
-0.231115	-0.279054	0.932049
-0.164839	0.00866431	0.986282
-0.671849	0.473306	0.569737
0.507374	-0.0142525	0.861608
-0.142034	-0.00442506	0.989852
0.461912	0.274348	0.843428
-0.411806	0.118485	0.903536
0.232024	-0.134484	0.963369
-0.00755351	0.861595	0.507541
0.705704	0.310726	0.636734
0.451346	0.805515	0.383969
-0.67153	0.737204	0.0746831
0.966745	-0.113184	0.229332
-0.0698293	-0.641241	0.764155
-0.137176	-0.774062	0.61807
0.561063	-0.679721	0.472427
-0.40471	-0.23763	0.88303
-0.000956038	0.192058	0.981383
0.468045	0.333825	0.818227
0.0118158	0.127742	0.991737
0.214109	-0.66137	0.718851
0.0149212	-0.249094	0.968364
0.291531	0.0974707	0.951582
0.428017	0.252687	0.867727
-0.13331	-0.365692	0.921139
0.628428	0.0472104	0.776434
0.173752	0.122671	0.977119
0.393582	-0.865424	0.310055
-0.460382	-0.297545	0.83637
-0.408498	-0.156863	0.899179
0.413661	0.216138	0.884403
0.485251	-0.123481	0.865612
0.585667	0.463923	0.664658
0.18705	0.166073	0.968211
0.75061	0.166928	0.639312
0.621088	0.0481479	0.78226
0.315375	-0.335269	0.887769
-0.0330842	0.419501	0.907152
-0.383329	-0.393093	0.835785
0.518529	0.365468	0.773021
0.789628	0.539355	0.292548
0.636955	0.208257	0.742238
0.0215359	0.764023	0.644829
0.19398	0.256261	0.946944
0.384424	0.0612797	0.92112
-0.0861972	-0.125564	0.988334
0.863164	-0.327072	0.384671
0.306623	-0.051986	0.95041
-0.376663	-0.0809896	0.922803
0.774862	-0.0129847	0.631997
0.187277	0.728478	0.658974
0.0723324	-0.163387	0.983907
0.206984	-0.219305	0.953448
0.583441	0.506563	0.634816
0.381413	0.683412	0.622472
-0.26922	-0.474547	0.838049
0.565655	-0.149511	0.810975
-0.217701	-0.150128	0.9644
0.635355	-0.51059	0.579328
0.330109	-0.516777	0.789918
0.0933839	0.182561	0.97875
0.153209	-0.138305	0.978468
-0.557055	0.0807494	0.82654
-0.394045	0.0824523	0.915385
0.538709	0.612345	0.578642
0.890521	0.338099	0.304404
-0.0530233	-0.187797	0.980776
-0.00229818	0.678532	0.734567
0.0255098	-0.303511	0.952486
-0.0675556	0.535285	0.841965
0.0514573	-0.260177	0.964189
0.225561	0.632776	0.740754
-0.117631	0.675104	0.728284
0.354741	-0.719732	0.596778
-0.168019	-0.00243461	0.985781
0.052736	-0.290838	0.955318
0.465565	0.412732	0.78288
0.141475	0.310148	0.940103
0.801057	-0.534441	0.269593
0.609663	-0.529523	0.589844
0.424437	-0.689693	0.586666
0.343527	0.250584	0.905095
0.302992	0.0693348	0.950468
0.774496	-0.627639	0.0789037
0.466239	0.488975	0.737242
0.30156	-0.120781	0.945766
0.341667	-0.870356	0.354604
-0.579779	0.150577	0.800739
0.811621	-0.0461133	0.582361
0.803918	0.0448803	0.593044
-0.200512	-0.136051	0.970198
-0.561558	-0.586271	0.5839
0.826303	0.384461	0.411599
0.852862	-0.216097	0.475319
0.220485	-0.407172	0.886339
0.251857	0.220877	0.942221
0.184312	-0.122862	0.975158
0.0212198	0.780361	0.624969
0.636479	-0.441159	0.632671
0.230813	0.103806	0.967445
0.311935	-0.388222	0.867168
0.231743	0.0924238	0.968377
0.175133	0.453273	0.873998
0.480937	0.410729	0.774598
-0.0438782	0.354316	0.934096
0.24619	-0.89315	0.376395
0.251987	0.714788	0.652366
-0.493273	0.132298	0.859755
0.37127	0.241557	0.896554
0.23281	0.114065	0.96581
-0.278744	0.640986	0.715149
-0.42442	0.367532	0.827519
0.0723825	0.103357	0.992007
0.643456	-0.00934984	0.765426
-0.272497	0.0775709	0.959025
0.0961231	-0.247808	0.964029
0.118493	-0.00211536	0.992953
-0.321845	-0.377735	0.868177
-0.156664	0.141649	0.977442
0.291079	-0.0450251	0.955639
-0.44148	-0.406807	0.799752
-0.0564256	-0.417465	0.90694
0.206521	0.460276	0.86342
0.404328	-0.236109	0.883613
-0.172934	-0.391954	0.903585
-0.382542	-0.157838	0.910356
0.0960124	0.609265	0.787133
0.20273	-0.151194	0.967492
-0.295638	0.0286641	0.95487
0.440567	0.171529	0.88118
0.63837	-0.316803	0.701512
0.441619	-0.730219	0.521299
0.653	-0.582747	0.483733
0.769085	-0.086499	0.633266
0.568391	0.61864	0.542417
0.52605	-0.371799	0.764877
0.850409	-0.0123144	0.525977
0.781392	-0.413665	0.467235
0.0590101	-0.194957	0.979035
0.000498451	0.0529298	0.998598
-0.249583	-0.0231804	0.968076
0.0876933	-0.689308	0.719142
0.0316728	-0.703512	0.709977
0.424964	-0.056564	0.903441
-0.0923922	-0.00890913	0.995683
0.980863	-0.0995914	0.167297
0.20379	-0.45063	0.869139
-0.328901	-0.33213	0.884033
0.546121	0.596574	0.588091
-0.429615	-0.7149	0.551679
-0.190865	-0.157353	0.968922
0.387618	-0.766191	0.512546
0.164802	0.11139	0.980017
0.297408	-0.622684	0.723749
0.100991	-0.31039	0.945229
-0.764309	-0.296267	0.572763
-0.317588	-0.820759	0.474861
0.804949	-0.32818	0.494323
0.26759	0.623815	0.734337
0.503452	-0.407539	0.761872
-0.0995	-0.135209	0.985808
-0.0521316	-0.481827	0.874714
0.269087	-0.525228	0.807296
0.0557236	0.220121	0.97388
0.62451	0.651705	0.430426
0.609313	0.683931	0.401218
-0.341949	0.608722	0.715911
0.00254632	-0.553847	0.832615
0.223708	-0.0215098	0.974419
-0.106452	0.237914	0.965435
0.0648315	0.0444133	0.996907
0.517876	0.53809	0.665029
0.117187	-0.0436483	0.99215
-0.498198	-0.425467	0.755497
-0.473579	0.00960725	0.880699
0.820239	-0.569325	-0.055465
-0.384516	-0.421514	0.821263
0.219773	-0.0146603	0.975441
-0.00340971	-0.0124315	0.999917
-0.134761	-0.402448	0.90547
-0.315248	0.0734474	0.946163
-0.645203	-0.209923	0.734606
-0.258881	0.181476	0.948708
-0.097981	-0.869536	0.484053
-0.536753	-0.46047	0.70701
0.381114	-0.103789	0.918684
-0.706508	0.360782	0.608837
-0.0187191	0.380558	0.924567
-0.146964	0.164752	0.975325
-0.0983391	-0.578006	0.810085
0.626698	-0.287695	0.724211
0.759792	0.283275	0.58521
0.716809	-0.0772713	0.692975
0.723114	0.398706	0.564039
0.379061	-0.218718	0.899153
0.224629	-0.0324412	0.973904
0.292484	0.605091	0.740485
-0.22819	-0.0774098	0.970534
0.804683	-0.14209	0.576451
-0.0560226	-0.221192	0.97362
0.0935293	-0.423838	0.900896
0.653884	-0.522151	0.547534
-0.181698	-0.658818	0.730031
0.626186	0.644975	0.438062
0.0123554	-0.744153	0.667895
0.0666034	-0.148333	0.986692
0.335538	-0.453347	0.825767
0.381662	-0.820827	0.424943
-0.283358	-0.651697	0.703562
-0.0843806	-0.975162	0.204792
0.743733	0.312817	0.590767
-0.193332	-0.489788	0.850136
0.899893	0.154934	0.407663
0.795375	-0.26632	0.544473
0.80681	-0.205039	0.554091
0.475567	-0.0690802	0.876963
0.936621	-0.0568675	0.345699
0.862543	-0.480434	0.158752
-0.230675	0.268027	0.935388
0.804945	0.341192	0.48544
0.217806	0.566891	0.794478
-0.149052	-0.117951	0.981769
-0.292435	0.303083	0.906985
0.387694	0.699315	0.600543
0.64177	-0.293728	0.708418
0.235577	0.395127	0.887907
-0.0509943	0.141415	0.988636
0.526476	0.269335	0.8064
0.784977	-0.425622	0.450175
0.224285	-0.668725	0.708874
-0.893903	0.331711	-0.301504
0.525168	0.735113	0.428727
0.0280501	0.233665	0.971912
0.548592	0.410736	0.728246
-0.12172	-0.877017	-0.464786
-0.875645	0.400608	0.269738
-0.201996	0.973096	0.110825
-0.32557	-0.0418728	0.94459
-0.572422	-0.772402	0.275188
0.614689	-0.634401	0.468713
0.664602	0.667893	-0.334996
0.258816	0.138435	0.955955
0.698568	-0.666175	-0.261178
-0.0497721	-0.0470435	0.997652
0.75813	-0.218478	0.614416
-0.549155	0.152159	0.821752
0.775337	0.127544	0.618535
0.642097	-0.309669	0.701296
0.251577	0.0663262	0.965562
0.512231	-0.354935	0.782074
0.56068	-0.826533	0.0498229
0.533273	-0.553285	0.639919
0.829847	0.425496	-0.360979
-0.182713	0.566041	0.803874
-0.496491	0.365184	0.787488
-0.10896	-0.608479	0.786054
0.866479	-0.371235	-0.333766
0.898035	-0.336344	-0.283558
0.733766	-0.596973	-0.324362
-0.467873	-0.878611	0.0955956
0.155171	0.480234	0.863306
0.274279	-0.582938	0.764824
0.300191	-0.729423	0.614677
0.717373	-0.396954	0.572541
0.387585	0.0301256	0.921342
-0.158026	0.987267	-0.0181878
-0.177629	-0.688631	0.703019
0.660028	-0.732759	0.165609
0.364255	0.418416	0.832013
-0.7321	0.154556	0.663432
0.898121	-0.412039	-0.153632
-0.490362	-0.685345	0.538375
-0.353546	-0.917693	-0.181229
-0.259763	-0.362634	0.894997
0.104441	0.590105	0.800542
0.591525	0.386041	0.707863
0.990736	-0.0492241	-0.126564
0.0300775	-0.0560385	0.997975
0.603695	-0.549897	0.577205
-0.153988	-0.172942	0.97282
0.557558	-0.557976	0.614648
-0.431038	-0.562735	0.705362
0.118086	0.916894	0.381261
0.438846	0.237757	0.866537
-0.507641	0.202788	0.837363
-0.0510436	-0.00221343	0.998694
-0.411342	0.842593	0.347613
0.0464462	-0.434455	0.899495
0.779713	0.449468	0.435919
-0.032112	-0.501768	0.864406
0.242168	0.0222946	0.969978
0.237534	0.58356	0.776553
-0.556155	0.0860619	-0.826611
0.557087	0.357098	0.749757
-0.6131	-0.197577	0.764899
0.24344	-0.267578	0.932276
-0.206192	0.575547	0.791348
-0.563531	-0.32059	0.76135
0.995903	-0.0861712	0.0274182
0.109464	-0.938044	0.328772
0.974478	0.0643994	-0.215046
0.133389	0.91042	0.391589
0.124201	-0.240347	0.962708
0.108194	0.065742	0.991954
-0.473326	0.0158654	0.880745
-0.375151	-0.920298	0.110965
-0.394642	0.24361	0.885953
-0.0427084	0.837545	0.544697
-0.999794	-0.0177937	0.00981018
-0.771337	-0.00370708	0.636417
-0.0496789	-0.732636	0.678805
-0.241407	0.334094	0.9111
-0.00977827	0.936735	-0.349902
0.410046	-0.124496	0.903528
0.405583	-0.220374	0.887095
-0.134737	0.522425	0.841973
0.207964	0.927458	0.310761
0.374791	-0.525248	0.763967
-0.644824	-0.399571	0.651571
0.349207	-0.477431	0.806297
0.735406	0.172042	0.655423
-0.680538	0.316333	0.66091
0.754554	0.274363	0.596132
0.401822	0.100074	0.910233
0.627221	0.719986	0.297007
0.68268	0.523319	0.509986
-0.353582	-0.442259	0.824249
0.94209	0.294128	0.161109
-0.418921	0.639902	0.644229
0.191233	0.945351	0.264087
0.135816	0.032492	0.990201
-0.16891	0.411751	0.895506
0.561224	-0.214881	0.799283
-0.517572	-0.0281257	0.855177
0.648606	-0.718295	0.251721
0.870423	0.00347311	0.492291
0.562708	-0.442674	0.69814
-0.145608	-0.626941	0.765339
-0.589627	-0.563641	0.578488
-0.697318	-0.198506	0.688726
0.682457	0.46503	0.563915
0.62351	-0.740873	0.249684
-0.56742	0.307484	0.763864
0.463245	-0.152885	0.872944
-0.512622	-0.85436	0.0853679
0.417377	0.434955	0.797879
0.469647	-0.594019	0.653125
-0.463214	-0.377333	0.801906
-0.104725	-0.781368	0.615221
0.997801	0.0654669	-0.0103168
-0.275704	0.3095	0.910053
0.464815	-0.83869	0.283807
-0.385057	-0.641532	0.663452
0.226	-0.798231	0.558347
0.598434	-0.219656	0.770473
0.528274	-0.319409	0.786705
-0.375609	-0.605831	0.701347
0.188271	0.216813	0.957886
0.0657016	0.513421	0.855618
0.343353	0.251459	0.904918
0.776668	-0.625069	0.0779457
0.36728	-0.600636	0.71017
0.0734852	0.485693	0.871035
-0.472056	0.0100717	0.881511
0.74457	-0.603098	0.286161
-0.0987693	-0.309098	0.945887
0.321403	0.625097	0.711305
0.900845	-0.0627082	0.429588
-0.396001	-0.896137	0.200303
0.919439	0.344882	-0.188913
0.49681	-0.0549533	0.866118
-0.119141	0.243752	0.962492
0.150574	-0.55885	0.815484
-0.232578	-0.937639	0.258341
-0.053944	-0.997069	0.0542472
0.63876	-0.47582	0.604633
-0.719822	-0.482361	0.499183
0.820238	-0.500729	0.27655
0.744972	-0.66592	-0.0395805
-0.128415	-0.61857	0.775165
-0.42586	-0.337478	0.839495
-0.300868	-0.943707	0.137461
-0.445584	-0.887209	0.119643
-0.0870537	-0.653427	0.751967
-0.681465	-0.569131	0.460104
0.256513	0.673062	0.693677
0.607578	-0.430953	-0.66718
-0.239081	0.42627	0.87243
0.418327	-0.149806	0.895857
-0.537479	0.757052	0.371467
-0.197144	0.883294	0.425353
0.37456	0.490881	0.786601
-0.0983193	0.9715	0.215687
-0.366315	0.516402	0.774043
0.249301	0.356163	0.900554
-0.250094	0.228173	0.940952
0.528663	0.52265	0.668844
-0.795002	0.327777	0.510425
-0.107611	0.172219	0.979163
0.737959	0.148785	0.65824
-0.561635	0.715849	0.414882
-0.44632	0.522551	0.726457
-0.226635	0.810057	0.540781
-0.40846	-0.582533	0.70272
0.371075	-0.370111	0.851658
0.129953	0.380123	0.915761
0.895578	-0.00862946	0.44482
-0.382634	0.646314	0.660204
0.423168	-0.187528	0.886432
0.623575	0.214128	0.751866
0.523243	-0.418803	0.742173
0.422826	-0.154743	0.892901
0.313701	0.819592	0.479438
0.574464	0.215861	0.789554
0.319233	0.0982999	0.942564
0.357889	-0.0345388	0.933125
-0.142772	-0.703808	0.695896
0.447969	-0.679044	0.58157
-0.636966	-0.731165	0.244277
0.0936578	-0.221543	0.970642
0.819968	0.332996	0.465582
0.48284	-0.87224	-0.077867
0.166228	0.140808	0.975982
-0.66233	-0.0796219	0.74497
0.593868	-0.312316	0.741471
0.387824	0.0141969	0.921624
0.551758	-0.32552	0.767854
0.695719	-0.490598	0.524679
0.942572	-0.145944	0.30043
0.942579	0.325827	0.0733647
0.354821	-0.620223	0.699589
0.6455	-0.452544	0.61525
0.172585	-0.0447328	0.983978
-0.424366	0.901067	0.089403
-0.769054	-0.321163	0.55264
0.603292	-0.317921	0.731413
-0.0800246	0.56499	0.821208
-0.0716293	0.205216	0.976092
-0.0865742	0.35453	0.931028
0.221978	0.971774	0.0798811
0.285734	-0.040988	0.957432
0.0180118	0.455359	0.890126
0.0715258	0.665137	0.743288
0.849727	0.188087	0.492531
-0.139082	0.500832	0.854297
-0.0173929	-0.92796	0.372274
0.558842	0.58479	0.587976
0.279891	0.0706536	0.957428
0.948793	0.15119	0.277368
0.350061	-0.17544	0.920151
0.326437	-0.849728	0.414006
-0.267372	0.731266	0.627504
-0.130009	-0.274918	0.952637
0.202512	0.841635	0.50064
-0.491276	-0.744015	0.452869
0.569369	0.0456305	0.820815
-0.193606	0.16617	0.966904
-0.417712	-0.180212	0.890528
-0.279975	-0.152813	0.947767
-0.132378	0.606628	0.783887
-0.213358	0.166424	0.962695
0.111534	-0.0763885	0.99082
-0.0358583	0.37869	0.924829
0.116477	-0.212409	0.970214
0.538003	0.838833	-0.0831392
-0.0117566	-0.262759	0.96479
-0.143213	0.988855	0.0406883
0.571523	0.820584	0.00200581
0.0843296	-0.0494925	0.995208
0.562044	-0.821563	0.0956086
0.780351	-0.227873	0.582345
0.918231	0.210885	0.33523
0.172593	-0.669162	0.722796
0.844549	0.223356	0.486671
0.869675	0.122195	0.478261
-0.347861	0.270573	0.897654
0.596618	-0.629287	0.498041
0.363951	-0.925471	0.105085
0.596547	0.214855	0.773284
0.507178	0.780934	0.364572
-0.602896	0.517207	0.607465
0.231847	-0.0319546	0.972227
-0.761264	-0.645575	0.060912
-0.697818	0.263551	0.666027
-0.333754	0.166832	0.92778
0.79902	0.366139	0.47698
0.241483	0.549682	0.79971
0.488372	-0.835442	-0.25205
0.20449	0.476404	0.855116
-0.970622	0.175659	0.16443
0.750893	0.498693	0.432972
0.107932	-0.325089	0.939504
0.203199	-0.966306	-0.157997
0.28324	0.74837	0.599764
0.861651	0.5075	-0.0010113
0.369957	0.912561	0.174255
-0.440685	0.404182	0.80152
0.429835	-0.85655	0.285594
0.00563932	0.788127	0.615487
-0.0476548	-0.318767	0.946634
0.491762	0.680164	-0.543643
0.7888	-0.345706	0.508214
-0.46446	-0.302529	0.832318
-0.155898	-0.190563	0.969217
0.0757341	-0.0801911	0.993898
0.991932	-0.125353	-0.0189317
0.618173	0.00630991	0.786017
0.712707	-0.346199	0.610078
-0.375536	0.755423	0.536944
0.96709	0.205489	-0.150038
0.0435177	-0.652543	0.756501
0.433173	-0.38983	0.812646
-0.701995	-0.440972	0.559237
0.683631	0.496	0.53538
-0.565359	-0.824616	0.0194338
-0.64768	-0.200382	0.73509
-0.0819667	0.940097	0.330905
-0.424538	0.809144	0.406268
0.0998421	0.688037	0.718774
-0.113093	-0.0385236	0.992837
-0.40185	0.036768	0.914967
-0.503179	0.00503261	0.864167
0.72933	-0.391535	0.561051
0.857148	0.238832	0.456352
0.126362	-0.982302	-0.13826
-0.519028	-0.165546	0.838573
-0.679853	0.019535	0.733088
0.152791	0.0844469	0.984644
-0.260649	-0.415178	0.871602
0.586152	-0.520066	0.621254
0.0459057	-0.0137413	0.998851
0.344155	-0.560877	0.752977
0.784392	0.186504	-0.591562
0.418673	-0.731605	0.538021
0.414913	-0.47969	0.773139
0.643367	-0.147356	0.751243
0.311145	0.439757	0.842498
-0.21954	-0.133302	0.966454
0.237982	0.351203	0.90555
0.290858	-0.66458	0.688285
-0.126726	-0.53087	0.837924
0.866158	0.260624	0.426434
0.325605	0.700801	0.634712
-0.219909	0.635629	0.740011
0.401299	-0.801472	0.443398
-0.394056	-0.630972	0.668277
-0.0439812	-0.198646	0.979084
0.35682	0.890821	0.281279
0.933909	0.124394	0.335171
0.477642	0.877877	0.0344859
-0.119619	0.1791	0.976532
-0.0144909	0.248004	0.968651
0.401233	0.0258228	0.915612
0.530571	-0.834329	0.149634
0.235872	-0.0193963	0.971591
-0.296223	-0.125388	0.946852
0.710409	0.44331	0.546621
-0.251601	-0.398627	0.881926
-0.235522	-0.737182	0.633318
0.448178	-0.0056824	0.893926
0.735361	-0.258053	0.62662
-0.746354	0.365544	0.556178
0.226785	0.655995	0.719889
-0.1293	-0.318895	0.938929
0.511356	0.640959	0.572439
0.521316	-0.73258	0.43767
-0.023238	-0.322704	0.946215
0.297433	0.570501	0.765547
-0.121825	-0.967778	0.220373
0.700227	0.520399	0.48874
0.935238	0.353438	-0.0202991
0.0852293	-0.0909375	0.992203
0.253165	-0.816088	0.519527
0.47326	-0.49857	0.72626
0.265677	-0.523371	0.809628
0.608903	0.633406	-0.477529
-0.166709	0.124347	0.978134
-0.291586	0.540998	0.788859
0.53644	0.0443126	0.842775
-0.859001	-0.138525	0.492878
-0.473047	0.77081	0.426707
-0.623578	-0.299456	0.722134
0.81181	0.0305217	0.583123
0.175803	0.207663	0.962273
-0.588088	0.24691	0.770187
0.117974	0.740024	0.662153
0.424776	0.595246	0.682091
0.131861	-0.417536	0.899042
-0.0364227	-0.119543	0.992161
-0.506676	0.0353159	0.861413
0.4759	-0.111286	0.87243
0.611885	-0.67565	0.41121
0.354823	0.623341	0.696812
-0.047937	0.879799	0.472923
-0.527734	-0.275434	0.803513
-0.482298	0.0350132	0.875307
0.560327	-0.814784	0.148865
0.16117	0.732734	0.661154
0.430053	0.179081	0.884864
-0.142642	-0.223783	0.964144
0.190598	-0.570877	0.798606
-0.0911717	-0.511591	0.854378
0.885174	0.0122798	0.465099
-0.171988	-0.608445	0.774735
0.121428	0.679736	0.723335
0.022197	-0.376644	0.926092
0.218607	-0.97412	0.0574521
0.082847	-0.198555	0.976582
0.454063	-0.582717	0.673994
0.510218	-0.777247	0.368191
-0.0902797	-0.282239	0.955087
0.689742	-0.354067	0.631579
0.625945	0.625101	0.466308
-0.387015	-0.564675	0.728946
0.926665	-0.175128	0.332599
0.927794	0.211455	0.307384
0.903666	-0.131021	0.407703
0.373391	0.683884	0.626802
0.53612	-0.843851	0.0221462
0.204302	-0.308829	0.928916
0.156989	0.981525	0.109379
0.444839	-0.731297	0.517033
-0.236722	0.508036	0.828168
-0.0659004	0.583787	0.809228
0.445282	-0.188354	0.875355
0.117861	0.981795	0.148953
