3400
-0.161911	-0.639867	0.751235
0.00543104	0.521268	0.853376
-0.0739642	-0.482849	0.872575
0.0564472	-0.367102	0.928466
-0.340035	0.461873	0.819176
-0.579106	0.761675	0.290667
0.0725027	0.247054	0.966285
0.275388	-0.388361	0.879396
-0.145775	0.945941	0.289732
0.13292	0.640924	0.756009
-0.188218	0.736011	0.650278
-0.0831651	0.205654	0.975085
0.0341308	0.201715	0.978849
0.397392	-0.270298	0.876937
0.466122	0.524016	0.712838
-0.0167013	-0.816401	0.577244
-0.677487	0.309273	0.667355
0.101563	-0.174619	0.979384
0.434362	-0.241066	0.867881
0.783296	0.0791166	0.616594
-0.234903	0.333866	0.912882
-0.287881	0.817482	0.498846
-0.0726821	0.40999	0.909189
-0.534927	-0.566374	0.626956
-0.407639	-0.500347	0.763861
-0.670291	-0.11473	0.733176
0.257663	-0.252923	0.932545
0.465353	-0.0467857	0.883888
0.58457	0.320327	0.745432
-0.319435	0.0834041	0.943931
-0.212355	-0.323759	0.922001
-0.544884	-0.48931	0.680939
0.226762	-0.615191	0.755063
-0.184648	0.489581	0.852182
-0.562634	0.532158	0.632654
0.286256	0.695532	0.659009
0.314812	-0.28221	0.906229
0.241172	-0.289746	0.92622
0.293688	-0.683812	0.667943
0.696949	-0.0309946	0.716451
0.543754	0.129897	0.829131
-0.341311	0.0603682	0.93801
-0.481079	-0.354268	0.801908
0.513057	0.180781	0.839101
0.0919599	-0.116863	0.988881
0.781841	-0.0791373	0.618435
0.0704027	-0.270685	0.96009
0.495096	-0.148459	0.856061
-0.375328	0.537858	0.754876
0.789084	-0.353234	0.502566
-0.599202	-0.493704	0.630249
-0.252621	0.84427	0.472642
-0.35691	-0.198614	0.91278
-0.331866	-0.334099	0.882181
0.216642	0.792642	0.569899
0.353318	-0.603469	0.714837
0.219387	0.0193554	0.975446
0.0374363	-0.678198	0.733925
-0.784185	0.617877	-0.0572856
-0.313861	0.0323271	0.948919
-0.354582	0.126536	0.926423
-0.475587	0.228839	0.849382
0.0385289	-0.710557	0.702584
-0.0975256	0.562126	0.821281
-0.256575	0.561409	0.786759
-0.259821	0.863817	0.431641
0.0489361	0.682814	0.728951
-0.645204	0.532283	0.548075
-0.845005	-0.0539126	0.532034
-0.0578077	0.783527	0.618662
0.127073	0.431493	0.893122
-0.31702	0.0510393	0.947045
-0.363259	-0.00957345	0.931639
0.592533	-0.11083	0.797886
0.401561	0.548074	0.733733
-0.287537	0.244921	0.925925
-0.665661	0.495624	0.5579
-0.083026	-0.305018	0.948721
-0.0140109	-0.42333	0.905867
-0.267626	-0.78911	0.552885
0.182144	-0.29189	0.938948
-0.132405	0.377039	0.916684
-0.471036	-0.0446512	0.880983
0.131025	0.830521	0.541356
0.88565	-0.151777	0.438848
0.293347	-0.464336	0.835667
0.361993	-0.634888	0.682553
0.106171	-0.67547	0.729704
0.275257	0.459433	0.844485
0.0542047	-0.5772	0.814802
-0.0113866	0.117383	0.993021
0.172632	0.4187	0.891565
-0.407468	-0.358853	0.839758
0.0241892	0.458907	0.888155
0.559985	-0.369065	0.74176
0.810905	-0.065408	0.581511
-0.41082	-0.0509416	0.910292
0.106109	-0.296419	0.949145
0.243931	-0.942305	0.229256
-0.438965	-0.517525	0.734491
-0.626242	0.0554951	0.777651
0.0872916	0.490256	0.867196
-0.192793	-0.200431	0.960551
-0.660515	-0.547584	0.513685
-0.772073	-0.157668	0.615665
-0.398791	-0.369855	0.83915
-0.244413	0.124361	0.961663
0.265606	0.469692	0.841928
0.757407	0.0948758	0.646013
0.812669	0.178071	0.554852
-0.695241	-0.708792	-0.119392
-0.658283	0.497947	0.564546
-0.0761623	-0.367439	0.926924
0.221384	-0.119725	0.967809
-0.220085	0.732273	0.644468
0.0820239	0.561315	0.823527
-0.373202	0.458736	0.8064
-0.610089	-0.387882	0.690897
0.808891	-0.141793	0.570605
-0.46326	0.124615	0.877417
-0.534699	0.547882	0.643368
-0.339217	0.0697202	0.938121
-0.705811	0.515312	0.48609
-0.154397	-0.232047	0.960373
-0.404354	0.368809	0.836946
-0.319026	0.027182	0.947356
0.187769	0.545538	0.816781
-0.798322	0.0997328	0.593916
-0.0742023	-0.148444	0.986133
-0.446735	-0.0727956	0.8917
-0.49225	-0.194961	0.84834
-0.0595546	-0.298013	0.952702
-0.376917	0.250175	0.891822
0.100205	0.665862	0.739315
0.879325	0.0299096	0.475282
-0.33597	-0.468718	0.816962
-0.0579965	0.238983	0.96929
-0.292527	0.114827	0.949338
-0.300524	0.374243	0.877284
-0.374753	0.36613	0.851768
0.507354	-0.316513	0.801505
0.449139	-0.603278	0.659037
0.743135	-0.298481	0.598882
0.699981	0.676809	0.227939
0.285236	-0.000641758	0.958457
0.311481	-0.419771	0.852509
0.281934	-0.462309	0.840704
0.458137	-0.484752	0.745068
0.333739	-0.548343	0.766772
0.90784	-0.275738	0.315903
0.238652	0.498571	0.83335
0.200819	-0.199187	0.959164
-0.933222	-0.318709	-0.165895
0.409081	-0.37912	0.830013
-0.00194573	-0.220617	0.975359
0.492274	-0.0720438	0.867453
0.561612	-0.612887	0.555842
0.590415	0.688209	0.421638
-0.399331	-0.0437616	0.915762
0.840737	-0.309312	0.444396
-0.452508	-0.876671	0.163353
-0.524581	0.0125544	0.851268
-0.229749	0.748617	0.621923
0.571373	0.370832	0.732132
-0.322489	0.354639	0.877629
-0.362898	0.558437	0.745958
0.183661	-0.011359	0.982924
-0.607939	-0.155174	0.778673
-0.365809	-0.287639	0.885126
0.106669	0.204279	0.973084
0.38887	0.514085	0.764524
-0.592898	0.776552	0.213163
-0.0465166	0.0194886	0.998727
0.199247	-0.138329	0.970137
0.312966	-0.334999	0.888722
0.84649	0.133779	0.515323
-0.164043	0.487847	0.857377
-0.649197	0.556689	0.518305
-0.552483	0.7209	0.418408
0.180641	0.373346	0.909935
-0.865003	-0.0532823	0.49893
-0.461687	0.48026	0.745785
-0.0912733	0.661083	0.744741
0.500909	-0.236532	0.832552
-0.808638	0.0395245	0.586978
-0.171133	0.982957	-0.0671483
0.383155	-0.393091	0.835866
0.215478	-0.175308	0.960644
0.212541	0.239114	0.947445
-0.514181	0.390359	0.7637
0.398397	0.189713	0.897379
0.816471	-0.0499278	0.575224
0.347905	-0.127594	0.928807
-0.270823	0.160519	0.949151
0.16588	-0.224409	0.960273
0.448379	-0.0603107	0.891807
-0.24917	-0.29312	0.923036
-0.55508	-0.635533	0.536641
-0.450859	-0.132334	0.882731
0.349459	-0.048283	0.935707
0.208751	-0.238096	0.948543
-0.244684	-0.519127	0.818924
0.431652	-0.620656	0.65457
-0.125335	-0.101198	0.98694
-0.850057	0.522065	-0.0696492
0.227431	-0.524477	0.820487
-0.671978	-0.401347	0.622387
0.341254	-0.114855	0.932928
0.333706	0.536056	0.775425
0.210096	-0.747005	0.630748
0.255214	-0.911476	0.32261
0.279103	0.632263	0.722734
-0.0782964	-0.150919	0.985441
-0.072763	-0.401954	0.912764
-0.0331992	-0.166365	0.985505
0.00990329	0.119542	0.99278
0.651588	-0.289522	0.701149
0.419699	-0.130345	0.898255
0.91196	0.0993608	0.398065
-0.527556	0.30022	0.794702
0.422717	0.387343	0.819314
0.922285	-0.29321	0.251829
0.156173	-0.387231	0.90866
0.918882	-0.0935674	0.383278
0.597153	0.154607	0.787086
0.356168	0.171888	0.918476
0.29439	-0.136703	0.945858
-0.604949	0.0991057	0.790073
0.344842	0.400481	0.84894
0.561421	-0.377648	0.736335
0.13022	-0.167669	0.977205
0.141961	-0.166826	0.975713
0.226185	0.214059	0.950273
-0.0584419	0.424858	0.903372
0.153848	0.864972	0.477655
0.396717	0.86352	0.311367
0.168221	-0.383125	0.90825
0.371821	0.0919309	0.923741
0.204477	0.38252	0.901037
-0.254354	0.152176	0.955064
-0.374416	-0.759841	0.531465
-0.748711	0.50201	0.432918
0.0247704	0.677137	0.73544
0.425133	0.42815	0.797464
-0.494831	0.854715	-0.156859
0.0741525	-0.271523	0.959571
0.101642	-0.182803	0.977881
-0.436234	0.0163846	0.899684
0.513866	0.460463	0.72382
-0.332121	0.933208	0.137178
0.920487	0.208496	0.330503
0.443936	0.670678	0.594232
0.47326	-0.091094	0.8762
0.636359	0.0847056	0.766728
-0.0119154	0.633707	0.773481
-0.371759	0.405874	0.834902
0.576292	0.585799	0.569849
0.608973	-0.423926	0.670402
0.277065	-0.0358812	0.960181
0.516703	0.532099	0.670738
0.748297	-0.313168	0.584788
0.6112	-0.582052	0.53633
0.633956	-0.412165	0.654385
-0.310024	-0.206974	0.927926
0.323718	0.342328	0.882054
0.635947	-0.729424	0.252018
-0.709966	-0.172923	0.682676
-0.00462178	-0.41596	0.909371
0.0768906	-0.061673	0.99513
-0.560178	-0.294255	0.774348
0.43986	0.10601	0.891788
0.67993	-0.438318	0.587854
0.566985	-0.747837	-0.345352
-0.860287	0.141868	0.489672
-0.478168	0.244015	0.843689
-0.0992425	-0.430959	0.896898
-0.0250287	0.00940865	0.999642
-0.138145	0.440339	0.88714
0.253625	-0.372174	0.892839
0.919972	-0.32475	0.21952
-0.477159	-0.395755	0.784663
-0.265086	0.58535	0.766221
0.145311	-0.150845	0.977819
-0.0373222	-0.643	0.764957
-0.563048	0.153182	0.812104
0.699974	-0.142205	0.699867
0.342664	-0.0552245	0.937834
0.630494	-0.418604	0.653642
-0.254125	0.910077	0.327384
-0.102265	-0.230621	0.967655
0.261726	-0.239959	0.934836
0.249292	-0.263838	0.931795
-0.161076	0.241148	0.957028
-0.3796	0.418091	0.82529
-0.265311	0.376016	0.887819
0.910896	0.240296	0.33545
-0.124049	0.457971	0.88027
-0.0834732	0.363371	0.927898
0.790817	0.0089326	0.611987
-0.0351128	0.13245	0.990567
0.12416	0.115542	0.985512
0.0218204	0.0772987	0.996769
-0.0289203	-0.552201	0.833209
-0.372272	-0.312238	0.874026
-0.402531	-0.0380708	0.914614
-0.482578	-0.336177	0.808767
0.148449	0.698557	0.699987
-0.207987	0.358314	0.910139
-0.0755459	0.195277	0.977834
-0.210987	-0.890466	0.403182
0.513799	0.253345	0.81965
0.639173	0.767626	0.0469873
-0.203111	0.747615	0.632311
-0.174167	0.314231	0.933233
0.349839	-0.016835	0.936659
0.272752	-0.0325724	0.961533
0.380147	-0.23779	0.893837
0.0248268	-0.152885	0.987932
0.0148497	-0.178173	0.983887
-0.0719294	0.632812	0.770957
0.463986	-0.149369	0.873159
-0.151271	-0.218642	0.964009
-0.940225	-0.131902	0.313971
0.0977402	0.334249	0.937403
0.802494	0.450346	0.391397
-0.387535	0.0989919	0.916525
0.546329	0.739317	0.393618
0.122596	-0.0374762	0.991749
0.166402	-0.404948	0.89907
-0.366148	-0.876295	0.313117
0.0958288	-0.346464	0.933156
0.28778	-0.0188594	0.957511
-0.42397	-0.35718	0.832269
-0.266712	0.58782	0.763762
0.25308	-0.929422	0.268563
0.684555	-0.0765129	0.724935
-0.00886656	0.350382	0.936565
-0.202721	-0.3993	0.894127
-0.590019	0.398867	0.701984
0.349109	-0.167399	0.922009
0.205566	0.220961	0.953372
0.244091	-0.589712	0.769844
0.52136	-0.705911	0.479451
0.249357	0.949112	0.192372
-0.516035	-0.140187	0.845018
-0.243376	0.309284	0.919299
0.196189	0.0780269	0.977457
-0.873948	0.0498304	0.483458
0.106189	-0.296913	0.948982
0.139297	0.903766	0.404727
0.269131	0.112555	0.956504
0.118968	-0.121094	0.985486
-0.228986	0.481241	0.846152
-0.135145	0.212233	0.967829
0.178749	0.264681	0.947625
0.00107515	-0.0936505	0.995605
-0.548686	0.027738	0.835568
0.245955	0.219146	0.944183
-0.295964	-0.756324	0.58342
-0.0475536	0.170904	0.984139
0.248002	-0.343867	0.905677
-0.301126	-0.19661	0.933096
0.319854	0.46557	0.82519
0.490968	-0.284217	0.823511
0.0159769	-0.593223	0.80488
0.033906	-0.00342495	0.999419
0.233342	-0.296216	0.926179
0.550382	0.831993	-0.0697657
-0.902279	0.0187183	0.430747
0.198056	0.0515345	0.978835
-0.0021348	-0.681442	0.731869
-0.599208	-0.415615	0.684261
-0.235637	-0.582492	0.777932
0.420349	0.0289843	0.9069
0.41666	0.841084	0.344923
0.0875182	0.0191365	0.995979
-0.0100532	0.363121	0.931688
0.848192	0.12299	0.515213
0.292085	0.85986	0.418721
-0.163456	0.610703	0.774806
-0.1124	0.0390011	0.992897
-0.127892	0.538276	0.833008
0.24891	-0.0324748	0.967982
0.138496	0.976436	0.165503
0.875274	0.286027	0.389979
0.140891	-0.408625	0.901763
-0.0836409	0.765142	0.638406
0.369165	0.806479	0.461853
0.137374	0.586911	0.797912
0.642276	-0.610899	0.462908
-0.50813	0.489252	0.708827
-0.310659	0.788938	0.530158
-0.479007	-0.53991	0.692134
0.830814	-0.165355	0.531418
0.135539	0.093815	0.98632
-0.796691	0.294296	0.527896
0.0244385	0.410077	0.911723
-0.242622	-0.86775	0.433757
0.0459235	-0.612022	0.789506
-0.795909	0.029465	0.604698
0.426563	0.412401	0.804966
-0.597664	0.223264	0.770033
-0.247693	0.489123	0.836306
-0.0652177	0.0231256	0.997603
0.316988	0.290076	0.902981
0.517776	-0.444758	0.73082
0.208565	-0.751202	0.626255
-0.504381	-0.598054	0.622841
0.0499216	-0.436819	0.898163
-0.634162	-0.300224	0.712534
-0.115193	0.221524	0.968327
-0.00883855	-0.486587	0.873587
0.626748	0.0834621	0.774739
0.474794	-0.653903	0.589051
-0.084926	-0.271263	0.958751
0.0596264	-0.475187	0.877862
-0.146302	-0.965582	0.215052
-0.264877	-0.159732	0.95096
-0.151474	-0.510583	0.846381
0.390767	-0.0555925	0.918809
0.61325	0.555585	0.561471
0.515408	-0.309249	0.7992
0.728061	-0.129161	0.673234
0.591961	-0.0287465	0.805454
0.115549	0.373453	0.920425
0.395788	-0.6089	0.687453
0.580314	0.421121	0.697061
0.133519	0.0160421	0.990916
0.221725	0.317749	0.921886
-0.112747	0.104184	0.988147
0.274618	-0.132322	0.952405
0.357555	0.375402	0.855118
0.298652	0.230834	0.926025
0.831785	0.0701546	0.550647
0.433513	-0.491172	0.755524
0.0580809	0.499506	0.864361
0.265087	-0.300075	0.916343
0.243533	-0.170579	0.954775
0.416466	0.261708	0.870669
-0.342041	-0.025302	0.939344
-0.306029	0.0161532	0.951885
0.11177	0.467663	0.876812
0.260349	0.3604	0.895729
-0.20949	-0.126837	0.969549
0.00489	0.508511	0.861042
0.285493	0.327299	0.90076
0.776025	0.00380665	0.630691
0.551371	0.145375	0.821496
0.370927	0.35829	0.856762
0.256432	0.504633	0.824371
0.776675	0.0256993	0.629377
0.171729	0.847909	0.501557
-0.602865	0.0591424	0.795649
0.595472	-0.533911	0.600293
0.629391	0.188331	0.753922
0.366306	-0.692256	0.621772
0.315389	0.301743	0.899711
-0.52529	0.0735461	0.847739
-0.437533	-0.159549	0.884935
-0.00287658	-0.945808	0.324714
0.115552	-0.737505	0.665383
-0.107444	0.881039	0.46068
0.281059	-0.14023	0.94939
0.65524	-0.466348	0.59429
-0.615152	0.0894248	0.783321
-0.417236	0.665692	0.618683
-0.537406	0.0777843	0.839728
0.523579	-0.0655377	0.849453
0.267125	0.599922	0.754147
0.810011	0.252485	0.529276
0.809464	-0.102825	0.578095
-0.222342	0.650336	0.726379
0.136238	0.756163	0.640045
0.0636379	-0.57578	0.815124
0.0872038	-0.967076	-0.239081
-0.700009	0.61219	0.36771
-0.0381383	0.908548	0.416037
-0.167609	0.347572	0.922551
0.160572	-0.65231	0.740748
0.459211	0.869732	-0.180809
0.679102	-0.420308	0.601798
0.695357	0.145261	0.703831
0.696354	0.571964	0.43353
0.272639	-0.227757	0.93477
-0.0626593	0.33499	0.940136
0.591769	-0.0489869	0.804618
-0.371067	0.852837	0.367393
0.622383	-0.664158	0.414166
0.932742	0.225221	0.281544
-0.148668	0.684424	0.713766
-0.0392884	-0.49728	0.8667
0.193641	-0.261974	0.945448
0.23511	-0.673683	0.700625
0.529518	-0.511506	0.676736
0.296132	0.24092	0.924264
0.663817	-0.06522	0.745046
0.402855	0.303606	0.863441
-0.380218	0.00800758	0.924862
0.477306	0.574065	0.665303
0.135145	0.156166	0.978442
-0.0965307	0.892751	0.440088
0.287061	0.816207	0.5014
0.0960239	0.166045	0.981432
0.100899	-0.0250899	0.99458
-0.0464325	-0.688616	-0.723638
0.142322	0.658613	0.7389
0.291892	0.561237	0.774475
0.00951436	0.413069	0.91065
0.139158	0.111775	0.983942
0.593513	0.0379475	0.803929
0.400976	-0.215201	0.890453
0.218169	-0.609094	0.762501
0.0824602	0.816187	0.571874
-0.241325	0.676224	0.696048
0.0215987	0.640252	0.767862
-0.645364	-0.430675	0.630891
0.0383832	-0.167266	0.985164
0.935288	0.333761	0.117643
0.656479	0.256952	0.709233
-0.635909	-0.0885264	0.76667
-0.427501	0.775476	0.464628
0.752613	-0.642175	-0.145551
-0.316036	-0.473904	0.82191
0.612749	-0.349463	0.708811
0.712068	-0.292037	0.638493
0.326369	-0.239881	0.914298
-0.247472	0.896019	0.368656
0.848347	-0.190643	0.493926
0.298042	-0.278754	0.912944
-0.0591274	-0.442925	0.894607
0.113367	0.61573	0.779759
0.7712	-0.444515	0.455694
0.8331	-0.548866	0.0684821
-0.728243	-0.189139	0.658702
0.202851	0.0948501	0.974605
0.762072	0.636075	0.121062
0.114509	-0.350036	0.929711
0.41853	0.727761	0.543321
-0.150348	0.0840084	0.985057
0.89978	0.0537805	0.433017
-0.374837	0.419556	0.826723
0.111679	-0.246072	0.962796
-0.0729327	-0.199065	0.977269
0.200194	0.585641	0.785459
0.965034	0.030215	0.260379
0.308018	0.493999	0.813074
-0.702487	0.535425	0.468863
-0.33299	-0.275039	0.901926
-0.375328	0.802462	0.463879
0.381692	-0.372888	0.845734
0.673609	0.737722	0.0449123
0.852961	0.11719	0.508649
0.645491	0.163484	0.746066
0.210667	0.170768	0.962527
-0.291217	-0.0706348	0.954046
0.280053	-0.00994678	0.959933
0.239166	0.530335	0.813354
-0.262784	-0.0797902	0.96155
0.121642	0.39631	0.910023
-0.0911909	0.658506	0.74703
0.0774357	0.547724	0.833068
0.130497	-0.679472	0.722003
-0.278366	-0.902191	-0.329491
0.117884	0.431201	0.894522
-0.487608	-0.191719	0.851753
0.934296	0.184046	-0.305316
-0.784743	-0.0600247	0.616908
0.282187	-0.0243702	0.95905
-0.0682445	-0.510187	0.857352
-0.623871	0.104644	0.77449
0.314579	0.40635	0.857857
-0.719924	-0.684239	-0.116304
0.201538	0.0513633	0.978133
0.896424	-0.246048	0.368625
0.297711	-0.148224	0.943079
0.29113	-0.820125	0.492583
0.298264	0.838446	0.456122
0.027184	-0.906182	0.422012
-0.26772	0.437653	0.858362
0.794998	-0.131938	0.59209
0.518512	-0.0544748	0.853333
-0.0430649	0.260751	0.964445
0.107091	0.515799	0.84999
0.882185	-0.356818	0.307296
-0.279112	-0.0582565	0.95849
0.182948	-0.348775	0.919177
0.760857	-0.0501206	0.646981
0.468931	-0.480621	0.741018
0.126495	-0.712887	0.689776
-0.452114	0.599498	0.660451
0.337969	-0.332071	0.880628
0.437326	-0.38316	0.813594
0.101734	-0.586551	0.803497
-0.320092	0.933054	-0.164171
-0.566054	-0.283297	0.774161
-0.333387	-0.717632	0.611439
-0.473165	0.859762	-0.192156
0.359764	-0.492957	0.792189
-0.0873512	0.580238	0.809749
0.568466	-0.0014617	0.822705
0.456793	0.391838	0.798626
-0.915157	-0.369296	0.16158
-0.896037	0.150718	0.417615
-0.595068	-0.0556084	0.801749
0.830278	0.320773	0.455788
-0.136327	0.855848	0.498938
-0.307814	0.159166	0.938039
0.689039	-0.376731	0.619112
-0.423087	0.561413	0.711205
-0.276504	-0.111146	0.954564
0.241837	0.302316	0.922019
0.113579	0.221628	0.968494
0.696581	0.315202	0.644534
-0.587293	0.686916	0.428057
0.05409	-0.227538	0.972266
0.264531	0.0453997	0.963308
0.000789599	-0.343712	0.939075
-0.397697	-0.069827	0.914856
-0.440918	-0.311663	0.841699
-0.236832	0.535643	0.810553
0.154528	-0.476351	0.86557
0.598388	-0.537248	0.594387
0.192292	-0.0350189	0.980713
-0.438937	-0.201639	0.8756
-0.367724	-0.458278	0.809172
0.00678515	0.311707	0.950154
-0.0949876	0.0881451	0.991568
-0.210702	-0.220722	0.952306
-0.411964	-0.455475	0.789194
-0.630606	0.0510515	0.774422
-0.798371	0.188496	0.571903
0.0717	-0.189975	0.979167
0.0828332	-0.0684552	0.99421
-0.92671	0.0429698	0.373313
-0.330622	-0.223158	0.917
-0.704511	0.564375	0.430285
0.130991	0.290004	0.948018
-0.16268	-0.355387	0.920454
-0.0129624	-0.373822	0.92741
-0.0380471	-0.116877	0.992417
-0.337175	0.368194	0.866456
0.612352	-0.0494531	0.789037
0.607486	0.21554	0.764528
-0.114494	0.114444	0.98681
0.29108	0.458077	0.839904
0.452576	-0.0381508	0.890909
-0.719841	0.567881	0.399173
0.00246774	-0.0626438	0.998033
0.126581	-0.231058	0.964671
0.320462	-0.0307437	0.946762
-0.430033	-0.244307	0.869129
-0.062898	0.755475	0.652151
0.77995	0.302103	0.548099
-0.826564	-0.112637	0.551457
-0.253355	0.461787	0.850038
-0.402826	-0.601485	0.689889
-0.214298	0.192141	0.957684
-0.204516	0.134612	0.969563
-0.0823512	0.352601	0.932143
-0.572815	0.156393	0.804627
0.486971	0.48055	0.729336
0.226381	0.1325	0.964985
-0.419748	0.564615	0.710649
-0.418315	0.498279	0.759428
-0.515152	0.744624	0.424445
0.291197	0.0264637	0.956297
-0.170136	-0.419526	0.891656
-0.236541	0.697563	0.676354
0.0615618	-0.0336097	0.997537
0.57462	0.101669	0.812081
0.197158	0.314324	0.928617
-0.529467	-0.131641	0.838055
-0.370273	-0.662655	0.650988
-0.058876	0.387903	0.919818
0.67096	-0.00640168	0.741466
-0.466872	-0.107166	0.877808
0.0943152	0.0653603	0.993395
-0.169971	0.183273	0.968257
-0.703826	0.221784	0.674863
-0.807848	-0.180787	0.560979
-0.194769	0.297155	0.934753
0.386794	0.00165599	0.922165
-0.231172	-0.502762	0.832941
-0.442097	-0.153794	0.883684
0.304719	-0.434504	0.847557
-0.218433	-0.213901	0.95212
0.520613	0.167632	0.837175
0.594887	-0.218307	0.773597
-0.194891	-0.0535676	0.979361
-0.232675	-0.113715	0.965884
-0.00965694	0.44152	0.8972
-0.431721	0.0906737	0.897438
-0.0440081	-0.251862	0.966762
0.131357	0.0127113	0.991254
-0.514365	-0.275955	0.811959
-0.215861	-0.211811	0.953174
0.219912	-0.202121	0.954351
-0.445555	-0.169035	0.879152
-0.157287	-0.748037	0.644749
-0.252173	-0.305293	0.918262
-0.0619761	0.3367	0.93957
-0.0648951	-0.0657372	0.995724
-0.724402	-0.268614	0.634892
0.455924	0.107088	0.883553
0.41714	-0.0273401	0.908431
-0.311842	0.587232	0.746936
0.514626	-0.525294	0.677663
-0.88739	-0.265412	0.376956
-0.748196	-0.340379	-0.569514
0.402551	0.479829	0.779562
-0.395546	0.475207	0.785953
0.453609	0.229397	0.861171
0.179688	0.600778	0.778959
-0.517458	-0.823852	0.23131
-0.372894	0.320993	0.870582
-0.585615	0.157632	0.795115
-0.0364987	0.00863082	0.999296
0.13303	-0.0437794	0.990145
0.0957649	0.373272	0.922766
-0.21453	-0.241196	0.946468
-0.53315	0.616013	0.579895
-0.0196403	-0.242938	0.969843
-0.24585	-0.382379	0.890699
-0.14333	0.25293	0.956809
-0.223788	0.416771	0.881034
-0.123842	0.289072	0.949263
0.258738	0.267267	0.928237
-0.236875	-0.524377	0.817875
-0.215652	0.208709	0.953905
0.127777	-0.214749	0.968275
0.257215	-0.377899	0.8894
0.0262615	-0.209147	0.977531
-0.810423	-0.15397	0.56525
0.207213	0.273105	0.939402
-0.498375	-0.832683	0.241376
0.179664	-0.0742639	0.980921
-0.534744	0.53872	0.651022
0.235663	-0.20792	0.949333
0.582737	0.677342	0.449026
-0.168225	-0.326569	0.930082
0.225593	0.519237	0.824318
-0.28518	-0.928386	0.238268
-0.448178	0.292768	0.844644
-0.244495	-0.145284	0.958705
-0.287178	0.0278199	0.957473
0.364271	-0.748903	0.55358
0.213209	-0.0102002	0.976953
-0.309017	-0.737388	0.600639
-0.0451902	-0.971957	0.230776
-0.324207	-0.252634	0.911628
0.101337	-0.773191	0.626024
0.622732	0.120471	0.773105
0.038761	-0.106652	0.993541
-0.0614361	0.119324	0.990953
0.0784481	-0.454508	0.887282
-0.411451	0.337741	0.846545
-0.06175	0.612849	0.787784
0.545263	-0.248594	0.800556
-0.0552258	-0.50727	0.860016
-0.675414	-0.557137	0.483129
0.195892	-0.395624	0.897278
-0.189897	-0.710241	0.677862
0.518212	-0.804075	0.291409
-0.130917	-0.00474609	0.991382
-0.610588	-0.155495	0.776533
0.179175	0.00307769	0.983812
0.413739	0.126443	0.901572
-0.981461	-0.039238	0.187603
-0.0245425	0.313464	0.949283
0.127797	0.0799889	0.98857
0.656835	-0.312389	0.68628
-0.627609	0.500478	0.596346
-0.347215	0.0216244	0.937536
-0.123504	0.638762	0.759428
0.0455041	0.388311	0.920404
-0.0238993	0.144364	0.989236
0.372471	0.278665	0.885218
0.584509	0.457198	0.670312
0.380555	0.0485225	0.923484
-0.0177665	0.039649	0.999056
0.279667	0.14536	0.949029
-0.0379762	0.587391	0.808412
0.353434	0.194704	0.914973
-0.511414	-0.276057	0.813786
0.596716	0.688826	0.411643
0.273357	0.250264	0.928786
0.694259	-0.265393	0.669007
0.912617	0.160624	0.375939
0.245607	0.201748	0.948143
-0.770991	-0.198435	0.605141
0.181792	0.270208	0.945484
0.667272	-0.549102	0.503225
-0.19658	0.324953	0.925074
0.810329	0.286577	0.511116
-0.566131	-0.414789	0.712352
0.603569	-0.338002	0.722122
-0.701358	-0.183255	0.68885
0.00876816	0.305564	0.952131
0.525279	0.231859	0.818733
-0.67887	0.518883	0.519515
-0.231718	0.850665	0.471885
-0.463955	0.332601	0.82105
0.679443	-0.521555	0.516079
0.159658	-0.114335	0.980529
0.611577	-0.33974	0.714528
-0.0335966	-0.293762	0.955288
0.930708	-0.275065	0.241083
-0.463924	0.659738	0.591203
-0.638629	0.196607	0.743975
0.0631169	-0.138359	0.988369
-0.326199	-0.228111	0.917365
0.762293	-0.0125266	0.647111
-0.565991	-0.391692	0.725418
0.0266142	0.209774	0.977388
0.0453341	-0.611003	0.790329
-0.607721	-0.0954054	0.788399
0.0821228	-0.494257	0.865428
-0.0628945	-0.153043	0.986216
0.218823	0.225737	0.949294
0.182229	0.191385	0.96445
0.195147	-0.571584	0.797
-0.0268023	-0.424698	0.904938
0.405444	-0.266898	0.874289
0.0549988	-0.1876	0.980704
-0.0750587	-0.749778	0.657418
0.711105	0.202432	0.673314
0.0835022	-0.0558164	0.994943
0.204482	-0.296839	0.932777
0.728983	-0.375599	0.572284
0.883068	-0.158564	0.441644
-0.362695	0.070976	0.929201
-0.0700171	0.451771	0.889382
0.205796	0.272593	0.939862
0.079119	0.296021	0.951899
-0.355754	0.146125	0.923085
0.0678182	0.177685	0.981748
0.143622	0.522777	0.840283
0.162162	0.547376	0.821026
0.191439	0.20744	0.959333
-0.313695	0.840704	0.441375
0.652456	0.123117	0.747759
-0.66526	0.216437	0.714551
-0.189846	-0.10032	0.976675
0.380847	-0.854295	0.353744
0.200207	-0.275405	0.94025
0.298219	-0.0647037	0.952302
0.0269977	0.115564	0.992933
0.20699	-0.0731422	0.975605
0.116242	0.608471	0.785016
0.596364	0.246839	0.763819
-0.144295	-0.245186	0.958678
0.321776	-0.889448	0.324564
-0.505201	-0.265745	0.821067
0.356749	0.369293	0.85811
-0.208414	-0.384686	0.899211
0.508246	0.1829	0.841566
0.755817	0.160639	0.634772
0.239159	-0.496399	0.834501
0.348097	-0.439562	0.828018
-0.433265	0.0905819	0.896703
0.00209244	-0.286082	0.958203
0.200725	0.448806	0.870794
0.300147	0.322677	0.897659
0.0892828	-0.674054	0.733267
0.252395	0.486566	0.836391
0.437243	-0.12011	0.891287
-0.662633	-0.143812	0.735007
0.676634	0.149926	0.720894
0.789464	0.312256	0.528434
-0.366611	0.395396	0.842175
-0.534058	-0.310481	0.786374
-0.227161	0.105793	0.968094
-0.025691	-0.458216	0.888469
0.284328	-0.223958	0.932202
-0.10203	-0.681129	0.72502
0.334802	-0.0730054	0.939456
0.0701688	-0.288345	0.954952
-0.484778	-0.290246	0.825075
-0.0645866	-0.221367	0.973049
0.0681611	-0.254689	0.964618
0.465194	0.0870155	0.880921
-0.570561	-0.623159	0.534914
-0.083857	0.490989	0.86712
0.448018	0.198019	0.871819
-0.0219481	-0.795579	0.605452
0.266874	0.147797	0.952331
0.0358684	0.0578934	0.997678
0.232917	0.173002	0.956985
0.236412	0.567885	0.788426
-0.415299	0.514014	0.750544
0.527309	0.552163	0.645802
0.688613	-0.724416	-0.0321383
-0.595494	0.437679	0.673665
-0.184563	0.87017	0.456882
-0.958455	0.124216	0.256779
0.121911	0.0570379	0.990901
-0.0142153	0.345762	0.938215
-0.48196	-0.265243	0.835081
-0.298202	0.457756	0.837577
0.609073	0.701088	0.370819
-0.00180192	-0.309107	0.951026
0.418223	0.326635	0.847584
0.0180448	-0.00762638	0.999808
0.464666	0.12973	0.875932
-0.164842	0.834349	0.526012
-0.317546	-0.862003	0.395114
-0.111362	-0.503887	0.856561
-0.166792	-0.0561037	0.984395
-0.219232	-0.300376	0.928284
-0.380241	-0.776419	0.502583
-0.337707	-0.223061	0.914439
0.344641	-0.0183836	0.938555
0.711408	0.000716568	0.702779
0.0406175	-0.454591	0.889774
0.245923	-0.58569	0.772327
0.0566186	0.441104	0.895668
-0.138474	0.0163682	0.990231
-0.0407909	0.323934	0.9452
-0.184025	-0.0754406	0.980022
0.00191096	-0.202312	0.979319
-0.105707	-0.575247	0.811121
0.350098	-0.639483	0.684465
-0.0953158	-0.00483021	0.995435
0.208048	0.126208	0.969942
-0.297634	-0.190746	0.93543
-0.0305049	-0.181141	0.982984
-0.316892	-0.668715	0.672606
0.608777	0.0981148	0.787251
0.514464	-0.118561	0.849276
-0.0276668	0.667298	0.744277
-0.183001	-0.0873196	0.979227
0.0384995	0.0503185	0.997991
0.388712	-0.527316	0.75554
0.0459774	0.0274672	0.998565
0.180693	0.162375	0.970044
-0.441335	0.440816	0.781604
-0.582499	0.168491	0.795177
0.0428247	-0.0520695	0.997725
-0.185336	-0.000918298	0.982675
-0.0486731	-0.120754	0.991488
0.738416	-0.0218249	0.673993
-0.165337	-0.0201027	0.986032
-0.642353	-0.252089	0.723763
-0.510989	0.0346204	0.85889
-0.878906	0.357139	0.316189
0.259775	0.195182	0.945738
0.530999	0.11971	0.838874
0.0219097	0.295374	0.955131
-0.00109232	0.437261	0.899334
-0.45527	0.889217	-0.0449692
-0.249898	-0.0770616	0.965201
0.0421841	0.20067	0.97875
-0.745636	0.448956	0.492408
0.0270833	0.501171	0.864924
-0.0708965	0.63794	0.766816
-0.354079	0.194635	0.914738
-0.195195	0.213283	0.957293
-0.46215	0.490337	0.738909
0.0589521	-0.636177	0.769288
-0.117364	-0.226743	0.966857
0.539671	0.106476	0.835115
-0.320222	0.0744213	0.944415
-0.0520749	0.00498225	0.998631
0.160405	0.00843765	0.987015
-0.207048	0.251562	0.945435
0.100798	0.0153932	0.994788
0.41249	0.522645	0.74612
0.345045	0.105482	0.93264
-0.258925	0.0920313	0.961503
0.632227	-0.313706	0.708433
-0.234678	0.508514	0.828456
0.458563	0.358869	0.812978
0.121674	0.142369	0.982307
-0.207172	0.118441	0.971108
0.383967	-0.0363019	0.922633
0.407521	0.128929	0.904049
-0.0378589	-0.887399	0.459445
-0.052438	-0.0943708	0.994155
0.116654	0.440968	0.889909
-0.426428	0.877073	0.221141
-0.349869	-0.0563899	0.9351
-0.0030998	0.203625	0.979044
-0.310756	-0.0612439	0.948514
0.146292	-0.0595745	0.987446
-0.0770167	0.346548	0.934865
0.251573	-0.0722644	0.965137
0.100566	0.49687	0.861979
0.68231	-0.27962	0.675475
-0.336566	-0.412547	0.84648
0.440917	-0.107289	0.891112
0.570934	-0.0404557	0.819999
-0.0478327	0.0962069	0.994211
-0.0698599	-0.427144	0.901481
-0.170322	-0.717683	0.675219
-0.340142	-0.0711386	0.937679
-0.368102	-0.584662	0.72296
-0.0918129	0.217548	0.971722
-0.0947883	-0.705207	0.702637
-0.00239935	-0.558235	0.829679
0.391286	0.561134	0.7294
-0.284512	0.258859	0.923063
-0.250077	-0.315856	0.915258
0.182391	-0.0908615	0.979019
-0.255969	-0.369294	0.893366
-0.403943	-0.877906	0.257119
0.111376	-0.423602	0.898976
-0.464608	-0.0912617	0.880801
0.0866791	0.218238	0.972038
-0.780448	0.243465	0.57587
0.00348955	0.073638	0.997279
0.458464	0.0567342	0.8869
0.744415	-0.389367	0.542438
-0.15051	0.369287	0.917046
0.424168	0.574325	0.700166
0.30533	-0.0685543	0.949776
-0.713392	0.597374	0.366356
0.233868	0.21967	0.947128
0.10477	0.518627	0.848557
-0.0855207	0.935539	-0.342715
0.0870948	-0.7143	0.694399
-0.0246064	0.713103	0.700628
-0.409991	-0.115598	0.904735
0.292036	-0.621925	0.726584
-0.47789	0.422314	0.770242
0.278727	-0.826147	0.489687
-0.286656	-0.39653	0.872119
-0.284764	0.116366	0.951508
0.194148	0.674727	0.712074
0.105485	0.494795	0.862584
0.336555	-0.505365	0.794567
-0.276866	-0.350971	0.894519
0.492491	0.385793	0.780139
0.343558	0.0996407	0.933831
-0.108587	0.433819	0.894433
0.11192	-0.304446	0.945932
0.413228	-0.197037	0.889055
0.345783	0.230103	0.909663
0.132292	0.114318	0.984597
0.00607511	-0.626676	0.779256
-0.244199	-0.297889	0.922838
0.603483	0.330433	0.725688
-0.114604	-0.113934	0.986856
0.405676	-0.626716	0.665322
-0.0534553	0.590325	0.805394
0.250245	-0.0439704	0.967184
-0.135578	0.308144	0.941629
0.214325	0.0495108	0.975507
0.205706	-0.316598	0.925986
-0.331413	-0.735348	0.591124
0.625263	-0.0757081	0.776733
0.802623	0.140448	0.579716
0.502101	0.285097	0.816464
0.261759	-0.320756	0.910274
0.208075	-0.333636	0.919452
0.754789	-0.216508	0.619207
-0.373338	-0.677385	0.633852
0.704124	-0.158618	0.692134
0.163148	-0.277919	0.946649
-0.676718	0.304384	0.670375
0.730205	-0.395821	0.55689
-0.127612	-0.155041	0.979631
-0.215386	-0.0747778	0.973662
-0.222315	0.667904	0.710268
0.442946	0.647887	0.619711
0.446634	-0.124083	0.886071
-0.126591	-0.36435	0.922618
0.226078	-0.154682	0.96175
0.546177	0.131354	0.827307
-0.614488	0.0613893	0.786534
0.152461	0.770727	0.618656
-0.200113	-0.537737	0.81902
-0.0585595	0.161415	0.985148
0.724531	0.0321201	0.688493
0.000448086	0.521126	0.85348
-0.0677163	0.0711094	0.995167
0.518158	-0.0689009	0.852505
0.857269	-0.196	0.476103
-0.104272	-0.26759	0.957874
0.134488	0.0296523	0.990471
0.0503553	-0.123892	0.991017
0.0792278	0.102386	0.991585
-0.334863	-0.433902	0.836418
0.571093	-0.733441	0.368669
0.2852	-0.565434	0.773916
0.61437	-0.218759	0.758086
0.671492	0.138903	0.727877
0.138476	-0.233215	0.962515
-0.333527	0.253848	0.907921
-0.266852	-0.693125	0.669602
-0.384988	-0.532161	0.754048
-0.100971	0.382518	0.918414
0.540661	-0.606597	0.58286
0.754625	-0.31976	0.57297
-0.52853	-0.176031	0.830463
0.381715	-0.330876	0.863027
0.219738	-0.434963	0.873226
-0.210894	-0.319152	0.923941
-0.520865	-0.128335	0.843937
-0.253775	0.053424	0.965787
-0.423478	0.27876	0.861951
0.797515	0.275769	0.536582
-0.0187838	-0.137411	0.990336
0.529371	0.143321	0.836197
-0.772068	0.0442866	0.633995
-0.040131	0.244951	0.968705
0.382256	-0.0549666	0.92242
0.149952	0.40389	0.902434
0.422119	0.476003	0.771516
0.21069	0.359339	0.909112
0.394561	0.433665	0.810096
0.0971008	0.198802	0.975217
-0.182927	0.42798	0.885083
0.140343	0.245435	0.9592
-0.168689	0.160302	0.972547
-0.114601	-0.196269	0.97383
-0.178028	0.278417	0.943817
0.438113	-0.26997	0.857422
0.116611	0.47566	0.871865
0.00438673	-0.297414	0.954739
-0.286119	-0.292782	0.912368
0.357866	0.611526	0.705669
0.596997	-0.497159	0.629625
0.603274	0.593015	0.533286
-0.109175	0.101714	0.988805
-0.26461	-0.0118601	0.964283
-0.202248	-0.0974141	0.974477
0.127564	-0.259446	0.957296
0.544662	-0.441781	0.712862
0.0755663	0.104715	0.991627
0.413401	0.367913	0.832911
0.113277	0.0606115	0.991713
0.672389	-0.0308957	0.739553
-0.382135	-0.199058	0.902413
-0.223146	0.646688	0.729383
-0.44599	0.0701303	0.892286
0.377651	-0.333705	0.863725
-0.15453	-0.308492	0.938591
0.202184	-0.705067	0.679708
0.587821	0.555213	0.588392
0.0138237	0.399574	0.916597
-0.23144	0.593957	0.770487
0.301593	-0.390583	0.869763
0.609846	0.566713	0.554007
-0.193544	-0.131718	0.972209
0.912554	-0.185293	0.364571
-0.276357	-0.288145	0.916842
0.0206015	0.00411209	0.999779
-0.255382	0.0690347	0.964372
0.868398	0.100859	0.485502
0.616398	0.430935	0.659052
-0.354781	-0.0670144	0.932545
-0.00205286	-0.966128	0.258055
-0.167229	-0.692156	0.702107
-0.100472	-0.191642	0.976309
-0.525192	-0.420516	0.739824
0.349066	-0.192012	0.917216
0.72495	0.268349	0.634379
0.013117	-0.0896121	0.99589
-0.344028	-0.250815	0.904841
0.455614	-0.184922	0.870758
0.387651	0.230155	0.892611
0.317606	0.283887	0.904729
-0.704397	0.114516	0.700508
0.0180549	0.0424256	0.998936
-0.0500435	0.316299	0.947339
-0.176899	-0.323458	0.92956
-0.365859	0.227069	0.902545
-0.217493	0.21255	0.952638
0.476427	-0.00441038	0.879203
-0.729602	-0.118984	0.673441
0.157565	0.193965	0.968272
0.492276	-0.410769	0.76742
-0.218567	-0.0620905	0.973845
0.441199	0.0894441	0.892941
0.209765	0.118691	0.970521
0.114739	0.339554	0.933562
0.562769	-0.324808	0.760125
0.591434	-0.370351	0.716273
0.0586171	0.0705411	0.995785
-0.0228878	-0.454877	0.89026
-0.414234	-0.137107	0.899784
0.0132531	-0.42156	0.906703
-0.346737	0.568235	0.746246
0.313267	-0.807276	0.500169
-0.0308282	0.134659	0.990412
-0.458596	-0.31406	0.831298
0.287868	-0.567325	0.77154
0.0503912	0.288172	0.956252
-0.430396	0.656554	0.619432
0.0512427	0.668144	0.742265
0.512508	0.100765	0.85275
0.169628	0.105358	0.97986
-0.235821	0.194119	0.952211
0.760857	0.0447023	0.647378
0.168013	0.0946893	0.981227
0.472789	0.72302	0.503698
-0.453278	0.116106	0.883775
-0.407367	0.592026	0.695383
-0.336517	-0.0693169	0.939123
-0.394727	-0.813653	0.426802
-0.498012	0.0775517	0.863695
0.582273	-0.261846	0.769672
-0.255872	0.948147	0.188539
-0.0902178	0.836833	0.539974
-0.664271	0.395593	0.634233
-0.396557	-0.00593645	0.917991
-0.178824	0.769744	0.612794
0.109267	0.51411	0.850736
-0.481767	-0.00927866	0.87625
-0.381994	0.123384	0.915892
0.593061	-0.264317	0.760536
-0.0173511	-0.167163	0.985777
0.466016	-0.198143	0.862304
0.525202	-0.244691	0.815039
0.617492	0.182745	0.765054
0.520946	-0.495716	0.694896
0.209583	-0.337971	0.917524
0.17478	-0.565894	0.80574
-0.182612	-0.831877	0.524055
0.11934	0.241075	0.963141
-0.481565	-0.0813277	0.872629
-0.0937633	-0.552699	0.82809
-0.239612	0.498181	0.833308
-0.668123	-0.69373	0.268979
-0.344287	-0.778058	0.525444
0.516601	0.300254	0.801855
-0.326344	0.189332	0.926096
-0.574048	-0.0996757	0.812732
-0.0886277	-0.731898	0.675626
0.300971	-0.0784073	0.950404
0.216997	0.0464328	0.975067
0.303424	-0.226416	0.925564
-0.716486	0.260139	0.647283
-0.297365	0.180669	0.937514
0.231788	-0.228889	0.945455
0.0490164	-0.562378	0.825426
0.0786129	-0.78597	0.613246
-0.0236419	0.197669	0.979984
-0.261633	0.18384	0.947497
-0.442897	0.421247	0.79145
-0.74696	-0.447824	0.491432
-0.249867	-0.0730606	0.96552
0.17672	0.428895	0.8859
-0.15444	-0.460555	0.874092
-0.304241	0.258665	0.916804
0.39571	0.029762	0.917893
0.062927	0.197478	0.978286
-0.467329	0.688749	0.554282
0.527447	0.724217	0.444195
0.655103	0.0989135	0.749037
-0.368939	0.208612	0.90574
-0.564027	0.444554	0.695878
0.238459	-0.712162	0.660274
-0.160578	0.1862	0.969301
0.809656	0.264151	0.524101
-0.132021	0.90818	0.397214
-0.412058	0.398591	0.81935
0.761808	0.140268	0.632435
-0.0110044	-0.316912	0.948391
0.196332	-0.183052	0.963299
0.294393	0.663819	0.687515
-0.629503	0.242559	0.738168
-0.244077	0.441165	0.863597
-0.55297	0.274795	0.786582
0.382589	0.184833	0.905242
-0.0688064	0.628657	0.774633
0.192272	0.450657	0.871745
0.193803	0.344419	0.918595
0.0441402	0.356941	0.933083
-0.556131	0.115917	0.822971
0.0144332	0.479046	0.877671
0.63142	0.122394	0.765721
-0.305559	0.263221	0.915067
0.0870013	0.0078077	0.996178
0.685766	-0.255201	0.681614
-0.425868	-0.433621	0.794109
0.571877	0.323521	0.753851
0.705984	0.257594	0.659721
0.540902	0.292205	0.788696
-0.499767	-0.265699	0.824401
0.0488864	-0.445107	0.894142
-0.541928	0.140622	0.828577
-0.252123	-0.935281	0.248363
-0.134503	0.322472	0.936974
0.232352	-0.329954	0.914955
0.409476	-0.460875	0.787352
-0.804045	-0.242122	0.543036
0.0220395	0.276383	0.960795
-0.450304	-0.232381	0.862105
-0.687501	-0.298518	0.661989
-0.526908	0.295521	0.796891
0.149446	-0.158104	0.976048
-0.764279	-0.321726	0.5589
0.206142	-0.259131	0.943587
-0.213716	-0.0162648	0.976761
-0.280315	0.161848	0.946165
-0.375894	-0.0387229	0.925853
0.434225	0.399844	0.807201
-0.298688	0.16322	0.94029
0.00541304	0.404939	0.914328
0.0594246	0.452372	0.889847
0.0992886	0.359976	0.927663
-0.2155	0.455371	0.863827
-0.32925	0.323704	0.887023
-0.530843	-0.0162623	0.847314
-0.500895	-0.308192	0.808778
0.422001	0.391769	0.817577
-0.0783207	-0.550315	0.831276
-0.562075	0.0117597	0.827002
0.73821	-0.18625	0.648349
0.21137	0.0551995	0.975846
-0.261457	0.15405	0.952843
-0.763603	-0.108068	0.636579
-0.638098	0.350667	0.685466
0.273918	0.10251	0.956274
0.195331	-0.113569	0.974139
0.292341	0.03671	0.955609
0.357392	0.479341	0.801563
-0.514817	0.720111	0.465192
-0.101436	0.824682	0.556427
-0.0513956	0.109734	0.992631
-0.159286	0.111717	0.980891
-0.177604	-0.165047	0.970163
-0.34767	-0.218311	0.911848
-0.347843	-0.176489	0.920791
-0.773823	-0.262801	0.57631
-0.203409	-0.43949	0.874913
0.0803042	0.373842	0.924009
-0.254585	0.623489	0.739221
0.180645	0.131566	0.974709
-0.0156306	-0.457879	0.888877
-0.560943	-0.0113646	0.827777
-0.162804	-0.125853	0.978599
-0.191952	-0.113753	0.974789
-0.191102	0.763202	0.617255
0.0403637	0.560412	0.82723
0.34824	0.314627	0.883028
-0.805624	-0.311091	0.504175
-0.228995	0.225716	0.946897
0.0435232	-0.0760699	0.996152
-0.318223	-0.586187	0.745063
-0.0339729	-0.0649647	0.997309
0.134523	-0.314593	0.939646
0.666331	0.60642	0.433887
-0.362568	0.057104	0.930206
-0.154341	-0.182386	0.971038
-0.370026	-0.0617384	0.926968
0.0667775	-0.0931009	0.993415
-0.0438559	-0.269754	0.96193
-0.0783132	0.297149	0.951614
-0.234092	-0.307066	0.922448
-0.0513528	-0.694916	0.717255
-0.584467	-0.495191	0.642794
-0.170753	-0.52865	0.831488
0.00732938	0.497214	0.867597
0.17877	0.729397	0.660319
-0.230615	-0.0585325	0.971283
-0.03719	0.680967	0.731369
0.542832	0.151758	0.826016
-0.188153	0.969026	0.159959
-0.575654	-0.608375	0.546354
0.414796	0.150356	0.897406
-0.0951334	-0.725804	0.681291
-0.35392	-0.439887	0.825373
0.130409	0.690847	0.711143
0.380376	-0.172396	0.908622
0.267898	0.17436	0.947538
-0.0989714	-0.274622	0.956445
0.343167	-0.00729541	0.939246
-0.203119	-0.0175832	0.978996
-0.564204	0.0248559	0.825261
-0.18181	-0.435712	0.881533
-0.007488	0.388188	0.92155
0.373768	0.158723	0.91384
0.150792	-0.614638	0.774262
-0.0590139	0.236505	0.969837
-0.0580852	0.070288	0.995834
0.133682	0.157632	0.978408
-0.219089	-0.525783	0.82192
-0.579505	0.177562	0.79539
-0.184555	0.450145	0.873676
-0.141404	0.407656	0.902121
0.292392	-0.103127	0.950722
0.00961421	0.332125	0.943187
0.392593	0.0806135	0.916172
-0.670099	-0.115761	0.73319
-0.600523	-0.283434	0.747688
0.328813	0.544265	0.771788
0.133718	-0.539924	0.831025
-0.0588711	0.57737	0.814358
0.130399	0.103739	0.986019
-0.0874242	-0.0759636	0.993271
-0.247623	-0.364639	0.89762
0.02193	0.349143	0.936813
-0.169627	0.12953	0.976959
0.57143	0.605004	0.554471
0.428485	-0.451025	0.782928
-0.232936	-0.142013	0.962067
-0.668123	-0.131501	0.732338
0.159565	-0.295298	0.941986
-0.756336	-0.369757	0.539662
0.850645	-0.348342	0.393778
0.474023	0.519843	0.710679
0.237872	-0.153765	0.959048
0.352995	0.202691	0.913406
-0.0424818	0.681643	0.730451
0.686641	0.0207037	0.726702
0.144863	-0.120643	0.982069
0.300223	-0.613961	0.730013
-0.910041	-0.0774842	0.407213
-0.347015	-0.837662	0.421785
-0.352664	0.306431	0.884154
0.19974	0.342618	0.917996
0.120902	-0.710667	0.693062
-0.128922	-0.555084	0.821743
-0.0573263	-0.0363448	0.997694
-0.891173	-0.0239791	0.453029
0.0717442	0.342173	0.936894
0.21231	-0.180762	0.960338
-0.638921	0.341301	0.689415
0.100903	-0.0195142	0.994705
0.436951	-0.00586487	0.899466
0.25266	-0.206547	0.945252
0.0669475	0.324999	0.943342
0.720992	0.290935	0.62891
-0.436441	-0.151915	0.886815
-0.142865	0.767164	0.625339
0.636276	-0.225824	0.73767
0.575535	-0.816133	-0.0518419
-0.364774	0.285768	0.886158
0.211594	0.660816	0.720104
0.0535587	-0.0533214	0.99714
-0.0467005	-0.176048	0.983273
0.0985309	0.495301	0.863116
0.440595	0.49876	0.746401
0.966513	0.0893255	0.240569
-0.117673	0.570248	0.813001
0.298953	0.71722	0.629462
-0.555776	0.0525762	0.829668
0.136965	0.325172	0.935683
0.119068	-0.166501	0.978826
-0.0227217	-0.141453	0.989684
0.223558	-0.0982585	0.969725
0.823145	-0.0953148	0.559775
-0.260691	-0.261162	0.929427
0.141355	0.0690569	0.987547
0.0313826	0.254461	0.966574
-0.339937	0.286368	0.895788
0.0590993	-0.231859	0.970952
-0.0505504	0.493919	0.868037
0.264812	-0.402148	0.876443
0.508076	0.593641	0.624059
0.248987	0.108119	0.962453
-0.23067	0.736627	0.635745
0.0642073	0.119687	0.990733
0.203379	-0.356709	0.911809
0.700338	0.192102	0.687476
-0.615157	-0.071286	0.785175
-0.182238	0.402453	0.897118
0.385763	0.17702	0.905456
0.799221	0.259873	0.541952
0.373684	-0.255713	0.891611
-0.471807	-0.282388	0.835258
0.823003	-0.503641	0.262699
0.525826	0.211545	0.823866
-0.684164	0.231136	0.691734
0.0791138	0.743995	0.663485
0.248929	0.407791	0.878488
0.774434	0.471036	0.422346
0.414431	-0.0496292	0.908726
-0.0887366	-0.60348	0.792425
0.230395	0.185365	0.955279
0.111507	-0.0886063	0.989806
-0.411889	0.1937	0.890409
-0.513161	-0.278447	0.81187
0.0193358	0.439202	0.89818
-0.17051	0.301853	0.937982
0.128946	-0.272736	0.953409
-0.127428	0.136678	0.982386
0.433201	0.414603	0.800276
0.0838188	0.135372	0.987243
0.012165	0.193984	0.980929
0.53832	0.806385	0.244857
0.495172	0.309351	0.811854
0.64599	-0.297225	0.703103
-0.195745	0.444029	0.874369
-0.351785	0.0445418	0.935021
-0.495254	-0.262881	0.82802
-0.264545	-0.883754	0.385998
-0.226455	0.558799	0.797786
0.571166	0.262978	0.777568
0.334972	0.188768	0.923125
0.418931	-0.412326	0.809002
0.653481	0.682001	0.328385
-0.171214	-0.0190387	0.98505
-0.602785	0.634485	0.483817
0.555666	0.102408	0.825075
-0.499946	0.482426	0.719249
0.443764	0.130446	0.886598
0.69147	-0.356727	0.628184
-0.372663	-0.0325084	0.927397
-0.119247	0.138536	0.983152
-0.14283	-0.280408	0.949195
-0.0467655	0.415658	0.908318
-0.363196	-0.215793	0.906378
0.599799	0.464053	0.65184
0.869685	-0.419941	0.259418
-0.436178	-0.439289	0.78535
-0.17269	0.153987	0.972865
0.202975	-0.3864	0.89972
-0.340726	-0.130029	0.931127
0.412211	-0.249563	0.876242
0.233843	0.0409239	0.971413
-0.201376	-0.398381	0.894841
-0.060396	-0.191156	0.9797
0.186901	-0.154434	0.970164
-0.614895	0.158005	0.772618
0.195722	-0.672469	0.713777
0.0529938	-0.620458	0.782447
0.0943404	0.389936	0.915997
-0.559573	0.220896	0.798801
0.00923901	-0.533536	0.845727
0.571096	-0.744422	0.345956
0.471189	-0.0934652	0.877066
0.130497	-0.418565	0.898763
0.188181	-0.52804	0.828107
-0.470216	0.377416	0.79778
0.573941	0.170294	0.800994
0.119396	0.930213	0.347057
0.616105	-0.484419	0.62109
0.163734	0.121599	0.978982
-0.376073	-0.0677972	0.924107
0.463392	0.392713	0.794383
-0.0341739	-0.380918	0.923977
0.466646	-0.357104	0.809147
-0.299411	-0.0340542	0.953516
0.385086	-0.172164	0.90668
0.209445	-0.453462	0.866317
-0.699461	0.104861	0.706936
0.345171	0.000254441	0.93854
-0.257259	0.124819	0.958247
-0.143578	0.00758359	0.98961
0.366125	-0.126864	0.921877
0.850248	-0.232777	0.472115
0.532424	-0.189246	0.825052
0.379277	0.603311	0.701544
-0.157006	0.0561591	0.986
-0.0781958	0.207423	0.975121
0.160196	0.717372	0.678023
0.259343	0.731809	0.630236
0.807789	-0.561554	0.179261
0.145027	0.441043	0.885691
-0.883369	-0.223132	0.412154
-0.0745219	0.318566	0.944967
-0.542839	-0.0415768	0.838807
0.647535	0.110578	0.75397
0.0166897	0.250503	0.967972
-0.396366	0.266417	0.878588
0.463707	-0.22865	0.855976
-0.493035	0.0316931	0.869432
-0.0705113	0.30398	0.950065
-0.218071	0.390949	0.894206
-0.588104	-0.210902	0.780803
-0.582095	-0.35392	0.732056
0.065844	-0.547942	0.833921
0.303982	0.0321192	0.952136
0.457142	0.198838	0.866882
-0.166414	0.511302	0.843135
0.501123	0.0525653	0.863778
-0.260328	0.685274	0.680168
-0.362918	-0.0339597	0.931202
-0.53843	0.417368	0.73205
-0.345638	-0.021995	0.93811
-0.761746	-0.0499313	0.645949
0.416414	0.294614	0.860117
0.0268776	-0.392091	0.919534
-0.113514	0.286238	0.951411
-0.380372	0.00593422	0.924814
0.513325	0.0631591	0.855867
-0.0426747	-0.210841	0.976588
0.25725	-0.468019	0.845447
0.799341	0.584475	0.139437
-0.307562	0.549355	0.776927
-0.488801	0.0809433	0.868632
0.371075	0.36022	0.855889
-0.0766537	-0.305496	0.949103
0.403503	-0.234808	0.884336
-0.0504061	-0.0189812	0.998548
-0.630413	0.657967	0.411896
0.113659	-0.296031	0.948392
0.14834	-0.33902	0.92901
0.30235	0.509273	0.805745
-0.259303	-0.154049	0.953431
0.105905	0.222341	0.9692
-0.598775	0.202067	0.775008
-0.866652	-0.0489733	0.496504
-0.193383	-0.452398	0.870597
0.343465	-0.199829	0.91766
-0.0730846	-0.554265	0.829126
0.118693	0.720474	0.683249
-0.357493	0.81975	0.447447
0.281182	-0.355478	0.891388
0.11116	0.131972	0.985001
0.301348	0.411783	0.860014
-0.094659	-0.182817	0.978579
0.487244	-0.100883	0.867419
0.402727	0.494115	0.770494
-0.0700561	0.0915881	0.99333
-0.0110403	0.0906691	0.99582
-0.124809	0.454771	0.88182
0.689888	-0.340452	0.638864
-0.306184	0.582187	0.753199
-0.193498	-0.0398845	0.98029
0.013423	0.440233	0.897783
-0.266478	-0.300294	0.915867
0.096305	0.353277	0.930549
-0.595477	0.588424	0.546959
-0.357122	0.273168	0.89322
0.3548	-0.307569	0.882903
0.268153	-0.0372972	0.962654
0.410201	0.51129	0.755194
0.101893	-0.318231	0.942522
-0.453848	0.51248	0.728962
0.000381494	-0.00393435	0.999992
-0.286237	0.454271	0.843627
0.339189	-0.157165	0.927497
0.532377	-0.581275	0.615381
-0.309809	-0.221212	0.924707
0.605328	-0.334149	0.722442
-0.508392	-0.698366	0.503808
-0.0595982	-0.719119	0.692327
-0.227742	0.120828	0.966196
-0.46289	0.395528	0.793278
0.291206	0.397417	0.870206
0.0106047	-0.320414	0.947218
-0.102332	0.032486	0.99422
-0.646465	0.0917934	0.757401
0.17625	-0.199578	0.963901
-0.318791	0.250229	0.914198
0.277124	-0.0336498	0.960245
0.503372	-0.0282976	0.863607
0.411485	-0.377385	0.829615
0.233585	0.233227	0.943951
0.0855521	-0.51123	0.855175
0.31226	-0.143401	0.939111
0.00237527	-0.0347135	0.999394
-0.0523686	0.448529	0.892233
0.278599	-0.392298	0.876633
-0.521748	-0.792073	0.316859
0.0987797	-0.0701312	0.992635
-0.168168	0.0448519	0.984738
-0.120508	-0.570525	0.812391
-0.562018	-0.196363	0.803478
0.336845	0.263735	0.903869
-0.141868	-0.25219	0.957222
-0.628217	0.395445	0.67005
0.13418	-0.697381	0.704029
-0.0281574	0.0375315	0.998899
-0.669615	-0.395161	0.628859
-0.0346467	0.0423027	0.998504
-0.333196	-0.126876	0.934282
0.323067	0.179331	0.92923
0.834268	-0.312158	0.454482
-0.326624	-0.516969	0.79124
0.494659	-0.518219	0.697683
-0.17039	0.120883	0.977934
0.0763266	0.444238	0.892652
-0.712134	0.280496	0.643573
-0.0739635	-0.417815	0.905517
0.13668	-0.106634	0.984859
-0.0331713	-0.0693207	0.997043
0.697614	0.628258	0.344421
-0.416203	-0.0547171	0.907624
-0.435366	-0.156851	0.886484
0.17527	-0.173842	0.969051
-0.149368	-0.296579	0.943255
0.433617	-0.774874	0.459942
0.682253	-0.432664	0.58935
0.983802	0.144834	0.105622
0.513704	0.111721	0.850662
-0.064045	0.638333	0.767092
0.824125	0.211222	0.52555
-0.024037	0.00746528	0.999683
0.184414	0.1139	0.976227
-0.265733	-0.336475	0.903422
0.108433	-0.204244	0.972896
0.0627677	0.408525	0.910586
0.113876	0.222711	0.968211
0.322107	0.232913	0.917605
0.112666	0.562417	0.819142
0.41639	-0.456261	0.786413
-0.186535	-0.092861	0.97805
-0.627529	0.255414	0.735507
0.481407	-0.166153	0.860604
0.255205	0.197521	0.946496
0.618257	0.488447	0.615775
0.453451	0.177867	0.873353
-0.195285	-0.148926	0.969373
0.449414	-0.50213	0.738845
-0.469036	0.417918	0.778043
-0.501522	-0.339963	0.795551
0.218356	0.07202	0.973208
0.36061	0.501678	0.786308
0.0593007	0.713024	0.698628
-0.0418447	0.713418	0.699488
0.211759	0.405295	0.889322
-0.155104	0.457025	0.875826
-0.584128	0.474191	0.65874
-0.16008	-0.175593	0.971361
0.392396	0.277462	0.876949
-0.0476593	-0.07839	0.995783
0.0414093	-0.85306	0.520167
-0.568647	0.602944	0.559553
-0.0424372	-0.0635597	0.997075
0.753678	-0.0981036	0.649881
-0.26782	-0.160942	0.949932
-0.0756852	-0.285177	0.955482
0.182038	0.000186417	0.983291
-0.518739	-0.228778	0.823754
0.42988	0.784618	0.446741
0.305688	0.222057	0.925876
-0.54199	-0.212704	0.813021
0.07232	-0.167475	0.98322
-0.317002	0.461439	0.828604
-0.0263395	-0.241639	0.970009
0.0541213	0.176263	0.982854
-0.513548	-0.00480006	0.858048
0.563369	0.315857	0.763446
-0.0238575	0.309448	0.950617
-0.0298726	-0.675131	0.737093
0.232782	-0.165782	0.958295
-0.408916	-0.0395426	0.911715
-0.467201	0.0414953	0.883177
-0.137927	0.404226	0.9042
0.520522	-0.25347	0.815358
-0.00541977	-0.210527	0.977573
-0.0844166	0.570486	0.816958
-0.857234	0.0557985	0.511895
0.623151	-0.427837	0.654705
0.366727	0.0818404	0.926722
-0.014652	0.48868	0.87234
0.790961	0.225177	0.568925
0.594001	0.471017	0.652155
0.571449	0.198975	0.79615
-0.305545	0.143299	0.941333
0.421713	-0.325868	0.846149
-0.242452	-0.557699	0.793844
0.614593	0.646333	0.452249
0.363801	0.108252	0.925165
-0.527983	-0.267996	0.805861
-0.0754541	0.576587	0.813544
0.0252736	0.319364	0.947295
0.144583	0.135397	0.980185
0.442634	-0.244377	0.86276
-0.190698	0.495189	0.847598
0.63214	0.119156	0.765638
-0.717647	-0.250131	0.649936
0.150203	-0.248805	0.956836
0.205401	0.0241554	0.97838
0.530359	0.150468	0.834313
0.692111	-0.440075	0.572116
0.340105	0.335372	0.878552
0.777081	0.0846083	0.623688
-0.0444462	-0.347826	0.936505
-0.479586	0.411387	0.775086
0.625737	0.099006	0.773725
-0.0547743	0.501612	0.863357
-0.869027	-0.478038	-0.127563
-0.211992	0.322749	0.922438
-0.100518	-0.720576	0.686051
-0.0494448	-0.266356	0.962606
-0.246347	0.447851	0.859501
0.495609	-0.143556	0.8566
0.170118	-0.370507	0.913118
0.236444	-0.165333	0.957475
0.104939	-0.126051	0.986458
0.229726	0.411753	0.881865
0.115521	-0.5727	0.811585
0.204961	-0.0356858	0.978119
0.661403	0.146962	0.735492
0.0119864	-0.379924	0.92494
0.0625163	0.0974599	0.993274
-0.0956643	-0.350042	0.931836
-0.72525	-0.112123	0.679294
0.660434	0.20915	0.721168
0.0475695	0.684191	0.727749
0.0928251	-0.48491	0.869624
0.456269	0.394898	0.797417
-0.206671	-0.342987	0.916323
-0.107229	0.24425	0.963765
-0.466495	0.50003	0.729625
0.376821	0.0815062	0.922693
0.066582	0.949218	0.307493
0.0325877	0.363703	0.930945
0.0516904	0.615321	0.78658
-0.129179	0.363917	0.92243
-0.0565071	-0.250221	0.966538
-0.0299849	0.354542	0.934559
0.118308	-0.105629	0.987343
-0.095823	0.515185	0.851706
0.503314	0.41973	0.755315
0.186408	-0.218624	0.957839
0.4838	-0.443932	0.754229
0.401047	0.345634	0.848351
-0.229882	0.126575	0.964952
0.25557	0.289263	0.922503
-0.11955	-0.500301	0.857558
0.505751	-0.83733	0.207592
0.34304	-0.501374	0.794322
0.126825	0.576989	0.806845
0.317149	-0.0243255	0.948064
-0.206781	0.0819124	0.974952
-0.554046	0.339375	0.760169
-0.489969	-0.324903	0.80893
0.266043	-0.431318	0.862082
-0.580026	-0.341516	0.739552
0.392418	0.13485	0.909848
0.620378	0.390149	0.680379
0.286642	0.0175237	0.957878
-0.053925	-0.002283	0.998542
-0.192616	-0.319448	0.927821
0.565374	-0.171122	0.806889
-0.219951	0.111224	0.96915
-0.597394	0.0918309	0.796673
-0.0119321	0.050636	0.998646
-0.0965225	-0.764876	0.636905
0.601832	0.000283208	0.798622
-0.309079	-0.280876	0.908613
0.372251	-0.0681781	0.925625
-0.69046	-0.275817	0.668723
-0.579832	0.335194	0.74259
-0.0385876	0.364623	0.930355
-0.2134	-0.575034	0.789808
-0.11649	0.6048	0.787811
-0.0691708	-0.685882	0.724418
-0.0862774	-0.341585	0.935882
0.0871573	-0.110368	0.990062
-0.375328	-0.419259	0.82665
-0.0333378	0.663117	0.747773
-0.0626017	-0.160864	0.984989
0.381872	0.596318	0.706101
-0.167882	-0.0107008	0.985749
0.289224	-0.47746	0.829688
0.508925	-0.295164	0.808624
0.0189801	-0.49328	0.869663
0.428044	-0.181395	0.885367
-0.342995	-0.396817	0.851405
0.730373	0.224181	0.645212
0.119339	-0.403942	0.906967
-0.0984397	0.479827	0.871823
0.0281374	-0.520606	0.853333
-0.0540791	0.617594	0.784636
0.33868	-0.845812	0.412187
-0.32923	0.297481	0.896166
0.507908	0.376907	0.774578
0.309701	-0.34419	0.886351
0.483562	0.706936	0.516149
0.999918	-0.00433768	0.0120558
0.0345773	0.15398	0.987469
0.239542	0.0377766	0.970151
-0.228716	0.753165	0.616792
0.779971	0.414447	0.468912
-0.335293	-0.400445	0.852773
-0.146227	0.57238	0.806845
-0.291075	-0.187789	0.938089
-0.576892	-0.0837384	0.812516
-0.676959	0.210746	0.705204
0.658492	0.601803	0.451908
0.796553	-0.266347	0.542737
0.76106	0.218738	0.610689
-0.187518	0.360907	0.913555
-0.408901	0.0885544	0.908272
-0.489476	-0.02571	0.871637
0.304964	0.392347	0.867791
0.472082	0.217153	0.854391
0.240805	0.121498	0.962939
0.100455	-0.156879	0.982496
-0.126429	0.187684	0.974059
-0.360639	0.280287	0.889595
-0.431732	0.435235	0.79005
0.0681232	0.303026	0.950544
0.120427	0.337192	0.933702
0.286182	-0.241889	0.927141
0.406228	-0.087574	0.909566
-0.417783	0.119761	0.900619
0.339268	0.506009	0.793002
-0.418689	0.347706	0.838928
-0.186002	0.341476	0.921302
-0.171993	0.112771	0.978622
-0.224851	-0.412712	0.882673
-0.341415	-0.645558	0.683148
0.732865	0.271002	0.624073
0.413971	0.101718	0.904589
-0.0891681	0.138662	0.986317
-0.175858	0.348214	0.920772
-0.346374	0.317456	0.882749
0.624862	-0.0377391	0.779823
0.108042	-0.44603	0.888473
0.114024	-0.453545	0.883909
0.508451	-0.259893	0.820934
0.166523	-0.239393	0.956536
-0.665367	0.289815	0.687963
-0.71157	-0.428451	0.556864
0.739513	0.169288	0.651508
-0.353452	-0.223002	0.908483
0.430744	0.249258	0.86737
0.406583	0.147138	0.901688
0.249172	0.125431	0.960302
-0.264756	0.0156216	0.964189
-0.573575	-0.0118704	0.819067
0.0204683	-0.353031	0.935388
-0.235173	0.362673	0.901755
0.455085	-0.20023	0.867644
0.423632	0.713312	0.558321
0.597225	0.403392	0.693251
-0.40785	0.208249	0.888983
0.423322	0.217349	0.879521
-0.61655	0.398685	0.678908
-0.528673	0.342758	0.776545
0.828895	0.548349	0.110663
-0.769945	0.15769	0.61832
-0.611379	0.0498307	0.789767
-0.241024	-0.478468	0.844379
-0.264091	0.489539	0.831028
-0.21244	0.205936	0.955227
0.62506	-0.626843	0.465153
-0.197589	0.0895866	0.976183
-0.317078	0.161744	0.934505
-0.252339	0.544994	0.799567
0.0184855	0.141713	0.989735
-0.043672	0.0197109	0.998851
-0.301387	-0.1864	0.935105
0.755412	0.00368993	0.65524
-0.160403	-0.366476	0.916497
-0.596467	0.413162	0.688131
0.415742	-0.0771537	0.906204
-0.346754	-0.139919	0.927461
0.731974	-0.133086	0.668208
0.201242	-0.880367	0.429483
0.208342	-0.158756	0.965086
0.217906	0.159816	0.962796
-0.77741	0.160681	0.608125
-0.0839817	0.150051	0.985105
0.0782677	-0.0278876	0.996542
0.268687	0.133234	0.953969
-0.29348	-0.929382	0.223872
0.0665605	-0.0162274	0.99765
-0.804514	0.500344	0.320019
-0.571384	-0.250199	0.781614
-0.213243	0.222508	0.951324
-0.0292163	0.221415	0.974742
-0.00162889	-0.540125	0.841583
0.635086	-0.372426	0.676731
-0.325327	0.00943674	0.945554
-0.741441	-0.576624	0.343176
0.167587	-0.319067	0.932797
-0.290876	0.546165	0.785554
-0.227308	0.0315855	0.97331
0.227564	0.0189674	0.973578
-0.904353	-0.146497	0.400855
-0.688983	-0.0109794	0.724695
-0.0625079	-0.296916	0.952856
-0.600063	0.109839	0.792376
0.499052	0.356718	0.789747
-0.571469	-0.062281	0.818257
-0.392232	-0.342506	0.853723
-0.531836	-0.0990079	0.84104
0.526252	0.418406	0.740267
0.303908	-0.0880756	0.948622
-0.0704905	0.0393649	0.996735
0.285805	0.306556	0.907931
-0.114849	0.360187	0.925783
-0.454159	-0.817185	0.354892
0.270266	-0.866557	0.419566
0.539684	-0.312043	0.781902
0.175623	-0.0741455	0.981661
0.0894586	0.687896	0.720275
0.218687	-0.810118	0.543953
-0.270263	0.13038	0.953918
-0.20521	-0.252407	0.945611
0.57458	0.33099	0.748534
0.129629	0.214108	0.96817
0.915444	-0.201595	0.348312
0.234013	0.024819	0.971917
-0.307788	0.341811	0.887937
-0.481244	0.826878	0.290992
-0.000897798	0.442791	0.896624
-0.69997	-0.172538	0.693017
0.268358	0.533201	0.802297
-0.204461	-0.03337	0.978306
0.216618	-0.0599381	0.974415
-0.496293	0.381915	0.779637
-0.0592714	-0.663254	0.746044
0.359984	-0.180285	0.915373
-0.385618	-0.799281	0.460922
0.467249	-0.283509	0.837437
0.0643339	0.474447	0.87793
0.0753582	0.512736	0.855233
0.582516	-0.51687	0.627312
0.276815	-0.55542	0.784144
-0.0487285	-0.705735	0.706798
-0.427176	-0.492358	0.758356
-0.0773439	0.0301097	0.99655
-0.399554	0.606259	0.68761
-0.325164	0.197354	0.924835
0.229284	0.203079	0.951939
-0.530388	-0.500817	0.684011
0.0969928	-0.308858	0.94615
-0.492077	0.0227979	0.870253
-0.350032	-0.134842	0.926982
-0.66266	-0.273629	0.697143
-0.169944	-0.263814	0.949485
0.27374	0.234862	0.932688
-0.34318	-0.93733	0.0603395
-0.0881561	-0.496293	0.863668
-0.056502	-0.737879	0.672564
0.30623	-0.161743	0.938117
0.171515	-0.34875	0.921388
0.162685	-0.285617	0.944434
0.657861	0.398057	0.639351
0.203283	0.321981	0.924665
0.807307	-0.426361	0.408008
-0.160751	-0.450415	0.878229
0.0299642	0.0682605	0.997217
0.577614	-0.548824	0.60428
-0.235349	-0.60952	0.757031
0.782241	0.0666768	0.619397
0.228652	0.119235	0.966179
-0.166853	-0.659678	0.732793
0.259127	-0.0367027	0.965146
0.719114	-0.470976	0.510937
-0.237159	-0.766858	0.596392
0.164994	-0.0420793	0.985396
-0.353965	0.500269	0.790215
0.492565	-0.10972	0.863331
-0.148133	-0.274255	0.950179
0.489635	-0.486832	0.723362
0.462244	-0.164124	0.871432
0.0643642	0.329072	0.942109
0.0428039	0.614122	0.78805
-0.299966	0.209791	0.930596
-0.267689	0.496811	0.825543
0.36146	0.437931	0.823142
0.713319	-0.483493	0.507356
0.139404	0.331212	0.933201
0.0940966	0.268268	0.958738
0.167667	0.7745	0.609948
-0.0329547	0.690323	0.72275
0.399058	-0.381071	0.833989
-0.191079	0.545534	0.816015
0.0815651	-0.0147481	0.996559
-0.176588	-0.284241	0.94235
0.726186	-0.264911	0.63441
0.235769	0.349893	0.906636
0.116472	0.157564	0.980616
-0.453905	0.5586	0.694217
0.48909	0.0771905	0.868811
-0.326478	0.348324	0.878682
0.305327	-0.492327	0.815101
-0.0877384	0.271259	0.958499
0.140061	-0.377512	0.915351
0.17867	-0.127771	0.975578
-0.215055	-0.49245	0.843353
-0.247363	0.0263724	0.968564
0.0060066	-0.597446	0.801887
-0.413075	0.194598	0.889663
0.0628094	0.273908	0.959703
-0.708172	0.323	0.627824
-0.35011	-0.33161	0.876047
0.55985	0.491714	0.666922
-0.601578	-0.427257	0.674948
0.242509	-0.229552	0.9426
-0.581106	0.2515	0.773992
0.375297	0.209259	0.902974
-0.0791434	0.364805	0.927714
-0.380997	-0.0319638	0.924024
0.0458982	-0.149042	0.987765
0.112581	-0.226475	0.967489
-0.022002	0.0613029	0.997877
0.289099	0.468863	0.83462
0.488723	-0.110417	0.865423
0.733182	-0.0806434	0.675234
0.433655	0.225861	0.872313
0.731221	0.375678	0.569369
-0.177463	0.126303	0.975989
0.373726	0.538482	0.755225
0.655483	0.378767	0.653358
-0.20907	0.167287	0.963486
0.0742543	0.679719	0.729704
0.211485	-0.294022	0.932108
0.878813	-0.0244366	0.47654
0.170405	0.306578	0.936468
0.51945	-0.313775	0.794806
0.433747	0.197367	0.879153
-0.33962	0.803104	0.489574
0.208402	0.444347	0.871277
-0.18968	-0.586582	0.787365
0.239986	0.159646	0.957559
-0.199413	0.186421	0.96202
0.0658266	-0.254893	0.964726
0.390422	0.0695208	0.918007
0.353586	-0.0933169	0.930736
0.0364663	0.182964	0.982443
-0.501657	0.176959	0.846774
0.342719	0.834789	0.430896
0.192717	0.328769	0.924538
0.390617	-0.673453	0.627598
0.00610412	0.41235	0.911005
-0.124994	0.182929	0.975148
0.190736	0.382783	0.903934
-0.00312662	-0.657502	0.753446
-0.70009	0.645335	0.305641
0.650089	0.494188	0.577203
-0.303776	-0.329978	0.893776
0.323351	0.754166	0.571557
0.0256766	0.523102	0.851883
0.222714	-0.121222	0.967318
-0.359246	0.265382	0.894715
0.057083	-0.44289	0.894757
0.00426491	-0.614352	0.78902
0.934529	0.208123	0.288686
0.159313	0.0273276	0.98685
0.837962	0.0807927	0.539715
0.0611981	0.241916	0.968365
-0.161341	0.138662	0.977109
0.330532	0.293163	0.897109
0.782948	-0.622057	-0.00609355
-0.733301	0.389472	0.557298
-0.00403821	-0.140392	0.990088
-0.302673	-0.288707	0.908316
-0.31675	-0.912876	0.25754
0.105997	0.0472437	0.993243
0.318409	0.560681	0.764364
0.832158	-0.469723	0.294744
0.00503021	0.372609	0.927975
0.207474	-0.262411	0.942388
-0.0926151	-0.0206358	0.995488
-0.917573	0.0775803	0.389925
-0.170497	0.169868	0.970606
0.299226	-0.0437008	0.953181
0.272252	0.399527	0.875361
0.109324	0.353706	0.928946
0.0525673	-0.303448	0.951397
0.338836	-0.236703	0.910583
0.0584536	0.734161	0.676455
0.490469	-0.0650257	0.869029
0.814108	0.140038	0.563576
0.645931	0.273908	0.712565
0.0978648	0.476057	0.873952
-0.383257	-0.040108	0.92277
-0.893754	0.425858	0.140887
0.200639	0.39562	0.89623
0.443233	0.55322	0.705331
0.661491	0.34527	0.665746
-0.0523085	0.181116	0.98207
0.15596	0.129429	0.979247
0.447744	0.389251	0.80499
0.402022	0.516053	0.756351
0.50428	-0.81132	0.295739
0.545271	0.286228	0.787879
0.120817	0.540209	0.832813
-0.609745	0.00798043	0.792557
0.561143	0.0318235	0.827107
-0.153932	0.369139	0.916537
0.0307839	0.86704	0.497287
0.496162	-0.0989956	0.862568
0.839499	0.159381	0.51946
-0.196272	0.294308	0.93534
-0.0210306	-0.169814	0.985252
-0.404136	0.260609	0.876788
-0.00254479	0.862742	0.505639
0.308787	-0.0988019	0.945986
0.162456	-0.356111	0.920214
0.999276	-0.0370154	-0.00879241
0.314605	0.251418	0.915321
0.131038	0.460432	0.87797
-0.291109	-0.0605519	0.954772
-0.112656	-0.760792	0.639143
0.0608248	0.317352	0.946355
0.308972	-0.222825	0.9246
0.0572466	-0.460347	0.885891
0.723015	0.594036	0.352661
-0.129239	-0.236378	0.963028
0.35636	-0.515944	0.77898
0.251169	0.14215	0.957448
-0.657918	0.0344075	0.752304
0.343422	-0.494132	0.798683
0.623806	0.216436	0.751014
-0.217904	-0.388026	0.895518
-0.136178	-0.838379	0.527804
-0.156037	0.481349	0.862529
0.0576501	-0.00858925	0.9983
-0.494458	-0.410242	0.766298
-0.0755676	0.428037	0.900596
0.424486	0.493003	0.759447
-0.214914	-0.0689421	0.974197
0.616061	0.34611	0.707586
0.0707796	-0.144705	0.98694
-0.000802066	-0.157853	0.987462
0.158861	0.0309879	0.986815
-0.213812	-0.134883	0.967518
0.121763	0.325105	0.937806
0.0391666	0.123487	0.991573
0.938819	-0.189661	0.287485
0.456311	-0.372766	0.807977
0.139873	-0.133226	0.981166
0.18894	0.418464	0.888363
0.010533	-0.707222	0.706913
-0.0396451	0.260047	0.964782
-0.173924	0.474046	0.863152
0.269427	-0.629411	0.72887
0.444779	-0.0758398	0.892424
-0.576015	-0.187034	0.795755
0.0219984	-0.105162	0.994212
0.456198	-0.588364	0.667616
0.016889	-0.405751	0.913827
-0.306139	0.321913	0.895908
-0.614772	0.373085	0.694884
0.29424	-0.382226	0.875971
-0.870151	0.110069	0.480335
-0.680951	0.257973	0.685387
-0.126961	-0.193196	0.972911
-0.225559	0.405405	0.885873
0.312486	0.378346	0.871325
0.451461	0.00570383	0.892272
-0.104457	0.0991318	0.989577
-0.330046	0.151527	0.931724
-0.512064	-0.188643	0.837976
-0.185412	0.910203	0.370341
0.0938856	0.12105	0.988197
0.0320517	0.153958	0.987557
-0.191225	0.486562	0.852461
0.4091	0.591611	0.694718
-0.457334	0.043716	0.88822
-0.376148	-0.0416601	0.925623
0.293899	0.697496	0.653546
0.241669	0.145871	0.959332
-0.231993	0.325718	0.916563
-0.113175	-0.444604	0.888549
-0.284326	-0.252603	0.924852
0.316702	0.170304	0.933111
-0.434115	-0.0653219	0.898486
-0.0738087	0.137971	0.987682
0.539195	0.330341	0.774689
-0.0622286	-0.0977263	0.993266
0.338146	0.464623	0.818403
-0.447594	0.0449858	0.893104
-0.0655482	0.0016296	0.997848
-0.0406224	0.182894	0.982293
0.169505	0.166261	0.971404
-0.545546	0.480074	0.686956
0.652054	-0.40315	0.642103
-0.164373	0.135446	0.977055
-0.53153	0.134114	0.836355
0.501193	-0.490411	0.712953
0.40943	0.221452	0.885057
-0.568019	0.0836262	0.818756
-0.0659772	-0.294852	0.953262
0.213838	0.177379	0.96063
-0.711204	0.235045	0.662527
-0.0143969	0.207035	0.978228
-0.165059	-0.295532	0.940966
0.00952149	-0.102008	0.994738
0.109098	0.20946	0.971712
0.439666	0.246945	0.863546
0.623382	-0.461804	0.630978
-0.248712	-0.438202	0.863783
0.101774	0.347745	0.932049
0.301534	0.280665	0.91121
-0.0711971	-0.0203864	0.997254
0.163247	0.0428524	0.985654
0.2153	-0.0140676	0.976447
0.226467	-0.409087	0.883946
-0.367201	-0.374228	0.851538
-0.727254	-0.25032	0.639095
0.0926007	0.431118	0.897531
0.0576267	0.349661	0.935102
0.349771	0.732532	0.584001
-0.273133	-0.861511	0.428016
-0.575226	-0.154465	0.803278
0.916157	-0.184177	0.355998
-0.129972	0.274462	0.952774
-0.292618	-0.348556	0.89044
-0.399529	0.742519	0.537626
0.397768	-0.444422	0.802664
0.0721464	-0.0433711	0.996451
-0.795506	0.309917	0.520693
0.551215	-0.130145	0.82415
-0.246175	0.0499988	0.967935
-0.158354	0.241376	0.957425
0.400455	0.119969	0.908429
0.180164	0.248427	0.951748
0.43878	0.707923	0.55346
-0.197948	0.693206	0.693024
0.383667	0.188724	0.903982
-0.425573	0.180029	0.886836
-0.340266	-0.538387	0.770947
0.392122	0.664971	0.635652
0.3629	0.135465	0.921929
0.853973	0.349007	0.385907
0.581422	0.468618	0.665091
-0.383149	0.27549	0.881648
0.87861	0.0716595	0.472132
-0.0908579	0.0538282	0.994408
0.213988	-0.272891	0.937944
-0.0398295	0.426869	0.903436
-0.116915	-0.505725	0.854735
0.497587	0.387207	0.776194
0.296702	0.721966	0.625086
-0.214157	-0.17935	0.960193
0.146283	0.064284	0.987152
0.27142	0.0785551	0.95925
0.187631	0.253967	0.948839
-0.259122	0.0668563	0.963528
0.0859916	0.130207	0.987751
-0.401136	0.561669	0.723614
-0.876821	-0.207185	0.433888
-0.306235	-0.347747	0.886167
0.043076	-0.134766	0.989941
-0.201791	-0.85628	0.475463
0.0861016	-0.246009	0.965436
-0.428308	-0.190943	0.883229
-0.559172	-0.367067	0.743363
-0.640157	0.507762	0.576521
-0.309406	-0.737427	0.600391
-0.0975226	-0.708785	0.698651
0.232767	-0.0406819	0.971681
0.589354	-0.434926	0.680809
0.442821	-0.267063	0.855913
-0.417638	-0.201039	0.886094
-0.202155	-0.116106	0.972447
0.118059	-0.541905	0.832106
-0.637403	-0.371235	0.675205
-0.284652	-0.33751	0.897251
0.25464	0.138363	0.957086
0.611198	-0.427278	0.666236
-0.513627	0.292179	0.806733
0.878972	-0.259102	0.400344
0.137146	0.190651	0.97203
-0.226449	0.331741	0.915788
0.51709	0.229667	0.824543
0.101869	-0.156491	0.982412
0.317355	-0.126733	0.9398
0.293763	0.25345	0.921665
0.670385	-0.0650278	0.739159
-0.902783	0.405356	0.143768
-0.0502723	-0.244394	0.968372
-0.702916	0.643898	0.302167
-0.141406	0.487211	0.861759
0.40987	0.369786	0.833825
0.210223	0.0044363	0.977643
0.61159	-0.332815	0.717769
-0.155037	-0.640174	0.752423
-0.371568	0.73738	0.564099
-0.0734553	0.647362	0.758635
0.631166	-0.00451247	0.775635
-0.18035	0.689468	0.701503
0.384281	0.636593	0.668638
-0.270546	0.197947	0.942137
-0.44944	0.384843	0.806164
-0.244948	-0.023586	0.969249
-0.415431	0.183921	0.890837
-0.614209	0.129393	0.778463
-0.456377	0.529753	0.7149
-0.547935	-0.265945	0.793121
-0.624274	-0.406884	0.666879
-0.799227	-0.0941965	0.593602
-0.168923	0.397417	0.901956
-0.305445	-0.194217	0.932193
-0.381308	0.189345	0.904849
-0.333979	-0.131943	0.9333
0.138757	0.63155	0.762818
-0.331118	-0.62577	0.706238
-0.322113	-0.353228	0.878335
-0.0504783	-0.421558	0.905395
-0.44128	0.534602	0.720744
0.318452	0.170987	0.93239
-0.372299	0.231661	0.898736
0.482747	0.406984	0.775448
-0.120605	-0.583735	0.802937
-0.0705945	-0.347648	0.934964
-0.0395807	0.15777	0.986682
0.0666802	0.165974	0.983873
0.334134	-0.724399	0.602993
0.0942414	0.239287	0.966365
-0.216972	0.670379	0.709588
-0.405373	-0.607993	0.682655
0.378238	-0.306354	0.873546
-0.206496	-0.44181	0.87302
-0.238832	0.393553	0.887736
0.684038	-0.45075	0.573513
-0.301256	0.21185	0.929712
0.317509	0.228097	0.920413
-0.336975	0.763942	0.55031
-0.15655	0.194985	0.968232
-0.569272	-0.134366	0.811095
0.125146	0.255794	0.958597
0.410751	0.229591	0.882367
0.0641948	0.154976	0.98583
0.536876	0.62458	0.567154
0.148173	0.895557	0.419551
0.59142	0.587336	0.552502
-0.494204	0.536516	0.684042
0.657843	0.426017	0.621089
0.14176	0.90865	0.392759
-0.295977	0.185112	0.937087
-0.102144	-0.0039915	0.994762
-0.0757657	0.638762	0.765664
-0.346683	-0.163094	0.923694
-0.0858268	0.526625	0.845754
0.508465	-0.299198	0.80743
-0.613321	0.27045	0.742088
0.312368	0.0795707	0.946623
0.6838	0.310217	0.660441
0.00873876	0.612668	0.790292
-0.549292	0.409549	0.728387
-0.446275	0.688977	0.571095
0.654134	-0.32973	0.680726
0.817998	0.250296	0.51791
-0.469581	-0.283938	0.835986
0.428929	0.0340733	0.902696
0.27617	0.0840628	0.957425
0.628601	-0.375086	0.681301
0.502913	0.514389	0.69461
-0.210407	0.259286	0.942603
0.779185	0.524761	0.342778
-0.620778	0.22382	0.751358
-0.245343	0.258582	0.934314
-0.305498	0.337282	0.890456
-0.435056	-0.0675744	0.897864
0.299297	0.397131	0.867587
-0.181604	-0.150228	0.971829
0.203685	-0.435135	0.877024
-0.237929	0.158351	0.958288
0.124995	-0.591429	0.79661
-0.0852123	-0.27047	0.95895
-0.220807	0.116756	0.968304
0.623591	-0.547591	0.557923
0.0787806	0.225349	0.971088
-0.243733	0.122185	0.962115
-0.203661	-0.457827	0.8654
-0.306341	-0.89435	0.326027
-0.291844	0.932156	0.21427
0.165708	-0.680225	0.714027
0.626892	-0.454908	0.632507
0.671382	-0.511028	0.536747
0.0850839	-0.32054	0.943406
-0.0293755	0.163251	0.986147
0.754585	-0.12095	0.644959
-0.13421	-0.728809	0.671435
0.0151774	0.994464	-0.103974
-0.130313	-0.62432	0.770223
0.465245	-0.268727	0.843405
-0.142886	-0.487574	0.86131
0.50295	-0.00304016	0.86431
0.777785	-0.15046	0.610256
0.651713	-0.183368	0.735966
-0.512434	0.551616	0.658127
0.45823	-0.563109	0.687701
-0.12818	-0.776795	0.616571
-0.147311	0.468192	0.871261
0.724039	-0.430695	0.538766
-0.491392	-0.246215	0.835411
0.805411	0.17154	0.567351
-0.134727	0.605835	0.7841
0.0939576	0.721109	0.686421
0.201003	0.232018	0.951717
-0.25428	0.286454	0.923735
0.564963	0.592546	0.574201
0.146283	-0.72006	0.678318
0.693302	0.412644	0.590811
-0.138309	-0.639204	0.756498
0.273212	0.240868	0.93131
-0.259947	0.177159	0.949232
-0.423962	-0.129389	0.89639
0.455804	-0.000968133	0.890079
0.350177	0.266979	0.89783
-0.482795	0.804687	0.345526
0.133244	0.208957	0.968805
0.309419	-0.39385	0.86553
0.163602	-0.0420068	0.985632
-0.950331	-0.30992	-0.0286455
0.562511	-0.106954	0.819843
0.699187	0.590762	0.402663
0.569482	0.397088	0.71973
0.335992	-0.436026	0.834859
-0.273769	-0.481407	0.832645
0.0193326	0.656586	0.754004
-0.563521	-0.585259	0.583023
-0.147797	0.380771	0.912781
0.18642	0.12466	0.974529
-0.0632452	0.319342	0.945527
-0.780646	0.616739	0.101114
-0.0883415	-0.752941	0.652132
0.870714	0.131057	0.474006
-0.494476	0.278754	0.823279
0.286896	-0.278466	0.916595
0.606901	-0.11921	0.785786
0.130203	0.517216	0.845893
0.121415	0.798688	0.589369
-0.720154	-0.0490975	0.692075
0.151008	-0.766145	0.624674
0.0493025	0.843488	0.53488
-0.0523919	-0.156206	0.986334
-0.0469958	0.815205	0.577263
0.110131	-0.967374	0.228164
0.765598	0.08394	0.63782
-0.375622	-0.686638	0.622444
-0.351089	0.525997	0.774638
-0.591863	-0.0653464	0.803385
-0.19426	-0.178005	0.964664
-0.143108	-0.542027	0.828086
0.0260897	-0.364755	0.930738
-0.692782	-0.062959	0.718394
-0.175899	-0.94483	0.276327
0.131818	-0.349528	0.927607
0.723912	0.459624	0.514487
0.56276	0.627811	0.53773
-0.256712	-0.553841	0.79206
-0.170857	0.452454	0.875268
-0.164506	0.227433	0.959798
0.243157	-0.966619	-0.0807555
-0.932697	0.29507	0.207389
-0.168196	0.260218	0.950787
-0.752623	0.338837	0.564578
-0.502666	-0.0828175	0.860504
-0.794116	0.371451	0.481045
-0.570471	-0.250619	0.782146
-0.689438	-0.0864223	0.71917
-0.531068	-0.266184	0.804433
-0.288106	0.0989844	0.952469
0.0218665	-0.538199	0.842534
0.311328	0.318813	0.895228
-0.515514	-0.238994	0.822878
0.0192263	-0.0717516	0.997237
0.381122	0.0193411	0.924323
-0.729932	-0.670769	-0.131412
-0.152853	-0.0266922	0.987888
-0.00907386	-0.0922023	0.995699
0.691721	-0.245369	0.679203
-0.204694	-0.162976	0.965163
0.210393	0.0626995	0.975604
-0.157827	0.532602	0.83152
-0.9897	-0.127715	0.0646771
-0.718057	0.575513	0.391381
-0.500882	-0.799011	0.332714
-0.202906	0.844927	0.494901
-0.433876	-0.101807	0.895202
-0.261906	-0.31039	0.913818
0.295213	-0.107264	0.949391
-0.569127	0.539047	0.620905
-0.580766	-0.180264	0.793861
-0.456112	-0.294777	0.839683
0.220141	0.468994	0.855326
-0.520863	0.0691415	0.850836
-0.312393	-0.291142	0.904238
-0.113289	-0.153225	0.981676
0.299539	-0.273789	0.913956
0.1408	0.900626	0.411154
0.312267	-0.360952	0.878751
-0.175211	0.0474917	0.983385
-0.297175	-0.228667	0.927037
-0.0137853	-0.332565	0.942979
0.10337	-0.541337	0.834427
0.0115969	-0.451436	0.892228
0.406047	0.365979	0.837368
0.279813	-0.0923765	0.9556
-0.325427	-0.431315	0.841466
-0.159604	0.174779	0.971586
0.110466	-0.142308	0.983639
-0.671796	-0.241271	0.700342
-0.0886902	-0.539068	0.837579
-0.500724	-0.0685903	0.862885
0.339297	-0.766655	0.545085
-0.0909548	-0.690298	0.717786
-0.58516	-0.078581	0.807101
-0.0398369	0.0514132	0.997883
-0.290251	-0.449133	0.845005
-0.473342	0.530808	0.702987
-0.237386	0.519939	0.820555
0.328781	-0.409267	0.851119
-0.099997	0.186608	0.977332
0.419695	0.738936	0.527096
-0.266576	-0.206669	0.941395
-0.276198	-0.409148	0.869663
-0.639673	0.138936	0.755987
0.00847913	0.583154	0.812318
0.331328	-0.376731	0.865041
-0.014181	0.733326	0.679729
0.268622	-0.0861449	0.959386
0.15525	0.368553	0.916551
0.00612028	-0.424406	0.905451
-0.52984	-0.714308	0.457202
-0.449094	-0.207054	0.869162
0.219909	-0.0943153	0.97095
-0.310695	-0.305993	0.899909
0.480474	0.758234	0.440711
-0.191698	-0.210297	0.958659
-0.301126	-0.107058	0.947556
-0.461609	-0.13463	0.876808
0.317539	-0.912285	0.258662
0.362726	0.0793016	0.928516
0.0559206	0.621436	0.781467
-0.0959909	0.23119	0.968162
0.0400163	-0.778338	0.626569
-0.189248	-0.293667	0.936987
-0.35441	-0.0817435	0.93151
-0.36357	-0.39451	0.843907
-0.45593	-0.163594	0.874852
0.773912	0.189001	0.604433
0.61438	-0.559553	0.556271
-0.303223	-0.694132	0.652868
-0.230171	-0.113308	0.966531
-0.164441	-0.106388	0.980633
-0.410859	-0.91123	-0.0292553
-0.038638	0.209421	0.977062
0.348818	-0.487403	0.800478
-0.264101	0.336954	0.903722
0.530311	-0.703764	-0.472744
0.0355184	-0.217277	0.975464
-0.0449017	0.501096	0.864226
0.361826	-0.776705	0.515569
-0.277343	-0.45521	0.846088
0.286796	-0.0829406	0.954395
-0.512478	0.29756	0.805496
-0.0816993	0.414553	0.90635
0.110254	-0.204512	0.972635
0.945126	0.132354	0.298695
0.483012	0.191505	0.854415
-0.246409	-0.787084	0.565492
-0.0246444	-0.0703948	0.997215
-0.109838	0.160694	0.980874
-0.29976	-0.271462	0.914578
0.775482	-0.202663	0.597959
-0.473318	0.255652	0.842978
0.768451	-0.555347	0.317918
0.252725	-0.514903	0.819149
-0.652807	0.107568	0.749848
-0.103683	0.724106	0.681851
0.265147	-0.618692	0.739539
-0.490109	-0.415216	0.766413
0.479684	0.14061	0.866101
0.265701	0.0363323	0.963371
-0.14749	0.256115	0.955328
0.544538	0.0470147	0.837417
0.411908	-0.337963	0.846235
0.311335	0.762938	0.566565
0.166191	-0.985424	-0.0363265
-0.139192	-0.0151028	0.99015
0.157815	0.618315	0.769922
-0.40984	0.856255	-0.314417
0.525046	-0.494639	0.692574
0.224065	0.327813	0.917788
-0.220853	-0.599306	0.769452
0.124677	-0.779359	0.614048
-0.402277	-0.0893458	0.911148
0.445634	0.469268	0.762363
-0.456007	-0.378387	0.805532
-0.524924	0.311589	0.792065
0.15576	-0.91199	0.379491
-0.444626	-0.566382	0.693916
0.231855	-0.314796	0.920406
0.00626567	-0.301783	0.953356
0.0761113	0.555093	0.828299
0.261475	0.239353	0.935062
-0.162677	-0.874835	0.45629
0.527403	-0.625142	0.575364
0.300561	-0.649255	0.698663
-0.0954115	0.115664	0.988695
-0.482344	-0.382597	0.788013
0.0505871	0.0906038	0.994601
-0.610809	0.723461	0.32174
-0.239679	-0.503293	0.830211
0.63677	-0.603373	0.480068
0.46356	0.321452	0.8257
-0.12325	-0.193949	0.973238
-0.228379	-0.550785	0.802795
0.146488	-0.271813	0.951136
0.520056	-0.190115	0.832705
-0.43165	0.487179	0.759168
0.223374	-0.800896	0.555581
-0.471285	0.48711	0.735265
0.0863242	-0.486996	0.869128
0.711664	0.607589	0.35266
0.420622	-0.255003	0.870661
0.225	0.0387686	0.973587
0.362187	0.55329	0.750127
-0.12577	0.314948	0.940739
-0.199611	0.514367	0.834015
-0.232896	-0.763617	0.602203
0.522657	0.695427	0.493165
-0.51109	-0.197344	0.836566
0.213816	-0.334565	0.917796
0.488649	0.43173	0.758176
0.15437	0.282296	0.946826
0.478821	0.114583	0.870403
-0.404273	0.669558	0.623102
0.30902	-0.393835	0.865679
0.537485	-0.315049	0.782211
-0.118179	-0.861042	0.494612
0.244555	-0.327676	0.91259
0.342545	0.230546	0.910775
-0.0492872	-0.0285887	0.998375
0.427271	0.660945	0.61692
-0.554253	0.517213	0.652146
-0.530707	0.523204	0.666789
-0.417185	0.576585	0.7025
-0.0208221	-0.665421	0.746178
0.131158	0.175749	0.975659
0.92727	-0.047532	0.371364
-0.467624	0.0941791	0.878896
-0.258919	0.0332372	0.965327
0.247927	0.699257	0.670502
-0.714414	-0.674751	0.185268
-0.0993479	-0.58474	0.805114
0.02322	-0.547494	0.836488
0.242728	0.584298	0.77439
-0.619452	-0.159196	0.768724
0.375857	0.248862	0.892636
-0.326742	0.726541	0.604464
-0.0354641	-0.698329	0.714898
-0.54004	0.0105067	0.841574
0.145551	0.243447	0.958931
-0.11901	0.310405	0.943125
-0.765695	-0.107801	0.634105
0.204201	0.681774	0.702486
0.262297	0.617229	0.741774
-0.522838	-0.311635	0.793425
0.283782	0.375029	0.882509
0.0957892	-0.164056	0.981789
0.0971057	-0.74375	0.661367
0.00533797	-0.499057	0.866553
0.0950255	-0.59688	0.796683
-0.614725	-0.0562657	0.786732
-0.874591	-0.216917	0.433634
-0.57318	-0.336823	0.747004
0.414749	-0.375133	0.829011
-0.202923	0.222879	0.953492
-0.276393	-0.076294	0.958012
-0.441605	-0.730414	0.521037
-0.653496	-0.253393	0.713257
0.00233313	-0.0909074	0.995857
0.722361	-0.196497	0.663011
0.0904297	0.827167	0.554632
0.271912	-0.0657685	0.960072
0.638623	0.373248	0.672938
-0.0958923	-0.437867	0.893911
0.0924683	-0.180483	0.979222
-0.0333716	-0.718678	0.694542
0.999773	-0.00494327	-0.0207453
0.436891	0.547092	0.714015
0.428514	-0.170696	0.887265
0.234804	0.656922	0.716464
0.106963	-0.138178	0.984615
0.203874	0.503528	0.83958
0.397291	-0.911213	0.108862
0.417208	-0.126747	0.899929
0.0545443	-0.571686	0.818657
-0.559691	0.805219	0.195876
-0.253534	0.620692	0.741931
-0.681196	-0.170516	0.711967
0.0487667	0.762461	0.645194
-0.112495	0.0438787	0.992683
0.105527	0.674855	0.730366
0.419325	0.60133	0.680123
0.299161	-0.391237	0.870308
0.298149	0.490115	0.819082
-0.34568	0.617187	0.706814
0.464197	-0.606356	0.645642
-0.102581	-0.278984	0.954801
0.516915	-0.13546	0.845251
0.221045	0.696632	0.682527
0.737316	0.251155	0.627125
0.272023	0.589883	0.760291
-0.103127	0.272779	0.956534
0.182329	-0.384416	0.904975
-0.489975	-0.17099	0.854802
-0.237251	-0.167478	0.956903
0.0037089	0.636393	0.771356
0.414579	0.257148	0.872926
0.703719	-0.638582	-0.311436
-0.202812	-0.623557	0.755012
0.259883	0.797816	0.544014
0.050065	0.407128	0.911998
0.085098	-0.426536	0.900458
-0.2653	0.338407	0.902827
-0.862032	0.462074	0.2083
-0.274188	0.651936	0.706965
0.20712	-0.698315	0.68517
0.0192203	0.39723	0.917518
-0.0167673	0.767927	0.640317
0.133351	0.0367549	0.990387
0.00421992	-0.247874	0.968783
0.000669632	-0.239216	0.970966
-0.0909978	0.155651	0.983612
-0.0371011	-0.995975	0.0815975
-0.23139	-0.118306	0.965641
-0.404266	0.687488	0.603266
-0.790242	0.237538	0.564883
0.257967	0.238469	0.936261
0.187659	0.0560176	0.980636
0.680304	-0.24392	0.691151
0.652936	-0.526384	0.544605
-0.0682843	0.172704	0.982604
0.136545	-0.612443	0.778632
-0.656629	-0.264409	0.706347
0.301276	-0.950007	-0.0819709
0.154254	-0.934026	0.322181
0.561141	0.134799	0.81667
-0.480157	-0.225031	0.847827
0.498507	0.153337	0.853216
0.00807537	0.846367	0.532539
-0.627903	0.0458789	0.776938
0.258198	-0.759453	0.59713
-0.445599	0.612417	0.652984
-0.309346	0.214389	0.926468
-0.0421763	-0.0257589	0.998778
0.515466	0.398935	0.758384
0.136391	0.622038	0.771017
-0.367527	0.05123	0.928601
0.409332	0.572434	0.710469
0.252372	0.303223	0.918893
0.153672	0.607822	0.779062
0.0316262	-0.518988	0.854196
0.173853	0.146604	0.973798
0.427804	0.0771015	0.900577
0.386635	0.253642	0.886668
-0.40253	0.914442	-0.0420213
0.140017	0.942369	0.303868
-0.191069	0.476513	0.858154
-0.300028	-0.218457	0.928579
0.0119934	0.536372	0.843896
0.660076	0.725242	0.195765
-0.219034	0.0444397	0.974705
0.374052	0.69413	0.615035
0.819565	0.38927	0.420453
0.106427	-0.414722	0.903703
-0.334734	-0.249523	0.908676
-0.371539	-0.104951	0.922466
0.192359	0.81486	0.546809
0.179504	0.416539	0.89122
0.175229	0.184646	0.967058
0.514189	-0.189506	0.836479
0.365017	-0.00648391	0.930978
0.554219	-0.505502	0.661293
-0.215686	-0.13639	0.966891
-0.342285	0.459681	0.819472
-0.282959	0.575385	0.767376
-0.596082	0.542148	0.592252
0.595285	0.683657	0.422197
-0.0178777	0.261209	0.965117
0.548341	-0.671509	0.498395
0.242608	0.27599	0.930038
-0.589626	0.368742	0.718589
-0.610947	0.0761979	0.787996
-0.217521	-0.120488	0.96859
0.0481967	-0.591005	0.805227
0.308181	-0.778811	0.546331
0.370783	-0.216705	0.903083
-0.784161	-0.207954	0.584676
0.281523	-0.320385	0.904488
-0.0459495	0.185626	0.981545
0.0455954	0.748811	0.661214
0.432295	-0.419374	0.798277
0.515095	-0.095556	0.85179
0.0375832	0.0174992	0.99914
0.392282	0.839031	0.377017
-0.307729	-0.541669	0.782239
-0.0792373	-0.15	0.985506
-0.0847868	0.144905	0.985806
0.0950908	0.34553	0.933577
-0.157544	0.134183	0.978353
0.116667	-0.0878212	0.989281
0.114852	-0.160982	0.980252
-0.0167577	-0.0309976	0.999379
-0.13552	0.870234	0.473631
0.618548	0.339377	0.708676
-0.248317	0.357655	0.900234
-0.271693	-0.772769	0.573595
0.413852	0.158505	0.896439
-0.494336	0.489678	0.718225
0.296674	0.0639396	0.952836
-0.335899	0.113002	0.935095
0.616567	-0.438968	0.653569
0.0699608	-0.0218201	0.997311
0.05201	0.228951	0.972047
-0.154313	-0.168129	0.973612
0.143987	0.644036	0.751323
-0.0301991	-0.40751	0.912701
0.464337	0.838827	0.284185
0.600535	0.764775	0.233404
-0.293301	-0.32711	0.898317
0.0251326	-0.0228607	0.999423
0.23082	-0.861779	0.451729
0.221324	0.376923	0.899414
0.250414	0.122298	0.960383
0.986772	0.120493	0.108452
0.0710256	0.378019	0.923069
0.329193	0.757681	0.563517
-0.203016	0.11285	0.972651
-0.172069	0.371054	0.91253
0.330595	-0.530251	0.780731
-0.206848	0.747342	0.631422
0.65142	-0.622869	0.433227
0.423896	-0.233346	0.875136
0.118669	0.525509	0.842471
-0.140897	0.761287	0.632922
0.296523	-0.0830671	0.951406
-0.344769	0.369281	0.862998
-0.14393	0.658061	0.739081
0.528169	0.410007	0.743594
0.448842	0.275094	0.850214
0.298344	-0.21041	0.930977
-0.0813289	-0.0420567	0.9958
-0.367876	-0.105845	0.923831
0.284836	0.632474	0.720309
0.693829	0.60571	0.389508
0.110287	-0.222984	0.968563
-0.39297	0.356369	0.847688
-0.948423	0.257495	0.184906
-0.199722	0.298815	0.933178
-0.468129	0.156022	0.869777
-0.68048	-0.31518	0.66152
0.00573481	-0.618591	0.785692
0.53783	-0.320336	0.779823
-0.291333	-0.0483921	0.955397
-0.339584	0.492736	0.801183
-0.300806	0.858111	0.416126
0.393274	0.0786997	0.916047
-0.109751	-0.447247	0.887651
-0.239641	-0.0297058	0.970407
0.5707	0.086216	0.81662
0.0948546	0.0544953	0.993998
-0.374473	0.24268	0.894917
-0.0677066	0.0532253	0.996285
0.0988777	-0.687659	0.719269
0.760979	-0.193576	0.619225
0.327446	-0.19052	0.925463
0.608332	-0.0623776	0.791228
0.0477909	-0.136097	0.989542
0.146952	-0.848471	0.508431
0.180548	0.66082	0.728505
-0.175963	0.649628	0.739608
-0.154765	0.131026	0.979224
0.191073	-0.207957	0.959294
-0.0187721	0.0741554	0.99707
0.108708	0.198532	0.974047
-0.294065	0.535156	0.791918
0.0155081	0.220089	0.975356
-0.576435	-0.287082	0.765054
-0.352367	0.163245	0.921514
0.119805	0.181006	0.976158
-0.0381622	0.31764	0.947443
0.366693	0.547753	0.751999
0.221726	0.335695	0.915503
0.109906	-0.146938	0.983021
0.335525	-0.354779	0.872671
0.388555	0.28118	0.877475
-0.4614	-0.210934	0.861753
0.365127	0.68231	0.633353
0.311393	-0.25187	0.916295
-0.0476443	-0.382088	0.922897
0.265954	-0.13245	0.954843
-0.21543	0.672353	0.708189
0.164392	0.684237	0.71049
-0.274967	-0.307788	0.910857
-0.303959	0.190413	0.933462
-0.471732	-0.0571341	0.879889
0.245044	0.526276	0.81424
0.151017	0.292215	0.944354
0.374747	0.112048	0.920332
-0.338593	0.500513	0.79677
-0.0701764	0.489903	0.868948
0.0344923	0.485437	0.873591
0.305824	0.0993198	0.946893
-0.0930906	0.297777	0.950086
0.446924	-0.428203	0.785431
-0.346785	-0.198791	0.916637
0.679247	-0.594908	0.429776
-0.747798	-0.188231	0.636684
-0.507419	0.206939	0.836482
0.115261	0.203909	0.972181
-0.00247597	0.488758	0.872416
0.177533	-0.914917	0.362503
-0.472331	0.053392	0.879803
0.0974851	-0.25011	0.963297
-0.414486	0.0626402	0.907897
-0.362856	-0.396084	0.843477
0.157254	-0.401037	0.902463
-0.000966349	-0.644046	0.764987
0.216667	-0.82284	0.525347
-0.654473	-0.6123	0.443569
-0.0634166	0.419406	0.905581
-0.160927	0.273188	0.948404
0.810794	0.200923	0.549766
-0.626393	0.364646	0.68896
0.769523	0.633804	0.0782793
-0.472128	0.0513602	0.880033
-0.259266	0.0807262	0.962426
-0.115206	-0.198171	0.973373
0.685708	-0.297814	-0.664162
-0.0894647	0.478538	0.873497
0.159348	-0.695805	0.700331
0.868509	0.140803	-0.475255
-0.2272	-0.600783	0.766446
0.717624	-0.695695	0.032004
-0.8353	-0.511862	0.200677
-0.315756	0.635686	0.704416
-0.140889	-0.144365	0.979443
-0.691432	-0.516019	0.505614
-0.637502	0.424597	0.642891
0.401089	-0.421719	0.813192
0.4954	-0.181299	0.849535
0.124095	0.355387	0.926445
-0.739805	0.476492	0.47502
-0.140846	0.195243	0.970589
0.733259	0.110808	0.67086
0.718723	0.301149	0.626695
0.822696	0.566787	0.0438507
-0.486214	0.432341	0.759393
-0.180204	-0.983425	-0.0200607
0.265108	-0.248432	0.931665
0.915247	-0.336575	0.221452
0.44186	-0.644228	0.624283
0.772208	-0.040567	0.634073
-0.172913	-0.402214	0.899069
-0.117336	0.509247	0.852584
0.439397	0.375524	0.816035
0.0756617	-0.975071	0.208594
0.717394	-0.0763221	0.692474
0.17283	-0.424053	0.888993
0.0677605	0.533626	0.843001
-0.749552	-0.607973	-0.261804
0.943774	0.15611	0.291409
-0.54881	0.0610777	0.833713
-0.0395382	-0.233089	0.971651
0.594286	-0.217395	0.774315
0.530622	-0.523934	0.666284
0.669861	0.467861	0.576535
0.547492	-0.178461	0.81756
-0.20412	0.690319	0.694114
0.156077	0.18085	0.971048
0.143248	0.351593	0.925128
-0.438082	0.222237	0.871031
-0.488679	-0.856557	0.165841
0.364422	0.0430953	0.930236
0.122186	-0.434846	0.892177
0.0652823	0.112091	0.991551
0.133224	0.159756	0.978126
-0.967937	0.245579	0.0528172
0.0495496	-0.122487	0.991233
0.0324705	0.189499	0.981344
-0.347462	0.30981	0.885035
0.333846	0.84121	0.425337
0.661357	-0.737981	0.134132
0.682517	0.144109	0.716521
0.716204	-0.625964	0.308578
-0.974443	-0.0663871	0.214601
0.530727	0.391322	0.751795
-0.625456	-0.415479	0.660441
-0.0447085	0.777438	0.627368
-0.440999	-0.109688	0.89078
-0.534663	-0.625855	0.567839
0.499072	0.358797	0.788791
0.788672	0.211164	0.577413
0.217608	0.524744	0.822976
-0.711939	-0.00979779	0.702173
0.127362	0.500719	0.856189
-0.26114	-0.794952	0.547592
0.42041	0.217588	0.880858
-0.312475	-0.6883	0.654678
-0.305009	0.852576	0.424362
0.93468	-0.318718	-0.157454
0.515632	-0.6752	0.527475
0.85444	-0.262445	0.448392
0.311424	0.43484	0.844944
0.487104	-0.504017	0.713229
0.261495	-0.331751	0.9064
-0.852567	-0.510905	-0.110025
0.743209	-0.0831949	0.663867
-0.405289	0.831567	-0.379786
-0.217151	-0.197292	0.955992
0.0871029	0.571492	0.815972
0.3172	0.946178	-0.0642708
-0.863958	0.216188	0.454796
0.339976	0.63076	0.697537
0.185248	-0.312751	0.931596
0.0555843	0.459262	0.88656
-0.246887	-0.925929	-0.285837
-0.860127	-0.388105	0.330991
0.824794	0.159497	0.542472
-0.0129696	-0.091425	0.995727
0.217027	-0.975111	-0.0453571
-0.224281	-0.587084	0.777837
-0.576823	0.585917	0.569189
-0.0553123	0.649445	0.758394
0.245583	0.393717	0.885819
-0.638379	-0.410653	0.651027
0.444563	0.170004	0.879467
-0.625795	0.639416	0.446685
-0.434528	0.662758	0.609867
-0.694418	-0.350002	0.628715
-0.763879	-0.372466	0.527028
0.569607	0.555481	0.605796
0.514504	0.129562	0.847644
-0.102526	-0.0801792	0.991494
-0.650198	0.0736937	0.756182
-0.089337	0.219808	0.971444
0.415396	0.880493	-0.228426
-0.875268	0.167028	0.45388
0.149237	-0.87938	0.452128
0.381297	-0.0528621	0.92294
0.0494574	-0.565325	0.823384
0.0527309	0.786208	0.615708
-0.576798	-0.615321	0.537293
-0.737811	-0.674436	0.0277534
-0.183991	-0.459525	0.868898
-0.380667	0.0426014	0.92373
-0.0678657	0.617332	0.78377
0.177727	-3.39222e-05	0.98408
-0.246032	-0.797399	0.551021
0.600425	-0.086215	0.79502
0.526972	0.842613	-0.110925
-0.201984	-0.708242	0.676458
0.545381	0.5469	0.635185
-0.11552	-0.109632	0.987237
-0.521678	-0.227319	0.8223
0.202058	0.924729	0.322567
-0.787072	-0.203592	0.582296
0.919482	0.0173292	0.392751
-0.777639	-0.166273	0.606326
-0.143774	-0.589299	0.795019
0.679877	0.628654	0.377574
-0.0107572	0.761949	0.647548
-0.277566	-0.238281	0.930688
0.849394	0.0480436	0.525568
-0.316112	0.32003	0.893115
0.532109	-0.0702894	0.843753
0.570751	0.296045	0.765899
-0.387828	0.540933	0.746312
0.140567	-0.353127	0.924955
-0.449813	0.139522	0.882158
-0.149538	-0.0924439	0.984425
-0.304685	-0.510475	0.804103
0.691575	-0.5812	0.42887
0.129515	0.368917	0.920395
-0.0253836	-0.40986	0.911795
-0.312298	-0.787625	0.531147
0.444921	-0.460142	0.768319
0.219768	-0.939193	-0.263854
0.116865	-0.98456	0.130326
0.210908	0.0597612	0.975677
-0.213695	0.441253	0.871568
0.815609	-0.171522	0.552596
0.966808	0.252389	0.0397843
0.338315	-0.163233	0.926767
-0.807192	-0.0446665	0.588597
-0.326912	0.321763	0.888593
0.0464769	-0.298801	0.953183
0.499861	0.0162237	0.865954
0.586005	0.276932	0.761516
-0.180608	0.22464	0.957558
0.0791598	-0.644292	0.760672
-0.30642	0.685022	0.660948
0.683289	0.713457	0.155228
0.0897125	-0.132067	0.987173
0.732456	0.0799624	0.676102
0.222481	-0.688362	0.690406
-0.107233	-0.750352	0.652283
0.157951	0.959554	0.233038
-0.907229	0.271755	0.321068
0.493411	0.578478	0.649545
0.221462	0.256303	0.940884
-0.801497	-0.593455	0.0735797
0.675187	0.600142	0.428896
-0.986718	-0.010714	0.162088
0.56486	-0.127604	0.815261
0.426499	0.182377	0.88591
-0.946832	0.237346	0.217201
-0.405588	0.218639	0.887522
-0.644136	0.0342072	0.764145
0.0953431	0.449099	0.88838
-0.0157683	-0.176214	0.984226
-0.692447	0.242646	0.679441
0.699802	0.531316	-0.477473
-0.819251	-0.457616	0.345567
0.731883	-0.146529	0.66549
-0.133492	-0.29373	0.946521
0.505507	-0.104525	0.856468
0.803811	0.526365	-0.277178
-0.562886	0.00697102	0.826505
0.855346	-0.290407	0.429008
-0.306379	-0.397875	0.86477
0.470963	-0.511358	0.718824
0.287482	0.698284	0.655556
-0.081849	0.544679	0.834641
0.370486	0.14835	0.916915
-0.227287	-0.078335	0.970672
0.57156	-0.684931	0.451872
-0.479051	0.0306742	0.877251
-0.176575	0.112893	0.977792
0.310774	0.411748	0.85667
0.374671	0.128492	0.918211
-0.0597911	-0.0854192	0.994549
0.752944	0.284578	0.593373
0.599405	0.424766	0.678445
0.865695	0.487716	0.112721
0.310819	0.0653268	0.948222
-0.240939	0.452308	0.8587
0.870956	-0.0194992	0.490973
-0.549266	-0.622097	0.557945
0.8469	0.483384	-0.221588
-0.840524	-0.329255	-0.430245
0.0153543	-0.0415744	0.999017
0.124299	0.140426	0.982258
-0.431004	-0.801029	0.415437
-0.220903	-0.850235	0.47781
-0.02487	0.409952	0.911768
0.30691	-0.888979	0.339886
0.12095	-0.102803	0.987321
-0.188849	0.523283	0.83097
0.138082	0.808217	0.572467
-0.918653	0.0542095	0.391328
0.666151	-0.637717	0.38673
-0.354762	0.410787	0.83988
-0.308215	-0.774736	0.552075
0.111575	0.986195	0.12235
-0.511566	-0.790251	0.337347
0.983702	0.106745	-0.144691
0.204144	0.405833	0.890856
-0.774354	-0.306881	0.553354
0.48487	0.693142	0.533343
-0.563183	-0.498299	0.659184
0.95631	0.290636	-0.0316489
0.26559	0.20582	0.94186
-0.079923	-0.497269	0.863908
0.362406	-0.344864	0.86587
0.232727	0.458194	0.857844
0.217393	0.685614	0.694747
0.182401	0.766277	0.616076
0.0969307	0.76073	0.64179
0.996842	-0.0251175	0.0753327
-0.547178	0.795471	-0.260425
-0.155006	-0.0780572	0.984825
0.42486	0.129714	0.895918
-0.0244045	-0.457689	0.888777
0.0204614	0.829198	0.558581
-0.234849	0.909148	0.34394
-0.489575	0.0569816	0.870097
0.339078	0.593626	0.729818
-0.37844	0.529673	0.759098
-0.160115	0.128809	0.978658
-0.493034	-0.701451	0.514669
-0.603185	0.320964	0.730171
0.631559	0.447832	0.632913
-0.258311	0.593401	0.762333
-0.905332	0.423854	0.0268606
0.16112	-0.918261	0.361713
0.131446	0.683787	0.717745
0.173572	0.523109	0.834404
-0.918705	0.100604	0.381917
-0.705333	0.630858	0.3233
0.444792	-0.76075	0.472673
0.1337	0.908038	0.396978
0.299462	-0.77237	0.560149
-0.545985	0.496383	0.67491
0.277532	0.58894	0.759029
-0.054834	-0.606056	0.79353
-0.487588	-0.0395148	0.872179
-0.310914	0.406786	0.858986
0.206383	0.430133	0.878858
-0.537117	-0.609011	0.58362
0.390485	0.443317	0.80684
-0.565889	-0.818469	-0.0993916
-0.330694	-0.403408	0.853172
0.299798	0.025665	0.953657
0.981066	0.193583	-0.00593614
0.16255	0.774346	0.611527
-0.806711	-0.475207	0.351277
0.945878	-0.30746	0.103846
0.992854	0.0187636	0.117854
0.0555754	-0.354083	0.933561
0.380868	-0.903488	0.196595
0.598498	0.375903	0.707458
-0.226789	0.415665	0.880789
0.460092	-0.0877673	0.883522
-0.0202448	-0.2519	0.967541
0.253765	-0.957056	0.140171
0.816878	-0.548412	0.17876
-0.0119622	-0.799156	0.601005
-0.0910817	0.828208	0.552969
-0.473168	0.447052	0.759116
-0.227923	0.944585	0.23624
0.110015	0.281492	0.953236
0.430751	-0.778726	-0.456113
-0.0953849	0.70171	0.706049
-0.711378	-0.42705	0.558184
-0.63194	0.731195	0.256914
0.263492	0.84689	0.461898
-0.0770023	0.451001	0.889195
-0.753921	0.0418353	0.655632
-0.0852278	0.808664	0.582065
0.387737	-0.812722	0.434906
0.365201	0.918127	0.153856
-0.976615	0.156259	0.147672
-0.269835	-0.214621	0.938684
0.10267	0.835593	0.539669
0.396204	-0.614427	0.682277
-0.232359	0.104624	0.966987
-0.425929	0.7624	0.487166
-0.078732	-0.314705	0.945919
-0.0434653	-0.169728	0.984532
-0.137183	-0.24903	0.958731
0.262592	0.197657	0.944446
0.802126	0.398245	0.444966
-0.274717	-0.271034	0.922535
0.360464	0.632276	0.685779
0.612446	0.1494	0.776266
0.619352	0.0908669	0.779837
-0.0336006	-0.786081	0.617209
-0.221218	0.920524	0.322023
-0.403062	-0.1328	0.905486
0.00140138	-0.472453	0.881355
0.171971	-0.818135	0.548708
-0.454801	0.413548	0.788755
0.070897	0.589972	0.804305
-0.0994216	0.0370958	0.994354
-0.399605	0.388509	0.830287
-0.508282	0.428545	0.746993
0.300748	0.9149	0.269273
0.687568	0.726112	0.00335768
-0.931052	0.0253324	0.364006
0.0820914	-0.98904	0.12272
-0.109947	0.681331	0.723671
0.222903	0.761302	0.608879
0.29679	0.817165	0.494123
0.430747	-0.472108	0.769137
-0.712074	0.67817	-0.18176
0.16799	0.430619	0.886762
-0.782685	-0.614858	0.0967147
-0.301034	0.953612	0.00181522
-0.614852	-0.0916419	0.7833
-0.171332	0.313716	0.933931
-0.288656	0.298088	0.909847
-0.146947	-0.647026	0.748173
0.25048	0.114639	0.961311
-0.536541	0.320745	0.780543
-0.129536	-0.0900497	0.987477
0.695208	-0.631212	-0.343886
0.39016	-0.0433115	0.919728
0.454873	-0.35932	0.81485
0.536525	-0.411867	0.736551
0.811216	-0.29456	0.505136
0.460273	0.0391264	0.886915
-0.689317	-0.346716	0.636105
-0.145755	-0.963429	0.224857
-0.0525866	-0.207654	0.976788
0.701205	-0.6912	-0.174798
-0.0630073	0.397595	0.915395
0.353989	-0.0603518	0.9333
-0.434986	-0.641285	0.632093
0.468367	0.067623	0.880942
0.287348	0.549178	0.784752
-0.0812193	-0.966844	-0.242109
-0.665735	-0.177337	0.724809
0.623127	0.636434	0.454603
-0.251087	0.937877	-0.23946
-0.353369	0.664525	0.658435
-0.116222	-0.97458	0.191534
-0.0382256	0.133534	0.990307
0.362676	0.570273	0.737058
-0.452976	0.653952	0.605937
-0.452859	-0.478872	0.752064
0.00802457	0.117874	0.992996
0.529798	0.264879	0.8057
-0.407819	0.634344	0.656728
0.637242	-0.292238	0.713105
-0.211456	0.747717	0.629448
-0.455045	0.256424	0.852749
0.680602	-0.0217609	0.73233
0.599697	-0.198878	0.77512
0.934529	-0.353269	-0.0430894
-0.525791	0.542058	0.655528
-0.290505	-0.767318	0.57169
-0.123803	-0.57682	0.807435
0.0884988	0.497079	0.86318
0.0253701	0.839785	0.542326
-0.701604	-0.430443	0.567865
0.247134	0.306995	0.919064
-0.423055	-0.572618	0.702235
0.278892	-0.867802	0.411264
0.201352	0.297794	0.933154
-0.890027	0.0523539	0.452892
0.14211	0.0221005	0.989604
0.805316	-0.326869	0.494594
0.225323	-0.406138	0.885597
0.0939241	0.483847	0.870098
-0.451339	0.276439	0.848454
-0.288996	-0.945095	-0.152568
0.822185	-0.105504	-0.559357
