3400
0.518695	-0.00735194	0.854928
-0.438862	0.634126	0.63662
-0.174001	0.423443	0.889056
0.0859916	0.830869	0.549784
0.359009	0.206025	0.910311
-0.105676	-0.191152	0.975855
-0.39406	-0.225064	0.891102
0.10907	0.26052	0.959288
-0.321505	0.0807126	0.943462
-0.198904	0.0505219	0.978716
0.512316	0.638858	0.573927
0.475467	-0.321184	0.819007
0.339074	-0.141865	0.930002
0.12505	-0.17969	0.975743
0.399675	-0.487482	0.776287
0.10929	0.0881914	0.99009
-0.316972	0.218032	0.923033
0.540256	0.19297	0.819076
0.820307	-0.026874	0.571292
-0.161265	-0.28705	0.944244
0.307064	-0.349185	0.885315
0.337126	-0.435222	0.834822
0.0962459	0.0968588	0.990634
0.47039	-0.508211	0.721425
-0.0167558	-0.473867	0.880437
-0.154188	0.179154	0.971663
-0.499379	-0.287161	0.81741
-0.00637122	-0.461998	0.886858
-0.745766	0.041027	0.664944
-0.365069	0.571601	0.734845
0.0423202	-0.109528	0.993082
-0.393225	-0.0644703	0.917179
-0.927878	0.188963	0.321459
-0.0621066	0.582825	0.810221
-0.118801	0.422086	0.898738
0.0979956	0.460976	0.881985
0.0649108	0.625036	0.777892
0.152546	0.938356	0.310189
0.11644	0.228419	0.966575
-0.208635	0.0481403	0.976808
0.360605	-0.0419478	0.931775
0.0908806	0.13176	0.987107
0.542036	-0.215692	0.812203
0.23447	0.24944	0.939576
-0.138316	0.118756	0.983242
-0.0562049	0.426059	0.902948
0.210588	-0.024267	0.977274
0.506085	-0.286101	0.813648
-0.190937	-0.0422149	0.980694
0.426942	-0.119106	0.896401
0.0686966	0.465005	0.882639
0.457728	-0.622001	0.635295
-0.364147	0.392801	0.844455
0.153674	-0.928446	0.338189
0.468348	-0.262977	0.843501
-0.262796	-0.0935367	0.960307
-0.297811	0.463286	0.83467
0.481013	0.143911	0.864821
0.122004	0.136355	0.983119
-0.643841	0.614048	0.456524
0.0483247	-0.510516	0.858509
0.603827	-0.209421	0.769113
0.300267	0.527479	0.794736
-0.327016	0.75351	0.570336
0.118532	-0.346725	0.930447
0.413764	0.274465	0.868026
-0.415392	-0.0472181	0.908416
0.352983	-0.440687	0.825347
-0.425366	-0.125638	0.896258
0.205449	-0.237447	0.949426
0.160668	0.370384	0.914878
0.605552	0.73156	0.313252
0.129454	-0.49538	0.858976
-0.356093	-0.135261	0.924609
0.0272786	0.0998365	0.99463
-0.14333	-0.289304	0.946446
0.307889	-0.9025	0.301161
0.0759968	-0.259783	0.962672
0.616463	0.654469	0.437771
0.611043	0.541444	0.577464
-0.399609	-0.140717	0.905821
0.270074	0.147094	0.951537
-0.268838	-0.309305	0.912171
-0.390896	0.2022	0.897951
-0.560211	0.62217	0.546871
-0.232768	0.217341	0.947936
-0.116412	-0.529637	0.840198
-0.127861	-0.0671136	0.989519
0.132021	0.485759	0.864065
-0.425704	-0.0412252	0.903923
-0.416105	0.369141	0.831018
-0.362145	9.81758e-05	0.932122
-0.599991	0.455699	0.657533
-0.612267	0.210011	0.76225
0.315815	0.64157	0.699034
0.123866	0.493087	0.861117
-0.372603	0.759592	0.533091
-0.523899	-0.0275012	0.851336
0.135037	0.318505	0.938254
-0.907203	0.39762	0.137406
-0.43734	0.311827	0.843503
-0.356645	0.852094	-0.383068
-0.0338929	0.782589	0.621615
-0.0945115	-0.186196	0.977956
0.226872	0.842022	0.489415
-0.438382	-0.0943924	0.893818
-0.628705	0.751787	0.198861
-0.371793	-0.611879	0.698122
-0.33639	0.584068	0.73872
0.552871	0.270637	0.788092
-0.0853874	-0.284077	0.954992
-0.349154	-0.480703	0.804373
-0.00772141	-0.550554	0.834764
-0.795923	-0.402857	0.451898
0.252429	0.356177	0.899676
0.343659	0.569327	0.746837
-0.35413	-0.306248	0.883631
-0.101259	0.849532	0.517727
0.101025	0.270812	0.957316
-0.332886	-0.704266	0.627054
-0.28375	-0.382399	0.87935
-0.360261	0.0238041	0.932548
-0.328617	0.532915	0.779751
0.462688	0.812085	0.355582
-0.428894	-0.247253	0.868859
-0.912154	-0.409672	0.0119608
-0.632295	-0.17	0.755846
0.276553	0.545974	0.790841
-0.652702	-0.349438	0.672215
-0.0247391	0.437326	0.898963
-0.684139	-0.109648	0.721062
0.00164837	0.490007	0.871717
-0.499482	-0.363425	0.786409
-0.322161	0.0496198	0.945384
0.0533724	0.25788	0.964702
-0.55651	0.0246713	0.830474
-0.345233	-0.117723	0.931105
0.0924636	0.318229	0.943494
-0.156202	-0.135342	0.978409
0.351583	0.321237	0.879316
0.0602911	-0.402298	0.913521
0.462862	0.206068	0.862145
-0.310042	0.220371	0.92483
0.514549	-0.56425	0.645648
-0.342117	0.0681652	0.937182
0.1023	-0.144025	0.984272
-0.706885	0.0199542	0.707047
-0.0640932	0.35568	0.932408
-0.0357861	0.396205	0.917464
0.0189981	-0.728141	0.685164
-0.726245	0.524501	0.444372
0.600895	0.0764231	0.795666
0.244008	0.0624145	0.967763
0.500063	-0.651109	0.570959
0.0525184	0.207005	0.976929
0.545101	0.431152	0.719008
-0.4941	0.256741	0.830632
0.158946	0.270312	0.949562
-0.345903	0.511823	0.786377
0.608799	-0.132737	0.782141
-0.480576	-0.238331	0.843946
0.00623457	-0.264955	0.964241
-0.0944171	0.979808	0.176242
-0.751669	-0.260782	0.605795
-0.307384	0.157232	0.938506
-0.785969	-0.378717	0.488699
0.354152	-0.14758	0.92347
-0.18485	-0.719903	0.669007
-0.419343	-0.283612	0.862389
0.234051	0.0586771	0.970452
-0.0281118	0.666005	0.745417
-0.0860051	0.1268	0.988193
-0.381434	0.208859	0.900492
0.361706	0.489964	0.793161
-0.797731	0.343981	0.495281
-0.0511697	0.717135	0.695053
0.403263	0.676884	0.615797
-0.277603	0.514471	0.81133
-0.386276	-0.169779	0.906623
0.147675	-0.117884	0.981985
0.0177271	0.156387	0.987537
-0.119021	0.0826574	0.989445
-0.0756594	0.0723928	0.994502
-0.408445	-0.27404	0.870675
-0.628254	0.232432	0.742477
-0.156502	0.0848288	0.984028
-0.138855	-0.241525	0.960409
-0.192949	-0.106198	0.975445
-0.200567	0.0804548	0.976371
0.33216	0.221476	0.916852
0.723571	0.283217	0.629471
-0.282193	-0.136646	0.949576
0.426112	0.175852	0.887414
-0.0523778	0.11296	0.992218
-0.15557	0.0279328	0.98743
0.230565	0.135212	0.963617
-0.681579	-0.215537	0.699281
0.51533	0.745172	0.423266
-0.869704	0.383643	0.310536
0.105087	-0.119962	0.987201
0.332664	0.0642001	0.940858
0.100094	0.281938	0.954197
0.485415	0.0996133	0.868591
0.163886	0.532208	0.8306
0.392895	0.36119	0.84568
-0.0175261	-0.417263	0.908617
0.313594	0.604886	0.731964
-0.150772	-0.352304	0.923661
0.170738	-0.890663	0.421389
-0.107134	-0.0261947	0.993899
0.487331	-0.0994567	0.867535
0.110914	-0.501495	0.858022
-0.663695	0.74757	0.0254645
0.809434	0.582494	0.0742809
-0.350389	-0.314374	0.882268
0.00230796	-0.167453	0.985877
0.260383	0.91997	0.293012
0.391514	0.397521	0.829876
-0.191798	-0.171908	0.966261
0.656959	0.391733	0.644166
-0.434346	0.645745	0.627978
0.353683	0.326182	0.876649
-0.392908	0.759742	0.518088
0.172141	-0.43939	0.881648
-0.470312	-0.159968	0.867881
-0.444151	-0.514515	0.733488
0.111405	0.512177	0.851624
-0.120762	-0.236488	0.964101
0.508796	-0.0328056	0.860262
-0.328181	0.530379	0.781662
-0.0419088	0.385748	0.921652
0.0365753	-0.402858	0.914532
0.259595	-0.425284	0.867031
0.0548864	-0.422756	0.90458
-0.0555056	0.030648	0.997988
-0.0377201	0.548905	0.835033
-0.375006	0.203997	0.904299
-0.238501	0.676668	0.696589
-0.953107	0.102871	0.284612
-0.470398	0.0570251	0.88061
-0.285899	0.609937	0.73908
0.154814	-0.634888	0.756935
0.586265	-0.63435	0.503878
-0.556417	-0.139062	0.819184
-0.109072	-0.43911	0.891788
0.625606	-0.317066	0.712802
0.216047	-0.0734967	0.973613
0.486992	0.101043	0.867542
-0.433855	0.74133	0.512054
0.773552	-0.0580098	0.631072
-0.241475	0.248147	0.938143
0.0730404	0.185545	0.979917
-0.434084	-0.153749	0.887656
-0.0599106	-0.16926	0.983749
0.362354	-0.0415991	0.931112
0.614401	0.621031	0.486654
0.63555	-0.147328	0.757873
-0.123305	0.18743	0.974508
0.492811	-0.0679435	0.86748
-0.243205	-0.0937483	0.965434
-0.254691	-0.258519	0.931827
-0.128149	-0.066469	0.989525
0.0534978	0.562848	0.824827
0.250516	0.141648	0.957694
0.162094	-0.739183	0.653708
0.625508	-0.649459	-0.432368
-0.0591479	-0.361236	0.930597
0.550264	0.317483	0.772279
0.551953	0.142079	0.821682
-0.104023	-0.00898659	0.994534
-0.162667	0.467361	0.868973
-0.159531	-0.421261	0.892799
-0.633004	-0.727856	0.26369
-0.299259	0.279995	0.912166
-0.532855	0.387909	0.752058
0.434695	0.575433	0.692761
-0.346369	0.33627	0.875757
0.12336	0.16752	0.97812
-0.00716802	0.313302	0.949626
-0.422892	0.399028	0.813596
0.0234599	0.127213	0.991598
-0.0492909	-0.383839	0.922083
-0.0833627	0.836738	0.541221
0.420934	-0.165006	0.891957
-0.617159	0.166491	0.769023
0.184397	-0.233441	0.954727
-0.525003	0.0927935	0.846027
-0.491447	0.064121	0.868544
0.629661	0.080314	0.772708
-0.669063	0.392998	0.630799
-0.571475	-0.175238	0.801691
0.577389	0.0124249	0.816375
0.748498	0.15319	0.645201
-0.0181931	0.0969633	0.995122
0.0846748	-0.586766	0.805317
-0.258898	0.0117048	0.965834
0.567657	0.630486	0.529389
-0.97922	-0.00943292	0.202579
0.0169422	0.286944	0.957798
0.00510897	0.519032	0.85474
-0.242454	-0.345003	0.906746
-0.427465	0.369274	0.825173
0.159736	0.70326	0.692755
0.0949941	0.0120547	0.995405
-0.108092	-0.368208	0.923439
0.298451	-0.224036	0.927758
0.538047	0.114907	0.835046
0.149159	-0.0178957	0.988651
0.218891	-0.188969	0.957276
0.829714	0.288894	0.477614
0.195347	-0.0978596	0.97584
0.255317	-0.946389	0.19789
-0.24404	-0.643048	0.725903
0.495664	-0.655159	0.570162
0.154509	-0.435239	0.886958
0.332283	0.238545	0.912516
0.460883	0.141701	0.876075
-0.602633	0.172322	0.779191
-0.246522	-0.579688	0.776652
0.445676	-0.729695	0.518572
0.0337937	0.130258	0.990904
-0.219004	0.499386	0.838243
0.197554	0.866114	0.459149
0.381542	0.461571	0.800861
0.195719	-0.886674	0.418932
-0.0146194	-0.13066	0.991319
-0.0643157	-0.0805052	0.994677
-0.0959664	-0.584002	0.806059
0.147088	0.647223	0.747976
0.730548	0.0400847	0.681684
-0.335179	-0.266021	0.903818
0.290356	-0.631272	0.719158
0.502461	-0.181703	0.845291
-0.459777	-0.205066	0.864033
-0.436362	0.667721	0.603106
0.121339	0.187674	0.974708
-0.340096	0.639011	0.689928
0.613878	0.64999	0.447959
-0.599358	-0.136868	0.788693
0.194133	-0.151029	0.969279
0.100385	-0.0209035	0.994729
-0.413602	-0.157469	0.896737
-0.433225	0.362225	0.825293
-0.558221	-0.0246554	0.829326
0.209504	0.19136	0.9589
0.215556	-0.428455	0.877475
-0.398037	0.479797	0.781896
0.269	0.195534	0.943083
-0.391396	0.0313897	0.919687
-0.448113	0.522569	0.725338
0.295037	-0.54378	0.785657
-0.10369	-0.130319	0.986035
0.162839	-0.189599	0.968264
0.514252	0.217258	0.829665
0.0673209	-0.680891	0.729284
-0.0837837	0.0202219	0.996279
-0.0948931	-0.00410987	0.995479
-0.284502	0.502812	0.816235
0.062621	0.82188	0.566208
0.190021	-0.892146	0.409838
0.0351338	-0.41786	0.907832
0.573839	0.329175	0.749902
-0.645056	0.134117	0.752273
0.505035	-0.563193	0.654029
-0.0270949	0.677158	0.735338
-0.198069	-0.16452	0.966283
-0.21956	0.332382	0.917233
0.568094	-0.445458	0.69198
0.0247951	0.128313	0.991424
0.204402	-0.0664041	0.976632
-0.546306	0.0537373	0.83586
-0.621354	-0.0418207	0.782413
0.213328	0.0352324	0.976345
-0.0817869	-0.837178	0.540781
0.465591	0.0980049	0.879557
-0.304004	0.00926641	0.952626
0.277442	-0.474112	0.83561
-0.292363	0.0640319	0.954161
0.359031	0.19973	0.911704
-0.570417	-0.0437962	0.820187
0.132917	-0.419582	0.897933
0.34938	0.30251	0.886804
-0.135719	0.668493	0.73123
0.238951	-0.235826	0.94196
0.68597	0.149706	0.712063
0.0532936	-0.939339	0.338825
-0.0136517	-0.0865721	0.996152
-0.71416	-0.470207	0.518536
0.830774	-0.0906114	0.549184
0.220956	-0.0842112	0.971641
-0.0955114	0.501695	0.859756
-0.0453429	-0.136465	0.989607
-0.357673	-0.0981191	0.928678
-0.316588	0.111299	0.942011
-0.535797	-0.64165	0.548824
-0.131152	0.29988	0.944918
-0.648658	0.0706546	0.757793
-0.244955	-0.371869	0.895383
0.40261	-0.183368	0.896817
0.0987016	0.243745	0.964804
-0.594838	0.240197	0.76712
0.381999	-0.27647	0.88184
-0.0980289	-0.0235167	0.994906
-0.452406	0.258233	0.853607
-0.0488819	0.138522	0.989152
-0.136001	0.329024	0.934477
-0.346345	-0.570101	0.745003
-0.701485	-0.188106	0.687412
0.482237	-0.417525	0.770143
-0.115686	-0.0411625	0.992433
-0.70361	0.475566	0.527987
-0.74637	0.226182	0.625918
-0.0779004	0.800669	0.594021
-0.414101	-0.565916	0.712924
0.853442	-0.0773122	0.515422
0.119687	-0.032954	0.992265
0.259922	-0.559927	0.786716
0.0836248	-0.376885	0.922477
0.482049	0.137261	0.865325
-0.36601	0.347368	0.863349
0.268053	0.273451	0.923781
0.0929086	0.866694	0.490112
0.108519	0.426384	0.898009
0.412907	-0.154452	0.897581
-0.22188	-0.158704	0.962072
0.0979337	0.13186	0.986419
0.450118	0.687855	0.569429
-0.260508	0.100069	0.960272
0.16201	0.287212	0.944067
0.429783	0.159476	0.888737
0.407964	-0.220408	0.885994
-0.340911	0.606206	0.718536
0.0743802	0.284053	0.955919
0.441437	0.72224	0.53245
-0.268011	0.0151953	0.963296
0.243159	0.43506	0.866947
-0.65941	0.251573	0.708441
0.042897	-0.080247	0.995852
0.128109	0.807228	0.576169
0.117508	0.176385	0.977282
0.430342	-0.0955939	0.89759
-0.178535	0.301171	0.936708
0.050622	-0.326578	0.943813
-0.655342	-0.550052	0.517658
-0.174208	-0.701335	0.691217
0.355483	-0.152867	0.922097
0.0189397	0.00665887	0.999798
-0.442059	-0.528881	0.724478
0.314475	-0.106045	0.943324
-0.0580303	0.401898	0.913844
0.633964	0.0459133	0.771998
-0.134177	-0.681869	0.719062
0.295618	-0.185528	0.937118
-0.0440738	0.5043	0.862403
-0.633962	-0.405782	0.658356
0.819987	0.513988	0.251868
-0.214601	-0.549959	0.80715
-0.203999	0.888537	0.410957
-0.742525	-0.500468	0.445184
-0.169694	-0.54235	0.822837
0.535018	0.306489	0.787287
-0.0958968	-0.021782	0.995153
-0.158366	-0.493955	0.854944
-0.131887	0.34146	0.930597
0.173895	-0.492252	0.852906
-0.458115	0.509515	0.728372
-0.450608	-0.107028	0.886283
-0.136659	0.84152	0.522655
-0.670445	0.575799	0.46793
-0.704469	-0.525866	0.476642
-0.75413	-0.0355057	0.655765
-0.0452238	0.11017	0.992883
-0.209497	0.593489	0.777099
-0.8377	0.402877	0.368713
-0.158385	0.0388596	0.986613
0.230505	0.427874	0.873952
-0.652492	0.0964152	0.751637
-0.686606	0.251875	0.682005
0.36671	-0.408768	0.835723
0.176519	-0.574692	0.799106
-0.090279	-0.52598	0.845692
0.371184	-0.18799	0.909331
0.455169	-0.198262	0.868051
-0.11064	0.35027	0.930091
0.205881	0.308442	0.928696
-0.236013	-0.724303	0.64783
0.631191	0.060193	0.773288
0.40865	-0.273149	0.870858
-0.022607	-0.150573	0.98834
0.418801	0.0502228	0.906688
-0.0334493	0.474312	0.879721
-0.19108	0.695187	0.692967
0.191091	-0.66385	0.72304
-0.329836	0.813958	0.478206
-0.165578	0.442124	0.881539
-0.480384	0.510748	0.712999
-0.44379	-0.0529753	0.894564
0.223699	0.374233	0.899949
-0.252568	-0.272494	0.928416
-0.752284	-0.504736	0.423451
0.788767	-0.185883	0.585912
-0.109907	-0.188887	0.975829
-0.352829	0.3246	0.87758
-0.131087	-0.226003	0.965266
-0.56482	0.295812	0.770373
0.286239	0.758159	0.585886
-0.390399	-0.743505	0.542945
0.507864	-0.219089	0.833111
-0.475272	-0.459094	0.750566
0.177269	0.237822	0.954995
-0.474205	0.720983	0.505286
0.0355553	-0.206957	0.977704
0.149188	0.473492	0.868071
-0.0742616	-0.950343	0.302214
-0.630578	0.176066	0.755892
-0.571145	0.15422	0.806232
-0.165743	0.162036	0.972766
0.363403	-0.357612	0.860263
0.600207	0.437264	0.66974
-0.532775	0.764087	0.363761
-0.00414644	-0.0931961	0.995639
0.0507312	0.402525	0.914002
0.125149	0.41157	0.902744
-0.917699	0.353807	-0.18069
-0.198685	-0.391857	0.898317
0.00327568	0.235255	0.971928
0.708734	0.097369	0.698724
0.404757	-0.108039	0.908019
0.712825	-0.003916	0.701331
-0.291344	-0.146463	0.94534
-0.244037	0.521065	0.817886
-0.00770142	-0.33273	0.942991
0.336179	0.416439	0.844726
0.468464	-0.269698	0.841312
0.602525	-0.665307	0.44083
0.301085	-0.215633	0.928897
0.323507	-0.0542761	0.944668
-0.123757	0.451932	0.883426
-0.164769	-0.650381	0.741523
-0.411687	-0.0636472	0.9091
0.0222236	0.0177116	0.999596
0.58596	0.131268	0.799637
-0.200943	0.375313	0.904855
-0.308831	-0.00416848	0.951108
0.177541	-0.0344583	0.98351
0.274784	0.592355	0.75737
-0.421587	0.00992893	0.906734
0.218567	0.402162	0.889098
0.0917003	0.0186329	0.995612
0.264553	-0.547886	0.79362
-0.394048	0.0869297	0.91497
0.563484	-0.154775	0.811499
0.300561	0.4443	0.843955
0.202799	-0.448021	0.870718
-0.133576	0.0968336	0.986296
0.41242	0.0864646	0.906881
0.563452	0.749606	0.347293
-0.141694	0.404147	0.903653
0.194762	0.880482	0.432227
0.284386	0.353027	0.891346
-0.193769	0.382823	0.903272
-0.447285	-0.456046	0.769388
0.079546	0.101729	0.991627
0.716096	0.107148	0.689729
0.0496128	0.533742	0.84419
-0.654459	-0.14238	0.742571
-0.385442	-0.531061	0.754592
-0.408	0.238153	0.881373
-0.329993	-0.105584	0.93806
0.4683	-0.304058	0.829604
-0.239732	0.0273066	0.970455
-0.0441111	0.290831	0.955757
0.233559	-0.211198	0.949129
0.60355	-0.319333	0.730584
0.0740698	0.518733	0.851722
0.32211	-0.18443	0.928564
0.0737077	0.64675	0.759132
-0.428071	-0.0689129	0.901114
0.0363018	-0.405523	0.913364
0.586849	0.536954	0.606043
0.431205	0.195898	0.88073
-0.39978	0.916462	-0.0165462
0.81142	0.10925	0.574162
-0.685961	0.105059	0.720014
-0.838357	0.121569	0.531393
-0.601237	-0.236404	0.7633
-0.447626	-0.116783	0.886562
0.555217	0.348622	0.755114
0.24442	-0.775714	0.58183
0.570296	-0.611188	0.548827
-0.138342	0.221372	0.965327
0.649905	-0.300809	0.697952
-0.311104	0.518497	0.796477
0.0452066	-0.740154	0.670916
0.694496	0.0285738	0.718929
0.338174	-0.266097	0.90268
0.0688436	-0.190844	0.979203
0.0546054	-0.179306	0.982277
0.726891	-0.38071	0.571568
-0.0190965	-0.716269	0.697563
0.360036	0.00857245	0.932899
0.924279	-0.37849	0.0495338
0.159773	-0.252019	0.954442
-0.10671	-0.781774	0.614364
0.271317	0.104052	0.956849
-0.69456	0.433616	0.574076
-0.0581294	-0.272559	0.960381
0.318784	0.46911	0.823597
-0.0855396	-0.0913954	0.992134
0.0802202	-0.586659	0.805851
-0.184283	-0.6267	0.757157
0.53404	-0.0472424	0.844138
0.16977	-0.010261	0.98543
0.49953	-0.159291	0.851526
-0.110596	0.43784	0.892225
-0.0584974	-0.0284931	0.997881
0.189454	-0.648202	0.737524
-0.170892	-0.779004	0.603281
-0.327468	-0.228445	0.91683
-0.178749	0.356627	0.916988
-0.0693288	0.0429801	0.996668
-0.825138	0.385812	0.41267
-0.0771918	0.132303	0.988199
-0.444891	-0.429734	0.785749
0.140003	0.151322	0.97852
-0.565065	-0.178256	0.80556
-0.225121	-0.0010268	0.97433
0.052882	-0.157141	0.986159
-0.604751	-0.0105947	0.796344
0.209163	-0.656863	0.724418
0.316497	-0.0742418	0.945684
0.145521	0.166332	0.975273
-0.0340541	0.363111	0.931123
0.194412	0.119073	0.973666
-0.0804839	0.0368165	0.996076
-0.151938	0.560778	0.813906
0.153326	0.42766	0.890841
-0.299594	-0.367153	0.880592
0.310646	0.211828	0.926622
-0.297636	0.676392	0.673726
0.0588047	0.730004	0.680908
0.267219	-0.442234	0.856168
-0.376288	-0.497237	0.781769
-0.0471549	-0.212064	0.976118
0.159815	0.16096	0.973936
0.575008	-0.140301	0.806029
0.192342	0.596926	0.778899
-0.32986	0.268722	0.904976
-0.0825237	-0.092326	0.992303
0.252835	0.162669	0.953736
-0.241675	-0.281409	0.928656
-0.651057	0.456547	0.606374
0.0878511	-0.178449	0.980019
-0.28279	0.268038	0.92097
-0.25151	0.0101938	0.967801
0.0447429	-0.235586	0.970823
-0.597026	0.586835	0.546977
0.305516	-0.0412648	0.951292
-0.461966	0.581646	0.669533
-0.39463	-0.467065	0.791276
0.0882821	0.251988	0.963695
-0.403098	0.758901	0.511449
0.122933	0.677056	0.725591
0.329479	-0.210042	0.920503
0.265576	0.286129	0.920652
0.409223	0.0811179	0.908821
0.460744	-0.407422	0.788494
0.295484	0.232376	0.926656
-0.136538	0.600826	0.787633
-0.0749718	0.0708536	0.994665
0.153875	-0.476615	0.865541
-0.124218	-0.256479	0.958535
-0.445649	0.149117	0.882701
-0.296999	-0.274615	0.914537
0.00593651	0.182034	0.983274
0.105499	-0.306197	0.946104
-0.582914	0.624967	0.519257
-0.123479	-0.46974	0.874126
-0.0442402	-0.377508	0.924949
-0.327311	0.259761	0.908511
-0.0800576	-0.704999	0.704676
-0.570869	0.268491	0.775901
0.749237	-0.314354	0.582946
-0.818077	0.0084615	0.575046
-0.767597	0.572367	0.288429
0.543032	0.436268	0.717486
-0.406393	-0.308764	0.859948
-0.706121	-0.334902	0.623886
-0.542952	-0.102252	0.833515
0.542652	-0.384693	0.746686
-0.525171	0.491308	0.694847
-0.330949	0.398502	0.855376
0.592033	0.426039	0.684096
0.117965	0.0622036	0.991068
-0.724471	-0.359939	0.587865
0.0825785	-0.510348	0.855994
0.631149	-0.176601	0.75529
0.283336	0.604352	0.744634
-0.450101	0.196049	0.871191
-0.398404	-0.353095	0.846521
0.000855855	-0.437716	0.899113
0.289838	-0.148318	0.945513
0.0725678	0.179406	0.981095
0.0513008	0.241148	0.969131
-0.109653	0.0788472	0.990838
0.0370405	-0.204451	0.978176
-0.297333	0.087435	0.950762
0.700679	-0.103458	0.705936
-0.583048	0.0194849	0.812204
-0.169296	-0.878049	0.447625
0.257553	-0.117608	0.95908
-0.187225	-0.452168	0.872061
0.237012	0.791767	0.562965
-0.438917	0.486512	0.755419
0.130847	0.806975	0.575908
-0.179011	0.577696	0.796381
0.301632	0.340358	0.890603
-0.117306	0.253532	0.960188
-0.190068	0.823863	0.53397
0.00509385	0.0441342	0.999013
-0.112627	0.341317	0.933176
0.282649	-0.847392	0.449484
-0.640868	-0.238494	0.729664
-0.361156	-0.250818	0.89814
0.549144	0.280795	0.787144
0.102518	0.163404	0.981218
0.20015	0.506026	0.838974
0.355334	0.24806	0.901224
0.161982	-0.519279	0.839113
-0.248521	-0.61147	0.751227
0.165647	0.459689	0.872494
-0.0873612	-0.436864	0.895275
0.164589	0.361175	0.917858
-0.229793	-0.238484	0.943568
0.0873555	0.329715	0.94003
-0.131494	-0.420501	0.897713
-0.222163	-0.205018	0.953211
-0.0901666	0.511012	0.854831
0.252157	0.137281	0.957899
-0.37265	0.0721103	0.925166
0.145806	-0.0128074	0.98923
-0.767298	-0.115612	0.630783
-0.103618	-0.156245	0.982268
0.0224936	0.469538	0.882626
-0.513209	0.410581	0.753684
-0.175203	0.528819	0.830454
-0.114651	0.688483	0.716133
0.440195	-0.12019	0.889822
-0.869922	0.282333	0.404381
0.131597	-0.263195	0.955725
-0.645109	-0.313222	0.696941
0.432434	0.440389	0.786802
0.132691	-0.409399	0.902655
0.0765423	0.503041	0.860867
0.299324	-0.451013	0.840828
0.240394	-0.0612687	0.96874
-0.648311	0.427606	0.629958
-0.742069	-0.240622	0.625648
-0.4287	0.709422	0.559407
0.045025	-0.426446	0.903392
-0.267994	-0.112463	0.956834
-0.378223	-0.655835	0.653321
0.505638	0.21947	0.834364
0.554845	0.463168	0.691103
0.381702	0.363154	0.849955
-0.553891	0.688043	0.468829
0.0718773	0.0035444	0.997407
-0.526754	-0.0651712	0.847515
-0.239557	0.607088	0.757666
0.460099	0.241604	0.854363
-0.080186	-0.211061	0.974178
0.288966	-0.723736	0.626662
-0.297401	-0.535974	0.790117
0.0386734	-0.518867	0.85398
0.439915	-0.247726	0.863196
-0.44975	0.472583	0.757885
-0.350297	0.280575	0.893627
0.424555	0.632849	0.647499
-0.246616	0.110818	0.962756
-0.174059	0.36005	0.916552
0.00312752	0.517268	0.855818
-0.224486	0.102808	0.969039
-0.159102	0.404323	0.900672
-0.80173	0.200197	0.563161
-0.680001	0.668871	0.300349
-0.353336	-0.0190715	0.935302
-0.585132	0.791086	0.178338
-0.15028	0.236863	0.95985
0.236328	-0.0874627	0.967729
-0.0569813	0.224807	0.972736
-0.135894	0.390371	0.910573
0.0954746	0.0229138	0.995168
0.00494845	0.120711	0.992675
0.0974115	0.634596	0.76668
0.487968	-0.0614846	0.870693
0.736667	0.653765	0.172954
-0.634114	-0.400993	0.661138
-0.0208096	-0.0763924	0.996861
0.526251	-0.6185	0.583539
-0.386345	0.0486351	0.921071
0.670983	0.202443	0.713301
0.48019	0.124692	0.868257
-0.0325559	-0.384208	0.922673
-0.678786	0.15539	0.717708
-0.185047	-0.484571	0.854955
0.194686	0.37639	0.905775
-0.0852712	0.205431	0.97495
0.365235	-0.371044	0.853774
0.416722	0.278627	0.86528
0.449349	0.185206	0.873947
0.22228	0.361869	0.905341
-0.378715	-0.347456	0.857817
-0.373967	-0.19892	0.905858
0.202629	-0.308299	0.929459
-0.102922	-0.719316	0.687016
0.156026	0.353773	0.922226
0.319577	0.236292	0.917626
-0.365027	0.190806	0.911235
0.153773	-0.157776	0.975428
-0.158149	0.312014	0.936822
-0.0369924	0.161235	0.986222
0.300215	-0.52027	0.799494
0.495653	-0.385326	0.778364
-0.304103	0.367875	0.878743
-0.658202	0.117373	0.743635
-0.376682	0.0276683	0.925929
0.11947	-0.0792732	0.989668
0.20396	-0.53315	0.821067
0.0170237	0.0504175	0.998583
0.15108	0.0353727	0.987888
-0.067805	0.183126	0.980748
0.527619	0.297425	0.795711
-0.107681	0.886775	0.449483
0.538143	0.0124315	0.842762
-0.766861	0.0690988	0.638082
-0.0686967	0.077683	0.994609
-0.344341	-0.251489	0.904535
0.567672	-0.140964	0.811097
-0.882721	0.416263	0.218009
-0.547424	0.0267289	0.836428
-0.234831	0.189564	0.953373
-0.30489	0.464476	0.831447
0.174795	0.462364	0.869291
-0.261352	0.451968	0.85289
0.0864456	-0.265159	0.960322
0.450782	0.379309	0.808035
-0.458684	-0.0045406	0.888588
-0.554027	0.647894	0.522768
-0.4703	0.384169	0.794501
-0.543012	0.022803	0.839415
0.317197	-0.00695257	0.948334
0.343687	-0.298526	0.890372
-0.457249	0.473813	0.752612
0.278459	-0.166857	0.945843
-0.0604324	-0.262172	0.963127
-0.331465	0.464426	0.821242
0.259488	0.315937	0.912606
0.231076	-0.211096	0.949759
-0.382506	-0.257971	0.887209
0.239953	0.021189	0.970553
-0.216741	-0.425503	0.878618
0.479962	0.271325	0.834277
-0.35708	0.085481	0.930154
0.431434	0.342224	0.834714
0.743381	0.178704	0.644553
0.217539	-0.552169	0.804852
0.0593609	0.387833	0.919816
0.0751292	-0.399719	0.913554
0.379877	-0.613317	0.692485
-0.43383	-0.292849	0.852075
-0.00111885	-0.250827	0.968031
0.878119	0.13801	0.458105
0.723069	0.0825018	0.685832
-0.00146317	0.133148	0.991095
-0.312134	0.127762	0.941408
0.124454	-0.914482	0.385012
-0.180211	0.172645	0.968358
-0.170913	-0.423113	0.889811
0.232418	-0.0944738	0.968017
-0.689624	0.0332313	0.723404
-0.0247133	-0.0860111	0.995988
0.433228	-0.232723	0.87072
-0.0178676	0.426859	0.904142
0.201183	-0.454687	0.867632
-0.306887	-0.188523	0.932887
-0.0811146	0.0921174	0.992439
-0.152963	-0.121807	0.980696
-0.634785	0.199782	0.746415
0.580772	-0.138907	0.802128
0.456668	0.577128	0.677036
0.369374	0.146124	0.91772
-0.171613	-0.653962	0.736806
-0.420935	-0.358961	0.833043
-0.0932918	0.396276	0.913379
0.877721	-0.0868622	0.471232
-0.627549	-0.456382	0.630792
0.0151354	0.617082	0.786753
-0.316345	-0.0354367	0.947982
0.385095	0.189155	0.903284
0.534823	-0.2388	0.810518
0.350905	-0.233606	0.906804
0.898623	-0.0499622	0.435868
-0.523	-0.139818	0.840787
-0.431617	-0.224831	0.873589
-0.341146	0.222281	0.913351
0.581787	0.298202	0.756703
-0.317003	0.222212	0.922025
-0.249605	0.177761	0.951892
-0.2398	-0.210366	0.947756
0.20732	0.288369	0.934806
0.0742872	0.0183079	0.997069
0.0212845	-0.293947	0.955585
-0.138533	-0.477632	0.867569
0.21468	0.272701	0.937842
-0.0651447	0.270637	0.960475
0.327336	-0.603524	0.727056
0.00932764	-0.137821	0.990413
0.236997	-0.066194	0.969253
-0.014648	0.4811	0.876543
0.548101	0.464307	0.695704
0.0613021	-0.113732	0.991618
-0.543197	-0.271883	0.794365
0.130058	-0.224116	0.965845
0.27368	0.303366	0.912726
-0.0719804	-0.48546	0.871291
-0.0973748	0.571826	0.814576
0.641	0.065894	0.764707
-0.228854	-0.910502	0.3444
-0.205841	-0.46792	0.859465
-0.459733	-0.0555868	0.886316
-0.402265	-0.0952444	0.910556
0.18665	-0.294371	0.937287
-0.176973	0.278638	0.94395
0.75262	0.285825	0.593185
0.290518	0.358943	0.886995
0.0222235	-0.652842	0.757168
-0.486595	-0.242577	0.839275
0.279148	0.442703	0.852109
-0.521985	-0.174813	0.834848
0.346512	0.557523	0.754385
0.411785	0.272952	0.869443
-0.199395	-0.585703	0.785617
0.564755	0.479145	0.671916
-0.0545644	-0.641597	0.765099
0.262449	-0.450745	0.853199
0.442931	0.539035	0.716417
-0.389584	0.534233	0.750213
-0.24723	0.695624	0.674525
-0.116881	0.570257	0.813109
-0.16048	-0.151358	0.975365
0.539412	-0.477098	0.693839
-0.183721	0.449058	0.874411
-0.922494	0.359432	0.140762
0.836393	-0.182229	0.516952
0.722138	-0.115146	0.682098
-0.317639	0.341453	0.884599
0.0990699	-0.197428	0.975299
-0.305174	-0.952003	-0.023645
0.155112	0.289206	0.944617
-0.504624	0.86148	0.0566369
-0.0297177	-0.971855	0.233696
-0.101785	-0.0374749	0.9941
0.290583	0.0759468	0.953831
0.0605158	0.336366	0.939785
0.364291	0.145077	0.919916
-0.359655	-0.648244	0.67114
0.0634443	0.442928	0.894309
0.345603	-0.451782	0.822467
-0.390149	0.195756	0.899702
-0.0804764	-0.54344	0.835582
-0.162395	0.358334	0.919361
0.407303	-0.230585	0.883705
0.278968	-0.816407	0.505625
-0.177316	0.224534	0.958198
0.39091	0.35539	0.849051
0.24963	0.301088	0.920343
-0.0678185	-0.517602	0.85293
0.0880717	-0.22025	0.971459
0.36583	-0.461345	0.808288
0.355439	0.263675	0.896738
-0.619433	0.319904	0.716913
-0.467344	0.729755	0.499047
-0.140683	0.550142	0.823136
-0.523707	0.344608	0.779087
-0.518652	-0.0307291	0.854433
-0.286763	0.314594	0.904874
0.116163	0.221504	0.968216
-0.341826	0.234507	0.910034
-0.459405	0.0933862	0.883304
-0.0567037	0.456855	0.887732
-0.322825	-0.498134	0.804765
-0.542314	-0.138861	0.828621
0.373616	0.174557	0.911011
-0.233548	-0.236488	0.943148
-0.16961	0.159083	0.972587
0.638769	0.166832	0.751093
0.387214	0.563266	0.729929
-0.257448	-0.341703	0.903858
-0.514522	0.112719	0.850036
0.746624	0.236677	0.621721
0.282378	0.654303	0.701534
0.381757	0.227934	0.895716
-0.271912	0.782541	0.560084
0.801115	0.548046	0.240544
0.202909	0.362714	0.909542
-0.00381484	-0.10887	0.994049
0.148907	-0.120506	0.981481
-0.149249	-0.645632	0.748922
-0.596188	-0.027721	0.802366
-0.519339	0.29435	0.802275
0.460808	0.154017	0.874033
0.309734	0.383164	0.870201
0.237899	0.600786	0.763191
0.168057	0.303959	0.937745
0.45921	-0.614912	0.6411
0.0435941	0.3048	0.951418
-0.325038	0.705153	0.630166
0.442418	0.422213	0.791203
0.468634	-0.0192011	0.883184
0.33421	-0.312754	0.889094
-0.187887	-0.538763	0.821239
0.459328	0.515888	0.723103
-0.19936	-0.578953	0.790613
0.188109	-0.398541	0.897652
0.296666	-0.00588073	0.954963
0.14865	0.568996	0.808793
-0.0107972	0.175134	0.984485
-0.225049	-0.171473	0.95914
0.147215	0.387229	0.910155
0.441705	-0.0994621	0.89163
-0.130385	0.0115003	0.991397
-0.0137456	-0.3263	0.945166
-0.242668	-0.390518	0.888036
0.292389	0.459925	0.838438
-0.281878	0.379844	0.881058
-0.308763	0.479648	0.821342
0.650914	0.381549	0.656301
-0.368613	-0.0941218	0.924806
0.243426	0.521056	0.818074
-0.500092	0.396346	0.769947
0.0751626	0.122212	0.989654
0.072562	-0.362131	0.929299
-0.510546	0.115386	0.852073
0.133962	0.510801	0.849197
0.0131111	-0.163302	0.986489
0.00498351	-0.222419	0.974938
-0.0415994	-0.137605	0.989613
0.0329042	-0.238968	0.97047
0.106984	-0.14921	0.983001
-0.254608	0.0122722	0.966966
0.313975	-0.180838	0.93205
-0.62029	-0.344819	0.704514
-0.221965	0.0226451	0.974792
-0.489656	0.38722	0.781215
0.527157	-0.232187	0.817432
0.178748	-0.266809	0.947028
0.222909	0.4309	0.874435
0.319862	0.387036	0.864807
0.0458529	0.473722	0.87948
0.230351	-0.847465	0.478269
-0.509321	-0.538861	0.670985
-0.0920475	0.452292	0.887107
0.14077	0.205269	0.968529
0.175068	-0.0105783	0.9845
0.276043	0.422479	0.863314
-0.0645387	0.21626	0.9742
0.523371	0.475913	0.706817
-0.579221	0.334596	0.743336
0.358271	0.749413	0.556797
0.180789	-0.38741	0.904007
-0.475501	-0.379638	0.793583
-0.259819	0.51021	0.819866
-0.596882	0.342628	0.725492
-0.344653	0.397075	0.850615
0.468103	0.604633	0.644437
0.0192669	-0.0237638	0.999532
-0.235122	0.249437	0.939414
0.243692	0.169235	0.954973
-0.411076	0.00788725	0.911567
0.196754	0.232791	0.952416
-0.206361	-0.662232	0.720322
0.54529	-0.0394189	0.83732
0.709074	0.155271	0.687827
-0.251929	0.104588	0.962078
0.859433	-0.0374192	0.509877
-0.111372	-0.172165	0.978752
-0.367558	-0.0568328	0.928262
-0.189322	-0.104345	0.976355
-0.184336	0.413853	0.891485
0.517671	-0.076102	0.852188
0.05021	0.347551	0.936316
0.623349	0.607554	0.492255
-0.31682	0.681116	0.660081
-0.357995	-0.336569	0.870954
-0.590718	-0.208024	0.779602
0.369073	-0.0858315	0.925429
0.280214	0.51842	0.807911
-0.182716	0.61271	0.768896
0.671045	-0.195054	0.715299
0.285569	-0.265456	0.92086
-0.654651	-0.32592	0.682062
-0.575217	-0.668871	0.470889
0.300575	0.439082	0.846677
-0.199701	-0.117341	0.972805
-0.406597	0.0716623	0.910793
-0.111341	-0.465931	0.877788
0.266998	0.613378	0.743289
-0.120927	0.381099	0.916592
0.0844112	0.289568	0.953428
-0.381751	-0.281907	0.880224
-0.402805	-0.146187	0.903536
-0.167547	-0.117523	0.978834
-0.4617	0.00126768	0.887035
0.111253	0.708399	0.696989
0.26087	0.0787593	0.962156
0.0926946	-0.457198	0.884521
-0.302987	0.0923194	0.948513
-0.487905	-0.222829	0.843976
0.163661	-0.171173	0.971553
-0.524061	-0.268092	0.808385
-0.288477	0.53546	0.793765
0.316479	0.165714	0.934013
0.326148	0.429647	0.84204
-0.153074	-0.0414322	0.987346
-0.288734	0.725163	0.625117
-0.171375	0.776011	0.606991
-0.670049	-0.457168	0.584835
0.0358123	0.382829	0.923125
0.255677	-0.164658	0.952637
-0.16864	0.389951	0.905262
0.205665	-0.00684022	0.978598
0.855913	0.187962	0.48175
0.419137	-0.190806	0.887647
0.4159	0.55276	0.722138
-0.259986	0.450303	0.854186
-0.0851796	0.154804	0.984266
-0.149816	0.348964	0.925083
0.223907	-0.48232	0.846896
0.231327	-0.0824466	0.969376
0.150355	-0.540587	0.827743
0.57011	-0.647893	0.505182
-0.0479114	-0.601075	0.797755
0.254382	-0.44221	0.860081
-0.0364844	-0.524572	0.850584
0.676131	-0.228582	0.700427
-0.243715	-0.563715	0.789195
-0.270898	0.547901	0.791466
-0.782129	0.170698	0.59928
-0.579699	0.0173083	0.814647
-0.647211	0.0611032	0.759858
0.272113	-0.587379	0.762195
-0.562381	-0.424615	0.709528
-0.181307	-0.180501	0.96672
-0.15122	0.363282	0.919325
0.51558	-0.306589	0.800113
0.0984609	0.0375401	0.994433
0.0835519	-0.45073	0.888742
0.0246321	-0.12734	0.991553
-0.515602	0.0281203	0.856367
-0.528614	-0.0118263	0.84878
-0.317727	0.56071	0.764627
0.267832	0.205427	0.941311
0.334487	0.231642	0.913488
-0.190189	-0.293915	0.936719
-0.254812	0.0403452	0.966149
-0.216646	-0.144401	0.965512
-0.64288	-0.367685	0.671948
0.0328548	-0.168626	0.985132
-0.534049	-0.326394	0.779909
-0.672012	0.168584	0.721096
-0.206621	0.22861	0.951339
-0.471954	-0.41475	0.777973
-0.23847	-0.920494	-0.309552
-0.105384	-0.387283	0.915918
-0.0829195	-0.787594	0.61059
0.167036	-0.514985	0.840767
-0.0951454	0.336797	0.936758
0.249038	0.415857	0.874667
-0.312213	0.60319	0.733951
-0.304015	0.544898	0.781448
0.185777	0.168551	0.968027
-0.326574	0.337217	0.882969
0.260094	0.0792627	0.962325
-0.254394	0.451751	0.855105
0.707744	-0.234109	0.666552
-0.197449	-0.575646	0.793502
-0.231521	0.623044	0.747138
-0.653732	0.445862	0.611426
-0.457308	0.356162	0.814873
0.12857	0.258769	0.957345
-0.133689	0.603172	0.786327
0.286367	0.0310223	0.957618
0.369837	0.283885	0.884663
0.162287	0.263655	0.950868
-0.413289	-0.545047	0.729463
0.703695	-0.282203	0.652055
-0.119249	0.655917	0.745354
-0.227503	-0.0394361	0.972978
0.054811	0.701487	0.710571
0.742585	-0.049521	0.667919
-0.087323	0.0832819	0.992693
-0.0176049	0.714528	0.699385
-0.071105	0.863213	0.499807
-0.208199	-0.11305	0.971531
-0.214809	-0.184801	0.959013
0.287566	-0.260719	0.921592
-0.443537	-0.57304	0.68913
0.154328	0.273626	0.949374
0.0696525	-0.268791	0.960677
0.0494285	0.341717	0.938502
-0.484864	0.402601	0.776415
-0.418657	0.0414297	0.907199
-0.0603613	0.437886	0.897002
0.163166	-0.505988	0.846967
0.281145	-0.627218	0.72633
-0.1354	0.360078	0.923044
-0.318575	0.425813	0.846873
-0.26797	0.403136	0.875027
-0.775314	-0.118654	0.62033
0.189419	0.0958754	0.977204
-0.169359	-0.321823	0.93153
-0.194048	-0.33277	0.922827
-0.699898	-0.0176624	0.714025
-0.566101	-0.297392	0.768822
-0.225418	-0.0915308	0.969953
-0.105498	-0.472586	0.874947
0.00244444	-0.0868365	0.99622
-0.405667	-0.380441	0.831083
-0.109751	0.43471	0.893858
-0.881831	0.0528652	0.468593
0.0755248	-0.499832	0.862823
-0.0643111	0.285575	0.956196
0.633372	-0.497674	0.592588
-0.38993	-0.00952646	0.920795
-0.37999	-0.222394	0.897858
0.0209101	0.0709932	0.997258
-0.00360739	-0.344602	0.938742
0.584602	-0.539061	0.606345
-0.103407	-0.405737	0.908122
0.30885	0.158471	0.937816
-0.269654	0.35823	0.893845
0.171062	-0.124144	0.977408
0.209528	-0.00396874	0.977795
-0.111653	0.411648	0.904477
0.165724	-0.436851	0.884136
-0.590786	0.375701	0.714017
-0.032349	0.149028	0.988304
-0.0793329	-0.517633	0.851917
0.171459	-0.764949	0.62085
0.342951	0.262043	0.902063
-0.38709	0.375796	0.841985
-0.316723	-0.514854	0.796626
0.0797535	0.195115	0.977532
0.00729197	-0.295886	0.955196
-0.296276	0.164015	0.940914
-0.509271	0.392759	0.765757
0.324995	-0.623843	0.710773
0.1918	0.327087	0.925325
-0.259622	0.000972832	0.96571
-0.455123	0.371315	0.809314
-0.23136	0.0304819	0.972391
-0.163605	-0.120542	0.979134
-0.0087112	-0.831984	0.554731
0.0322493	-0.180882	0.982976
0.298195	0.360045	0.883995
0.671072	0.513549	0.534724
0.114618	0.631593	0.766781
0.373743	-0.479014	0.794268
0.543817	0.0311642	0.838625
-0.299618	-0.111626	0.947507
0.262153	-0.348937	0.899733
0.507503	0.122854	0.852847
-0.194232	-0.151231	0.969228
-0.786863	0.0292673	0.616434
-0.272836	-0.569637	0.77529
-0.431564	0.189102	0.882039
0.422955	-0.78995	0.443945
0.158497	0.363164	0.918145
0.0417648	0.189852	0.980924
-0.498308	-0.488659	0.716171
-0.828167	0.549436	-0.110723
0.299954	0.571846	0.763558
-0.655012	0.242958	0.715493
0.515079	0.0616667	0.854922
-0.806765	-0.410268	-0.425218
-0.488446	0.390727	0.780226
0.922875	0.2909	0.252348
-0.191709	0.0358328	0.980797
-0.344111	-0.0758671	0.935859
-0.353885	-0.747135	0.562632
0.364081	-0.394563	0.843662
0.236848	-0.653018	0.719354
-0.371267	-0.218389	0.902478
0.22217	-0.0145444	0.974899
0.0602994	-0.354559	0.933087
-0.137894	0.139878	0.98052
0.126313	0.0482965	0.990814
0.706125	-0.114007	0.698849
0.755608	-0.319939	0.571573
-0.0920046	-0.887376	0.451773
-0.213181	0.481128	0.850335
0.0219678	-0.334733	0.942057
0.10166	-0.695466	0.711332
0.0480107	0.158155	0.986246
0.395331	0.328701	0.857712
-0.2909	0.919412	0.264686
-0.446389	0.320958	0.835298
-0.383753	-0.608899	0.694245
0.0200761	-0.39916	0.916662
0.582821	-0.328564	0.743213
0.411607	0.673719	0.613744
-0.602487	0.350413	0.717091
0.0506454	0.750066	0.659421
-0.0784651	0.321319	0.943715
0.136326	-0.593742	0.793023
-0.413977	0.210161	0.885695
0.365971	0.190492	0.910921
0.0256158	-0.0375215	0.998967
0.538198	-0.384157	0.750178
-0.162257	0.188894	0.9685
-0.0422757	-0.434358	0.899748
0.757981	0.405495	0.510919
0.647068	0.301971	0.700083
0.140722	-0.0255439	0.98972
0.169768	-0.159487	0.972493
-0.754049	0.24375	0.609915
-0.0301551	0.100852	0.994444
-0.0165983	0.499342	0.866246
0.698735	-0.463467	0.544948
0.146168	0.135954	0.979873
0.312296	-0.0493004	0.948705
-0.502792	-0.496497	0.707596
-0.421229	-0.554081	0.718026
0.448966	0.0129369	0.893455
0.13807	0.153426	0.978467
0.107516	0.125548	0.986244
0.220837	-0.767532	0.601769
-0.745651	-0.162403	0.646243
-0.670901	0.297397	0.679299
0.413286	0.776113	0.476281
0.344151	0.103445	0.933198
-0.347979	0.289482	0.89169
0.356958	0.585293	0.72802
0.0264891	-0.122693	0.992091
-0.553753	0.0158127	0.832531
-0.338236	-0.236207	0.910935
-0.568134	-0.22504	0.791568
0.10265	0.65163	0.751559
-0.00568524	0.48163	0.876356
-0.274665	0.595991	0.754555
0.084015	-0.016183	0.996333
-0.667455	-0.267936	0.694776
0.437486	0.29616	0.849056
-0.0524465	-0.0529385	0.99722
-0.0482693	0.167515	0.984687
0.224808	-0.0211161	0.974174
-0.0883288	-0.330222	0.939761
0.118559	-0.185619	0.975443
-0.211349	-0.374344	0.902883
-0.0255304	-0.418427	0.907891
0.0925023	-0.699221	0.708896
0.780913	0.406222	0.474509
-0.620693	-0.545261	0.56341
-0.735744	-0.113871	0.667618
-0.321463	0.856698	0.403399
-0.0309996	0.159423	0.986724
0.423715	0.0355601	0.905097
-0.25215	0.0193934	0.967494
-0.680415	-0.238962	0.692772
-0.168408	0.262554	0.950108
0.131585	-0.472433	0.871489
-0.929772	-0.35502	-0.0973893
0.225228	0.285423	0.931561
0.161662	-0.496226	0.853009
0.663975	0.00612578	0.74773
0.0619036	-0.162148	0.984823
-0.229005	-0.0325817	0.97288
0.0853658	-0.380888	0.920672
-0.586264	0.144614	0.797108
0.440852	0.159457	0.883302
-0.117762	-0.0601185	0.99122
-0.485731	-0.39932	0.777566
0.0282985	0.274217	0.961252
0.153789	0.0377213	0.987383
0.11382	0.543442	0.831695
-0.874711	0.150882	0.46056
-0.14464	0.614592	0.775472
0.122986	-0.350719	0.92837
0.631627	0.0951316	0.769414
-0.365202	-0.368978	0.854683
0.681383	0.400158	0.612855
0.11057	0.823259	0.556793
0.93563	0.192993	0.295549
-0.0227243	-0.198259	0.979886
0.312772	-0.245853	0.917458
0.0248036	0.280997	0.959388
-0.14733	0.518795	0.842108
0.131249	-0.624761	0.769706
-0.415262	-0.212797	0.884463
-0.456299	-0.255061	0.852488
-0.829618	0.00289196	0.558324
0.0534183	0.0572422	0.99693
-0.544865	0.766653	0.339655
0.385249	0.635257	0.669352
0.413226	-0.570023	0.710153
-0.354703	0.16045	0.921109
-0.403101	-0.188258	0.895583
0.326181	0.205008	0.92281
-0.35703	-0.468051	0.808367
0.191041	0.317412	0.928845
0.561161	-0.133492	0.816871
0.0212521	0.303779	0.952505
0.124566	0.304357	0.944378
0.393488	-0.640678	0.659318
0.602241	-0.779545	-0.172093
-0.110621	0.123062	0.986214
0.45499	-0.242221	0.856921
0.236996	0.201455	0.950394
-0.280724	-0.513124	0.811109
0.372776	0.313755	0.873267
-0.106814	-0.150826	0.982773
-0.144726	0.328859	0.933223
-0.662192	-0.369451	0.651926
-0.29588	0.178847	0.938333
-0.704308	0.463932	0.537325
-0.342134	-0.155488	0.926697
0.206489	-0.166967	0.964098
-0.790875	0.368106	0.488891
0.154323	0.12666	0.979868
-0.016984	-0.270661	0.962525
-0.740888	0.0924627	0.665233
0.205488	0.0888002	0.974622
-0.183682	0.107558	0.977084
0.11648	-0.0926015	0.988867
-0.153683	0.0499316	0.986858
-0.211606	-0.110138	0.97113
0.0280171	0.247348	0.968522
-0.0556662	0.093355	0.994076
-0.347124	0.0878796	0.933693
0.0214139	-0.0143558	0.999668
0.0748507	-0.60468	0.792943
-0.576947	-0.494149	0.650345
0.551415	-0.0800455	0.830382
0.472928	-0.134009	0.870851
0.642244	0.190076	0.742559
0.320825	0.328009	0.888528
0.307519	-0.25319	0.917239
-0.43965	0.550281	0.709859
0.0687266	-0.5976	0.798843
0.27817	0.106397	0.954621
-0.0315996	-0.232108	0.972177
-0.449199	-0.0645292	0.891099
0.129468	0.0440305	0.990606
-0.321805	-0.14603	0.935477
0.0427478	0.271439	0.961506
-0.0941492	-0.0926338	0.991239
0.0737116	0.563406	0.822885
-0.439088	-0.376009	0.815978
0.00788139	-0.151807	0.988379
0.0686538	0.726347	0.68389
0.178063	-0.455143	0.872432
-0.739222	0.0423472	0.672129
0.234279	0.00155971	0.972168
-0.144249	0.577512	0.803537
-0.192942	-0.0215035	0.980974
-0.0661837	0.142721	0.987548
0.168452	0.100983	0.980523
0.121822	0.420458	0.899096
0.331326	0.155448	0.930623
-0.267049	0.350094	0.897841
-0.312798	-0.111377	0.943267
0.467861	0.540697	0.699108
0.139166	0.252662	0.957494
0.0969367	0.538496	0.837033
0.280487	0.455587	0.844848
0.531429	0.15251	0.833261
-0.319424	0.0551742	0.946004
0.101478	-0.705615	0.701291
0.31142	0.523385	0.793149
0.338232	-0.460761	0.820548
-0.392732	0.302283	0.868555
0.300367	0.170221	0.938512
0.333216	-0.590863	0.734744
-0.382674	-0.257436	0.887292
0.543851	-0.451773	0.707197
0.174474	-0.132391	0.975721
-0.63713	0.123529	0.760793
-0.738144	0.075574	0.670397
0.29381	-0.777113	0.556572
-0.0542815	0.484696	0.872997
0.166435	-0.168857	0.971487
0.125762	-0.114776	0.985399
0.475457	0.293043	0.829498
0.31899	-0.0747723	0.944804
-0.116554	-0.0194061	0.992995
0.104223	0.265803	0.958377
-0.137025	0.680237	0.720071
-0.172009	-0.14568	0.974264
0.120034	-0.368558	0.921822
-0.277055	-0.0929564	0.956347
0.0724405	-0.792862	0.60508
0.192488	-0.172441	0.966029
-0.194794	0.725553	0.660021
-0.42328	0.317885	0.848401
0.386762	0.110789	0.9155
-0.73075	-0.0561803	0.680329
0.130306	-0.324403	0.936901
0.337397	0.0516787	0.939943
0.183512	-0.127279	0.974743
-0.385713	0.231573	0.893084
0.692033	0.363488	0.623673
-0.491328	0.395811	0.775842
0.233891	-0.660868	0.713126
-0.705513	-0.561227	0.432754
0.440414	0.517798	0.73343
0.355713	0.475543	0.804567
0.148365	0.567183	0.810118
-0.33555	-0.559467	0.757894
0.332426	-0.127285	0.934501
-0.890024	0.297085	0.34583
-0.196331	0.309847	0.930295
0.450052	0.457292	0.767031
0.679942	-0.515326	0.521649
0.304819	-0.362734	0.88063
0.224646	-0.10864	0.968365
0.806315	0.117882	0.57962
-0.262507	0.217732	0.940044
-0.0273305	-0.587823	0.808528
-0.52111	0.11306	0.845968
0.585049	-0.329274	0.741145
0.0238749	-0.242415	0.969879
0.274521	-0.0492355	0.96032
0.107958	0.0804155	0.990898
0.336755	-0.0362749	0.940893
-0.137724	0.226389	0.964251
-0.177803	0.0259276	0.983725
-0.352223	-0.525164	0.774688
-0.244908	0.263787	0.932972
-0.464522	-0.154017	0.872065
-0.232644	0.326922	0.915969
0.224615	0.349752	0.909517
0.214943	0.24316	0.945872
-0.445986	0.0940973	0.89008
0.285557	0.104234	0.952677
-0.1215	0.394746	0.910721
-0.0438277	0.567517	0.822194
-0.599566	-0.381432	0.703584
-0.719984	0.196159	0.665692
0.336092	-0.0493365	0.940536
0.0368108	0.606201	0.794459
0.199225	0.36698	0.908645
0.0850173	0.321955	0.94293
0.235031	-0.0523518	0.970577
0.461451	-0.669782	0.581769
-0.459531	-0.0613795	0.886039
-0.010846	0.101564	0.99477
0.0223335	-0.335501	0.941775
0.0416402	0.53968	0.84084
-0.267632	0.276535	0.922985
0.490598	-0.0599295	0.869323
0.272626	0.738765	0.616361
-0.0691244	-0.142713	0.987347
-0.698626	0.00158601	0.715485
0.012277	-0.110326	0.99382
0.153676	0.211483	0.965225
-0.0660122	-0.511812	0.856557
-0.489075	0.429116	0.759385
-0.408679	-0.0186559	0.912487
0.466739	-0.36551	0.805331
0.223672	0.291778	0.929966
-0.514113	-0.291068	0.806825
0.0944572	0.432491	0.896677
-0.171942	0.509953	0.842843
-0.210384	-0.0245975	0.977309
-0.0437526	-0.678042	0.73372
0.122804	0.407867	0.904745
0.194726	-0.0667992	0.97858
0.207931	0.220442	0.952979
-0.123802	0.160856	0.979183
-0.741118	0.0295614	0.670724
0.145664	0.327671	0.933495
-0.390642	-0.279325	0.877141
0.169489	-0.490522	0.854787
-0.074449	0.45593	0.886896
-0.104111	0.6823	0.723621
0.395292	0.0938943	0.913744
-0.0935359	-0.602813	0.792381
0.743661	-0.133243	0.655145
-0.864044	-0.0210818	0.502975
0.137877	-0.254019	0.957321
-0.655534	0.160827	0.737841
-0.297657	-0.133214	0.945333
0.1018	-0.6684	0.736803
-0.797136	-0.509472	0.324056
0.268914	-0.273533	0.923507
0.695456	0.048834	0.716908
-0.0873529	0.23396	0.968314
-0.393635	0.405643	0.824928
0.265318	0.0264998	0.963797
0.326515	0.519266	0.789779
-0.204742	0.481344	0.852285
-0.353841	0.240735	0.903794
-0.342848	-0.00226872	0.939388
-0.825043	-0.0601541	0.561858
-0.634831	0.597296	0.49013
-0.180891	0.284332	0.941506
-0.102727	0.645816	0.75655
-0.262864	0.0119572	0.964759
0.0877348	0.00654839	0.996122
-0.241634	0.740453	0.62717
-0.20821	0.767106	0.606793
-0.0552243	-0.169483	0.983985
0.334632	-0.485868	0.807436
-0.501172	0.28334	0.817646
-0.179653	-0.163394	0.970066
-0.635354	-0.198913	0.746163
0.0858339	-0.320552	0.943334
0.403505	0.317559	0.858103
0.513303	0.233827	0.825739
-0.371042	0.519712	0.769563
0.198904	-0.213917	0.956387
0.728942	0.537004	0.424583
-0.397905	0.141805	0.906401
-0.27234	-0.51076	0.815448
-0.705896	-0.094311	0.702009
0.474083	-0.697927	0.53679
0.242186	-0.381563	0.892051
0.126594	0.032712	0.991415
-0.115847	-0.30196	0.946256
-0.101875	0.566773	0.817551
-0.0650425	-0.472756	0.87879
0.264869	-0.048036	0.963087
-0.564967	-0.150756	0.811224
0.272884	0.238328	0.932059
0.17152	-0.0436076	0.984215
-0.268962	0.536148	0.800128
-0.733544	0.171249	0.657713
0.12481	0.255438	0.958736
0.0465088	-0.0422106	0.998026
-0.693953	-0.0735968	0.716249
-0.474874	-0.326986	0.817053
-0.080427	-0.13719	0.987274
-0.0242457	0.397348	0.917348
-0.40123	-0.0527285	0.914458
0.168174	0.154608	0.973557
-0.0192315	-0.153318	0.98799
-0.404514	0.738633	0.53925
-0.0475525	0.131895	0.990122
-0.713154	-0.232387	0.661368
0.363321	-0.49181	0.791278
-0.0141474	-0.999773	0.0159432
0.231282	-0.492291	0.839141
-0.227213	-0.181412	0.956799
-0.86268	-0.205685	0.462035
-0.404164	0.238708	0.882989
0.0332668	-0.151327	0.987924
-0.0977535	-0.816929	0.568394
0.611991	-0.309859	0.727636
-0.253968	-0.0820496	0.963726
-0.422106	0.402658	0.812215
-0.0472602	-0.514914	0.855938
0.278627	-0.153956	0.947979
-0.377127	0.0202385	0.92594
0.566551	0.238973	0.788614
0.145797	0.277451	0.949613
-0.529372	-0.1035	0.842053
0.616173	-0.121827	0.778132
0.476614	-0.108165	0.872433
0.131222	0.0831194	0.987862
-0.347358	-0.112247	0.930991
0.0878681	-0.864436	0.495005
-0.0422747	0.770479	0.636062
0.480767	0.318985	0.816769
0.312208	0.194667	0.929855
0.311198	0.104634	0.944567
0.0383431	0.566391	0.823244
-0.708003	0.12257	0.695492
-0.226815	-0.089189	0.969845
-0.46926	-0.0428251	0.882021
-0.259243	0.335153	0.905796
0.488379	0.39312	0.779065
0.630642	-0.421359	0.651726
-0.113981	-0.402459	0.908314
-0.0434321	0.124447	0.991275
-0.193097	0.563285	0.803383
0.400571	-0.463491	0.790392
0.649385	0.395221	0.649692
0.2465	0.143561	0.958451
0.136011	-0.696004	0.705038
-0.589295	-0.120018	0.798954
0.202987	0.125441	0.971113
0.340583	-0.15971	0.92655
0.170006	-0.266741	0.948655
0.571299	-0.270189	0.774994
-0.729625	0.331819	0.597949
-0.100606	0.0164845	0.99479
-0.0311814	-0.254968	0.966447
-0.3091	0.408031	0.859051
0.37987	0.573991	0.725419
0.194744	-0.590123	0.783473
-0.121019	0.239859	0.963235
-0.332011	0.485404	0.808796
-0.114641	0.129126	0.984979
-0.890795	-0.0196364	0.453981
-0.407826	0.0751044	0.909966
-0.0990184	-0.011355	0.995021
-0.392127	-0.470861	0.79027
0.278101	0.234554	0.931474
-0.0636633	0.69377	0.717377
0.194281	0.318912	0.927658
0.232704	0.321027	0.918036
0.157531	0.309264	0.937838
-0.352485	0.0654695	0.933525
0.26538	-0.435419	0.860223
0.724885	-0.197187	0.660045
-0.503458	0.430046	0.749393
-0.162491	0.115727	0.9799
0.165966	0.230451	0.958826
-0.186888	-0.382953	0.904666
-0.545732	0.241208	0.802493
-0.181952	-0.965438	0.186611
-0.514313	0.154733	0.843528
0.322	0.0828624	0.943106
-0.445333	-0.228742	0.865653
-0.272526	-0.0741249	0.959289
-0.228824	0.626162	0.74536
-0.000702269	0.352037	0.935986
-0.576352	0.573268	0.582394
0.221272	-0.32707	0.91873
0.104968	0.241251	0.964769
-0.593311	-0.174173	0.785904
-0.754217	0.513527	0.409204
-0.433241	-0.119786	0.893283
-0.297399	-0.425549	0.854671
0.337543	-0.561237	0.755697
0.679027	0.297745	0.671022
0.250912	0.247987	0.935706
0.35756	0.192348	0.913867
-0.517501	0.034214	0.854998
0.126099	0.0677414	0.989702
-0.330318	0.212256	0.919694
0.173451	-0.60021	0.780809
0.472943	0.483812	0.736377
0.069405	0.106638	0.991873
-0.496499	0.0795756	0.864382
-0.445333	-0.368064	0.816215
-0.533122	0.0802169	0.842227
0.692883	-0.0466872	0.719537
0.967821	-0.169035	0.18641
0.156379	0.00189226	0.987695
0.203141	-0.293804	0.93403
-0.539114	-0.0230094	0.841919
0.0514704	-0.2201	0.974118
-0.386207	-0.0826517	0.918702
0.134083	0.382187	0.914306
0.230475	-0.633446	0.738666
-0.405792	-0.159185	0.899996
0.239434	-0.390686	0.88884
-0.252243	-0.259911	0.932105
-0.373162	0.312795	0.873447
-0.200332	0.361285	0.910681
0.0881159	0.491159	0.866602
-0.769125	0.0492054	0.637201
-0.09986	0.414397	0.904601
0.237823	-0.535678	0.81024
0.164127	-0.567646	0.806747
0.0307727	-0.00942627	0.999482
-0.290132	-0.15803	0.943848
0.00222469	0.241013	0.970519
-0.155641	0.324898	0.932854
-0.0494799	-0.424699	0.903981
-0.872396	-0.483974	0.0685244
-0.0888046	-0.582442	0.808007
0.0462262	0.348609	0.936128
-0.0800761	-0.0124625	0.996711
-0.535476	-0.771161	0.34435
-0.133934	-0.384693	0.913276
0.0935924	0.301251	0.948941
0.154591	0.164073	0.97426
0.360023	0.00682734	0.932918
-0.614926	0.0502696	0.786981
-0.191295	-0.503165	0.842752
-0.0200639	-0.149804	0.988512
-0.916879	0.262899	0.300362
-0.595138	-0.210244	0.775634
0.235814	0.00185995	0.971796
-0.406582	0.698928	0.588379
0.458985	0.0788953	0.884934
0.942254	-0.019789	0.334315
0.229269	-0.230786	0.945608
-0.230449	-0.252849	0.93966
-0.151037	0.712492	0.685232
0.259548	-0.0581333	0.963979
-0.798374	0.271706	0.537377
0.115227	0.0596814	0.991545
0.478017	-0.294351	0.827561
0.432941	-0.116508	0.893861
-0.466666	-0.317816	0.825358
-0.607328	-0.244937	0.755751
0.210265	0.293145	0.93266
0.346114	-0.632285	0.693124
-0.39805	-0.589399	0.702969
0.0282123	-0.969016	0.245383
-0.484575	0.00621132	0.874728
0.100482	0.126486	0.986866
0.422782	0.128707	0.897045
-0.166563	0.267091	0.949168
0.821332	-0.198326	0.534865
-0.0927605	0.852094	0.515103
-0.00738062	-0.33266	0.943018
0.389552	0.0652068	0.918693
-0.0531125	-0.253043	0.965996
0.0127898	-0.104623	0.99443
0.138284	-0.158725	0.977591
0.231833	-0.243078	0.941895
0.0206473	-0.351476	0.935969
0.0977432	0.472931	0.875661
0.387989	-0.712019	0.58523
0.111309	-0.270894	0.956152
-0.283752	0.453228	0.845026
0.526065	-0.328026	0.784637
0.180859	0.101085	0.9783
0.514422	0.194568	0.835173
-0.552236	0.0819313	0.829652
-0.494312	-0.133217	0.859017
-0.0848261	-0.477793	0.874367
-0.294203	0.48102	0.825872
-0.26114	-0.217153	0.940559
0.402434	0.384199	0.830926
-0.137872	0.0941705	0.985963
-0.473356	0.174172	0.86348
-0.201976	0.765945	0.610356
-0.327256	0.0933589	0.940312
0.352287	-0.54343	0.761956
-0.640697	-0.490892	0.590367
0.22907	-0.183537	0.955951
0.0474581	-0.356158	0.93322
-0.0463932	-0.648065	0.760171
0.0997475	-0.0809416	0.991715
-0.251754	0.0158404	0.967662
0.814839	-0.465877	0.344957
0.0987488	-0.365823	0.925431
-0.265875	-0.198527	0.943344
0.392217	0.515182	0.762072
0.447815	-0.490024	0.747889
0.179477	-0.376561	0.90884
-0.314551	0.64401	0.697358
-0.098242	-0.395624	0.913143
-0.140634	-0.606119	0.782842
0.0391032	-0.223702	0.973873
0.521282	-0.615213	0.591421
0.313384	0.226582	0.922199
0.633463	0.0975522	0.767599
0.0424103	0.240504	0.969721
-0.00625173	0.147635	0.989022
-0.116576	-0.551577	0.825938
-0.41816	0.283133	0.863121
0.275313	-0.377905	0.883963
0.610612	-0.00496075	0.791914
0.126136	0.124448	0.984176
0.0140723	0.584148	0.811525
0.439302	-0.104535	0.892236
-0.320431	0.313966	0.893728
0.052065	-0.418811	0.906579
0.611082	-0.165115	0.774155
-0.0416785	-0.206722	0.977512
-0.228378	0.474877	0.849903
-0.715124	-0.165215	0.679192
0.204901	0.868591	0.451183
0.0483984	0.372714	0.926683
0.592847	-0.212428	0.776793
0.339536	0.0394833	0.939764
-0.0823019	-0.238771	0.967582
0.110583	-0.178326	0.977738
0.412028	0.123026	0.902828
0.121366	0.0554255	0.991059
0.00362293	0.082171	0.996612
0.0612539	0.33231	0.941179
0.333297	0.434479	0.836744
-0.676921	0.190455	0.710989
0.119356	-0.483323	0.867267
-0.115345	-0.0173561	0.993174
-0.0112125	0.415189	0.909666
-0.79258	0.313672	0.522902
0.299943	0.00109035	0.953957
0.0166202	-0.374416	0.927112
-0.0356518	0.073148	0.996684
-0.899748	0.0954942	0.425834
-0.578944	0.297701	0.759077
-0.0263463	-0.00506958	0.99964
-0.461281	-0.717526	0.521897
0.407298	-0.229574	0.883971
-0.587074	-0.681674	0.43665
0.236857	-0.124477	0.963537
0.254736	-0.691795	0.675669
0.318974	-0.252715	0.91345
0.0613578	0.0282555	0.997716
0.195665	-0.153685	0.968554
0.298109	-0.199268	0.933501
-0.250957	-0.390558	0.885712
-0.159601	-0.102219	0.981875
0.63447	-0.267176	0.725303
-0.197249	-0.450319	0.870808
-0.362218	-0.0413495	0.931176
0.394273	0.127986	0.910038
-0.0524839	0.154333	0.986624
-0.0895849	-0.395192	0.91422
0.194458	-0.485912	0.852101
-0.304584	0.169711	0.937244
0.14273	0.450956	0.88106
-0.178894	-0.265606	0.947339
0.201632	0.830473	0.519288
0.147473	0.417734	0.896521
-0.0298207	-0.300244	0.953396
0.158465	0.12626	0.979259
-0.475063	0.186927	0.859868
-0.0587561	-0.44845	0.891875
-0.656621	-0.198231	0.727704
-0.663161	0.22086	0.715149
0.104015	-0.352427	0.930041
-0.1338	-0.674052	0.726465
0.0676589	0.193959	0.978674
0.321276	-0.0456688	0.945884
0.100676	-0.231418	0.967631
0.234347	0.230148	0.944517
0.049232	0.192753	0.980011
0.117465	0.229612	0.966168
0.868826	0.341038	0.358935
-0.425338	-0.454708	0.782514
0.0281283	0.176498	0.983899
0.454131	-0.167946	0.874962
0.209688	-0.115964	0.970867
0.117575	-0.229477	0.966187
0.150508	-0.439921	0.885335
0.368616	0.0484367	0.928319
0.199182	-0.107299	0.974071
0.0705654	0.130837	0.988889
0.122897	0.222281	0.967206
-0.279402	0.3242	0.903786
-0.463911	0.452194	0.761779
0.013101	-0.301673	0.953321
-0.701745	-0.306998	0.642889
-0.224482	-0.6269	0.746059
0.188216	0.00585684	0.98211
0.191729	-0.0425143	0.980527
0.185146	0.270744	0.944679
0.235403	-0.363843	0.901223
-0.315401	-0.238839	0.91841
-0.240008	0.406527	0.881551
-0.944191	0.182639	0.274127
0.331226	0.332911	0.88287
0.303203	0.55123	0.777311
0.137966	-0.033064	0.989885
0.0996038	-0.215631	0.971382
-0.375944	-0.242951	0.894227
0.017154	-0.513271	0.858055
-0.634723	-0.146724	0.758682
0.273818	-0.527872	0.803974
-0.18224	0.0264078	0.982899
-0.00449236	-0.274018	0.961714
-0.239703	0.00831901	0.970811
-0.0379465	-0.0209618	0.99906
-0.14193	-0.408138	0.90182
0.742003	-0.131846	0.657304
-0.331559	0.0203936	0.943214
0.366703	-0.438245	0.820652
-0.0273946	-0.0765886	0.996686
-0.209588	-0.36212	0.908263
0.370701	0.486049	0.791414
0.300945	-0.104616	0.947886
0.266563	-0.556709	0.786778
-0.271646	-0.333982	0.902588
-0.238009	-0.130584	0.962445
-0.435652	-0.706157	0.558167
0.275479	0.307566	0.910777
-0.109037	-0.187277	0.976237
0.175761	0.551191	0.815657
-0.158787	0.655458	0.738351
-0.4464	0.13191	0.885057
-0.66181	-0.336256	0.670029
-0.0682381	0.684945	0.725392
-0.454956	0.375556	0.807448
-0.543978	-0.816981	0.191389
-0.407425	-0.359165	0.839646
-0.500413	0.509405	0.700067
0.20859	0.630461	0.747669
-0.682866	0.262746	0.681659
0.62197	-0.0880151	0.778079
-0.0493936	0.675849	0.735383
0.264893	0.0153211	0.964156
0.66068	0.30659	0.685204
-0.165611	0.481564	0.860621
-0.252432	0.480481	0.839891
-0.131921	0.608413	0.78258
0.0977783	-0.336085	0.936742
-0.164937	0.0495899	0.985057
0.210468	0.599704	0.772048
0.408807	0.254845	0.876316
0.326959	-0.170494	0.929532
-0.148919	-0.182601	0.971844
0.0564129	-0.451208	0.890634
-0.332907	0.226888	0.915256
-0.00576896	-0.489002	0.872263
-0.157512	0.915576	0.370013
0.695955	-0.0338767	0.717285
-0.391986	-0.0653456	0.917648
0.110565	-0.47316	0.874011
-0.656818	0.435184	0.615796
-0.455291	-0.162911	0.875311
-0.378761	-0.552785	0.742273
-0.348688	-0.457743	0.817856
0.0281134	-0.135405	0.990391
0.708688	0.628068	0.321389
0.425919	-0.140008	0.893863
-0.137282	-0.475074	0.869171
-0.169245	0.111462	0.979251
0.135953	0.855329	0.499929
-0.174662	-0.612298	0.771093
-0.397205	0.1931	0.897185
0.342637	0.152147	0.927066
-0.507246	-0.281919	0.814385
0.402861	-0.334299	0.852025
-0.446337	0.256907	0.857194
0.160954	0.036896	0.986272
-0.446305	-0.717871	0.534297
0.354155	0.312065	0.881584
0.047678	-0.0517941	0.997519
-0.698863	-0.327066	0.636096
0.304	0.200248	0.931389
-0.0376991	-0.326849	0.944324
-0.195803	-0.13539	0.971252
-0.745695	-0.170326	0.644149
0.0699734	0.59923	0.797513
-0.614846	0.00897158	0.788596
-0.340528	-0.335932	0.878175
-0.545391	0.121285	0.82936
0.518866	0.101313	0.848831
-0.611059	0.551928	0.567435
-0.629146	0.0576208	0.775149
0.0272677	0.146379	0.988853
0.0777241	0.109473	0.990946
-0.35627	-0.836993	0.415349
0.569466	-0.0362219	0.821217
-0.458399	-0.0913441	0.88404
-0.586654	0.0670216	0.80706
0.307808	0.148284	0.939822
-0.679183	0.382861	0.626202
-0.45396	0.1071	0.884562
-0.458793	0.137166	0.877892
0.66697	-0.304876	0.679854
-0.260594	0.473316	0.841464
0.492612	0.426135	0.758777
0.211775	0.470395	0.856668
0.5749	0.396393	0.715795
0.163474	-0.472361	0.866113
0.313038	0.644689	0.697411
-0.127894	-0.230881	0.96454
-0.181338	0.158207	0.970612
-0.513714	0.403335	0.757244
-0.156061	0.139678	0.977822
0.238162	0.720395	0.65139
-0.0494207	-0.433767	0.899669
0.731364	0.331643	0.595919
0.112224	-0.517608	0.848226
-0.362815	-0.19753	0.910685
-0.317132	0.457741	0.830602
-0.253056	0.172942	0.951869
0.256109	0.444974	0.858141
0.109918	0.432745	0.89479
-0.338621	0.790763	0.509931
-0.353737	-0.207524	0.912033
0.0428842	0.484263	0.873871
0.649001	0.555327	0.520009
-0.525308	-0.0201784	0.850673
0.493377	0.344073	0.79887
-0.322946	-0.471132	0.820817
-0.180475	-0.616452	0.76643
-0.0411385	0.11617	0.992377
0.223301	0.661306	0.716109
0.429987	0.243851	0.86928
-0.279028	0.0487438	0.959045
0.635141	0.481918	0.603615
0.306217	-0.00447754	0.951951
0.134112	-0.245864	0.959982
-0.0665089	0.43259	0.899134
-0.154949	-0.138498	0.978166
-0.414028	0.677004	0.608479
0.671642	-0.330189	0.663229
0.285758	0.230882	0.930073
-0.0931328	0.0302356	0.995195
0.271703	-0.344057	0.898778
-0.339989	-0.0537296	0.938893
-0.388268	-0.622057	0.679922
-0.590645	-0.359657	0.722347
-0.214814	-0.399725	0.891109
-0.627334	-0.0665329	0.775903
0.045761	-0.321764	0.945713
-0.0806844	0.0199854	0.996539
-0.261328	0.328186	0.907745
-0.081217	-0.354458	0.931538
-0.300211	0.124647	0.945694
0.187892	0.773569	0.605217
-0.0339711	-0.144286	0.988953
0.344775	-0.778331	0.52472
-0.269627	-0.0207334	0.962742
-0.666148	-0.269392	0.695468
-0.337676	-0.186488	0.922603
-0.249036	-0.412675	0.876174
-0.614811	-0.166072	0.770991
0.465866	-0.344106	0.815205
0.286791	0.0946473	0.953306
0.0590398	0.0568127	0.996638
0.486907	0.656572	0.576051
-0.774967	-0.00237709	0.631997
0.143239	-0.884121	0.444762
-0.0708713	0.462974	0.883534
-0.329511	0.757588	0.563456
0.827963	0.349666	0.438419
-0.0997982	0.921821	0.374548
0.425692	0.217704	0.878289
-0.0870491	0.816255	0.571095
0.310018	-0.656744	0.687442
-0.806708	0.159846	0.568921
-0.0468961	0.312442	0.948779
-0.311686	0.202471	0.928363
0.463657	0.510593	0.724097
0.310872	-0.289324	0.905345
0.303386	0.0426946	0.951911
-0.382005	-0.558463	0.736337
-0.237339	-0.366122	0.899791
0.0766507	-0.0896821	0.993017
0.179696	-0.340564	0.92289
-0.473293	-0.652555	0.591748
0.0370767	-0.369337	0.928556
-0.294732	0.299817	0.907327
0.281472	-0.191395	0.940288
-0.705477	-0.348998	0.616849
0.36128	0.344294	0.866567
0.3679	0.480204	0.796275
0.0442817	0.407137	0.912293
-0.0268761	0.0152283	0.999523
-0.752417	-0.22714	0.618284
-0.218122	0.164295	0.961993
-0.228734	0.584149	0.778749
-0.595864	-0.362041	0.716849
-0.187769	0.0696468	0.979741
-0.180432	0.231253	0.956016
0.139718	-0.00757631	0.990162
0.221704	0.0425976	0.974183
-0.0920982	0.563294	0.821108
0.185445	0.198252	0.962448
-0.0753519	0.113293	0.9907
-0.384476	-0.54616	0.744236
0.0338063	0.514033	0.857104
-0.098994	0.755226	0.647945
-0.24828	-0.0359289	0.968022
0.518459	-0.00965899	0.855048
0.0713491	0.00336134	0.997446
-0.507353	0.118401	0.853566
-0.34025	0.15038	0.928232
-0.48541	-0.240368	0.840595
0.0094761	-0.417843	0.90847
0.156783	0.336887	0.9284
0.665233	0.290251	0.687909
-0.257954	-0.166318	0.951734
0.264473	-0.382331	0.885368
0.44025	0.23831	0.865672
0.0146861	0.663852	0.74772
-0.385112	-0.0713072	0.920111
0.402784	0.734952	0.545537
-0.284164	-0.0130828	0.958686
-0.591269	0.443395	0.673649
-0.251057	0.15772	0.955036
0.389137	0.149893	0.908903
0.176573	0.725469	0.66522
-0.104178	0.16273	0.981155
0.493735	0.303212	0.815039
0.224169	0.460866	0.858691
0.0013476	0.166937	0.985967
0.489045	0.310089	0.815279
-0.178224	0.56091	0.808465
-0.547193	0.62097	0.561228
0.372858	0.581633	0.722966
-0.176882	0.744979	0.64321
0.169984	-0.416271	0.89321
-0.528259	-0.248972	0.81176
0.207429	-0.486845	0.848502
0.224482	0.414909	0.881736
-0.252409	0.0842071	0.96395
-0.287025	-0.402469	0.869273
-0.684597	-0.139515	0.715446
0.203029	-0.405893	0.891084
0.164208	-0.190748	0.967807
0.0488126	0.749141	0.66061
-0.0563006	-0.395631	0.916682
-0.476948	-0.534585	0.697668
-0.192506	0.417594	0.888007
0.0643689	0.0496038	0.996693
-0.286032	-0.768699	0.572091
-0.310553	0.0413332	0.949657
-0.314333	0.832129	0.456899
0.134453	-0.632895	0.762474
0.199416	0.511992	0.835523
-0.481	0.346343	0.80541
-0.891275	-0.201993	0.405989
0.407974	0.201801	0.890412
-0.254516	-0.186007	0.949012
-0.592124	0.604248	0.533173
-0.542477	0.256867	0.799836
0.435063	-0.211832	0.875127
-0.55944	0.307284	0.769808
-0.131118	-0.506579	0.852165
-0.798185	-0.157523	0.581453
0.100556	0.226502	0.968806
-0.0517846	-0.0886487	0.994716
-0.128354	-0.20316	0.970696
-0.16292	0.414883	0.89517
-0.342957	0.282639	0.895821
0.0902865	0.565545	0.81976
-0.465849	0.0449449	0.883722
-0.460936	-0.342626	0.818624
-0.325531	-0.279153	0.903384
-0.177033	-0.297011	0.93832
0.0266181	-0.544682	0.83822
0.192353	0.13527	0.971958
-0.577627	-0.054062	0.814509
0.0556707	-0.309473	0.949277
-0.396602	0.0713702	0.915212
0.532429	-0.242993	0.810848
0.151278	-0.345934	0.925983
-0.343136	-0.283363	0.895524
0.116805	-0.100896	0.988016
0.344415	0.558979	0.754269
0.638494	-0.296331	0.710291
-0.0241069	-0.221178	0.974936
0.39728	0.193748	0.897012
0.438181	-0.428653	0.790097
-0.0157697	-0.291096	0.956564
-0.550008	0.102117	0.828893
-0.533451	0.549662	0.642886
-0.335516	0.313941	0.888183
-0.0887875	-0.112957	0.989625
-0.221234	0.279658	0.934263
0.0160063	0.111419	0.993645
0.0199311	-0.629178	0.777005
-0.0557441	0.106866	0.99271
-0.486576	0.55343	0.675988
-0.702659	-0.159131	0.693504
-0.101683	0.602428	0.79167
0.217402	0.236	0.947122
-0.757785	-0.204838	0.619518
-0.163594	-0.0747247	0.983694
0.165114	0.00930492	0.986231
0.320185	-0.453142	0.831952
-0.513383	0.112032	0.850815
0.30283	-0.181281	0.935645
-0.178865	0.143693	0.973324
-0.489173	-0.343379	0.801748
0.759166	0.179715	0.625595
0.0803966	-0.0514212	0.995436
0.246583	-0.386359	0.888777
0.449655	0.0301425	0.892694
-0.0291783	0.0385765	0.99883
0.673537	0.0935018	0.733215
-0.0495832	-0.383156	0.922352
-0.214629	0.169724	0.961836
-0.412472	-0.680419	0.60572
-0.438817	0.0993937	0.893062
-0.324392	0.258359	0.909956
-0.0697745	-0.0970809	0.992828
-0.0504632	0.0676382	0.996433
0.445055	0.0404673	0.894588
-0.169566	-0.0695128	0.983064
-0.437441	-0.796572	0.417275
0.282245	-0.296621	0.912334
0.711145	-0.252094	0.656294
0.152141	-0.672516	0.724276
0.247853	-0.461122	0.852018
-0.628145	0.667186	0.400371
-0.300947	-0.446351	0.842735
0.100335	0.399504	0.911224
0.422618	0.0358232	0.9056
-0.289796	0.428285	0.855915
-0.143844	0.131474	0.980828
0.23052	-0.0710125	0.970473
0.289363	-0.37551	0.880489
0.0173426	-0.327309	0.944758
-0.159803	0.327814	0.931129
0.0893908	0.107236	0.990207
-0.298483	-0.713928	0.633414
0.199893	0.0437948	0.978838
-0.316146	-0.387659	0.865894
0.229977	0.101871	0.96785
0.632177	-0.51961	0.574767
-0.092753	0.485706	0.869187
0.431133	-0.209262	0.877686
-0.309154	-0.634235	0.708639
-0.362432	0.088909	0.92776
-0.422127	0.521259	0.741686
-0.374624	-0.681624	0.628526
-0.00319678	-0.00120963	0.999994
0.402167	0.701954	0.587811
0.465261	-0.330895	0.821
0.557561	-0.132911	0.819427
0.161578	-0.0235861	0.986578
-0.0428903	-0.201274	0.978595
0.0867262	-0.548477	0.831656
0.0365193	0.0631795	0.997334
-0.226419	0.371188	0.90053
-0.576012	-0.509415	0.639302
-0.900391	-0.0992092	0.42362
0.113001	0.457664	0.881915
-0.115714	0.0348135	0.992672
-0.324333	-0.373951	0.86889
0.0788076	0.0294348	0.996455
-0.254511	-0.138789	0.957059
0.184852	0.0992273	0.977744
0.355987	-0.577652	0.734568
-0.0356086	-0.433283	0.900554
0.184047	0.249801	0.950645
0.13335	-0.547182	0.826323
0.0943299	-0.017392	0.995389
-0.220389	0.399799	0.889713
0.360439	0.242838	0.900618
0.358073	0.141365	0.92293
0.404794	0.440582	0.801267
-0.428152	-0.233168	0.873109
-0.282034	0.573299	0.769276
-0.920539	0.162563	0.35522
0.108939	-0.905157	0.410881
0.572235	0.43372	0.696013
-0.00990578	-0.826368	0.563044
0.0314134	0.241542	0.969882
0.721603	0.282044	0.63225
-0.437206	-0.624831	0.646867
-0.810339	-0.576846	0.102954
0.078311	-0.0301672	0.996472
0.328112	-0.0331796	0.944056
0.29039	-0.555977	0.778822
0.000974975	0.387501	0.921869
-0.451334	-0.0932181	0.887473
-0.400168	0.501876	0.766802
0.387984	-0.223145	0.894245
-0.0466094	0.715788	0.69676
-0.199223	-0.408532	0.890737
-0.257812	-0.255855	0.931703
-0.0758662	0.268877	0.960182
-0.0217406	-0.314563	0.948987
0.506006	-0.0504482	0.861053
-0.182408	-0.124011	0.975371
-0.0848076	0.160318	0.983415
0.858436	-0.40885	0.309725
-0.0969048	-0.651207	0.752687
-0.656321	-0.213229	0.723724
-0.44365	-0.58615	0.677941
-0.124502	-0.504821	0.854198
0.475826	-0.256482	0.841312
-0.0098112	0.223721	0.974604
0.0971263	0.350305	0.931586
-0.106169	-0.264389	0.958554
-0.589396	0.185748	0.7862
-0.317413	-0.597121	0.736679
0.186262	-0.349498	0.918236
-0.164889	0.556011	0.814655
-0.448415	0.322534	0.833604
0.408447	0.33432	0.849354
0.687481	-0.20704	0.696064
0.00534626	0.449272	0.893379
-0.295164	-0.217057	0.930465
0.0228035	-0.637613	0.770019
0.538974	0.311231	0.782715
0.50707	0.123291	0.853041
-0.303899	-0.161721	0.938878
0.2652	0.172403	0.948655
0.146408	0.332634	0.931622
0.160738	-0.203711	0.965746
-0.0952093	0.512942	0.853127
-0.47997	0.125233	0.8683
-0.554346	-0.502911	0.66316
-0.59176	0.035593	0.805328
0.662523	-0.280067	0.694713
-0.243246	0.84782	0.471203
-0.0207755	-0.118782	0.992703
-0.244777	-0.253538	0.935843
0.223556	0.175386	0.958782
-0.25142	-0.0803203	0.96454
-0.582803	-0.137678	0.800865
0.34438	0.392493	0.852849
-0.213382	0.47561	0.853384
0.745593	0.0400135	0.665199
-0.107271	-0.468241	0.877065
0.207995	0.660624	0.721327
0.362276	-0.33122	0.871235
-0.116505	-0.24221	0.963204
-0.200776	0.503522	0.84033
0.147204	-0.0548842	0.987582
-0.235675	0.828887	0.50735
-0.0542068	0.141069	0.988515
0.0889321	-0.316414	0.944444
0.571804	0.588068	0.572028
-0.186691	0.271104	0.944272
0.206013	-0.883997	0.419651
-0.386361	0.412593	0.824919
-0.132174	-0.382872	0.914297
-0.13826	0.202196	0.969536
-0.136584	-0.484715	0.863942
-0.0410238	0.177326	0.983297
-0.5354	0.116186	0.836569
-0.736709	0.54344	0.402409
0.158221	0.580447	0.798778
0.69619	-0.430242	0.574641
-0.530569	-0.658443	0.533807
-0.0456344	-0.181263	0.982375
-0.365206	-0.424458	0.828529
0.5408	0.0554405	0.839322
0.183195	-0.472326	0.862176
-0.212136	0.368401	0.90514
0.0318931	-0.460619	0.887025
0.670782	0.0132673	0.741536
0.751905	-0.307931	0.582938
0.0653551	-0.0424561	0.996958
-0.0525543	-0.425199	0.903573
-0.00558952	0.17119	0.985222
0.19359	0.128157	0.972676
0.08507	-0.116561	0.989534
0.861736	-0.295038	0.41275
-0.02967	0.57289	0.819095
-0.175997	0.00363883	0.984384
-0.377616	-0.470174	0.797711
-0.117001	-0.059954	0.99132
-0.710849	0.03883	0.702272
-0.0710098	0.171925	0.982547
-0.213987	0.412361	0.885532
-0.694713	0.24647	0.675741
0.648731	0.565237	0.509564
-0.478289	-0.666948	0.571332
0.767854	0.18619	0.612971
-0.914133	-0.278963	0.294178
0.342248	0.00187121	0.939608
-0.438976	0.530153	0.725423
-0.0108393	-0.295315	0.955338
0.0393245	-0.41149	0.910566
0.705897	0.127028	0.696831
-0.0900622	-0.358634	0.929123
-0.215515	-0.425256	0.879039
-0.167269	0.291428	0.941855
0.0751044	0.74474	0.663115
0.143347	0.148694	0.978438
-0.407359	0.380365	0.83029
0.406546	-0.105874	0.907475
-0.144164	-0.146687	0.978621
-0.420805	-0.508878	0.750977
0.0460232	0.659935	0.749912
0.235814	0.043418	0.970828
0.117301	-0.361725	0.924876
0.355219	-0.481149	0.801446
-0.525374	0.000246447	0.850871
-0.236293	-0.0778078	0.968562
-0.222218	-0.82199	0.524359
0.170468	0.554953	0.814229
0.272478	0.15689	0.949284
0.501554	-0.545623	0.671371
0.145318	0.27269	0.951064
0.421796	-0.450896	0.786626
-0.22264	0.0872514	0.970988
0.115468	-0.365193	0.923743
-0.0281406	-0.0379455	0.998884
0.812806	-0.310899	0.492634
0.45521	-0.0253036	0.890025
0.553683	-0.66033	0.507346
0.100347	0.913364	0.394583
-0.476231	-0.178775	0.860955
0.178598	-0.663602	0.726454
0.171832	0.453944	0.874305
0.547826	-0.304778	0.7791
-0.0406255	0.617877	0.785224
-0.114481	-0.761922	0.637471
-0.535322	0.148665	0.831462
-0.190977	0.509288	0.839139
0.0529459	-0.55556	0.829789
-0.296799	-0.0903997	0.950651
0.418544	0.0503838	0.906798
0.74555	0.0912943	0.660167
0.463176	-0.257025	0.848178
0.437571	-0.706818	0.555823
-0.241035	-0.244908	0.939107
0.476845	0.00326902	0.878981
0.492452	-0.00433058	0.870329
-0.17584	0.16875	0.969847
0.0476717	-0.239654	0.969687
-0.322597	-0.106527	0.940523
-0.0542785	-0.227361	0.972297
-0.0239802	0.221501	0.974865
0.874694	0.0687919	0.479768
0.35857	0.294373	0.885873
-0.269715	-0.413027	0.869863
-0.188542	0.117854	0.974968
-0.0166923	0.508964	0.860626
0.489002	-0.585999	0.646128
-0.681017	-0.281968	0.675803
0.729527	-0.0512992	0.682025
0.74865	0.465204	0.472344
0.271607	0.17757	0.945885
0.246854	-0.136491	0.959392
-0.130272	0.152871	0.979622
-0.363785	-0.37731	0.851644
0.844023	0.299079	0.445171
-0.0392458	0.487112	0.872457
0.603132	0.429463	0.672155
0.148387	-0.0786591	0.985796
0.145845	0.0638604	0.987244
-0.467757	0.546927	0.694316
0.0302404	0.882542	0.46926
0.349228	-0.799487	0.488734
0.748414	-0.421542	0.512034
-0.0908471	0.50966	0.855566
0.369035	0.138438	0.919047
0.356735	-0.091719	0.929692
-0.6843	0.0726846	0.725569
0.750308	0.0367615	0.660066
-0.0255379	-0.170637	0.985003
0.593977	-0.0855911	0.799916
0.507158	0.680447	0.528945
-0.125657	-0.221729	0.966978
0.168716	0.092244	0.981339
0.302638	0.761226	0.573538
-0.530547	0.497467	0.686328
0.481166	-0.853778	0.198854
-0.478887	-0.0860714	0.873647
0.210592	0.0255025	0.977241
0.687279	0.394089	0.610197
-0.169238	0.566745	0.806324
-0.474696	0.32567	0.817681
-0.243356	0.691787	0.679859
0.62398	-0.105255	0.774319
-0.483994	0.196109	0.852814
-0.206174	-0.203026	0.957221
0.28774	-0.254318	0.923324
0.210073	-0.672882	0.709295
0.0365577	0.754007	0.655848
0.312343	-0.271105	0.910463
-0.159112	0.166245	0.973163
-0.465236	-0.634679	0.617039
0.31316	0.180939	0.932305
0.767134	0.251069	0.590313
-0.334815	-0.723638	0.603529
-0.509049	0.557704	0.655618
-0.44766	-0.344889	0.825017
0.471144	-0.179889	0.863518
-0.065621	-0.78618	0.614504
0.110233	-0.361658	0.925771
0.633049	-0.478002	0.608904
0.683297	-0.557329	0.471688
0.206855	-0.0661394	0.976133
0.227468	0.355837	0.906443
0.569949	0.482213	0.665303
0.355032	-0.253138	0.89993
-0.286203	-0.781076	0.554985
0.537434	-0.152384	0.829424
-0.728648	-0.623672	0.283029
0.340919	-0.133904	0.930507
-0.529889	-0.169722	0.83091
0.0498888	-0.374981	0.925689
-0.388284	-0.0693452	0.918927
0.119545	0.210629	0.970229
0.0957245	0.833717	0.543832
-0.568512	-0.300015	0.766019
0.209022	0.337224	0.917927
-0.152912	0.416182	0.896332
0.244668	-0.318452	0.91582
-0.0906787	-0.6393	0.763592
0.639781	-0.0983593	0.762237
0.453147	-0.0420129	0.890445
0.15259	0.342194	0.927157
0.405116	0.0912235	0.909703
0.354325	0.000177936	0.935122
-0.487515	-0.00808814	0.873077
0.318542	-0.000202474	0.947909
0.228042	0.209613	0.95082
0.25377	0.147839	0.9559
-0.786167	0.145586	0.600622
0.00889315	0.5204	0.853876
-0.312167	0.345273	0.885064
-0.639399	0.219441	0.736895
-0.0834299	-0.11378	0.989997
-0.231085	-0.509711	0.828731
0.0298731	0.433613	0.900604
-0.00982339	-0.395433	0.918442
0.0133743	0.232184	0.97258
-0.524306	0.0609652	0.849345
-0.0539336	0.871002	0.488309
0.395376	0.437643	0.807555
0.690579	-0.312172	0.652419
0.676884	0.363309	0.640183
0.258683	0.325916	0.909319
0.0581068	0.153953	0.986368
0.646732	0.169797	0.743577
0.167973	-0.349002	0.921945
0.168736	0.320724	0.932022
0.0982036	-0.784579	0.612203
-0.494169	0.474156	0.728679
0.583949	0.569119	0.578884
-0.266791	0.148412	0.952259
0.139765	0.81486	0.562555
0.0118535	0.0585805	0.998212
0.364222	-0.199965	0.909591
0.127902	0.210165	0.969264
0.454007	0.266635	0.850167
0.625232	-0.290712	0.724273
-0.139351	0.162834	0.976763
0.335593	0.550153	0.764662
0.741758	0.646172	0.179602
-0.136693	-0.0242196	0.990317
0.636472	0.0962193	0.765274
-0.598625	-0.282781	0.749455
0.446273	0.834246	0.323842
0.273635	-0.317729	0.907839
-0.0726358	-0.437739	0.896163
0.0811944	0.634904	0.768313
-0.576983	0.0191185	0.816532
0.493944	0.485031	0.72164
-0.607644	0.00375832	0.794201
-0.761306	0.389446	0.518406
0.491837	0.8374	0.238448
0.19866	-0.0332152	0.979505
0.433464	-0.178985	0.883218
0.388946	0.302103	0.870319
0.563299	-0.036332	0.825454
0.362353	-0.692166	0.624185
0.15519	0.398042	0.904145
-0.395692	-0.115189	0.911131
0.000541243	-0.337242	0.941418
-0.122944	-0.389918	0.912605
0.386742	-0.486503	0.783419
0.112778	0.431374	0.895096
-0.342137	-0.102684	0.934022
-0.594101	0.243737	0.766575
0.652257	-0.429069	0.624869
0.494777	-0.20877	0.84357
-0.301863	0.257925	0.917798
-0.292083	0.0444809	0.955358
-0.335722	0.270292	0.902349
0.0680871	0.937456	0.34138
-0.350132	0.0289196	0.936254
-0.567446	0.189347	0.801344
-0.437614	-0.39788	0.806341
-0.396516	-0.870816	0.290611
0.152335	0.0651796	0.986177
0.273933	0.172324	0.946185
0.126733	0.155123	0.979732
0.0255019	0.311714	0.949834
-0.494366	0.0141903	0.869138
-0.136986	0.292004	0.946556
0.508557	-0.82516	0.245926
0.43518	0.183799	0.881383
0.382386	0.727288	0.569941
-0.423422	0.168295	0.890163
0.821771	0.343873	0.454361
0.0399245	0.237955	0.970455
-0.271583	0.303342	0.91336
0.708242	-0.186132	0.68099
-0.127647	0.269865	0.9544
-0.0556127	-0.222313	0.973388
0.173375	-0.580805	0.795366
0.0697527	-0.145066	0.98696
0.462605	0.421394	0.780016
0.400611	0.62072	0.673957
-0.494725	-0.0454763	0.867859
0.326358	-0.219509	0.919406
0.604615	0.240151	0.759452
-0.304066	0.144569	0.941618
-0.224633	-0.675808	0.702014
-0.492674	-0.407298	0.769013
0.0251827	-0.0334549	0.999123
0.139277	0.295585	0.945109
0.183052	0.290688	0.939145
0.178783	0.0901691	0.979748
-0.406145	-0.525658	0.747482
-0.252536	-0.22943	0.939993
-0.192771	-0.557094	0.807766
-0.103928	-0.132268	0.98575
-0.440161	0.244227	0.864067
-0.296608	-0.480218	0.825478
-0.592936	0.183337	0.784101
0.491614	0.374809	0.786024
0.540995	-0.139204	0.829425
-0.199187	-0.460131	0.865219
0.736588	0.131845	0.663366
-0.289942	-0.00680373	0.95702
0.0749128	-0.84849	0.523883
0.359056	0.0987442	0.928078
0.0608876	0.151865	0.986524
0.131738	-0.259785	0.956638
0.0193994	-0.495948	0.868136
0.00081345	0.731755	0.681567
-0.278765	0.775146	0.566956
-0.329854	-0.0997548	0.938747
-0.296963	-0.0139372	0.954787
-0.623395	-0.0738174	0.778415
-0.0344393	-0.258327	0.965443
-0.0724213	0.413622	0.907564
0.216013	0.257896	0.941715
-0.758668	-0.20548	0.618224
-0.667667	-0.540749	0.511675
-0.149697	-0.0239085	0.988443
0.0552449	-0.672635	0.73791
0.310232	-0.327574	0.892441
-0.552627	0.286793	0.78253
-0.329295	-0.0832558	0.940549
-0.312679	0.654053	0.688801
0.354452	0.40647	0.842108
0.466685	0.0916031	0.879667
-0.513003	-0.050852	0.856879
-0.519295	-0.379889	0.765518
0.169846	0.728712	0.663424
0.740946	0.378743	0.554575
0.0282677	0.700653	0.712942
-0.0917434	0.61739	0.781289
0.137181	0.202522	0.969622
-0.337106	0.203126	0.919293
0.14117	-0.206614	0.968185
0.22935	-0.230252	0.945718
-0.384222	0.432499	0.81567
-0.0518369	0.403554	0.913486
0.427773	0.268283	0.863154
0.378667	-0.548821	0.745256
0.0379576	0.000569973	0.999279
0.256672	0.251349	0.933243
-0.0173915	0.488395	0.87245
-0.430826	0.430533	0.793115
0.661767	0.147161	0.735124
0.0694375	-0.0047787	0.997575
-0.137698	-0.290386	0.94695
-0.104575	0.10363	0.989103
0.00247956	-0.299477	0.9541
-0.597704	-0.0721358	0.798465
-0.395596	-0.416388	0.818612
0.215379	-0.550808	0.806364
0.329173	0.043154	0.943283
0.306033	-0.814768	0.492439
0.076843	0.0259976	0.996704
0.0909466	-0.466927	0.879607
-0.00577773	-0.14857	0.988885
-0.358393	-0.262055	0.896036
-0.143659	0.542715	0.82754
-0.0413496	0.129382	0.990732
-0.271072	-0.199569	0.941643
-0.320353	0.547005	0.773408
-0.283902	-0.27052	0.919901
0.0626609	-0.391141	0.918195
-0.0486248	0.106329	0.993141
0.152767	-0.155053	0.976023
-0.021725	0.73158	0.68141
-0.626262	-0.173931	0.759964
-0.568841	-0.0136433	0.822335
0.389343	-0.371311	0.842935
0.414755	0.262685	0.871191
0.617281	0.740449	0.265895
0.417181	-0.263353	0.86983
-0.148599	0.282197	0.947778
0.0566911	0.392163	0.918147
-0.472445	-0.609118	0.637001
0.479682	-0.0907432	0.872738
0.632743	0.0744635	0.770773
-0.408465	0.0290124	0.912313
0.552135	0.60231	0.576515
0.383511	0.499048	0.777091
-0.133714	-0.215616	0.96728
0.174578	0.661486	0.729355
-0.283296	0.37758	0.881576
-0.261956	0.00055701	0.96508
-0.674089	-0.179451	0.71652
-0.0303561	0.409713	0.911709
-0.112276	0.43056	0.895551
0.362617	0.56812	0.738748
0.0812472	-0.0465671	0.995606
0.135815	-0.161248	0.977524
-0.0582685	-0.356213	0.932586
0.580177	-0.182754	0.793723
-0.321874	-0.223143	0.920111
-0.0528882	0.542978	0.83808
-0.0990961	0.681763	0.72483
-0.0394393	-0.283248	0.958235
-0.181272	0.217052	0.959181
-0.409046	0.161344	0.898136
0.338676	-0.146201	0.929475
0.39966	-0.21596	0.890861
0.38083	0.0663799	0.922259
0.0854376	0.545716	0.833603
0.265429	-0.083979	0.960466
-0.112058	0.596494	0.794756
-0.118373	0.876813	0.466033
0.0493502	0.329913	0.94272
-0.0803252	-0.996768	0.00130518
0.530916	-0.0858515	0.843064
-0.110833	0.214392	0.970439
0.483161	0.443741	0.754751
0.560645	-0.34937	0.750744
-0.333861	-0.0898026	0.938335
0.155832	0.22867	0.960951
-0.486341	0.172425	0.856588
-0.501879	-0.359236	0.786808
0.484307	0.104893	0.868587
-0.212388	-0.244824	0.946019
-0.0141339	-0.276805	0.960822
-0.517502	0.473482	0.712746
-0.0113416	0.381034	0.924491
-0.429301	-0.0944653	0.898208
0.016906	-0.217842	0.975838
-0.213846	-0.616672	0.757619
-0.422532	-0.0728971	0.903412
0.228612	0.443221	0.866771
0.0807949	-0.32281	0.943009
-0.284005	-0.169625	0.9437
-0.228358	0.405429	0.885144
0.418768	0.311073	0.853151
-0.361855	0.776629	0.515664
-0.265295	-0.591618	0.76132
0.240462	-0.097622	0.965737
-0.12956	0.428553	0.894179
0.341493	-0.683774	0.644853
0.569762	0.209074	0.79477
-0.24086	0.965861	-0.095386
-0.072461	0.0504177	0.996096
-0.798097	0.13152	0.587999
-0.379352	0.052718	0.923749
0.112045	0.0702904	0.991214
0.343005	-0.228547	0.911106
0.214642	0.214652	0.952814
0.450824	0.408263	0.793775
0.35944	-0.102401	0.927533
0.476609	0.211122	0.853388
0.367946	0.929571	-0.0226451
-0.319109	-0.190506	0.928373
0.566337	0.229336	0.791623
-0.471415	0.174399	0.864495
0.0149107	0.103157	0.994553
0.203209	-0.181841	0.962102
-0.534824	0.297085	0.791015
-0.331033	-0.344519	0.878478
0.0242705	-0.607857	0.793675
-0.803978	-0.263147	0.533266
-0.296098	0.601929	0.741625
-0.473847	0.128461	0.871187
-0.146785	-0.132698	0.980227
0.205621	0.310297	0.928136
-0.561124	-0.364616	0.743099
0.0181459	-0.197585	0.980118
0.166382	0.234939	0.957664
-0.149386	0.255304	0.955251
-0.288666	0.414866	0.862878
-0.701932	0.208086	0.68117
0.285592	0.0591351	0.956525
-0.0248132	0.0213234	0.999465
0.147738	-0.189309	0.97074
-0.560461	-0.439647	0.701851
-0.0838757	-0.141845	0.986329
0.517082	-0.354637	0.779011
-0.107397	0.532736	0.839439
-0.355037	0.184828	0.916399
-0.206324	0.276124	0.938715
-0.0482503	0.0573886	0.997185
-0.049298	-0.301323	0.952247
0.105184	0.482056	0.869804
0.0986526	0.137489	0.985578
-0.23398	-0.478713	0.846219
0.127437	-0.0197561	0.99165
0.203012	0.109819	0.972998
-0.0758756	-0.21988	0.972572
0.262388	-0.081348	0.961527
0.160968	0.318166	0.93427
-0.00176312	0.665725	0.746195
-0.357179	-0.311309	0.88063
0.501949	-0.1418	0.853194
0.267995	0.340705	0.901165
0.0387849	0.521012	0.852668
-0.494218	0.322842	0.807169
-0.0810644	0.261797	0.961713
0.0437961	0.421377	0.905827
0.28507	0.00793265	0.958474
0.81355	-0.375868	0.443689
-0.399818	-0.430152	0.809392
-0.089939	-0.37823	0.921332
-0.3007	-0.352004	0.886382
-0.625313	0.0836691	0.775875
0.146818	-0.492639	0.857759
-0.556318	-0.240071	0.795535
-0.0454283	0.170086	0.984382
0.0655508	-0.292124	0.954131
0.0893506	-0.178996	0.979784
0.560585	0.392597	0.729117
-0.0617253	-0.196382	0.978583
0.34698	0.100713	0.932449
-0.345684	-0.578312	0.738958
-0.0796682	-0.874857	0.477786
0.245664	0.0605414	0.967463
0.224297	-0.0692974	0.972054
-0.161792	0.112102	0.980437
-0.0749679	0.364586	0.928147
0.215394	0.0570474	0.974859
-0.423798	0.0172315	0.905593
-0.0242122	-0.318355	0.947662
0.0271119	-0.41637	0.908791
-0.509504	-0.237933	0.826918
-0.256108	0.691282	0.675676
0.153357	-0.218407	0.963732
0.00451552	-0.210202	0.977648
0.0100244	0.803542	0.595164
-0.415752	-0.393818	0.819791
-0.386649	-0.102274	0.916538
0.13474	-0.0780972	0.987798
0.00723813	0.211794	0.977288
-0.473691	0.197329	0.8583
-0.187088	-0.136725	0.972782
-0.0729281	-0.341254	0.937138
0.478647	-0.227633	0.847986
0.422577	-0.464738	0.778105
0.749284	-0.359308	0.556301
0.294456	0.385531	0.874449
0.676463	-0.0673034	0.733395
-0.760187	-0.219804	0.611393
0.398841	-0.00751712	0.916989
-0.0278055	-0.817675	0.575008
-0.0462265	-0.351251	0.93514
-0.0708482	-0.0169595	0.997343
-0.458983	0.656347	0.598785
-0.23696	-0.374443	0.896461
0.663473	-0.133824	0.736135
-0.0177619	0.0577756	0.998172
0.21088	-0.344768	0.914694
0.479991	0.336935	0.80999
-0.111089	0.0327115	0.993272
0.807475	0.467898	0.359244
0.349294	0.324602	0.878992
-0.0263452	0.134002	0.990631
-0.413025	0.805734	0.424503
-0.0600353	-0.257464	0.964421
0.730665	0.106851	0.674323
-0.882594	-0.462967	0.0817874
0.449022	-0.331807	0.829629
-0.222678	0.305975	0.925632
0.191086	0.327037	0.925491
0.433212	0.315192	0.844382
0.0616427	-0.534319	0.843032
-0.360522	-0.475848	0.802242
0.0970169	-0.670261	0.735757
0.380292	-0.390385	0.838438
0.488094	-0.0952536	0.867578
0.709826	-0.261269	0.65413
0.276509	-0.410567	0.868894
-0.15242	-0.323002	0.934044
0.474	-0.205425	0.856227
0.133663	-0.253071	0.95817
-0.317593	0.302194	0.898784
0.248562	-0.452179	0.856593
-0.0207532	-0.447827	0.893879
0.0531023	-0.497874	0.865622
-0.179644	-0.413574	0.892572
0.470465	-0.189336	0.861867
-0.140194	0.235063	0.961816
-0.532624	-0.426469	0.731051
0.394002	0.781754	0.483345
-0.280259	-0.75222	0.596338
0.634405	-0.543809	0.549365
-0.142726	0.538922	0.830176
-0.439008	-0.413307	0.797778
-0.692156	0.101131	0.714628
-0.0328852	0.251073	0.967409
0.285725	0.252164	0.92454
0.0687952	0.566555	0.821147
-0.330802	-0.316904	0.888899
0.307557	0.874776	0.3744
0.465911	-0.844366	0.264523
0.0075443	-0.219884	0.975497
0.323291	-0.319062	0.890889
-0.265419	0.250543	0.931011
0.0712076	-0.125316	0.989558
-0.268977	0.0381949	0.962389
0.0692281	0.256842	0.963971
0.205287	0.204314	0.957138
0.104285	0.263075	0.959123
-0.383016	-0.0778209	0.920458
0.569674	-0.32711	0.75397
-0.245985	0.485664	0.838822
0.516579	-0.00318686	0.856234
0.12367	-0.0129628	0.992239
0.519968	0.290268	0.803354
0.100419	0.390239	0.915221
0.0452811	0.088488	0.995047
0.650909	-0.753819	-0.089856
-0.332697	-0.18298	0.925111
0.363926	-0.0693148	0.928845
-0.169029	-0.0292671	0.985176
0.493006	-0.237916	0.836864
-0.682929	0.450093	0.575347
0.0255317	-0.489944	0.87138
0.738151	-0.489266	0.464491
0.422847	0.287458	0.8594
-0.181372	-0.641201	0.745631
-0.0693116	0.42379	0.903105
0.735672	-0.632452	-0.242469
-0.599726	0.0173925	0.800016
-0.968032	-0.0979618	0.230908
-0.693676	-0.497534	0.520839
-0.577579	0.52136	0.628161
0.336617	0.515481	0.788015
-0.0717619	0.673567	0.735634
-0.379274	0.447428	0.809914
-0.0836326	-0.31887	0.944101
0.331381	0.386441	0.860727
0.154985	0.630334	0.760696
-0.658941	0.664927	0.351666
-0.853049	-0.512811	0.0966023
-0.13416	-0.38419	0.913454
-0.784348	-0.306782	0.53915
-0.145718	-0.0278176	0.988935
0.336794	0.18099	0.924019
-0.579569	-0.0362604	0.814116
-0.563155	-0.438005	0.70072
-0.892503	0.154825	0.423636
-0.371437	0.485233	0.791571
-0.583921	0.0415497	0.810747
0.467797	-0.862434	0.193323
0.566057	-0.782136	0.260466
0.564815	-0.771389	0.29316
0.435251	0.167411	0.884607
0.0482125	-0.589839	0.80608
-0.0783809	-0.373901	0.924151
0.536261	-0.161385	0.82848
-0.569492	-0.193275	0.798952
0.715868	0.29323	0.633679
0.324301	-0.473195	0.819094
0.395174	-0.635609	0.663203
0.228639	-0.205952	0.951477
-0.716059	-0.268795	0.644212
0.063624	0.744014	0.665127
-0.349152	0.400455	0.847188
0.35633	-0.501349	0.788466
-0.488868	-0.391662	0.779492
-0.185614	-0.497567	0.847333
0.303867	0.594994	0.744074
0.292843	0.107699	0.950076
-0.065587	-0.455082	0.888031
0.578051	0.172054	0.797655
0.0328302	-0.630707	0.775326
-0.228072	0.369438	0.900832
0.56772	0.728436	0.383504
0.410677	0.220656	0.884678
-0.225271	0.17728	0.958032
0.335779	0.194375	0.921667
-0.0857393	0.270549	0.958881
0.377769	0.165522	0.910984
0.863652	0.446514	-0.233946
-0.426331	0.307909	0.850549
-0.565677	-0.787148	0.245779
0.204242	-0.63717	0.743169
0.204619	-0.445522	0.871574
-0.170502	0.410756	0.895661
-0.462806	0.842075	0.276984
-0.692072	-0.542227	0.476472
-0.134403	0.46481	0.87515
0.393373	0.460179	0.795923
0.556577	0.564492	0.609567
-0.247348	0.739746	0.625775
0.163737	0.179209	0.97009
0.616161	-0.577824	0.535224
-0.0269204	0.176358	0.983958
-0.551709	0.408092	0.727378
0.339459	-0.3406	0.876789
0.303592	-0.0264971	0.952433
0.312306	-0.169664	0.934708
-0.551807	0.562092	0.616086
0.679739	-0.361101	0.638404
0.217726	0.595501	0.773288
0.307009	-0.897702	0.316034
0.229431	0.00250789	0.973322
-0.491769	0.437027	0.753108
-0.493661	-0.558902	0.666278
0.571056	-0.58199	0.578949
0.114259	-0.934995	0.335753
-0.189261	-0.741478	0.643732
-0.00440007	0.311598	0.950204
0.250059	-0.165041	0.954061
0.323038	0.466083	0.823659
0.330118	0.438644	0.835831
0.933619	0.243289	0.262993
0.41394	0.47434	0.776953
-0.669231	0.076149	0.739142
-0.166765	0.495947	0.852189
-0.425794	0.0293191	0.904345
-0.0501796	-0.632924	0.772586
0.000987349	0.650312	0.759667
0.156727	-0.151463	0.975959
0.506971	-0.43593	0.743603
0.630387	-0.590499	0.503908
-0.316095	0.187207	0.930074
0.570959	-0.124051	0.811553
0.868765	0.406236	0.28323
0.0231399	0.61458	0.788515
0.465343	0.829379	-0.309171
-0.124156	0.350216	0.928404
-0.536483	-0.500172	0.679716
-0.167541	0.105908	0.98016
0.0905888	0.383577	0.919055
-0.547476	0.836804	-0.00536751
-0.187581	-0.149178	0.970855
0.506246	-0.477891	0.717868
0.0199092	0.25317	0.967217
0.102591	0.554367	0.825925
-0.482952	-0.0878625	0.871228
-0.898155	-0.128946	0.420345
0.222526	-0.358098	0.906779
0.240509	-0.151357	0.958774
0.423174	0.334546	0.842023
-0.0506493	0.24555	0.96806
-0.448951	0.15961	0.879186
0.500276	-0.241304	0.831563
0.735488	-0.191973	0.649772
0.382027	0.178179	0.906812
-0.552101	0.00131165	0.833776
-0.15838	0.89832	0.409801
0.518704	-0.391029	0.760291
0.459785	-0.115911	0.880433
0.276217	0.515963	0.810855
0.220659	0.167284	0.960898
-0.436199	-0.0386067	0.899022
-0.069628	-0.447297	0.891671
-0.0325085	0.674687	0.737388
-0.251011	0.225651	0.941316
-0.224131	0.660166	0.7169
-0.137471	-0.341537	0.92976
0.278336	0.010082	0.960431
-0.16302	0.20057	0.966021
-0.172668	0.571639	0.802132
0.0558116	0.510595	0.858008
0.0402582	-0.176547	0.983469
0.47661	0.0214632	0.878853
0.545674	0.0659774	0.835396
0.801538	0.0893639	0.591229
0.201037	0.539497	0.817635
0.414935	-0.378915	0.827196
0.633223	-0.117882	0.76494
0.211656	-0.769679	0.602326
0.136581	0.837341	0.529345
0.122972	-0.943177	0.308697
0.0280277	-0.0291031	0.999183
-0.70842	-0.338824	0.619144
-0.014131	0.159283	0.987132
-0.135717	-0.639756	0.756501
0.606694	-0.201945	0.768857
0.682155	0.379797	0.624835
-0.422591	-0.425446	0.800258
-0.23872	-0.228472	0.943829
-0.0259189	0.383952	0.922989
0.438578	-0.788355	0.431447
0.446692	-0.466063	0.763709
0.899207	-0.394745	0.188689
-0.42029	-0.109686	0.900736
-0.518057	0.662543	0.540975
-0.0375707	-0.480339	0.876278
0.24188	0.302025	0.922104
-0.424274	0.191861	0.884975
0.0955401	-0.0188985	0.995246
-0.254017	0.4803	0.839516
-0.479925	0.460666	0.746632
0.0578399	-0.0273994	0.99795
0.352496	0.648759	0.674432
-0.857011	0.120864	0.500924
0.191923	-0.342198	0.919818
0.175143	0.404526	0.897599
0.156102	0.592503	0.790299
-0.462223	0.749147	0.474478
-0.94745	0.268794	0.173462
-0.134884	-0.115327	0.984127
0.136888	-0.0183021	0.990417
0.700369	0.469852	0.537329
-0.651584	-0.137687	0.745976
0.0253056	-0.502195	0.864384
0.4607	-0.108106	0.880948
0.0411672	0.110817	0.992988
0.615256	0.0576496	0.786216
-0.819159	-0.427176	0.382752
0.746781	0.0267507	0.664531
0.485561	-0.456768	0.745382
-0.522328	-0.392229	0.757186
0.266502	0.1152	0.956925
0.401129	-0.591133	-0.699756
0.279398	-0.588973	0.758319
0.158771	0.388225	0.907785
-0.579118	-0.74735	0.325716
-0.179484	-0.740907	0.647181
-0.404547	-0.30045	0.863754
-0.929751	0.220304	0.295006
-0.0425541	-0.588352	0.807485
-0.84373	-0.28319	0.455986
0.644291	0.160405	0.74777
0.156557	-0.470331	0.868492
-0.557631	0.312896	0.768859
-0.695371	0.00919909	0.718592
0.482687	0.464117	0.742704
-0.42516	-0.904198	0.0408093
-0.364669	0.746651	0.556353
-0.758994	-0.13637	0.636657
-0.340406	0.531628	0.775561
0.479566	0.330865	0.812739
0.194407	0.648629	0.735858
-0.473283	0.42288	0.772771
-0.424223	-0.0140343	0.905449
-0.735718	-0.306224	0.604107
0.746709	0.590406	0.306343
0.645611	0.563969	0.514903
0.499451	0.490312	0.714243
-0.802514	-0.207702	0.559313
-0.567198	0.431997	0.701188
0.348639	0.833246	0.42913
0.570211	0.0662634	0.818822
0.361066	0.457511	0.812598
-0.201292	-0.00772849	0.979501
-0.0982745	0.173854	0.979856
-0.372943	0.0428003	0.926866
0.0116425	-0.446881	0.894518
-0.0256926	0.364086	0.931011
-0.226956	0.754495	0.615815
-0.750348	0.0414973	0.659739
0.49438	0.709225	0.502582
0.566694	-0.21421	0.795595
-0.395631	-0.400614	0.826429
-0.511882	0.333172	0.791816
0.589892	-0.44705	0.672439
0.133763	-0.648069	0.749743
-0.240901	0.107907	0.964532
0.354023	-0.60784	0.710773
-0.527848	-0.571265	0.628517
0.555764	0.614705	0.5597
-0.385728	0.467693	0.795284
0.288912	-0.213288	0.933294
0.414762	0.67089	0.614718
-0.285089	-0.265629	0.920959
0.111224	0.48995	0.864626
-0.426404	0.697906	0.575419
0.42193	-0.157845	0.892782
0.411273	-0.235994	0.880432
-0.381392	-0.0586308	0.922552
-0.731326	-0.287954	0.61826
-0.159061	-0.61528	0.772095
0.924098	0.0212828	0.381563
0.619081	-0.529227	0.580221
-0.161243	0.831155	0.532148
-0.149456	0.00264241	0.988765
-0.403729	0.50175	0.765016
-0.293705	-0.14715	0.944502
0.493237	0.308927	0.813192
0.132938	0.0664528	0.988894
0.0713953	-0.838644	0.539981
-0.234528	-0.661914	0.711946
-0.133469	-0.60066	0.788285
0.884992	0.242417	0.397521
-0.254164	0.783818	0.566595
-0.613047	-0.504697	0.607827
-0.520844	0.0151247	0.853518
-0.230504	-0.479658	0.846638
-0.889014	0.4095	0.204852
-0.328493	-0.402909	0.854258
0.373468	-0.0560924	0.925946
-0.238387	0.539484	0.807545
0.0485477	0.180932	0.982297
-0.184726	-0.53742	0.822834
-0.246135	-0.920015	0.304941
0.387597	-0.803828	0.451252
-0.586322	0.331633	0.739084
0.102262	-0.12749	0.986554
0.855771	-0.452813	0.250234
0.0962296	0.335374	0.937157
-0.0206913	-0.705252	0.708655
0.054705	-0.42724	0.902482
-0.103946	-0.687365	0.718836
-0.18674	-0.495705	0.848177
0.080582	-0.347522	0.934203
0.35032	-0.144982	0.925341
-0.237176	0.267019	0.934049
-0.456517	0.164175	0.874436
0.377996	0.0715718	0.923036
0.779796	0.405884	0.47663
-0.300533	-0.869531	0.391913
0.645405	-0.272291	0.71366
0.462902	0.551028	0.694327
0.780469	0.599156	0.178553
-0.0485524	0.373012	0.926555
0.123225	0.983705	-0.13092
0.43173	0.353355	0.829909
-0.269614	-0.0864888	0.959077
0.566925	0.335165	0.752503
-0.57328	0.158587	0.803866
-0.0194573	0.141952	0.989682
0.464906	0.151003	0.872388
-0.0174493	-0.702099	0.711865
0.137057	-0.286825	0.948128
-0.550273	-0.373432	0.746825
0.0653658	-0.0166845	0.997722
-0.517853	0.204788	0.830596
-0.41055	0.115771	0.904459
0.0158756	-0.67901	0.733957
-0.61993	-0.411833	0.667893
-0.700724	0.645576	0.303672
-0.204135	-0.018538	0.978767
-0.451035	0.531841	0.716737
0.685472	-0.662962	0.301013
-0.247795	-0.578517	0.77712
0.302307	-0.873098	0.382506
-0.101069	-0.0100082	0.994829
0.872412	0.46435	0.152565
0.40103	0.800467	0.445452
0.319257	-0.282178	0.904683
0.531827	-0.493565	0.688152
0.620423	-0.373772	0.689471
0.544602	-0.283251	0.789416
-0.00936131	-0.593535	0.804754
0.0908831	0.255302	0.962581
-0.307456	-0.636114	0.707693
0.198439	0.357328	0.912655
-0.914094	-0.0699591	0.399423
-0.118968	-0.668215	0.734395
0.0903705	-0.614156	0.783993
0.0379379	-0.564491	0.824567
0.0696265	-0.221968	0.972565
-0.111325	-0.859981	0.498036
0.320843	-0.671061	0.668384
-0.0179862	0.473876	0.880408
0.569918	0.71934	0.39717
0.155366	0.616313	0.772023
0.430309	-0.435261	0.790811
0.811352	-0.196645	-0.550489
-0.08617	-0.0328176	0.99574
0.247113	0.303577	0.920205
-0.0993192	0.913659	0.39416
0.00942522	-0.728173	0.685328
0.829994	0.0495177	0.555571
-0.050783	-0.184686	0.981485
0.417613	-0.626173	0.658412
0.370232	0.404577	0.836209
0.431302	-0.371268	0.822276
0.642236	-0.514152	0.568489
-0.109072	0.319862	0.941165
-0.390866	-0.0872323	0.916304
0.478555	-0.872055	-0.102499
0.0292055	0.135276	0.990377
0.237008	-0.856221	0.459036
0.277196	0.306496	0.910617
-0.626184	0.473708	0.619269
-0.342284	-0.935961	0.0825755
-0.0788105	-0.782726	0.617356
0.427613	0.617025	0.660627
-0.848002	0.527049	0.0557842
-0.835382	0.5228	-0.169758
-0.0258635	-0.415059	0.909427
0.459216	-0.256953	0.85035
0.963431	0.00695114	0.267865
-0.681314	0.454733	0.57361
0.738754	-0.189923	-0.646662
0.690744	-0.273591	0.669344
-0.167063	-0.53608	0.827471
-0.453192	0.212438	0.865729
-0.523406	0.0118529	0.852001
-0.00416678	-0.461023	0.887378
0.0728403	-0.223606	0.971954
-0.243188	-0.49549	0.833876
0.639245	-0.186532	0.746037
0.578335	0.00272328	0.815794
0.228556	-0.0917502	0.969198
0.469214	-0.28251	0.836676
-0.185175	0.468545	0.863815
0.391492	-0.195857	0.899096
0.298616	0.606695	0.736715
0.36477	0.151897	0.918624
0.111308	-0.339212	0.934101
0.403628	0.103535	0.909046
-0.570365	-0.334763	0.750078
-0.391131	-0.348821	0.851669
0.234601	0.365543	0.900744
0.552085	-0.192642	0.811228
0.715123	-0.259049	0.649225
-0.381817	-0.526181	0.759835
0.435142	-0.0348919	0.899686
-0.0917175	-0.638157	0.764423
-0.32678	0.355629	0.875639
-0.803003	-0.589457	0.0879053
0.111675	-0.0483441	0.992568
-0.133021	0.245142	0.960318
-0.427204	-0.0690594	0.901514
-0.502685	-0.857037	0.113115
-0.065631	0.429522	0.900668
0.45941	-0.308257	0.833019
-0.495902	0.498192	0.711257
-0.65669	-0.0594057	0.751818
0.102526	-0.516968	0.849843
0.566616	-0.213808	0.795759
-0.0421492	-0.483467	0.874347
0.411763	0.716869	0.562627
0.752006	-0.269578	0.60151
-0.867621	-0.270592	0.41715
