3400
0.581947	-0.569384	0.580637
-0.0652272	-0.474695	0.87773
0.721325	0.100092	0.685326
0.219983	-0.130409	0.966748
-0.400818	0.557982	0.726636
0.186585	0.237729	0.953242
-0.247686	0.702526	0.667165
0.776115	-0.201303	0.597597
0.716538	-0.298425	0.630489
0.441744	-0.469506	0.764478
-0.124878	0.127647	0.983927
0.424072	0.527428	0.736195
0.363796	0.563353	0.741813
0.0134292	0.95057	0.310221
0.529491	0.312718	0.788573
0.351572	-0.863523	0.36156
0.519023	-0.646857	0.558741
0.0289017	0.0680032	0.997266
0.0799058	-0.356653	0.930813
-0.348097	-0.0891267	0.933212
0.692304	0.441967	0.570422
0.338399	0.931529	0.13319
0.0897133	-0.243006	0.965867
0.225024	0.63491	0.73909
0.447169	0.0573436	0.892609
0.60012	-0.402119	0.691488
0.567615	-0.28397	0.77277
0.0729373	-0.784894	0.615323
0.452445	0.414049	0.789847
0.292846	-0.383869	0.87572
-0.185026	0.18502	0.96516
-0.097568	0.584025	0.80585
-0.712755	0.653057	-0.255923
0.317038	0.633279	0.706006
0.0178708	-0.317663	0.948035
0.555997	0.491733	0.670123
0.30552	0.637148	0.707601
-0.254704	-0.587206	0.768319
0.691515	0.376836	0.616281
0.455773	0.0982003	0.884662
0.425172	0.45977	0.779641
-0.475447	0.273979	0.835994
-0.554183	-0.417883	0.719899
0.629415	0.628595	0.456842
-0.54415	-0.115127	0.831051
0.124457	0.575482	0.808289
-0.29769	-0.237916	0.924541
0.299754	0.134381	0.944505
0.200023	0.937153	0.285893
-0.161118	-0.300557	0.940057
0.861654	-0.0149902	0.507275
-0.346527	0.652116	0.674288
-0.0748997	-0.433483	0.898044
0.106193	0.0242209	0.994051
0.174199	0.0850736	0.981029
0.409779	0.404363	0.817662
-0.214352	-0.00813465	0.976723
-0.0944894	-0.563828	0.820469
-0.0850715	0.240793	0.966841
0.754653	-0.532832	0.382869
-0.228439	0.613565	0.755879
-0.268575	-0.0761675	0.960243
-0.0234116	-0.91683	0.398591
-0.0173818	-0.235836	0.971637
-0.518245	-0.423663	0.742921
0.59464	-0.568348	0.568669
0.577668	0.0804081	0.812302
0.22269	0.186269	0.956929
0.0593304	0.20917	0.976078
0.426746	-0.326933	0.84321
0.365808	0.250945	0.896221
-0.575748	-0.0315438	0.817018
-0.145526	0.590192	0.794038
0.495824	0.412762	0.764059
0.265895	0.178514	0.947329
-0.333115	0.866718	0.37126
0.325233	0.545464	0.772459
0.443507	-0.116331	0.888689
0.521283	-0.1585	0.838536
0.867248	0.323853	0.378153
-0.131133	0.640719	0.756494
0.553997	-0.125471	0.823009
-0.084892	0.869712	0.486204
-0.0758	0.453366	0.888095
0.78358	-0.43648	0.44214
-0.282865	-0.243165	0.927825
-0.00367678	0.0441438	0.999018
-0.341306	-0.682894	0.645884
0.111083	0.607034	0.786874
-0.839825	-0.47954	-0.254431
-0.566436	-0.196975	0.800219
0.255782	0.409017	0.875946
-0.0466857	0.679921	0.731798
-0.23433	-0.231876	0.944099
0.277191	0.928331	-0.247724
-0.257635	0.793377	0.551523
0.501268	0.665753	0.552724
0.380683	0.660472	0.647192
-0.329149	0.741267	0.584964
-0.389059	-0.139727	0.910554
0.570629	0.124856	0.811661
0.42866	-0.613079	0.663615
0.819511	-0.0856303	0.566629
0.929738	-0.0126614	0.368004
0.460369	0.580041	0.672022
0.317326	-0.233678	0.919075
-0.118156	-0.271743	0.955089
0.982924	-0.168965	-0.0728798
0.723888	-0.681124	0.1098
0.0966523	0.575742	0.811899
-0.252444	0.304757	0.918365
-0.501488	0.225469	0.835268
-0.237438	0.403398	0.883681
0.434528	0.254916	0.863831
0.323175	-0.585214	0.743695
0.710032	0.070369	0.700644
0.113173	0.267672	0.956841
-0.679268	-0.320389	0.660262
0.189411	-0.376224	0.906961
0.213158	0.125486	0.968926
0.135448	0.89059	0.434169
0.615737	-0.424513	0.66382
-0.303567	-0.149302	0.94104
-0.600384	-0.533189	0.596027
-0.251261	-0.318146	0.914139
-0.323944	-0.229669	0.917776
0.153432	-0.221439	0.963028
-0.242208	0.575504	0.781108
0.36024	-0.810845	0.461257
0.567242	0.57694	0.587688
-0.458317	0.516603	0.723234
0.332821	-0.304317	0.892536
-0.532651	-0.176889	0.827643
0.0980705	-0.729873	0.676511
-0.502328	0.136358	0.853858
-0.382757	0.0651512	0.921549
0.432539	0.194143	0.880465
0.0937986	0.577849	0.810736
0.27102	0.911937	0.308088
0.515597	0.241944	0.821963
-0.0769687	-0.339911	0.937303
0.725199	0.232088	0.648245
0.667713	0.255988	0.699021
0.201659	0.888987	0.411139
0.684966	0.606597	0.403561
0.425592	0.562537	0.708819
0.803783	0.592138	0.0574993
-0.0263984	0.0315117	0.999155
0.116487	0.617411	0.777968
-0.47622	0.104378	0.873109
-0.543148	0.540075	0.642891
0.765569	0.593572	0.248147
0.230277	-0.0385137	0.972363
0.166644	0.904437	0.392713
0.480625	-0.321748	0.815768
0.504082	-0.230641	0.83229
0.340911	0.763118	0.549027
-0.780031	0.341967	0.524032
0.487752	0.86432	0.122672
-0.763365	-0.113875	0.63585
0.283866	0.00520195	0.95885
-0.35122	0.0537709	0.934748
-0.738921	0.532169	0.413271
0.498446	-0.412553	0.762464
-0.120393	-0.130818	0.984069
-0.188824	-0.156748	0.96942
-0.39563	0.732603	0.553868
0.498904	-0.176256	0.848545
0.445281	-0.648734	0.617146
-0.349608	-0.448651	0.822488
0.22716	0.101145	0.968591
0.142251	-0.211158	0.967045
0.312531	0.0707213	0.947271
0.0535748	0.0139867	0.998466
0.880896	-0.20578	0.426235
0.455075	-0.71103	0.536044
0.00193152	-0.0394059	0.999221
0.641385	-0.212963	0.73707
-0.317754	-0.650257	0.690071
-0.419762	-0.0487969	0.906322
0.357902	0.56255	0.745281
0.213127	0.259198	0.942015
0.358981	-0.229479	0.904694
-0.0944745	0.735321	0.671101
-0.125345	-0.0360404	0.991458
-0.188678	-0.187255	0.964021
0.116001	0.66484	0.737924
-0.11762	0.494618	0.861115
-0.155153	-0.256168	0.954099
-0.395123	0.722299	0.567592
0.392696	0.306179	0.867205
0.706995	0.421877	0.567607
0.696534	-0.200087	0.689061
0.188648	0.580218	0.792312
-0.294772	-0.271005	0.916333
0.154763	-0.104276	0.982433
-0.391515	0.803617	0.448237
0.488735	-0.430074	0.759061
-0.39139	-0.259535	0.882868
0.123591	0.4955	0.85977
0.11171	0.794619	0.596743
-0.180847	0.124185	0.975639
-0.828103	0.121904	0.547161
0.122876	0.526871	0.841016
-0.16694	-0.390304	0.905425
0.219815	-0.667227	0.711681
-0.442371	0.39691	0.804221
-0.380898	0.116821	0.917208
-0.253687	0.0565636	0.965631
0.534496	0.387059	0.751331
0.0882234	0.640895	0.762542
0.258739	0.733654	0.628336
0.682809	0.473806	0.55613
0.278272	0.60004	0.750011
0.182392	0.248085	0.951413
-0.550929	0.239438	0.799466
0.00903099	0.105999	0.994325
-0.524872	0.219604	0.822365
0.253033	0.331701	0.908817
0.706753	-0.0550732	0.705314
0.161046	-0.583491	0.795991
-0.514663	0.0812152	0.853537
0.308853	0.382787	0.87068
-0.239632	-0.412742	0.878761
0.821153	-0.0747708	0.565788
0.60083	-0.199087	0.774189
0.0251565	-0.362121	0.931792
0.0674475	0.138623	0.988046
-0.133219	0.433615	0.891196
0.781179	0.0438911	0.622763
0.444144	0.0592566	0.893994
-0.587582	-0.402422	0.702001
0.303134	0.449255	0.840404
-0.539095	0.0390705	0.841338
-0.100688	-0.00985838	0.994869
0.0173387	0.0633945	0.997838
0.366922	0.16885	0.914799
0.127733	-0.750958	0.647878
-0.841136	-0.13091	0.524741
0.120989	-0.277392	0.953108
-0.209924	-0.00423247	0.977709
-0.305766	-0.470851	0.827531
-0.116087	-0.51943	0.846591
-0.181175	-0.369817	0.911269
-0.249013	-0.474584	0.844253
0.783745	-0.254264	0.566652
-0.437737	0.35319	0.826827
0.51368	0.0580101	0.856019
0.835612	-0.129094	0.533935
0.337914	-0.351593	0.873039
-0.402185	-0.625763	0.668332
0.218609	-0.675282	0.704418
0.303671	0.200634	0.931413
0.537882	0.0587716	0.840969
0.191474	-0.127105	0.973233
0.0970203	0.800439	0.59151
-0.320892	-0.68462	0.654465
-0.754407	-0.0268433	0.655857
-0.562087	-0.445863	0.696609
-0.0279145	-0.510884	0.859196
0.452914	-0.550423	0.701358
0.815168	-0.131428	0.564117
0.329117	0.583536	0.742407
-0.261623	0.410264	0.873635
-0.0521163	-0.0856203	0.994964
-0.35479	0.573344	0.738513
0.222132	-0.685928	0.692936
-0.00354387	0.339823	0.940483
0.638647	-0.392658	0.661778
0.286191	-0.0750017	0.955233
0.471331	-0.015441	0.881821
0.398357	0.41639	0.81727
-0.581415	-0.0848736	0.809168
0.0148824	0.242056	0.970148
0.210687	-0.145834	0.966614
0.716551	-0.0449962	0.696082
-0.0969279	0.6496	0.754072
-0.0680425	-0.139914	0.987823
-0.266278	-0.0544332	0.962358
0.277632	0.280322	0.91888
0.549966	-0.343198	0.761415
-0.0887516	0.041663	0.995182
0.670587	-0.426926	0.606669
-0.0862577	-0.323997	0.942118
-0.212768	0.410201	0.886829
0.530784	-0.282578	0.799011
-0.381642	0.684319	0.621335
0.388244	0.266878	0.882067
0.47292	-0.53544	0.699751
0.63721	0.22145	0.738189
0.455473	0.108214	0.883648
0.61962	-0.138717	0.772547
0.0747848	0.692349	-0.717677
0.869582	0.0773541	0.487691
0.409111	-0.587464	0.698223
0.269203	0.391993	0.8797
0.576684	-0.295194	0.761772
0.510847	-0.206249	0.834564
0.467282	-0.714206	0.521112
-0.0924409	-0.575029	0.812894
-0.659936	-0.509598	0.552082
0.630152	0.70671	0.321667
0.0836925	-0.170648	0.981771
-0.58371	-0.801027	0.13281
0.20832	0.31631	0.9255
-0.25991	-0.260114	0.92994
0.0654305	0.0682885	0.995518
-0.688841	-0.199523	0.696914
-0.409109	0.174743	0.895597
0.0886387	0.37554	0.922558
0.197632	0.642549	0.740319
0.028319	-0.216282	0.97592
0.257625	-0.237111	0.9367
-0.466375	0.462181	0.754243
0.132874	-0.506012	0.85223
-0.249226	-0.289943	0.924024
-0.182392	0.869837	0.458385
-0.339049	0.483936	0.806754
0.441833	0.442667	0.780275
0.0456765	0.351908	0.934919
0.349321	0.488247	0.799743
-0.0437533	0.145239	0.988429
-0.63907	-0.277478	0.717353
0.539226	-0.038193	0.841295
0.0587002	-0.874798	0.480919
-0.882688	-0.364424	0.296745
0.598108	0.152866	0.786702
0.0326689	0.339193	0.940149
0.532422	0.101776	0.840339
0.497123	0.265194	0.82616
0.183096	0.645081	0.741853
0.27919	-0.171172	0.944856
-0.370583	0.212769	0.904101
0.333499	0.595142	0.731153
0.254295	0.634226	0.730131
0.0178352	-0.903561	0.428088
-0.486486	-0.460896	0.74223
-0.352405	-0.658117	0.665352
0.474401	-0.22432	0.851249
-0.173272	0.229233	0.957825
-0.044391	-0.00363397	0.999008
-0.443698	-0.0108319	0.896111
-0.767148	-0.624395	0.14702
0.144194	0.0459031	0.988484
-0.0629175	-0.621077	0.78122
0.184542	-0.600601	0.777961
0.774729	0.262898	0.575047
0.660611	-0.0553309	0.748687
0.135385	0.549833	0.82423
0.611898	0.27065	0.743189
0.187403	0.552387	0.812249
0.0742849	0.485003	0.871352
-0.876038	0.457035	0.153872
-0.135363	0.497693	0.856725
-0.493683	-0.268233	0.827241
0.746612	-0.248581	0.617072
-0.0853407	0.984074	0.155937
0.455327	0.137359	0.879665
0.370617	0.108327	0.922447
0.529024	-0.151897	0.834902
-0.393858	0.718892	0.572774
-0.0454746	-0.965082	0.257971
0.35102	0.254356	0.901159
0.726688	0.574937	0.375995
-0.394436	0.240544	0.886881
0.35298	-0.0767996	0.932474
-0.569145	-0.156052	0.807293
-0.539578	0.153845	0.82776
0.635691	0.263423	0.725607
-0.852771	0.464603	0.238591
-0.537307	0.052351	0.841761
0.37566	0.153184	0.91401
0.0363064	0.56587	0.823695
-0.303975	0.0643554	0.950504
0.570866	-0.567931	0.59293
-0.148686	0.697951	0.700541
0.0738236	0.432634	0.898542
-0.0555297	-0.465703	0.883197
0.103906	-0.342982	0.933578
-0.735076	-0.372651	0.566388
-0.143192	0.570628	0.808628
-0.142824	0.941531	0.305158
0.656553	-0.175113	0.733671
-0.713856	0.538209	0.44804
-0.847362	-0.289213	0.445347
0.260427	0.38388	0.885897
-0.639545	-0.378807	0.668945
-0.20867	0.321175	0.923744
-0.155647	0.539551	0.827441
-0.0726816	-0.444348	0.892901
0.162276	-0.0553029	0.985194
-0.408763	-0.12816	0.903597
-0.840272	-0.238953	0.486667
0.082075	0.907088	0.412861
-0.40936	0.380516	0.829236
0.600431	0.188611	0.777115
0.709553	0.000384892	0.704652
0.135157	0.667161	0.73255
0.532268	0.429894	0.729302
0.234205	-0.00312979	0.972182
-0.0464752	0.0157242	0.998796
0.411886	0.437651	0.799257
0.858169	0.300988	0.415874
0.0344945	0.982033	0.185531
-0.669167	-0.638385	0.380367
0.0617336	-0.277416	0.958764
-0.376496	-0.0882253	0.922208
-0.868571	0.198613	0.454023
0.629304	-0.205911	0.749385
0.0969325	0.221521	0.970326
0.143925	0.500086	0.853932
-0.245213	-0.942431	0.227362
0.142902	0.195771	0.970182
-0.160446	-0.911646	0.378363
-0.323331	-0.327283	0.887887
-0.00643887	0.505555	0.86277
-0.11932	0.062692	0.990875
0.623263	-0.181072	0.76076
0.227503	-0.480618	0.846905
0.329919	0.393946	0.857881
0.318385	-0.907832	0.272895
-0.438032	-0.703565	0.559575
0.0128317	0.5946	0.803919
0.0610533	-0.269722	0.961001
0.107125	-0.141311	0.984152
-0.105717	0.171345	0.979523
0.0798052	0.123876	0.989083
0.400591	0.28862	0.869612
0.497163	-0.586079	0.639797
-0.623069	0.210854	0.75321
-0.0196863	-0.775828	0.630637
0.116767	0.593446	0.796358
-0.344361	0.579153	0.738916
-0.519382	0.168557	0.837753
-0.66356	0.718442	0.208638
0.921574	0.298811	0.247819
0.104424	-0.159493	0.981661
-0.101536	0.616657	0.780657
0.417303	-0.542687	0.728937
0.00306255	0.776735	0.629821
-0.540637	-0.173651	0.823138
-0.0964784	0.150226	0.983933
0.371242	0.776203	0.509597
0.363068	0.273454	0.890732
0.0651404	0.104622	0.992376
-0.660757	-0.0316558	0.749932
0.13631	0.265541	0.954415
-0.283233	0.217002	0.934178
0.671921	0.582821	0.456992
0.670729	-0.153814	0.725579
-0.134331	0.273943	0.952319
0.143205	-0.630006	0.763272
-0.466377	0.483013	0.741074
0.0646089	0.470611	0.879972
0.010443	0.381102	0.924474
0.158957	0.0118432	0.987214
0.763913	0.18456	0.618364
0.708606	0.39595	0.584038
0.159805	-0.342824	0.925707
0.896709	-0.108866	-0.429023
-0.450272	0.355856	0.818915
0.169026	-0.119475	0.978343
0.202698	0.0599073	0.977407
-0.119024	-0.0854271	0.98921
0.0623645	0.128972	0.989685
0.478183	0.785861	0.392127
0.0950302	-0.271792	0.957652
0.135105	0.594325	0.792795
-0.227952	0.53847	0.811226
0.0770906	0.0376374	0.996313
0.241708	-0.252991	0.936789
-0.128928	0.109912	0.985544
-0.134463	0.811591	0.568541
0.463849	-0.00777136	0.88588
0.204525	0.184755	0.961267
0.0190722	0.897766	0.440059
-0.554774	0.0413176	0.830974
0.0157963	-0.101772	0.994682
-0.304324	0.0225424	0.952302
-0.209513	0.0287801	0.977382
0.059647	-0.553106	0.830973
0.515111	-0.226147	0.826752
-0.235664	0.0322049	0.971301
-0.0795458	-0.163307	0.983363
0.753234	-0.440952	0.488057
0.014809	-0.3203	0.947201
0.142314	0.296956	0.944227
0.818481	-0.13019	0.559588
-0.305119	-0.0357816	0.951642
0.195478	0.13922	0.970776
-0.0262936	0.326629	0.944787
0.580856	-0.487483	0.651894
0.26028	-0.0697793	0.963008
-0.0905276	0.285405	0.954122
0.810254	0.22988	0.539114
-0.888885	0.45444	0.05803
0.348562	0.804072	0.481636
0.678483	0.150953	0.718939
-0.331298	0.267295	0.904873
-0.369851	-0.460955	0.806679
-0.17919	-0.318277	0.930908
-0.0944399	-0.0773517	0.992521
-0.0295582	0.281876	0.958995
-0.0841579	0.161407	0.983293
0.920911	0.244292	0.303719
-0.366197	-0.161593	0.916399
0.464843	0.196677	0.863272
0.573299	-0.189878	0.797041
-0.0157398	0.360259	0.932719
0.387661	-0.101992	0.916142
0.0316016	-0.227409	0.973286
0.725469	0.687699	0.0276595
0.698486	0.101198	0.708432
0.924904	0.248077	0.288116
-0.277289	0.382972	0.88116
0.747493	-0.664072	-0.0161917
0.349505	-0.297544	0.888434
-0.0246412	-0.922216	0.385889
0.324601	0.923074	0.206322
0.289782	-0.422693	0.858695
-0.454834	0.145165	0.878665
0.994605	0.0649267	0.0809049
0.387825	0.917095	0.0923545
0.55984	-0.222226	0.798245
-0.298807	-0.686093	0.663318
0.0401511	0.0797653	0.996005
0.282994	-0.0628583	0.95706
0.416744	0.49731	0.760925
0.141467	0.726956	0.671953
0.170472	0.286495	0.942794
-0.166093	0.674701	0.719161
-0.716804	-0.406822	0.566294
0.702643	-0.0639234	0.708665
-0.256002	-0.26952	0.928344
-0.286894	0.322035	0.902211
-0.727494	0.281472	0.62572
0.457168	0.110083	0.882541
-0.127884	-0.0883634	0.987845
-0.365754	0.0101033	0.930657
0.46545	0.458989	0.75676
-0.396215	-0.811559	0.429401
-0.422859	-0.137328	0.89573
-0.108203	0.362932	0.925512
0.622613	-0.284914	0.728818
0.648267	-0.231859	0.725252
0.244121	0.471144	0.847601
0.209938	0.635156	0.743305
0.766973	-0.447938	0.459461
-0.959635	-0.124841	0.252024
0.119238	0.545541	0.829559
0.16273	-0.0863253	0.982887
0.754772	0.259014	0.602686
0.227258	-0.39181	0.891537
-0.041669	-0.482833	0.874721
0.948673	-0.216396	0.230635
-0.362653	-0.0543683	0.930337
0.22644	0.864774	0.448208
-0.26897	0.297331	0.916105
0.529192	-0.0906651	0.843644
-0.543294	0.13093	0.82927
0.766792	-0.0874514	0.63591
-0.0312521	0.260352	0.965008
-0.174842	-0.239367	0.955057
0.62793	-0.0208053	0.777992
0.277298	0.101415	0.955416
0.0884843	-0.359511	0.928936
-0.471987	0.599892	0.646032
0.1919	-0.176132	0.96548
0.507882	-0.120024	0.853024
0.0203092	-0.354447	0.934856
-0.199473	0.153397	0.967822
0.411886	-0.437594	0.799288
-0.614131	0.125662	0.779136
0.126442	0.644149	0.754377
0.770203	-0.070391	0.633903
0.849267	0.339927	0.403974
0.144307	-0.3981	0.90592
-0.243522	-0.264309	0.933187
0.151933	-0.0784329	0.985274
0.617195	-0.0423633	0.785669
-0.012601	-0.256323	0.966509
0.34562	0.792575	0.502366
-0.0768679	0.108776	0.99109
0.241408	0.54341	0.804007
0.53084	0.359644	0.767376
0.124855	-0.48128	0.867629
-0.455653	-0.606889	0.651204
0.727439	0.414939	0.546497
0.358412	-0.171798	0.91762
0.0886697	0.722942	0.685195
0.0271161	0.588126	0.808314
0.116494	-0.202255	0.972379
0.661153	0.566685	0.491675
0.00727209	-0.227685	0.973708
-0.45873	0.0193706	0.888365
-0.458724	-0.146223	0.876465
-0.152569	0.715348	0.681908
0.0693163	0.189784	0.979376
-0.13995	0.475833	0.86833
0.00789711	-0.227835	0.973668
0.155866	0.31013	0.93783
0.259016	-0.506306	0.822536
0.18967	0.327831	0.925501
0.395476	-0.83241	0.38819
-0.555107	0.38344	0.738126
0.0583317	0.344341	0.937031
0.267977	0.0746836	0.960526
-0.0297278	0.519848	0.853741
0.31444	-0.186949	0.930687
0.000171414	0.519672	0.854366
0.125937	-0.00702335	0.992013
-0.169956	-0.0423852	0.98454
0.226487	-0.559324	0.797409
-0.0931193	-0.392123	0.915188
0.561581	0.476832	0.676209
-0.527079	0.232117	0.817502
-0.128939	0.243121	0.961388
0.457947	-0.0375423	0.888187
-0.602264	0.437263	0.667892
0.247725	0.215152	0.944639
-0.335684	0.422415	0.841951
0.160417	0.0505567	0.985754
-0.538095	-0.0684194	0.840103
0.400672	0.604692	0.688338
-0.351098	0.0296154	0.93587
-0.23007	-0.127794	0.964747
-0.0207339	-0.180498	0.983357
-0.533444	0.583113	0.612713
0.172273	-0.321818	0.930997
-0.0930695	0.690946	0.71689
0.0342066	0.684768	0.727958
-0.30627	-0.542134	0.782489
0.0980392	0.763682	0.638105
-0.681086	-0.0768622	0.728158
-0.232614	0.120737	0.965046
-0.38225	-0.754107	0.534048
0.000373031	-0.462775	0.886476
0.64498	0.54386	0.536858
-0.79106	-0.385522	0.47497
0.0750713	-0.186458	0.979591
-0.0856469	0.263972	0.96072
-0.568183	0.17839	0.803334
0.127119	0.334938	0.933626
0.0750026	-0.140465	0.987241
-0.535788	-0.620176	0.572985
-0.397004	-0.603062	0.691884
0.0360049	0.230502	0.972406
-0.46882	-0.395852	0.789626
-0.855636	0.116411	0.504317
0.312728	-0.195547	0.929496
-0.352134	0.516601	0.780465
-0.504399	-0.466839	0.72639
0.572737	0.0383312	0.818842
0.401205	0.144928	0.90445
-0.229405	-0.193674	0.953868
-0.403585	0.502864	0.76436
0.165187	0.0466162	0.98516
-0.182147	0.454213	0.872074
-0.415558	-0.337962	0.844449
0.252956	-0.0174806	0.96732
-0.745009	-0.465823	0.477463
-0.927919	0.0475407	0.369739
0.692707	-0.131419	0.709144
0.235926	0.27682	0.931509
-0.0583674	-0.103844	0.992879
-0.437755	-0.450885	0.777864
0.0719032	0.0224928	0.997158
0.0492458	0.438682	0.897292
-0.249308	0.20088	0.947361
0.983453	0.178172	0.0327952
-0.0128679	-0.216949	0.976098
-0.0723498	0.024556	0.997077
0.400266	0.140983	0.905489
0.150696	0.198615	0.968423
-0.414221	-0.611364	0.674281
-0.368335	0.206119	0.906556
0.925308	0.303029	0.227989
-0.541668	-0.476873	0.692234
-0.388875	0.151232	0.908793
0.31387	0.908248	0.276716
-0.543929	0.0252229	0.838752
-0.038351	0.127653	0.991077
0.28826	-0.618139	0.731307
0.21577	0.973288	0.0784504
-0.477621	-0.0985353	0.873023
-0.691221	-0.403135	0.599747
-0.954979	0.164321	0.247008
-0.308474	-0.494516	0.812587
-0.41762	-0.451358	0.788587
-0.562631	-0.0445876	0.825505
0.0622756	0.0694688	0.995638
0.400791	0.0316326	0.915623
0.425319	0.283259	0.859574
-0.284738	0.224444	0.93196
0.438569	0.205081	0.874985
-0.210539	0.0163636	0.977448
-0.306809	0.380054	0.872598
0.544105	0.0842028	0.834781
0.915507	-0.0920181	0.391636
-0.2083	0.578572	0.788585
0.475132	-0.28459	0.832621
0.0322242	-0.513476	0.857499
0.488237	0.202898	0.848797
0.156492	-0.229448	0.960658
0.0194353	-0.592124	0.805613
0.269132	-0.433013	0.860272
-0.0915933	0.156719	0.983387
-0.306085	0.137788	0.94198
-0.583851	-0.514148	0.628308
0.00583946	0.497722	0.867317
0.243852	0.566604	0.78708
-0.129879	-0.726175	0.67513
-0.595282	-0.0160004	0.803358
-0.175839	-0.195454	0.96482
-0.137476	-0.308187	0.94134
0.316706	-0.60332	0.731917
-0.0523904	-0.377234	0.924635
-0.525786	-0.371274	0.765314
-0.269602	-0.543244	0.79511
-0.104045	-0.206642	0.972869
0.486907	-0.399857	0.776554
-0.729704	-0.188718	0.657205
-0.398217	-0.776377	0.48853
0.186364	0.705493	0.683775
0.388431	-0.439846	0.809726
0.0765547	-0.722224	0.68741
-0.305242	0.0914425	0.947874
0.0959673	0.186295	0.977796
-0.172999	-0.13306	0.975893
-0.129985	0.1032	0.986131
0.825364	-0.02255	0.56415
-0.273299	-0.294517	0.915733
-0.624251	-0.201683	0.754741
0.682999	-0.321596	0.655811
-0.00330538	0.290458	0.956882
-0.589086	-0.527825	0.611865
-0.18257	-0.765672	0.616778
-0.332038	0.111947	0.936599
0.224886	0.260887	0.93881
-0.442682	-0.0230213	0.896383
0.33171	-0.303081	0.89337
-0.445527	-0.0554724	0.893548
-0.198034	-0.446067	0.872816
-0.321884	-0.213825	0.922317
-0.151828	0.166933	0.974208
0.434827	0.0628337	0.898319
-0.188086	0.0486689	0.980946
-0.642041	-0.427527	0.636399
-0.391467	-0.27431	0.878355
-0.0706253	0.837086	0.542493
-0.195226	-0.100886	0.975556
0.300799	0.214457	0.929262
-0.0346704	0.717366	0.695834
-0.236941	0.518969	0.821298
0.385655	0.685055	0.618037
-0.433552	-0.661591	0.611826
-0.168429	-0.0849547	0.982046
0.135842	-0.0811248	0.987404
0.467191	0.716404	0.518167
-0.115474	-0.0343432	0.992717
-0.516672	0.154976	0.842041
-0.223485	0.70804	0.669876
-0.343159	0.0744632	0.936321
0.00842689	0.222896	0.974806
0.607443	-0.510395	0.608695
0.113616	0.278985	0.953551
0.365383	-0.562767	0.741477
-0.0857999	-0.176986	0.980466
-0.657614	-0.550351	0.514448
-0.169272	0.788741	0.59096
-0.189795	0.171735	0.966688
0.212584	-0.636955	0.74101
0.00663069	0.33579	0.941914
-0.670825	-0.0885578	0.73631
-0.0239817	-0.301615	0.953128
-0.719914	-0.457045	0.522334
0.395304	0.307913	0.865404
0.401326	0.0251518	0.91559
-0.142271	-0.142249	0.979553
0.228182	-0.178459	0.957124
0.180214	0.0995306	0.978579
0.423079	-0.430112	0.797501
0.072168	0.704533	0.705992
-0.691694	-0.359549	0.626326
0.496046	-0.474834	0.72696
0.569104	-0.151731	0.808145
0.143007	0.363326	0.920621
-0.235836	-0.215021	0.947706
-0.662291	-0.253663	0.705001
-0.256278	-0.0831712	0.963018
-0.384009	0.176841	0.906236
0.31586	-0.575484	0.754355
-0.573394	-0.240273	0.783255
0.0656736	0.567112	0.821018
0.192122	-0.426276	0.883956
0.0870126	-0.0323711	0.995681
-0.402979	0.332951	0.852497
0.0690402	-0.517171	0.853093
-0.941792	0.333531	-0.0422568
-0.530279	-0.115939	0.839859
-0.398815	-0.181561	0.898878
0.38697	-0.649519	0.654507
0.492289	-0.405867	0.770015
0.255384	0.547999	0.79654
0.0108271	0.115489	0.99325
-0.010586	-0.0123892	0.999867
-0.110249	0.105123	0.988329
0.204145	-0.220702	0.953738
0.478027	-0.684119	0.550882
-0.170236	-0.81471	0.554318
-0.445483	0.310025	0.839899
-0.348752	0.345565	0.871181
0.240286	0.646666	0.723937
0.470062	0.479287	0.741166
0.414991	-0.284004	0.864363
0.4184	0.560874	0.714397
0.646946	-0.0222012	0.762212
0.14388	-0.624327	0.767799
0.123809	0.553213	0.823788
0.106112	0.204533	0.973091
0.643278	-0.191956	0.741179
0.0394832	0.0202463	0.999015
-0.189547	0.26516	0.94539
0.315349	-0.380751	0.869243
-0.425372	-0.548689	0.719721
0.185847	0.300429	0.935523
-0.15494	-0.10045	0.982804
0.155788	-0.181458	0.97098
-0.882166	0.127141	0.453451
-0.447991	0.0799795	0.890453
-0.526442	-0.0390592	0.849313
0.639254	0.105733	0.761692
0.0838194	-0.00179759	0.996479
0.124658	0.209161	0.969903
0.146296	-0.195516	0.969727
-0.592599	0.197873	0.780815
-0.766797	-0.220176	0.602947
0.282717	-0.421629	0.861568
0.931797	-0.14279	0.333715
-0.302477	0.858183	0.414765
0.239146	0.338514	0.910064
-0.633847	-0.455038	0.625443
-0.277353	0.590102	0.758192
-0.239531	0.0653863	0.968685
-0.681293	-0.197979	0.70473
-0.18677	-0.384827	0.903895
0.038125	0.281018	0.958945
-0.101378	-0.37775	0.920341
-0.260758	-0.10784	0.959362
-0.34415	0.021561	0.938667
0.0921149	0.112793	0.989339
0.436318	-0.0467424	0.898578
-0.456713	0.445109	0.770254
0.175819	-0.0698227	0.981943
0.166342	-0.130661	0.977373
0.370111	0.266775	0.889859
0.406286	0.0264072	0.913364
0.675491	0.182362	0.714462
-0.159631	0.407621	0.89909
0.628031	0.389672	0.673597
-0.348296	0.219351	0.911359
-0.145714	0.419899	0.895797
-0.162307	-0.129412	0.978217
-0.255124	-0.693041	0.674245
-0.719561	-0.343463	0.603544
0.275975	0.526675	0.804022
-0.192773	-0.0254348	0.980914
0.19736	-0.107773	0.974389
-0.627969	0.531009	0.568932
-0.441762	-0.0124984	0.897045
0.606487	0.331733	0.722583
0.116936	-0.131902	0.984341
0.699798	-0.183719	0.690312
0.0646912	0.387593	0.919558
0.591077	0.012498	0.806518
-0.403906	-0.319401	0.85723
-0.124297	-0.460157	0.879094
0.141528	-0.530612	0.835715
-0.0297833	0.21192	0.976833
0.309684	-0.136636	0.940971
0.391822	-0.549819	0.737682
0.00389778	0.41301	0.910718
-0.313694	-0.0247742	0.949201
-0.496423	0.154087	0.854296
-0.00871077	0.564964	0.825069
0.300329	-0.241542	0.922746
0.281798	0.321374	0.904051
0.476569	-0.415108	0.774963
0.52945	-0.206104	0.822924
0.809447	0.164291	0.563741
0.566769	0.0792736	0.820054
0.0129484	-0.0210466	0.999695
-0.152869	0.152833	0.976357
0.0107963	0.471557	0.88177
-0.12467	0.483324	0.866519
-0.564025	0.825355	0.0257932
0.290428	0.184069	0.939026
-0.465802	0.0748925	0.881714
-0.321128	0.257509	0.911354
0.592838	-0.297038	0.748539
0.19209	-0.376617	0.906234
0.0502929	0.442697	0.89526
0.135354	-0.755753	0.640715
0.763446	0.183688	0.619201
-0.0849991	0.356335	0.930484
-0.182593	0.647617	0.739765
-0.0986884	0.0612947	0.993229
-0.110682	-0.673471	0.730881
0.157046	-0.299358	0.941128
-0.392137	-0.168363	0.904368
-0.0734157	0.645281	0.76041
0.217075	0.319956	0.922229
-0.0375403	-0.645518	0.762822
0.586956	0.321015	0.743258
-0.23338	0.0136376	0.97229
-0.222054	0.377805	0.898863
-0.39793	0.468295	0.788892
-0.521334	0.0683061	0.850614
-0.165125	0.394344	0.904006
-0.351501	-0.097078	0.931141
0.122684	-0.0298411	0.991997
0.213533	0.483479	0.848912
0.336893	-0.311276	0.8886
-0.173662	0.220671	0.959764
-0.373703	0.271696	0.886864
0.411358	0.123502	0.903068
0.327732	0.180842	0.927301
-0.140502	-0.0993106	0.985087
-0.373105	0.189754	0.908177
0.195164	0.459606	0.866414
0.22459	0.924184	0.30894
0.286096	-0.399507	0.870944
-0.57311	-0.401878	0.71417
-0.177263	0.31566	0.932168
-0.538542	0.567606	0.622733
0.122062	0.428163	0.89542
-0.0253166	-0.23744	0.971072
0.705948	0.586912	0.396449
-0.576424	-0.503305	0.643755
-0.509374	-0.342275	0.789548
-0.388679	-0.582666	0.713743
0.243271	0.167949	0.955308
0.433491	0.433744	0.789906
0.468806	0.354026	0.80925
-0.86248	-0.392671	0.319277
0.0295994	-0.37968	0.924644
-0.0223931	-0.443211	0.896137
-0.0423082	-0.213029	0.976129
0.202743	0.371865	0.905876
0.102427	0.351012	0.930752
0.826635	-0.250469	0.503925
-0.454493	0.664003	0.593747
0.281154	-0.254881	0.925196
0.350767	0.31625	0.881447
0.201973	0.904636	0.375286
0.33951	-0.924709	0.172184
-0.0750803	-0.320754	0.944182
0.101002	0.387684	0.916242
0.515731	0.653099	0.554511
0.36557	-0.0240294	0.930474
-0.0358576	0.199882	0.979164
0.192978	0.00955855	0.981157
0.488833	0.183789	0.852797
-0.0644933	0.00812617	0.997885
-0.275318	-0.837682	0.471687
0.662018	0.34559	0.665056
-0.109899	0.354588	0.928542
0.173802	-0.100118	0.979678
0.0598933	0.290836	0.954897
-0.430043	-0.732826	0.527285
0.588972	-0.218994	0.777916
-0.112934	-0.0635117	0.991571
-0.558343	0.424358	0.712863
-0.421164	0.124228	0.898437
-0.00280815	0.223276	0.974751
0.54957	0.232447	0.80246
-0.844262	-0.0270175	0.535249
0.40103	0.233137	0.885902
0.455664	-0.170463	0.873677
0.697997	-0.0925402	0.710096
-0.728533	0.40929	0.549291
-0.0623092	0.570339	0.819043
0.382738	-0.109834	0.917305
-0.828956	0.14396	0.54047
-0.231013	0.424308	0.875555
0.107967	-0.0860536	0.990423
-0.435549	0.388498	0.812014
0.107644	0.722406	0.68304
0.036889	-0.32858	0.943755
-0.340549	-0.0254976	0.939881
-0.327747	0.132519	0.935426
-0.311936	-0.253968	0.915531
-0.528727	-0.167508	0.832099
-0.0533741	0.356819	0.932648
-0.337459	0.389446	0.857002
-0.650188	0.128541	0.748821
0.24585	0.338045	0.908451
-0.953746	0.200648	0.223853
0.366977	0.207857	0.90671
-0.0563981	0.125415	0.9905
0.068936	-0.505314	0.860178
0.299711	0.829574	0.471148
0.0590495	0.0746407	0.995461
0.280898	0.58854	0.758101
-0.840459	-0.224303	0.493272
0.875024	0.00399417	0.484062
-0.0659435	-0.198816	0.977816
0.234389	0.0954603	0.967445
0.636341	-0.510472	0.578349
-0.393095	-0.0481909	0.918234
0.00388496	0.0984835	0.995131
0.0258999	-0.537367	0.842951
-0.853145	-0.161478	0.496052
-0.250682	-0.221352	0.942423
-0.00913511	0.300818	0.953638
0.143666	-0.412202	0.899694
-0.194508	0.30693	0.931644
0.282051	-0.912197	0.297226
0.241039	-0.558888	0.793439
-0.42154	-0.364188	0.830464
0.312418	0.60115	0.735536
-0.425843	0.832241	0.355012
0.715095	0.0405236	0.697851
0.358204	-0.127541	0.924891
0.259388	-0.0419966	0.96486
-0.504703	-0.0574479	0.861379
-0.178007	-0.320254	0.930457
0.0808235	0.406795	0.909937
-0.158766	0.623999	0.765127
0.234807	-0.323723	0.916553
-0.151387	-0.0197686	0.988277
0.462437	0.146148	0.874524
0.417796	-0.104792	0.902477
-0.391705	0.00994685	0.920037
-0.0139168	0.123532	0.992243
0.206098	0.186761	0.960544
-0.122866	-0.911689	0.392081
-0.617955	0.74878	-0.239709
-0.205189	0.470285	0.85833
-0.0306618	-0.363538	0.931075
0.416633	0.353315	0.837607
-0.142968	-0.133101	0.980737
0.232473	0.246271	0.940907
-0.916756	0.123185	0.379978
-0.148955	-0.0791721	0.985669
0.242747	0.463805	0.852032
-0.00506049	-0.634265	0.773099
-0.010872	0.384809	0.922932
0.317245	0.712454	0.625912
-0.0623575	0.190472	0.97971
0.0169054	-0.110519	0.99373
-0.75045	0.210647	0.62646
-0.0389902	-0.33737	0.940564
-0.589719	0.315311	0.743512
-0.445136	-0.0978053	0.890106
-0.0304825	-0.226446	0.973547
-0.264456	-0.133113	0.955167
0.629854	0.0830339	0.772262
0.345958	0.278469	0.895973
-0.0398994	-0.127128	0.991084
0.0174467	0.214404	0.976589
-0.500118	-0.477677	0.722293
0.661228	-0.487289	0.570375
0.795248	-0.354477	0.49186
0.744604	0.228084	0.62733
-0.201349	0.282444	0.937915
-0.538398	-0.418027	0.731697
0.576828	0.172716	0.798398
0.00650765	-0.620623	0.784082
0.139107	-0.319939	0.93717
-0.306678	0.634512	0.709467
0.660669	0.519157	0.542211
-0.584545	-0.383392	0.715065
-0.278386	-0.480386	0.831704
0.452006	-0.360223	0.816046
-0.112283	-0.11075	0.987485
0.535736	0.60924	0.584649
-0.355428	-0.194548	0.914233
0.338872	0.300018	0.891715
0.222249	-0.618005	0.754106
-0.151351	-0.697483	0.700436
-0.062068	0.651472	0.756129
0.101052	0.803009	0.587337
-0.446937	0.496582	0.744079
-0.00118729	0.705628	0.708581
0.0108647	0.420809	0.907084
-0.235719	-0.723788	0.648512
-0.0743477	0.19828	0.977322
0.494348	0.107201	0.862628
0.29181	0.26244	0.919768
-0.537956	-0.397371	0.743438
-0.152646	0.390069	0.908045
-0.639558	0.417333	0.6456
0.332792	0.0542416	0.941439
-0.533983	0.585964	0.609516
0.143794	-0.208985	0.967289
0.416735	-0.212045	0.883951
0.693666	-0.206033	0.690201
0.486734	-0.268221	0.831353
-0.0187553	-0.317598	0.94804
0.459529	-0.550828	0.696722
0.0672447	0.116238	0.990942
-0.604212	0.598907	0.525584
0.161464	0.206144	0.965108
0.329983	0.691518	0.642584
0.607204	-0.259676	0.750913
0.328666	-0.253158	0.909884
0.621497	0.307123	0.720706
0.400025	0.581291	0.708576
0.243673	0.255024	0.935727
-0.535159	0.452121	0.713576
0.222535	0.0977697	0.97001
0.215427	-0.206287	0.954483
0.0345174	-0.330009	0.943346
0.733161	0.545709	0.405805
0.769478	0.0221864	0.638288
0.390056	0.0330173	0.920199
-0.32081	-0.703713	0.633931
0.825292	-0.22952	0.515959
-0.249706	0.241272	0.937782
0.349583	-0.529533	0.772908
0.522376	0.446418	0.726522
-0.183469	0.590569	0.785855
0.372858	0.773021	0.51324
0.734828	0.0431449	0.67688
0.867695	-0.0631303	0.493071
0.0256136	0.205793	0.97826
0.311823	0.216512	0.925143
-0.401403	0.128908	0.906785
-0.280063	-0.0434858	0.958996
0.0444945	-0.208513	0.977007
0.311232	0.223999	0.923558
-0.506704	-0.573706	0.643516
-0.281812	0.3121	0.90729
0.0459778	0.821039	0.569017
-0.327929	0.432004	0.84014
0.218754	-0.187567	0.957583
-0.158077	0.404659	0.900701
-0.0975545	0.667088	0.738564
0.122801	0.229605	0.965506
0.0357866	0.10154	0.994188
-0.0666524	-0.0120078	0.997704
-0.523331	0.599753	0.605327
-0.0542104	-0.520775	0.851971
-0.782267	0.164167	0.600922
0.119352	0.197827	0.972944
0.175521	0.584611	0.7921
-0.467568	-0.295241	0.833195
0.357507	0.177062	0.916972
-0.0536459	0.199626	0.978403
0.731972	0.0604396	0.678648
-0.221394	-0.452603	0.863791
0.136561	0.229729	0.963626
0.297406	0.377714	0.876859
-0.0764917	0.593401	0.801264
0.498052	-0.220066	0.838758
0.0250201	-0.567784	0.822797
0.334142	-0.232115	0.913494
-0.496761	-0.0673431	0.865271
0.221957	0.374819	0.900136
0.105364	-0.457723	0.88283
0.74752	-0.396103	0.533213
-0.117555	0.894693	0.430935
-0.578108	-0.332936	0.744946
0.218811	0.396595	0.891535
-0.503453	0.735836	0.452859
0.556039	-0.3853	0.736454
0.939643	-0.0305129	0.340792
-0.024608	-0.275757	0.960912
-0.745934	0.122917	0.654579
0.592045	0.497788	0.63379
0.419962	0.411885	0.808692
-0.0708932	0.172336	0.982484
-0.34891	0.0823741	0.933529
0.702724	-0.491173	0.514711
-0.353056	-0.0896296	0.931299
0.805228	-0.157379	0.5717
0.57819	-0.424973	0.696487
-0.351728	0.0118965	0.936026
0.243836	-0.656285	0.714027
0.416387	-0.216826	0.882954
0.319819	0.434974	0.841732
0.734861	0.0692356	0.674675
0.22535	-0.0249544	0.973958
0.733333	-0.356944	0.578631
0.505109	0.0819057	0.85916
0.130501	0.524168	0.841556
0.490866	-0.493742	0.717822
-0.194928	0.385813	0.901749
-0.769393	-0.0432011	0.637313
0.4923	-0.302352	0.816226
0.41475	0.0195176	0.909726
0.313734	0.233115	0.92045
0.442502	0.719221	0.535644
0.0194485	0.786481	0.617308
-0.0181684	0.858216	0.512968
-0.674711	-0.676296	0.295616
0.244178	-0.450463	0.858755
-0.16044	-0.698306	0.697587
0.0890497	0.340371	0.936065
0.00694238	-0.618719	0.785582
-0.839336	0.192855	0.508254
0.426706	0.712224	0.557368
0.618001	0.16378	0.768929
-0.460772	0.389889	0.797293
0.320578	0.552005	0.769754
0.621417	0.295069	0.725793
0.31724	0.467426	0.82515
0.518365	0.391198	0.760435
0.018917	0.474559	0.88002
-0.353291	-0.375576	0.856813
0.159071	-0.0659053	0.985065
-0.277725	-0.284521	0.91756
0.0175736	-0.11754	0.992913
0.0804767	0.673497	0.734796
-0.276949	0.345384	0.896666
0.10073	-0.109053	0.988919
-0.134045	0.495018	0.858481
0.335864	0.0136682	0.941811
-0.031131	-0.280501	0.959349
0.69188	-0.0325558	0.721278
-0.156947	-0.0952612	0.983002
0.477888	-0.0666788	0.875886
-0.184351	0.390851	0.901804
0.447202	0.381894	0.808806
0.697021	0.24541	0.673747
-0.821036	-0.291921	0.490593
0.508783	-0.45348	0.731775
-0.228386	0.363782	0.903052
0.223201	0.0811017	0.971393
0.456959	0.0136194	0.889384
-0.323322	-0.201631	0.924558
0.131979	-0.230103	0.964175
0.309197	-0.28405	0.907586
0.11359	-0.0788885	0.990391
0.425679	-0.122326	0.896568
-0.199118	0.0622156	0.977999
0.180281	-0.942068	0.282854
0.295639	0.0287912	0.954866
0.138182	-0.285574	0.948342
0.353739	0.645871	0.676549
-0.0546313	0.135402	0.989283
0.427379	0.542983	0.722853
-0.124397	0.404521	0.906029
-0.627479	0.0614387	0.776205
0.454768	-0.19687	0.868578
0.626673	-0.490836	0.605277
-0.445502	-0.199096	0.872863
-0.769796	-0.339196	0.540703
-0.129717	0.267524	0.95478
-0.337598	0.374311	0.863666
0.135423	0.475638	0.869154
0.314275	-0.621965	0.71721
0.422739	0.716554	0.554835
-0.246324	0.570784	0.783282
-0.51929	0.0024025	0.854595
0.0860853	0.287822	0.953807
-0.506335	0.290323	0.811996
-0.343261	0.105351	0.933313
0.0733343	0.380498	0.92187
0.304086	-0.00550915	0.952629
-0.225293	-0.96989	0.0924981
-0.575137	-0.375682	0.726691
-0.163353	-0.323012	0.932191
-0.250947	-0.353009	0.901338
0.554011	0.496949	0.667918
-0.147495	-0.196821	0.969282
-0.368384	0.697023	0.615184
0.91907	-0.0612872	0.389299
0.0317057	-0.0957474	0.994901
-0.0304439	-0.476043	0.878895
0.224472	0.200468	0.953638
-0.21294	0.502503	0.837942
-0.364385	0.0270626	0.930855
-0.598932	0.394251	0.697027
0.24135	0.187113	0.952229
0.479716	-0.426213	0.766952
0.161885	-0.15748	0.974163
0.582052	0.478225	0.657659
0.126736	0.851937	0.508076
0.00335502	0.0557345	0.99844
-0.419199	-0.568017	0.708258
-0.196653	0.55501	0.808265
0.0355413	-0.40284	0.91458
-0.254645	-0.74264	0.619389
0.43533	0.163877	0.88523
0.111889	0.185527	0.976248
-0.0210461	0.98213	0.187021
-0.699813	-0.144798	0.699497
-0.37133	0.458762	0.80725
0.0509993	-0.475107	0.878449
-0.0938432	0.102425	0.990304
-0.462096	0.0897419	0.882278
-0.00267396	0.366806	0.930294
0.194205	0.698501	0.688753
-0.348993	0.150268	0.924999
0.0595686	0.24718	0.967137
-0.0134368	-0.530654	0.847482
-0.0662201	0.194165	0.978731
-0.277733	-0.377878	0.883217
-0.63625	0.408626	0.654379
-0.248443	0.0594338	0.966821
-0.0679472	-0.150437	0.986282
-0.627777	0.77183	0.100873
-0.492919	0.0763478	0.866719
0.0114774	-0.0378394	0.999218
-0.58625	-0.729923	0.351459
-0.538414	0.209754	0.816158
-0.60882	-0.493538	0.621095
-0.301831	0.133308	0.943995
0.00153513	-0.272666	0.962108
-0.217542	0.289128	0.932245
-0.384609	0.36976	0.845786
-0.275611	0.60089	0.750313
0.505707	-0.0274677	0.862268
-0.0890061	-0.50937	0.855932
0.0429989	0.43227	0.900718
0.171943	0.0130705	0.98502
0.208482	-0.194495	0.958492
-0.69637	0.21759	0.683903
0.362632	-0.0373775	0.931183
-0.398343	0.181314	0.899138
-0.16237	-0.218084	0.962328
0.483413	-0.0149721	0.875264
-0.171414	0.742445	0.647605
0.304324	0.254414	0.917965
-0.0701088	0.213879	0.974341
0.67888	0.3063	0.667309
-0.580157	-0.366187	0.727547
0.179433	-0.347623	0.920305
0.216617	-0.358394	0.908092
-0.535812	0.136823	0.833177
0.0620989	-0.453383	0.88915
-0.405357	-0.382826	0.830139
-0.294659	0.550479	0.78112
-0.0800516	0.40842	0.909277
0.640772	-0.439441	0.629526
0.54197	0.0522178	0.838774
0.810555	0.00235604	0.585658
-0.548394	-0.163756	0.82003
0.0317886	0.498733	0.866172
0.000598495	0.841107	0.540868
-0.0143301	0.717347	0.696568
-0.270566	0.363651	0.891376
-0.2677	-0.566639	0.779267
0.19233	-0.408342	0.892338
0.113206	0.741149	0.661727
-0.30594	-0.00300681	0.952046
-0.23378	0.633032	0.737982
0.0242973	0.0612833	0.997825
0.0129672	0.369897	0.928982
-0.23317	0.315823	0.919722
-0.310237	-0.392695	0.865762
0.107531	0.276664	0.954932
0.256833	0.42007	0.87039
0.127436	-0.235837	0.963401
-0.158289	0.17435	0.971878
-0.085768	0.475087	0.875749
0.863089	0.502623	0.0494742
-0.128782	-0.220722	0.966797
0.351942	0.744706	0.567054
0.896272	0.333952	0.291845
-0.529905	-0.0177284	0.847872
0.0943345	0.0545649	0.994044
-0.497795	-0.723071	0.478925
-0.0664058	0.150279	0.986411
-0.47241	0.293735	0.830992
0.286787	-0.841066	0.458652
-0.209393	-0.571267	0.793605
-0.239984	0.545412	0.803078
-0.362542	-0.303207	0.881265
-0.788599	-0.135382	0.59982
-0.477038	0.0554125	0.877134
-0.0308276	-0.272471	0.96167
-0.116304	0.635074	0.763645
0.428542	-0.157501	0.889688
0.218777	-0.236207	0.946754
-0.475227	0.208309	0.854849
-0.696688	-0.459571	0.550836
-0.150914	-0.345705	0.926128
-0.0788901	-0.588722	0.804476
0.459891	0.0671342	0.885434
0.194986	-0.295525	0.935225
-0.351852	-0.413473	0.839786
-0.352389	-0.45837	0.815916
0.158039	0.163164	0.973859
-0.400072	0.229708	0.88723
-0.18293	-0.123028	0.975398
0.121626	0.149488	0.981255
-0.126511	0.108169	0.98605
-0.70773	0.591675	0.386057
-0.491045	0.144893	0.859
-0.688868	-0.235656	0.685513
-0.298301	-0.277038	0.913382
-0.109254	0.182836	0.977054
-0.0429598	-0.293514	0.954989
-0.0882756	0.165642	0.982227
0.230358	-0.682577	0.693559
0.0527261	-0.15733	0.986138
-0.158714	0.298576	0.941096
0.581593	0.217935	0.783743
-0.0318499	-0.105968	0.993859
-0.11123	-0.517163	0.848629
0.135879	0.486626	0.862979
-0.159907	0.655483	0.738087
-0.0218699	-0.186082	0.982291
-0.210253	0.333836	0.918884
0.072632	0.0606275	0.995514
0.194583	0.502675	0.842292
0.47982	-0.151322	0.864219
0.419135	0.424039	0.802818
0.603626	0.508768	0.613833
-0.0150478	0.285067	0.95839
0.538658	0.836443	0.10105
0.716372	-0.110977	0.688836
-0.19658	-0.00870436	0.980449
0.0198282	0.44709	0.894269
0.372209	0.393163	0.840764
-0.251871	0.20977	0.944753
-0.538724	0.19377	0.819896
-0.00383017	0.578658	0.815561
0.0236736	0.40971	0.911909
0.378541	0.240247	0.893861
-0.664463	-0.167316	0.728351
-0.0921318	0.132228	0.986928
0.0403102	-0.295924	0.954361
-0.132922	0.273146	0.952745
-0.0351972	-0.483631	0.874564
-0.291369	0.029431	0.956158
0.174901	0.546821	0.818777
-0.351534	0.442988	0.824734
-0.164719	0.883008	0.439504
-0.205206	-0.101771	0.973413
-0.134026	0.0974581	0.986174
0.225783	0.513823	0.827652
0.282297	-0.00583547	0.959309
-0.542882	0.529876	0.651545
-0.564868	-0.125227	0.815624
-0.308053	0.224185	0.924578
0.329609	-0.165852	0.929436
-0.0514804	-0.196092	0.979233
-0.662585	-0.333195	0.670792
0.530955	0.397037	0.748631
0.234647	0.0017439	0.972079
-0.50999	-0.328641	0.794925
0.13611	-0.0626241	0.988712
-0.435498	-0.467766	0.769114
0.251954	0.390948	0.885256
-0.300453	-0.561675	0.770875
-0.204482	0.320383	0.924955
-0.00232611	0.225502	0.97424
0.401224	-0.293183	0.867792
0.258224	0.948812	0.181871
0.0532681	-0.133528	0.989612
0.879163	0.226001	0.419519
-0.0128097	-0.451722	0.892067
-0.277911	-0.430575	0.858703
0.818326	0.289154	0.496723
0.120309	-0.812142	0.570921
-0.0996713	0.554635	0.826102
0.561703	0.204484	0.801671
0.0474546	0.142448	0.988664
0.0169532	0.212455	0.977024
-0.0604165	-0.164482	0.984528
-0.424314	0.08729	0.901298
0.0257851	-0.342463	0.939178
-0.540118	0.10608	0.834877
-0.487861	0.20785	0.847815
-0.304063	-0.737206	0.603384
0.0781954	0.429487	0.899681
0.264994	0.792663	0.549057
0.579937	0.230583	0.781348
0.258417	-0.277897	0.925199
-0.375732	0.786787	0.489685
-0.111267	-0.132525	0.984915
0.498703	0.594207	0.631041
-0.00907707	0.0801506	0.996741
-0.231457	0.637215	0.735109
0.119294	0.23318	0.965089
-0.127724	0.0301072	0.991353
-0.49442	0.657855	0.568134
-0.47166	0.304774	0.827436
-0.389121	-0.885506	0.253898
-0.04622	0.0229749	0.998667
0.364497	0.0250578	0.930867
0.194156	0.805229	0.560277
0.276497	0.00967005	0.960966
-0.163739	-0.178397	0.970239
0.419215	0.850022	0.318938
0.157607	-0.503855	0.849288
0.290728	-0.404278	0.8672
0.196271	0.426527	0.882923
-0.267706	-0.0268135	0.963127
-0.2753	0.00253176	0.961355
-0.519606	-0.323443	0.790819
0.429794	0.0461005	0.901749
0.290769	0.19381	0.936958
-0.072593	-0.102361	0.992095
-0.693962	-0.18813	0.694999
-0.129927	-0.572604	0.809471
0.299448	-0.271029	0.914808
-0.434125	-0.143685	0.88932
0.238438	0.262361	0.935048
0.561937	-0.500313	0.658721
0.696816	0.714684	0.0606099
-0.01305	-0.220621	0.975272
-0.635255	-0.341751	0.692573
-0.651572	-0.658096	0.377311
0.165701	-0.45537	0.874747
0.567377	-0.353738	0.743608
-0.159499	-0.65306	0.740319
-0.26805	-0.279954	0.921832
-0.186802	-0.367646	0.911011
0.0609796	0.339481	0.938634
-0.379217	-0.252248	0.890261
0.172518	0.529025	0.830885
0.53475	0.504741	0.677701
0.0468241	-0.226061	0.972987
0.462894	0.0754725	0.883195
-0.596207	0.0465787	0.801478
-0.56546	-0.48185	0.669384
0.567763	0.729561	0.381295
-0.106859	0.128643	0.985917
0.423367	0.485077	0.765154
-0.119494	0.030236	0.992374
-0.163891	0.306306	0.937719
-0.10521	0.148098	0.98336
0.197317	-0.826262	0.527596
-0.290983	-0.107973	0.950616
0.0355518	0.122366	0.991848
-0.0554245	-0.445273	0.893678
0.261798	0.209682	0.94207
0.332706	-0.0149388	0.942912
0.714858	0.184297	0.674546
-0.0895987	0.0552315	0.994445
-0.164383	-0.119384	0.979145
-0.146723	-0.241867	0.959152
-0.615707	-0.285851	0.734299
0.356358	-0.321536	0.877282
0.793256	0.101054	0.600444
-0.0849412	-0.326954	0.941215
0.604621	0.0545881	0.794641
-0.123668	-0.0770815	0.989325
0.759894	-0.139144	0.63498
-0.11657	0.416417	0.90167
0.353119	-0.20919	0.911892
0.316196	0.756087	0.57302
-0.069242	0.780899	0.620808
-0.114216	0.474154	0.873002
-0.0459601	0.0695084	0.996522
0.608279	0.603549	0.515486
-0.0166517	0.292957	0.955981
0.26542	0.331756	0.905257
0.303363	-0.296859	0.905453
-0.578937	-0.618432	0.531389
0.151776	-0.242417	0.958227
-0.464208	0.161411	0.870895
0.465039	0.643205	0.608297
0.113121	0.288887	0.950656
-0.0905102	0.317988	0.943765
-0.00530011	-0.0409234	0.999148
-0.848172	-0.276545	0.451804
-0.030947	-0.48722	0.872731
-0.253661	-0.462471	0.849574
0.197453	-0.332928	0.922047
0.885588	0.15319	0.438482
-0.0939968	-0.418269	0.903447
-0.0849168	0.401695	0.911828
-0.309935	-0.0692339	0.948234
0.0367751	-0.588314	0.807796
0.181619	0.041204	0.982505
-0.0435408	-0.298851	0.953306
-0.251411	0.365106	0.896376
0.0898923	-0.072434	0.993314
0.00726084	0.0403743	0.999158
0.0454137	-0.448347	0.892705
0.0994195	-0.613274	0.783589
0.00152472	0.283206	0.959058
-0.188654	0.1539	0.969909
0.197464	-0.127548	0.971977
0.115128	0.186608	0.975665
-0.51242	-0.0671045	0.856109
0.400192	0.620465	0.67444
0.596106	0.324963	0.734205
-0.0651875	0.159099	0.985108
0.253273	-0.273887	0.927814
0.0345842	0.627908	0.777519
-0.00282543	-0.324737	0.9458
-0.418119	0.17401	0.89157
-0.233945	0.302224	0.924083
0.353113	0.421022	0.835495
-0.31548	0.0976589	0.943893
-0.277046	0.127798	0.95232
0.0457123	-0.179784	0.982643
-0.424836	-0.0647977	0.902948
-0.666582	0.490632	0.561203
-0.140738	0.115602	0.983275
-0.0168388	-0.982248	0.186832
-0.198545	0.820227	0.536476
0.0535394	-0.38162	0.922767
0.789631	0.324291	0.520881
-0.0321164	-0.36249	0.931434
0.450349	0.299126	0.841255
-0.102212	0.361067	0.926921
0.116142	-0.250572	0.961106
-0.353043	-0.0434417	0.934598
-0.47282	0.856155	0.208423
0.146229	-0.128566	0.980861
0.377399	0.121638	0.918027
-0.174113	-0.149073	0.973377
0.244509	0.166013	0.95533
0.848038	0.0886808	0.522463
0.105561	0.0607189	0.992557
0.090167	0.568065	0.818029
-0.144565	0.395892	0.906846
-0.380754	-0.29048	0.877865
0.165742	-0.201452	0.965374
-0.170326	-0.276485	0.945804
0.266961	-0.491699	0.828833
0.188674	-0.000359268	0.98204
0.445851	-0.221508	0.867266
0.745176	-0.0897375	0.660802
-0.33892	-0.317883	0.885485
0.156224	-0.738176	0.65627
-0.331076	-0.342931	0.879083
-0.308365	-0.316623	0.897029
-0.123083	-0.379526	0.916957
-0.481188	0.24233	0.842457
0.503733	0.579184	0.640936
-0.141163	-0.0879319	0.986073
-0.10324	0.280443	0.954302
-0.0358035	0.293292	0.955352
-0.546901	-0.488139	0.680161
-0.201999	-0.825605	0.526852
-0.460643	-0.190149	0.866979
-0.024207	-0.124925	0.991871
0.0627587	-0.220298	0.973412
-0.0432276	-0.0264358	0.998715
0.209164	0.487651	0.847612
-0.848339	0.129821	0.513291
-0.577775	-0.00449215	0.816184
-0.697502	0.48827	0.524484
0.462135	-0.212823	0.860893
-0.192662	-0.0658673	0.979052
-0.534256	0.240777	0.810307
-0.0964514	0.12504	0.987452
-0.421335	0.267507	0.866555
-0.378136	-0.0757658	0.922644
-0.107634	0.860868	0.497313
-0.521982	0.300551	0.798251
-0.4185	-0.244965	0.874557
0.125792	-0.389298	0.912482
0.465329	0.204867	0.861103
0.342527	0.153241	0.926926
-0.389143	0.114511	0.914032
-0.101868	-0.025901	0.994461
-0.479834	-0.199591	0.854355
-0.0790952	0.211213	0.974235
0.422347	-0.312738	0.850775
-0.506341	-0.143974	0.85023
0.202237	0.774662	0.599165
0.413314	0.282534	0.865648
0.0786058	-0.180364	0.980454
-0.329037	-0.0722426	0.94155
-0.240358	0.683822	0.688923
0.190011	0.123458	0.973989
-0.0570331	0.139802	0.988536
0.740938	0.320283	0.590279
0.823267	0.29055	0.48766
0.0234076	0.106783	0.994007
0.249405	0.0881011	0.964384
-0.439972	0.839424	0.319049
0.435599	-0.122978	0.891701
0.370927	0.356302	0.857591
0.0954901	0.344695	0.933845
0.455297	-0.194149	0.868913
0.40347	0.658785	0.634991
-0.792493	0.466743	0.392562
0.00403798	0.297178	0.954814
0.225522	0.171719	0.958985
0.441108	-0.22184	0.869604
-0.207232	0.52576	0.825004
-0.0514537	0.700979	0.711323
-0.478248	-0.111094	0.87117
-0.268868	0.195717	0.943083
-0.725842	-0.167309	0.667204
-0.895047	0.208245	0.394365
-0.326734	-0.815407	0.477867
-0.618385	0.237132	0.749245
-0.0625643	-0.0679156	0.995727
0.740935	0.0634415	0.668574
-0.511767	0.0882766	0.854577
-0.588728	-0.184605	0.786969
-0.410967	0.055011	0.909989
0.339014	-0.0851073	0.936924
-0.394423	0.348645	0.850222
-0.469519	0.363018	0.804841
-0.131306	0.363573	0.922265
0.38722	0.086378	0.917932
-0.605337	0.0740703	0.792515
0.183869	-0.0565396	0.981323
0.18908	0.212038	0.958795
-0.247009	0.0390059	0.968228
0.164385	-0.218107	0.961981
0.274211	0.750348	0.601487
0.406514	0.563293	0.719338
-0.689839	0.309968	0.654249
-0.370563	0.496403	0.785027
0.413633	0.474066	0.777283
-0.263932	0.279616	0.923122
0.497569	-0.0700273	0.864593
0.303218	-0.32462	0.895924
0.374548	0.713516	0.592123
0.676741	-0.083498	0.731471
0.286817	0.27684	0.917113
-0.056554	0.449101	0.89169
-0.791328	-0.23782	0.563243
0.476421	0.0346754	0.878533
-0.592395	0.383361	0.708592
0.525526	-0.095622	0.845387
0.204848	-0.249241	0.946528
-0.355426	0.167107	0.919645
0.250909	-0.733753	0.631388
-0.692563	0.0781215	0.717115
0.557167	-0.235733	0.796238
-0.495559	0.732321	0.467041
0.244138	0.434348	0.867029
0.327211	0.19351	0.924925
-0.258084	0.030175	0.965651
0.856206	0.377647	0.352554
-0.0584002	-0.0624326	0.996339
-0.621198	0.173903	0.764114
-0.628615	0.596019	0.499605
-0.429581	0.492514	0.756895
-0.579761	0.399454	0.71015
0.581453	0.438683	0.685179
-0.342174	0.752439	0.562807
-0.156608	-0.290658	0.943924
-0.383077	-0.00435743	0.923706
0.213561	0.0172765	0.976777
-0.194284	0.368866	0.908951
0.0559135	-0.525764	0.848791
-0.0459662	0.557227	0.829087
0.193155	0.510225	0.83807
0.557676	0.53694	0.633003
-0.752929	0.502997	0.424373
0.264187	0.951392	0.158298
0.0132858	0.141356	0.98987
-0.151237	0.0810143	0.985172
-0.712993	-0.190428	0.674817
-0.363609	-0.00781228	0.931519
-0.24978	0.57774	0.777062
-0.349796	0.312407	0.883201
-0.124676	-0.36738	0.921677
-0.307734	-0.548798	0.777252
0.625929	0.342255	0.700767
-0.468898	-0.499855	0.728203
-0.658485	-0.128279	0.741581
0.360104	-0.235571	0.90268
0.190779	0.196754	0.961713
-0.151941	-0.567053	0.809546
0.120721	-0.0535751	0.99124
0.0593373	-0.125356	0.990336
0.0842099	-0.615488	0.783634
0.819489	-0.24808	0.516618
0.786094	-0.410148	0.462423
-0.202671	-0.342306	0.91747
-0.32603	-0.14499	0.934175
0.31497	0.0506144	0.947751
-0.154794	0.7904	0.592711
-0.136046	-0.0519432	0.98934
0.330766	-0.0322438	0.943162
0.260954	0.621061	0.739044
0.383762	0.0855074	0.919464
0.342409	-0.282275	0.896146
-0.154919	-0.568131	0.808225
0.10241	-0.826938	0.552889
0.275614	-0.625058	0.730301
-0.501314	-0.0985807	0.859631
-0.148934	0.317688	0.936426
0.609373	0.601269	0.516856
0.816293	-0.347767	0.461221
0.0779997	-0.0858359	0.993251
0.0215229	-0.0449512	0.998757
0.027791	-0.695183	0.718296
-0.119253	0.245053	0.962148
0.151681	-0.0174694	0.988275
0.574671	0.595906	0.560936
-0.307973	0.495679	0.812068
0.331925	-0.311202	0.890494
0.104068	-0.114861	0.987915
0.342641	-0.0555631	0.937822
-0.777069	-0.29255	0.557296
-0.576417	-0.230107	0.784088
-0.331133	-0.681125	0.653008
-0.478369	0.0146766	0.878036
-0.371183	0.268762	0.888814
0.211324	0.372228	0.903763
-0.593771	-0.357005	0.721098
-0.151924	-0.511549	0.845717
-0.654409	-0.140245	0.743021
-0.030006	0.639498	0.768207
-0.683769	0.226805	0.693555
0.183563	0.194	0.963675
0.278574	-0.768769	0.575665
-0.347029	-0.310671	0.884904
0.458458	0.0451936	0.887566
-0.2218	-0.0465022	0.973983
-0.36684	0.216406	0.904763
0.0460035	0.177957	0.982962
0.480343	0.516748	0.70869
0.505857	-0.335458	0.794718
-0.0102992	0.0296573	0.999507
-0.332859	-0.404285	0.851915
-0.222637	0.413935	0.882661
0.329804	-0.285666	0.899791
-0.0307864	-0.492879	0.869553
-0.574708	0.313942	0.755745
0.163349	-0.294377	0.941626
0.051405	0.613539	0.787989
0.258495	0.211051	0.942676
0.626007	-0.136922	0.767703
0.0714179	-0.616574	0.784051
-0.048854	-0.0988878	0.993899
0.925671	0.162777	0.341522
0.17048	-0.23579	0.956734
0.148277	0.963174	0.224299
-0.520444	-0.280165	0.806626
0.126076	-0.0918488	0.987759
-0.154915	-0.572085	0.805432
-0.372857	0.292415	0.880609
0.0793039	0.988673	0.127423
0.0913077	-0.00980813	0.995774
0.16725	0.0432291	0.984966
-0.941905	-0.271053	0.198357
-0.296582	0.36682	0.88175
0.439709	-0.0896032	0.89366
0.167048	-0.253973	0.952677
0.48365	0.0824647	0.871368
-0.0299936	0.465857	0.884352
-0.215477	0.0824244	0.973024
0.394128	0.118224	0.91142
0.0262438	-0.69789	0.715724
0.0229592	0.442305	0.896571
0.348336	0.113973	0.930415
0.358762	0.657723	0.662337
-0.316177	0.0481467	0.947478
-0.698195	0.126527	0.704638
0.696628	0.143617	0.702911
0.0448003	-0.361872	0.931151
0.185547	-0.530218	0.82731
-0.0492675	-0.00601475	0.998768
0.113401	0.419504	0.900642
0.083184	-0.83686	0.54106
-0.311243	-0.0710357	0.947672
0.629364	-0.35149	0.693077
-0.229995	0.287073	0.929888
-0.103986	-0.0778058	0.991531
-0.107782	-0.621647	0.775847
-0.107194	-0.183975	0.977068
-0.380343	0.431772	0.817871
0.255824	-0.27261	0.92749
-0.961843	-0.234534	0.140894
0.131843	0.673013	0.727785
-0.0709777	0.206501	0.975868
0.476458	-0.0712513	0.876305
0.063342	-0.757633	0.6496
0.43111	0.331241	0.839299
0.0544552	-0.328593	0.9429
-0.505829	0.215616	0.835252
-0.624269	-0.00389643	0.7812
0.472665	-0.517362	0.713389
-0.548668	-0.309489	0.776646
-0.652916	0.0746263	0.753745
-0.133216	0.522965	0.841879
0.251151	-0.439151	0.862595
-0.747554	0.280096	0.602253
-0.102098	-0.0434468	0.993825
0.0982018	-0.318914	0.942683
0.0421307	-0.203919	0.978081
0.37904	-0.426032	0.821478
0.565518	0.520215	0.639973
-0.198924	-0.18977	0.961466
-0.117907	-0.333262	0.935433
0.171481	0.0218287	0.984946
0.0325387	-0.633823	0.772793
0.255961	-0.23329	0.938115
0.184936	-0.39921	0.898015
0.528398	0.0458846	0.847756
0.197456	-0.0290752	0.97988
0.762454	0.619629	0.186342
-0.0212465	0.0575807	0.998115
0.056648	0.505463	0.860987
0.30973	-0.50538	0.805393
0.0954388	-0.440211	0.892808
0.206463	-0.229528	0.951152
0.0788958	-0.486496	0.870113
-0.334045	0.197162	0.921705
0.345357	0.208837	0.91494
0.658385	-0.121308	0.742842
0.0845339	-0.208455	0.974372
-0.442122	-0.173848	0.879946
0.457839	-0.388981	0.799423
-0.268209	-0.829718	0.489521
-0.570984	-0.147848	0.807538
-0.0591208	-0.092232	0.993981
0.668269	0.245833	0.702127
0.214849	0.247652	0.944727
0.401944	0.913209	0.0670142
0.141868	0.379007	0.914455
-0.292449	0.494271	0.818639
-0.385615	-0.199806	0.900766
0.00527781	-0.601132	0.799132
0.137169	-0.134464	0.981379
-0.283333	-0.261947	0.922554
0.157671	-0.380659	0.911175
-0.215113	0.178039	0.960223
0.376192	0.175181	0.90983
0.123827	-0.0404535	0.991479
-0.512606	0.561721	0.649387
-0.554992	0.351027	0.754165
0.182704	-0.0247374	0.982857
0.148776	0.0732306	0.986156
0.383802	-0.388292	0.83781
-0.203443	0.60036	0.77342
-0.342008	0.70413	0.622279
0.356831	0.561951	0.746246
0.366417	0.702287	0.610354
-0.0455377	-0.224099	0.973502
-0.20616	0.528075	0.823793
0.00237312	0.0856485	0.996323
-0.268934	0.543118	0.795423
-0.529923	-0.614712	0.584219
0.512918	0.491296	0.703948
0.322976	0.12583	0.938005
0.177165	0.194341	0.964803
-0.287273	0.182283	0.940344
0.356596	0.201994	0.912161
0.280292	0.431252	0.857588
-0.123595	-0.0241807	0.992038
-0.243893	-0.161159	0.956318
0.574096	-0.0533561	0.817048
-0.0163183	0.541545	0.840513
0.187672	-0.157896	0.969458
0.786646	0.507177	0.352078
-0.221135	-0.302261	0.92722
0.22198	0.392579	0.892528
-0.315227	0.659126	0.682778
0.702424	-0.00288824	0.711753
0.582094	0.786985	0.204505
-0.643247	-0.0971341	0.759472
0.123862	0.350405	0.928372
0.0320891	-0.0944455	0.995013
0.103184	-0.780308	0.616825
-0.0444036	-0.185287	0.981681
-0.175564	0.271912	0.946172
0.0484815	-0.208111	0.976903
-0.527098	-0.238653	0.815606
-0.216248	-0.308024	0.926476
0.667091	0.666247	0.333323
0.515315	-0.193408	0.834891
-0.141468	0.204576	0.968574
-0.126002	-0.123758	0.98428
0.357603	0.0888286	0.92964
-0.597945	-0.438615	0.670879
0.220506	-0.166421	0.961083
0.0545117	-0.261038	0.963788
0.0693676	-0.338927	0.938252
-0.368969	-0.289695	0.883141
0.428897	-0.253427	0.867077
-0.966528	0.0313413	-0.254641
-0.00056023	-0.405779	0.913971
0.663968	0.611155	0.430855
-0.414172	0.328774	0.848745
0.0713418	-0.566133	0.821221
-0.325771	0.499594	0.80267
0.203659	0.188029	0.960816
-0.43513	-0.151209	0.88758
0.287395	0.386914	0.876186
-0.0418651	0.345189	0.937599
-0.223936	-0.169103	0.959821
-0.644775	-0.44062	0.624596
-0.377993	-0.416456	0.826853
0.208452	-0.146975	0.966926
0.351958	-0.460255	0.81504
0.507294	-0.236154	0.828785
-0.429329	-0.873053	0.231202
-0.309062	-0.131213	0.941947
0.20099	0.226182	0.953124
0.120864	0.564211	0.816736
0.401343	0.748053	0.528527
-0.187541	0.354951	0.915881
-0.361731	-0.185544	0.913633
-0.571865	0.0681081	0.817516
-0.251874	0.368451	0.894876
0.505741	-0.306594	0.806366
0.0912605	-0.780408	0.618575
-0.251063	0.804315	0.538557
0.0503186	-0.0143431	0.99863
-0.293901	0.122066	0.94801
0.467929	0.106219	0.877359
-0.116049	0.0162091	0.993111
0.0061203	-0.217756	0.975984
0.120334	-0.76944	0.627282
0.36738	-0.566333	0.737766
0.619172	0.347524	0.704168
-0.0393284	0.737622	0.674068
-0.535392	0.792836	0.291147
-0.428452	0.303127	0.851201
-0.374141	0.55395	0.743746
-0.00518331	-0.162447	0.986704
-0.326142	-0.335633	0.883732
-0.397269	0.00132105	0.917701
-0.299063	0.0271008	0.953849
-0.150505	-0.384018	0.910976
-0.445381	-0.416324	0.79266
-0.271764	-0.812448	0.515822
0.547172	0.535369	0.643415
-0.0082016	0.205303	0.978664
-0.618369	0.315936	0.719586
0.194931	-0.100876	0.975616
0.383814	-0.325943	0.863972
-0.260444	0.0966212	0.960642
-0.379783	0.0686883	0.922522
0.107269	-0.179128	0.97796
0.749384	0.0820437	0.657033
-0.77655	0.401031	0.485947
-0.0918386	-0.113618	0.989271
0.440228	0.0359008	0.897168
-0.605757	-0.345507	0.716717
-0.679572	0.036099	0.73272
0.582661	-0.0841811	0.808344
0.134819	0.0051385	0.990857
-0.264064	0.236782	0.934989
-0.579931	0.0296542	0.814126
0.370642	0.45077	0.812054
-0.496759	-0.213595	0.841194
-0.54663	0.342048	0.764329
-0.189477	0.47104	0.861522
0.294735	0.436476	0.85007
-0.027506	-0.373898	0.927062
-0.0808528	-0.289098	0.953879
-0.252801	-0.355326	0.899908
-0.323206	-0.940149	0.107968
-0.265282	-0.532821	0.803571
0.137054	0.210286	0.967985
-0.17367	-0.278908	0.944483
-0.0885391	-0.588954	0.803302
0.00976769	-0.0412588	0.999101
-0.095097	-0.423693	0.9008
0.193712	-0.383382	0.903047
-0.0845619	-0.312392	0.946182
0.178577	-0.719118	0.67155
0.00861212	-0.647823	0.761743
0.263156	-0.829878	0.491988
-0.710868	0.512547	0.481625
-0.0794303	-0.938123	0.337069
0.285492	-0.451174	0.845539
-0.24345	0.305965	0.92039
0.0254865	-0.133278	0.990751
-0.191839	-0.940936	0.278992
0.291037	0.178972	0.939823
-0.947286	0.25229	0.197483
0.245545	-0.291346	0.924568
0.499621	0.257475	0.827095
-0.959791	0.107432	0.259343
0.203326	-0.121104	0.971593
-0.173112	0.119293	0.977651
-0.797155	-0.38068	0.468643
-0.355782	0.292551	0.8876
-0.220669	-0.0350696	0.974718
-0.754888	0.408388	0.51319
-0.453281	0.42072	0.785832
0.306964	-0.277797	0.910276
-0.598563	0.000222524	0.801076
0.194042	-0.16665	0.966734
0.429914	-0.767358	0.475747
-0.324013	0.012396	0.945972
-0.476982	0.023042	0.878611
-0.126503	-0.506421	0.852957
0.296413	0.00269885	0.955056
-0.54119	-0.202983	0.816034
-0.513594	0.416022	0.750431
-0.0602529	-0.804863	0.590395
-0.566408	0.320976	0.759049
0.308027	-0.0458505	0.950272
0.153042	-0.164915	0.974362
0.775224	-0.15847	0.611486
-0.0525438	0.742453	0.667835
-0.138309	0.393153	0.909011
0.133433	-0.868747	0.476943
-0.0478767	0.577508	0.81498
-0.469989	0.169789	0.866188
0.150419	-0.43836	0.886123
0.75568	0.0176056	0.654704
-0.3874	0.264197	0.883245
-0.322361	-0.648	0.690057
-0.0627369	-0.942248	0.328987
0.30902	0.131033	0.941986
0.377362	0.767827	0.517725
-0.155417	0.265396	0.951531
-0.154486	0.478571	0.864352
-0.331195	-0.00257042	0.943559
-0.0566374	-0.569031	0.820363
-0.753071	-0.37775	0.538691
0.558364	0.0788057	0.825845
0.0881254	0.543676	0.834655
-0.255825	-0.452268	0.854404
0.16983	0.3961	0.902365
0.0848124	-0.319744	0.9437
-0.54242	-0.514872	0.663843
-0.425329	-0.289296	0.857557
0.401471	-0.497043	0.769265
-0.295245	-0.119928	0.947865
-0.00849218	-0.944527	0.328324
-0.546191	-0.280415	0.789331
0.698513	-0.418006	0.580818
-0.943849	-0.328209	0.0377889
0.255957	0.277193	0.926094
-0.244516	-0.369002	0.896688
0.143899	0.264484	0.953594
0.397481	0.0077614	0.917577
0.399067	-0.739145	0.542595
0.641142	0.0675393	0.764444
-0.170872	0.103349	0.979858
0.169297	-0.544604	0.821429
-0.176186	-0.217865	0.959945
-0.429141	0.725432	0.538133
-0.669502	-0.13708	0.730052
-0.241408	-0.180276	0.953532
-0.661897	-0.35168	0.661977
0.475682	0.137195	0.868852
-0.399417	0.447053	0.800381
0.0184382	0.472747	0.881005
0.30903	0.220825	0.92506
0.454068	0.0871688	0.886693
0.42141	-0.2593	0.869009
-0.328598	0.0896634	0.940204
0.361467	-0.35347	0.862787
0.362013	0.0374109	0.931422
-0.552942	0.293996	0.779629
0.419038	-0.0762409	0.904762
0.57218	-0.598538	0.56068
-0.0258502	0.400173	0.916075
-0.601682	-0.0769717	0.795018
-0.457205	-0.122315	0.88091
-0.218576	0.2407	0.945668
-0.0157277	0.0508387	0.998583
-0.625661	0.209258	0.751505
-0.0983446	-0.0521393	0.993786
-0.201998	0.0815302	0.975986
0.386997	0.0429106	0.921082
-0.616736	-0.275213	0.737492
-0.452145	0.00492984	0.891931
0.0219936	-0.0319204	0.999248
0.346276	-0.0496516	0.936818
0.502065	0.294002	0.813322
-0.213802	-0.504427	0.836566
0.0435427	0.0833333	0.99557
-0.340376	-0.359639	0.868795
0.716234	-0.156765	0.680025
0.269184	0.02802	0.962681
0.29678	-0.407359	0.863701
-0.11022	0.171461	0.979006
-0.666198	-0.123901	0.735411
0.746384	-0.109178	0.656499
-0.251995	-0.352054	0.901419
0.151127	-0.744355	0.650458
-0.390714	-0.148517	0.908452
0.0124082	0.253652	0.967216
0.0386301	0.562699	0.825759
0.646103	0.0582514	0.761024
-0.189234	-0.039315	0.981145
-0.376731	-0.0439472	0.92528
0.31847	-0.260465	0.911447
-0.321071	-0.654531	0.684472
-0.588176	-0.129155	0.798354
0.116445	0.452372	0.884195
-0.176113	0.238273	0.955097
0.0912574	0.285464	0.954035
-0.290018	-0.645225	0.706805
-0.71568	-0.280316	0.639706
-0.254918	-0.391216	0.884289
0.435374	-0.174245	0.883226
-0.0844904	-0.366614	0.926529
0.25509	0.314026	0.914504
0.609679	-0.228204	0.759088
-0.109197	-0.225718	0.968053
0.630781	-0.123388	0.766088
0.598703	0.450138	0.662518
0.46872	0.26042	0.844087
0.0162803	-0.0811968	0.996565
0.64063	-0.515346	0.569221
0.602381	-0.485482	0.633596
0.319479	0.720418	0.615574
-0.263241	-0.248866	0.932078
-0.606918	0.148798	0.780711
-0.319715	0.637808	0.700702
0.425274	-0.222756	0.877224
0.586607	0.654566	0.476903
0.0061584	-0.388781	0.92131
0.0819093	0.471358	0.87813
-0.498086	-0.578612	0.645847
0.0725136	0.425649	0.901978
-0.598159	0.385986	0.702297
-0.441628	-0.291266	0.848604
-0.356707	0.812468	0.461146
-0.244016	0.0798364	0.966479
0.502868	0.193277	0.842477
-0.460941	-0.277632	0.842884
-0.652401	0.172389	0.738007
0.369149	0.179356	0.911899
-0.499178	-0.261425	0.826123
-0.0479671	0.828132	0.558477
0.00271045	0.525201	0.850974
0.261866	-0.530856	0.805989
-0.117949	0.610459	0.783217
-0.635005	-0.0954155	0.766593
0.129437	0.157737	0.978961
0.373707	-0.192017	0.907454
0.362728	0.35003	0.86366
-0.579217	0.584653	0.568057
-0.206975	-0.115758	0.971474
-0.37293	-0.776724	0.507565
0.684968	0.3598	0.633532
-0.000686243	-0.0906645	0.995881
-0.522043	-0.152849	0.839111
0.522078	-0.267051	0.810011
0.0337969	-0.58897	0.807448
-0.392771	0.246181	0.886073
0.0670223	-0.740605	0.668589
0.657005	-0.0788501	0.749752
0.34705	0.35548	0.867865
-0.892254	-0.0869624	0.443081
0.334641	-0.742745	0.579953
0.041411	-0.400515	0.915354
-0.656722	-0.0219704	0.753813
-0.306815	-0.749906	0.586094
-0.150925	-0.357428	0.921665
-0.00267269	0.241032	0.970514
0.543515	0.317201	0.777158
0.319966	0.00861613	0.94739
0.184462	-0.648334	0.738672
-0.0745546	-0.202899	0.976357
-0.231564	-0.483142	0.844365
0.589622	0.134257	0.796442
0.0950218	0.383267	0.918737
0.105769	-0.0621711	0.992445
-0.407841	-0.295418	0.863941
-0.0609793	-0.658877	0.749775
0.675214	-0.0761345	0.733682
-0.4436	-0.0455532	0.895066
0.332362	0.242253	0.911509
-0.0966295	0.707235	0.700344
0.662602	0.335719	0.669516
-0.125872	0.374628	0.918591
-0.0820982	-0.468078	0.879865
0.0954853	-0.265158	0.959465
0.407804	0.391481	0.824887
-0.246351	-0.241665	0.938568
0.4494	0.56733	0.690055
0.617523	-0.225258	0.753607
0.0455904	0.408376	0.911675
0.0269387	0.167495	0.985505
-0.164455	-0.0119478	0.986312
-0.118954	-0.176484	0.977089
-0.00999331	0.306333	0.951872
0.190301	0.665723	-0.721525
-0.986411	0.144048	-0.0790101
-0.221569	0.0725851	0.97244
-0.55597	0.325193	0.764949
-0.0155159	0.466392	0.884442
0.0282201	0.0518703	0.998255
0.177404	0.481758	0.858159
0.229681	0.357195	0.90535
0.223277	0.155733	0.962234
-0.138493	-0.502348	0.853502
-0.459502	-0.0286286	0.887715
0.179267	0.158679	0.970919
0.62539	0.46657	0.62546
-0.717528	0.28451	0.635773
0.207997	-0.305456	0.929211
0.16716	0.283023	0.944434
-0.0646421	0.222409	0.972808
-0.437527	-0.12061	0.89108
0.142412	0.485981	0.862288
-0.207664	-0.124312	0.970269
-0.478148	0.607995	0.633811
0.380441	-0.279154	0.881667
-0.371568	-0.459689	0.806612
0.244858	-0.13437	0.960203
-0.415211	0.369191	0.831443
-0.533685	-0.839505	0.102039
-0.265286	0.456361	0.849328
0.138267	0.653018	0.744614
0.421246	0.122894	0.898582
0.569148	-0.443544	0.692344
-0.166068	0.60394	0.779537
-0.153738	0.716059	0.680899
0.418895	-0.480624	0.770408
0.11633	0.0944279	0.988712
0.424239	-0.785982	0.449725
-0.0532058	-0.00958163	0.998538
-0.235385	0.0136824	0.971806
-0.327319	0.294898	0.897718
-0.97033	-0.201117	0.134208
0.401303	-0.700623	0.589985
-0.762759	0.25191	0.595601
0.474067	-0.277335	0.835671
-0.043432	0.169699	0.984538
0.623842	0.761237	0.177027
0.387306	0.534896	0.75092
-0.444911	0.471895	0.761163
0.226255	-0.47626	0.849697
0.178536	-0.208886	0.961505
0.755068	0.104772	0.647221
-0.0666371	0.330956	0.94129
-0.0842006	0.0383708	0.99571
0.0998406	0.182356	0.97815
-0.691406	0.722384	0.0109169
0.255783	0.286682	0.923249
-0.155056	0.13726	0.978324
-0.407971	0.14373	0.90161
-0.743545	0.218615	0.631941
-0.389324	0.203053	0.898441
0.00386027	0.0811139	0.996697
-0.37348	0.0414106	0.926714
0.450489	0.0786124	0.889314
0.0591853	0.608753	0.791149
0.529821	-0.285418	0.79864
-0.696048	0.5907	0.408154
-0.0717159	0.164178	0.98382
0.452516	-0.0882644	0.887377
0.307596	0.221744	0.925318
0.338861	0.40193	0.850662
0.349365	0.187578	0.918019
-0.604709	-0.453125	0.654985
0.119659	-0.0469053	0.991706
0.307537	0.463775	0.830863
-0.160876	0.706859	0.688817
-0.285955	0.828713	0.481108
-0.304224	0.642661	0.70316
-0.394158	0.705945	0.588456
-0.530285	-0.329499	0.781171
-0.544317	-0.724824	0.422313
-0.642034	-0.0710707	0.763375
0.0697769	-0.331129	0.941002
-0.320257	0.315634	0.893203
0.00686378	0.033011	0.999431
-0.482412	0.472867	0.737343
0.0984778	0.274924	0.956409
-0.297393	-0.26034	0.918576
0.417425	-0.299608	0.8579
-0.0470349	0.0811798	0.995589
-0.554369	0.41384	0.722088
-0.472676	-0.25303	0.844129
-0.202904	0.0521979	0.977806
0.519946	0.61384	0.594017
-0.291028	0.344083	0.892698
0.0800353	-0.438211	0.895302
-0.0421392	-0.455687	0.889142
0.73914	0.119405	0.662883
-0.621016	-0.0442781	0.782546
0.158179	-0.724692	0.670672
-0.224861	0.142189	0.963961
-0.238359	0.667139	0.705769
-0.383325	0.107951	0.917283
0.478953	-0.334484	0.811618
0.654411	-0.0318427	0.755469
-0.594601	-0.0937145	0.798541
-0.254879	0.307288	0.916848
0.460433	0.0883143	0.88329
-0.162736	0.287991	0.943704
0.290409	-0.369386	0.882733
-0.233418	-0.0903494	0.96817
-0.304335	0.542576	0.782938
0.625917	0.00359402	0.779881
0.483027	-0.48783	0.727122
-0.894693	-0.445847	0.027277
-0.00816497	-0.0933335	0.995601
0.00827554	0.255543	0.966762
-0.0196519	0.148175	0.988766
0.495451	0.414885	0.76315
0.595822	-0.176866	0.783399
-0.151804	0.0386183	0.987656
-0.268397	0.0200691	0.963099
0.0568535	-0.163088	0.984972
0.130949	0.686126	0.7156
0.607645	-0.626445	0.488194
-0.515217	-0.441063	0.734857
0.43493	0.0307547	0.899939
0.450542	0.032383	0.892168
0.139352	0.586205	0.798088
0.52393	-0.0965299	0.846274
0.597795	0.384229	0.703569
-0.474851	-0.0567188	0.878237
-0.746665	0.0624813	0.662259
-0.526422	-0.576115	0.625277
-0.414904	-0.470808	0.778585
0.36993	0.431866	0.822584
0.49934	-0.82855	-0.253308
-0.16796	-0.00575238	0.985777
0.375084	0.142868	0.915915
0.0444555	0.340446	0.939212
-0.00441859	0.0382913	0.999257
-0.338559	-0.225677	0.913481
0.711758	-0.680275	0.175004
0.224094	-0.226878	0.947791
0.012755	-0.0998351	0.994922
0.545873	-0.353702	0.759551
-0.311285	0.300314	0.901617
-0.256768	-0.0904962	0.962227
0.196637	0.916612	0.348076
-0.0611831	-0.184723	0.980884
0.146315	-0.354406	0.923574
0.421509	0.792785	0.440252
-0.4677	-0.527588	0.709159
0.364665	-0.465847	0.80623
0.708473	0.00844614	0.705687
0.783409	0.141351	0.605219
-0.466079	-0.0460199	0.883546
0.843128	-0.128974	0.522016
-0.500811	0.783542	0.367764
-0.367507	0.539109	0.757826
0.0169255	0.459776	0.887874
-0.406462	-0.0956067	0.908652
0.464996	-0.100587	0.87958
0.11108	-0.524475	0.844149
0.827871	-0.380094	0.412502
0.426564	-0.124957	0.895784
-0.096466	-0.472317	0.876134
-0.260127	-0.0751771	0.962643
0.113593	-0.424517	0.898266
0.193377	-0.419842	0.886757
0.202161	0.272713	0.940616
0.440025	-0.238083	0.865849
-0.26803	-0.41473	0.869574
0.385877	0.454818	0.802646
0.368569	0.0972395	0.924501
0.40406	-0.160912	0.900468
0.10323	-0.020929	0.994437
0.880325	-0.0895179	0.465847
0.919481	0.154634	0.361446
-0.335606	0.0324101	0.941445
-0.193633	0.0555128	0.979502
-0.0952459	0.143493	0.985057
0.260843	0.292344	0.920052
0.54878	0.233787	0.802611
-0.149339	-0.00365679	0.988779
0.924695	-0.180971	0.334946
-0.11184	-0.0913379	0.98952
0.560867	-0.527294	0.63827
0.478986	-0.00483421	0.877809
-0.119435	-0.575863	0.808775
0.412121	-0.195756	0.889851
-0.0382454	-0.552546	0.832605
0.582813	-0.488883	0.649094
-0.175431	-0.57862	0.796507
0.625838	0.206861	0.752021
0.516929	-0.316572	0.795341
0.0180721	-0.117717	0.992883
-0.106922	-0.684664	0.720974
0.354365	-0.842929	0.404842
0.0362023	-0.370014	0.928321
0.648009	-0.496963	0.577158
-0.155174	0.049883	0.986627
-0.309162	-0.0553798	0.949395
-0.677659	-0.351067	0.646166
0.509218	-0.265754	0.818579
0.398495	-0.696158	0.597132
-0.0178618	0.150525	0.988445
0.685383	0.0489897	0.726533
0.368318	-0.403772	0.837442
0.320338	0.68528	0.654045
0.136076	0.595531	0.791723
-0.15734	-0.147511	0.976465
0.396884	-0.864678	0.30792
0.0615881	0.930628	0.360747
-0.356142	0.25311	0.899499
-0.939218	-0.184886	0.289287
-0.106678	0.0960597	0.989643
-0.242228	0.405337	0.881491
0.0409061	0.108261	0.993281
-0.104817	-0.669572	0.735314
0.606409	-0.215337	0.76544
-0.668474	-0.13089	0.732127
-0.0199058	0.39539	0.918298
-0.360194	0.41263	0.836658
0.0528252	-0.252229	0.966225
0.236952	0.0838198	0.967899
-0.490943	-0.173917	0.853656
-0.263851	0.215333	0.94022
-0.0676846	-0.377553	0.923511
0.297769	0.454894	0.839288
0.320338	-0.33309	0.886812
0.0761734	-0.0142804	0.996992
0.646308	-0.401723	0.648772
-0.0527047	-0.659847	0.74955
-0.209187	-0.309832	0.927494
0.531362	0.773181	0.346188
-0.0100448	0.230117	0.973111
0.417539	-0.191049	0.888347
0.1407	0.42776	0.892874
-0.38622	-0.135328	0.912426
0.196612	-0.446778	0.872773
0.0691018	-0.557236	0.827474
-0.421994	-0.0639203	0.904343
-0.194288	-0.688011	0.699209
0.344341	-0.723883	0.597848
0.517543	-0.473057	0.712998
0.061747	-0.00776776	0.998062
0.639275	0.502389	0.582179
0.539018	0.0686666	0.839491
0.514169	0.282908	0.809687
0.364851	0.298773	0.881827
0.54902	-0.817125	0.175741
0.374574	-0.00215334	0.927194
-0.0631531	0.256963	0.964356
-0.350405	0.537592	0.766949
0.136205	-0.397377	0.907491
0.414221	0.301644	0.858739
-0.550747	-0.61579	0.563454
-0.315469	0.278412	0.907175
0.51662	-0.27476	0.810932
-0.121254	-0.194242	0.973431
-0.464794	-0.357901	0.80986
-0.750711	0.275661	0.60037
0.360428	0.530798	0.767037
0.40955	-0.0152757	0.91216
-0.830503	0.0640395	0.553321
0.501376	0.0571222	0.863342
-0.727735	0.414304	0.546584
0.118059	0.347391	0.930259
0.605292	-3.13058e-05	0.796004
0.012981	0.229226	0.973287
0.0944082	-0.101118	0.990385
0.169432	0.118635	0.978376
0.379039	0.279435	0.882182
0.693443	-0.140273	0.706725
-0.225916	-0.26357	0.937813
0.197126	0.935535	0.293114
-0.708341	-0.588006	0.390515
0.0768578	-0.747861	0.659391
-0.277601	-0.0885	0.956612
-0.0513164	0.474156	0.878944
0.277775	-0.655118	0.702611
-0.0551293	0.947811	0.31403
0.555958	0.56299	0.611517
-0.579979	-0.253258	0.774264
-0.541203	-0.454502	0.70748
-0.304292	0.291417	0.906908
-0.747674	0.453477	0.485121
-0.218199	0.176052	0.959893
-0.704082	0.579879	0.40989
0.745881	0.603932	0.280942
-0.37824	0.360697	0.852544
0.741171	-0.468341	0.48096
0.157271	-0.0753138	0.98468
-0.749368	0.500656	0.433349
-0.0188093	-0.132485	0.991007
-0.789627	-0.533542	0.303021
0.473947	-0.102888	0.874522
0.413437	-0.522488	0.745705
0.605262	-0.479358	0.635511
-0.762647	-0.195048	0.616705
-0.205949	0.343574	0.916265
-0.111351	-0.805396	0.582185
0.190291	-0.234783	0.95324
0.282243	-0.220708	0.933609
0.269738	0.961777	-0.0471831
0.495523	-0.824763	-0.272437
-0.537903	-0.285599	0.793154
0.844669	-0.111887	0.523465
0.0958404	-0.467605	0.878727
-3.78562e-05	-0.276328	0.961063
0.259813	0.422121	0.868511
0.378939	0.610642	0.695357
0.52185	-0.597337	0.608984
-0.135077	-0.366793	0.920444
0.147283	0.020042	0.988891
-0.49041	-0.114641	0.863919
0.0168565	-0.624935	0.780494
0.903558	0.325576	0.278539
-0.730643	-0.117473	0.672578
0.256713	-0.440802	0.860112
-0.0419004	-0.417038	0.907923
0.411568	-0.056485	0.909627
0.456089	0.782593	0.423711
-0.261791	-0.194192	0.945386
0.356965	-0.557349	0.749625
-0.432566	-0.00997268	0.901547
-0.173492	0.378539	0.90918
0.635574	-0.140717	0.759108
-0.07163	-0.483241	0.872552
0.657026	0.363985	0.660175
0.243001	-0.774646	0.583844
-0.620984	0.0902884	0.778606
0.0898656	-0.628141	0.772892
-0.198295	-0.352779	0.914454
0.656188	-0.0198361	0.754337
-0.9011	0.308969	0.304232
0.000478026	0.143734	0.989616
0.371057	-0.101585	0.923037
-0.0641021	-0.335271	0.939938
-0.1703	-0.189963	0.966909
-0.100326	-0.0609907	0.993083
-0.0789514	0.531072	0.84364
-0.377335	0.119187	0.918375
0.512673	0.0244922	0.858235
0.581549	0.705289	0.405425
0.134155	0.171109	0.976076
-0.392762	0.504886	0.768653
-0.51194	0.0351788	0.858301
0.422428	0.77467	0.470575
-0.25377	-0.217918	0.942397
0.198423	-0.45158	0.869887
-0.500306	-0.52769	0.686468
0.601731	0.259603	0.755332
-0.652958	-0.499025	0.569754
-0.163803	-0.501516	0.8495
0.522121	0.702603	0.483465
-0.287485	-0.547082	0.786163
0.246148	0.969134	-0.0137766
-0.88256	-0.0446359	0.468076
-0.578612	0.165042	0.79873
0.0498225	-0.0343459	0.998167
-0.116849	-0.819156	0.561542
0.258539	-0.111769	0.959513
0.238835	-0.535252	0.810224
0.187448	0.956475	0.22365
-0.487243	0.508084	0.710243
-0.0646198	-0.0278181	0.997522
-0.0323618	-0.313103	0.949168
-0.128061	-0.0037022	0.991759
0.0992241	0.295785	0.950087
0.112436	0.108515	0.987716
0.541093	-0.0819276	0.836962
-0.306868	0.397888	0.864591
-0.136676	-0.247442	0.959214
0.0569484	-0.574812	0.816301
0.205956	-0.057072	0.976896
0.348	-0.836555	0.423169
0.185432	0.149738	0.971182
-0.388927	-0.507136	0.769122
-0.137998	0.211166	0.96766
0.00466295	-0.762449	0.647032
0.184245	0.16656	0.968665
-0.223034	-0.620099	0.752152
0.67487	-0.426407	0.602268
0.402098	-0.290685	0.868228
-0.0756821	0.165275	0.983339
-0.60716	-0.0818918	0.790349
-0.726605	0.1198	0.676531
-0.700319	-0.150344	0.697818
-0.335569	-0.62383	0.705854
0.70026	0.106163	0.70595
0.259012	0.445366	0.857066
0.162454	-0.817549	0.552469
0.0688699	-0.344877	0.936118
-0.613821	0.588978	0.52567
-0.390173	-0.090768	0.916256
-0.101302	0.864778	0.491831
0.20874	-0.214088	0.95425
-0.366085	-0.0642032	0.928364
-0.619386	0.514537	0.592969
0.972485	0.0928985	0.213643
-0.706962	-0.312674	0.634382
-0.0925778	-0.633307	0.768343
-0.607986	0.230485	0.759757
-0.363104	-0.72421	0.586239
-0.415249	-0.575606	0.704447
-0.0437084	0.185887	0.981599
0.8406	-0.319645	0.437286
-0.0556573	0.430572	0.900838
-0.481398	-0.629729	0.60967
-0.240737	0.100248	0.965399
-0.0901009	-0.190787	0.977488
0.0511392	-0.362519	0.930572
-0.34324	-0.839064	0.422087
0.0954922	-0.51958	0.849069
-0.00532607	-0.615229	0.788331
-0.354781	-0.708828	0.609666
-0.0277572	0.0914445	0.995423
0.395198	0.327263	0.858322
0.102773	0.0725582	0.992055
-0.52753	-0.155498	0.835184
-0.167125	-0.650301	0.741065
-0.556713	0.143698	0.818182
-0.109585	0.268269	0.957091
-0.220541	0.309079	0.925112
0.0349543	-0.89738	0.439873
-0.495543	0.741326	0.452628
-0.481631	-0.215051	0.849579
0.73791	-0.315744	0.596485
0.0388863	0.180808	0.982749
0.349807	0.360832	0.864543
0.229204	0.769449	0.596166
0.120957	0.0268692	0.992294
-0.0943184	0.737693	0.668516
-0.34117	0.823751	0.452811
0.144794	-0.347133	0.926571
-0.574011	-0.797109	0.187427
0.670585	0.171695	0.72169
0.00104441	-0.221769	0.975099
0.0276877	0.429913	0.902445
0.365519	0.588624	0.721053
0.281501	0.290476	0.914539
0.083069	0.453934	0.887155
0.14869	-0.958868	-0.241794
-0.414843	-0.198747	0.887922
0.600114	-0.563015	0.568223
0.156886	0.385773	0.909157
-0.806839	0.0598373	0.587733
0.50024	-0.215068	0.838753
-0.261852	-0.699251	-0.665193
-0.381078	-0.0435495	0.923517
0.0827453	-0.911685	0.402471
0.429843	-0.149772	0.890395
-0.194157	-0.624812	0.756249
0.0441141	0.436146	0.898794
0.914024	0.398227	-0.0773001
-0.363159	0.61324	0.701464
-0.896472	0.0999281	0.431685
-0.349164	0.0250839	0.936726
-0.231408	0.136349	0.963255
-0.00536273	-0.905896	0.423467
0.358323	0.220847	0.9071
0.475706	0.172321	0.86256
-0.401803	0.139282	0.905072
0.0948372	-0.985002	0.144141
0.36436	0.232319	0.901815
-0.648564	0.00546498	0.761141
0.26701	-0.897258	0.351615
0.253674	-0.0311489	0.966788
0.487144	-0.1023	0.867309
0.274781	-0.300917	0.913206
0.251708	-0.332904	0.908745
-0.294531	-0.752659	0.58886
-0.198884	0.563681	0.801691
-0.310286	-0.340452	0.887589
-0.479438	-0.0335071	0.876936
-0.655342	-0.22686	0.720459
-0.0897129	0.268737	0.959026
-0.424104	-0.0828296	0.901818
-0.998285	-0.0471943	0.0346492
0.0712317	0.0163498	0.997326
-0.122336	0.0488339	0.991287
-0.757347	-0.538595	0.369242
-0.137316	-0.38785	0.911437
-0.313138	-0.067544	0.947303
-0.0223131	-0.124672	0.991947
-0.128116	0.264517	0.955833
0.361407	0.0302127	0.931919
-0.841672	-0.500898	0.201716
-0.381398	-0.058453	0.922561
-0.149321	0.0677999	0.986462
0.738921	-0.402424	0.540416
-0.148348	-0.168203	0.974526
0.494196	0.537552	0.683234
0.176877	-0.281213	0.943204
-0.442639	0.188912	0.876574
0.0408646	-0.0831881	0.995696
-0.402031	-0.499034	0.767683
0.537598	-0.0421059	0.842149
0.121506	0.237846	0.963673
-0.59476	0.271991	0.756492
0.387568	-0.380857	0.839487
-0.0793474	0.590966	0.802784
-0.513662	0.584494	0.628107
-0.0485135	-0.776917	0.627732
0.188008	-0.229562	0.954963
-0.385281	-0.315042	0.867357
-0.986043	-0.0458066	0.160063
-0.267965	-0.114179	0.956639
0.456116	0.00560572	0.889903
-0.935702	0.221457	0.274624
-0.173818	-0.719053	0.672867
0.206332	0.42686	0.880465
-0.705338	0.0936674	0.702656
-0.39134	-0.117547	0.912708
0.0327531	0.380912	0.924031
0.170183	0.25857	0.950883
0.401599	0.0146405	0.915699
0.718026	-0.689447	0.0954044
-0.498102	0.472002	0.727398
-0.416012	0.375477	0.828222
-0.64838	0.684942	0.332352
-0.0607999	-0.223803	0.972736
0.504275	0.34772	0.790441
0.0658161	-0.378498	0.923259
0.572927	-0.590024	0.568881
0.178761	-0.141625	0.973646
-0.273824	-0.199465	0.940869
-0.407948	0.291829	0.865109
0.254781	-0.808757	0.530093
-0.203324	0.53541	0.819753
-0.272798	-0.0479291	0.960877
0.0950827	0.351558	0.931325
-0.787661	0.0245584	0.61562
-0.807681	-0.14372	0.571835
0.593344	0.307921	0.743726
0.348116	-0.304724	0.886543
0.351699	-0.282162	0.892576
-0.392903	0.2291	0.890584
0.00381083	0.335529	0.942022
-0.153852	-0.0971494	0.983306
-0.695777	0.43658	0.570344
-0.470136	0.855341	0.217633
-0.123006	-0.0849557	0.988763
-0.0192728	-0.290776	0.956597
-0.610813	0.729836	0.306996
0.265421	0.507193	0.819943
-0.0599999	0.0331651	0.997647
-0.421683	0.197222	0.885035
0.389608	-0.0261094	0.920611
0.130498	-0.120734	0.98407
0.337225	-0.300457	0.892191
-0.406826	0.0546295	0.911871
0.0595634	-0.593779	0.802421
0.344139	0.489547	0.801194
0.614829	-0.207059	0.760994
-0.457754	-0.223477	0.860535
0.115052	-0.431845	0.89458
-0.237794	-0.0380863	0.970569
0.33132	-0.445016	0.831978
-0.482495	-0.500942	0.71851
-0.40426	0.143366	0.903338
-0.600347	0.541852	0.588201
0.568024	0.286823	0.771415
0.681159	0.252595	0.687182
-0.783084	0.212197	0.584596
0.613788	-0.332433	0.716067
0.434912	0.436608	0.787544
0.174016	0.622998	0.762622
0.549883	-0.187568	0.813908
0.778251	-0.189081	0.598811
0.196503	-0.228039	0.953617
-0.853832	-0.0718426	0.515568
-0.251298	-0.0375316	0.967182
0.0733403	-0.343933	0.936126
0.422282	0.404109	0.811403
0.824747	0.194756	0.530908
0.601063	0.562413	0.567816
0.628348	0.00300081	0.777927
0.845879	-0.234784	0.478921
0.473692	-0.0703385	0.877877
-0.0662265	-0.0338086	0.997232
0.202957	-0.207711	0.956903
0.0335835	0.71765	0.695593
0.231325	-0.0773983	0.969793
-0.0364443	-0.0669796	0.997089
-0.39611	-0.432938	0.809729
0.123315	-0.981185	0.14856
0.0361556	-0.0387963	0.998593
-0.101807	-0.429762	0.897184
-0.511221	0.285757	0.810553
0.0419774	0.401957	0.914696
0.0251805	0.564028	0.825372
-0.447748	0.347335	0.823942
-0.664975	-0.171701	0.726861
-0.155953	-0.417566	0.895163
-0.353925	-0.63205	0.689384
-0.0785255	-0.294278	0.952488
0.858045	0.380919	0.344471
0.557304	-0.00344756	0.830301
-0.577019	0.265049	0.772527
0.0749687	-0.835486	0.544373
0.154754	0.407667	0.899922
0.415593	0.55204	0.722866
-0.0520132	0.263711	0.963198
0.287153	-0.0538688	0.956369
-0.428181	0.234037	0.872862
-0.962625	-0.208243	0.173173
0.348761	-0.512285	0.784812
-0.541463	-0.106613	0.833937
0.493035	0.590175	0.639225
-0.346835	-0.566789	0.747299
-0.367486	0.157161	0.916654
0.360009	-0.613856	0.702549
-0.210357	-0.804712	0.555148
0.0161076	-0.499473	0.86618
-0.545196	0.100737	0.832234
0.347416	0.221655	0.911137
-0.610518	0.370553	0.69997
0.235054	-0.343079	0.909421
0.0642205	0.0839636	0.994397
-0.737411	-0.157295	0.656874
0.415129	0.224775	0.881558
-0.177202	-0.0879027	0.980241
-0.0837554	-0.177915	0.980475
-0.456115	-0.640301	0.61804
0.24424	0.306118	0.92013
0.157811	-0.229458	0.96044
-0.338573	-0.464995	0.818015
0.291432	0.183962	0.938736
0.539999	0.161547	0.826017
0.338742	0.400544	0.851363
0.0940186	-0.422285	0.901574
0.797469	0.25121	0.548577
-0.0522907	-0.0309216	0.998153
-0.495693	-0.00807367	0.86846
0.299413	-0.372091	0.878578
0.750083	0.276269	0.600876
-0.300349	0.934395	0.191565
-0.837434	-0.532489	0.123124
0.512615	0.305388	0.802474
-0.603739	0.318204	0.730921
0.356102	-0.29879	0.88539
-0.0404251	0.0854122	0.995525
0.655087	-0.451649	0.605702
0.0722237	-0.533189	0.842908
-0.368656	-0.439833	0.818926
-0.190892	-0.725913	0.660765
-0.127982	-0.613061	0.7796
-0.0577706	0.151878	0.98671
-0.161549	0.221147	0.961767
-0.408111	0.493072	0.768327
0.424669	0.214169	0.879652
-0.806072	-0.498699	0.318664
0.0798044	-0.0773721	0.993803
-0.0565096	0.342781	0.937714
-0.522996	-0.210318	0.825979
0.0859199	0.27091	0.958762
-0.655103	0.376064	0.655298
0.714215	-0.650256	0.258968
-0.563449	-0.0404672	0.825159
-0.796017	0.32825	0.508535
-0.632252	-0.36553	0.683114
-0.98446	-0.06695	0.162344
-0.0342431	-0.174938	0.983984
-0.243433	-0.238256	0.940199
0.70825	-0.146308	0.690634
0.0173862	-0.518025	0.855189
-0.509455	0.410054	0.756513
0.19367	0.329207	0.924183
-0.435441	0.776568	0.455338
-0.119352	0.992272	0.0339456
0.255617	0.254954	0.932555
0.661802	0.139348	0.736614
-0.559332	-0.483129	0.673597
0.304744	-0.63052	0.713846
0.00144765	-0.352051	0.93598
0.133742	0.166447	0.976938
-0.154926	0.284	0.946225
-0.152543	-0.520346	0.840221
0.504771	0.471641	0.723022
-0.280267	-0.142684	0.949258
0.709267	-0.141175	0.690659
-0.446194	-0.229954	0.864889
-0.0417314	-0.110989	0.992945
0.294976	-0.0792036	0.952216
0.114275	0.406193	0.906614
-0.582904	-0.267918	0.7671
0.83381	-0.254851	0.489707
0.533456	0.197215	0.822515
-0.500543	-0.738542	0.451678
0.152122	-0.22956	0.961333
0.324059	-0.130543	0.936987
0.0110134	-0.029962	0.99949
0.123032	-0.401036	0.907763
0.397581	-0.5095	0.763111
-0.219386	0.487826	0.844924
-0.424828	-0.164639	0.890177
0.665974	-0.301678	0.682253
0.570001	0.396451	0.719671
0.433125	0.495238	0.753088
-0.624036	-0.483423	0.613907
-0.358923	-0.272571	0.892681
-0.275177	0.374441	0.885478
-0.466619	0.120551	0.876205
-0.580407	0.0389539	0.813395
-0.163847	-0.377408	0.911437
0.261073	0.101167	0.960003
-0.113451	0.193726	0.974474
-0.135703	-0.109193	0.984714
0.513303	0.312242	0.79939
0.397178	0.755073	0.521646
0.786311	-0.387203	0.481445
0.128138	0.308947	0.942408
0.0581019	-0.693823	0.717798
0.0900686	-0.515215	0.852315
0.534519	-0.647631	0.543013
-0.48531	0.388285	0.783395
-0.515907	0.170651	0.839475
0.793295	0.257337	0.55178
0.526036	-0.50013	0.687863
0.799683	0.0864149	0.594172
-0.465518	-0.46881	0.750674
-0.18878	-0.157234	0.96935
-0.717295	0.248958	0.650774
-0.190426	-0.219393	0.956872
0.408268	0.0484031	0.911578
-0.562041	0.447415	0.69565
0.799258	-0.355522	0.484552
-0.553357	-0.279365	0.784698
-0.176468	0.0227567	0.984043
-0.498823	0.507757	0.702394
0.573069	-0.638393	0.513855
0.426278	0.235529	0.873392
-0.903419	-0.130027	0.408566
-0.148997	0.37147	0.916411
0.503439	0.600983	0.62078
0.561705	0.431558	0.705865
0.940222	-0.311416	-0.137853
0.393747	0.81655	0.422148
0.262036	-0.0699477	0.96252
0.282544	0.637232	0.71701
0.686411	-0.279316	0.671433
0.265813	0.179686	0.947131
0.393308	0.507982	0.766331
0.752666	0.332384	0.568345
-0.155688	-0.220545	0.962871
0.109765	-0.467132	0.877348
-0.416313	0.137074	0.898829
-0.0568391	0.704353	0.707571
0.517788	0.132844	0.845132
0.134936	-0.990057	-0.039734
0.0567998	-0.788951	0.611825
-0.146719	0.307192	0.940269
-0.307074	0.520603	0.796667
0.316379	-0.721496	0.615913
0.321869	0.488758	0.810874
0.436703	-0.393514	0.808973
-0.0711934	0.19564	0.978088
0.343982	-0.374707	0.860971
0.107994	-0.601855	0.79127
0.465384	0.207442	0.860457
0.756786	0.242049	0.607196
-0.133678	0.24294	0.960786
0.363243	-0.460107	0.810158
0.162549	0.708507	0.686728
0.276196	0.740036	0.613239
0.601096	-0.0429561	0.798022
0.754119	0.644076	0.128341
0.755592	0.0341577	0.654151
0.719345	0.691573	-0.0653435
0.925721	0.227189	0.302368
0.359436	0.12766	0.924396
0.651466	-0.197124	0.732621
0.3472	0.0057612	0.937773
-0.205828	-0.293402	0.933568
0.273242	-0.0954999	0.957193
0.463228	-0.307465	0.831195
0.120263	-0.155709	0.980455
0.731391	-0.394348	0.556379
-0.158375	0.020522	0.987166
0.162435	0.0309863	0.986233
-0.568309	0.0561001	0.8209
0.569561	-0.574613	0.587724
-0.0518612	0.444188	0.894431
-0.703833	0.695001	0.146945
0.582791	0.346878	0.734867
0.242326	-0.262891	0.933898
-0.38845	-0.387861	0.835865
0.303718	-0.853824	0.422778
0.0659809	0.119411	0.99065
0.560805	-0.268042	0.783359
-0.343683	-0.617708	0.707332
-0.547205	-0.521101	0.654996
0.326099	0.0128507	0.945248
0.829345	-0.363563	0.424275
0.776278	-0.221879	0.590053
0.453747	0.846149	0.279546
0.514102	0.789751	0.334651
0.0350617	0.703559	0.709771
-0.110633	0.397328	0.910984
0.979835	0.101632	0.17203
0.00418017	-0.909247	0.416235
-0.923834	-0.282538	0.258268
-0.360447	0.721193	0.591573
0.71198	0.366958	0.598687
0.302649	0.106819	0.947097
0.520859	0.603447	0.603786
-0.106031	0.577009	0.809826
0.317495	0.309365	0.896376
0.542439	-0.181556	0.820242
0.471526	-0.168669	0.865571
0.0923323	-0.51334	0.853204
0.103007	0.335081	0.936542
0.730748	-0.10054	0.675203
-0.774995	-0.369633	0.512596
0.243608	-0.934757	0.258621
0.701991	0.364086	0.612086
-0.0167681	0.661494	0.749763
0.189154	0.813003	0.550679
-0.433284	-0.63689	0.63768
0.594818	0.160164	0.787743
-0.494487	0.435616	0.752145
0.576237	-0.511814	0.63718
0.00110212	0.209017	0.977911
-0.0587454	-0.179252	0.982048
0.593727	-0.264809	0.759845
-0.210239	0.116703	0.97066
0.624106	0.33312	0.706769
0.637249	-0.175235	0.75047
0.119889	-0.546215	0.829021
0.449341	0.174527	0.876146
-0.323524	-0.744115	0.584487
-0.320945	-0.191758	0.927482
0.432012	-0.155304	0.888395
0.137945	-0.488405	0.861645
0.558346	0.766777	0.316705
-0.722992	-0.454062	0.520683
0.74606	0.576153	0.33383
-0.346595	-0.32426	0.880186
-0.121743	0.171448	0.977642
0.0760729	0.0785398	0.994004
-0.108783	-0.918991	0.378974
0.264457	-0.421311	0.867502
-0.214334	0.175726	0.960823
-0.397169	-0.746434	0.533941
-0.0440414	0.0184535	0.998859
-0.325252	0.647582	0.689092
-0.150638	-0.986036	0.0709971
0.494772	-0.146306	0.856619
-0.430687	0.289552	0.854791
-0.673135	-0.694818	0.253214
0.524399	-0.351913	0.775347
0.407857	0.57225	0.711465
0.250858	-0.162451	0.954295
-0.0225559	-0.994372	0.103516
-0.294561	0.496886	0.816295
-0.758976	0.0945995	0.644209
-0.712779	-0.538078	0.449909
0.955069	0.208272	-0.21087
-0.359028	-0.318855	0.877172
-0.0807419	-0.169177	0.982273
-0.0292087	0.129633	0.991132
-0.180202	-0.356099	0.916908
0.220201	0.223774	0.94944
-0.0764588	-0.571149	0.817278
0.0190098	-0.168007	0.985602
0.611888	0.227226	0.757602
-0.629748	0.0384192	0.775849
-0.846699	0.488121	0.211753
0.724028	0.344753	0.597436
-0.840052	0.411142	0.353942
-0.61762	-0.516725	0.592909
0.334942	0.676029	0.656352
-0.289148	0.366567	0.88432
-0.776996	0.51071	0.368039
0.45712	-0.838167	-0.297519
-0.88345	-0.287368	0.370049
0.179043	0.895589	0.407263
0.337445	0.917018	0.212626
0.443826	-0.521633	0.728641
0.018488	-0.488158	0.872559
-0.912943	-0.036658	-0.406437
-0.192885	-0.862921	0.467079
-0.814403	0.579066	0.0378117
0.0884266	-0.0497448	0.99484
0.459478	0.819228	0.343142
0.458115	0.369408	0.808498
-0.201642	-0.766444	0.60984
-0.333392	0.894923	0.296584
0.850637	0.4393	0.288848
-0.401456	0.560494	0.724348
0.00825643	0.276059	0.961105
-0.375776	0.111581	0.919969
0.431111	-0.631467	0.644509
-0.256285	-0.559128	0.788475
0.261452	0.262265	0.928902
-0.428733	0.289165	0.855904
0.496104	-0.345793	0.796434
0.936102	0.00449809	0.3517
0.628777	0.683955	0.369925
-0.367989	0.874892	0.314878
0.904552	-0.165795	0.392807
0.657862	-0.546582	0.518138
-0.0408204	-0.847513	0.529202
0.186534	0.252308	0.949498
0.862861	0.241798	-0.443852
-0.20665	-0.387725	0.898312
-0.0263557	-0.83533	0.549116
-0.00565753	-0.110781	0.993829
-0.183516	-0.056704	0.98138
-0.672738	0.417484	0.610844
-0.402664	0.550496	0.731311
-0.789359	-0.152472	0.594697
-0.647698	-0.355759	0.673738
-0.460195	0.140171	0.876683
0.377352	0.496227	0.781898
-0.843407	-0.51812	0.142184
-0.3711	-0.627799	0.684217
-0.184922	-0.779779	0.59812
-0.586478	-0.247119	0.771347
0.400868	-0.622881	0.671807
0.451867	0.365122	0.813942
0.41464	0.311527	0.855
-0.348525	-0.098436	0.932116
-0.803015	-0.449998	0.390729
-0.0696877	0.629811	0.773616
0.0274951	0.410834	0.911295
0.232611	-0.510501	0.827817
0.363015	0.855519	0.369198
-0.312004	-0.245855	0.917719
0.574145	0.330623	0.74903
-0.20145	0.20247	0.958344
-0.131334	0.0671573	0.989061
0.0730006	-0.028694	0.996919
0.0317359	0.000615376	0.999496
-0.120549	-0.17542	0.977085
0.172071	0.631784	0.755804
-0.12027	0.178836	0.9765
0.492195	-0.343707	0.799756
0.445551	-0.245833	0.860843
-0.249875	-0.0973065	0.963376
0.720798	0.484877	0.495322
-0.645068	-0.258152	0.719197
0.662214	-0.710627	0.237658
0.152645	0.880051	0.449677
-0.232324	-0.381584	0.894661
-0.363832	0.923371	-0.122525
-0.34466	0.924543	0.162572
0.233959	-0.289734	0.928072
0.271199	0.449621	0.851053
-0.684071	-0.104285	0.721922
-0.333718	0.403726	0.851844
-0.460655	0.237065	0.855334
-0.314318	0.61597	0.722347
0.672562	-0.373977	0.638594
0.61799	0.72102	0.313397
-0.739519	-0.0701393	0.669471
-0.701835	0.354315	0.617971
-0.845126	-0.500273	0.188383
-0.789382	-0.419535	0.448181
0.580725	0.160278	0.798166
0.607772	-0.72693	0.319664
-0.416983	-0.221324	0.881556
-0.559523	0.366901	0.74318
0.182577	-0.975595	-0.121983
-0.232116	-0.400163	0.886562
0.231565	-0.330925	0.914804
0.33033	0.0703623	0.941239
-0.593406	0.473792	0.650684
0.652189	-0.752312	0.0931434
0.277698	0.488339	0.82729
0.00414944	-0.67942	0.733738
-0.241967	-0.0649757	0.968106
0.219369	0.63345	0.742036
-0.245623	-0.9456	0.213332
-0.179409	0.753342	0.632683
-0.810982	-0.0584446	0.582144
0.110346	-0.260226	0.959222
0.325518	-0.634708	0.700844
0.173593	-0.0957547	0.980151
-0.117257	0.262638	0.957743
-0.32351	0.333805	0.88539
0.286968	0.0947795	0.95324
-0.869747	-0.371647	-0.324683
0.190651	-0.711935	0.67587
-0.417117	0.143774	0.897409
0.875959	-0.356652	-0.324801
0.25441	-0.498821	0.828525
0.675717	0.706147	0.211572
-0.892694	0.436213	0.113205
-0.109227	-0.352599	0.929378
0.757251	0.0586414	0.650486
0.694711	-0.182304	0.695803
-0.523422	-0.0439402	0.85094
-0.0553438	0.409592	0.910589
0.245661	-0.481036	0.841579
0.767477	-0.593994	0.241145
0.26934	-0.0643723	0.960891
-0.532157	-0.640746	0.553401
0.470371	0.155003	0.868749
-0.544175	-0.430707	0.719976
-0.247205	-0.299462	0.921527
0.119983	-0.40381	0.906941
-0.471787	-0.215219	0.855043
-0.591487	0.157659	0.790751
-0.343269	-0.190755	0.919662
0.88319	-0.0242652	0.468386
-0.246499	0.679106	0.691414
0.158744	0.188267	0.969204
0.151378	0.191178	0.969812
-0.580438	0.37451	0.723073
-0.390664	0.566205	0.725806
-0.507389	-0.129771	0.85189
0.0603526	-0.723364	0.687824
0.408542	-0.868237	0.281528
-0.632849	0.221175	0.742014
0.393032	-0.502231	-0.770253
0.18044	-0.214822	0.95984
0.985168	0.146381	0.0895325
-0.372202	-0.418404	0.828495
0.372268	0.16993	0.912436
-0.523987	-0.0507599	0.850212
0.158739	0.810175	0.564285
0.674679	-0.159926	0.720578
-0.214376	-0.312739	0.925331
0.670311	-0.540164	0.508828
-0.0502355	0.976921	0.207609
0.220448	0.00327523	0.975393
0.618776	-0.557135	0.55382
0.677046	0.130423	0.724291
0.220988	-0.968362	0.115926
0.909954	0.237395	0.340039
0.610376	-0.479274	0.630664
0.426286	-0.687054	0.58842
0.195002	0.617872	0.761714
0.0868715	-0.199218	0.976097
-0.711606	-0.543258	0.44552
-0.520459	0.0888965	0.849247
-0.372544	-0.595725	0.711563
0.0188084	0.574899	0.818008
-0.279861	-0.857619	0.431471
-0.226973	0.456197	0.860446
-0.827446	0.232481	0.511161
0.445731	-0.171141	0.878655
-0.0868673	0.949987	0.299964
-0.761864	-0.0718766	0.643737
-0.703522	0.116414	0.701074
-0.504567	-0.662988	0.553046
0.898486	0.433741	-0.067768
0.34083	0.912291	0.227067
-0.927652	-0.0575057	0.368991
-0.832459	-0.0213161	-0.553677
-0.94449	-0.18837	0.269174
-0.0768347	0.954233	0.289025
0.0373307	0.382591	0.923163
-0.290053	0.135368	0.947389
-0.00892075	0.517587	0.855584
0.172375	-0.0711077	0.982461
0.189707	-0.357612	0.914399
0.379867	-0.0780558	0.921742
0.874239	-0.337256	-0.349233
-0.458168	-0.0621152	0.886692
-0.133853	-0.507255	0.851338
0.841304	0.0468923	0.538525
-0.622693	0.699631	0.350387
0.960918	-0.191229	0.200169
0.0770062	-0.0875027	0.993183
-0.331159	-0.898808	-0.28719
-0.289055	0.94391	-0.159628
0.306743	0.809822	0.500096
0.129072	-0.552123	0.823712
-0.642039	0.196506	0.741061
-0.00846308	-0.711176	0.702963
-0.764857	-0.639411	0.0784038
0.688605	-0.112182	0.716406
-0.14612	-0.950592	0.273903
0.273048	-0.00893475	0.961959
0.959951	-0.0149126	0.27977
0.248072	0.251313	0.935576
0.336995	-0.20001	0.920017
0.0183331	0.109689	0.993797
0.334539	-0.626812	0.703697
0.159189	0.459022	0.874047
-0.718652	-0.158721	0.677013
-0.460919	-0.438477	0.771551
-0.422502	0.26245	0.867532
0.346896	0.909013	-0.230996
-0.121833	-0.979816	0.158483
-0.800955	0.040114	0.597379
-0.771026	-0.600696	-0.211384
-0.0236594	-0.939973	0.340428
0.427211	0.447723	0.785516
-0.478045	-0.874329	-0.083789
0.840416	-0.343165	0.41945
0.654354	0.446054	0.61062
-0.359093	-0.932899	0.0274237
0.33978	0.346943	0.874174
-0.213373	-0.722829	0.65726
-0.0712926	-0.786025	0.61407
0.612004	-0.0321548	0.7902
-0.564736	0.0283449	0.824784
-0.944412	-0.00680099	0.328693
-0.233	-0.0470868	0.971336
0.365974	-0.364955	0.856079
0.40272	-0.131169	0.905876
0.130155	-0.982634	-0.132249
0.21654	0.299394	0.929233
-0.986485	-0.161779	-0.0259908
0.518766	-0.0542805	0.853191
-0.183757	0.091393	0.978714
-0.145151	0.520078	0.841695
-0.66288	-0.221068	0.715346
-0.923243	0.275893	0.267405
0.477759	-0.806741	0.34773
0.205439	0.130455	0.969936
-0.233977	-0.0739361	0.969427
0.496401	0.815087	0.298696
-0.62465	0.140902	0.768088
-0.295154	-0.296623	0.908239
-0.649022	-0.416825	0.636418
-0.247269	0.533145	0.809082
0.13692	0.128231	0.982247
-0.152091	-0.978311	0.140624
0.243833	0.173658	0.954143
-0.143435	-0.920599	0.363213
-0.46476	-0.396026	0.791935
0.472473	-0.527968	0.705705
-0.542161	0.254584	0.80078
0.496342	-0.824796	0.270842
0.0371318	-0.311459	0.949534
0.345454	-0.318275	-0.882815
-0.0514903	-0.219265	0.974306
-0.436747	0.324909	0.83886
0.126633	-0.515821	0.847285
