3400
-0.942383	0.0627003	0.328607
-0.199853	-0.555203	0.807347
-0.307085	0.628742	0.714411
-0.866403	0.396648	0.303341
-0.56142	-0.062423	0.825173
-0.277722	0.100782	0.955361
-0.310345	-0.644215	0.699052
-0.27991	0.711671	0.644341
-0.379617	-0.158884	0.911398
-0.404978	-0.625419	0.666966
-0.870161	-0.450787	0.199024
-0.819739	-0.325531	0.47123
-0.642764	0.326563	0.692973
0.188207	-0.814817	0.548317
-0.241457	0.480835	0.84291
-0.68459	0.578591	0.443362
-0.432399	-0.256359	0.864472
-0.56235	0.747852	0.352817
-0.847178	0.159302	-0.506865
0.0523118	-0.755349	0.653231
0.359662	0.247145	0.899757
0.258794	0.276662	0.925464
0.136998	-0.498514	0.855988
-0.264699	-0.173099	0.948668
-0.0729196	-0.134879	0.988175
0.618397	0.218071	0.755003
0.147023	0.240228	0.959518
0.561309	0.686797	0.461781
0.106873	-0.0609972	0.9924
0.922245	0.206517	0.326826
0.188589	-0.0427911	0.981123
0.262413	0.625151	0.735068
0.826357	0.330019	0.456314
0.522437	-0.82187	0.227133
-0.69468	0.618832	0.366698
0.00156788	0.637357	0.770567
-0.346468	-0.363766	0.864658
0.110188	0.251155	0.961655
0.933948	0.332436	0.131252
-0.233439	-0.620978	0.74826
0.133801	-0.0837634	0.987462
-0.494337	0.111191	0.86213
-0.628971	-0.534001	0.565012
0.579844	-0.388616	0.716071
-0.241954	-0.838369	0.488462
0.405345	-0.8543	0.325373
0.347618	0.736922	0.579748
0.352167	0.0508294	0.934556
0.87685	0.178643	0.446343
-0.0254971	-0.566745	0.823498
0.210039	-0.231559	0.949876
-0.174532	0.443349	0.879193
-0.183373	-0.365819	0.912442
-0.343512	-0.0766995	0.936011
-0.470987	0.465785	0.749144
-0.593842	0.604575	0.530886
-0.847495	0.386287	0.364052
-0.39793	-0.505605	0.765516
-0.415202	-0.081821	0.906042
0.0578207	0.102724	0.993028
-0.354792	0.385669	0.851694
0.197887	-0.529477	0.824921
-0.770371	0.0823353	0.632257
-0.259135	0.174642	0.949921
0.829833	-0.133971	0.541691
-0.535836	0.335408	0.774842
-0.582144	0.0959289	0.807407
0.333073	-0.289527	0.89735
-0.330607	-0.578494	0.745683
-0.309373	-0.39435	0.865318
-0.231728	0.478726	0.846832
-0.20941	-0.510046	0.834266
0.0920607	0.244514	0.965266
-0.520517	0.493279	0.696949
-0.340015	0.152029	0.92805
0.0509253	0.277556	0.959359
-0.350888	-0.603903	0.715666
-0.159674	0.168859	0.972621
0.0181782	0.491647	0.870605
0.875136	-0.0989283	0.473656
0.393069	-0.40354	0.826227
-0.43244	0.577361	0.692568
0.0525905	-0.585996	0.808606
0.33976	-0.730157	0.592819
-0.462666	-0.612382	0.641037
0.432638	-0.710015	0.55561
0.640906	-0.535354	0.550123
0.653548	-0.427732	0.624436
-0.192814	0.705478	0.682
0.676283	0.301268	0.67222
-0.472302	0.340092	0.813184
0.391308	0.647591	0.653838
-0.288788	0.219287	0.931941
0.584082	-0.0183454	0.811487
-0.480546	-0.330386	0.812355
0.0552125	-0.0341051	0.997892
-0.0407465	0.210159	0.976818
-0.532889	0.580324	0.615836
0.191257	-0.445316	0.874708
-0.2003	-0.635426	0.745731
0.774231	-0.223567	0.592102
-0.217634	0.478214	0.850851
0.404718	0.644066	0.64914
-0.423946	-0.722931	0.545565
0.0424793	0.677705	0.734106
0.702782	0.105496	0.70354
-0.3145	0.0561265	0.947597
0.675183	0.737505	0.0146252
0.344031	-0.28368	0.89508
0.135545	-0.090281	0.986649
-0.151962	0.694539	0.703223
-0.0968054	0.787902	0.608144
0.69019	-0.490149	0.532346
0.621368	0.689218	0.372666
-0.197276	-0.571315	0.796669
0.615304	-0.526534	0.586654
-0.327708	-0.302849	0.894925
0.502791	0.374875	0.77889
0.0931173	0.22667	0.96951
0.334732	-0.660181	0.672396
-0.278063	-0.508373	0.815008
-0.0362406	0.288583	0.956769
0.547479	-0.133739	0.826063
-0.584485	0.0866092	0.806769
0.26997	-0.429158	0.861939
0.450582	0.114386	0.885376
-0.250511	0.635412	0.730408
-0.278325	0.056722	0.958811
-0.100813	0.244778	0.964324
0.551806	-0.245005	0.797172
-0.203337	-0.19347	0.959804
-0.0214604	0.440219	0.897634
0.569777	-0.757252	0.319255
0.810084	-0.533926	-0.242255
-0.844319	-0.0173107	0.535562
-0.252951	0.719553	0.64673
0.152642	-0.120576	0.980899
0.296588	0.449003	0.842871
-0.375274	0.158692	0.913228
0.583283	-0.490326	0.647581
0.134236	-0.334545	0.93277
-0.269426	0.0782062	0.95984
-0.0718464	-0.525571	0.847711
0.675342	0.628749	0.385471
-0.00987411	-0.500483	0.86569
-0.467114	0.40854	0.784155
0.752369	-0.193978	0.629534
0.122117	-0.599142	0.791275
-0.868585	-0.0579086	0.492144
-0.297569	-0.606412	0.737372
0.126982	-0.0507575	0.990606
0.259753	-0.0998991	0.960494
0.0625766	0.449044	0.891316
0.118524	0.368333	0.922108
-0.128168	-0.367684	0.921076
-0.442244	-0.0399075	0.896006
0.58759	-0.22389	0.777568
0.0651076	0.377247	0.923821
0.424567	-0.447466	0.787094
0.0435436	0.432956	0.900363
0.580047	0.707439	0.403825
0.0832439	-0.60944	0.78845
-0.549606	0.0442329	0.834252
-0.15654	0.761223	0.629313
0.376758	-0.39159	0.839471
0.640154	-0.206707	0.739915
0.00499582	0.638796	0.76936
0.117952	0.510088	0.851996
0.0842224	0.813813	0.574991
0.141006	-0.178931	0.973705
-0.671166	-0.317079	0.670073
0.514094	-0.144656	0.845448
0.170606	-0.397152	0.901756
0.0628661	0.370877	0.926552
0.785196	0.168221	0.595961
0.0546718	0.260404	0.963951
-0.0586874	0.382512	0.922085
-0.302637	-0.690311	0.657177
0.0946075	-0.49466	0.863922
-0.127676	-0.551626	0.824262
0.273261	0.190028	0.942984
0.534323	-0.255979	0.805589
0.0220286	0.00333558	0.999752
0.414847	0.243791	0.876623
-0.735268	0.375224	0.564436
0.174311	0.0498067	0.98343
-0.204952	-0.438091	0.875255
-0.477044	-0.236525	0.846454
-0.545674	-0.0501842	0.836493
-0.72745	-0.383067	0.569278
-0.528305	0.448203	0.721116
-0.252059	0.747562	0.614506
-0.767374	0.219524	0.60245
0.180335	0.596905	0.781782
-0.243538	-0.370442	0.89636
-0.440702	-0.409683	0.798713
-0.391737	0.159659	0.906119
-0.520615	0.542746	0.659081
-0.348517	0.336447	0.874837
-0.0150421	0.903182	0.428995
-0.427686	-0.349643	0.833567
0.667619	-0.287453	0.686772
-0.13584	0.090089	0.986626
0.82871	-0.197759	0.523575
0.693816	0.238323	0.679574
-0.554123	0.265561	0.78894
0.792185	0.428681	0.434368
-0.486734	-0.0674015	0.870946
-0.635097	-0.229086	0.73768
0.743947	-0.315474	0.589083
-0.715636	-0.446859	0.536826
0.164412	0.300938	0.939364
-0.263482	0.531225	0.805219
-0.0705788	0.0366777	0.996832
-0.513561	-0.176828	0.839635
-0.918863	-0.190272	0.345671
0.0765402	0.381176	0.921329
-0.485176	0.155545	0.860471
0.346007	-0.281305	0.895068
-0.231361	0.340661	0.911275
-0.327087	0.796001	0.509309
-0.0298387	-0.0693409	0.997147
-0.0466648	0.603093	0.796305
-0.115469	0.31526	0.941954
-0.937522	0.0254562	0.346994
-0.0619277	0.191039	0.979627
-0.0935528	0.137884	0.98602
0.0912327	-0.142231	0.98562
-0.150623	-0.275686	0.949374
0.041297	-0.131477	0.990459
0.219586	-0.337646	0.915302
-0.966407	-0.24854	0.065466
-0.536829	0.444527	0.717085
-0.183375	-0.193549	0.963801
0.234506	-0.103995	0.966536
-0.178367	0.4429	0.878649
-0.191128	-0.823511	0.534135
0.369577	-0.0934351	0.92449
-0.112938	-0.0242757	0.993305
-0.580361	-0.217337	0.784823
-0.677119	-0.23924	0.695899
-0.049228	0.300027	0.95266
-0.552541	0.159341	0.818113
-0.373872	0.404812	0.834474
0.611099	-0.0117875	0.791467
-0.394913	-0.540891	0.742617
-0.418422	0.12901	0.899044
0.0278117	0.673378	0.738775
-0.160422	-0.163807	0.973361
-0.111808	0.59369	0.796889
0.243627	-0.784229	0.57064
-0.169659	-0.65066	0.740174
-0.444964	0.598377	0.666298
-0.220647	0.163184	0.961606
0.700089	-0.191568	0.687879
-0.389908	0.537148	0.74796
0.258794	0.601339	0.755921
-0.422531	0.166542	0.890916
0.493711	-0.335119	0.802462
-0.0871508	0.103184	0.990837
-0.100343	-0.0927348	0.990622
0.641082	0.51975	0.564689
0.223831	-0.27223	0.935837
-0.183311	0.70292	0.687241
-0.083926	0.517912	0.851307
0.458823	0.52042	0.72017
0.551845	0.302364	0.777202
-0.427723	-0.673503	0.602866
-0.925922	-0.136848	0.352053
-0.70318	0.068332	0.707721
-0.135767	-0.473395	0.870325
0.37822	0.582603	0.719391
-0.481404	0.508487	0.713927
0.706101	0.686993	0.171647
-0.396232	0.245337	0.884765
-0.888032	0.449649	0.0959944
-0.515921	-0.0195127	0.856414
-0.663745	-0.690295	0.287985
0.531964	0.0346192	0.846059
-0.754676	0.62746	0.191723
-0.177751	0.111582	0.977729
-0.853448	-0.509161	0.111277
-0.900305	-0.2673	0.343513
0.0649085	0.163757	0.984363
0.0639757	-0.525114	0.848624
-0.409785	0.184708	0.893286
0.312992	0.415127	0.854228
0.693084	0.670658	0.264297
-0.295131	0.187156	0.936948
-0.219649	-0.08261	0.972075
0.210462	-0.388855	0.896938
0.0628224	-0.708299	0.703111
0.0269414	-0.345594	0.937997
-0.0988403	-0.0604086	0.993268
0.400851	-0.183682	0.897541
-0.453711	-0.203167	0.86768
0.297492	-0.381481	0.875198
-0.485247	-0.104643	0.868093
-0.153137	0.429992	0.88975
-0.375588	-0.12488	0.918335
-0.0666449	0.800272	0.595922
-0.0178259	0.927837	0.372559
-0.109368	-0.0792277	0.990839
-0.189599	-0.314265	0.930209
-0.248198	-0.248392	0.936322
0.128016	-0.289425	0.948602
0.237492	0.2683	0.933602
-0.302019	-0.623535	0.721102
0.00660767	-0.531573	0.846986
-0.47793	0.246158	0.843202
0.238904	-0.112034	0.964559
-0.411542	0.324036	0.851841
-0.475223	0.265031	0.839001
-0.232494	0.429585	0.872584
0.0252108	0.189936	0.981473
-0.286726	-0.434177	0.853978
-0.0601847	-0.203126	0.977301
-0.398378	-0.618471	0.67734
0.0380531	-0.58432	0.810631
-0.39945	-0.139571	0.906068
0.195164	0.460038	0.866185
0.0155666	0.0894371	0.995871
-0.496543	0.134614	0.85751
0.472455	0.281143	0.835311
-0.450857	0.0791149	0.889083
0.747502	-0.654989	0.110587
-0.14715	0.868544	0.473263
-0.389168	-0.203278	0.898458
0.489702	-0.584408	0.647038
-0.314081	-0.898527	0.306599
-0.249373	-0.34678	0.904189
-0.655117	0.182889	0.733057
-0.493809	-0.586443	0.642056
-0.264452	0.859265	0.437868
-0.331321	0.0927737	0.938946
-0.574524	0.372258	0.728935
-0.706944	0.643462	0.293575
0.0708081	-0.348581	0.9346
-0.838324	0.261134	0.478562
-0.694229	-0.387758	0.606374
-0.252873	0.139136	0.957442
-0.858516	0.227196	0.45971
-0.0510265	-0.178404	0.982633
-0.63238	-0.109427	0.76689
0.0250277	0.429609	0.902668
-0.742067	0.265441	0.61553
-0.492635	-0.65574	0.572115
-0.679206	0.143859	0.719711
-0.604783	0.101156	0.78994
0.0323257	0.0447702	0.998474
-0.0558488	-0.541831	0.83863
-0.00757387	-0.323171	0.94631
-0.229434	-0.00177973	0.973323
-0.764447	-0.539038	0.353637
0.0426275	0.744286	0.6665
0.0525207	0.33975	0.939048
-0.719254	0.078171	0.690335
0.0638629	-0.175409	0.982422
0.130119	0.654707	0.744599
-0.176558	0.601503	0.779116
-0.308782	0.0616679	0.949132
-0.0688523	-0.616876	0.784043
0.387185	-0.116441	0.91462
-0.147409	0.979487	0.137389
-0.785065	-0.576993	0.225282
-0.687951	-0.110688	0.717267
-0.110731	0.218397	0.969557
0.415035	0.39268	0.8207
-0.507775	-0.0912443	0.856644
0.116246	-0.00182349	0.993219
0.569304	0.71277	-0.409697
0.180697	-0.367003	0.912501
0.146683	0.464269	0.873463
0.0941453	0.701248	0.706674
0.388426	-0.385137	0.837135
-0.59247	-0.109004	0.798184
0.58894	0.02107	0.807902
0.654726	0.196239	0.729948
0.56829	0.634474	0.523918
0.505827	-0.105303	0.856183
0.062438	-0.510723	0.857475
-0.442877	-0.0684059	0.893969
0.122979	0.271442	0.954566
0.41078	0.527467	0.743665
0.118749	0.275176	0.954032
-0.448805	0.0684426	0.891005
-0.122316	-0.174005	0.977119
0.298279	-0.857979	0.418212
-0.560574	-0.293563	0.774324
-0.0205307	0.631496	0.775107
0.139268	0.0700614	0.987773
-0.11981	0.0796709	0.989595
-0.648954	-0.597947	0.470444
-0.278079	-0.290697	0.915515
0.695309	0.68615	0.213877
-0.267057	-0.47102	0.840726
-0.136749	0.59774	0.789941
0.435025	-0.895116	0.0975694
0.869839	0.080409	0.48674
0.458084	0.291445	0.839773
0.314166	-0.0638949	0.947215
-0.653885	-0.659575	0.370668
-0.0961256	-0.776987	0.622134
-0.274212	0.704058	0.655065
-0.163557	-0.803012	0.57308
-0.369248	0.501535	0.78238
-0.734354	-0.324008	0.596442
-0.16202	0.30384	0.938846
0.581095	0.635279	0.508675
-0.0682958	-0.691489	0.719151
0.252948	-0.219108	0.942342
-0.0271404	-0.487371	0.872773
0.00733476	-0.630717	0.775978
-0.434902	-0.484957	0.758734
0.122645	-0.254457	0.959276
0.476476	-0.10235	0.87321
-0.566031	0.00378556	0.824375
-0.932811	-0.146018	0.329457
-0.841117	0.0965553	0.532164
-0.375626	0.722667	0.580221
-0.58116	0.319267	0.748546
-0.525406	0.00415278	0.850841
0.449361	-0.750445	0.484672
-0.360536	-0.528924	0.76828
0.412788	-0.0297841	0.91034
-0.411935	0.0960936	0.906132
-0.0287424	-0.317904	0.947687
-0.142057	-0.738662	0.658937
0.0322547	-0.695583	0.717721
0.398947	-0.163898	0.902208
-0.358415	0.14452	0.922308
0.32525	-0.0101331	0.945574
0.737873	0.151147	0.657797
0.304742	0.600659	0.739149
0.224775	0.350803	0.909073
0.808952	-0.041201	0.586429
0.0657237	0.592049	0.803218
0.0880998	-0.142522	0.985863
0.0465478	-0.149501	0.987665
0.0301998	-0.104539	0.994062
0.703179	0.2326	0.671891
0.0506063	0.341731	0.938434
-0.515812	0.737209	0.436418
-0.2215	-0.295294	0.929376
-0.552508	-0.202217	0.808605
0.690504	0.546727	0.473597
-0.255866	-0.390445	0.884356
-0.276128	0.501245	0.820065
-0.537851	0.707721	0.458092
-0.419235	0.57492	0.702645
0.291767	-0.450354	0.843833
0.30673	0.369052	0.877335
-0.0972515	0.0243744	0.994961
-0.345408	0.0269923	0.938064
0.376259	-0.269096	0.886576
0.376552	-0.305812	0.874464
0.16348	0.366473	0.915954
0.478485	0.273088	0.834551
0.768592	-0.0768462	0.635107
0.0355021	-0.134987	0.990211
-0.206584	0.251814	0.945469
0.0324923	-0.96833	0.247552
-0.498906	0.286613	0.817891
0.217131	0.178711	0.959644
-0.0777768	-0.403168	0.911815
-0.73406	0.1358	0.665368
-0.417139	0.53772	0.732702
0.11354	-0.424269	0.89839
-0.235183	-0.285945	0.928937
-0.822709	0.43231	0.369132
-0.0790205	-0.149608	0.985583
0.0211308	0.148574	0.988675
-0.241809	0.0278288	0.969925
-0.662628	0.207547	0.719617
-0.851735	0.375856	0.365074
-0.00589855	0.346958	0.937862
0.464802	-0.415817	0.7817
-0.210889	-0.251598	0.944576
-0.535302	-0.254278	0.805478
-0.514487	0.0699657	0.854639
-0.0421244	-0.560667	0.826969
0.103947	-0.0143167	0.99448
0.203328	-0.341286	0.917704
-0.93018	0.129905	0.343351
-0.399759	-0.356229	0.844567
0.456448	0.0111425	0.88968
-0.502788	0.607782	0.614658
0.0308714	-0.719963	0.693326
0.153691	-0.294587	0.943185
0.00170601	-0.334271	0.942475
-0.150695	0.134483	0.97939
-0.834805	-0.0208307	0.550151
-0.537832	0.209056	0.816721
0.133853	0.549093	0.824973
-0.110347	-0.18676	0.976189
-0.0457271	-0.649315	0.759143
-0.312845	0.158298	0.93652
-0.0924689	-0.180401	0.979237
0.340427	0.478256	0.809556
0.674392	-0.0621014	0.735758
0.177445	-0.470619	0.86431
-0.147219	0.140484	0.979076
0.114357	-0.312709	0.94294
-0.945532	0.0223666	0.32476
-0.370214	0.188491	0.909622
-0.309542	0.659768	0.684755
0.387759	-0.780618	0.490182
-0.303923	-0.35175	0.885383
0.254722	-0.117662	0.959829
-0.36009	-0.810178	0.462543
-0.635956	-0.597926	0.487898
0.203091	-0.0716017	0.976538
0.0755651	0.0637158	0.995103
-0.507446	-0.490962	0.708135
-0.563668	0.225214	0.794706
0.0443005	-0.279966	0.958987
-0.153407	0.386859	0.909289
-0.415901	0.537695	0.733423
-0.134214	0.691514	0.709785
-0.362407	0.424842	0.82956
-0.913124	-0.407668	0.00342166
0.211569	0.0404532	0.976525
-0.247161	-0.228189	0.941722
0.295381	0.132672	0.946123
-0.161119	0.109147	0.980881
-0.245399	-0.145125	0.958498
0.234401	0.00729784	0.972113
-0.481713	0.723476	0.494506
-0.504892	0.0710966	0.86025
-0.312284	0.286594	0.905728
0.199764	0.367381	0.908364
-0.685478	-0.445493	0.575896
-0.0983303	-0.900915	0.422709
0.613207	0.00939136	0.789867
0.492311	0.319789	0.809546
0.221629	0.0106549	0.975073
-0.670962	0.651972	-0.35319
0.217743	-0.322466	0.921197
-0.50128	-0.669875	0.547709
-0.115142	0.683565	0.72075
-0.139197	-0.602504	0.785883
0.177627	0.584434	0.791761
-0.283735	-0.820727	0.495885
-0.536722	-0.0174229	0.843579
-0.514766	-0.253399	0.819027
-0.538416	0.0927536	0.837559
-0.600761	0.527429	0.600753
-0.182867	-0.877552	0.443241
-0.402351	-0.133688	0.905672
-0.332116	-0.790995	0.513835
-0.42606	-0.107916	0.898236
-0.155866	0.212643	0.964619
0.194056	0.122223	0.973347
-0.0708094	0.566941	0.82071
-0.520246	0.121252	0.845365
-0.0925494	-0.709699	0.698399
-0.476665	-0.386959	0.789337
-0.316085	-0.786663	0.530331
0.0488038	0.592303	0.804236
-0.504977	-0.0115696	0.863055
0.0748826	0.282239	0.956417
-0.541157	0.445813	0.713022
-0.0950197	-0.47508	0.874797
0.609612	-0.142217	0.779838
0.581272	-0.0845461	0.809305
0.336397	0.447005	0.828869
-0.322191	0.279791	0.904384
0.241323	0.149999	0.958782
0.36301	0.485668	0.795205
-0.1233	-0.0524625	0.990982
0.097658	0.0977987	0.990403
-0.011962	-0.0747912	0.997127
-0.101034	0.184823	0.977565
0.216124	0.0658919	0.97414
0.410457	-0.205203	0.888491
-0.440659	-0.338666	0.831339
-0.490955	0.488677	0.72122
0.534729	0.661006	0.526437
-0.693302	-0.136435	0.707614
-0.0494727	0.858494	0.510432
0.416443	-0.0577634	0.907325
-0.32448	-0.585953	0.742544
0.216621	-0.926529	0.307602
-0.752936	-0.460139	0.470488
0.438877	0.345197	0.829594
-0.295699	-0.326778	0.897652
-0.471584	0.377693	0.796842
0.0781985	-0.377927	0.922527
-0.225487	0.139216	0.964248
0.24721	0.364056	0.89797
-0.146388	-0.752368	0.642272
0.649407	-0.138021	0.747811
-0.166926	-0.0929967	0.981574
-0.4772	-0.75476	0.450131
0.32804	-0.342607	0.880347
-0.181028	-0.645294	0.742175
-0.578914	0.705232	-0.409275
0.516586	0.112257	0.848845
-0.556942	0.0205609	0.830297
0.475981	-0.239305	0.846272
-0.443403	-0.195909	0.87465
0.207694	0.382903	0.900138
-0.402182	-0.0236943	0.915253
-0.236818	0.589544	0.772241
-0.588902	-0.0893914	0.803246
0.113898	0.0119826	0.99342
-0.0959081	0.444364	0.890698
-0.84655	0.074179	0.527116
-0.0401727	-0.487924	0.871961
-0.03795	-0.0677254	0.996982
-0.357211	0.614064	0.703794
-0.534753	-0.54202	0.64827
-0.910005	0.0469963	0.411926
-0.297548	0.682626	0.667448
-0.163656	0.180488	0.969866
-0.812527	-0.0297852	0.582161
0.526959	0.247662	0.813005
0.0753368	-0.0748459	0.994345
0.171305	-0.0674427	0.982907
-0.285206	0.587194	0.757536
-0.388089	-0.067514	0.919146
-0.0885312	0.0268451	0.995712
-0.911806	-0.3656	0.18694
0.459675	-0.0103018	0.888028
-0.151497	-0.123966	0.980653
-0.260717	-0.152015	0.953372
-0.382255	-0.664475	0.642148
-0.141618	-0.678516	0.720806
0.0576713	0.380641	0.922923
0.816994	-0.239449	0.52458
0.423175	0.695462	0.580738
0.164743	0.558775	0.812792
0.16902	0.602565	0.779966
-0.267209	0.291443	0.91851
-0.402021	-0.0204036	0.915403
0.270644	0.747982	0.606032
-0.17772	-0.355892	0.917473
0.200132	0.541895	0.81627
-0.178931	0.310568	0.933558
-0.350363	-0.0849788	0.932751
0.119283	-0.0951509	0.98829
-0.156465	0.621425	0.767691
-0.419287	-0.0345701	0.907195
0.368972	-0.170235	0.913718
0.328578	-0.316096	0.890011
0.212403	0.121053	0.969655
0.191466	-0.33175	0.923733
0.11187	0.380336	0.918057
0.666886	-0.350939	0.657347
0.75777	0.225324	0.612384
0.791358	-0.276004	0.545504
0.414905	-0.193392	0.889075
0.242598	0.138932	0.960127
0.660045	-0.408049	0.630743
0.625597	-0.205761	0.752522
0.00753543	0.561151	0.827679
-0.195026	-0.0106274	0.98074
-0.20957	0.427326	0.879473
0.993244	0.111318	0.0327743
-0.548223	0.236322	0.802249
0.19559	0.568122	0.799363
-0.212939	0.435922	0.874431
0.108933	-0.401844	0.909206
-0.0459887	0.538284	0.841508
-0.283659	0.69898	0.656479
-0.563074	0.226339	0.794807
-0.181556	0.466336	0.865776
-0.261121	0.143913	0.954518
-0.196242	0.0433694	0.979596
-0.527128	0.0012731	0.849785
-0.0802167	-0.834253	0.545515
0.124898	-0.57359	0.809565
0.488129	-0.391408	0.780084
-0.428542	-0.0467046	0.902314
-0.60266	-0.28354	0.745926
0.00617967	0.460057	0.887868
-0.179817	-0.173455	0.968287
0.122451	0.134168	0.983364
-0.548094	-0.281145	0.78775
-0.165795	0.252232	0.953358
-0.202291	-0.718366	0.665604
-0.55899	-0.249888	0.790624
-0.0379554	0.49943	0.865522
-0.197415	-0.263508	0.944241
-0.114649	0.698805	0.706065
0.560577	-0.181732	0.807915
0.196543	0.521581	0.830255
-0.705166	0.331583	0.626732
-0.150274	0.909122	0.388479
0.356001	-0.078365	0.931194
0.431995	-0.159574	0.887647
-0.436932	-0.149147	0.887043
0.527969	0.459271	0.714366
-0.170985	0.911612	0.373801
0.132357	-0.108894	0.985202
0.440355	0.360105	0.822443
-0.383413	0.0137019	0.923475
-0.605875	0.332021	0.722964
0.173984	-0.0166239	0.984608
0.183893	0.430518	0.88365
0.271173	0.030298	0.962054
0.296417	0.691478	0.658784
0.545518	-0.831433	-0.105495
-0.252704	0.584599	0.770964
0.0728128	0.646926	0.759069
0.33413	-0.902585	0.271474
0.10905	-0.600719	0.791988
0.185768	0.120873	0.975131
-0.454597	-0.178955	0.872535
0.299718	-0.34004	0.891371
0.459739	-0.0530838	0.886466
0.622566	0.0352108	0.781775
0.770697	0.14805	0.619764
-0.61588	0.759807	0.208291
-0.405568	-0.0989397	0.908694
0.153794	-0.347351	0.925038
-0.0789655	0.377894	0.922475
-0.275322	0.255773	0.926703
0.227372	-0.272743	0.934833
0.371494	0.806717	0.459565
-0.213654	0.110192	0.970675
-0.0266353	-0.501758	0.864598
0.342254	0.319078	0.883771
0.401714	-0.823343	0.400914
0.0244044	0.146056	0.988975
0.119554	0.484612	0.86652
0.247254	-0.350417	0.903368
-0.0788665	-0.0794233	0.993716
-0.626917	0.125477	0.768915
0.136392	-0.185448	0.973142
-0.0958883	0.198081	0.975484
0.224409	-0.0920031	0.970142
0.567776	0.37076	0.734961
0.020541	-0.13147	0.991107
0.122242	-0.515398	0.848187
0.404939	-0.266263	0.874716
0.374149	-0.266713	0.888187
-0.229211	-0.668839	0.707189
0.674956	-0.245507	0.695817
-0.143557	0.0513246	0.98831
-0.751541	0.29061	0.592227
-0.29196	0.0977601	0.951421
0.00399868	-0.0485555	0.998812
-0.332156	0.0687051	0.940719
0.000135232	0.445623	0.895221
-0.432088	-0.159026	0.8877
0.0982318	-0.589218	0.80198
-0.133871	0.629211	0.765619
0.0893818	-0.115743	0.989249
0.0787602	-0.180875	0.980347
-0.240586	-0.12306	0.962795
-0.0996516	-0.255174	0.961746
0.0540262	0.182266	0.981764
-0.224452	-0.654246	0.722207
0.321947	-0.518973	0.791844
0.340566	0.487076	0.804221
-0.295498	-0.142881	0.944598
0.225004	-0.0159881	0.974227
-0.655723	-0.162213	0.73737
-0.11776	0.115123	0.986346
-0.436383	0.216648	0.873289
0.151021	0.354396	0.922819
-0.0771872	0.110892	0.99083
0.0956929	0.861947	0.497886
-0.354817	-0.00281652	0.934932
-0.296602	-0.580074	0.758645
-0.365501	0.510857	0.778096
0.762538	-0.411668	0.499064
0.756419	0.175132	0.630206
0.366646	0.0647201	0.928107
-0.0905389	0.419273	0.903334
-0.389368	0.470567	0.791808
-0.439293	-0.508778	0.740383
0.0216378	0.134182	0.99072
-0.650581	-0.0334896	0.758698
0.217385	-0.281206	0.934702
0.626314	-0.170851	0.760619
-0.465636	-0.372026	0.802981
-0.595755	0.105176	0.79625
-0.714838	-0.457611	0.52877
0.122831	0.0363738	0.991761
0.242891	0.410126	0.879091
-0.206754	-0.0978599	0.973487
-0.0455124	-0.959083	0.279444
-0.443525	-0.122061	0.887911
-0.420425	-0.176444	0.890006
0.0534234	0.28614	0.956697
-0.595125	0.00859055	0.803587
0.361803	-0.00529215	0.93224
-0.311588	-0.103542	0.944559
-0.235673	-0.528337	0.815671
0.283021	-0.377964	0.8815
0.441218	-0.456173	0.772809
-0.372145	-0.331863	0.866819
0.129041	-0.0494059	0.990408
0.176522	-0.496932	0.849646
0.461165	-0.390071	0.796976
0.159317	-0.428754	0.889263
0.0686503	-0.827837	0.556752
0.165564	0.332834	0.928337
0.511207	0.0594533	0.857399
-0.555034	-0.527544	0.643144
-0.339646	0.141182	0.929897
-0.231258	0.107861	0.966895
-0.120923	-0.0151235	0.992547
0.128976	0.734034	0.666752
-0.348675	-0.617748	0.70485
-0.805896	-0.0569149	0.589315
0.559491	-0.176811	0.809758
0.284649	0.763342	0.5799
-0.474618	0.682915	0.555306
-0.30531	-0.477882	0.823659
0.133301	0.340322	0.930812
-0.642515	0.747719	0.167605
0.091586	-0.273765	0.957426
0.660354	0.0336321	0.750201
0.280005	0.437016	0.85476
-0.77356	0.202788	0.600402
0.666153	-0.102719	0.738707
-0.190435	0.483806	0.854205
-0.438884	0.430225	0.788852
-0.0219299	-0.401327	0.915672
-0.57561	0.0960054	0.812069
0.0122652	-0.18614	0.982447
0.228565	-0.331413	0.915381
-0.653617	0.187145	0.733323
-0.274023	0.093861	0.957132
0.0459884	0.407228	0.912168
-0.460417	-0.70556	0.538703
-0.13776	-0.410173	0.901543
0.671935	0.0555328	0.738525
-0.544975	0.0652753	0.835908
-0.253565	-0.23271	0.938909
-0.230937	-0.772834	0.591097
-0.144404	-0.00938734	0.989474
0.0879457	0.0404005	0.995306
-0.177094	-0.438161	0.881279
-0.134034	-0.334412	0.932847
-0.227595	0.155061	0.961331
-0.153286	0.34936	0.924365
-0.106778	0.643061	0.758334
0.0424345	-0.03746	0.998397
-0.233236	-0.454262	0.859795
0.216583	-0.224592	0.950079
-0.103643	0.513202	0.851987
0.181397	0.0534839	0.981955
0.13985	0.256364	0.95641
-0.37702	-0.023484	0.925907
0.421112	0.39522	0.816374
-0.531645	0.098442	0.841227
0.227102	0.366324	0.902348
-0.381949	-0.147933	0.912267
-0.168879	-0.406205	0.898041
-0.38464	0.407767	0.828118
0.86074	0.117707	0.49525
-0.658807	-0.680852	0.320022
0.232739	0.368184	0.900152
0.166645	0.303235	0.938231
-0.18012	0.136074	0.974187
-0.386539	-0.666298	0.637679
0.0920496	0.028889	0.995335
0.177969	-0.195645	0.964391
-0.115711	0.0955197	0.988679
-0.549728	0.0258716	0.834943
0.393974	-0.371977	0.840486
-0.259249	-0.149033	0.954243
-0.253931	-0.10806	0.961167
-0.0529859	0.512537	0.857029
0.325597	-0.0798478	0.942131
0.766155	0.270743	0.582842
-0.456692	0.592436	0.663665
0.21399	0.388784	0.896134
-0.773763	0.539211	-0.332479
0.183565	0.140426	0.972926
-0.301968	0.291942	0.907516
-0.114287	0.836718	0.535575
-0.404166	0.649514	0.644036
-0.160045	0.408147	0.898778
0.157036	-0.267466	0.950685
-0.710981	-0.0913845	0.697248
0.724908	0.345515	0.595926
-0.0251424	0.446835	0.894263
-0.30569	0.0729956	0.949329
-0.412582	-0.0570508	0.909132
0.131371	0.487619	0.863116
-0.128567	-0.115452	0.984958
-0.143303	0.262753	0.954162
0.753855	0.271726	0.598221
-0.343338	0.376757	0.860333
-0.147997	0.260245	0.954133
-0.708151	0.34865	0.613975
-0.0368267	0.492043	0.869792
-0.169535	0.22618	0.959219
-0.378023	-0.116048	0.918494
-0.191769	-0.102565	0.976066
0.263287	0.0206942	0.964496
-0.369824	0.0666477	0.926708
0.225449	0.469115	0.853876
-0.123426	-0.778526	0.615356
-0.161972	-0.610838	0.775011
-0.116895	0.240827	0.963503
-0.337176	-0.00122831	0.941441
0.332124	-0.0710803	0.940554
0.67266	-0.296911	0.67777
-0.0905424	0.26611	0.959681
-0.821482	-0.101812	0.561072
-0.811478	0.00422831	0.584368
-0.327139	-0.289921	0.899403
0.164937	-0.313895	0.935022
0.113723	-0.276168	0.954358
-0.166215	-0.0459563	0.985018
-0.233353	0.390822	0.890396
0.468273	0.120111	0.875382
-0.57394	-0.0265661	0.818467
0.184539	0.381439	0.905787
-0.524827	0.478312	0.704112
0.320531	-0.283857	0.903706
-0.336331	-0.406012	0.849727
0.0625643	0.643617	0.762786
-0.137442	-0.988786	0.0584189
0.193702	-0.0893675	0.976982
0.654988	0.0629897	0.753009
0.149824	-0.772618	0.61694
-0.113264	-0.155237	0.981363
0.0918441	0.0421294	0.994882
0.551504	-0.342399	0.760661
-0.244919	-0.00320879	0.969538
-0.510017	0.0540475	0.858465
0.316205	-0.385996	0.866615
-0.461845	0.0763947	0.883665
-0.817814	-0.218811	0.532262
-0.401654	0.914308	0.0521037
-0.208214	0.225473	0.95174
0.368703	-0.176123	0.91271
-0.143578	0.336847	0.930548
0.188689	-0.640986	0.743999
-0.729771	-0.404069	0.55151
-0.233607	0.372168	0.898287
-0.889156	0.274634	0.36603
0.0915161	0.136155	0.986452
-0.0579483	-0.48932	0.870177
-0.313891	-0.607934	0.729306
-0.418006	0.279673	0.864323
-0.413907	0.279036	0.866499
0.212884	-0.177867	0.960752
-0.104662	-0.175492	0.978902
-0.593607	-0.635508	0.493721
-0.258196	-0.146951	0.954851
-0.19552	0.130773	0.971942
0.136868	-0.871623	0.47068
-0.128286	0.868085	0.479553
-0.653697	-0.224164	0.722793
-0.707911	0.337882	0.62024
0.143951	-0.194081	0.970366
0.310318	-0.403049	0.860961
0.418187	-0.368448	0.83028
-0.347507	0.0736679	0.934779
-0.679563	0.370207	0.633357
-0.265235	-0.0813831	0.960743
0.469025	0.547967	0.692638
-0.500027	0.655983	0.565384
0.0767073	0.174242	0.981711
-0.649966	-0.143379	0.746315
0.0919658	0.706983	0.701226
0.0247582	-0.011694	0.999625
0.182412	-0.807184	0.561409
-0.363127	-0.371139	0.854631
0.39978	0.545356	0.736724
0.0512894	0.234834	0.970681
-0.43455	0.0897633	0.896163
-0.583045	0.171569	0.794117
0.0957519	-0.549054	0.830284
0.848016	-0.0466446	0.527914
-0.0307313	0.175372	0.984022
0.419796	0.38786	0.820571
0.602572	-0.0565584	0.796058
0.16297	0.367062	0.915809
-0.483667	-0.532252	0.694819
-0.180868	0.124005	0.975658
-0.00284038	0.656392	0.754414
-0.14546	-0.150237	0.977891
0.665891	0.0594212	0.743678
-0.0907402	0.260412	0.961224
0.342594	-0.635825	0.691633
0.564849	-0.130848	0.814754
0.341808	0.317136	0.884642
0.126915	0.79754	0.589766
0.0904897	0.559281	0.824025
-0.152232	0.568667	0.808358
-0.1091	-0.335416	0.935731
-0.0304065	-0.0800186	0.996329
0.802418	-0.374933	0.464273
-0.136752	-0.540647	0.83006
-0.194832	0.424196	0.884363
0.026888	0.292755	0.955809
-0.144678	-0.0321026	0.988958
-0.360281	-0.543447	0.758197
-0.110221	-0.154323	0.981853
-0.0236727	-0.215998	0.976107
0.00716025	0.651761	0.75839
0.337849	-0.267533	0.902377
-0.130087	-0.129054	0.983068
-0.258848	-0.526742	0.809655
-0.0562291	-0.620947	0.781833
-0.253861	0.00861655	0.967202
-0.165189	-0.302381	0.938764
-0.408161	0.473499	0.780515
0.0432644	0.463861	0.884851
-0.45765	-0.411327	0.788269
0.305455	0.34292	0.888315
-0.280328	-0.817979	0.502322
-0.714501	0.0980017	0.692737
0.023909	0.149582	0.98846
-0.349906	0.112356	0.930023
-0.352523	-0.132518	0.926373
-0.893262	0.26312	0.364488
0.447025	0.00863505	0.89448
0.588101	-0.158759	0.793053
-0.119241	0.0796097	0.989669
-0.351864	0.343666	0.870681
-0.223111	-0.79484	0.564315
0.733619	-0.16732	0.658641
-0.423925	-0.177964	0.888041
-0.296139	-0.544982	0.784408
0.0139782	-0.417563	0.90854
-0.231046	-0.575436	0.784532
0.539891	0.0879495	0.837127
-0.419032	0.230216	0.878301
0.116879	-0.0679897	0.990816
-0.530616	0.0124405	0.847521
0.348467	0.380469	0.856629
0.148936	0.896864	0.416476
0.0362895	0.303958	0.951994
-0.475658	-0.369614	0.798207
-0.137122	0.390968	0.910133
0.130672	0.0212533	0.991198
-0.298263	-0.255526	0.919644
-0.425871	-0.423045	0.799792
0.558134	0.019891	0.829513
0.185389	0.898317	0.39832
0.347392	-0.334403	0.876067
0.350497	0.327079	0.877594
0.112734	0.481854	0.868969
0.21953	-0.320168	0.921574
0.536234	0.317912	0.781911
-0.287148	-0.170524	0.942586
-0.140341	0.437921	0.887992
0.474408	-0.030497	0.879776
-0.813422	-0.562559	0.14789
-0.0174992	0.443289	0.896208
-0.719315	-0.124354	0.683464
-0.155392	0.287472	0.945099
0.0936897	-0.2501	0.963676
0.456103	-0.00438008	0.889916
-0.0978295	-0.277768	0.955654
0.18518	0.136959	0.973114
0.718118	-0.17907	0.672489
-0.458498	-0.493205	0.739275
0.113711	0.211073	0.970834
-0.349798	0.299136	0.887783
-0.0109274	-0.0425919	0.999033
0.437741	0.2419	0.865949
-0.116579	0.193516	0.974146
0.174989	0.205566	0.962871
-0.0533446	-0.346025	0.936707
-0.588256	-0.0480551	0.807246
0.149275	-0.336643	0.929725
-0.276675	-0.135085	0.951422
-0.41673	-0.243045	0.875937
-0.812685	-0.136509	0.566488
0.193596	-0.136679	0.971514
0.0310175	-0.753743	0.656437
0.525465	-0.427046	0.735879
-0.111659	0.0106368	0.99369
-0.375933	-0.227481	0.898291
-0.105567	0.4044	0.908469
-0.267396	0.165241	0.949313
-0.46692	0.331128	0.819963
-0.224514	-0.163863	0.960595
0.734633	0.0499847	0.676621
-0.440632	0.277012	0.853878
-0.703967	-0.334975	0.626276
0.629012	0.100388	0.770886
0.737076	0.329616	0.589977
-0.193799	-0.113459	0.974458
0.194305	-0.817858	0.541621
-0.600022	0.646138	0.471677
-0.997577	0.0695641	-0.000643554
-0.690561	-0.086105	0.71813
-0.186322	0.696909	0.692533
-0.252262	0.150237	0.955925
0.0754717	-0.308502	0.948225
0.171345	-0.338116	0.925375
-0.948393	0.206744	0.240433
-0.42185	0.652823	0.629177
-0.313967	0.81907	0.480155
0.333872	0.224708	0.915443
-0.0548668	-0.445603	0.893548
-0.545681	-0.0235153	0.837663
0.0983383	-0.191954	0.976465
-0.231173	0.678897	0.696892
0.0847443	-0.076657	0.99345
0.318199	-0.373581	0.871313
0.476004	0.337963	0.811912
-0.101535	-0.606632	0.788472
-0.188416	-0.186424	0.964233
0.108741	0.147697	0.983037
0.117738	-0.142714	0.982736
0.0807999	-0.0701832	0.994256
-0.733004	-0.39493	0.553838
0.201797	-0.511663	0.835152
-0.0655524	0.143833	0.987429
-0.664425	0.116298	0.738251
-0.492791	0.333241	0.803808
0.0703579	0.0561962	0.995938
-0.498427	0.723712	0.477296
-0.694491	0.549942	0.463946
-0.139574	0.0245505	0.989907
-0.156265	-0.61231	0.775021
0.156095	0.227071	0.961287
-0.15093	-0.157774	0.975873
-0.467863	0.296922	0.832431
-0.463	0.584669	0.666179
0.254442	0.351832	0.900818
0.306012	-0.0401448	0.951181
0.142852	-0.302265	0.942459
0.201876	0.0154664	0.979289
0.216125	0.51648	0.828577
0.337724	0.259362	0.904806
0.522319	-0.089128	0.84808
-0.0656339	-0.397036	0.915453
-0.580674	-0.220413	0.783732
-0.219454	0.0373922	0.974906
-0.485499	-0.26103	0.834358
-0.747587	0.212382	0.629292
0.570162	-0.181768	0.801172
0.0521956	0.117058	0.991752
-0.0458935	-0.368867	0.928348
-0.127022	-0.0571594	0.990252
-0.0699504	-0.207379	0.975757
-0.550639	-0.156323	0.819976
0.500858	0.291682	0.814901
0.0203235	0.500076	0.865743
-0.553126	-0.123249	0.82393
0.548778	0.769481	0.326713
-0.285417	-0.132551	0.949193
-0.296104	-0.102177	0.949675
-0.118835	-0.480339	0.868995
-0.359026	-0.0686481	0.930799
-0.67919	0.192682	0.708219
-0.192737	-0.0641347	0.979152
-0.176701	-0.509662	0.842034
-0.245587	-0.293878	0.923755
-0.811464	-0.400611	0.425485
-0.579921	-0.553456	0.597811
-0.455765	-0.481282	0.748763
0.162132	-0.448673	0.878866
-0.190892	0.0277522	0.981219
-0.14366	-0.0782846	0.986526
0.81328	0.309189	0.492927
0.0759115	0.051737	0.995771
0.402838	-0.390998	0.827552
-0.0830849	0.89404	0.440215
-0.391228	0.22323	0.892809
-0.861839	-0.483385	0.153531
0.339799	-0.819667	0.461175
0.184415	0.375433	0.908318
0.0866858	0.512494	0.854304
0.457638	-0.52269	0.719279
0.288903	0.841968	0.455659
0.61125	0.311073	0.727741
-0.151174	-0.29193	0.944417
0.102822	-0.384165	0.917521
-0.0193857	-0.0293898	0.99938
-0.237608	0.376926	0.895248
0.115671	0.418628	0.900761
0.43462	-0.121725	0.89235
0.286381	0.16649	0.94354
-0.739556	-0.123941	0.661586
0.239704	-0.191443	0.951783
-0.135601	0.235142	0.962455
0.155695	-0.129276	0.979309
0.742587	0.224973	0.630834
-0.183284	-0.0914951	0.978793
0.447141	0.510701	0.734336
-0.699401	0.254593	0.667848
0.1025	-0.143007	0.9844
0.0122342	-0.17309	0.98483
-0.29349	0.465503	0.834968
-0.116219	-0.306755	0.944666
0.119449	-0.236089	0.964362
0.314227	0.46559	0.827338
-0.420881	0.596743	0.683196
0.454395	0.652318	0.606635
0.454111	-0.504723	0.734192
-0.593156	0.00936831	0.805033
-0.590719	-0.695973	0.408255
-0.0977099	-0.0768303	0.992245
0.570813	-0.200411	0.796246
-0.0156295	0.166671	0.985889
-0.140208	0.0987938	0.985181
-0.788409	-0.143144	0.598264
0.0721091	0.500929	0.862479
-0.751314	0.657195	-0.060182
-0.194236	0.491297	0.849058
0.0882834	-0.685052	0.723125
0.298651	-0.314036	0.901215
-0.477634	-0.372939	0.795476
-0.827771	-0.518291	0.214872
0.797588	-0.0727856	0.598795
0.14076	-0.913158	0.382531
0.22183	0.220089	0.949922
-0.766284	-0.0636751	0.63934
0.743216	0.279595	0.60783
-0.723791	-0.550368	0.416198
0.529356	0.112261	0.84094
0.183041	0.153181	0.971098
-0.295648	0.249704	0.922085
0.505789	0.133145	0.85232
-0.700402	-0.140886	0.699705
0.230016	-0.101598	0.967869
-0.0268154	-0.642216	0.766055
-0.563379	0.0440815	0.825022
-0.195764	-0.274028	0.941586
-0.247354	-0.703905	0.665834
-0.410589	-0.414143	0.812343
-0.101089	-0.425586	0.899254
-0.295228	-0.557775	0.775711
-0.21949	-0.713726	0.665147
-0.46895	0.789657	0.395635
-0.218886	0.709636	0.669706
0.0413676	0.398202	0.916364
-0.0511368	0.53707	0.841986
-0.585389	0.569887	0.57667
-0.420976	-0.00290042	0.907067
-0.669633	-0.505875	0.543766
0.517091	0.722019	0.45968
0.432676	-0.144127	0.889954
-0.708034	-0.335075	0.621621
-0.480164	-0.435685	0.761329
0.033578	-0.150468	0.988044
0.28038	0.450302	0.847711
0.278986	-0.0950544	0.955579
0.199806	-0.185102	0.962193
0.124	0.291622	0.948462
0.25066	-0.0914399	0.963747
0.439292	-0.518492	0.733613
-0.0662774	0.182224	0.981021
0.363233	-0.137605	0.921481
-0.415527	0.088793	0.905236
0.482712	0.436829	0.759059
0.683536	-0.314704	0.65859
0.630722	0.286869	0.721038
0.800272	0.220554	0.557602
-0.297426	0.0449659	0.953685
0.37465	0.663026	0.6481
0.163687	0.458149	0.873674
-0.386763	0.135888	0.912112
0.587377	0.145046	0.79621
0.594584	-0.117143	0.795454
-0.121376	0.675656	0.727157
0.128963	-0.686058	0.716026
0.0594656	-0.612654	0.788111
-0.359615	0.154891	0.920155
-0.780279	-0.034887	0.624458
-0.593063	0.0734582	0.801798
-0.339518	-0.534687	0.773846
-0.0647075	-0.673513	0.736338
-0.497264	0.160113	0.852697
-0.445862	0.546756	0.708706
-0.0675219	0.110922	0.991533
0.00400854	-0.149023	0.988826
-0.607356	0.264965	0.74894
0.724133	-0.134868	0.676344
-0.801087	-0.0291406	0.597838
-0.484292	-0.113424	0.867523
-0.778354	-0.405694	0.479142
0.166785	-0.64373	0.746856
-0.282141	-0.682399	0.674335
0.0104368	-0.665859	0.746005
-0.195583	-0.191136	0.961881
-0.822406	-0.0129525	0.568754
0.239386	0.198801	0.950354
-0.505877	-0.226287	0.832395
-0.508864	0.128178	0.85125
0.473716	0.195731	0.858652
0.237776	-0.675756	0.697722
-0.0163967	0.0986685	0.994985
-0.0794549	-0.19448	0.977683
-0.205403	-0.111235	0.972336
-0.0937504	0.0650679	0.993467
0.383147	0.324391	0.864852
-0.402058	0.126625	0.906816
0.0665983	0.342935	0.936995
0.059897	-0.0836512	0.994693
-0.071523	-0.517723	0.852553
0.677389	0.558557	0.478706
0.201003	0.571189	0.795827
0.513194	0.279631	0.811442
-0.0692829	-0.32561	0.942962
-0.0986762	-0.855719	0.507945
-0.0746501	0.0308824	0.996731
0.965659	0.217722	0.141771
-0.0548148	0.250795	0.966487
0.224206	0.172073	0.95923
0.53229	-0.373981	0.759477
0.104484	0.298053	0.948814
0.122035	0.145552	0.981795
-0.396738	-0.429962	0.811007
0.703228	0.100382	0.703842
-0.0680707	-0.12779	0.989463
0.204006	0.103834	0.973447
0.343171	-0.0401936	0.938412
0.442742	-0.0127268	0.896559
-0.163621	-0.188841	0.96828
-0.435504	0.180448	0.881915
0.443907	0.312697	0.839742
0.170439	0.361202	0.916779
0.142237	0.839444	0.524503
-0.473671	-0.107577	0.874107
-0.449351	0.351477	0.821308
-0.510437	-0.161746	0.844566
0.388297	-0.129016	0.912458
-0.0802172	-0.427931	0.900244
0.262251	-0.489337	0.831729
-0.158079	0.537645	0.828221
0.225222	0.0496177	0.973043
-0.0511654	-0.417933	0.907036
-0.338278	-0.0421659	0.940101
-0.0322848	-0.108952	0.993523
-0.529447	0.324068	0.784006
-0.0938982	0.0963859	0.990905
0.149158	0.169574	0.974165
-0.587786	0.124278	0.799414
-0.668248	-0.144529	0.729764
0.0960444	-0.502367	0.859304
-0.706725	0.0283632	0.70692
0.436819	-0.526721	0.729214
-0.882368	0.181569	0.434118
-0.0455321	0.40659	0.912475
-0.182219	-0.285181	0.940993
0.903985	0.0563903	0.42383
0.189561	0.27696	0.941998
-0.14236	0.866673	0.478134
-0.160775	0.94916	0.270642
0.43242	0.381007	0.817219
0.306011	-0.174972	0.935811
-0.200842	-0.522366	0.828732
-0.319533	0.212438	0.923455
0.358331	-0.592606	0.7214
-0.033664	-0.614494	0.788203
0.262752	0.801034	0.537872
0.0751217	0.218943	0.972841
0.625835	0.247281	0.739718
-0.0878162	0.682549	0.725545
-0.673867	0.668254	0.315183
-0.0678353	0.557207	0.827598
-0.354084	-0.911358	0.209882
-0.649983	0.49828	0.573794
0.398001	0.656619	0.640661
-0.218799	0.354422	0.909127
-0.130377	-0.661332	0.738676
0.197812	0.275445	0.940745
0.0615289	0.607071	0.792262
0.759914	-0.542467	0.358135
0.391289	-0.474177	0.788701
0.776213	-0.235096	0.584999
-0.0663799	-0.0480206	0.996638
-0.141426	0.419119	0.896849
-0.156949	-0.413077	0.89707
-0.16845	-0.384677	0.90755
0.374707	-0.28058	0.883668
-0.285058	-0.136963	0.948674
-0.0644517	0.83455	0.54715
0.267599	-0.164595	0.949368
-0.332831	0.604404	0.723822
-0.248856	-0.148107	0.957149
-0.362061	0.191568	0.912258
0.0735002	0.472948	0.878019
0.280166	-0.920579	0.272106
0.275914	-0.60365	0.747982
0.392573	-0.352647	0.849427
-0.415991	-0.24904	0.874603
0.102638	-0.132405	0.985867
-0.0406045	0.175094	0.983714
0.0581057	-0.324291	0.944171
-0.274698	-0.375905	0.885007
0.00885344	-0.193494	0.981062
0.280138	-0.581503	0.763791
0.365783	0.481513	0.79646
0.234648	0.0691939	0.969615
0.386822	-0.455965	0.801539
-0.186376	0.706766	0.682456
-0.294235	-0.702599	0.647905
0.133758	-0.572558	0.808879
0.261771	-0.57812	0.772821
0.117535	-0.0769339	0.990084
0.328864	0.384948	0.862359
0.709431	0.0477192	0.703158
-0.795076	-0.327258	0.510644
0.643561	0.422469	0.63824
-0.517627	-0.237534	0.821974
0.189971	0.133102	0.972725
0.10815	0.528288	0.842149
-0.515811	0.144558	0.844418
-0.319369	-0.00953234	0.947582
-0.469147	0.155177	0.86938
-0.0992264	0.143029	0.984732
-0.034235	0.142413	0.989215
0.198459	-0.149884	0.968581
0.692163	0.715932	0.0913879
-0.600959	0.0380063	0.798376
0.129412	0.0057522	0.991574
-0.178478	0.692742	0.698752
0.2423	0.0392367	0.969408
-0.0223239	0.767603	0.640537
0.0963795	0.208561	0.973249
0.290839	-0.159248	0.943426
-0.0218439	-0.703935	0.709928
0.569671	-0.390813	0.723008
-0.384681	-0.382875	0.839897
0.094799	-0.0619621	0.993566
0.0489569	-0.174845	0.983378
0.272258	-0.0918009	0.957835
-0.0390571	0.635868	0.770809
0.215509	-0.49801	0.839965
0.140117	-0.746208	0.6508
0.244158	-0.138661	0.959771
-0.0288562	0.0605614	0.997747
-0.219714	0.161192	0.962155
-0.425404	-0.298011	0.85453
0.0661866	-0.35995	0.930621
-0.126701	-0.142894	0.981595
0.387831	-0.1346	0.91185
-0.203928	-0.136058	0.969485
0.27099	0.431721	0.860338
-0.733651	-0.125095	0.667913
-0.764956	-0.299882	0.570012
0.52768	-0.168148	0.832634
-0.128052	-0.656502	0.743376
-0.357606	0.0686557	0.931345
-0.757624	-0.492235	0.428615
0.0881581	0.0264787	0.995755
-0.362933	0.742746	0.56268
0.27221	-0.0628192	0.960185
-0.220547	-0.524652	0.822252
-0.0594171	-0.411902	0.909289
0.00105609	0.268061	0.963401
-0.1279	-0.157021	0.979278
0.382012	0.249528	0.889833
-0.181902	-0.311069	0.932817
-0.620777	0.214145	0.754173
-0.110731	-0.777504	0.619053
0.394862	0.487279	0.778873
0.16692	0.300081	0.939196
0.245176	0.420568	0.873505
0.023099	0.181436	0.983131
-0.203057	-0.16024	0.965966
-0.0933353	0.319567	0.942956
-0.297375	0.329387	0.896143
0.529067	0.128502	0.838794
0.901548	0.0196458	0.432232
0.494595	0.109376	0.862214
-0.596862	0.0110801	0.802268
-0.672534	-0.572732	0.468695
-0.112755	-0.0792602	0.990456
-0.233442	-0.259144	0.937203
0.639015	-0.325787	0.696794
0.410824	0.312655	0.856429
-0.0541566	-0.0671271	0.996274
0.178492	-0.135344	0.974588
-0.443992	-0.338673	0.829561
-0.166982	-0.31265	0.935076
-0.300897	0.360318	0.882968
-0.157974	0.183563	0.970231
0.0991039	0.768495	0.632134
-0.609981	-0.0266143	0.791969
-0.131748	0.45259	0.881933
0.0432309	0.313095	0.948737
-0.643151	0.746322	-0.171349
0.201317	0.257065	0.945193
0.0889237	0.138584	0.98635
-0.014714	-0.00545353	0.999877
0.240108	0.491147	0.837331
0.314122	0.0118019	0.949309
-0.530363	0.00331415	0.847764
-0.69459	-0.242212	0.677406
-0.0841338	0.0683476	0.994108
0.02151	0.925566	0.377974
-0.35139	-0.480049	0.80379
0.168118	-0.235384	0.957252
-0.101485	-0.198092	0.974915
0.457844	-0.138616	0.87816
-0.631074	0.169908	0.756887
0.372534	0.463988	0.8037
0.0789222	0.461742	0.883496
-0.225971	-0.0403351	0.973299
-0.506475	0.0634488	0.859917
-0.528002	-0.347834	0.774742
-0.299592	0.237824	0.923951
-0.156032	0.196327	0.968044
-0.741615	-0.0537163	0.668672
-0.371153	-0.430678	0.822655
0.117402	0.648872	0.751786
0.19384	-0.159485	0.967983
-0.302794	-0.250762	0.919475
0.297015	-0.59539	0.746521
-0.0402184	0.598732	0.799939
-0.224895	0.215126	0.950338
-0.706749	-0.393568	0.587886
-0.00260127	-0.221787	0.975092
0.361243	0.646911	0.671573
0.670798	0.487969	0.558494
0.0773553	-0.364337	0.928049
0.337098	0.296192	0.893664
0.5705	0.282724	0.771101
-0.455519	-0.429722	0.779642
0.17901	0.159899	0.970767
0.126084	0.480445	0.867914
-0.188467	-0.938926	0.287921
-0.389582	-0.500457	0.773155
0.503879	0.21924	0.835488
0.611587	-0.0358209	0.790366
-0.0891648	-0.632539	0.769379
0.177134	-0.39918	0.899599
0.523993	0.617462	0.586662
-0.173292	0.563391	0.807812
-0.515144	-0.167395	0.840598
0.541924	-0.00652976	0.840402
0.330853	-0.626051	0.706113
-0.703456	-0.636768	0.315715
0.176102	0.482814	0.857834
-0.0234924	-0.464023	0.885512
-0.382431	0.463537	0.7993
-0.889122	-0.0101036	0.457558
0.335277	-0.0984298	0.936964
-0.036248	-0.286694	0.957336
0.290945	0.123234	0.94877
-0.00576403	0.173045	0.984897
-0.441651	-0.107445	0.89073
-0.719447	0.693273	0.0420518
-0.0364457	0.714421	0.698767
0.0783478	0.0789027	0.993799
-0.241229	-0.654817	0.716257
0.352958	0.342706	0.870617
0.216768	-0.475906	0.852365
-0.293692	0.10066	0.950585
-0.556152	0.357279	0.750365
0.0979537	-0.338305	0.935925
0.315373	-0.0024383	0.948965
0.864825	0.0379505	0.500638
0.133207	0.725627	0.675072
0.0121096	0.120511	0.992638
-0.0529016	0.215415	0.975089
-0.866465	-0.297339	0.401033
-0.326641	0.358791	0.8744
0.556146	0.0851086	0.826715
0.132127	-0.456007	0.880114
0.358808	-0.0149757	0.933291
-0.348371	0.244149	0.905002
-0.560814	-0.245719	0.790639
-0.586195	-0.234144	0.775598
-0.0532222	0.109111	0.992604
-0.00756854	0.462116	0.886787
0.172925	-0.273509	0.946198
-0.455622	0.112159	0.883079
0.296619	0.508564	0.808319
-0.107727	0.143079	0.983831
-0.0258521	-0.170648	0.984993
-0.277359	-0.0721835	0.958051
0.144653	-0.284416	0.947725
0.210079	-0.154502	0.9654
0.330238	-0.152012	0.931577
0.0193589	-0.0136173	0.99972
0.305301	0.155921	0.939404
0.132501	-0.0705396	0.98867
0.226767	0.100618	0.968738
0.117578	-0.0267498	0.992703
0.584605	-0.231829	0.777491
-0.380317	0.0833205	0.921095
0.181012	0.19696	0.963557
-0.0163829	-0.0550378	0.99835
-0.498044	0.173066	0.849706
0.445259	0.10006	0.889793
0.409357	-0.0357865	0.911672
-0.0449322	-0.242185	0.969189
-0.067109	-0.0466617	0.996654
0.137059	0.160272	0.977511
-0.749925	-0.154024	0.643343
-0.941136	0.119479	0.316208
-0.569137	0.468427	0.675765
0.137147	-0.980777	0.138808
-0.295786	-0.688754	0.661913
-0.364136	-0.093801	0.92661
-0.309701	-0.61812	0.722505
-0.436998	-0.236462	0.867824
-0.487264	0.665166	0.565799
0.665524	-0.318676	0.674925
-0.381334	0.413039	0.827033
-0.130211	-0.497889	0.85741
-0.0923138	-0.239317	0.966543
0.301485	0.331329	0.894051
0.243687	0.402102	0.88257
-0.811632	0.16566	0.560188
-0.104728	-0.115342	0.98779
-0.46219	0.0922774	0.881966
0.149004	-0.817007	0.557044
-0.71179	0.269677	0.648559
-0.0971798	0.594059	0.79853
-0.325972	0.268296	0.90651
-0.586334	-0.0864964	0.805438
-0.818077	-0.306145	0.486853
-0.181764	0.389404	0.902954
-0.571838	0.125715	0.810677
-0.730291	0.61483	0.297757
0.379804	-0.212714	0.900279
-0.288216	-0.384908	0.8768
0.00777957	-0.0545217	0.998482
-0.665318	-0.50778	0.547277
0.214637	-0.0218162	0.97645
-0.448127	-0.585643	0.675429
-0.186635	-0.0406615	0.981588
-0.774328	-0.264377	0.57491
-0.654162	-0.192056	0.731564
-0.204964	0.23429	0.950315
0.35075	0.153867	0.923742
0.497392	-0.196466	0.844986
-0.0285334	-0.902227	0.430317
0.820192	0.525313	0.226563
-0.47428	0.374644	0.796681
-0.144959	-0.178861	0.973137
0.188753	0.0396676	0.981223
0.431666	-0.591095	0.681375
-0.540833	-0.0382486	0.84026
-0.424874	0.278935	0.861207
0.322387	-0.0354524	0.945944
-0.250646	-0.227885	0.940875
-0.679663	-0.106372	0.725771
-0.693067	-0.0808298	0.716327
0.307151	-0.0389476	0.950863
-0.629378	0.00395135	0.777089
0.382481	-0.222065	0.896881
0.43805	0.540994	0.71794
-0.476284	-0.292256	0.829301
-0.627371	0.304596	0.716677
-0.758438	-0.164953	0.630525
0.472992	0.166336	0.865223
0.0399544	-0.822311	0.567633
-0.409308	0.0549892	0.910738
-0.0618815	-0.667242	0.742266
-0.416382	-0.335565	0.844998
0.0251816	-0.49103	0.870778
-0.148166	-0.981335	0.122595
0.438811	0.268535	0.857516
0.0421789	-0.530578	0.846586
-0.924441	-0.182198	0.334983
0.653991	-0.571788	0.495332
-0.0224038	-0.11953	0.992578
0.298151	0.284646	0.911089
-0.185846	0.0121614	0.982504
-0.442752	0.748385	0.493852
-0.401939	-0.341258	0.849699
-0.104137	-0.273256	0.956288
-0.517084	-0.201275	0.831933
-0.150892	-0.0758151	0.985639
-0.0557276	-0.284667	0.957005
0.186826	0.248429	0.950462
0.217349	0.372513	0.902216
-0.107836	0.412774	0.904427
-0.276391	-0.601119	0.749842
-0.480256	-0.298848	0.824648
-0.259905	0.483879	0.83565
0.0898264	-0.13275	0.987071
-0.180222	-0.303639	0.935587
-0.838873	0.1407	0.525829
0.0354532	0.0462373	0.998301
-0.523395	-0.0826098	0.848076
-0.43101	-0.156699	0.888637
-0.622867	-0.310945	0.717878
-0.575209	-0.600637	-0.55531
0.519943	-0.0766494	0.850755
-0.053366	0.441314	0.895765
-0.0576913	-0.158346	0.985697
-0.774989	0.382816	0.502836
0.281132	0.0787077	0.956436
-0.0206285	0.800913	0.598425
-0.378137	0.709489	0.594675
0.07196	-0.61221	0.787414
0.463279	-0.103924	0.880098
-0.894466	0.0928892	0.43738
-0.492275	0.117381	0.862489
-0.0338514	0.0959397	0.994811
-0.0404613	-0.0758765	0.996296
-0.702971	0.213721	0.678347
0.130449	-0.125397	0.983493
0.397615	-0.0241332	0.917235
-0.773518	0.576618	0.263025
-0.354665	-0.256524	0.899115
0.302496	-0.341101	0.890026
0.0635986	0.593891	0.802028
0.679537	-0.123018	0.723254
-0.263554	-0.011498	0.964576
-0.180821	0.571553	0.800394
-0.0207474	0.77007	0.637622
-0.0370274	0.0962547	0.994668
-0.254553	-0.550567	0.795034
-0.118476	0.153447	0.981029
0.0421285	-0.0683706	0.99677
-0.0182982	-0.769318	0.638604
-0.01411	-0.944584	0.327967
-0.147287	-0.240972	0.959291
-0.167472	0.0113265	0.985812
-0.484447	0.471912	0.736621
-0.0492923	-0.107643	0.992967
-0.170912	0.425078	0.888875
0.798499	-0.0508104	0.599848
-0.561325	0.356828	0.746718
0.173756	-0.0608411	0.982908
0.545354	0.18336	0.817905
-0.585665	0.407854	0.700465
0.55305	0.340029	0.760602
0.0580238	-0.448286	0.892005
0.0549562	0.16151	0.98534
-0.350849	0.0334466	0.935835
0.713166	-0.0661096	0.697871
-0.754459	-0.154008	0.638022
0.208712	0.379484	0.90135
-0.0964045	-0.240811	0.965772
-0.214739	-0.348139	0.912517
0.113443	0.848706	0.516555
0.789758	-0.561132	0.247819
0.479108	-0.231381	0.84671
-0.296858	-0.661214	0.688964
-0.610552	-0.379459	0.695152
-0.381677	0.700195	0.603366
-0.632456	0.291227	0.717765
0.171153	0.534858	0.827426
-0.151636	-0.0272894	0.98806
-0.433524	0.422986	0.795701
0.75608	0.0334911	0.653621
0.18836	-0.205247	0.960413
-0.185201	-0.00121053	0.9827
-0.518579	0.303156	0.799482
0.556439	0.00811093	0.830849
0.0484824	0.220473	0.974187
0.325406	0.178432	0.928587
-0.183943	0.561359	0.806871
-0.346695	-0.76479	0.543046
-0.242296	0.0862235	0.966363
-0.0524681	0.0283156	0.998221
0.240853	0.00742223	0.970533
0.187231	-0.581012	0.792067
0.446759	-0.587972	0.674311
-0.371812	-0.2833	0.884023
-0.940561	-0.117725	0.318568
-0.0813505	0.586492	0.80586
-0.128914	-0.0893211	0.987625
0.11888	-0.53448	0.836779
0.505559	-0.0519832	0.861225
0.219604	0.15317	0.96349
-0.525975	0.475548	0.705128
0.164601	-0.193688	0.967156
-0.169189	-0.409767	0.896363
0.224974	-0.217955	0.949675
0.0577569	-0.451325	0.890489
0.806432	-0.217861	0.549731
0.392366	0.581372	0.71278
-0.607521	-0.0549566	0.7924
0.451214	-0.178098	0.874464
-0.482896	-0.233917	0.843857
-0.0308402	0.0580222	0.997839
-0.638469	-0.0626635	0.767092
0.111991	0.825099	0.553778
-0.0828471	-0.0336784	0.995993
0.489515	0.396932	0.776415
-0.32956	-0.057971	0.942353
-0.654156	0.339211	0.676029
-0.52858	-0.386675	0.755702
0.10578	-0.0733547	0.99168
0.286781	0.291568	0.912549
0.529909	0.379467	0.75842
0.139319	-0.210314	0.967656
0.15236	0.245831	0.957264
-0.133126	0.240501	0.961476
0.830233	-0.168325	0.531394
-0.0903251	0.370367	0.924483
0.649809	-0.247362	0.718721
-0.301592	0.174815	0.937274
-0.0996002	0.612649	0.784054
0.763898	-0.374501	0.525556
0.561456	0.463393	0.685591
0.00675538	0.51122	0.859423
0.947307	-0.0810095	0.309915
0.528582	-0.154279	0.834745
0.149581	0.61156	0.77693
0.0746358	-0.134829	0.988054
0.840655	0.202938	0.502111
-0.0856412	0.174707	0.980889
-0.209997	-0.0493558	0.976455
0.384272	-0.362876	0.848914
-0.196578	0.415864	0.887927
-0.0656604	-0.266715	0.961536
0.160939	0.232167	0.959269
-0.144046	-0.140685	0.979519
-0.497255	0.663826	0.558634
0.323071	0.232866	0.917278
0.558452	0.351532	0.75137
-0.467387	-0.353492	0.810304
0.0880967	0.0719069	0.993513
0.461269	0.393846	0.795057
-0.0414919	-0.330471	0.942904
0.144762	-0.711338	0.687781
-0.417438	-0.419531	0.806064
0.366858	0.0349549	0.92962
-0.501916	0.207491	0.839659
0.105609	0.470564	0.876023
0.0555402	-0.0236333	0.998177
-0.679844	-0.320802	0.659468
0.704382	-0.391889	0.591836
0.38775	-0.793383	0.469247
0.332752	-0.319732	0.887157
-0.195321	0.00630267	0.980719
0.513714	0.16617	0.841716
0.304213	-0.141484	0.942039
-0.147381	0.191566	0.970351
0.205876	-0.0745958	0.975731
0.896427	0.318443	0.308242
0.140104	-0.399403	0.906007
-0.273854	-0.17217	0.946235
-0.484632	-0.0264748	0.874317
-0.411559	-0.809475	0.418771
-0.549798	-0.0396278	0.834357
0.113206	0.338313	0.9342
0.622692	0.20965	0.753858
-0.508029	0.104516	0.854975
0.318207	0.574845	0.753855
0.325726	0.632991	0.7023
-0.0986368	0.322203	0.941518
0.138221	0.294977	0.945454
-0.125384	0.461704	0.878128
-0.119376	-0.220505	0.968053
-0.33795	0.119689	0.933523
-0.57049	-0.218278	0.791767
0.693206	-0.280626	0.663864
0.375407	0.308506	0.87401
-0.201599	0.297408	0.933224
0.41079	-0.708785	0.573477
-0.126273	-0.534017	0.835991
-0.342625	-0.0828813	0.935809
0.184281	0.388741	0.90273
0.352659	0.0120456	0.935674
0.761334	-0.0901111	0.642068
-0.765037	0.454009	0.456721
-0.16847	-0.556866	0.813338
0.408427	0.338865	0.84756
0.199129	-0.554624	0.807923
-0.152324	0.473634	0.867449
-0.612424	0.195794	0.7659
0.379885	-0.0998984	0.919623
-0.676865	0.284384	0.678954
-0.273956	0.514795	0.812363
0.114523	0.00837239	0.993385
0.0953215	-0.300407	0.949036
0.277998	0.496816	0.822126
0.0282899	-0.382948	0.923337
-0.280755	-0.30765	0.909136
-0.528534	-0.22823	0.817657
-0.2768	0.125918	0.952642
-0.201006	0.84933	0.488094
0.50152	-0.266351	0.823125
-0.328766	-0.338955	0.881489
-0.451485	0.457335	0.766163
-0.32689	-0.338344	0.882421
0.131896	-0.631153	0.764362
-0.0937037	0.198887	0.975532
-0.219386	-0.13736	0.96592
0.225803	-0.238717	0.944472
-0.364267	0.591392	0.71942
-0.424625	-0.151325	0.892633
-0.344264	0.665424	0.662339
-0.053789	0.338911	0.939279
-0.0194632	-0.585987	0.810087
0.272258	-0.0866565	0.958314
0.0556901	0.149212	0.987236
-0.123778	0.177212	0.976358
-0.100884	-0.740567	0.664367
0.05425	-0.0126687	0.998447
-0.339323	-0.28313	0.897049
0.624313	-0.0533154	0.779353
-0.385542	-0.143712	0.91143
-0.664158	0.29463	0.687086
-0.831514	-0.054401	0.552833
0.0170376	-0.587765	0.808852
0.066884	0.147529	0.986794
0.0933378	-0.0910392	0.991464
-0.0143683	-0.49956	0.86616
0.22356	-0.201397	0.953656
-0.083786	-0.120839	0.98913
0.282009	-0.0397027	0.95859
-0.1382	-0.54197	0.828957
0.0853962	0.458175	0.88475
0.0900246	-0.0205134	0.995728
-0.446935	-0.744487	0.495971
0.0596273	-0.309228	0.949117
-0.366282	0.153785	0.917708
0.871794	0.407214	0.272308
0.618328	-0.397644	0.677901
0.269371	-0.401861	0.875184
-0.342999	0.389279	0.854876
0.135176	0.460726	0.877188
0.256421	0.126223	0.958288
-0.841618	-0.173785	0.511348
0.279356	-0.0242007	0.959883
-0.203189	0.556916	0.805332
0.805316	0.56169	0.18966
0.047801	0.178926	0.982701
0.559191	0.658707	0.503399
-0.00363593	-0.390589	0.920558
-0.432692	0.197783	0.879579
0.17683	0.120956	0.976781
-0.020721	0.0885285	0.995858
0.0538679	0.169553	0.984048
0.0481611	0.498538	0.865529
-0.207119	-0.685144	0.69834
0.667274	0.41288	0.6199
0.731858	-0.141276	0.666652
-0.223677	0.13851	0.964771
-0.450082	-0.602255	0.659329
0.295177	0.484506	0.823483
0.257884	-0.012705	0.966092
-0.287241	0.447638	0.846825
0.747576	-0.126119	0.652092
0.191779	-0.80916	0.555411
0.741027	-0.030359	0.670789
-0.350097	-0.64738	0.677002
-0.161273	0.295841	0.941525
-0.81496	-0.170742	0.553794
-0.462761	-0.192237	0.865388
0.241636	-0.126965	0.962025
-0.606393	0.0723946	0.791862
0.354431	-0.0289439	0.934634
0.752875	0.283497	0.593977
-0.567614	0.232171	0.78988
-0.61918	-0.688598	0.377425
-0.266929	0.891832	0.365218
-0.0331535	-0.269221	0.962508
-0.127455	-0.602657	0.787756
-0.448671	0.109164	0.887005
0.503705	0.404043	0.763564
-0.501611	-0.730417	0.463548
-0.607585	-0.064767	0.791609
-0.136996	0.988499	0.0640445
0.0366595	0.850047	0.525429
0.631137	-0.338052	0.698131
-0.477882	-0.471571	0.741114
0.559329	0.153648	0.814581
0.910822	-0.187009	0.368009
0.658331	0.326664	0.678152
-0.045058	-0.0815001	0.995654
-0.438561	0.477979	0.761052
-0.368962	-0.335446	0.8668
0.469314	-0.567141	0.676827
0.568953	-0.579096	0.583901
0.522876	-0.335909	0.783432
-0.181036	0.240654	0.953578
-0.398945	-0.155273	0.903733
-0.68012	0.7219	-0.127657
-0.0344115	-0.77548	0.630433
-0.852702	-0.158508	0.49777
-0.0647263	0.0527699	0.996507
-0.333601	-0.751365	0.569352
-0.0230531	-0.241629	0.970095
-0.334185	-0.0813754	0.938988
-0.0789957	-0.30589	0.948784
-0.31273	-0.510683	0.800876
-0.126005	0.296479	0.94669
0.33742	0.713199	0.614406
0.688232	-0.012809	0.725378
0.644326	-0.324427	0.692525
-0.091541	-0.43375	0.896371
-0.0287597	-0.761595	0.647415
-0.31203	-0.283222	0.906875
-0.03702	-0.802798	0.595101
0.29581	-0.32492	0.898289
0.456401	0.550225	0.69925
-0.764525	0.287855	0.57675
-0.346077	0.633842	0.691719
0.385406	-0.0643861	0.920498
-0.0634704	0.178425	0.981904
-0.294342	-0.479527	0.82669
0.617384	0.230845	0.752029
0.39343	-0.553295	0.734219
0.509207	-0.439519	0.739953
-0.348456	-0.651946	0.673458
0.830814	0.10544	0.546471
0.156322	0.446448	0.881049
0.5107	-0.230893	0.828175
0.567657	0.0783188	0.819531
0.217768	0.343224	0.91366
0.0207323	-0.085259	0.996143
-0.347253	-0.35742	0.866987
0.655111	0.229518	0.719827
0.0871835	0.126647	0.988109
0.561332	0.145978	0.814614
0.336213	-0.220739	0.915552
0.167519	0.364443	0.916034
-0.175527	-0.628946	0.757375
0.122008	-0.226925	0.96624
0.423665	0.0487098	0.904508
-0.0473969	0.217383	0.974935
-0.13283	-0.202807	0.970168
0.314171	0.270163	0.910115
0.295845	0.0704103	0.952637
-0.765321	-0.09127	0.637145
-0.701907	0.230727	0.673864
-0.0893299	0.506142	0.857812
0.192379	-0.117705	0.974236
-0.0908431	0.354917	0.930474
0.763213	-0.496664	0.413316
0.0876206	-0.198223	0.976233
-0.359871	0.212914	0.908383
-0.509374	0.415811	0.753418
0.0590997	0.121448	0.990837
-0.519723	-0.619155	0.588673
0.185543	0.536575	0.823202
0.835225	0.275178	0.476105
-0.346415	-0.241207	0.906541
0.264383	0.738821	0.619876
0.0953986	-0.0615421	0.993535
-0.0342925	0.035306	0.998788
-0.382987	-0.399627	0.832838
-0.220173	0.558602	0.79968
-0.0110909	0.762842	0.64649
0.00987871	-0.0433154	0.999013
-0.268577	0.276602	0.92269
-0.016179	-0.517282	0.855662
-0.0841779	-0.0867708	0.992666
0.284345	-0.137119	0.948866
-0.232651	-0.217189	0.947999
-0.688677	0.442088	0.574702
-0.1537	0.597999	0.786622
-0.398743	0.728691	0.556788
0.33654	-0.484465	0.807486
-0.300164	-0.281837	0.911301
-0.0463331	-0.350781	0.93531
-0.326013	-0.510989	0.795365
0.256266	-0.495546	0.829917
-0.64524	0.344891	0.6817
-0.763578	0.388362	0.515872
0.34077	-0.65267	0.676682
0.136513	-0.243162	0.960331
-0.39891	0.0289085	0.916534
0.23578	-0.134158	0.962502
0.793472	-0.19581	0.576246
0.517956	-0.124471	0.846303
-0.309902	-0.173917	0.934726
-0.196193	0.553118	0.809672
0.548641	-0.307119	0.777606
0.292102	0.104796	0.950629
0.247635	0.282452	0.926767
-0.310109	0.189944	0.931533
0.590783	0.250845	0.766845
-0.0873345	-0.140539	0.986216
0.139416	0.416713	0.898284
0.193583	0.102213	0.975745
0.317975	0.687769	0.652584
-0.114642	-0.450818	0.885223
-0.421537	-0.431433	0.797604
0.908116	0.169933	0.382687
0.0136189	-0.0148049	0.999798
-0.0268494	-0.463822	0.885521
-0.329905	-0.503863	0.798301
-0.353781	0.342041	0.870544
0.133496	-0.255288	0.957605
0.32357	-0.348406	0.879725
0.852506	-0.0215811	0.522272
-0.202078	0.445486	0.872185
0.387499	0.372517	0.843253
-0.328986	0.189756	0.925074
-0.100861	-0.079996	0.991679
-0.0664429	0.451697	0.889694
0.391938	-0.727143	0.563602
0.563652	0.307243	0.766745
-0.473358	-0.118668	0.87284
-0.165599	-0.806882	0.567025
-0.193401	-0.673401	0.713532
-0.309105	0.495408	0.811804
0.147522	0.600744	0.785713
0.204753	0.756297	0.621362
-0.100563	-0.161095	0.981802
0.355668	-0.321093	0.877724
-0.275672	-0.426785	0.861313
-0.356404	-0.777837	0.517635
0.0217159	0.484783	0.874365
-0.141333	0.743334	0.653819
0.265119	-0.0246358	0.963901
-0.0616536	0.173185	0.982958
-0.31817	0.570102	0.757464
0.197787	-0.287664	0.937086
0.222049	-0.662259	0.715617
-0.349242	0.568815	0.744634
0.34856	-0.173027	0.921177
0.577269	0.329627	0.747065
-0.465741	-0.484045	0.740801
-0.0804788	-0.198693	0.976752
-0.217504	-0.339763	0.915015
-0.186424	-0.647532	0.738884
-0.0979249	-0.721498	0.685457
-0.312199	0.174531	0.933847
0.52252	-0.27624	0.806638
0.160367	-0.0093845	0.987013
0.345029	0.362046	0.865955
0.0972485	0.313859	0.944476
-0.160638	-0.074198	0.984221
-0.0500918	-0.00598796	0.998727
0.378625	0.0182683	0.92537
0.564399	-0.750584	0.343623
0.375195	0.783078	0.496002
0.292503	0.364372	0.884124
0.244629	-0.298671	0.922471
0.195849	0.0592583	0.978842
0.245145	0.493381	0.834553
0.0999307	-0.385115	0.917442
0.474715	0.239877	0.84682
0.834776	0.0568132	0.547651
-0.448996	-0.312114	0.83725
0.344366	0.260032	0.902106
0.16003	-0.230346	0.95986
-0.785603	0.610813	0.0986658
-0.313588	-0.121782	0.941717
-0.0375872	0.409699	0.911446
-0.337754	0.316117	0.886562
-0.250264	0.182776	0.950769
-0.179996	0.240038	0.95393
-0.197477	0.0309531	0.979819
-0.487585	0.205624	0.848516
-0.00731571	-0.0600039	0.998171
-0.0129393	-0.664808	0.746902
-0.563785	0.218995	0.796359
-0.068032	0.652817	0.754454
-0.436352	0.464518	0.770597
0.241544	-0.454678	0.857277
-0.262717	0.348892	0.899586
0.229652	0.290523	0.928901
-0.125894	-0.00777827	0.992013
-0.448973	0.410589	0.793625
0.177043	0.153946	0.972089
0.22867	0.409911	0.882997
0.9661	-0.0672808	0.249246
0.522354	0.361304	0.772403
-0.450549	0.266451	0.852062
0.285319	-0.432234	0.855434
-0.23695	0.203425	0.949986
0.844904	-0.388367	0.367843
-0.144139	0.212918	0.96638
0.22469	-0.300688	0.926877
0.74671	0.438786	0.49989
-0.473199	0.139109	0.869903
-0.066662	-0.704854	0.706214
0.0886037	0.316385	0.944484
0.25745	0.501318	0.826075
-0.292355	0.32941	0.897785
0.0496022	0.813063	0.580059
-0.47314	-0.24939	0.844952
-0.205321	-0.272135	0.940099
-0.267251	-0.952788	0.144122
-0.0133122	-0.0135856	0.999819
-0.602289	0.564229	0.564707
-0.142534	-0.470019	0.871072
0.773805	0.274914	0.570656
0.0956099	0.190364	0.977047
0.0187714	-0.34647	0.937873
0.180678	-0.540995	0.821389
-0.331111	0.0552921	0.94197
0.17518	0.394244	0.902155
-0.247503	-0.167876	0.954233
0.360412	0.407609	0.839022
0.270263	-0.108475	0.956656
-0.0692789	0.226808	0.971472
-0.114529	-0.272807	0.955227
0.587425	0.790653	0.172626
-0.177106	0.375606	0.9097
0.438661	0.0544473	0.897002
-0.385033	0.466717	0.796194
0.161223	-0.334136	0.928634
0.26568	0.0758022	0.961077
-0.778669	-0.264288	0.569057
0.431162	0.579636	0.691463
-0.160918	-0.255047	0.953445
0.612171	0.20023	0.764954
0.120912	-0.474201	0.872074
-0.474288	-0.138149	0.869463
0.116467	-0.183088	0.976173
-0.212861	-0.0295894	0.976634
-0.0552411	0.128042	0.990229
-0.562034	-0.33861	0.754626
-0.169332	0.0358	0.984909
-0.250382	0.0282452	0.967735
-0.103321	0.0360265	0.993995
0.323255	-0.619844	0.715053
-0.389303	0.281759	0.876958
-0.334174	0.286703	0.897847
-0.0783515	-0.282247	0.956137
0.375997	-0.333689	0.864453
0.00379212	0.443163	0.896433
-0.724962	0.509081	0.463969
-0.46545	-0.636361	0.615144
-0.0404189	-0.0967798	0.994485
-0.669996	-0.457581	0.584572
0.561321	0.471603	0.680081
-0.81288	0.313763	0.490692
0.102011	0.576377	0.810792
-0.452853	0.0899065	0.887041
-0.364182	-0.0528061	0.929829
-0.0831743	-0.0466904	0.995441
-0.465695	-0.277097	0.840444
0.963767	-0.245147	0.105151
-0.670595	-0.454567	0.586235
0.388611	0.205962	0.898087
0.693345	0.47397	0.542794
-0.812318	-0.445262	0.376671
-0.114216	-0.261884	0.958317
0.0755899	-0.105307	0.991563
-0.366386	-0.470165	0.802936
0.653364	0.212574	0.726587
-0.605998	0.714852	-0.348931
-0.129718	0.112059	0.985198
-0.0733369	-0.430584	0.899566
0.42915	0.147265	0.891147
-0.225014	0.0929815	0.969909
0.365519	-0.25898	0.89405
0.658859	-0.322865	0.679457
0.120821	-0.149625	0.981333
-0.0375098	0.79651	0.60346
0.325534	-0.245839	0.913012
0.793354	0.238931	0.559912
0.00126534	0.0889202	0.996038
0.0642424	-0.241015	0.968393
-0.214699	-0.784841	0.581316
-0.302913	-0.235787	0.92339
0.493987	0.622331	0.607191
-0.245497	-0.218124	0.944538
0.123791	-0.444562	0.887153
-0.146385	0.739805	0.656704
0.220412	-0.394566	0.89204
0.509311	-0.598734	0.618159
0.0253907	-0.0351385	0.99906
0.256503	-0.18731	0.94822
-0.626066	-0.502813	0.596004
-0.445204	0.467846	0.763488
0.224737	0.300643	0.92688
0.0615348	-0.710908	0.700588
-0.0720153	0.322381	0.943867
0.366593	-0.160836	0.916374
-0.341978	-0.107454	0.933544
0.423374	-0.0831118	0.902135
-0.718132	-0.0710545	0.69227
-0.0835307	0.148529	0.985374
0.182299	-0.799488	0.572351
0.134945	-0.298663	0.94477
0.132184	-0.334207	0.933184
-0.174752	-0.224587	0.958657
-0.589837	0.337889	0.733432
0.219952	-0.567914	0.793155
0.073135	0.00620308	0.997303
0.189308	0.500233	0.844944
-0.247445	0.551922	0.796337
-0.280745	-0.129216	0.951045
0.36409	0.749569	0.552797
-0.208978	-0.713112	0.669178
0.301657	-0.553733	0.776133
0.0870502	0.471555	0.87753
-0.861208	0.138484	0.489022
0.440821	-0.287057	0.850456
-0.202439	0.061652	0.977352
0.7679	-0.42818	0.476437
-0.538389	-0.759109	0.365911
-0.0503029	-0.274509	0.960268
0.0101452	0.432813	0.901427
-0.447109	-0.349325	0.823447
0.22624	-0.237995	0.944549
-0.483846	0.731333	0.480672
-0.00212623	0.212305	0.977201
-0.393286	0.156418	0.906013
0.226477	-0.433698	0.872132
0.0303076	0.0627814	0.997567
-0.0363042	-0.445927	0.894333
-0.441312	0.0325492	0.896763
-0.634123	0.203976	0.745843
0.621003	0.014704	0.78367
0.134264	-0.153483	0.978987
0.318547	-0.552069	0.77055
-0.0646327	0.421155	0.904683
-0.1746	0.465202	0.867814
-0.657446	0.100084	0.746825
-0.431024	0.606968	0.667689
-0.1648	0.452691	0.876306
0.40065	-0.179759	0.898424
-0.401035	0.102138	0.910351
-0.19639	-0.611072	0.766826
0.813697	0.235807	0.531312
0.434397	-0.0986938	0.895298
-0.184134	0.925384	0.331299
-0.0426896	0.240315	0.969756
0.235412	0.587629	0.774128
0.148859	-0.312099	0.938315
0.137398	-0.115275	0.983785
0.392848	-0.118891	0.911885
-0.322478	-0.592261	0.7384
-0.249704	-0.466933	0.848305
-0.301174	0.0677747	0.951158
-0.161692	-0.107591	0.980959
-0.311161	-0.224826	0.923381
-0.102413	-0.147121	0.983802
-0.197752	0.0189685	0.980069
0.104801	-0.200735	0.974024
-0.588459	-0.176798	0.788961
-0.378245	-0.0738461	0.922755
-0.251539	-0.450744	0.85648
-0.208283	-0.440654	0.873179
-0.178143	0.0934417	0.979558
0.593275	-0.499342	0.631413
-0.408167	0.210969	0.888196
0.617583	-0.634025	0.465407
-0.00875956	-0.743382	0.668809
-0.479912	0.110363	0.870347
-0.38621	0.420474	0.821001
0.240943	-0.249563	0.937904
0.0743654	-0.465263	0.882043
-0.416677	0.145798	0.897287
0.169367	-0.351627	0.920692
-0.118463	-0.849829	0.513573
-0.0612559	-0.505794	0.860477
0.799345	-0.0667928	0.597148
0.642349	-0.664007	0.382731
-0.120258	0.0711063	0.990193
-0.433191	-0.443827	0.784451
0.12126	-0.9782	0.168587
-0.309349	-0.566047	0.76413
-0.17655	0.0124078	0.984213
0.268088	-0.0903338	0.95915
-0.0847865	-0.546597	0.833092
0.559179	-0.0756833	0.825585
0.00949111	-0.576751	0.816865
0.347819	0.588071	0.730202
-0.413402	0.209393	0.886146
0.209534	0.476959	0.853584
-0.0409667	0.261579	0.964312
-0.323909	-0.0573755	0.944347
0.351123	-0.636755	0.686481
-0.366776	0.413387	0.833419
0.097614	0.147411	0.984247
0.643419	-0.166831	0.747114
-0.16594	-0.828728	0.534485
-0.494733	0.760944	0.419766
-0.536201	-0.319447	0.781308
-0.759357	-0.481914	0.43719
0.268506	-0.497447	0.824895
-0.0887654	0.438931	0.894125
0.043811	-0.124649	0.991233
-0.278093	-0.87053	0.406007
0.429016	0.0425078	0.902296
-0.00499606	-0.484492	0.874781
-0.161337	0.782651	0.601188
0.333863	0.351921	0.874464
-0.116332	0.0828926	0.989745
0.497896	0.0140327	0.867123
0.16517	-0.798069	0.579487
0.447669	0.0779662	0.890794
0.000787328	-0.35128	0.93627
-0.494579	-0.110693	0.862055
0.418159	0.0564582	0.906617
-0.150082	-0.736905	0.659126
-0.101135	-0.384075	0.917746
-0.503463	-0.159711	0.849127
-0.267143	-0.226966	0.936548
0.0843702	-0.0125612	0.996355
0.254755	0.229951	0.939267
-0.188377	0.299739	0.935238
-0.448491	-0.0753966	0.890602
0.415056	0.251922	0.874222
-0.0746357	0.153582	0.985313
-0.186791	0.500714	0.845219
-0.207311	-0.506816	0.836756
0.260346	-0.112408	0.95895
0.290505	-0.0786613	0.953635
-0.00274009	0.0938789	0.99558
0.664646	0.289678	0.688718
0.379722	-0.153429	0.912289
0.316571	-0.189657	0.929415
-0.726075	0.39198	0.564949
-0.0802923	0.644012	0.76079
0.0972134	-0.487985	0.867422
-0.710906	-0.0404423	0.702123
0.57585	-0.0559636	0.815637
0.528742	-0.0814558	0.844865
0.238064	0.476198	0.846499
0.571973	-0.0959696	0.814639
0.374365	-0.248505	0.893362
0.337274	-0.030117	0.940924
-0.859797	-0.358094	0.364029
-0.0872376	0.510131	0.855661
0.288576	0.270286	0.918515
0.257947	0.058042	0.964414
0.0285386	-0.112807	0.993207
-0.0123628	-0.124904	0.992092
-0.0936074	0.97426	0.205076
-0.640732	-0.174462	0.74768
-0.052436	0.145084	0.988029
-0.264806	0.68674	0.676953
-0.296821	0.5189	0.801649
-0.00293418	0.152296	0.988331
0.332273	0.165773	0.928501
0.433584	-0.836378	0.335376
-0.455529	0.246943	0.855285
-0.44714	-0.00397908	0.894455
0.609179	0.142237	0.780173
-0.609815	0.688667	0.392254
-0.167397	0.0907399	0.981705
-0.568216	-0.368313	0.73585
0.158227	-0.00938593	0.987358
0.760913	0.607588	0.227701
-0.016456	-0.084326	0.996302
-0.0973063	0.16717	0.981115
-0.281503	-0.876386	0.390773
0.336419	-0.543655	0.768935
0.340191	-0.0569006	0.938633
0.578741	0.795309	0.180393
-0.222707	0.104128	0.969309
-0.0402573	-0.0353807	0.998563
-0.344811	0.0343168	0.938045
0.00324795	0.396781	0.917907
-0.0127253	-0.571395	0.820577
-0.849118	0.126179	0.51291
-0.117866	0.659436	0.742464
-0.123909	0.949605	0.287917
-0.903231	-0.0995076	0.41746
-0.0521905	-0.235436	0.970487
-0.308248	0.758225	0.574525
-0.132905	0.0171874	0.99098
0.375232	-0.764587	0.524031
0.338335	0.0820195	0.937445
0.171058	0.609775	0.773895
0.691727	0.197139	0.69473
0.427143	-0.349332	0.833976
0.0731905	0.21513	0.973839
0.244161	-0.483443	0.840636
0.299807	-0.417175	0.857951
-0.282207	0.0851497	0.955567
-0.111662	0.141261	0.983655
0.382027	-0.51096	0.770049
0.213099	-0.139151	0.967071
-0.00114949	-0.555083	0.831794
0.489519	-0.458595	0.741662
-0.114819	0.149754	0.982034
0.710633	-0.500305	0.494667
-0.45855	0.698973	0.548788
0.306842	0.58739	0.74888
-0.767644	-0.536117	0.351143
0.0840656	-0.482675	0.871756
-0.257379	0.25273	0.932675
-0.320167	-0.42276	0.847802
-0.707989	-0.164998	0.686678
0.0492807	0.0551784	0.99726
0.387204	0.197783	0.90053
0.103161	0.152624	0.982885
0.601612	-0.572386	0.557169
-0.0345068	0.23097	0.972349
0.305796	0.188878	0.933174
-0.517354	-0.367072	0.773048
0.048681	0.391479	0.918898
0.415984	0.375264	0.828332
-0.420918	-0.121683	0.8989
0.459434	0.205942	0.864007
0.0318875	-0.530508	0.84708
0.103	0.346354	0.932432
-0.213586	-0.696908	0.684617
0.755151	0.0174921	0.655318
0.356725	-0.585063	0.728319
-0.0876149	-0.692259	0.716311
0.605044	0.164391	0.779036
-0.0558661	-0.73216	0.678838
0.31759	0.0787529	0.944952
-0.761262	0.433109	0.482594
-0.516288	-0.188474	0.835419
-0.395769	0.535558	0.746019
-0.433475	-0.769565	0.468903
0.597207	-0.317417	0.736607
0.264546	-0.31669	0.910891
0.416105	0.0276883	0.908895
-0.259306	-0.183231	0.948255
0.458122	0.85813	0.231813
0.155645	0.193196	0.968736
-0.332145	-0.427679	0.840696
0.482534	0.264036	0.835132
0.275018	0.253892	0.92731
0.529918	-0.739795	0.414597
-0.709637	-0.467569	0.527063
0.207445	0.174475	0.962562
-0.0598826	-0.200729	0.977815
0.0568287	0.612247	0.788621
0.485624	-0.528909	0.696007
0.466587	-0.544854	0.696728
0.659691	-0.329193	0.675603
0.724177	-0.495584	0.479547
0.681797	0.196101	0.704767
0.145264	-0.400069	0.9049
0.107749	0.46363	0.879453
-0.0412911	0.269779	0.962037
0.304653	-0.395244	0.866585
0.736083	0.288232	0.612457
0.512623	0.565842	0.645786
-0.121246	0.432008	0.893683
0.334354	0.442988	0.831847
-0.741944	0.330208	0.583508
-0.863188	0.217222	0.455765
0.825987	0.281197	0.488543
0.651494	0.390651	0.650345
-0.239185	0.477236	0.845598
0.924828	-0.174889	0.337799
0.189676	-0.283159	0.94013
0.43677	-0.323833	0.839264
-0.381661	-0.25044	0.889727
-0.0660298	-0.419113	0.90553
-0.907566	0.278467	0.314293
0.595368	0.01385	0.803334
0.887389	0.434087	-0.15527
-0.285418	0.171525	0.942929
0.446496	-0.713755	0.539625
-0.313121	-0.150587	0.937699
-0.382925	0.0438205	0.922739
0.0426029	-0.428059	0.902746
0.310934	-0.761774	0.568349
-0.117181	-0.818987	0.561719
-0.270488	-0.940809	0.204243
-0.170607	-0.0837198	0.981776
0.945376	0.229226	0.231774
0.386652	-0.0149798	0.922104
-0.0863467	0.582564	0.808185
-0.202209	0.676397	0.708237
-0.117452	-0.375283	0.919439
-0.0813734	-0.308283	0.947808
-0.237612	-0.463408	0.853694
0.518304	-0.235382	0.822165
-0.153057	-0.39191	0.907182
0.262715	-0.226128	0.938002
0.222029	0.831353	0.509466
-0.498669	0.0651791	0.864339
0.17248	-0.605267	0.777112
0.433743	0.815264	0.383682
0.234775	0.830153	0.505694
-0.0637837	0.0366956	0.997289
0.553971	0.218708	0.803295
-0.15052	0.167743	0.974272
-0.021513	-0.0910198	0.995617
-0.0055115	-0.0885225	0.996059
0.570368	0.0841821	0.817064
0.829356	0.272537	0.487742
-0.237889	-0.403232	0.883636
-0.0482358	-0.167903	0.984623
0.259088	0.631139	0.73112
0.502721	-0.248854	0.827854
0.206333	-0.755896	0.621328
-0.0777437	0.488122	0.869306
0.464193	0.0399676	0.884832
0.340105	0.0197795	0.94018
0.296564	-0.284453	0.911667
0.220959	-0.15978	0.962106
-0.300052	-0.796906	0.524319
0.49536	0.0191327	0.868477
0.606628	0.0870389	0.790206
-0.150003	-0.435983	0.887366
0.350981	0.251385	0.902008
0.275852	-0.247811	0.928706
0.926925	0.247297	0.28223
0.360954	0.219495	0.906385
0.480874	0.104265	0.870568
-0.218652	0.479279	0.84999
0.229532	0.539299	0.810229
0.659041	-0.24263	0.711896
-0.157003	0.12546	0.979597
0.728203	0.480535	0.488679
0.691108	-0.445398	0.569202
0.77137	0.318093	0.551186
-0.057103	-0.371034	0.926862
0.341226	-0.514796	0.786479
-0.24319	-0.692684	0.679005
0.589934	-0.0274724	0.806984
0.707403	-0.179361	0.683674
-0.15952	-0.292132	0.942981
0.0601587	-0.780408	0.62237
0.696478	0.60088	0.392252
0.160353	0.376714	0.912345
-0.422083	-0.189605	0.886507
-0.0306316	-0.294879	0.955043
-0.163328	-0.689229	0.705895
-0.141742	-0.541796	0.828473
0.0430268	0.487856	0.871863
0.0364562	0.190899	0.980933
-0.00719535	-0.780969	0.624528
-0.577611	0.215351	0.787394
-0.485524	0.13908	0.863089
0.284064	0.265039	0.921445
0.164176	0.116053	0.97958
-0.303656	0.318762	0.897877
0.590638	0.805279	-0.0516888
-0.471437	0.170186	0.865323
-0.0444339	0.0420424	0.998127
-0.052958	0.122184	0.991094
0.0539978	-0.41851	0.906605
-0.214153	-0.73687	0.641218
-0.700941	0.622505	0.348094
0.0701166	0.244677	0.967066
-0.163469	0.31194	0.935933
-0.00066566	-0.329153	0.944276
0.624607	0.193643	0.75655
-0.242771	-0.22885	0.942704
-0.397951	0.252896	0.881861
0.64533	0.266546	0.715893
0.0966081	0.626765	0.773197
-0.0642537	0.327903	0.942524
0.404373	-0.23611	0.883592
0.285162	0.266676	0.920634
-0.373741	-0.0610043	0.925525
0.108363	0.228189	0.967568
-0.0685866	-0.117778	0.990669
-0.448618	0.145834	0.881745
0.0242628	0.724321	0.689036
-0.366302	0.927299	0.0770706
0.695561	-0.121745	0.708077
0.354166	0.227314	0.907136
-0.272827	0.190311	0.943052
0.260843	-0.493318	0.829818
-0.385013	-0.0217635	0.922654
0.488509	0.223849	0.843357
0.566114	-0.0711324	0.821252
0.266379	0.4039	0.875161
-0.00686065	-0.351055	0.93633
0.574291	-0.142848	0.806092
-0.115322	0.116245	0.986503
0.0171565	0.10667	0.994146
-0.930207	0.179442	0.32018
-0.0547841	0.00871586	0.99846
0.61788	0.584652	0.525743
0.0380551	-0.202087	0.978628
-0.22235	0.225816	0.948455
-0.39933	-0.158912	0.90293
0.31508	-0.13198	0.939844
-0.46893	-0.868735	0.159387
0.226167	0.100392	0.968901
0.820269	-0.271799	0.503273
-0.481103	0.734052	0.479278
-0.424525	-0.163559	0.89052
0.0333554	-0.130393	0.990901
0.648758	-0.255091	0.716967
0.237453	0.214654	0.947386
0.570996	-0.0627992	0.818547
0.83912	0.228678	0.493542
0.545699	0.0538261	0.836251
-0.0145445	0.172159	0.984962
0.144608	-0.542739	0.827359
-0.564064	0.3734	0.736481
-0.17577	-0.039012	0.983658
-0.33191	0.757196	0.562574
0.151056	-0.444793	0.882803
0.29083	-0.589271	0.753775
-0.0284744	0.654914	0.755167
-0.0719004	0.145637	0.986722
-0.0894798	0.660889	0.74513
-0.776498	-0.112655	0.619968
-0.230709	0.227543	0.946043
0.162938	-0.346025	0.923969
0.308809	-0.835712	0.454118
0.130991	-0.624126	0.770265
0.103784	0.244079	0.964186
-0.831289	-0.0656659	0.551948
-0.2028	-0.112003	0.972794
0.261223	0.470572	0.842808
0.236895	-0.457961	0.856827
0.119194	0.152597	0.981074
-0.560744	0.0304183	0.82743
-0.545068	-0.183753	0.818007
-0.484384	0.21648	0.847649
0.468385	0.279475	0.838158
0.542503	0.839845	-0.0187164
0.342712	-0.0733618	0.936572
0.216852	0.444071	0.869354
0.747351	-0.110845	0.655118
0.357587	-0.336818	0.871025
-0.867053	0.123465	0.482675
0.375602	0.353523	0.856706
-0.06117	-0.362016	0.930163
0.233193	-0.547828	0.803433
0.289227	-0.480957	0.827664
-0.12748	-0.880101	0.457353
0.348976	-0.493002	0.796973
0.245414	0.0397772	0.968602
-0.267444	0.0785021	0.96037
0.259574	0.217034	0.94102
-0.117696	-0.312079	0.942738
0.716981	0.0307232	0.696415
0.329308	-0.285749	0.899947
0.227468	-0.185782	0.955899
-0.51554	0.0911261	0.852006
0.0841707	-0.0250502	0.996136
0.329939	0.620446	0.711468
0.0503495	-0.289792	0.955764
-0.64914	0.088355	0.75552
-0.0022928	0.23618	0.971707
0.135149	-0.062286	0.988866
-0.25593	-0.396079	0.881828
0.0131215	-0.243029	0.96993
0.778988	-0.524695	0.343328
0.787467	0.126335	0.60327
-0.76878	0.379192	0.514967
-0.145227	0.469217	0.871059
-0.172967	-0.00815313	0.984894
-0.722978	0.147154	0.675017
0.23428	-0.494172	0.837202
-0.139953	0.366334	0.919898
0.754314	0.104966	0.648068
-0.106101	-0.0352192	0.993731
0.480846	-0.38811	0.78623
0.0475212	0.0528903	0.997469
-0.439564	-0.187503	0.878423
-0.158961	0.589909	0.791668
0.324653	-0.0752348	0.942836
0.213346	0.389915	0.895796
-0.542942	0.444332	0.712589
0.436872	0.214295	0.873625
-0.0379985	-0.0112776	0.999214
0.191376	-0.0711316	0.978936
-0.36528	0.258762	0.894211
-0.567618	0.188446	0.801435
-0.00956378	-0.678081	0.734925
-0.300945	-0.198882	0.932672
-0.692163	-0.399421	0.601143
0.599316	-0.558054	0.57393
0.41151	0.498515	0.762983
-0.0514653	0.244269	0.968341
-0.0706965	0.181933	0.980766
-0.785681	-0.425587	0.448977
0.473155	0.474592	0.742217
0.211374	0.404811	0.889634
0.57994	-0.62387	0.523885
0.326911	-0.468936	0.820505
0.309856	0.330963	0.891321
0.391465	0.0826861	0.916471
-0.0531983	0.305044	0.950851
-0.0923836	-0.753317	0.651137
-0.632495	-0.572816	0.521376
0.666889	0.35316	0.656153
-0.0528552	0.998495	-0.0146122
-0.309317	-0.303389	0.901265
0.0922474	-0.294746	0.951113
-0.159429	-0.0200097	0.987007
-0.541587	-0.53375	0.649457
0.122237	-0.781618	0.611662
-0.16038	0.359971	0.919075
0.563963	0.175454	0.806946
-0.894686	-0.00658564	0.446647
-0.513111	-0.094139	0.853144
-0.422612	-0.137434	0.89583
-0.238324	-0.00568321	0.971169
-0.0757802	0.325073	0.942648
-0.359612	0.333589	0.871434
-0.651933	0.0922865	0.75264
-0.239879	-0.428436	0.871149
0.715194	-0.174283	0.676848
-0.474135	0.539005	0.696182
-0.11156	0.434479	0.893746
0.0169907	0.196428	0.980371
-0.0559329	0.716796	0.695036
0.320801	-0.239473	0.916373
0.320812	-0.185852	0.92873
0.794736	-0.185458	0.577927
0.421085	0.410599	0.808762
0.355571	0.908009	0.221559
0.176887	0.205855	0.962463
0.605039	0.248791	0.756328
0.235518	-0.0835222	0.968275
-0.106918	-0.0740443	0.991507
-0.231066	-0.236911	0.943653
-0.0580228	0.673825	0.736609
0.696342	0.070272	0.714262
-0.423558	0.376926	0.823726
-0.128076	0.624535	0.770424
0.118131	-0.130674	0.984362
-0.409467	0.21509	0.886607
0.366616	0.340104	0.865981
0.3816	-0.608586	0.695705
0.342129	-0.506187	0.791658
-0.537466	-0.371141	0.757222
0.320004	-0.273524	0.907073
-0.0999699	0.28908	0.952071
0.703419	0.0845307	0.705731
-0.402139	-0.118249	0.907911
-0.637578	-0.476656	0.605221
-0.708003	0.364766	0.604714
-0.0996675	0.0892751	0.991008
-0.365145	0.123798	0.922683
-0.0416953	-0.322853	0.94553
-0.1298	0.763687	0.632404
-0.764441	0.273447	0.583829
0.363353	-0.0649825	0.929382
0.358066	0.438764	0.824181
0.486914	0.404988	0.773886
0.25698	0.119241	0.959032
0.586864	0.478984	0.652813
-0.471822	0.807387	0.354274
0.120765	-0.238883	0.96351
0.406764	-0.0638234	0.911301
-0.046578	-0.371213	0.927379
-0.171676	-0.0558454	0.983569
-0.600458	-0.0385316	0.798728
-0.146262	0.913962	0.378525
0.739036	-0.0519922	0.671657
-0.0368563	0.0532181	0.997903
-0.525543	0.0042761	0.850757
-0.711585	-0.657992	0.24636
-0.5927	0.46561	0.657202
0.0600874	0.540514	0.839187
-0.629304	-0.403011	0.664498
-0.31885	0.337152	0.885812
-0.675288	-0.337993	0.655551
-0.419866	0.283159	0.862284
0.335754	-0.118574	0.934457
-0.158032	0.139793	0.977488
0.255743	-0.494258	0.830846
-0.238577	-0.429621	0.870923
0.150074	-0.154185	0.976578
-0.448654	0.240684	0.860686
-0.71203	-0.0474671	0.700543
0.314221	0.675082	0.66748
-0.234122	0.168273	0.957534
-0.0259214	0.344002	0.938611
-0.0554628	0.574516	0.816612
0.679316	-0.0150213	0.733692
0.856434	-0.279613	0.43398
-0.301313	-0.871668	0.386529
0.182131	-0.439381	0.879643
0.27203	-0.0989388	0.957189
0.292649	-0.133491	0.946856
0.806558	0.430187	0.405467
0.114246	-0.280043	0.953165
0.126962	-0.263192	0.956353
0.176097	-0.117444	0.977342
-0.371794	-0.15635	0.915054
-0.19777	0.0921508	0.975907
0.187511	-0.816441	0.546136
0.23109	-0.462714	0.855858
0.159813	-0.0022716	0.987145
-0.556076	-0.0501267	0.829618
-0.30431	-0.481176	0.82211
-0.49185	-0.510636	0.70522
-0.600797	-0.218575	0.768939
-0.627904	-0.134389	0.766601
-0.225116	-0.700456	0.677262
-0.692932	-0.149821	0.705265
-0.52971	-0.714724	0.456703
-0.113376	0.0306621	0.993079
-0.581775	0.197891	0.788909
-0.767095	-0.070987	0.637594
-0.386637	-0.25695	0.885714
-0.55701	0.698203	-0.449725
-0.556785	-0.12868	0.820629
0.268089	0.0600239	0.961522
-0.146744	0.282556	0.94796
-0.35002	-0.0699759	0.934125
-0.532525	0.0412722	0.845407
0.251112	0.131188	0.959027
-0.0905494	0.679746	0.727837
-0.378114	0.458741	0.804106
0.809644	-0.340332	0.478175
0.0245552	-0.314368	0.948984
-0.314543	-0.137405	0.939246
0.204166	0.503584	0.839476
-0.364982	0.767338	0.527238
0.293101	0.581754	0.758718
-0.485762	-0.427412	0.762466
-0.83652	-0.488029	0.249124
0.0603973	-0.271005	0.960681
-0.446071	-0.470465	0.761369
0.506281	0.0389336	0.861489
-0.535664	-0.764644	0.358306
0.607605	-0.124576	0.784409
0.256067	0.623143	0.739001
-0.774349	-0.0665209	0.629253
0.34512	-0.205911	0.915692
0.377049	0.191338	0.906214
-0.766774	-0.202091	0.609275
-0.35208	0.614149	0.706301
0.543572	-0.11928	0.830844
0.0556215	0.938053	0.341998
-0.395431	-0.276255	0.875967
0.584814	0.157299	0.79577
-0.206772	-0.517341	0.830424
0.180123	-0.558259	0.809878
0.297234	0.0423829	0.953864
0.732573	-0.0793359	0.67605
0.256138	-0.248293	0.934208
0.812	0.144681	0.565441
-0.0388211	0.257311	0.965549
-0.311281	-0.212237	0.926315
-0.0434273	0.222818	0.973892
0.0588963	-0.379792	0.923195
-0.370428	0.179326	0.911386
0.517944	-0.183866	0.83542
0.351011	0.69576	0.626666
0.519869	-0.588949	0.618769
-0.145871	0.685581	0.713233
0.175733	-0.765539	0.618925
0.223181	-0.454443	0.862364
0.275937	0.0114846	0.961107
0.317474	-0.667453	0.673585
0.308206	0.0818042	0.947796
-0.711578	-0.129999	0.690476
-0.413883	0.0637051	0.908099
-0.9516	-0.242648	0.188625
-0.68935	-0.424698	0.586881
0.137431	0.0111546	0.990449
-0.448963	0.210995	0.868282
-0.0881983	0.682313	0.72572
-0.322724	-0.258105	0.910621
-0.429143	-0.498909	0.752945
0.0787646	0.123142	0.989258
-0.264741	-0.492852	0.82886
-0.315372	-0.875572	0.365944
-0.80948	0.338471	0.47977
0.0797128	-0.739321	0.668618
-0.478622	0.115534	0.870387
-0.838217	0.00282704	0.545329
0.176587	-0.362186	0.915226
-0.511389	-0.0672715	0.856712
0.0814901	0.673924	0.734293
-0.32049	-0.537073	0.780281
0.18345	-0.253206	0.949859
0.264489	-0.923388	0.278211
-0.0866755	0.789279	0.607886
-0.762818	-0.320674	0.561496
0.379783	-0.337049	0.861489
0.691254	0.339795	0.637736
0.331717	-0.00617821	0.943359
0.493343	0.0222863	0.86955
0.195153	-0.703245	0.683639
0.521214	0.562738	0.641609
-0.523723	0.32611	0.786999
0.0939839	0.35385	0.930568
-0.0986641	0.700573	0.706727
-0.0247821	0.323144	0.946025
0.654244	0.116272	0.747292
-0.202981	-0.118312	0.972009
-0.164457	0.432304	0.886605
-0.489499	-0.0442788	0.870879
-0.0259372	0.0210692	0.999442
-0.0012616	0.708376	0.705834
-0.142119	0.256798	0.955959
0.444297	0.885607	0.135283
-0.131545	-0.596977	0.791401
0.315475	0.592012	0.741618
0.0692835	0.945417	0.318413
-0.276787	-0.227973	0.933497
0.693406	-0.0296713	0.719936
0.305721	-0.739054	0.600278
0.663673	-0.294875	0.68745
0.859045	0.0290008	0.511077
0.193647	0.701558	0.685797
-0.248523	-0.262225	0.932456
0.866883	-0.0838927	0.491402
0.456299	-0.822917	0.338524
-0.220151	-0.587838	0.778447
0.233087	-0.0803113	0.969134
0.126293	0.35035	0.928065
0.340255	0.934019	-0.108785
0.448825	0.505236	0.737084
0.254607	0.424993	0.868652
-0.0754713	-0.201144	0.97665
0.415203	0.29494	0.860591
-0.40957	-0.700224	0.584755
-0.385693	-0.670935	0.633315
0.478377	0.786357	0.390894
-0.187486	-0.0997254	0.977192
0.0809193	0.26441	0.96101
0.518352	-0.505476	0.689786
0.80028	0.356793	0.481925
0.8283	-0.0271281	0.559627
-0.0295495	-0.245531	0.968938
0.0593378	0.707817	0.703899
-0.190599	0.150499	0.970063
-0.0726417	-0.599984	0.796708
-0.531157	0.0193112	0.847053
-0.206372	-0.282055	0.936939
-0.540244	-0.272486	0.796171
-0.471065	-0.286696	0.834208
0.0504118	0.423865	0.904321
0.421002	-0.0728985	0.904126
-0.175409	-0.384703	0.90622
-0.194709	-0.885702	0.42145
-0.279809	0.787496	0.549143
-0.302339	0.0574402	0.951468
-0.414099	-0.381385	0.826479
-0.0638453	0.252619	0.965457
0.856142	-0.039941	0.515194
0.043178	-0.401317	0.914921
0.673492	0.0817089	0.734665
-0.707208	-0.0423706	0.705735
0.200437	-0.230002	0.952326
0.209904	-0.971247	0.112339
-0.957078	0.158923	0.242375
0.704745	0.200813	0.680447
0.0364946	0.918043	0.394797
0.645932	0.668815	0.368048
0.214184	0.206942	0.95462
0.333033	0.00179035	0.942913
-0.260801	-0.29292	0.919881
-0.118405	0.905786	0.406855
0.290453	0.896512	0.334521
0.224095	0.714854	0.662394
-0.316101	-0.25526	0.913741
-0.106174	-0.514801	0.85071
0.944418	-0.327012	-0.0337366
0.437551	-0.189462	0.879007
0.0834299	0.678424	0.729918
-0.789061	0.286351	0.543494
0.0760583	0.961581	0.263773
0.545701	-0.757214	0.358938
0.290419	-0.701021	0.651326
-0.632183	0.374024	0.678566
-0.134328	-0.90665	0.399927
0.46515	-0.612862	0.638777
0.106923	0.0575892	0.992598
0.116512	0.00492751	0.993177
-0.449153	-0.0169497	0.893294
0.0622798	-0.952399	0.298424
-0.519279	-0.627258	0.580428
0.535051	-0.00221346	0.844817
-0.22678	0.0387682	0.973174
0.640256	0.193335	0.743433
-0.470055	0.206486	0.858144
0.29776	-0.596107	0.745651
-0.297383	0.796528	-0.52641
0.713828	0.202342	0.670453
0.390456	0.69278	0.606301
-0.346242	0.228626	0.909861
-0.610111	0.4221	-0.670519
0.295468	-0.552037	0.779714
0.64035	0.593757	0.487241
0.675685	-0.149675	0.721836
0.436292	-0.109558	0.89311
-0.64085	-0.562992	0.521873
0.428383	-0.797651	0.424549
0.569554	0.0823822	0.817815
0.0995794	0.545635	0.832085
0.17461	-0.328667	0.928164
0.81962	0.344676	0.457625
0.544561	-0.819766	0.177308
0.922894	-0.329764	0.198803
0.467842	0.718991	0.51398
0.213364	0.964751	-0.154048
0.329015	0.245558	0.911839
0.279969	-0.613788	0.738161
0.343932	-0.467235	0.814495
0.784315	-0.017031	-0.620129
-0.312946	-0.484074	0.817152
0.458904	0.476245	0.750065
-0.103349	0.44988	0.887089
0.513927	0.158619	0.843042
0.29465	-0.652256	0.698387
-0.198414	0.333459	0.921649
0.337712	-0.0728	0.93843
-0.443626	0.0943684	0.89123
0.30159	-0.0688031	0.950952
0.864659	-0.188916	0.465484
-0.325837	0.802749	0.499424
0.206794	0.163634	0.964604
-0.0668577	0.15605	0.985484
0.0386906	-0.840873	0.539847
0.623702	0.400296	0.671385
0.325103	0.404578	0.854766
0.0800265	0.96052	0.266453
0.524665	0.268791	0.807761
0.335082	-0.453192	0.826037
0.785617	0.32782	0.524729
-0.12605	0.89302	0.432002
0.159494	-0.565845	0.808938
-0.0107572	-0.729316	0.684093
0.399031	-0.402986	0.823636
0.74361	0.508085	0.434619
-0.586098	0.555615	0.58973
0.833776	-0.215447	0.508331
0.322109	-0.937703	-0.130223
0.842382	-0.468553	0.266179
0.190036	-0.0767334	0.978774
-0.81018	0.585249	0.0330395
0.183748	-0.00815112	0.98294
0.0994236	-0.513952	0.852038
-0.355599	0.210419	0.910645
0.515397	0.122835	0.848102
0.0140816	0.62807	0.778029
0.549638	0.0432728	0.834281
0.0883502	-0.395065	0.914395
-0.660005	-0.414748	0.6264
-0.00932474	0.576256	0.817216
0.0790197	-0.618055	0.782153
0.132079	-0.199185	0.97102
0.56517	0.274228	0.778063
0.046839	0.0388437	0.998147
0.523764	0.542545	0.656747
0.857259	0.505247	-0.0991554
0.801047	0.480609	0.356845
-0.900662	-0.00542094	0.434488
-0.458051	0.313899	0.831659
-0.238377	-0.422374	0.874515
0.762972	0.160539	0.62618
-0.355015	-0.772301	0.526797
0.18195	0.0515336	0.981956
-0.340895	0.784437	0.518121
0.117531	0.246565	0.961973
0.378664	-0.0166407	0.925384
-0.427046	0.00770608	0.904197
0.719134	-0.69065	-0.0764866
-0.39441	-0.223487	0.891344
0.736795	0.443892	0.509993
0.222982	-0.566242	0.793504
-0.323825	-0.344244	0.881268
-0.585327	0.596235	0.54945
0.207194	-0.306205	0.929144
0.108761	-0.12924	0.985631
-0.819976	0.170996	0.54626
-0.194402	-0.184067	0.963497
-0.398938	0.439917	0.804563
0.454405	0.32388	0.82983
-0.032515	-0.383832	0.92283
-0.51756	0.245	0.819821
0.437325	0.431337	0.78911
-0.127233	-0.0377989	0.991152
-0.123528	-0.417671	0.900162
0.106259	0.002996	0.994334
-0.370357	-0.816629	0.442666
-0.527733	0.525437	0.667394
-0.288082	0.382811	0.877761
-0.788337	0.192274	0.584428
0.160474	0.615654	0.771504
-0.393451	-0.505042	0.768199
0.205522	0.00188081	0.978651
0.500457	-0.00835446	0.865721
-0.480441	-0.563706	0.671872
0.138917	-0.389351	0.910553
-0.5952	-0.763048	0.251984
-0.0712627	-0.125325	0.989553
0.184394	0.758544	0.624988
0.406092	0.48428	0.774959
-0.131871	-0.48738	0.863175
-0.451546	-0.891872	0.0258985
-0.411628	0.322249	0.852478
0.520662	-0.486547	0.701557
0.472733	-0.559409	0.680871
0.434458	0.322641	0.840922
-0.0507294	-0.284234	0.957412
-0.118437	0.897206	0.425434
0.20959	0.641768	0.737703
0.285993	0.181503	0.940885
-0.384256	0.466659	0.796603
0.0876646	0.347522	0.933565
0.685474	0.720057	0.107901
0.818197	-0.330495	0.470453
-0.10926	-0.259746	0.959476
-0.0963261	-0.201672	0.974705
-0.317822	-0.0720223	0.945411
0.356892	0.25223	0.899449
0.381728	0.105652	0.918216
-0.343134	-0.91284	0.22132
-0.0992381	-0.35186	0.930777
-0.553983	-0.427702	0.714264
0.240601	-0.724527	0.645888
0.689959	-0.316952	0.650767
0.3084	-0.120828	0.943552
-0.296844	0.434752	0.85022
-0.39478	-0.805471	0.442001
-0.324039	-0.126847	0.937501
0.0583152	0.913435	0.402785
0.856847	0.478633	0.191635
-0.104688	0.543731	0.832705
-0.350925	-0.81127	0.467646
-0.196831	0.260169	0.945288
-0.517868	-0.627719	0.581189
-0.177887	0.216108	0.960028
0.0779353	-0.32894	0.94113
-0.378246	-0.217668	0.89975
0.486214	0.432795	0.759134
-0.37133	0.00373988	0.928493
-0.135754	-0.151322	0.979118
-0.664007	0.369446	0.650081
0.119062	-0.347181	0.930209
0.547669	-0.0834098	0.832527
-0.540356	-0.295403	0.787878
0.761092	-0.459663	0.457656
-0.259535	-0.258748	0.930425
-0.912677	-0.230356	0.337574
0.65616	-0.388938	0.64667
-0.259331	0.318188	0.911868
0.345263	-0.639462	0.686936
0.15638	0.238672	0.958426
0.662261	-0.74076	-0.112626
0.389093	0.752656	0.531145
-0.382363	0.412663	0.826746
0.822264	0.242351	0.514924
0.023153	-0.825363	0.564128
0.485796	0.405452	0.774345
-0.138981	0.187099	0.97246
-0.183345	0.699136	0.691082
-0.0494493	0.325766	0.944156
-0.658356	-0.0544132	0.750737
0.98352	-0.0981526	-0.151839
-0.276183	-0.485142	0.829675
0.270357	0.85397	0.444569
-0.00450435	-0.903882	0.427757
-0.501169	0.851587	0.15372
0.886298	-0.429695	0.172737
-0.176433	-0.436612	0.88218
-0.0612971	0.326389	0.943246
0.307318	-0.792876	0.526215
0.312104	0.277388	0.908651
0.749205	0.62397	-0.222158
0.0707947	0.893777	0.442889
-0.0746756	-0.014531	0.997102
-0.614897	-0.788607	0.000659888
-0.531057	-0.404793	0.744393
0.703155	0.116649	0.701402
0.408913	0.896709	0.169418
-0.00500324	0.62698	0.779019
-0.575696	0.770075	0.27488
-0.634792	0.726397	0.263415
0.44806	0.640958	0.62323
-0.408786	-0.22628	0.884133
-0.16116	0.903287	0.397618
0.213984	0.587108	0.780714
0.303936	-0.31146	0.900342
0.898311	-0.268887	0.347472
-0.252787	0.809445	0.529997
-0.868477	-0.280773	0.40855
0.474462	-0.0760692	0.876983
0.246088	0.182945	0.951825
-0.923503	-0.370519	0.099284
0.551234	-0.27648	0.78721
-0.384486	0.726825	0.569119
0.292811	0.819116	0.493265
-0.741064	-0.292786	0.604236
0.62353	0.463726	0.629419
0.624622	-0.470002	0.623655
0.525861	-0.390707	0.755525
0.930688	-0.27105	0.245665
0.41611	0.169906	0.8933
0.605279	-0.773151	0.189406
0.414606	0.412599	0.811088
0.660935	-0.718368	0.217054
0.376956	0.500166	0.779575
0.0601157	0.596228	0.800561
0.0592328	0.39403	0.917187
0.904439	0.0222659	0.426021
0.714662	-0.495986	0.49321
0.188315	0.613164	0.767181
0.621573	-0.273754	0.733966
0.287235	0.355689	0.889371
-0.266844	-0.0748188	0.960831
-0.115605	0.209645	0.970919
-0.854339	-0.120234	0.505617
-0.0630042	-0.513883	0.855544
0.282641	-0.757571	0.588387
0.283004	-0.329935	0.900584
-0.243748	-0.432605	0.868009
-0.972056	0.222691	0.0742743
0.719633	-0.68877	0.0878889
0.291233	-0.434193	0.852444
-0.56375	-0.521454	0.640525
-0.545618	0.144088	0.825554
0.522113	-0.330174	0.786374
-0.564103	-0.61206	0.55423
-0.17156	-0.851112	0.49616
0.429631	-0.265993	0.862939
-0.00182363	0.178516	0.983935
-0.259105	0.930548	-0.258736
-0.279818	-0.879248	-0.385519
-0.487461	0.022361	0.872859
-0.242319	0.0622604	0.968197
0.0560873	0.813113	0.579398
0.706684	0.0859803	0.702286
0.0329293	0.803091	0.594946
0.760342	0.50745	0.40543
0.471767	0.154671	0.868051
0.844574	0.493003	-0.208909
-0.284096	-0.115838	0.951773
0.267672	-0.639126	0.72102
0.589077	0.439894	0.677851
0.562084	0.348306	0.750163
0.680135	0.316609	-0.661192
0.427393	0.085381	0.900025
-0.0277188	-0.077263	0.996625
0.361066	-0.602369	0.711887
0.400437	0.23604	0.885401
-0.468574	0.822298	0.322899
-0.699163	-0.441775	0.562145
-0.247783	0.352465	0.902426
0.885038	0.0972032	0.455258
0.206936	-0.685579	0.697967
-0.0968618	-0.438491	0.8935
0.0380344	0.388935	0.92048
0.206615	-0.287177	0.935329
-0.546251	-0.109719	0.830404
0.811098	-0.546177	0.209312
0.165606	-0.510514	0.843771
-0.477694	-0.249291	0.842415
-0.645833	-0.0299062	0.762893
-0.713681	0.615238	0.334876
0.66399	-0.652767	0.364709
-0.313655	-0.134964	0.939896
-0.637619	0.384726	0.667404
-0.209366	0.291347	0.933425
0.72586	-0.270766	0.632307
-0.18073	-0.806584	0.562813
-0.492565	0.482343	0.724379
-0.601415	-0.7792	-0.176486
0.688213	-0.234778	0.686471
-0.679063	0.42528	0.598341
-0.45536	-0.148583	-0.877821
-0.00347591	-0.100484	0.994933
-0.827144	0.331548	0.453772
0.645952	0.531727	0.547734
0.759464	-0.485376	0.433157
-0.175079	0.941925	0.286573
0.826843	0.413386	-0.381369
-0.0553159	-0.0522334	0.997102
0.474454	0.561728	0.677757
0.14764	-0.700418	0.698296
-0.428255	-0.254152	0.867182
0.778384	-0.0944624	0.620641
-0.399018	0.906955	0.134968
0.481487	0.828299	0.286514
0.260825	-0.341405	0.903002
0.151016	0.178629	0.972258
0.326399	-0.363207	0.872665
-0.161398	0.834981	0.526077
-0.49653	-0.0216999	0.867748
-0.304594	0.265071	-0.914855
-0.239019	0.151019	0.959199
-0.244841	0.713655	0.656315
-0.72226	0.658596	0.211168
0.143343	0.709834	0.689629
-0.639766	-0.0338835	0.767822
0.509505	0.167038	0.844099
0.0731123	-0.232465	0.969853
-0.299446	0.883305	0.360701
-0.158662	0.0630981	0.985315
-0.488635	-0.433036	0.75744
-0.177796	0.822997	-0.539504
-0.843236	0.300777	0.445518
0.145737	0.980676	-0.130519
-0.101438	-0.0478396	0.993691
-0.792742	0.108408	0.59984
0.450599	0.635065	0.627417
-0.469875	-0.625115	0.623257
-0.0809115	-0.374816	0.923562
0.868567	-0.464167	0.173609
-0.797455	-0.329014	0.505781
0.339055	0.508592	0.79144
-0.242277	0.235015	0.941313
0.158897	0.479507	0.863033
0.434984	-0.0509437	0.898996
-0.0758602	0.640157	0.76449
-0.190575	0.979241	0.0690553
0.310469	0.189756	0.931451
-0.307219	-0.133479	0.942231
-0.204732	0.64504	0.736212
0.216816	-0.531576	0.81879
0.0816748	0.208141	0.974683
-0.0815475	-0.943091	0.322382
0.182059	0.252118	0.950416
0.470715	0.881746	0.0308487
-0.53971	0.367382	0.757459
-0.208982	0.655961	0.725288
-0.417637	0.856858	0.302281
0.134746	-0.168042	0.976527
0.964867	-0.212527	0.154479
0.378335	-0.0668592	0.923251
0.512344	-0.302888	0.803594
0.0804077	0.705855	0.703777
0.54009	0.276545	0.794874
0.558565	0.644254	0.522439
0.325598	0.807503	0.491859
0.0418947	-0.371861	0.927342
0.132607	-0.116195	0.984334
-0.450087	-0.634945	0.627906
-0.727071	-0.424806	0.539359
0.850858	0.38467	0.35787
-0.506976	-0.62727	0.591192
0.791993	-0.580378	0.189495
-0.00435005	-0.83958	0.543218
0.346683	0.0266344	0.937604
-0.547015	-0.139621	0.825397
-0.56996	0.566408	0.595254
