3400
-0.0836098	-0.465509	0.881085
-0.0202269	0.310382	0.950397
-0.541958	0.555399	0.630724
0.0572214	0.0147066	0.998253
0.0490671	0.274929	0.960212
-0.174525	0.0362984	0.983983
-0.346176	-0.324974	0.880088
-0.137765	-0.387206	0.911642
0.101338	0.220079	0.970204
0.578074	-0.32837	0.746996
0.0923508	-0.0430734	0.994794
-0.213297	0.360688	0.90797
-0.074343	0.310348	0.947711
-0.25634	-0.460192	0.850008
0.185945	-0.103135	0.977132
-0.08369	0.354947	0.931133
0.279677	0.155794	0.947369
0.0168578	0.537005	0.843411
-0.37279	0.333953	0.865738
-0.846954	0.227473	0.480546
0.128524	0.0925029	0.987383
0.275245	-0.43798	0.855812
-0.560496	0.827513	-0.0326514
-0.43613	0.160772	0.885406
0.119675	0.428804	0.895436
-0.133034	0.302112	0.943944
-0.0314634	0.634141	0.772577
0.0310508	-0.1201	0.992276
0.353834	-0.652552	0.670058
-0.94814	-0.261094	0.181273
-0.501231	-0.629876	0.593316
0.417268	0.0909578	0.90422
0.311404	0.509451	0.802176
-0.229034	0.51421	0.826518
0.027724	-0.211731	0.976935
-0.178223	0.243467	0.953394
-0.123171	0.436587	0.891191
0.104868	-0.302883	0.947241
0.500082	-0.56057	0.66006
0.21475	-0.458372	0.862425
0.36593	0.439683	0.820228
0.414856	-0.191901	0.88942
-0.0543851	-0.48542	0.872588
-0.462909	0.408077	0.786885
0.413343	-0.756966	0.506112
0.847083	-0.171428	0.503054
-0.148512	-0.551774	0.820664
0.400492	0.301884	0.865143
0.108586	0.0155627	0.993965
0.612653	-0.0240626	0.789986
0.384434	0.339988	0.858265
0.663982	-0.272923	0.696162
0.405281	-0.144901	0.902635
-0.0228735	-0.0575516	0.99808
0.218478	-0.340504	0.914508
0.367425	-0.163415	0.915584
-0.123565	0.466793	0.875692
-0.70542	0.105211	0.700938
-0.0420299	0.763772	0.644117
-0.220203	0.377231	0.89956
0.650905	0.140196	0.746102
0.46702	0.0912787	0.879523
0.631277	0.737542	0.239838
-0.63062	0.438373	0.640427
-0.71818	-0.0227617	0.695485
0.303023	0.453448	0.83819
0.161158	-0.237248	0.957988
-0.368359	0.768262	0.523531
0.0288627	-0.60642	0.79462
0.0377678	0.487937	0.872062
0.654584	0.32552	0.682317
0.542778	-0.40491	0.735826
-0.306937	-0.342602	0.887927
0.908572	0.19761	0.368031
-0.0270855	0.316602	0.948172
0.292635	-0.201887	0.934669
-0.251184	0.501376	0.827967
-0.454476	-0.0897519	0.886226
0.137534	0.138921	0.980707
-0.174476	-0.168655	0.97011
-0.177125	-0.784567	0.594207
-0.418455	-0.31852	0.850553
0.451497	-0.750935	0.48192
-0.317143	-0.444127	0.837956
0.442579	-0.864027	0.239963
-0.711626	-0.538431	0.45131
0.284236	-0.347343	0.893624
-0.0522696	-0.0721414	0.996024
0.402556	-0.196533	0.894049
-0.448341	-0.147665	0.881581
-0.398452	-0.0535417	0.915625
-0.0110187	-0.328836	0.944323
-0.254642	-0.966762	-0.0230139
0.295681	-0.241169	0.924343
0.740585	0.0682523	0.668488
-0.456093	-0.160138	0.875406
0.0968574	-0.480303	0.871738
0.713851	-0.476103	0.513559
0.28003	0.499062	0.820074
0.106759	-0.485738	0.86756
0.246026	-0.056371	0.967623
0.409808	-0.149907	0.89977
-0.515811	-0.706238	0.484941
0.0635061	0.564593	0.822923
0.468497	0.284421	0.83643
-0.117465	-0.38549	0.915205
-0.663863	-0.29723	0.686251
-0.00929429	-0.193844	0.980988
-0.0502593	0.08438	0.995165
0.396974	-0.200609	0.895638
0.419736	0.33907	0.841934
0.721508	0.2559	0.643382
0.34403	0.395108	0.851782
-0.0884798	-0.547251	0.832279
0.417285	-0.48023	0.771526
0.862286	0.360598	0.355573
0.353665	0.22582	0.907704
0.132448	-0.61237	0.779397
0.146895	0.705468	0.693352
0.226411	0.727112	0.648109
-0.174051	-0.566301	0.805611
0.195172	0.524506	0.828735
-0.442399	-0.0843125	0.892846
0.315013	0.567418	0.760791
0.540623	0.562767	0.625315
0.0515794	0.445234	0.893928
0.567289	-0.0799287	0.81963
-0.201411	-0.387111	0.899766
-0.192803	-0.539988	0.819293
-0.299083	0.188405	0.935443
-0.0175018	0.182725	0.983008
-0.0254304	0.789122	0.61371
0.0117786	0.630621	0.776002
0.288194	-0.201427	0.936147
-0.595543	-0.627513	0.501553
0.340215	-0.456074	0.822344
0.00465542	-0.38851	0.921433
-0.100664	0.542592	0.833943
-0.307302	0.312175	0.898951
-0.0516735	-0.353312	0.934077
0.0821242	0.107122	0.990848
-0.817761	-0.197986	0.540434
-0.539285	-0.54289	0.643772
-0.100444	0.477718	0.872752
0.131356	0.656504	0.742797
0.0842618	0.914721	0.395202
-0.0329038	-0.379111	0.924766
0.012262	-0.518846	0.85478
-0.680047	0.109765	0.724905
0.168639	-0.352842	0.92036
-0.189531	-0.35812	0.914236
0.082891	-0.738892	0.668706
-0.486438	-0.0199296	0.873488
-0.307649	0.160944	0.937789
0.15507	0.583651	0.79706
-0.25448	-0.899645	0.354794
0.645559	-0.62378	0.440628
-0.00940337	-0.284156	0.958732
0.167084	-0.188908	0.967676
-0.131053	-0.207959	0.969319
-0.0993477	0.224746	0.96934
0.403573	0.381881	0.831442
-0.555591	0.0745801	0.828104
0.0757851	0.0543826	0.99564
0.858364	-0.44527	0.254845
0.122241	-0.31888	0.939879
0.0337945	-0.690467	0.722574
-0.216043	0.0534011	0.974922
0.579089	0.00293682	0.815259
0.212601	-0.502033	0.83831
-0.103463	0.379933	0.91921
0.253795	-0.209947	0.944198
-0.064026	0.930217	0.361381
0.219608	-0.0212535	0.975357
0.0616038	0.43909	0.896328
0.00982236	-0.00792217	0.99992
-0.736495	0.446296	0.508326
0.261113	0.0944322	0.960678
0.056329	0.301067	0.951938
0.287349	-0.317063	0.903826
-0.139712	0.328889	0.933977
0.572099	0.354439	0.739646
0.682017	0.213176	0.699578
-0.425474	-0.361181	0.829771
-0.279497	-0.740901	0.610693
0.204101	0.4378	0.875599
-0.171776	0.104757	0.97955
-0.72076	-0.232441	0.653051
0.172129	0.120818	0.977637
0.366104	0.484409	0.794554
0.446451	-0.343653	0.826186
-0.202476	-0.249827	0.946884
0.483556	-0.189601	0.854532
0.816735	0.544513	0.190919
0.803529	-0.161454	0.572952
0.578586	0.0196305	0.815385
-0.528129	0.0344931	0.848463
0.344163	-0.0619553	0.936863
0.0767071	-0.655337	0.751431
0.0901688	0.820603	0.56434
-0.508825	-0.238106	0.827286
0.128827	-0.0538121	0.990206
0.509787	-0.167964	0.843745
-0.954753	-0.0822682	0.285794
-0.574842	0.0445852	0.817049
-0.422947	0.198661	0.88411
-0.206608	0.172447	0.963107
0.0327305	-0.12891	0.991116
-0.199293	0.0252896	0.979614
-0.0314127	-0.394895	0.918189
-0.472381	0.269189	0.839281
-0.0403733	-0.262745	0.96402
0.181855	0.316051	0.93115
-0.627002	-0.135092	0.767215
-0.249428	0.0351408	0.967755
0.190772	0.405929	0.893772
-0.202209	-0.0469393	0.978217
0.169902	0.0958022	0.980793
0.342397	-0.165519	0.924861
-0.340744	0.0394833	0.939327
-0.103899	-0.554672	0.825557
-0.0312668	0.0464312	0.998432
0.00806261	-0.411513	0.911368
0.234396	0.762822	0.602628
0.578697	0.291944	0.761497
0.784952	-0.175455	0.594193
-0.575868	0.0816647	0.813453
-0.0644141	-0.256463	0.964405
0.462143	-0.224482	0.857923
0.347868	-0.143678	0.926469
0.306576	0.2205	0.925954
-0.184691	-0.250814	0.950253
-0.0979924	-0.661728	0.743313
-0.038844	0.0534716	0.997814
-0.205867	-0.125701	0.970473
0.417409	0.117894	0.901039
-0.170412	-0.10536	0.979724
-0.836258	0.0591284	0.54514
-0.31068	0.192352	0.930848
-0.365012	0.120943	0.923114
0.356993	-0.925234	0.128443
0.354081	0.232858	0.905762
0.0504293	-0.213198	0.975707
0.0591319	-0.262531	0.96311
0.316596	-0.367753	0.874371
0.0956605	-0.257265	0.961594
-0.243344	-0.194532	0.950232
0.0664854	-0.40215	0.913157
0.451089	0.399174	0.798234
-0.168344	0.0177763	0.985568
0.940331	-0.273848	0.201953
0.0511884	-0.797309	0.601397
-0.672298	-0.000141011	0.740281
0.0800759	0.0988967	0.991871
-0.141205	0.2891	0.946828
0.738715	-0.369258	0.56387
-0.420632	-0.379323	0.824126
0.333428	-0.283919	0.899008
0.59628	-0.632045	0.494944
0.204147	-0.368104	0.907096
-0.221798	0.222652	0.949332
0.046677	0.574484	0.817184
0.322083	-0.843371	0.430102
0.0185167	0.963273	0.267883
-0.281143	0.598035	0.750541
-0.350939	-0.472097	0.808682
0.379463	-0.28716	0.879515
-0.113533	0.380061	0.917967
-0.692124	-0.0280132	0.721235
0.684656	-0.377421	0.623538
-0.374248	0.183712	0.908949
0.0737561	0.31614	0.945841
0.22253	0.208957	0.95227
-0.319332	0.136755	0.937723
-0.354482	0.13872	0.924716
-0.211237	-0.298803	0.930643
0.274004	0.34596	0.897348
-0.0568761	0.139773	0.988549
-0.752609	0.0485813	0.656673
-0.265754	0.665196	0.697774
-0.297157	0.252115	0.920943
-0.286578	0.357723	0.888767
-0.0904755	0.230213	0.968925
-0.3644	0.422652	0.829806
0.472298	-0.232338	0.850266
-0.238002	-0.435957	0.867927
0.550336	0.14939	0.82147
0.0544897	-0.0494848	0.997287
-0.801653	-0.225342	0.553691
0.367249	-0.391231	0.843841
0.50748	0.257343	0.822337
0.143172	-0.365584	0.919701
0.664114	0.388948	0.638492
-0.0657905	-0.304398	0.95027
-0.374481	-0.0924262	0.922616
-0.108751	0.0459395	0.993007
-0.158594	-0.0758749	0.984424
-0.0919442	0.269274	0.958665
-0.296513	-0.463054	0.835261
-0.245218	0.441159	0.863277
-0.057721	-0.04835	0.997161
-0.342448	0.43437	0.833098
0.630165	-0.134749	0.764679
-0.160415	-0.353211	0.921688
-0.0878396	0.181124	0.97953
0.0642751	-0.69747	0.713725
0.554179	0.0564854	0.830479
0.861546	-0.170516	0.478188
0.14826	0.201685	0.968164
0.22066	-0.532143	0.817394
-0.282127	0.240191	0.928823
-0.374061	0.185923	0.908576
-0.260555	-0.387259	0.884387
0.124423	0.686544	0.716363
0.393153	-0.845604	0.361087
-0.224062	0.156742	0.961888
-0.44087	0.146568	0.885523
0.246063	0.48133	0.841294
0.0311244	0.0956297	0.99493
-0.0395586	-0.580707	0.813151
0.0125007	0.197569	0.980209
0.583168	-0.222349	0.78133
-0.108296	-0.420339	0.900881
-0.260236	-0.0872096	0.961599
-0.51207	-0.054623	0.857205
0.345183	0.193987	0.918269
-0.420319	-0.333711	0.843783
-0.381663	-0.208303	0.900524
0.698917	0.197021	0.68753
-0.0690398	0.0733394	0.994914
-0.202985	-0.572334	0.7945
0.180079	0.102399	0.978308
-0.133258	-0.484959	0.864325
0.0390531	-0.382905	0.922962
-0.353734	0.241149	0.903725
-0.106497	-0.129008	0.985908
-0.540318	-0.068698	0.838652
-0.313735	-0.525536	0.790811
0.0722284	0.591095	0.803362
-0.0327982	0.46702	0.883638
-0.514242	0.600162	0.612667
-0.628757	-0.556366	0.543251
0.153569	0.0291074	0.987709
-0.506244	0.170916	0.845284
-0.0496669	0.148969	0.987594
-0.489399	-0.00471974	0.872047
0.0257234	0.088312	0.995761
0.656302	-0.206905	0.725574
0.0182556	0.710568	0.703392
-0.274421	-0.0715002	0.958948
-0.371614	-0.242922	0.896042
0.0205134	-0.301897	0.95312
-0.0890661	-0.656712	0.748864
0.0024268	-0.438938	0.898514
0.0659878	-0.19545	0.978491
-0.237211	-0.127211	0.963093
0.374364	-0.441244	0.81557
0.105583	0.110668	0.988233
-0.15731	-0.165969	0.973503
0.245119	0.399429	0.883387
-0.300725	0.729938	0.613803
0.109888	-0.133898	0.984884
-0.249155	0.219288	0.94331
0.046209	0.892138	0.449393
-0.0507378	0.325211	0.944279
-0.0567922	0.774011	0.63062
0.197677	0.460893	0.86516
-0.762016	-0.0255457	0.647054
0.697478	0.197711	0.688792
-0.529795	-0.313334	0.788124
-0.459391	0.0661668	0.885766
0.274654	0.244957	0.929818
0.0742787	-0.488481	0.869407
0.25986	0.319293	0.911332
-0.293718	0.455695	0.840281
0.395529	0.508018	0.765164
-0.360143	-0.223422	0.905748
-0.104359	0.32001	0.941649
0.810601	0.346879	0.471807
0.220797	-0.627946	0.746279
0.0384101	0.268945	0.962389
-0.160486	0.397319	0.903538
-0.293451	0.519028	0.802805
0.339305	-0.582754	0.738424
0.346665	-0.597905	0.722726
0.833364	-0.170403	0.525802
0.575316	0.19164	0.795164
-0.235822	0.255809	0.937523
0.664924	-0.313656	0.677861
0.65899	-0.658311	0.363812
0.140184	-0.0768397	0.987139
-0.564193	-0.305791	0.766928
0.253727	-0.214943	0.943092
0.143697	-0.0549413	0.988095
-0.434594	0.0396065	0.899755
-0.0481248	0.0557743	0.997283
0.0848983	-0.0528393	0.994988
0.507565	0.402059	0.762054
-0.399	-0.400414	0.824905
0.220862	-0.323311	0.920158
0.100646	0.293286	0.950712
0.657293	0.0170525	0.753442
0.363658	0.153961	0.918721
0.513056	-0.480576	0.711211
0.347831	0.254903	0.902241
-0.470447	-0.196334	0.86031
0.0480808	0.616702	0.785727
0.0803248	-0.133144	0.987836
0.351407	0.362017	0.863398
0.717696	-0.335653	0.610123
-0.302188	0.764804	0.568997
-0.357559	0.602532	0.713517
0.228482	-0.00616256	0.973529
0.691599	0.366741	0.622248
0.157986	-0.166337	0.973331
-0.0603545	0.0597721	0.996386
-0.0678522	-0.00865171	0.997658
-0.163758	0.626704	0.761857
-0.448201	-0.133702	0.883878
-0.258251	0.594887	0.761194
0.307065	-0.197653	0.930937
0.393625	-0.154523	0.906191
-0.376509	-0.449933	0.809816
-0.387663	0.520007	0.761124
-0.146001	0.24286	0.959011
-0.0628371	-0.251525	0.965809
-0.323587	0.345687	0.880791
0.183234	-0.144484	0.972394
0.779956	-0.122972	0.613634
0.676295	-0.192021	0.711163
0.304972	0.430706	0.849402
-0.459182	-0.562002	0.687972
-0.979599	-0.030823	0.198584
-0.202812	0.564248	0.800307
-0.421385	0.529647	0.736144
0.297659	0.295553	0.907771
-0.0613682	0.216674	0.974313
0.183449	-0.277447	0.943064
0.264805	0.41144	0.872121
-0.196504	0.0627567	0.978493
-0.325165	0.434879	0.839731
0.406653	0.529052	0.744807
0.0976003	-0.234146	0.96729
-0.175151	0.339634	0.924105
-0.101321	-0.497849	0.861325
-0.509702	-0.212268	0.833754
-0.369804	-0.720358	0.586796
-0.696254	0.385313	0.60561
0.36509	0.220057	0.904591
0.401933	-0.585869	0.703709
-0.0198454	0.350932	0.936191
0.122648	-0.907834	0.400991
0.656019	0.197106	0.728552
-0.0476637	-0.31317	0.9485
-0.556132	0.572256	0.602695
-0.873224	0.322883	0.365002
0.30308	-0.528466	0.793011
0.369529	-0.063526	0.927045
0.187418	0.326422	0.926457
-0.104535	0.267889	0.957762
0.214811	0.318347	0.923315
0.10493	-0.099649	0.989474
0.62979	0.354216	0.6913
0.18209	-0.158579	0.97041
0.537726	0.629679	0.560675
0.567518	0.0439787	0.822186
0.475056	0.188782	0.859467
-0.393208	-0.449772	0.801931
-0.737636	0.145729	0.659284
0.207915	-0.918389	0.336648
-0.206476	0.492868	0.845251
0.891513	0.0861149	0.444734
0.366732	-0.332342	0.86894
-0.765239	0.41549	0.491709
-0.37148	0.927071	0.0504104
-0.784299	-0.183202	0.592716
-0.869071	0.265464	0.417426
-0.420639	-0.051479	0.905766
0.372927	0.129188	0.918823
0.134986	-0.384878	0.913043
0.385205	-0.364435	0.847823
-0.436134	-0.407074	0.802545
-0.0587837	-0.766785	0.639206
0.232884	-0.393668	0.889264
-0.0669628	-0.203675	0.976746
-0.359363	0.873044	0.329623
0.525051	-0.0198079	0.85084
0.321077	0.879273	0.351837
-0.321442	0.409185	0.853957
0.237078	-0.768035	0.594909
0.0757456	0.0123342	0.997051
0.02109	0.140657	0.989834
-0.392101	-0.911478	-0.124356
0.371183	-0.903961	0.212315
0.374038	-0.181365	0.909507
0.841747	0.154485	0.517298
-0.549214	0.535195	0.641818
0.0885875	-0.11209	0.989741
0.744188	-0.0738817	0.663872
-0.505284	-0.497373	0.705201
-0.173655	-0.488635	0.855032
-0.230545	0.0754762	0.97013
0.552439	0.57168	0.606625
-0.415197	-0.010213	0.909674
0.267959	0.401207	0.875917
-0.223964	0.00539525	0.974583
0.459256	-0.50657	0.729706
0.15362	0.444383	0.882567
0.148558	-0.692928	0.705536
0.93254	-0.145286	0.330548
0.46246	-0.501567	0.731137
-0.116034	-0.117571	0.986262
-0.731903	-0.0342535	0.680548
-0.426431	-0.580493	0.693674
0.135541	0.889247	0.436886
0.0191358	0.465241	0.884977
-0.158648	0.655203	0.738606
0.0559251	-0.512146	0.857076
-0.906812	-0.260214	0.331632
0.0585149	-0.288603	0.955659
-0.0809707	0.323491	0.942761
-0.152807	0.559935	0.814324
0.432093	0.318084	0.843871
-0.477586	0.448872	0.755265
0.35785	-0.673345	0.646954
-0.421311	-0.546938	0.723433
0.357266	-0.290042	0.887827
-0.332792	-0.357114	0.872765
0.42673	-0.246068	0.87026
0.207097	0.205132	0.956573
-0.104954	-0.658725	0.745028
-0.1792	0.574183	0.798875
-0.272189	-0.397591	0.876262
0.102157	-0.407751	0.90736
-0.240183	0.21236	0.947214
0.0895404	-0.249275	0.964284
-0.2488	0.0888551	0.96447
0.0867191	0.18665	0.978592
-0.585174	0.635605	0.503565
-0.161592	-0.402248	0.901157
0.368082	0.212423	0.905203
0.232844	0.612591	0.755325
0.328389	-0.296617	0.89676
0.412851	-0.351977	0.84004
-0.0615333	-0.0907786	0.993968
0.68815	0.116555	0.716146
-0.271528	0.307284	0.912057
-0.303525	0.462409	0.833097
0.616739	0.532629	0.579603
-0.0363998	-0.153548	0.98747
-0.500971	0.440765	0.744818
0.406089	-0.258159	0.87661
0.0298452	-0.0399665	0.998755
-0.290635	0.3588	0.887014
0.705307	0.189801	0.683021
-0.0524844	-0.370194	0.927471
-0.2386	-0.290091	0.926778
0.435215	0.435688	0.787886
0.594317	0.195346	0.780146
0.0512924	-0.334121	0.941134
0.381675	-0.498489	0.778353
-0.433152	-0.0728344	0.898373
0.280102	-0.0585146	0.958185
-0.609082	-0.0863942	0.788388
0.80275	0.253803	0.539607
0.10279	0.246073	0.963785
-0.400488	0.0543227	0.91469
-0.503766	-0.17844	0.84521
0.830508	-0.258799	0.493233
-0.329778	-0.109049	0.937739
0.0375554	0.232077	0.971972
0.104904	0.0545527	0.992985
0.344378	0.685541	0.641434
-0.45514	0.352659	0.817606
-0.411597	-0.72091	0.557563
-0.79406	-0.253976	0.552236
-0.610445	-0.121521	0.782681
0.477095	0.224438	0.849711
0.314467	0.560451	0.766162
-0.126999	-0.0491291	0.990685
-0.306491	0.232031	0.92316
-0.223149	0.505846	0.833261
0.0143185	-0.43982	0.897972
0.150646	0.0763592	0.985634
-0.190267	0.00912396	0.98169
-0.284596	0.612298	0.737629
-0.430992	-0.252391	0.86634
-0.133131	0.540367	0.830831
-0.0755353	0.0109213	0.997083
0.130641	-0.129707	0.982909
0.462945	0.398662	0.791676
-0.258586	0.117906	0.958766
0.0360638	0.0927082	0.99504
0.169454	-0.112429	0.979104
-0.354247	0.290473	0.888895
-0.106607	0.519002	0.848099
0.547502	0.191577	0.814579
-0.839727	-0.2095	0.500968
0.655683	0.478772	0.58383
-0.00316617	0.637564	0.770391
-0.0865032	-0.387109	0.917967
-0.319782	0.0599799	0.945591
-0.3755	0.321585	0.869243
0.270608	-0.361093	0.892403
-0.33677	0.416867	0.844279
0.0270914	0.25958	0.965342
0.446413	-0.175075	0.877533
-0.128056	0.0134456	0.991676
-0.33044	0.33805	0.88121
-0.445853	-0.0112116	0.895036
0.591702	-0.401183	0.699243
0.361745	0.0559008	0.9306
-0.385598	-0.345062	0.855714
-0.226541	0.238048	0.944464
-0.321325	0.256537	0.911559
0.812651	-0.228881	0.535921
-0.0364153	-0.372363	0.927373
0.377851	0.684343	0.623621
0.756382	-0.390688	0.524642
0.271587	0.135355	0.952848
-0.906997	-0.129497	0.400733
-0.138155	0.244737	0.959696
0.0766683	0.209096	0.974885
-0.32574	-0.32187	0.888984
0.656353	0.260732	0.707968
0.794223	-0.210706	0.569923
-0.112143	0.360926	0.925827
-0.127589	-0.733329	0.667795
-0.0310694	-0.121438	0.992113
-0.0157557	0.232208	0.972538
-0.252237	0.162279	0.953961
0.185998	0.0780253	0.979447
-0.0405645	-0.215738	0.975608
-0.609396	-0.611364	0.504847
0.493756	-0.166791	0.853455
0.1153	0.563324	0.818152
0.0991338	-0.272222	0.957114
0.213972	0.290964	0.9325
0.667086	0.164944	0.726491
-0.0654405	0.178817	0.981704
-0.490676	-0.334302	0.804661
0.0220275	-0.404631	0.914215
0.332524	0.533877	0.777434
-0.348229	-0.358417	0.866184
-0.115533	0.672142	0.731353
-0.248365	0.0631704	0.966605
0.116563	0.851023	0.512028
0.47431	-0.271784	0.837355
0.0241529	-0.715511	0.698184
0.502394	-0.122974	0.855849
-0.125318	0.152328	0.980353
0.27876	-0.345114	0.896208
-0.428374	0.30643	0.850057
-0.183445	0.529244	0.828401
0.677094	0.644156	0.355819
0.0671838	0.354523	0.932631
0.347979	0.363895	0.863997
-0.55226	-0.169575	0.816243
-0.644717	-0.385987	0.659813
0.0229731	0.195529	0.980429
0.025248	0.490129	0.871284
0.133751	0.439502	0.888228
0.722952	0.0265652	0.690387
0.241122	0.603547	0.759995
0.783627	-0.350756	0.512736
0.802932	-0.419375	0.423586
0.643064	-0.441634	0.625643
-0.510979	-0.0956993	0.85425
0.245162	-0.417322	0.875065
0.184328	0.182408	0.96579
0.571107	0.201261	0.795821
-0.192833	0.0561665	0.979623
0.519357	-0.126176	0.845191
0.119623	-0.0248666	0.992508
0.330626	-0.429341	0.840448
0.0720426	0.528103	0.846119
-0.258878	0.26343	0.929294
0.225639	0.116658	0.967201
-0.666329	0.00937531	0.745599
-0.118621	0.0182614	0.992772
0.467257	0.166921	0.868221
-0.525891	-0.128194	0.840836
-0.135101	-0.631194	0.763768
0.178046	-0.725995	0.664253
0.202583	0.0334941	0.978692
0.437707	-0.421095	0.794413
0.167899	-0.640152	0.749677
0.27086	-0.545533	0.793113
-0.74018	0.469697	0.481163
0.155136	0.14206	0.977626
0.0772086	0.258196	0.963003
0.516226	0.375539	0.769728
-0.0475251	-0.00126087	0.998869
0.279987	0.000988958	0.960003
-0.556858	-0.584641	0.590004
-0.328854	-0.834443	0.442222
0.194998	-0.270659	0.942719
0.232942	0.298193	0.925645
0.387932	-0.293715	0.873636
0.41756	0.682897	0.599413
0.17568	-0.0933323	0.980013
-0.156534	-0.0674701	0.985365
0.256918	0.14832	0.954984
0.740555	-0.0663469	0.668712
-0.0245185	0.385331	0.922452
-0.214127	-0.211646	0.953601
0.478304	0.241455	0.844349
0.128616	-0.194428	0.972448
0.105392	0.0737844	0.99169
-0.24097	0.062315	0.96853
-0.353033	-0.0401811	0.934747
-0.611831	0.434004	0.661288
0.0867399	0.393234	0.915338
0.305611	-0.0421739	0.951222
0.519469	-0.257583	0.814741
0.216801	0.218409	0.95147
-0.284246	0.0647108	0.956565
-0.00439253	-0.0969956	0.995275
-0.0274222	-0.156548	0.98729
-0.464266	-0.0535857	0.884073
0.628982	0.142721	0.764207
0.506912	0.611457	0.607586
-0.0269866	0.396105	0.917809
0.331681	-0.0283093	0.942967
0.431718	-0.238977	0.869775
-0.424064	0.431533	0.796209
-0.513491	0.720451	0.466129
0.632933	-0.371936	0.679013
-0.9111	-0.211813	0.353599
-0.23438	0.521989	0.820118
0.186613	-0.214648	0.958698
-0.929001	0.0950154	0.357672
-0.410534	-0.15568	0.898458
-0.399607	-0.831548	0.385801
0.0244414	-0.376539	0.926078
-0.236783	-0.0333911	0.970989
0.30976	0.167872	0.935878
-0.352752	-0.154226	0.92292
-0.930484	-0.27858	-0.237892
-0.0138564	-0.645483	0.763649
-0.488657	0.383774	0.783538
-0.259738	0.429563	0.864877
-0.0388246	0.297836	0.953827
-0.68725	-0.302582	0.660403
0.275993	-0.344916	0.89714
-0.837605	0.130437	0.530475
-0.70501	-0.201955	0.679834
0.0392087	-0.0260418	0.998892
-0.0389762	0.562387	0.825955
0.204278	0.297255	0.93269
-0.9085	-0.372093	0.190195
0.522184	0.378822	0.76408
0.154031	0.589578	0.792889
0.317432	0.0993447	0.943063
0.365831	0.369915	0.854008
-0.264156	0.0401416	0.963644
-0.00326048	-0.288591	0.957447
-0.736122	0.170614	0.654993
0.502164	0.215067	0.837602
-0.108817	-0.644119	0.757146
-0.302717	-0.0485016	0.951846
0.086191	0.665066	0.741794
-0.532656	0.183272	0.82625
-0.227173	-0.157673	0.961006
-0.419595	0.657676	0.625622
0.351806	0.511916	0.783693
-0.654881	-0.0787039	0.751623
-0.493886	-0.284198	0.821771
0.568852	0.655167	0.497156
-0.583039	0.280186	0.762602
0.350242	-0.0640263	0.934468
0.360402	0.0898966	0.928455
0.237319	-0.224659	0.945097
-0.189788	0.789536	0.583621
-0.112943	-0.319691	0.940767
0.260699	0.307439	0.91516
0.158819	0.115697	0.980505
0.142928	0.154697	0.977569
0.0551476	0.285245	0.956867
0.00209877	0.309395	0.950931
0.646925	-0.264945	0.715047
-0.733858	0.424615	0.53024
-0.523115	-0.195265	0.829592
0.238435	0.333608	0.912061
-0.432301	-0.226473	0.872826
0.220236	-0.326721	0.919103
-0.105187	0.32113	0.941175
-0.0203083	-0.0388146	0.99904
-0.397939	-0.27989	0.873674
0.316598	-0.0432744	0.947572
0.0175212	-0.0660908	0.99766
0.147976	-0.722097	0.67578
0.92256	-0.228371	0.311014
0.211615	0.36416	0.906977
0.30804	0.0858946	0.947488
0.312359	-0.259723	0.91377
-0.141543	-0.0862338	0.986169
-0.93162	-0.280128	0.231542
-0.00993739	-0.0308602	0.999474
0.346682	-0.596762	0.723662
-0.330393	0.80704	0.489416
0.389358	-0.0133341	0.92099
0.00792964	-0.405843	0.913908
-0.264675	-0.381401	0.885709
-0.502106	0.181102	0.845631
-0.0688453	-0.280379	0.957417
0.470387	-0.165503	0.866801
0.358322	0.794181	0.490797
-0.175621	-0.188484	0.966246
-0.180621	0.0487284	0.982345
-0.605575	-0.361467	0.708957
-0.0159068	-0.269604	0.96284
0.131277	0.247333	0.959996
0.0851182	-0.0998023	0.99136
-0.0903618	0.635589	0.766721
0.385902	-0.0133988	0.922443
-0.162185	-0.133131	0.977738
0.385948	0.287007	0.876739
-0.0396931	-0.0529716	0.997807
0.181578	0.258314	0.948843
0.114559	-0.0966815	0.988701
-0.17326	0.0481699	0.983697
-0.261549	-0.238759	0.935193
-0.229236	0.637109	0.735896
0.661205	0.00718722	0.750171
-0.363424	0.263002	0.89373
0.161849	0.172937	0.971544
0.49987	0.734704	0.458629
0.0821196	0.36424	0.927678
0.262351	-0.33921	0.903387
-0.242013	0.424739	0.872369
-0.00430511	0.512903	0.858436
0.142478	0.118682	0.982657
-0.277847	0.215492	0.936143
-0.378381	0.0706987	0.922946
-0.665474	-0.483889	0.568327
0.242709	-0.158979	0.956984
0.112424	0.492643	0.862939
0.346013	0.1982	0.917056
0.539721	-0.567003	0.622262
-0.114553	-0.247148	0.962183
-0.349935	-0.739588	0.574939
0.25514	-0.36561	0.895116
-0.646606	-0.0735883	0.759267
-0.232451	-0.0615082	0.970661
0.218541	0.109797	0.969631
-0.301544	-0.502629	0.810207
0.495446	-0.312396	0.810519
-0.586447	-0.439501	0.680381
-0.50711	-0.0223177	0.861592
0.00700937	-0.425472	0.904945
-0.332494	-0.0114227	0.943036
0.183176	-0.267893	0.945875
0.494838	-0.242797	0.834377
0.0180341	-0.603241	0.797355
-0.496164	-0.489632	0.716995
-0.0201096	-0.542105	0.84007
-0.16938	0.599008	0.782623
-0.712016	-0.336438	0.616314
0.0358606	-0.600333	0.798946
-0.0650375	0.299484	0.951882
0.412921	0.376712	0.829207
-0.0390139	0.319448	0.9468
-0.416923	0.0100878	0.908886
0.173038	0.199313	0.964537
-0.0437543	0.249336	0.967428
0.139201	0.269068	0.953009
-0.0202709	0.163767	0.986291
0.362779	0.219939	0.905548
-0.303091	-0.405476	0.862395
0.251663	0.315591	0.914914
0.255663	0.166969	0.952238
-0.428566	0.203596	0.880273
-0.300583	-0.439454	0.846481
0.464224	-0.485608	0.74073
-0.120581	-0.249772	0.960767
-0.09181	-0.0821766	0.99238
-0.489688	0.103043	0.865787
0.164381	0.0658012	0.9842
0.538773	-0.0536	0.840744
-0.218208	0.0988249	0.970886
-0.303401	0.0449996	0.9518
0.188043	-0.739568	0.646281
-0.280008	-0.0228072	0.959727
0.271583	-0.127619	0.953916
0.547214	0.259121	0.795873
-0.709643	0.0502991	0.702764
0.168038	0.0998792	0.980708
0.462448	0.681512	0.56717
-0.00617135	0.545011	0.838406
-0.246592	-0.0409717	0.968253
0.631481	-0.440737	0.637952
0.0201369	-0.536106	0.84391
0.537835	0.184356	0.822646
-0.171105	-0.210574	0.962487
0.23138	-0.738934	0.632803
-0.0405167	-0.0281547	0.998782
0.0364873	-0.198223	0.979478
0.105795	0.0809395	0.991088
-0.269725	0.641328	0.718294
-0.265235	-0.144407	0.953308
-0.137691	-0.00343398	0.990469
0.00842983	-0.379525	0.925143
0.297665	0.270283	0.91561
0.513737	-0.239834	0.823744
-0.0691028	-0.346052	0.935667
0.619124	-0.358264	0.698808
-0.0927916	0.206043	0.974134
-0.119702	0.0448968	0.991794
0.269849	-0.424391	0.864334
-0.55224	0.209067	0.807045
0.14578	0.180479	0.972716
-0.275275	-0.469083	0.839157
0.135785	-0.283336	0.949359
0.592653	-0.229233	0.772149
0.726831	-0.4224	0.541567
0.156342	-0.421827	0.893095
-0.866737	-0.364141	0.340834
0.09625	-0.371221	0.923542
-0.455158	-0.0848839	0.886355
0.722062	-0.414582	0.553848
-0.039821	0.0242638	0.998912
0.732524	-0.138078	0.666591
-0.29926	-0.186982	0.935672
0.467751	0.222859	0.855303
0.533208	-0.689327	0.490426
0.0330401	0.409746	0.911601
-0.973868	0.215367	0.0721059
0.347782	0.105441	0.931628
-0.373187	0.509101	0.775595
0.231873	0.0526482	0.97132
0.115184	-0.180809	0.97675
0.51127	0.373271	0.774126
0.421931	0.286167	0.860281
0.032581	0.693087	0.720118
0.098397	-0.145581	0.984441
0.597791	0.169595	0.783507
0.0762594	0.105302	0.991512
-0.165507	-0.145378	0.975435
-0.47827	0.122198	0.86967
0.622948	0.0360956	0.78143
0.801894	-0.0907781	0.59053
-0.582842	0.0921205	0.807347
0.783639	-0.0568738	0.618607
0.454449	0.126936	0.881682
-0.917821	-0.2154	0.333479
-0.548682	-0.609199	0.572559
0.32748	0.42105	0.845857
0.261194	-0.808286	0.527686
-0.0929682	-0.0276936	0.995284
0.481445	-0.195	0.854509
0.697251	0.657695	0.285092
0.641476	0.241854	0.728021
-0.255322	-0.0631652	0.964791
0.137327	-0.00153732	0.990525
-0.219015	0.462738	0.859014
-0.399234	0.147361	0.904929
0.0582983	-0.200226	0.978014
0.131903	0.0926975	0.986919
0.499948	-0.136917	0.855164
0.0713801	0.491004	0.868228
-0.297552	0.315185	0.901178
0.421329	-0.702143	0.574002
-0.605403	0.741045	0.290413
0.425483	-0.60467	0.673304
0.038186	0.369916	0.92828
-0.0889488	-0.156607	0.983647
-0.267399	0.393968	0.879368
0.367126	0.189921	0.910576
0.272969	0.0663115	0.959735
-0.204706	0.364319	0.908497
-0.53523	0.481748	0.693864
-0.0201196	0.166949	0.98576
0.181363	0.0805365	0.980113
-0.675625	0.550939	0.489896
-0.177687	0.318456	0.931135
0.30329	-0.601395	0.739147
0.354827	0.701557	0.617993
0.93599	0.26198	0.235135
0.219458	0.262774	0.939568
0.424033	-0.291485	0.857457
-0.375335	0.327704	0.867026
0.206552	-0.432995	0.877412
0.0710341	-0.0161209	0.997344
0.692778	-0.213914	0.688694
-0.0550195	-0.148409	0.987394
0.0133944	-0.28962	0.957048
0.12641	-0.240503	0.962382
0.574207	0.2547	0.778084
0.469037	0.244069	0.848784
0.782854	0.100753	0.613994
0.469678	-0.209813	0.857544
-0.152307	-0.162107	0.974948
-0.272277	-0.27762	0.921299
0.0521684	-0.447763	0.892629
-0.197278	0.145703	0.96946
0.337551	0.0892842	0.937063
-0.343893	-0.539465	0.76858
0.387717	-0.667104	0.63612
-0.0920251	-0.879656	0.466622
0.10147	0.387417	0.916304
0.108736	0.148271	0.982951
-0.0463431	-0.219359	0.974543
0.0373327	0.00610114	0.999284
0.22292	-0.306011	0.925561
0.0467024	-0.0648138	0.996804
0.51368	-0.290482	0.807313
0.291175	-0.331837	0.897274
0.382731	-0.629857	0.675868
0.14318	-0.0941179	0.985211
0.0513158	-0.037413	0.997981
0.417256	0.182668	0.890242
-0.616735	-0.443336	0.650454
0.496088	0.51553	0.69866
0.35475	0.505082	0.786794
0.559701	-0.243454	0.792127
-0.0778452	0.158044	0.984359
-0.42601	0.216951	0.878321
0.120655	0.152459	0.980917
-0.743282	0.00311982	0.668971
0.0874602	-0.293525	0.951942
-0.357129	-0.000376241	0.934055
-0.086215	-0.0998052	0.991265
0.2791	0.180784	0.943091
0.614211	0.409702	0.674454
-0.719368	0.185585	0.669379
0.121837	0.352869	0.927706
-0.708883	-0.106671	0.697213
0.0561683	0.0361633	0.997766
-0.107219	0.750775	0.651798
0.34681	-0.00804632	0.937901
-0.0673433	0.423168	0.903545
0.374712	0.288766	0.881025
0.0736033	-0.246433	0.966361
0.24402	-0.156235	0.957102
0.149362	0.6209	0.769529
-0.104117	0.0511279	0.99325
0.00748129	0.199971	0.979773
-0.185551	0.68283	0.706621
-0.142106	-0.0745991	0.987036
0.0588146	-0.00266911	0.998265
-0.22657	-0.106919	0.968109
0.120824	-0.278631	0.952768
-0.209313	0.494163	0.843795
0.0641591	0.485809	0.871707
-0.133909	-0.104627	0.985455
0.51204	0.0548732	0.857207
-0.244714	0.131721	0.960607
-0.643783	-0.227863	0.730495
-0.424013	0.0484656	0.904358
-0.678492	0.342236	0.650018
-0.324738	-0.219694	0.919935
0.0274782	0.188306	0.981726
0.369649	0.369274	0.852641
0.253193	-0.352393	0.900951
0.549979	-0.0284742	0.834693
0.167643	0.505692	0.846269
-0.331005	-0.049914	0.942308
-0.0139821	-0.901863	0.431795
-0.242174	-0.170315	0.955167
0.431289	-0.484363	0.761171
0.319389	-0.394882	0.861428
0.145974	0.360102	0.921422
0.0629059	0.251943	0.965695
-0.669359	0.16791	0.723716
0.396616	-0.455388	0.797068
-0.251899	0.000339529	0.967753
0.0430037	-0.1516	0.987506
-0.0669268	-0.530619	0.844964
0.59168	0.359354	0.721651
-0.212769	0.0399969	0.976283
-0.55311	0.0784361	0.829408
0.246861	0.249223	0.936455
0.266556	-0.0521559	0.962407
0.112927	-0.532022	0.839166
-0.397459	-0.322334	0.859143
-0.0421723	-0.53707	0.842483
0.136264	0.866465	0.480281
-0.581545	0.0848953	0.809073
0.0825825	-0.384251	0.919528
0.177517	0.358121	0.916644
0.391253	0.179978	0.902513
-0.441462	0.499356	0.745489
-0.577352	-0.213355	0.788127
-0.190055	0.240072	0.951969
-0.414014	-0.23037	0.880637
-0.321157	-0.375394	0.869447
0.0518583	0.436133	0.898387
0.575894	-0.174151	0.79876
-0.311331	0.193435	0.930407
-0.493152	0.272184	0.826267
-0.430307	0.10156	0.896951
0.111595	-0.184671	0.976444
-0.782076	0.258638	0.566978
-0.0900833	0.174745	0.980484
0.242726	-0.331156	0.911822
-0.070317	0.391648	0.917424
-0.257669	0.0607411	0.964322
-0.0305821	-0.122577	0.991988
-0.269521	0.347991	0.89792
-0.388078	0.190084	0.901811
-0.339629	-0.235632	0.910566
-0.116728	-0.328456	0.937279
-0.275546	-0.602952	0.748681
-0.837355	0.0182738	0.546354
0.0682271	-0.768229	0.636529
0.584214	0.201124	0.786284
-0.481755	0.141392	0.864824
-0.135364	0.1517	0.979114
-0.311423	0.29075	0.904699
-0.0573535	-0.142473	0.988136
0.197331	0.656826	0.727764
-0.305569	0.618355	0.724061
0.678509	0.169334	0.714808
-0.239594	-0.189179	0.952264
0.420946	-0.142272	0.895859
0.330598	-0.107018	0.937684
0.679608	0.232827	0.695647
-0.184123	0.474119	0.860994
0.568424	0.21603	0.793867
0.0604818	0.391079	0.918368
-0.240656	0.0580369	0.968874
-0.194389	0.244002	0.950093
0.413758	0.437287	0.798489
0.388734	-0.489727	0.780419
-0.0564429	0.248529	0.966978
0.00830862	0.464078	0.885755
0.0633548	-0.82168	0.566417
-0.0412542	0.691963	0.720753
-0.127488	0.24968	0.959899
0.867821	-0.362136	0.340212
-0.0315989	0.302444	0.952643
0.199128	-0.0837083	0.976392
-0.333446	-0.449642	0.828635
-0.413781	0.0836847	0.906522
0.234505	0.21621	0.947766
0.235386	0.605203	0.760475
-0.474695	0.0639629	0.877823
-0.616086	-0.0851222	0.783066
-0.188891	-0.746766	0.637699
0.303099	0.557604	0.772793
0.0218836	-0.290823	0.956526
0.00261406	-0.0632266	0.997996
0.399859	-0.451515	0.797651
0.616357	0.147751	0.773482
-0.622846	-0.152786	0.767281
-0.0896466	-0.0431241	0.99504
0.354846	0.248431	0.901314
0.0047354	-0.286437	0.958087
0.0467469	-0.0867792	0.99513
-0.0374309	0.43704	0.898663
0.0221374	0.53554	0.844219
-0.639101	-0.0870646	0.764179
0.196427	-0.45742	0.867285
0.232972	-0.141735	0.962099
-0.584415	0.345183	0.734376
-0.442101	0.0523961	0.895433
0.413022	0.285368	0.864857
-0.0128798	-0.416449	0.909068
0.25351	0.242312	0.936492
0.530498	-0.426831	0.732385
-0.185093	0.112245	0.97629
0.331781	0.0767247	0.940231
-0.604403	0.153876	0.781677
-0.364022	-0.345504	0.864936
0.529748	0.214474	0.82059
-0.400104	0.459927	0.792707
0.130445	0.0796487	0.988251
0.560803	-0.198166	0.803884
0.0893483	0.175844	0.980355
0.524453	0.173379	0.8336
0.113353	-0.34449	0.931922
0.236449	-0.117573	0.964504
0.0645923	0.427434	0.901736
0.0654068	-0.306213	0.949713
0.234781	0.571925	0.785989
0.947175	0.0433495	0.317774
0.0364328	0.525829	0.849809
0.122766	-0.450469	0.884311
-0.714732	-0.37001	0.593508
0.373443	-0.289742	0.881243
0.346609	-0.273296	0.897313
-0.120492	0.154351	0.980641
0.294329	0.263525	0.918654
0.379908	0.78742	0.485428
0.0265535	-0.242125	0.969882
0.143917	0.0872458	0.985736
-0.66506	-0.685344	0.296647
0.385247	-0.585918	0.712941
-0.553193	0.272553	0.787205
-0.277987	-0.308194	0.909802
0.214362	0.30931	0.926486
-0.300558	-0.241605	0.922655
-0.454557	-0.0836209	0.886784
0.446346	-0.337937	0.828598
0.24125	-0.431979	0.869018
-0.0785824	-0.168439	0.982575
-0.3822	-0.00636286	0.924058
0.0463453	-0.00680221	0.998902
0.442689	0.273411	0.853975
-0.46749	0.0280698	0.883553
-0.512649	-0.356758	0.78097
0.0581327	0.37673	0.924497
0.724509	0.233852	0.648383
-0.127473	-0.636444	0.760717
0.339137	0.780067	0.525816
0.0736275	0.268048	0.960588
0.355391	0.190599	0.915079
0.157115	-0.544543	0.823886
-0.0728649	0.500907	0.862428
-0.247955	-0.209548	0.945837
-0.253223	0.358703	0.898449
0.361735	-0.196012	0.911442
-0.0660285	-0.155264	0.985664
-0.0134323	-0.669838	0.742385
0.131191	-0.298211	0.945441
-0.431946	0.0206843	0.901662
0.155679	0.559813	0.813863
-0.377263	-0.118888	0.918443
-0.0612674	-0.0580812	0.99643
-0.228329	-0.0768611	0.970545
0.376821	0.206362	0.903006
0.0357733	-0.613614	0.788796
-0.661883	-0.0769269	0.74565
-0.109827	0.224287	0.968315
0.225267	0.793174	0.5658
0.421387	0.299797	0.855894
-0.270852	0.450104	0.850908
0.815706	0.257602	0.517942
0.626193	-0.222929	0.747118
0.319217	-0.158883	0.934268
-0.170527	0.0977408	0.980493
0.714776	0.619197	0.3251
0.180942	0.386705	0.904278
0.19177	0.43762	0.878472
-0.0986158	-0.204648	0.973855
0.388611	-0.648108	0.654933
0.156305	-0.223272	0.962143
-0.69898	-0.0835345	0.710246
-0.057258	0.870398	0.489008
0.139334	0.244601	0.95956
-0.342759	0.5011	0.794616
-0.434973	0.34517	0.831659
-0.103446	0.203358	0.973624
0.962691	-0.183986	0.198431
-0.20146	0.298867	0.932787
-0.328767	-0.0627441	0.942324
-0.00197395	0.191111	0.981566
0.370646	-0.314243	0.873998
0.214618	-0.0354195	0.976056
-0.49634	-0.174592	0.850391
0.761628	-0.0865472	0.64221
-0.437148	0.17827	0.881545
0.165034	0.652977	0.739178
-0.339074	0.231156	0.911919
0.454228	-0.450428	0.76863
0.772932	0.428626	0.467821
-0.36003	-0.00979818	0.932889
0.125318	0.163621	0.978531
-0.0919563	0.891749	0.443089
0.189063	-0.503652	0.842965
-0.693533	-0.546807	0.469057
-0.396678	-0.612302	0.68391
-0.306391	-0.574175	0.759241
0.215298	0.115721	0.969668
0.36172	-0.297007	0.883711
0.585	0.147164	0.79757
-0.558306	-0.0273082	0.829186
0.0273753	-0.520736	0.853278
-0.717757	-0.620983	0.314969
0.369729	-0.614283	0.697106
-0.290042	0.540278	0.789921
-0.565121	0.503271	0.653725
0.308963	-0.434041	0.846257
-0.399903	0.192198	0.89618
0.407908	-0.546642	0.731296
-0.0362908	-0.478471	0.877353
-0.491687	-0.373788	0.786464
0.214424	0.222375	0.95109
-0.754543	-0.124509	0.644331
-0.0556325	-0.578316	0.813914
0.0848033	0.483247	0.871367
0.43422	0.121498	0.892576
0.173148	-0.229344	0.957821
0.244936	-0.761057	0.600665
-0.291971	0.13245	0.947211
-0.153034	0.176996	0.972241
0.737746	-0.43393	0.517141
0.473401	0.284454	0.833653
0.0143186	0.00472512	0.999886
-0.142628	0.177816	0.973673
0.320497	0.187264	0.928555
-0.642108	0.361763	0.675888
-0.00635397	0.20287	0.979185
0.102401	0.109835	0.988661
0.538616	0.336163	0.772585
-0.495439	0.193764	0.846756
-0.213508	0.239592	0.947106
-0.489946	-0.601829	0.630678
0.573133	0.488243	0.658132
0.509508	0.857178	0.0751527
-0.0292156	0.0748791	0.996765
0.599303	-0.266572	0.754835
-0.203576	0.474831	0.856208
-0.287653	-0.264739	0.920418
0.354441	0.286568	0.890084
0.891367	0.0117036	0.45313
-0.0966662	0.305245	0.947355
0.0526351	0.349757	0.935361
-0.394578	0.142798	0.907699
-0.186936	-0.819743	0.541365
0.419513	-0.711473	0.563751
-0.113335	-0.254066	0.960524
-0.0709853	0.173595	0.982255
0.222517	0.67037	0.707877
-0.33927	0.313113	0.887049
-0.225028	0.239483	0.944463
0.125213	-0.563217	0.816767
0.00369632	-0.177083	0.984189
0.52006	-0.406605	0.751139
0.0265999	0.627845	0.777884
0.452874	-0.475725	0.75405
-0.0934469	-0.822358	0.561244
-0.268896	0.239089	0.933023
-0.286134	0.0925139	0.953713
-0.530128	0.644982	0.55042
0.585217	0.125379	0.801125
-0.204114	-0.0270108	0.978574
0.157889	0.563641	0.81079
-0.672602	-0.263534	0.691489
-0.154421	-0.572367	0.805326
-0.186113	0.138547	0.972711
0.147406	0.100854	0.983921
0.683385	-0.363406	0.633183
-0.365841	0.525184	0.768337
0.343663	-0.0941705	0.934359
-0.422635	0.102237	0.900515
0.675743	0.221857	0.702959
-0.116007	0.418278	0.900881
0.347243	-0.397842	0.849202
-0.236172	-0.524185	0.818201
-0.866379	0.335303	0.370081
-0.643521	0.0750805	0.761737
0.105033	0.293454	0.950186
0.224227	0.323552	0.919258
0.34256	0.0901562	0.93516
-0.341757	0.0186803	0.939603
-0.0592346	-0.477455	0.876657
-0.387494	0.21294	0.896942
-0.137616	-0.446991	0.88389
0.019325	-0.236678	0.971396
0.175475	-0.467562	0.866369
-0.192261	-0.183826	0.963973
-0.361443	-0.416899	0.833999
0.128999	-0.619566	0.774272
0.0538689	-0.0526496	0.997159
0.150066	-0.443694	0.883524
-0.27249	-0.340004	0.900081
-0.224305	0.175449	0.958595
0.251086	-0.412704	0.875575
-0.432195	0.880439	0.195024
-0.0929835	-0.670314	0.73623
-0.00442995	0.65774	0.753232
-0.056213	0.143036	0.98812
0.159544	-0.309116	0.937546
-0.0919012	0.280168	0.955542
0.139913	-0.678405	0.721242
-0.200377	0.432619	0.879028
0.380593	0.19395	0.904175
-0.625944	0.692061	0.359508
0.0467896	0.282666	0.958077
-0.0936277	-0.276347	0.956486
-0.37142	-0.0508111	0.927073
0.528629	0.0493926	0.847415
0.315585	0.110429	0.94245
0.195123	0.395099	0.897677
-0.173528	0.498928	0.849093
0.368224	0.336328	0.866772
0.00912691	0.0285657	0.99955
-0.285641	-0.131324	0.949296
0.0388981	-0.941533	0.334667
-0.292235	0.203211	0.934507
0.13304	0.8931	0.429737
0.188871	0.295982	0.936335
-0.270844	0.303487	0.913531
-0.572418	0.149821	0.806158
-0.761326	0.21327	0.61229
0.602199	-0.604989	0.520907
-0.47106	-0.720839	0.508423
0.611838	-0.172627	0.771916
0.192153	0.225165	0.955185
-0.458711	0.13434	0.878372
0.0828542	-0.227675	0.970206
0.113697	-0.28877	0.950623
0.00283854	-0.339828	0.940483
0.625092	-0.62162	0.472068
-0.0589926	0.0312606	0.997769
0.27387	0.238895	0.931625
0.0322326	-0.0740163	0.996736
-0.649624	0.0960039	0.75417
0.185587	0.033366	0.982061
0.233841	-0.129173	0.963656
0.170347	-0.873101	0.456812
-0.310044	0.707556	0.63501
0.396614	0.653686	0.644509
0.311999	-0.616597	0.722817
-0.451698	-0.191641	0.871346
0.502131	0.235732	0.832042
-0.0972651	0.188869	0.977173
0.653783	-0.384473	0.651727
0.0260411	-0.661963	0.749084
0.275327	-0.196705	0.941011
0.0373219	0.502563	0.863734
0.15362	0.120369	0.980771
-0.288894	-0.268362	0.918979
-0.448929	0.137264	0.882962
0.277294	0.0835985	0.957141
-0.500512	-0.140919	0.854184
0.336847	-0.0902161	0.937227
0.106676	0.0802986	0.991046
0.377203	0.351209	0.856954
0.239876	0.252066	0.937508
-0.116564	0.47601	0.871681
-0.397353	-0.887651	0.232781
0.197453	0.812258	0.548862
-0.0793283	0.232981	0.96924
0.412645	-0.191567	0.89052
-0.137626	0.437971	0.888392
-0.232545	0.3473	0.908463
0.454063	0.340248	0.823443
0.305366	-0.249567	0.918949
0.0397639	0.0274294	0.998833
0.485836	0.54427	0.683911
-0.189259	0.0698689	0.979438
0.457698	-0.362674	0.811776
-0.125322	0.0523793	0.990732
-0.170839	-0.892404	0.417646
-0.256978	-0.157649	0.953472
-0.414166	-0.381069	0.826591
-0.178175	0.0961491	0.97929
-0.309124	0.159241	0.937595
-0.159613	-0.383865	0.90949
0.298751	-0.187653	0.9357
-0.278147	0.480987	0.831436
0.0290248	0.0152177	0.999463
0.243245	0.708601	0.662357
-0.204185	-0.322149	0.924407
0.00368572	-0.303999	0.952665
-0.100708	0.185745	0.977423
0.246378	0.0597704	0.967329
-0.205328	-0.228732	0.951589
-0.697523	-0.224726	0.680411
-0.439206	-0.560853	0.701813
-0.461029	0.100011	0.881731
0.0497292	0.35786	0.93245
0.176996	-0.136783	0.97466
0.230954	0.4174	0.878884
0.0892353	-0.170102	0.981378
-0.111198	-0.568856	0.814885
-0.410367	-0.702411	0.581566
-0.0472021	-0.563214	0.824962
-0.200308	-0.565754	0.799874
0.538261	-0.599748	0.592096
0.0233925	0.341594	0.939557
-0.527163	0.0726511	0.846653
0.0332926	0.501845	0.864317
-0.638575	-0.0473233	0.768103
-0.705404	0.218628	0.674246
-0.408876	-0.296254	0.863165
0.382021	0.229525	0.895197
0.429578	0.0240748	0.902709
0.105963	-0.305447	0.946295
-0.10224	0.21661	0.97089
-0.109766	-0.0136394	0.993864
0.697967	-0.162964	0.697341
-0.499568	0.140396	0.854822
-0.063756	0.0289383	0.997546
0.912844	0.158799	0.376164
-0.162053	0.0278105	0.98639
-0.0673231	-0.164499	0.984077
-0.192665	0.837717	0.51099
-0.02737	0.0903663	0.995532
-0.0787287	0.480611	0.873393
0.163734	-0.0942197	0.981995
-0.0643106	0.537329	0.840917
-0.538319	0.194516	0.819986
-0.45633	0.291043	0.840866
-0.376453	0.158219	0.912825
0.063971	0.559119	0.826616
-0.229108	-0.0753416	0.970481
-0.462878	0.249726	0.850518
0.159441	0.269029	0.949843
-0.82347	0.414799	0.387091
0.587394	0.779497	0.217606
0.0542076	0.227934	0.972166
0.481783	-0.526054	0.700823
0.0192997	0.194766	0.98066
-0.349413	0.0730999	0.934113
-0.445762	-0.101763	0.889348
0.0445141	-0.0875884	0.995162
-0.0841222	0.392175	0.916036
-0.0714696	0.27583	0.958546
-0.233246	0.724161	0.64899
0.227798	0.0813085	0.970308
-0.348816	-0.207483	0.913936
-0.568551	-0.133187	0.811795
0.828799	-0.106256	0.549365
-0.59386	-0.378774	0.709832
-0.0349452	-0.351161	0.935663
0.135302	0.153152	0.978896
-0.128036	-0.154004	0.979739
-0.075702	0.551175	0.830949
-0.26712	-0.106524	0.957757
-0.270553	0.254385	0.928488
-0.804119	-0.304706	0.510438
-0.213396	-0.211047	0.953898
0.317368	0.136176	0.938474
0.141833	-0.179923	0.973402
-0.597632	0.0759188	0.798168
-0.0129806	0.291793	0.956394
0.533721	0.416914	0.735748
-0.743134	0.12883	0.656624
0.271161	-0.0485381	0.961309
0.0470686	-0.0967093	0.994199
-0.275169	0.602068	0.749531
-0.522733	0.567443	0.636206
0.0197054	0.222459	0.974743
0.29077	0.492825	0.820108
-0.0167594	0.134209	0.990811
0.0282614	-0.132307	0.990806
0.742031	0.455618	0.491734
-0.383752	-0.192212	0.90321
0.0110733	0.219541	0.97554
-0.576603	0.23944	0.781151
-0.302378	0.311458	0.900867
-0.410106	0.242778	0.879131
0.325272	0.441574	0.836188
0.747217	0.38541	0.541412
-0.691535	0.315717	0.649694
-0.0569539	0.258477	0.964337
-0.221856	-0.0457055	0.974008
-0.293102	-0.194747	0.936037
-0.288859	-0.538193	0.791776
-0.507922	-0.0342072	0.860724
0.388921	0.274764	0.879343
0.0145879	-0.0679544	0.997582
0.698671	-0.071654	0.711846
0.404114	0.175367	0.897741
-0.40163	-0.167246	0.900401
0.489447	-0.307233	0.816119
0.562751	0.228982	0.794279
0.656038	0.104284	0.747489
-0.101848	-0.27326	0.956533
0.0539223	0.177656	0.982614
-0.352999	0.843992	0.403818
0.7582	0.0467466	0.650344
0.644519	0.0933263	0.758871
0.71191	-0.377219	0.59236
-0.414605	-0.251616	0.874524
0.134417	-0.387611	0.91197
-0.707081	-0.204552	0.676901
-0.363961	-0.459546	0.810154
0.421099	0.244362	0.873477
-0.4308	0.576954	0.693927
-0.173896	0.188396	0.966575
0.503595	-0.214875	0.836792
-0.00614699	0.254251	0.967119
-0.428875	0.0582149	0.901486
0.00949115	0.154396	0.987964
-0.273929	0.489241	0.828013
-0.202264	-0.42115	0.884151
-0.0299102	0.198676	0.979609
-0.31246	0.284709	0.906261
-0.258599	0.0176193	0.965824
0.0360387	0.453642	0.890455
0.0898871	0.219824	0.97139
-0.173056	0.295596	0.939508
-0.775281	0.382277	0.502796
-0.425789	-0.164188	0.889801
-0.443212	-0.0456246	0.895255
0.526445	-0.000467896	0.850209
0.440899	0.053422	0.895965
-0.40508	0.421867	0.811134
0.0831336	0.460796	0.883604
-0.0305841	0.362854	0.931344
0.48909	0.288248	0.823228
-0.649103	0.323021	0.688711
-0.46771	0.105933	0.877511
-0.250018	-0.0941272	0.963655
0.270889	0.000582721	0.96261
-0.142733	-0.175375	0.9741
-0.584649	-0.304946	0.751793
-0.0600505	0.501491	0.863076
-0.289049	0.466692	0.835852
-0.13341	0.24206	0.961046
-0.000506718	-0.00194379	0.999998
0.231018	-0.203073	0.951521
-0.403092	-0.0371638	0.914404
-0.535507	0.507575	0.674981
0.759742	0.568961	0.314762
-0.247259	0.345787	0.905149
0.0073449	0.0987286	0.995087
-0.154061	0.119189	0.980846
0.461383	-0.498067	0.734204
0.122383	-0.685625	0.717594
-0.232948	0.139364	0.962452
0.613889	0.144644	0.776027
-0.325373	0.311153	0.892926
-0.222358	-0.133321	0.965807
-0.0247255	0.101854	0.994492
0.362493	0.0239788	0.931678
0.372808	-0.325916	0.868788
0.500276	0.630925	0.593007
0.47866	0.520892	0.706793
-0.415118	0.188134	0.890103
0.37589	-0.541415	0.752048
0.842988	0.0891029	0.530501
-0.362692	0.394576	0.844254
0.00417749	-0.349781	0.936822
-0.0881049	-0.204609	0.974871
-0.137612	0.316634	0.938513
-0.545154	0.159348	0.823052
-0.418397	-0.164953	0.89316
-0.766482	0.257932	0.588197
0.334347	-0.220436	0.916308
-0.598097	0.481799	0.640429
-0.659422	0.578737	0.479819
0.121234	0.545659	0.829192
-0.653291	0.125302	0.746666
0.505049	-0.307837	0.806326
0.307896	0.193058	0.931627
0.15621	-0.487744	0.858897
0.478462	-0.645969	0.59481
-0.755205	0.536235	0.376985
-0.471458	0.57399	0.669524
-0.619564	-0.114926	0.776487
-0.50349	0.140445	0.85251
0.117542	0.584617	0.802749
0.231895	0.406286	0.88383
-0.210045	0.421111	0.882353
0.258116	0.426023	0.86711
-0.260621	0.954426	0.145423
0.0117442	-0.00280021	0.999927
-0.0710286	0.345074	0.935884
-0.293857	0.39171	0.871901
0.150762	-0.430209	0.890051
-0.0696986	0.133385	0.98861
0.0989081	0.238583	0.966072
-0.227109	-0.432922	0.872353
-0.511166	-0.667442	0.541508
-0.319405	0.0873163	0.943587
-0.345185	0.413093	0.842734
0.0915314	-0.517885	0.85054
-0.478516	-0.215656	0.851185
-0.152083	-0.510683	0.846211
0.0500653	0.0345221	0.998149
0.24069	0.688961	0.683667
-0.263443	0.244633	0.933141
0.33416	-0.441803	0.832555
-0.326428	0.244004	0.913185
-0.0239866	0.381532	0.924044
0.579375	-0.700998	0.415843
-0.071442	-0.256722	0.963841
-0.574297	0.0905211	0.813627
0.192716	0.301896	0.933659
0.21986	-0.250286	0.942878
0.258925	-0.316881	0.912439
-0.198008	-0.038022	0.979463
-0.144416	0.710276	0.68895
0.572678	0.309784	0.758995
0.282341	-0.695828	0.660384
0.102554	-0.316098	0.943167
-0.644328	-0.311978	0.69822
-0.36139	0.0977899	0.927272
-0.000318084	-0.634535	0.772894
-0.838963	-0.0487802	0.541997
0.0251964	-0.409897	0.911784
0.160104	-0.260382	0.952138
-0.128779	-0.260142	0.956944
0.0411534	0.0079289	0.999121
-0.400132	-0.373914	0.836709
-0.206509	0.11893	0.97119
-0.280054	0.396041	0.874484
-0.387201	0.69237	0.608851
0.178299	-0.00507892	0.983963
-0.276575	0.543216	0.792731
-0.583425	-0.651116	0.485451
0.139305	0.199335	0.969979
-0.668537	0.638555	0.38119
-0.0600245	0.2142	0.974944
0.303377	0.284815	0.909309
0.729746	0.203287	0.652798
0.219479	0.0495961	0.974356
0.259268	-0.34656	0.901486
-0.837004	-0.0636558	0.543482
-0.150511	-0.676377	0.721013
-0.430398	0.191674	0.882053
0.0420115	0.364615	0.93021
0.252931	-0.140789	0.957186
0.153534	-0.186088	0.970463
0.32623	-0.24967	0.911723
-0.616122	0.376227	0.691988
-0.922843	-0.0177762	0.384765
-0.0744689	-0.763371	0.641654
-0.741534	0.284507	0.607604
-0.661771	-0.212381	0.718995
0.252124	0.286193	0.924406
0.24062	0.00745838	0.970591
-0.445099	0.746481	0.494624
-0.226724	-0.437283	0.870276
0.185903	0.5534	0.811904
0.14307	0.089368	0.98567
0.190164	-0.684728	0.703552
-0.0358473	0.0458874	0.998303
0.710007	-0.228537	0.666078
0.338892	-0.262374	0.9035
-0.27883	-0.0881347	0.956288
0.256535	0.338072	0.905482
0.383189	0.31663	0.867705
-0.08147	-0.646175	0.758828
0.141691	-0.0607164	0.988047
-0.00250965	0.0279223	0.999607
-0.491341	0.00846405	0.870926
0.0367009	0.0929542	0.994994
0.195891	0.0547825	0.979094
-0.747317	-0.173132	0.641516
0.253711	0.277997	0.926471
0.370098	-0.103708	0.923186
0.179666	-0.0546174	0.98221
0.061705	0.155704	0.985875
-0.854884	0.411702	0.315714
-0.520824	0.417852	0.744407
-0.120501	0.717528	0.686027
0.858945	-0.1336	0.494333
-0.212202	-0.284169	0.934996
-0.360153	-0.207542	0.909514
0.746564	-0.292141	0.597742
0.118677	0.319403	0.940158
0.329018	-0.102808	0.93871
0.687221	0.0700389	0.723064
0.245604	0.690187	0.680676
0.268882	-0.159672	0.949846
0.631361	-0.664329	0.400063
0.261614	-0.216003	0.940692
-0.450432	-0.482144	0.751431
-0.481164	0.318247	0.816824
0.397503	0.251802	0.882376
0.0749348	0.805877	0.587322
-0.213961	-0.356119	0.909615
0.159207	-0.658751	0.735323
-0.11481	0.178353	0.977245
-0.702717	0.541364	0.461642
-0.55599	0.508918	0.657174
0.366703	0.389232	0.845002
-0.620647	-0.150437	0.769523
-0.861679	0.354649	0.362951
-0.256284	-0.225309	0.939976
0.299454	-0.38801	0.871651
-0.26943	0.2753	0.922831
0.127149	0.630036	0.766086
-0.285131	-0.00624129	0.958468
-0.179532	0.0133923	0.983661
-0.357942	0.27155	0.893386
0.00130072	0.225602	0.974219
0.0403634	0.355388	0.933847
-0.233073	0.00784426	0.972427
-0.680147	0.454448	0.57522
-0.201465	0.515354	0.83296
0.128163	0.197764	0.971835
-0.390005	0.137288	0.910521
-0.112159	0.286107	0.951611
0.496557	-0.16988	0.851218
0.504247	0.217861	0.835627
0.00681562	0.657976	0.753008
0.149541	-0.846121	0.511582
-0.568989	-0.156121	0.807389
-0.399418	-0.904829	0.147476
0.183583	-0.347847	0.919402
0.589244	-0.0440004	0.806756
0.144975	0.0239321	0.989146
0.518128	-0.143992	0.843096
0.381042	-0.67022	0.636877
-0.0756763	0.576793	0.813377
-0.442474	-0.197896	0.874674
-0.00115969	-0.625832	0.779957
-0.401004	-0.107862	0.909704
-0.132597	-0.107308	0.985344
0.110563	0.951239	0.287958
0.191535	0.150744	0.969841
-0.508868	-0.0263515	0.860441
-0.229607	0.464602	0.855234
0.108215	0.66438	0.739519
-0.398231	0.30472	0.865192
-0.237622	0.494358	0.836149
-0.708976	0.426986	0.56128
0.355319	0.22674	0.906828
0.26341	0.238015	0.93486
0.0923916	-0.422834	0.901485
-0.539128	-0.486055	0.687817
-0.863745	-0.231074	0.447827
0.0659984	-0.386746	0.919822
-0.112773	-0.404477	0.907568
-0.233261	-0.545311	0.805124
0.157407	-0.132815	0.978562
-0.451851	-0.335706	0.826518
0.183706	-0.211216	0.960021
0.612507	0.0835857	0.786033
0.458619	0.400619	0.793204
-0.0365187	0.149238	0.988127
0.454976	-0.544099	0.704949
0.516518	0.389956	0.762328
0.3944	-0.27219	0.877702
0.116964	0.067428	0.990845
-0.117869	-0.187439	0.975179
-0.345132	0.149474	0.926575
-0.017308	0.385199	0.922671
-0.0203101	-0.452662	0.891451
-0.0586703	-0.460478	0.88573
0.27488	0.269712	0.922874
0.45179	-0.562759	0.692235
-0.371458	-0.0933538	0.923745
0.245009	-0.130325	0.960722
0.621971	0.289561	0.727535
-0.0206463	0.183221	0.982855
-0.0957838	-0.424411	0.900389
0.485384	0.268919	0.831916
-0.0973031	-0.445556	0.88995
0.302535	-0.0537742	0.95162
-0.377351	0.0387902	0.925257
0.013998	0.481934	0.876096
0.0237579	0.344303	0.938558
0.541514	0.349894	0.76442
0.286236	0.847729	0.446569
-0.0337768	0.169054	0.985028
-0.0849109	0.197087	0.976702
0.117566	-0.444752	0.887904
0.224028	-0.094894	0.969952
-0.0107586	0.514	0.857723
-0.645675	-0.113977	0.755058
-0.197721	-0.420478	0.885497
-0.420138	0.277315	0.864049
0.18462	0.796968	0.575115
0.18243	0.282892	0.941643
0.142023	-0.0100295	0.989813
-0.00783243	-0.256559	0.966497
-0.300235	-0.356423	0.884772
0.00525422	-0.611598	0.791151
0.538538	0.275259	0.796373
0.727073	0.36309	0.582693
-0.323279	-0.0296618	0.945839
0.382424	-0.721967	0.576642
0.177131	0.199894	0.963674
-0.289335	0.176496	0.940816
0.219637	0.915507	0.337057
0.641424	-0.159817	0.750356
-0.29523	0.0175233	0.955266
-0.91905	0.107274	0.379262
0.205466	0.840605	0.501165
0.0482292	-0.400207	0.915155
0.297721	0.11923	0.947178
-0.922251	-0.114845	0.36914
0.118047	0.376956	0.918678
-0.0715998	-0.707522	0.703055
-0.17774	-0.0264357	0.983722
-0.405619	-0.016132	0.9139
-0.0440053	0.242674	0.969109
0.169906	-0.0108438	0.985401
-0.161796	-0.0797424	0.983597
0.262449	0.335578	0.904714
-0.187547	-0.201375	0.961392
-0.191147	-0.158315	0.96871
-0.503723	-0.098914	0.858184
0.153242	-0.39714	0.904874
-0.478167	-0.269602	0.835865
0.0722958	-0.343501	0.936366
-0.344541	-0.879907	0.327193
0.0396915	0.338779	0.940028
-0.341185	0.339203	0.876661
-0.255433	0.447887	0.856826
0.158633	0.213472	0.963984
-0.204213	-0.0335336	0.978352
-0.177853	-0.509742	0.841743
0.273092	-0.390259	0.879272
-0.498492	0.121808	0.858294
-0.539129	-0.343821	0.768848
0.084538	-0.0409031	0.99558
0.0811001	-0.67361	0.734624
0.203719	-0.320034	0.925244
-0.271945	-0.0506245	0.96098
0.194074	-0.17387	0.965456
-0.28248	-0.0226877	0.959005
0.0752248	-0.197347	0.977443
0.129246	0.496933	0.85811
0.238567	-0.0182178	0.970955
0.293109	0.164107	0.94189
0.0774705	-0.160661	0.983965
0.926111	0.087032	0.367075
0.046029	-0.115782	0.992208
0.60114	-0.581213	0.548472
-0.412867	0.461245	0.785362
-0.285006	-0.242673	0.927298
-0.537502	-0.0750123	0.83992
-0.495484	0.156247	0.854449
0.193427	-0.438429	0.877705
0.62137	0.0885729	0.778495
-0.0360596	-0.258884	0.965235
-0.140944	-0.794034	0.591308
-0.0222752	0.165699	0.985925
0.0598351	-0.459243	0.886293
0.0233946	0.452958	0.891225
0.050556	0.65907	0.75038
0.0354728	-0.0446029	0.998375
-0.503694	0.640318	0.579901
-0.666976	-0.706102	0.237828
0.215507	-0.710446	0.669943
-0.464912	-0.402045	0.788807
0.234319	-0.0987034	0.967136
-0.0744193	0.0820185	0.993848
-0.0199867	0.372085	0.927983
-0.427722	0.763349	0.484099
-0.359969	0.25027	0.89877
-0.230904	0.423475	0.875986
-0.153869	0.392296	0.906878
-0.092104	0.804917	0.586196
0.225383	-0.391002	0.892367
-0.450842	0.408057	0.793871
-0.67554	-0.0905606	0.731741
-0.0097234	0.644087	0.76489
0.351088	-0.173993	0.920034
-0.186016	0.348467	0.918678
0.142073	-0.0101083	0.989805
-0.0282423	-0.800815	0.598246
-0.144378	-0.17154	0.97454
-0.574727	0.21448	0.789739
-0.0989786	0.604056	0.790771
-0.305944	0.0982272	0.946969
-0.105983	-0.00258993	0.994365
0.0485267	0.507838	0.860084
0.14411	-0.068001	0.987223
0.103062	0.176767	0.978842
0.0761236	0.493999	0.866124
-0.0585714	-0.211599	0.9756
0.178996	-0.316025	0.931713
0.709439	-0.310204	0.632827
-0.221554	-0.393701	0.89214
-0.306883	0.602661	0.736629
0.653649	-0.526634	0.543508
-0.48668	0.834185	0.259379
0.323283	0.601461	0.73057
-0.614068	0.0544765	0.78737
-0.358154	0.285564	0.88892
0.659837	-0.347461	0.666248
0.333136	0.275416	0.901757
0.232023	-0.441132	0.86693
-0.218009	0.334671	0.91677
0.122284	-0.0510701	0.99118
0.0422877	-0.437462	0.898242
-0.0659225	-0.186141	0.980309
0.168839	0.0541537	0.984155
-0.740613	-0.0527691	0.669857
-0.191791	0.557476	0.807736
0.139312	-0.493445	0.858548
-0.491619	0.0342368	0.870137
0.384391	0.00953024	0.923121
0.211968	0.0519463	0.975895
-0.327618	-0.213877	0.920284
-0.24475	-0.419955	0.873919
-0.0856386	0.366323	0.926539
-0.0249963	0.832545	0.553393
-0.305529	-0.307256	0.901247
0.231827	-0.668638	0.706526
-0.101551	0.313655	0.944091
-0.0901479	0.688966	0.719166
0.124412	0.0311609	0.991741
0.398513	-0.2779	0.874047
0.190199	0.184276	0.964296
0.0258738	0.203329	0.978769
0.341715	0.157987	0.926429
-0.178367	0.332277	0.926162
0.00612768	-0.179125	0.983807
-0.131873	0.052613	0.989869
-0.234184	0.56874	0.788475
-0.506812	-0.0168196	0.861892
-0.584203	-0.25593	0.770199
0.203752	-0.1153	0.972209
0.0474293	0.678111	0.733427
0.520823	0.137481	0.842522
-0.321439	0.594273	0.737236
0.336943	0.436399	0.834281
-0.288289	0.528527	0.798466
0.180315	-0.0164935	0.983471
0.606232	-0.171852	0.776499
0.577944	-0.329864	0.746439
-0.0908127	-0.179076	0.979635
0.0527449	-0.45357	0.889658
0.753603	0.394776	0.525581
0.291544	-0.413519	0.862557
0.147718	-0.362823	0.920075
0.406937	-0.116243	0.90603
-0.112843	-0.460774	0.880315
-0.367453	0.280408	0.886764
0.449115	-0.27266	0.850854
0.207863	0.034979	0.977532
0.0429636	-0.315777	0.94786
-0.0632244	0.645861	0.760833
-0.610094	-0.352732	0.709483
0.142928	-0.305129	0.941524
-0.596508	0.683516	0.420694
0.192727	-0.434524	0.879799
-0.0544041	0.482668	0.874112
-0.183113	0.464894	0.866224
-0.314182	0.300028	0.900707
0.537418	-0.0671583	0.840637
0.14568	0.400246	0.904754
0.0694202	0.737692	0.671559
-0.203164	-0.166713	0.964848
-0.547638	-0.491362	0.677242
-0.376501	0.349457	0.857978
0.623599	0.0185563	0.781524
-0.200972	-0.565739	0.799718
0.20377	0.246911	0.947371
0.591855	0.128103	0.795799
0.0314002	-0.0352649	0.998885
-0.0177543	0.197436	0.980155
-0.0668129	0.528216	0.846477
0.461183	-0.000650392	0.887305
0.187825	-0.0352769	0.981569
0.0306106	0.26059	0.964964
-0.145464	0.0903566	0.985229
-0.17002	-0.892822	0.417087
0.515061	0.0300668	0.856626
-0.409426	0.509373	0.756908
0.468746	-0.104313	0.877152
-0.193692	-0.144384	0.97038
0.21074	0.247892	0.945589
-0.154059	-0.0615812	0.986141
0.167556	-0.688703	0.705417
-0.139767	-0.176615	0.974306
-0.165608	0.208323	0.963937
0.0967825	0.0325775	0.994772
-0.0456788	-0.707102	0.705635
0.535927	0.352895	0.766973
0.503527	0.524123	0.686845
0.432993	0.17292	0.884656
0.105418	0.123536	0.986725
0.16278	0.426451	0.889743
0.411131	-0.180004	0.893628
-0.204102	0.499392	0.841992
-0.498633	-0.060935	0.864669
-0.0739167	-0.556004	0.827886
0.20213	-0.60527	0.76993
-0.291081	-0.529788	0.796615
-0.0138473	-0.087197	0.996095
-0.265094	0.350371	0.898313
-0.424161	-0.0618653	0.903471
0.0752846	0.0436166	0.996208
-0.488495	0.188744	0.851909
0.464578	0.453073	0.76085
0.59338	-0.0978342	0.798955
0.276236	0.213694	0.937032
0.212757	0.060891	0.975206
-0.294549	-0.923523	0.245655
-0.107596	-0.119755	0.986956
-0.440958	-0.648144	0.620858
-0.71288	-0.179505	0.677924
-0.431796	-0.187497	0.882268
-0.550884	0.25785	0.793751
0.0952369	-0.406857	0.908514
-0.172309	0.590131	0.788705
-0.240132	0.499967	0.832088
-0.293841	0.275956	0.915153
-0.998489	0.0419069	-0.035536
0.124227	0.20956	0.969872
0.282497	0.328827	0.901148
-0.146107	-0.312088	0.938751
-0.110733	-0.390001	0.914132
-0.145946	-0.192509	0.970381
0.403196	-0.188732	0.89544
-0.965973	0.214652	0.144292
-0.608598	-0.501208	0.615142
-0.0140828	0.0460347	0.998841
0.207336	-0.650754	0.730432
0.706204	-0.217516	0.673768
0.185871	0.827393	0.529975
0.271443	0.0241631	0.962151
-0.103136	0.633602	0.766754
-0.200468	0.0560388	0.978096
0.0342598	-0.325741	0.944838
-0.47064	-0.153516	0.868868
0.614703	-0.161001	0.772152
0.551808	0.378494	0.743136
-0.46603	-0.580397	0.667799
-0.523737	-0.235692	0.818626
-0.431606	0.0638929	0.899797
0.364137	-0.226962	0.903268
-0.200803	0.178595	0.963214
0.24274	0.368992	0.897174
0.37877	0.0773153	0.922256
0.781177	-0.483739	0.394664
-0.0392871	0.0407966	0.998395
-0.388028	0.16925	0.905974
0.270068	0.0781192	0.959667
0.227553	-0.555408	0.799839
0.183975	0.164133	0.96913
0.401222	-0.364259	0.840438
-0.176274	-0.0430247	0.9834
0.721496	-0.326884	0.610402
-0.241246	0.374241	0.895402
0.11876	0.0931815	0.988541
0.410597	-0.163023	0.897125
0.519497	0.0352007	0.853747
-0.534305	0.133147	0.834739
-0.344407	-0.121258	0.930957
0.343749	0.0237698	0.938761
-0.728093	0.589492	0.349829
0.0486828	0.0776767	0.995789
0.0576525	0.105206	0.992778
0.0617108	-0.137258	0.988611
-0.69673	0.216481	0.683889
0.0988839	-0.211692	0.972321
0.521093	0.412481	0.747209
-0.36927	0.571119	0.733118
0.00604217	-0.291862	0.956441
0.775946	0.1795	0.604721
-0.447518	-0.223505	0.865894
-0.356736	0.151051	0.921913
-0.0443322	-0.346944	0.936838
0.0444375	0.0401353	0.998206
-0.240268	0.525464	0.816185
-0.0482549	0.152729	0.987089
0.120626	-0.544284	0.830183
-0.203734	0.0219525	0.97878
-0.676667	0.0426077	0.735055
0.0986307	-0.215522	0.971505
-0.289365	0.361022	0.886528
-0.416166	0.124672	0.900701
-0.557374	0.039371	0.829328
-0.404684	0.105171	0.908389
0.581079	-0.365511	0.727151
0.0374773	0.0205682	0.999086
0.405792	0.21138	0.889186
0.721217	0.381264	0.578346
-0.457722	0.252786	0.852403
-0.281914	-0.5403	0.792843
-0.0180496	-0.338983	0.940619
-0.171375	-0.243822	0.954558
0.263805	0.160091	0.951198
0.742138	-0.27058	0.613203
0.264675	0.00816667	0.964303
-0.539921	-0.394569	0.743506
-0.459954	-0.0412179	0.886985
0.355663	-0.043106	0.93362
0.232605	-0.304288	0.923744
-0.696482	0.210733	0.685933
0.478478	-0.770919	0.420407
-0.0463119	-0.371123	0.927428
-0.346817	0.649675	0.676491
-0.206448	0.203284	0.957108
-0.099028	-0.100458	0.990001
0.162459	-0.556366	0.814901
-0.0316878	0.128296	0.99123
-0.046109	-0.336659	0.940497
0.0712895	-0.362507	0.92925
-0.716963	-0.533095	0.449192
-0.472644	-0.316765	0.822355
0.403309	-0.504504	0.763425
0.0495817	0.317905	0.946825
-0.586647	0.352279	0.729208
0.231448	-0.547584	0.804104
-0.253566	-0.206201	0.945085
0.129092	-0.521883	0.843193
-0.220295	-0.115373	0.968586
-0.00731765	-0.628509	0.777768
0.0573241	-0.71617	0.695568
-0.617516	0.51473	0.594749
-0.266082	-0.533732	0.802702
-0.387075	-0.661114	0.64273
0.18724	-0.816039	0.546829
-0.00965923	0.240339	0.970641
-0.45754	0.518248	0.722548
0.438947	0.52365	0.730148
-0.337757	-0.216754	0.915936
-0.623749	0.233163	0.746038
0.3495	0.153721	0.92424
-0.0874721	0.213962	0.972918
-0.349102	0.416972	0.839203
-0.0519436	-0.474475	0.878735
0.31554	-0.00351154	0.948906
-0.735564	0.29186	0.611362
-0.555381	-0.125888	0.822012
-0.137913	0.246568	0.959262
-0.531269	0.240873	0.812239
-0.29517	0.491044	0.819604
0.461291	-0.429363	0.776439
-0.304822	0.260584	0.916067
-0.444901	0.304098	0.84237
0.0836645	-0.14173	0.986363
-0.29301	-0.0950294	0.951375
-0.780225	0.188215	0.596509
-0.178581	-0.00212196	0.983923
0.415084	0.371181	0.83062
-0.280524	0.190925	0.940667
0.211264	0.470273	0.856861
-0.324308	0.58749	0.741404
0.0284498	0.0517424	0.998255
0.360186	-0.44416	0.820358
-0.00288421	-0.498543	0.86686
0.13351	-0.208637	0.968837
0.119387	-0.366796	0.922609
0.490455	-0.110071	0.864487
-0.617225	0.278942	0.73568
0.108959	-0.585866	0.80305
-0.28709	0.0232151	0.957622
0.744889	0.236584	0.623833
0.681794	-0.0489315	0.729906
0.48684	0.183952	0.853902
-0.178806	-0.735693	0.653287
0.661862	-0.274218	0.69767
-0.684979	-0.721679	0.0999183
-0.715269	0.33744	0.611983
-0.474638	-0.0478147	0.878882
-0.226602	-0.142668	0.963482
0.112638	0.0427167	0.992717
0.282795	-0.285092	0.915833
0.0291449	-0.30714	0.951218
-0.199694	-0.0765752	0.976861
-0.227566	0.227389	0.946841
0.556732	-0.0360499	0.829909
-0.173284	-0.574369	0.800045
-0.702149	-0.0879686	0.706575
0.58199	-0.27366	0.765766
0.0741402	0.406545	0.910618
0.0444511	0.421762	0.905616
-0.31078	0.39448	0.864755
-0.00771014	0.741149	0.671296
-0.201941	0.166431	0.965153
-0.740613	0.293987	0.604205
0.202911	0.508611	0.836745
-0.120645	0.607335	0.785232
0.237928	0.219883	0.946066
0.5987	-0.07057	0.797858
0.879216	0.384973	0.280667
0.255823	0.427727	0.866951
0.212995	0.187873	0.958821
-0.160503	0.0321697	0.986511
-0.277276	0.163629	0.946754
-0.19466	-0.593293	0.781096
-0.018562	0.0553077	0.998297
0.206534	0.0195035	0.978245
0.164936	-0.609878	0.775142
-0.588486	-0.605548	0.53572
-0.457326	-0.119026	0.881298
0.162554	-0.0102978	0.986646
-0.0659309	-0.71877	0.692115
0.0866689	-0.271204	0.958612
0.379251	0.147657	0.913436
0.518071	-0.237288	0.821764
-0.0502475	-0.0838133	0.995214
-0.155898	-0.0843261	0.984167
0.27727	0.153856	0.948393
-0.355798	-0.574066	0.737466
0.228083	-0.344062	0.910824
0.462905	-0.134051	0.876213
-0.297307	0.230004	0.926664
-0.251823	-0.301252	0.919691
0.211334	-0.31601	0.924919
-0.304911	-0.223793	0.925714
0.0803237	0.103022	0.991431
-0.235956	-0.124996	0.963691
0.19626	-0.10645	0.974757
-0.123423	0.160368	0.97931
0.129139	-0.594729	0.793486
0.0275413	0.737369	0.674929
0.305847	-0.207816	0.929123
0.489672	-0.425975	0.760767
-0.456113	0.57071	0.682826
0.18975	0.382228	0.904376
0.417984	-0.470333	0.777223
0.0963612	-0.740869	0.664701
-0.110346	-0.135436	0.984622
-0.180739	-0.413413	0.892426
-0.141601	0.648239	0.748154
0.0953145	-0.570849	0.815504
-0.222355	-0.385291	0.895606
0.450871	0.56634	0.689909
-0.0403038	-0.0940344	0.994753
-0.411311	-0.375475	0.830567
0.0603054	-0.279606	0.958219
0.0435004	0.181164	0.98249
-0.282819	0.423596	0.86057
0.0345994	0.385685	0.921982
-0.406987	0.462557	0.787656
0.137805	0.396713	0.90754
-0.696735	0.00201516	0.717326
-0.412937	0.320663	0.852443
-0.565342	0.177565	0.805518
-0.514677	0.445915	0.732303
-0.139442	-0.275968	0.950998
-0.629145	0.52848	0.569987
0.093854	0.429626	0.898117
-0.550332	-0.0247917	0.834578
0.18606	0.655636	0.731794
-0.131025	0.15631	0.978979
0.155484	0.261578	0.952576
0.224489	0.149414	0.962954
-0.47909	0.515174	0.710682
-0.0437498	-0.0390505	0.998279
0.0579631	-0.589656	0.805572
-0.192151	-0.17446	0.965734
-0.166326	0.411177	0.896253
0.562948	-0.0599219	0.824317
0.525209	-0.350912	0.775252
0.20454	-0.276132	0.939103
-0.505958	0.0146719	0.862433
0.584549	-0.572965	0.574468
0.659701	-0.461408	0.593209
0.309959	0.147739	0.939201
0.256231	-0.0749109	0.963709
-0.327553	-0.42918	0.841732
-0.150018	0.219432	0.964025
-0.0543843	-0.281971	0.95788
-0.233848	-0.236423	0.94309
0.12478	0.479581	0.86858
0.186215	-0.00517933	0.982495
0.565325	-0.30883	0.764874
-0.409742	0.212938	0.887
0.373116	-0.319256	0.871126
0.491754	-0.0316853	0.870158
-0.159145	0.13905	0.977414
0.266402	-0.126411	0.955537
0.284994	0.144542	0.947568
-0.31843	-0.0332895	0.947362
-0.0246053	0.426428	0.904187
0.129184	-0.239769	0.962197
0.399653	0.287045	0.870564
0.265001	0.100104	0.959038
-0.049881	-0.672296	0.7386
-0.629097	0.223897	0.744383
-0.19748	-0.320567	0.926411
0.0712642	-0.0106065	0.997401
0.265802	0.0483162	0.962816
0.265638	-0.31554	0.910973
0.0491282	0.029742	0.99835
-0.664518	-0.249512	0.704386
-0.388766	-0.445399	0.806524
-0.236769	-0.66603	0.70735
-0.019648	0.544722	0.838387
-0.118421	0.709843	0.694333
-0.246961	-0.0910993	0.964734
0.138459	0.253644	0.957337
-0.0603115	0.59945	0.798136
0.0766162	0.350046	0.933594
-0.450729	-0.0841786	0.888683
-0.130585	0.192537	0.972562
0.277343	0.522806	0.806073
-0.346648	0.325214	0.879813
0.652157	0.289769	0.700518
-0.226709	0.700015	0.677187
-0.124098	0.334609	0.93415
-0.371524	0.357196	0.85696
-0.681175	0.702445	0.20633
-0.567585	0.367085	0.73695
0.195621	0.481078	0.854574
0.34875	-0.225823	0.909603
-0.314294	0.0652191	0.947083
-0.509823	-0.467388	0.722239
-0.783321	0.310214	0.53868
0.0428363	0.198454	0.979174
-0.396489	-0.256085	0.881599
-0.195946	-0.338709	0.920262
0.403556	0.597702	0.692744
0.18816	0.221288	0.956884
0.0831945	-0.0159694	0.996405
0.0440238	0.455327	0.889235
0.689192	0.377754	0.618318
-0.510101	-0.558454	0.65416
-0.439283	-0.0721413	0.895448
0.341405	0.0826372	0.936277
0.542054	-0.110471	0.833051
-0.533313	-0.492847	0.687517
-0.16745	0.189043	0.967586
0.702593	0.0781476	0.707288
-0.28994	0.178011	0.940344
-0.135689	-0.226746	0.964456
-0.0676159	0.694545	0.716265
0.545669	0.309962	0.778568
0.0243364	-0.334685	0.942016
0.161972	0.328247	0.930601
-0.710559	-0.0370947	0.702659
-0.3579	-0.285202	0.889138
-0.692224	-0.0674277	0.718525
0.319678	0.708802	0.628813
-0.710142	0.0233908	0.70367
-0.60128	0.0686965	0.79608
-0.283235	0.24302	0.92775
-0.732928	0.0775683	0.675869
-0.686194	-0.655485	0.315398
0.127977	0.31422	0.940685
0.710771	-0.103352	0.695789
-0.283401	0.559024	0.779215
-0.162022	0.00578289	0.98677
-0.395603	-0.817381	0.418791
-0.335665	-0.0331481	0.941398
-0.171403	-0.0122028	0.985125
0.76155	-0.161049	0.627778
0.195069	0.0153208	0.98067
-0.204612	-0.383755	0.900481
-0.203155	-0.00278069	0.979143
-0.694971	-0.114093	0.709928
-0.0075005	0.345367	0.938438
-0.179035	-0.466455	0.866237
0.49313	-0.130972	0.86004
0.378391	0.460047	0.80323
-0.807637	0.0670869	0.585852
0.237318	-0.374144	0.896491
-0.153611	0.144276	0.977542
-0.675435	0.338386	0.655197
-0.201785	-0.25991	0.944314
0.225269	-0.695228	0.682577
0.299903	0.328398	0.895663
-0.713523	0.069944	0.697132
0.243652	0.871823	0.424922
-0.0589739	0.0400855	0.997454
-0.265751	-0.615987	0.741577
0.699068	-0.0300059	0.714425
0.10261	-0.144514	0.984168
-0.476373	-0.612473	0.630829
-0.135372	0.22581	0.96472
0.0443935	0.192273	0.980337
-0.321332	0.28492	0.903087
0.504153	-0.582619	0.637484
0.388091	0.441339	0.809077
0.0919087	0.637145	0.765245
0.482729	0.174473	0.858214
0.0659798	-0.119154	0.990681
-0.280788	0.286809	0.915914
0.168293	0.085956	0.981982
0.305307	0.115444	0.94523
-0.498261	0.324446	0.804034
0.334578	0.132944	0.932943
0.0295041	-0.0102253	0.999512
0.0334008	0.141956	0.989309
0.367985	0.179363	0.912368
-0.173732	-0.873482	0.454804
0.135984	-0.14049	0.980699
0.0636936	-0.192377	0.979252
0.092676	0.669539	0.736973
0.056957	0.0781019	0.995317
0.327813	0.596632	0.732509
-0.0857319	0.508002	0.857079
0.439789	-0.13347	0.888128
-0.339641	0.148689	0.928728
-0.427509	-0.255391	0.867186
0.0773801	0.0383011	0.996266
-0.535758	-0.648271	0.541025
0.1281	0.367507	0.921157
0.283325	0.784816	0.551172
0.0451511	-0.0597608	0.997191
0.0768188	0.0228347	0.996784
0.0966351	0.180923	0.978738
-0.637194	-0.545742	0.544196
0.425622	0.552335	0.716779
0.0206024	0.198531	0.979878
-0.0512779	-0.619391	0.783406
0.542981	0.61795	0.568603
0.591681	-0.533736	0.604185
-0.239846	-0.508464	0.827006
0.216617	0.764684	0.606907
0.38631	0.0189337	0.922175
-0.380988	0.485321	0.786963
-0.0437062	0.131459	0.990358
0.313966	0.806392	0.501156
-0.737434	0.00535972	0.675398
0.122734	0.0096735	0.992392
0.475174	0.0345663	0.879213
-0.0996276	-0.363372	0.926302
-0.522704	0.227291	0.821656
-0.164488	-0.00641114	0.986358
-0.234416	-0.168257	0.957465
-0.558494	0.433674	0.707115
0.153083	0.459427	0.874924
-0.638221	-0.343732	0.688855
-0.353116	-0.307186	0.883712
-0.010373	-0.269377	0.962979
-0.53303	0.403498	0.743686
-0.168737	-0.127246	0.977413
-0.349996	0.529284	0.772891
-0.337935	-0.0322912	0.940615
-0.476227	-0.395752	0.785231
-0.805973	0.0785083	0.586723
0.304402	-0.56694	0.765453
-0.442671	0.195258	0.875166
0.138895	-0.559777	0.81692
-0.837908	0.175079	0.516969
-0.447467	0.683778	0.576386
-0.546049	0.566861	0.616847
-0.636152	0.246924	0.730985
0.0415473	0.742494	0.668563
0.183141	-0.0958684	0.978401
-0.0016652	-0.152071	0.988368
-0.211134	0.264772	0.940913
-0.0237598	-0.336704	0.941311
-0.321627	-0.481812	0.815116
0.137636	0.207583	0.968486
-0.484002	0.407604	0.774339
-0.34912	-0.38406	0.854759
0.151174	-0.717134	0.680342
0.562685	0.238773	0.791437
-0.489045	0.16551	0.856412
-0.292282	-0.197739	0.935666
0.178775	-0.80034	0.572273
-0.694877	0.213255	0.686781
-0.239409	-0.585737	0.774336
-0.0798517	-0.272781	0.958757
0.191282	-0.433347	0.880694
0.593147	-0.372718	0.713623
-0.418428	-0.549587	0.723099
-0.371021	-0.34895	0.860568
-0.519205	0.852833	-0.0556911
-0.427203	0.0353572	0.903464
-0.251451	0.532837	0.807996
-0.697831	-0.00100668	0.716261
-0.000743192	-0.409157	0.912464
0.00509875	-0.204383	0.978878
0.336569	0.418752	0.843426
-0.0739263	-0.216463	0.973488
-0.575122	-0.152212	0.803782
0.654841	0.180657	0.733857
-0.503821	-0.161525	0.848571
-0.32888	-0.130186	0.935355
-0.370986	-0.0114988	0.928567
0.217319	-0.0323192	0.975566
-0.366715	0.380416	0.849001
-0.329919	0.786425	0.522197
0.265353	0.58508	0.766335
-0.456921	-0.305629	0.835352
-0.243294	-0.101532	0.964624
-0.34592	-0.303451	0.887839
-0.0799891	0.0697137	0.994355
-0.0969012	-0.22849	0.968712
-0.728597	-0.171259	0.663187
-0.835909	0.38415	0.392025
-0.58582	-0.193599	0.786978
-0.34313	-0.1267	0.930704
0.155269	-0.313965	0.936652
-0.725993	0.384484	0.570181
0.314188	-0.210461	0.925738
0.0111016	-0.288442	0.957433
-0.188249	0.241394	0.951993
-0.108657	0.133507	0.985073
-0.155981	0.288223	0.944774
-0.721979	0.0863492	0.686506
-0.041099	-0.307975	0.950506
-0.283355	0.115676	0.952013
0.382318	-0.348233	0.855901
-0.676797	-0.127999	0.724956
-0.0108907	0.556832	0.830554
-0.184941	-0.0457728	0.981683
0.264278	-0.424602	0.865951
-0.376183	0.142931	0.915454
0.107078	0.627158	0.771497
0.160872	-0.149837	0.975535
-0.216321	0.589561	0.778218
0.228769	-0.469666	0.852689
0.239106	0.659947	0.712248
-0.0646334	-0.101581	0.992725
0.288316	0.127933	0.94895
0.129042	0.359707	0.924099
0.177105	-0.222423	0.958729
-0.439493	0.187945	0.878363
0.0668192	-0.845071	0.530462
-0.0905846	0.417135	0.904319
0.0795406	0.203758	0.975785
-0.275143	0.300473	0.913243
-0.20044	0.00759533	0.979677
0.378413	-0.057497	0.923849
-0.375728	0.668795	0.641515
0.818722	0.0654523	0.570448
-0.337053	-0.167663	0.926436
-0.238312	0.709836	0.662828
-0.238664	0.230744	0.94329
0.0218426	0.2841	0.958546
-0.737053	0.470654	0.485013
-0.292816	-0.24848	0.923318
-0.177472	-0.112283	0.977699
-0.126224	-0.379639	0.916483
-0.644702	0.433325	0.629753
0.0289483	0.179597	0.983314
0.720712	-0.193942	0.665552
-0.372174	0.227925	0.899743
-0.635751	0.623628	0.454871
0.222444	-0.16055	0.961635
-0.596822	0.201422	0.77668
0.6429	0.224411	0.732338
0.763017	0.398766	0.508716
-0.328513	0.044408	0.943455
-0.380309	0.0588701	0.922984
-0.014606	0.77578	0.630835
-0.0241659	-0.242639	0.969816
0.298575	-0.375254	0.877518
0.0731048	0.420213	0.904476
0.66885	-0.614765	0.417976
-0.103905	0.0377864	0.993869
-0.642751	0.179848	0.744665
0.431179	-0.106981	0.895901
-0.389496	-0.227693	0.89244
-0.328075	0.68244	0.653179
-0.145768	-0.202033	0.96847
-0.0535597	-0.266732	0.962281
-0.0806924	-0.721026	0.688193
-0.371531	0.0989738	0.92313
0.0104021	-0.279776	0.960009
-0.48869	0.625322	0.608404
-0.516745	0.101466	0.850105
-0.246976	-0.0621096	0.967029
-0.490628	0.5863	0.644621
-0.147276	-0.2439	0.958552
0.39805	0.336448	0.85344
-0.0758346	0.525422	0.847455
-0.131794	0.218684	0.966855
0.121668	0.166101	0.978574
-0.749773	-0.144429	0.645741
0.0156627	0.360817	0.932505
-0.196981	-0.717434	0.668196
0.564819	-0.301182	0.76829
0.00868558	-0.0231235	0.999695
0.329297	-0.28432	0.900403
0.432655	0.479832	0.763263
-0.128283	-0.499908	0.856525
0.228467	0.298941	0.926519
-0.0196507	-0.914718	0.403614
0.062193	0.342364	0.937507
-0.353901	-0.595833	0.720928
-0.490608	0.343857	0.800666
-0.261759	0.372924	0.890174
0.273813	0.28224	0.919438
-0.00609793	0.478588	0.878018
-0.128685	0.462121	0.87743
-0.495784	-0.0812961	0.864633
-0.290141	-0.495102	0.818958
0.169506	0.277831	0.945557
-0.0866538	0.438062	0.894759
0.222761	-0.0994357	0.969789
-0.394154	-0.100872	0.913492
0.340801	0.126765	0.93155
-0.368285	0.386512	0.845562
-0.0128733	0.448039	0.893921
0.160958	0.289826	0.943448
0.277235	0.261091	0.924647
-0.371943	0.411293	0.832164
0.517643	-0.12913	0.845796
0.205602	0.207458	0.956394
0.973266	0.148226	0.175449
0.497301	-0.302542	0.813117
0.14873	0.320687	0.935435
0.456686	0.380633	0.804087
-0.097339	0.774171	0.625447
-0.0148843	0.167943	0.985684
-0.355164	-0.153857	0.922056
-0.149422	-0.275002	0.949762
-0.145313	-0.639311	0.755093
0.0468877	-0.0218534	0.998661
-0.197667	0.15083	0.968596
0.295497	-0.369629	0.88094
-0.25833	-0.0681661	0.963649
-0.361254	-0.20703	0.909194
-0.13834	0.463871	0.875035
-0.231374	-0.74656	0.62379
-0.231222	0.464768	0.854709
-0.122911	-0.164547	0.978681
-0.702916	-0.0296747	0.710654
-0.0483807	0.268179	0.962153
-0.29494	-0.179975	0.938413
-0.399021	-0.661659	0.634814
-0.406243	-0.601696	0.687697
-0.947539	0.2226	0.22939
-0.606504	0.605257	0.515574
-0.627137	-0.0554492	0.776933
-0.0754302	-0.0304476	0.996686
0.0939647	-0.0938433	0.991143
-0.566274	-0.346304	0.747936
-0.599669	-0.669683	0.438088
-0.164661	0.620731	0.766538
-0.607308	0.13698	0.782569
0.162739	-0.548274	0.820312
-0.100995	-0.00689799	0.994863
0.167539	0.2303	0.958589
0.281447	0.107771	0.953505
0.200701	0.527423	0.825557
0.467452	0.0484481	0.88269
-0.061205	-0.25953	0.963794
-0.0231765	-0.390782	0.920192
0.0377145	-0.710712	0.702472
-0.0340627	0.317915	0.947507
-0.238738	-0.375728	0.895451
0.0663542	-0.223909	0.972349
0.123966	0.270667	0.954658
0.0596306	-0.552126	0.831625
-0.110677	0.0300998	0.9934
0.0831162	-0.231559	0.969264
-0.899992	0.0611763	0.431592
-0.00850478	-0.440463	0.897731
-0.846215	0.0875251	0.525603
0.0351134	0.382274	0.923382
0.175217	-0.262206	0.948971
-0.32503	-0.767936	0.551933
0.213031	-0.18439	0.959489
0.642305	-0.296514	0.70677
0.0764327	0.161961	0.983833
-0.136538	-0.322656	0.936616
-0.0714104	0.402757	0.912517
0.189555	-0.128595	0.973413
0.148416	0.249404	0.956959
0.607026	-0.014978	0.794541
-0.410893	-0.559919	0.719484
0.298331	-0.507997	0.808045
0.579517	-0.172959	0.796395
0.175806	0.843108	0.508194
-0.238631	0.119746	0.963699
-0.741405	-0.0717904	0.667206
-0.60648	0.415922	0.677636
0.114948	0.759431	0.640352
-0.411533	-0.251664	0.87596
0.0507951	0.548611	0.834533
0.0532595	0.84426	0.533281
0.337063	0.392986	0.855541
-0.160221	0.241289	0.957136
-0.78311	-0.393249	0.481761
0.260428	0.367062	0.892996
-0.703317	-0.168789	0.690547
-0.0739416	-0.307888	0.948545
-0.914979	0.291198	0.279317
-0.0247598	-0.521824	0.852694
0.0157139	0.169976	0.985323
0.0605345	0.817947	0.5721
0.011709	-0.302928	0.952942
-0.834762	0.00962149	0.550528
0.279448	-0.537477	0.79563
-0.320147	0.39357	0.861747
0.00275822	-0.458835	0.888517
0.15173	-0.138819	0.978625
-0.583944	0.0590971	0.80964
-0.212684	-0.35957	0.908556
0.120163	0.110849	0.986546
-0.529073	0.375021	0.76121
0.111057	0.0162822	0.993681
-0.568414	-0.811231	0.137146
-0.228682	-0.125386	0.965393
0.441995	-0.775754	0.450384
0.270367	0.115756	0.955773
-0.413832	0.4007	0.817424
0.333723	0.52698	0.781614
-0.379874	-0.0694503	0.922427
0.0143804	0.13959	0.990105
0.206331	-0.1762	0.962487
-0.819943	-0.334937	0.464231
0.109547	0.128447	0.985647
0.543382	-0.112397	0.831927
0.0244657	-0.0922016	0.99544
0.11821	0.215913	0.969231
0.211181	0.359753	0.908835
0.807061	0.0524768	0.588132
-0.191172	-0.73837	0.646733
0.123104	-0.334763	0.934227
-0.0948262	0.0738186	0.992753
0.36585	-0.0770407	0.92748
0.272251	-0.102162	0.956787
-0.556438	0.346499	0.755192
0.641298	-0.435834	0.631494
0.375472	-0.682046	0.627562
0.00666461	-0.46721	0.884121
-0.556774	-0.181261	0.810646
-0.0574062	-0.0956609	0.993757
0.511561	0.43924	0.738494
0.257278	-0.603885	0.754408
-0.33277	0.557276	0.760728
-0.167118	-0.117684	0.978888
0.0981051	0.0171081	0.995029
-0.277753	-0.0564508	0.958993
-0.306516	0.200086	0.930598
0.36251	0.642098	0.675498
-0.248288	0.296291	0.92226
-0.453062	0.422194	0.785167
-0.465117	-0.112925	0.878017
-0.0159402	0.494285	0.869154
-0.470973	0.00313429	0.882142
0.243658	0.717746	0.652282
0.0143856	0.25499	0.966837
-0.178172	0.763462	0.62079
0.0379488	-0.129313	0.990877
-0.116728	0.0583881	0.991446
-0.65383	-0.0315415	0.755984
0.313717	-0.572445	0.757554
0.0898442	0.511883	0.854344
-0.393858	0.402407	0.826405
0.108459	0.606246	0.787847
-0.581291	0.2895	0.760454
0.364802	-0.171328	0.915186
0.16216	0.856037	0.49082
-0.520437	0.0980653	0.84825
-0.177931	0.446757	0.876783
-0.225295	0.0989736	0.96925
-0.420263	-0.0514789	0.905941
-0.0589836	0.026933	0.997896
-0.931322	-0.140614	0.335958
0.224396	-0.140149	0.964367
-0.571903	0.204799	0.794346
0.0855493	0.317549	0.944375
0.274183	0.473664	0.836938
-0.411221	0.182332	0.893114
0.00525776	0.174172	0.984701
-0.766259	-0.578759	-0.27908
0.0315359	0.55377	0.832072
-0.0890762	0.0940632	0.991573
-0.260032	-0.269661	0.927182
0.470241	-0.735276	0.4881
-0.381469	-0.628468	0.677871
-0.440926	-0.187125	0.87782
-0.20649	0.114373	0.971741
0.421141	0.399155	0.814442
0.358666	0.198118	0.912199
0.346337	-0.445783	0.825426
-0.261102	-0.304403	0.916059
0.306899	-0.0028089	0.951738
0.237991	-0.567331	0.78835
0.0240557	0.564594	0.825018
-0.257263	-0.0361641	0.965664
-0.493379	0.292338	0.819217
-0.354956	-0.0115962	0.934811
-0.480249	0.446937	0.754724
0.109152	-0.0828898	0.990563
-0.339246	-0.332645	0.87992
-0.286415	-0.114657	0.95122
0.169932	0.196254	0.965716
0.20182	0.712105	0.672439
0.238877	0.282036	0.92919
0.0930722	-0.18267	0.978759
0.101883	0.344162	0.933366
0.694058	-0.339276	0.634961
0.169722	-0.346708	0.92249
-0.474826	-0.0595623	0.878062
-0.20766	0.62544	0.752131
0.0862484	0.0182929	0.996106
0.136621	-0.442748	0.886176
-0.394929	0.11325	0.911705
-0.214678	-0.114556	0.969943
0.304493	-0.693378	0.653078
0.301465	-0.513371	0.803473
-0.227905	0.51199	0.828206
0.215379	-0.832001	0.51126
-0.0812122	-0.00994828	0.996647
-0.498716	0.199964	0.843384
0.192068	0.487587	0.851686
-0.0766006	0.0708431	0.994542
-0.570773	0.211324	0.793448
0.0904797	0.151355	0.98433
-0.457605	0.228208	0.859371
-0.0553365	-0.413621	0.908766
-0.0546073	-0.185103	0.981201
0.47696	-0.0390265	0.878058
-0.000444303	-0.00449472	0.99999
-0.108469	-0.256989	0.960308
0.0400667	-0.347728	0.936739
-0.160563	0.681019	0.714446
0.258661	0.798838	0.543095
-0.661753	0.0399171	0.748658
-0.260696	0.19458	0.945609
0.536814	0.344857	0.770003
-0.0676415	0.29532	0.953001
0.512758	-0.0637802	0.856161
-0.639596	0.753128	-0.154001
0.0284753	0.241332	0.970025
0.166259	-0.521601	0.836833
-0.455641	-0.193245	0.868935
0.683156	-0.672422	0.284861
0.272626	-0.229276	0.934402
-0.14663	-0.231865	0.961633
0.0566984	-0.367247	0.928394
0.339479	0.429788	0.836682
-0.0656367	0.0216657	0.997608
0.746841	-0.249613	0.616378
-0.0118867	0.68084	0.732336
0.317678	0.22612	0.920842
0.297326	0.607688	0.736419
-0.12158	0.319108	0.939887
0.161145	-0.436703	0.885055
0.35088	0.258692	0.899979
-0.034274	-0.331319	0.942896
-0.517324	0.349995	0.780948
-0.661127	0.192348	0.725199
0.168068	0.714266	0.679395
-0.601109	0.29556	0.742504
-0.21402	-0.0626268	0.97482
0.0690188	0.451411	0.889643
0.438586	-0.705312	0.556935
-0.185158	0.469421	0.863342
0.295545	-0.17927	0.938358
-0.51466	-0.00222652	0.857392
-0.380652	0.42936	0.818996
0.394749	-0.176487	0.901679
0.0145014	0.181672	0.983252
-0.106355	-0.5959	0.795985
-0.0623333	-0.103301	0.992695
-0.0909587	0.556582	0.825798
0.00987307	0.139735	0.99014
-0.920033	0.209844	0.330913
-0.0727753	0.15139	0.985791
-0.233491	-0.362085	0.902428
-0.205118	-0.207342	0.956523
-0.0347602	-0.283274	0.958409
0.0444565	0.355864	0.93348
-0.165132	0.964702	0.20514
-0.072298	-0.149389	0.986132
0.252625	0.204494	0.945708
-0.0175377	-0.53785	0.842858
-0.341785	0.129217	0.930852
0.15494	-0.381175	0.911427
0.159953	0.375627	0.912863
0.426559	-0.443596	0.788207
0.0955045	0.503862	0.858488
0.0212407	0.609511	0.792493
0.848737	-0.242489	0.469942
0.201392	-0.278479	0.93909
-0.339752	0.823979	0.453462
-0.046914	0.329172	0.943104
-0.525851	0.157834	0.835805
0.389862	-0.00314962	0.920868
0.274787	0.276374	0.920929
-0.123636	0.246452	0.961236
0.204594	-0.308111	0.929091
0.0352887	0.664133	0.746781
0.084877	-0.185815	0.978912
-0.219132	0.0830311	0.972156
-0.171031	-0.880518	0.442083
0.0427796	-0.687364	0.725052
-0.24607	0.364549	0.898083
-0.499225	-0.564062	0.657731
0.274433	0.914623	-0.296903
-0.1594	0.19776	0.967204
-0.264851	-0.632686	0.727711
-0.0604023	0.55065	0.832548
0.365705	-0.137054	0.920584
0.083505	-0.612823	0.785795
0.263439	-0.185349	0.946702
-0.258907	-0.291167	0.920972
0.493713	-0.00108548	0.869624
-0.470545	-0.160185	0.867714
-0.916301	0.000339427	0.400489
0.11561	0.0773636	0.990277
-0.200014	-0.263007	0.943834
-0.0530402	-0.51846	0.853455
-0.226018	-0.150791	0.962381
0.202939	-0.887532	0.413645
0.0660188	0.662492	0.746154
-0.61066	-0.00366317	0.791884
-0.0342187	0.128695	0.991094
-0.4542	0.47584	0.753179
0.35334	0.273498	0.894622
-0.0558734	-0.0942901	0.993976
-0.0975156	0.501406	0.859699
0.197599	-0.306106	0.931265
0.0258144	0.382877	0.923439
-0.455706	-0.173505	0.873057
-0.690142	-0.13489	0.710991
-0.423679	-0.432319	0.795987
-0.168527	0.0349721	0.985076
-0.440466	0.0447773	0.896652
-0.64073	0.0702222	0.764548
-0.194645	0.0283536	0.980464
0.31928	-0.350733	0.880367
0.388483	0.0684545	0.91891
-0.174835	-0.0842199	0.980989
0.528682	-0.720972	0.44799
-0.111509	0.675826	0.728578
-0.509024	-0.0100621	0.860693
0.0349938	0.188919	0.981369
-0.0923841	0.374723	0.922523
0.339996	-0.169868	0.924958
0.436469	0.0949985	0.89469
0.477891	-0.266668	0.836964
0.15984	0.202349	0.966181
0.20867	-0.285629	0.935346
-0.465586	0.788018	0.402813
-0.0896785	0.236551	0.967472
0.169832	0.231677	0.957853
0.00856025	-0.43764	0.89911
0.110861	0.258689	0.959578
0.209639	0.489092	0.846664
0.0918104	0.476488	0.874374
-0.235048	-0.0249576	0.971663
-0.0670202	-0.289206	0.954918
-0.0049563	0.16706	0.985934
0.230144	0.256798	0.938663
-0.0126589	0.0574744	0.998267
0.319413	-0.791288	0.521381
0.140378	-0.0604422	0.988251
-0.408618	-0.17126	0.896494
0.424713	0.0704057	0.902586
0.0115705	0.0565761	0.998331
-0.186261	0.455821	0.870365
-0.338192	0.48062	0.809093
-0.129212	-0.789686	0.59975
0.564536	0.155356	0.810656
0.069858	0.267471	0.96103
0.346785	-0.377544	0.858604
0.183417	-0.296644	0.937209
-0.602925	-0.0483532	0.796331
0.508789	-0.242036	0.826167
0.0277645	-0.190077	0.981377
-0.260442	-0.445881	0.856364
0.451608	0.296153	0.841631
-0.172854	0.103934	0.979448
0.620125	0.660424	0.423421
-0.257048	-0.410255	0.874996
0.214294	-0.307034	0.927258
0.605983	-0.604701	0.516838
-0.107951	0.183024	0.977164
-0.775446	0.349843	0.525636
-0.233011	-0.373302	0.897971
-0.086277	-0.447347	0.890189
0.244578	0.306866	0.919791
-0.363021	-0.0802488	0.928319
-0.699012	-0.427831	0.573012
0.101676	-0.5166	0.850168
0.378599	0.257674	0.888969
0.111063	0.205964	0.972237
0.00130245	0.257121	0.966378
-0.197341	0.172416	0.965054
0.138627	-0.00281269	0.990341
-0.732409	-0.403289	0.548576
-0.00451326	0.821342	0.570418
-0.329883	0.198608	0.922893
0.354296	0.268631	0.895718
0.607576	-0.125572	0.784273
-0.73905	0.442397	0.508026
0.351455	0.0894486	0.931922
-0.383797	0.215961	0.897809
0.524935	0.503192	0.686469
0.365648	0.575683	0.731362
-0.690689	-0.0923348	0.717233
-0.577805	0.221903	0.78543
-0.232246	0.671186	0.703968
0.170582	-0.338828	0.925255
-0.65359	0.52333	0.546759
0.310469	0.728646	0.610479
0.134152	-0.0128756	0.990877
0.0096218	0.33463	0.9423
0.304928	-0.478139	0.823652
-0.34729	-0.731506	0.586761
0.730167	0.173105	0.660977
-0.877095	0.275414	0.393512
-0.728299	0.424047	0.538298
-0.924669	0.344153	-0.162929
-0.0782351	-0.261848	0.961933
0.352939	0.194702	0.915164
-0.16511	-0.0421965	0.985372
0.585244	-0.00382544	0.810848
-0.588105	0.480403	0.65065
0.767074	0.346908	0.539678
-0.662413	0.550327	0.508281
-0.0383888	0.977499	0.207415
0.516105	0.525378	0.676471
-0.644595	0.46692	0.605378
0.115976	-0.114607	0.986618
-0.389598	0.320492	0.863422
-0.3637	0.0680464	0.929027
-0.440062	0.338432	0.831751
-0.694192	0.441582	0.568422
-0.454811	0.290825	0.841764
-0.721886	-0.287212	0.629595
0.140679	-0.0007871	0.990055
-0.606609	-0.173157	0.775914
-0.559216	0.825866	-0.0722747
-0.779054	0.166798	0.604362
-0.0595445	0.793161	0.606094
-0.119594	-0.943107	0.310236
0.0832541	0.563101	0.822184
-0.414621	0.396715	0.818966
0.399988	0.261612	0.87839
0.526469	-0.49767	0.689314
-0.145976	-0.101236	0.984095
0.803944	0.249019	0.540059
-0.723355	-0.0982091	0.683457
0.281693	0.718944	0.635428
0.909747	0.326508	0.256422
-0.367438	-0.208456	0.906386
0.470359	0.375351	0.79867
0.518025	0.0166984	0.855202
-0.264743	0.517505	0.813695
0.582913	-0.447566	0.678157
-0.774657	-0.363566	0.517423
0.0413382	0.990517	0.131023
0.369554	0.180127	0.911583
0.964899	-0.0897962	0.246792
0.683847	-0.0328032	0.728888
-0.366931	-0.29609	0.881869
0.274596	-0.678083	0.681762
0.391981	0.46692	0.792677
0.323406	0.457824	0.828134
-0.124753	0.490661	0.862374
-0.370205	0.927344	0.0546071
0.168719	0.291917	0.941445
0.162447	0.256763	0.952724
0.388383	0.553398	0.736824
0.0921581	0.82076	0.563791
0.184824	0.658498	0.729535
-0.134789	-0.230393	0.963717
0.236682	-0.00715555	0.971561
-0.682986	-0.326585	0.653354
-0.357693	0.765854	0.534345
-0.384937	-0.651139	0.654096
-0.918007	-0.11487	0.379563
0.43377	0.601153	0.671162
-0.333444	-0.520361	0.786155
-0.331765	0.620524	0.71055
-0.135882	-0.163165	0.977197
-0.419496	0.262244	0.869052
-0.266022	-0.825363	0.498004
-0.181387	0.190585	0.964767
0.490416	0.583452	0.647361
-0.101663	-0.106621	0.989089
0.521062	-0.21211	0.826743
0.0313361	0.036028	0.998859
0.282904	0.252729	0.925253
-0.516132	0.431031	0.740149
0.0139501	0.8567	0.515626
0.431185	-0.133463	0.892338
-0.208656	0.489154	0.846871
-0.494072	0.434265	0.753198
-0.156621	0.548521	0.821337
-0.092448	0.487255	0.868353
-0.444716	0.433639	0.783699
0.174983	-0.296445	0.938883
-0.123839	0.619658	0.775041
0.308419	0.547826	0.777666
-0.162935	-0.890059	0.425731
-0.360465	-0.408147	0.838738
-0.291508	0.503257	0.813483
-0.512035	-0.275593	0.813553
0.696963	0.665209	-0.267841
0.130914	0.331387	0.934368
-0.43544	0.0354261	0.899521
-0.352635	0.636978	0.685498
-0.181413	-0.296134	0.93776
-0.822207	-0.362803	0.438577
-0.484933	-0.465497	0.740373
0.358134	0.930801	0.0731467
-0.416377	0.0281235	0.908757
0.859285	-0.224241	0.459723
0.224022	-0.475759	0.850569
-0.598666	0.069532	0.797975
0.40554	0.472776	0.782317
0.408161	0.73035	0.547717
0.470962	0.666744	0.577622
-0.0658713	-0.128116	0.989569
-0.616224	-0.110724	0.779749
-0.0328881	0.277261	0.960232
-0.411678	-0.0333417	0.910719
0.337976	0.440692	0.831603
0.0943349	-0.110608	0.989377
-0.636966	-0.288656	0.71481
0.495402	-0.198488	0.845683
0.329284	0.0112953	0.944163
0.327511	-0.418985	0.846869
0.130405	-0.955567	0.26436
-0.416223	0.111607	0.902387
0.297424	0.126548	0.946322
0.0442582	-0.105386	0.993446
-0.373174	-0.335795	0.86486
-0.624816	-0.0376071	0.779866
0.322976	0.355096	0.877264
0.937574	-0.283714	0.201149
-0.297691	0.542207	0.785743
0.652051	-0.410006	0.63775
-0.0716071	-0.817196	0.571894
-0.305666	-0.128202	0.943468
-0.338345	-0.879582	0.334451
-0.199251	0.926609	0.318896
-0.268039	-0.890896	0.366687
-0.326304	-0.420392	0.846638
-0.36727	-0.319214	0.873622
-0.399606	0.103235	0.910856
-0.646274	0.444981	0.619937
-0.0652049	-0.085863	0.994171
-0.615638	-0.218336	0.757178
0.0322132	-0.983898	0.175804
-0.0894997	0.363473	0.927296
-0.491448	0.869507	-0.0493639
-0.330141	0.831273	0.447205
0.236675	-0.804276	0.545091
0.871021	-0.326111	0.367388
-0.0251449	0.274351	0.961301
-0.196081	-0.443402	0.874613
0.764487	-0.358505	0.535756
0.105792	-0.324878	0.93982
0.881471	0.248949	-0.401289
-0.645756	-0.00659482	0.763515
0.351723	-0.128307	0.927269
0.310408	0.761567	0.568913
-0.871825	0.0851227	0.482365
-0.190228	0.0797449	0.978496
0.774798	0.464284	0.429102
-0.311223	-0.285246	0.906518
-0.380314	-0.641007	0.666687
-0.0706595	-0.0588589	0.995762
-0.342221	0.148022	0.927887
0.805214	0.489974	0.334002
0.443394	-0.0482017	0.89503
0.477858	0.480606	0.735303
-0.928394	0.0502282	0.368186
0.614803	0.0790351	0.784711
0.200433	-0.720868	0.663458
-0.968021	-0.248485	0.034507
0.19577	-0.39606	0.897112
0.147562	-0.0763729	0.9861
0.126071	-0.217561	0.967871
0.615228	-0.674535	0.408039
-0.0807306	-0.989025	-0.12374
0.128102	-0.0002519	0.991761
0.0351543	0.440676	0.896978
-0.50636	-0.276376	0.816833
-0.0344477	-0.86182	0.506043
0.500157	0.0917888	0.861056
-0.330646	-0.334003	0.882675
-0.681535	-0.216775	0.698941
-0.46594	-0.501226	0.729159
-0.49744	0.0185328	0.867301
-0.141631	-0.51664	0.844407
0.224018	-0.363159	0.904395
0.0523823	-0.620382	0.782548
-0.135154	0.718514	0.682254
0.590681	-0.498595	0.634428
-0.663045	0.147127	0.733979
-0.33657	0.29366	0.894698
0.692998	-0.674987	0.253271
-0.796692	-0.0338865	0.603435
0.469504	-0.41249	0.780652
-0.187194	-0.3693	0.910261
-0.708564	0.440218	0.551493
0.7348	-0.030572	0.677595
0.144189	-0.737273	0.660029
-0.31503	-0.928054	0.198677
0.641171	-0.301346	0.705756
0.472804	0.310069	0.824811
-0.444868	-0.729031	0.520199
-0.0876308	-0.0759525	0.993253
-0.938546	-0.3198	0.129841
0.924973	0.00254283	0.380025
0.0836608	0.879336	0.468796
-0.576421	-0.482142	0.659756
-0.101645	0.343564	0.933612
0.0481178	-0.388859	0.92004
0.0256775	0.126317	0.991658
-0.617417	0.655972	0.434163
-0.652159	-0.400446	0.643686
0.0201973	0.812978	0.581944
-0.829239	0.0646013	0.555149
0.100145	-0.247088	0.963804
-0.992113	-0.0919325	0.0852074
-0.956019	-0.285201	0.0684672
0.727517	0.633173	0.264218
0.33316	0.249112	0.909367
0.0619036	-0.019115	0.997899
-0.203444	-0.603194	0.771212
-0.360472	-0.576527	0.733264
0.0164362	-0.269464	0.96287
0.688702	0.00422554	0.725033
-0.327092	0.83225	0.447628
0.00095674	0.282998	0.95912
-0.317066	-0.37537	0.870957
-0.201202	0.720407	0.663725
-0.134246	0.988884	0.0639287
-0.967141	0.197761	-0.159777
0.321977	0.0860458	0.942829
-0.00694294	-0.165621	0.986165
0.759725	-0.118059	0.639437
-0.515587	-0.202076	0.832668
-0.6304	0.454583	0.629245
0.378226	0.549916	0.744672
0.191283	-0.483073	0.85443
0.992236	-0.0835545	0.0921223
0.124412	0.112202	0.985866
0.113206	0.39016	0.913761
0.373267	-0.501073	-0.780767
-0.633067	-0.567314	0.52667
0.686677	-0.725614	0.0442504
0.279051	0.150682	0.94838
-0.0384214	0.509023	0.859895
0.0571006	0.0976406	0.993582
-0.577085	-0.152837	0.802256
-0.686777	0.666805	0.289324
0.0946029	0.189528	0.977307
0.373348	0.437331	0.81814
-0.282155	0.447782	0.848457
-0.108961	0.517407	0.848774
0.433257	-0.18457	0.882169
0.53097	0.0874632	0.842865
0.621031	0.0200791	0.783528
-0.81441	-0.246017	0.525559
-0.920549	-0.00837193	0.390538
-0.176768	-0.286731	0.941562
0.0861798	0.114579	0.989669
0.0460951	0.869648	0.491516
0.0657256	0.296944	0.95263
0.728643	-0.000373399	0.684894
0.146825	0.931189	-0.33366
-0.395549	0.196344	0.897212
-0.0557648	0.373013	0.926149
0.233424	0.196652	0.952282
-0.207941	-0.633847	0.744982
-0.378632	-0.261991	0.887693
-0.540126	-0.526569	0.656498
-0.341621	-0.136975	0.929802
-0.522187	-0.649908	0.552214
-0.891012	-0.384548	-0.241289
0.67893	0.0554173	0.732109
0.0117012	0.798897	0.601354
-0.539829	0.80943	0.231103
0.4101	-0.0302751	0.911538
-0.601963	0.358025	0.713764
-0.314091	-0.717696	0.621498
-0.353989	-0.307083	0.883398
0.243848	-0.291652	0.92492
0.149049	0.0803338	0.985561
0.0753287	0.148875	0.985983
-0.0391049	0.126655	0.991176
-0.562351	0.0965277	0.821246
-0.697502	-0.383337	0.605428
0.706009	0.234272	0.668332
-0.835694	-0.331717	0.437698
-0.134299	-0.0260424	0.990599
-0.369972	-0.0850282	0.925144
-0.115792	-0.143755	0.982816
0.247994	0.944948	0.213477
-0.781811	-0.542367	0.307586
-0.730628	0.174066	0.660215
-0.606532	-0.454362	0.652437
-0.218608	0.782538	0.582963
0.206052	0.893543	0.398902
-0.0229604	0.418941	0.907723
0.480738	-0.284929	0.829281
0.0519796	0.266263	0.962498
-0.000352148	4.9872e-05	1
0.4685	0.539181	0.699851
-0.515109	0.56228	0.646919
0.409308	-0.20541	0.888974
0.892048	0.125253	0.434237
-0.447558	0.679481	0.581376
-0.121396	-0.106144	0.986913
0.478122	0.494286	0.726003
0.682433	-0.375889	0.626891
0.238738	0.138615	0.96114
0.16587	-0.490912	0.855273
0.0164354	0.737936	0.674671
-0.17608	-0.665788	0.725067
0.172408	-0.19182	0.966168
0.892938	-0.09625	0.43977
0.453117	-0.741409	0.494973
0.674638	0.409695	0.614014
-0.618529	0.411092	-0.669645
-0.0760724	-0.77479	0.627626
0.24707	0.356083	0.9012
-0.682649	0.0531811	0.728808
0.195312	-0.143157	0.970237
-0.0334978	0.388074	0.921019
0.301165	-0.678168	0.670364
-0.509715	0.116324	0.852443
-0.133638	0.469555	0.872731
-0.742059	0.19948	0.639966
0.198797	0.874689	0.44204
-0.295703	-0.659555	0.691047
0.43611	-0.783947	0.441854
-0.717098	0.430871	0.547834
-0.836347	0.470001	0.282175
0.138071	0.823732	0.54991
0.152281	-0.305122	0.940059
0.457922	0.273009	0.846034
-0.380128	0.137171	0.914706
-0.511361	0.111634	0.852084
-0.0862264	-0.0493646	0.995052
-0.497338	-0.513785	0.699057
0.267919	0.573582	0.774095
0.148794	-0.23322	0.960973
-0.139337	0.796313	0.588618
-0.163073	0.255885	0.952854
0.0999285	0.370374	0.923492
0.594902	0.67577	0.435232
0.671635	0.537603	0.509793
0.422484	-0.100584	0.900772
-0.493062	0.040796	0.869037
0.558573	0.349193	0.75237
0.428643	0.814547	0.390868
0.152277	0.39338	0.906677
-0.444338	0.247429	0.861013
0.117499	-0.777248	0.618126
0.392394	-0.680234	0.619119
-0.177254	0.241548	0.954063
0.0165387	0.321784	0.946669
-0.0898571	0.363153	0.927387
-0.205766	-0.927051	0.313427
