3400
-0.339963	0.292611	0.893759
0.0686762	-0.593587	0.801834
0.00735342	-0.233389	0.972356
-0.321473	-0.339704	0.883887
-0.266333	-0.267212	0.926102
0.0430045	-0.0542512	0.997601
0.155731	0.318875	0.934915
0.277267	-0.379207	0.882794
0.664217	-0.372573	0.648078
-0.621449	-0.440685	0.647764
-0.11432	-0.186583	0.975765
0.571567	0.220687	0.790322
0.446303	-0.301984	0.842389
-0.0602979	0.277655	0.958787
0.486313	0.334443	0.807247
-0.376862	-0.625399	0.683265
-0.297951	0.465385	0.833452
-0.0173306	-0.400801	0.916001
0.577898	0.0644688	0.813558
0.978242	-0.150279	0.143036
-0.186336	-0.0707244	0.979937
-0.199589	-0.300049	0.93281
-0.529873	0.203758	0.823236
0.046556	0.799855	0.598385
-0.419222	0.0980301	0.902576
-0.0468098	-0.285978	0.957092
0.148285	0.852804	0.500737
-0.7122	-0.332692	0.618132
-0.569526	-0.407969	0.713584
0.157183	-0.552416	0.818615
0.0114025	-0.350986	0.936311
0.636596	-0.427193	0.642069
0.436454	0.513305	0.738936
-0.788363	0.33835	0.513812
-0.266901	-0.212588	0.939984
0.160828	0.578288	0.799823
0.472678	-0.487454	0.734141
0.751526	0.120838	0.648542
0.500113	-0.130094	0.856132
0.0609168	0.88015	0.470772
-0.399925	0.249827	0.881842
-0.859197	-0.418623	0.294168
0.249154	0.221871	0.942707
0.585105	0.473853	0.658115
0.544937	0.211481	0.811369
0.0886132	0.32022	0.94319
0.0488952	-0.505762	0.861286
0.527868	-0.275861	0.803278
-0.277008	0.769953	0.574838
0.624218	0.534997	0.569325
-0.122942	-0.475748	0.870947
-0.284373	-0.331508	0.899574
-0.117159	-0.229658	0.966194
-0.166503	-0.320575	0.932474
0.0343593	0.0136416	0.999316
-0.190913	0.194408	0.962163
0.0181771	-0.102685	0.994548
0.160731	-0.0114602	0.986932
-0.726477	0.144652	0.671793
0.509198	0.632872	0.583259
0.498619	0.0407823	0.865861
0.355803	0.850233	0.387954
0.641094	-0.31605	0.699365
0.63565	-0.4292	0.641667
-0.480119	-0.573989	0.663342
-0.373962	-0.598801	0.70823
0.349348	-0.0731962	0.93413
0.0130548	-0.404853	0.914289
-0.311979	0.259555	0.913948
0.485572	-0.0412227	0.873224
-0.360568	0.0435997	0.931713
-0.559538	-0.237394	0.794079
0.269168	-0.0771048	0.960002
0.113974	0.338807	0.933927
0.321655	0.791234	0.520083
-0.001113	0.226191	0.974082
-0.0882189	0.173085	0.980948
-0.40824	0.031132	0.912344
-0.606176	0.157522	0.779575
-0.515936	0.530641	0.67248
0.512318	-0.00313905	0.85879
0.0898163	-0.51027	0.855311
0.00284478	-0.126738	0.991932
-0.342236	0.116214	0.9324
-0.244216	-0.480057	0.842558
-0.17868	-0.403534	0.897348
0.027856	0.000537436	0.999612
-0.00622801	-0.649398	0.760423
0.045512	0.437552	0.898041
0.130225	-0.371388	0.9193
-0.503964	-0.34652	0.791166
0.0622272	-0.0135538	0.99797
0.0522756	-0.917715	0.393784
0.108341	-0.278912	0.954186
-0.574857	0.146744	0.804988
-0.108893	-0.323125	0.94007
-0.636015	0.0985059	0.765364
-0.144608	0.129741	0.980946
0.0814328	0.0290995	0.996254
-0.20863	0.330504	0.920457
-0.376576	-0.139835	0.915771
-0.408255	0.554457	0.725193
-0.325855	0.176295	0.928837
-0.276342	0.960132	-0.0422128
0.399225	0.0280509	0.916424
0.299848	0.231919	0.925367
-0.109599	-0.20584	0.972429
-0.13102	-0.0944371	0.986872
-0.215686	-0.0950517	0.971825
-0.919539	-0.283766	0.271891
-0.26763	0.872755	0.408255
0.601304	-0.105691	0.791999
0.0473836	-0.311653	0.949014
-0.144793	0.624667	0.76735
-0.130948	0.652047	0.746784
-0.600687	-0.0370217	0.798626
0.458651	-0.358872	0.812927
-0.469476	0.213346	0.856782
-0.588569	0.0741876	0.805036
-0.222938	-0.382817	0.896521
0.153728	0.115229	0.981372
0.15595	-0.0552571	0.986218
0.612498	-0.568839	0.54888
0.249698	0.431226	0.867004
-0.393015	-0.0444123	0.918459
0.0801854	-0.375896	0.923186
-0.181204	-0.487028	0.854382
-0.0352937	0.847304	0.529934
0.606237	0.0554485	0.793348
0.193977	-0.618593	0.761391
0.414024	0.221321	0.88295
-0.268848	0.0292786	0.962738
-0.259391	-0.34807	0.900868
-0.102651	-0.315451	0.943374
-0.326537	-0.267099	0.906659
-0.423504	-0.305743	0.85274
-0.389841	-0.362093	0.846707
0.115861	0.939887	0.321229
-0.275616	0.539071	0.795888
-0.297959	-0.872947	0.386244
-0.555493	0.0763657	0.828007
0.225415	0.127967	0.965822
0.168241	-0.158457	0.972927
0.380335	-0.211985	0.900226
0.393101	0.118219	0.911864
0.488115	0.497097	0.717383
0.612487	0.402028	0.680612
-0.837731	0.0217413	0.54565
-0.181319	0.345922	0.920577
0.0159478	-0.3493	0.936875
-0.389711	0.898067	0.203965
-0.378194	-0.489305	0.785843
-0.749837	-0.152166	0.643886
-0.0464427	0.342931	0.938212
-0.21888	-0.885005	0.410924
-0.558493	-0.0566331	0.827574
-0.0584974	0.0644274	0.996206
-0.358483	0.863873	0.353854
0.0628707	-0.755943	0.651611
-0.167893	-0.563826	0.808648
-0.0522705	-0.0777136	0.995605
0.173335	-0.629119	0.757737
-0.329954	0.121464	0.93615
-0.564448	-0.0505904	0.823917
-0.0723206	0.110727	0.991216
0.455537	-0.804713	0.380687
0.138199	0.150505	0.978902
-0.636483	0.445202	0.629829
0.2908	-0.134236	0.94732
-0.627973	0.43849	0.642944
-0.380453	0.55988	0.736063
0.214336	-0.193253	0.957452
0.0727118	0.406441	0.910779
-0.0238081	-0.893317	0.448796
0.168162	-0.292013	0.941515
0.540215	-0.221295	0.811909
-0.472835	0.0665675	0.878633
0.367099	0.847385	0.383637
-0.0411351	0.258073	0.965249
-0.411596	0.260269	0.873412
0.13019	-0.326643	0.936138
0.716328	0.119826	0.687398
0.191513	0.145194	0.970691
0.037446	-0.168684	0.984959
0.10528	-0.280477	0.954069
-0.132517	0.161446	0.977944
0.504797	0.254981	0.824721
-0.606109	-0.445295	0.659048
0.0300327	0.133829	0.990549
-0.404979	0.219716	0.887534
-0.210507	-0.479426	0.851961
-0.609313	0.367684	0.702528
0.204628	0.364149	0.908583
0.476066	-0.255401	0.841506
-0.532909	-0.407302	0.741696
0.435808	-0.245385	0.865943
-0.565527	-0.0847594	0.820363
-0.334732	-0.624416	0.705733
0.291353	0.0411714	0.955729
0.798757	0.0104971	0.601562
0.421187	0.419393	0.804184
0.462063	-0.162683	0.871798
0.586658	-0.799715	0.127625
0.322226	0.630954	0.705739
-0.810379	-0.213561	0.545599
0.540638	-0.123516	0.832139
0.0585226	-0.0652585	0.996151
-0.778419	-0.418003	0.468335
0.183492	-0.171894	0.967876
0.140361	0.259748	0.955421
0.10847	-0.273206	0.95582
-0.410884	0.0260299	0.911316
-0.848834	-0.248213	0.466766
0.144061	0.133236	0.980558
-0.818304	-0.191807	0.541839
-0.152382	-0.363642	0.918991
-0.530043	0.172541	0.830231
0.140922	-0.483737	0.863794
-0.00124411	0.320955	0.947094
0.706734	0.250484	0.661653
0.356884	0.0511208	0.932749
-0.397031	0.0438216	0.916759
-0.300158	0.633048	0.713551
-0.181714	0.0430759	0.982408
-0.439338	-0.684517	0.581738
-0.0782571	0.235174	0.968798
0.188909	0.0996429	0.976926
0.348697	-0.30962	0.884616
-0.297001	-0.0517015	0.953476
-0.613289	0.469698	0.635028
-0.163567	-0.378828	0.910898
0.118082	-0.0609413	0.991132
0.0131558	0.401654	0.915697
-0.0483916	-0.282524	0.958039
0.170865	-0.15219	0.97347
-0.0661544	0.485136	0.871933
-0.0546042	0.00522104	0.998494
-0.412145	0.178207	0.89352
0.367174	-0.314817	0.875256
-0.0709948	-0.0287909	0.997061
0.414271	0.122864	0.901823
-0.0921159	0.0979726	0.990917
-0.0527263	-0.115317	0.991928
-0.307461	-0.0151318	0.95144
0.226794	0.571146	0.788896
-0.0688446	-0.0255161	0.997301
0.504491	0.205499	0.838605
-0.0945618	0.481655	0.871244
-0.351023	0.629731	0.69298
-0.46075	-0.476951	0.748483
0.30494	0.612241	0.729502
-0.109437	0.32324	0.939968
0.182178	-0.310626	0.932911
-0.590471	0.336223	0.733688
-0.0647012	0.279617	0.957929
0.192055	-0.369273	0.909259
0.0634822	0.198331	0.978077
0.853334	0.177878	0.490083
0.0111251	-0.300522	0.95371
0.386041	-0.116132	0.915142
-0.252728	0.856724	0.449614
0.570824	0.554985	0.605105
-0.119209	0.23117	0.965583
0.269007	-0.159204	0.949889
0.214973	-0.523474	0.824476
0.559926	0.759242	0.331715
0.430688	-0.748446	0.504317
-0.0255859	0.0976648	0.99489
0.34662	0.757342	0.553432
0.393629	-0.0244566	0.918944
-0.0780694	-0.385622	0.919348
-0.792372	-0.604322	-0.0833159
0.454753	-0.879034	0.143177
-0.370813	-0.409877	0.833366
-0.127474	-0.931426	0.340875
0.225429	0.608475	0.760881
0.498145	0.102716	0.860988
-0.25808	-0.922099	0.288321
-0.274665	0.564858	0.778135
0.148139	0.0702925	0.986465
-0.404822	-0.355311	0.84254
-0.034908	-0.292781	0.955542
-0.0176155	-0.111245	0.993637
-0.508425	0.124987	0.851987
-0.104423	0.381313	0.918529
0.0198908	0.39706	0.917577
-0.348175	0.515849	0.782735
-0.658201	-0.394018	0.641499
0.717909	-0.270753	0.641326
-0.706378	0.248615	0.662738
-0.722788	-0.689292	0.0495314
0.707418	0.554209	0.438648
0.360727	0.289992	0.886443
-0.0713049	-0.314008	0.946739
-0.684157	-0.118554	0.719635
0.0261714	-0.254975	0.966593
-0.271845	-0.511439	0.815187
0.0506792	0.368408	0.928282
0.515486	0.243453	0.821587
-0.669557	0.301793	0.678686
0.18452	-0.47499	0.860428
-0.0069115	-0.433404	0.901173
-0.362984	0.22463	0.904314
0.249212	0.607191	0.754462
-0.044197	-0.281145	0.958647
0.232952	0.101766	0.967149
0.391394	0.11642	0.912829
-0.387858	0.156024	0.908418
0.633891	-0.0828132	0.768976
-0.177611	0.320804	0.930343
-0.0986269	-0.417178	0.903458
0.219709	-0.0638231	0.973475
-0.81308	0.257639	0.522037
0.142627	0.329086	0.933466
0.0569457	0.483244	0.873632
0.0502784	0.123339	0.99109
-0.158289	0.543651	0.82425
-0.454212	-0.246079	0.856234
-0.162198	-0.231669	0.959177
0.427833	-0.0191116	0.903656
-0.154925	0.361166	0.919542
0.146635	0.396928	0.906061
0.593648	-0.780312	0.19671
-0.230294	-0.0293476	0.972679
0.231041	0.0196811	0.972745
-0.769268	-0.364139	0.525005
0.850677	0.0826634	0.519149
-0.575296	-0.345121	0.74157
-0.0717714	-0.0452125	0.996396
0.189486	0.118078	0.974758
0.722741	0.0799879	0.686474
-0.712361	-0.0399577	0.700675
0.35502	0.0261738	0.934492
0.0603884	-0.946287	0.317638
-0.0491006	-0.495233	0.867372
-0.439705	0.0143008	0.898029
-0.215508	-0.0543201	0.97499
0.513322	-0.5444	0.663423
-0.451808	-0.445177	0.773102
0.0741847	0.136676	0.987834
0.862282	-0.418456	-0.285246
0.151889	-0.496517	0.854635
0.0602216	0.224328	0.972651
0.293559	-0.0673658	0.953564
-0.0384118	-0.599894	0.799157
-0.261039	-0.668657	0.696245
-0.173859	0.670823	0.72095
0.198256	-0.420119	0.885548
0.670644	0.216309	0.70954
0.604736	0.782046	0.150659
-0.552947	-0.581518	0.59673
-0.155772	-0.00529199	0.987779
0.172439	-0.609171	0.774064
0.0624648	0.654098	0.753826
-0.107847	-0.388439	0.915142
0.343028	-0.427423	0.836446
-0.247614	0.447628	0.859254
-0.833537	-0.51389	0.202811
0.290569	-0.401813	0.868399
-0.0910183	-0.300565	0.949409
0.0690497	-0.0355761	0.996979
-0.132824	0.310752	0.941165
0.722002	0.475851	0.502274
0.0718519	0.0427252	0.9965
-0.198183	-0.349903	0.915582
-0.370133	0.421807	0.827696
0.4975	-0.83501	0.235059
0.0658898	0.221155	0.97301
0.361682	-0.0689599	0.929748
0.286717	-0.14775	0.946554
-0.202277	-0.440626	0.874605
0.0388131	-0.950987	0.306786
-0.419795	-0.774664	0.472935
-0.0852876	0.535122	0.840458
-0.00805317	0.521037	0.853496
0.383392	0.102367	0.917895
-0.358572	0.819096	0.447781
0.532885	0.816224	0.223186
-0.753021	-0.171717	0.635195
-0.293274	0.0899683	0.951786
-0.260115	-0.075288	0.962638
0.341449	0.752754	0.562827
-0.761893	-0.12974	0.634576
-1.97006e-05	0.0269623	0.999636
-0.0951235	0.0248261	0.995156
0.0698722	-0.0986117	0.99267
0.0641362	0.508336	0.858767
0.258762	0.495358	0.829254
0.753613	0.0361241	0.656325
-0.560353	-0.240695	0.792509
-0.880431	-0.0543965	0.471044
-0.0996195	-0.0622424	0.993077
-0.651462	0.614172	0.445411
0.466328	0.00140706	0.884611
0.220296	-0.509107	0.832034
0.299183	0.367972	0.88039
0.126809	0.202013	0.971139
0.245799	-0.211352	0.945999
-0.30252	0.321155	0.897408
0.298465	-0.428295	0.852925
-0.229383	-0.549851	0.803148
0.248546	-0.542376	0.802529
0.14186	-0.233232	0.962018
0.80799	0.499631	0.312282
0.196007	0.76961	0.607686
-0.459699	0.164477	0.872711
0.193027	-0.342089	0.919628
-0.223138	-0.119361	0.967452
-0.516031	-0.076341	0.853161
0.100203	-0.497749	0.861513
0.255916	0.660004	0.706329
0.32437	0.634172	0.701862
-0.547648	0.046944	0.835391
0.556152	-0.374326	0.742008
0.434951	-0.104716	0.894345
0.61709	-0.170038	0.768301
0.660441	-0.372048	0.652226
0.722423	-0.127854	0.679528
-0.19361	-0.276317	0.941363
0.190953	-0.256139	0.947592
-0.0604556	0.445925	0.893026
-0.0816997	-0.776846	0.624369
-0.351201	-0.441642	0.825597
0.0713315	0.354534	0.932318
0.24487	0.248635	0.937134
-0.297344	0.410025	0.862245
0.308321	0.307495	0.900214
0.146427	0.284989	0.947281
-0.0439364	-0.696793	0.715926
-0.070755	-0.581735	0.810295
0.65873	0.331471	0.675427
-0.438955	-0.635664	0.63502
-0.0469833	-0.62776	0.776988
-0.111169	0.726603	0.678005
-0.233213	-0.800539	0.55204
-0.268962	-0.961233	0.0607553
0.357096	-0.343504	0.868612
0.286977	-0.539334	0.791684
0.238537	-0.552624	0.798565
-0.00149436	-0.199278	0.979942
-0.615173	-0.686442	0.387761
0.0543779	0.35073	0.934897
-0.626651	-0.270489	0.730851
-0.579789	-0.232679	0.780837
0.033888	0.524619	0.850663
0.336472	-0.434793	0.835309
-0.310242	0.270632	0.911322
0.143791	-0.323903	0.935099
-0.135506	0.892424	0.430368
0.238598	0.160559	0.957753
-0.0958649	-0.450404	0.887663
-0.420967	-0.419074	0.804465
0.672241	0.178675	0.718448
-0.400974	0.535843	0.743029
-0.0532966	-0.177499	0.982677
0.342223	-0.0265606	0.939243
-0.692475	0.148986	0.705891
0.237765	-0.792946	0.560985
0.951339	0.0471501	0.304519
-0.551035	-0.267498	0.790446
-0.215468	0.259973	0.941269
0.25578	-0.178031	0.950201
-0.0172614	-0.693362	0.720383
-0.521368	-0.480221	0.705382
0.467457	-0.370864	0.802461
-0.0600707	-0.531217	0.845104
0.4805	0.217567	0.849579
-0.169448	-0.481871	0.859702
-0.535882	0.404259	0.741219
0.59955	-0.778262	0.186675
0.421437	-0.501728	0.75542
-0.33421	0.391649	0.857272
-0.0244326	-0.753833	0.656611
0.44126	0.313138	0.840972
-0.190627	0.0599927	0.979828
0.585636	0.148901	0.79678
0.495245	0.116621	0.86089
0.907697	0.231424	0.350042
-0.506424	-0.406496	0.760457
-0.303208	0.473332	0.827056
-0.35298	0.280324	0.89265
-0.0882729	-0.200521	0.975704
-0.117409	0.291801	0.949246
-0.151029	0.205981	0.966831
-0.535465	0.11382	0.836853
-0.832155	-0.259642	0.490005
-0.333485	0.597717	0.729055
0.877445	-0.0309937	0.478675
-0.382394	-0.62812	0.677673
-0.373456	-0.226038	0.899687
-0.153617	0.0272	0.987756
0.169957	-0.299766	0.938752
0.0487636	0.030539	0.998343
0.307864	-0.692824	0.652085
-0.114122	-0.471766	0.874307
-0.232923	0.409293	0.882171
0.0372462	0.257655	0.965519
0.614731	-0.631087	0.473112
-0.173949	-0.388678	0.904804
0.10096	0.532513	0.840379
-0.280459	-0.940337	-0.192639
0.368824	-0.455619	0.810173
-0.105248	-0.290885	0.950951
-0.214975	-0.684194	0.696896
-0.373663	-0.367221	0.851777
0.27699	-0.516889	0.810001
0.422932	0.480567	0.768234
-0.33386	-0.212091	0.918453
0.419127	0.468338	0.777812
0.216386	0.0271075	0.975932
-0.492014	-0.246975	0.834821
0.25748	-0.591553	0.764048
0.515391	-0.501595	0.69482
-0.127039	-0.138219	0.98222
0.0449175	0.383285	0.922537
-0.422396	0.0586703	0.904511
-0.186376	0.21738	0.958128
0.616492	-0.149895	0.772961
-0.428577	-0.157575	0.889658
0.0136618	-0.760047	0.649724
-0.702412	-0.0985557	0.704915
-0.00719242	-0.231327	0.97285
-0.425152	0.250564	0.869749
-0.216312	0.117686	0.969205
0.2448	-0.546967	0.800562
-0.169537	-0.245851	0.954366
0.336331	0.0103966	0.941686
-0.664012	0.00679102	0.747691
-0.77782	0.319624	0.541144
0.516509	0.0786187	0.852665
-0.427998	0.179422	0.885791
-0.109212	-0.326448	0.938885
0.391004	0.0726477	0.917518
0.158852	-0.169457	0.972651
0.888096	0.0320933	0.458535
-0.208913	-0.578317	0.788609
-0.282651	-0.494466	0.821956
-0.353436	-0.0894378	0.931173
-0.710631	0.508702	0.486031
0.0718473	0.149608	0.986132
-0.764197	-0.298688	0.571654
-0.832365	0.0423696	0.552606
-0.406996	-0.342876	0.846635
0.648287	-0.0172694	0.7612
0.332184	0.748115	0.574436
-0.602029	-0.331657	0.726337
0.424496	0.137038	0.894999
-0.3999	-0.297524	0.866925
-0.0860913	-0.33712	0.937517
-0.208631	-0.233513	0.949708
-0.0479222	-0.24517	0.968295
-0.276425	0.185362	0.94299
0.166474	0.234005	0.957877
-0.150608	0.0636928	0.98654
-0.27024	0.725415	0.633043
-0.433622	-0.190997	0.88062
0.563933	-0.209782	0.798731
0.13869	-0.432107	0.891094
0.0687556	0.126479	0.989584
-0.490483	-0.0259816	0.871064
-0.438309	-0.197774	0.876795
0.534221	0.8049	0.258348
-0.240289	-0.553372	0.797521
0.873485	0.0214665	0.486377
-0.57488	0.49266	0.653299
0.613037	-0.169124	0.77174
-0.492104	0.053162	0.868912
-0.00622941	0.0798509	0.996787
0.332158	0.892739	0.304446
-0.775285	0.179886	0.605453
0.369492	0.0142778	0.929124
-0.417705	0.0215699	0.908326
-0.525312	-0.320427	0.788273
-0.0462371	-0.164941	0.985219
-0.182506	0.34636	0.920177
-0.257727	-0.24069	0.935759
0.0913305	0.224885	0.970096
0.223173	-0.199788	0.954085
0.302351	0.287987	0.908651
-0.262983	-0.757081	0.598054
0.0323694	-0.0541156	0.99801
0.335666	-0.383312	0.860465
0.375049	-0.523692	0.764909
-0.469308	-0.308922	0.827234
-0.218249	-0.0276352	0.975502
0.794348	0.106571	0.598041
0.240951	-0.00529173	0.970523
0.453263	-0.519235	0.724533
0.586545	-0.26323	0.765947
-0.151079	-0.533766	0.832027
-0.690757	-0.390311	0.608698
0.2238	-0.641778	0.733509
-0.451008	0.136838	0.881968
-0.326306	0.369278	0.870148
-0.895595	-0.00656174	0.444823
-0.145697	-0.12353	0.981587
0.381079	0.548641	0.744159
0.345866	0.450781	0.822905
-0.65475	-0.299968	0.693773
-0.432388	-0.317296	0.844016
-0.0737319	-0.442764	0.893601
0.19407	-0.159735	0.967895
0.00139813	0.690301	0.723521
-0.309325	0.016082	0.950821
0.202763	0.587887	0.78312
-0.242652	-0.0291937	0.969674
-0.196085	-0.442589	0.875023
-0.424749	-0.409715	0.807293
0.164688	-0.0368556	0.985657
0.363032	0.162068	0.917574
-0.675718	0.0830408	0.732468
0.464812	-0.00453898	0.885398
-0.101323	0.501609	0.85914
-0.0399194	0.746978	0.66365
-0.381099	-0.7021	0.601515
-0.524744	0.220133	0.822305
0.527827	0.329062	0.783017
-0.339239	-0.282363	0.897323
0.0817958	-0.391248	0.916643
-0.0310969	-0.562024	0.826536
0.0629637	0.0545272	0.996525
-0.299659	-0.208536	0.930976
0.406112	-0.191061	0.893626
-0.159496	-0.150995	0.975583
-0.0405231	0.1342	0.990125
0.377848	0.489115	0.786128
-0.55946	-0.475734	0.678735
0.0505596	-0.60085	0.797761
-0.388381	-0.492801	0.778658
-0.498999	0.509993	0.700648
0.0463256	0.428073	0.902556
-0.265704	-0.583515	0.767406
-0.552297	0.377549	0.743253
-0.200907	-0.153103	0.967572
-0.212286	0.0543653	0.975694
-0.0247063	-0.130086	0.991195
0.00267402	-0.650992	0.75908
-0.512043	0.284542	0.810462
-0.569345	-0.716597	0.402909
-0.368741	-0.0130248	0.929441
0.299407	0.62531	0.720655
-0.00117435	-0.480566	0.876958
-0.464098	0.0322965	0.885195
0.0718588	-0.413313	0.907749
-0.609889	0.258773	0.749047
-0.359635	-0.791501	0.494155
-0.131873	-0.696348	0.705485
-0.178016	-0.000604223	0.984027
0.170507	-0.356622	0.918558
-0.448509	0.597643	0.664577
0.694758	-0.0439152	0.717902
-0.494797	-0.0768916	0.8656
-0.195022	0.644184	0.73959
0.651495	-0.299945	0.696841
0.162342	-0.321167	0.933004
0.2272	0.143218	0.963259
0.101133	-0.113816	0.988341
0.538865	-0.068383	0.839612
-0.304922	-0.00573948	0.95236
0.119399	0.359984	0.925287
0.652987	0.221439	0.724274
-0.381953	0.0257565	0.923823
0.245496	-0.15903	0.956264
-0.0888206	0.185803	0.978564
0.0471171	0.442165	0.895695
0.236745	-0.60195	0.762633
-0.138889	0.12971	0.981777
-0.314863	0.130075	0.940182
-0.412211	0.216806	0.884917
0.261482	-0.57376	0.776162
-0.489511	-0.167073	0.855842
-0.315047	-0.163013	0.934972
0.766423	0.460248	0.448071
-0.400808	-0.10352	0.910295
-0.101867	-0.420054	0.901764
-0.0683858	0.176614	0.981902
0.0244675	-0.392363	0.919485
-0.144119	-0.392211	0.908515
-0.000119454	-0.0824268	0.996597
-0.0616383	-0.275805	0.959235
-0.605988	0.226751	0.762471
-0.223654	0.00988951	0.974618
0.582233	0.471849	0.66209
0.0338451	-0.304827	0.951806
0.107517	0.123538	0.986498
0.340756	0.214752	0.915296
-0.12279	0.213328	0.969234
-0.410954	0.846253	0.339076
-0.00730962	0.099449	0.995016
-0.383146	-0.171739	0.907582
-0.326939	-0.287992	0.900095
-0.419278	0.478095	0.771771
-0.0847867	-0.0899416	0.992331
-0.204221	0.059051	0.977142
0.590846	0.0899349	0.801756
-0.00357302	-0.766948	0.6417
-0.0282668	-0.384683	0.922616
-0.543145	-0.0810457	0.835718
-0.645157	0.42199	0.636943
-0.370576	-0.164987	0.914031
-0.378004	-0.201202	0.903676
0.488392	-0.125877	0.863498
-0.241801	-0.224668	0.943958
0.209252	-0.0933545	0.973395
-0.243033	0.258491	0.934942
0.654886	0.0180135	0.755513
-0.440139	-0.476427	0.761114
0.079302	-0.14197	0.986689
-0.705954	-0.276127	0.652214
-0.444227	0.0296085	0.895425
-0.0631044	-0.315395	0.94686
-0.21827	0.397523	0.891254
0.0802506	0.105856	0.991138
0.212715	-0.201294	0.956155
0.376304	0.061628	0.924444
-0.12862	0.0366803	0.991015
0.285924	0.0982444	0.953203
0.281953	0.542472	0.791345
-0.54139	0.0993237	0.834884
-0.02534	-0.20507	0.978419
-0.543608	0.33403	0.770009
-0.187068	-0.302106	0.934739
0.38469	-0.398617	0.832537
-0.0785242	-0.657837	0.749056
-0.122268	-0.669315	0.732849
0.401447	0.115261	0.908601
-0.526708	-0.409503	0.744907
-0.416871	0.564469	0.712456
-0.140765	-0.44878	0.882486
0.351547	-0.328332	0.876706
-0.476183	-0.0467483	0.878103
-0.0306401	-0.718737	0.694606
0.277528	-0.364378	0.888936
0.611864	-0.459441	0.643845
0.162223	0.605034	0.779498
0.361934	-0.482862	0.797401
0.244261	-0.465334	0.850765
-0.420126	-0.138177	0.896884
0.616807	-0.070649	0.783938
-0.0441856	-0.367752	0.928874
0.0388462	-0.630907	0.774886
-0.464402	-0.0159939	0.88548
0.411215	0.0964481	0.906422
-0.704189	0.534856	0.466955
-0.353539	-0.10312	0.929719
0.0743559	0.785378	0.614534
-0.0717717	0.164154	0.98382
-0.248388	-0.480341	0.841175
-0.202295	-0.0761168	0.976362
0.299483	-0.376632	0.876618
0.196598	-0.331308	0.922813
-0.15068	-0.327925	0.93261
0.390801	0.559152	0.73118
-0.28654	0.265007	0.920688
-0.152102	0.0852081	0.984685
-0.261454	0.461623	0.847671
-0.320816	-0.103384	0.941482
0.0425725	-0.218141	0.974988
-0.227443	-0.208418	0.951226
-0.381214	0.285256	0.879377
-0.307723	0.519435	0.797179
-0.247427	-0.292837	0.923594
0.315199	-0.192324	0.929334
0.444786	0.317508	0.837469
-0.225541	0.162495	0.960587
-0.01804	0.0796296	0.996661
-0.425206	0.187938	0.885369
0.469226	-0.39669	0.788964
-0.0514482	-0.462938	0.884896
0.317366	0.343163	0.884035
-0.427735	-0.37005	0.824685
-0.0918653	-0.214805	0.972327
-0.217928	-0.0538886	0.974476
0.424972	0.687011	0.589418
0.84968	0.170045	0.499128
-0.469168	-0.35242	0.809742
0.215496	-0.742256	0.634521
-0.984546	-0.0144234	0.174534
-0.520681	-0.414481	0.746389
-0.17886	-0.346722	0.920757
-0.446221	-0.0131779	0.894826
0.144821	0.480509	0.86495
0.237053	0.242859	0.940651
0.524419	0.135968	0.840534
0.229571	-0.209306	0.95052
0.00904432	-0.0416723	0.99909
-0.736941	-0.14715	0.659746
0.128135	0.00731612	0.99173
-0.245231	0.186901	0.951278
0.397375	0.201386	0.895286
-0.0476333	0.137414	0.989368
-0.421966	0.599145	0.680419
0.0408291	0.399426	0.915856
-0.0103498	-0.130307	0.99142
-0.417915	-0.230749	0.878693
0.618863	-0.105836	0.778336
0.198674	0.182647	0.962896
0.0352711	0.0506359	0.998094
0.40405	0.208843	0.890577
0.140502	0.0244259	0.989779
0.201529	0.13364	0.970323
0.389816	0.0760862	0.917744
0.562988	-0.293797	0.772482
0.142893	0.0420769	0.988843
-0.169839	0.869032	0.464692
0.571965	0.320841	0.754929
0.146796	0.141759	0.978956
-0.0531252	0.414865	0.908331
-0.530202	0.148358	0.834791
0.406169	0.221126	0.886639
0.259888	0.1984	0.945037
-0.197422	-0.277146	0.940327
0.233819	-0.467151	0.852701
-0.056315	-0.0302783	0.997954
-0.66892	0.668978	0.32406
0.0604485	0.0573431	0.996523
0.054264	-0.671512	0.739004
-0.0697804	-0.075701	0.994686
-0.246444	-0.279941	0.927846
-0.379228	0.0571248	0.923538
0.306961	0.207135	0.928908
0.38618	0.260993	0.88473
0.00660149	0.278508	0.960411
0.165416	-0.681821	0.712571
0.267075	-0.447606	0.853416
-0.189061	0.0945962	0.977398
0.360872	-0.190976	0.912852
-0.0685965	0.363799	0.928948
0.113918	0.454027	0.883675
0.154334	0.100431	0.982901
0.690734	-0.111938	0.714392
-0.594243	0.252277	0.763696
-0.72833	0.270134	0.629733
0.0333717	0.237107	0.97091
-0.402875	-0.280702	0.871148
-0.121633	0.224979	0.966742
0.0982033	-0.0839951	0.991615
-0.664663	-0.731016	0.154398
0.242821	-0.47444	0.846135
-0.329992	0.518541	0.78881
0.444928	0.337188	0.829665
0.296764	0.127478	0.946404
0.464701	0.127309	0.876268
-0.284329	-0.185748	0.940561
-0.282635	0.148025	0.947737
0.298581	0.293128	0.908254
-0.481882	-0.2825	0.829448
0.398945	0.459602	0.793479
0.0912136	0.359391	0.928719
0.0883817	0.0576589	0.994416
-0.178867	0.696201	0.695205
0.15233	0.446011	0.881969
-0.090254	-0.472845	0.876511
-0.335914	-0.254296	0.906915
-0.370698	0.788155	0.491319
-0.0956974	-0.327852	0.93987
-0.133951	0.217885	0.966739
0.0549984	0.814444	0.57763
0.779146	-0.26954	0.565932
-0.396053	-0.104427	0.91227
-0.305148	-0.544551	0.781248
-0.22293	-0.293339	0.929653
-0.1969	0.344972	0.917728
-0.216616	0.304238	0.92764
-0.194499	0.0769805	0.977877
-0.248087	-0.591912	0.766872
0.0613148	-0.373868	0.925453
0.268222	-0.414333	0.869704
0.699945	0.150046	0.698257
-0.37734	0.0480982	0.924825
0.103836	0.130746	0.985963
-0.0260382	-0.146932	0.988804
-0.763169	0.574262	0.296306
0.400848	-0.347611	0.847637
-0.406453	-0.0273491	0.913262
-0.345496	0.0897871	0.934115
-0.0222282	-0.300787	0.953432
0.00376818	0.294801	0.955551
0.108698	-0.388855	0.914864
0.130538	-0.279437	0.951249
0.187586	-0.531655	0.825927
0.139771	0.585659	0.798416
0.0136317	0.48116	0.876527
0.346835	0.33362	0.876586
0.0832684	0.252364	0.964043
0.431755	-0.297529	0.851507
-0.016451	0.119631	0.992682
0.0586443	0.379595	0.923292
-0.402601	-0.0917801	0.910763
-0.00600919	-0.604063	0.796914
-0.392809	0.463905	0.794036
0.531159	0.161288	0.831779
0.628018	0.167047	0.760058
-0.515588	0.000670333	0.856836
-0.527745	-0.0841991	0.84522
-0.373047	0.561971	0.738258
-0.161288	-0.22214	0.961582
-0.0685147	0.583982	0.80887
0.468472	-0.188717	0.863087
0.20942	-0.433521	0.876472
-0.578115	0.0124253	0.81586
-0.0682106	0.471734	0.879099
0.120604	0.372092	0.920327
-0.539906	0.279821	0.793852
0.0853419	-0.246355	0.965415
-0.0701632	0.195501	0.97819
0.0872821	0.312911	0.945763
0.387816	-0.0080663	0.921702
-0.13911	0.373866	0.916991
0.0170591	-0.180165	0.983489
-0.127518	0.433917	0.891883
-0.491231	0.209004	0.845582
0.100718	0.493039	0.864158
0.459641	0.548526	0.698463
0.502479	0.742548	0.442874
-0.618079	-0.0438377	0.784892
0.383812	0.422381	0.821147
-0.199498	-0.166252	0.965692
-0.257929	0.584961	0.768956
-0.157357	-0.701705	0.694874
-0.272609	0.291095	0.917032
0.0388175	0.278334	0.959699
0.343823	-0.318371	0.883417
-0.311418	0.662173	0.681576
0.525453	0.390392	0.755972
0.164324	-0.308468	0.936934
0.666333	-0.178345	0.724012
0.329702	0.0360428	0.943397
0.212188	-0.548986	0.808449
0.503552	-0.316058	0.804079
0.0275618	-0.516016	0.856135
-0.147018	0.302989	0.941585
-0.0847267	-0.391121	0.916431
0.214159	0.390629	0.895291
-0.521331	-0.369835	0.769049
-0.279579	-0.213645	0.936051
-0.525512	-0.232863	0.818298
-0.0499405	-0.237101	0.970201
0.244434	0.164274	0.95565
-0.498459	0.564035	0.658334
-0.00642212	-0.0662189	0.997784
-0.293264	-0.384725	0.875205
-0.781747	0.583672	0.219543
-0.158231	-0.0583266	0.985678
-0.27422	-0.0817771	0.958184
0.440515	0.639228	0.630345
-0.147759	0.173345	0.973714
0.211645	0.00521005	0.977333
0.580231	-0.398782	0.710144
-0.61473	0.713907	0.335327
-0.383381	0.16309	0.909077
0.512612	-0.368223	0.775655
-0.273745	0.472797	0.837572
-0.615911	0.147307	0.773921
-0.354136	-0.0346616	0.934551
0.124467	0.221031	0.967292
0.776316	0.178966	0.604404
0.178255	0.0957672	0.979313
0.37317	-0.0257361	0.927406
0.238028	-0.293238	0.925934
-0.284837	-0.627253	0.724859
0.191816	0.0455809	0.980372
0.0268685	-0.0544216	0.998156
0.023614	0.237871	0.97101
-0.462966	0.16032	0.871757
0.240416	0.477682	0.844997
0.123533	-0.293618	0.947907
-0.321229	-0.148555	0.935277
0.25699	-0.0591551	0.964602
-0.343309	-0.657467	0.670728
0.242426	0.134723	0.96077
0.250794	0.00547968	0.968025
-0.529819	0.396241	0.749857
-0.161192	0.389283	0.906905
0.322828	-0.177093	0.929742
-0.451116	-0.380707	0.807191
-0.502545	0.0579192	0.862609
0.0163293	0.276222	0.960955
-0.321851	0.940834	0.106031
-0.0306546	0.721761	0.691463
0.284058	0.425375	0.859283
0.0393998	-0.805578	0.591178
-0.249448	-0.31157	0.916897
-0.165608	-0.284622	0.944227
0.180915	-0.249969	0.951202
-0.224332	0.305271	0.925464
0.0663685	-0.271773	0.96007
0.160054	-0.483777	0.860431
0.369321	-0.820669	0.43601
0.409355	-0.0319746	0.911815
-0.470024	-0.393276	0.790197
0.16697	-0.0491664	0.984735
-0.41384	0.0378779	0.909561
0.00777132	0.223119	0.97476
0.651238	-0.2813	0.704812
0.474484	-0.597382	0.64653
-0.356973	0.167214	0.919027
-0.291269	-0.622088	0.726753
-0.441851	-0.648649	0.619695
-0.424406	-0.739439	0.522598
0.347121	0.0225179	0.93755
-0.106107	0.519824	0.847658
-0.121876	-0.296441	0.947243
0.203001	0.392629	0.897013
0.635054	-0.741951	0.214975
-0.481184	-0.389804	0.785184
0.107397	-0.37632	0.920244
0.162971	-0.811302	0.561453
-0.275441	-0.0130436	0.961229
-0.435861	-0.281442	0.854877
0.432471	0.776215	0.458759
0.400495	-0.485327	0.777214
0.127446	0.769325	0.626016
0.605627	0.281066	0.744458
0.553773	-0.422158	0.717717
-0.716643	-0.197914	0.66877
-0.0545738	-0.0927056	0.994197
0.248046	-0.0220485	0.968497
0.899131	-0.133347	0.416872
-0.170043	-0.0657559	0.98324
0.0862984	0.342267	0.935631
0.425255	0.176129	0.887771
-0.346955	0.34917	0.870461
-0.15579	0.298362	0.941653
-0.125674	-0.0572031	0.990421
0.150507	0.699877	0.698226
0.56259	-0.253115	0.787036
0.521988	0.116634	0.844941
0.057309	0.598836	0.798819
-0.366062	-0.566179	0.738539
-0.27841	0.366325	0.887859
-0.342813	-0.134791	0.929683
-0.532125	0.0908491	0.841777
-0.39944	-0.139697	0.906053
0.154392	-0.116864	0.981074
-0.344385	-0.294035	0.891596
-0.197591	-0.0386901	0.979521
-0.430478	-0.471862	0.769438
0.554791	0.445531	0.702645
-0.438588	-0.371174	0.818456
-0.184494	-0.499261	0.846581
-0.074236	-0.210805	0.974705
-0.226637	-0.207466	0.951627
-0.527095	0.18812	0.828723
-0.724687	-0.124433	0.67775
-0.477402	-0.301497	0.82534
0.0985915	0.116046	0.988339
-0.323921	0.212758	0.921851
-0.183687	-0.332841	0.924919
-0.0629484	-0.466361	0.882352
-0.188791	-0.122939	0.974291
0.353677	0.0229115	0.935087
-0.736751	0.031753	0.675418
-0.0212816	-0.156045	0.987521
-0.731282	-0.0771972	0.677692
0.252304	0.431288	0.866218
-0.180744	-0.0056427	0.983514
-0.368945	-0.0375239	0.928693
-0.213177	-0.142276	0.966599
-0.240487	0.322241	0.915602
-0.121659	-0.0842123	0.988993
-0.10455	-0.27719	0.95511
-0.261762	0.180463	0.948111
0.571296	-0.158941	0.805207
-0.056009	0.0458965	0.997375
-0.358131	0.0677522	0.93121
0.0604387	-0.215563	0.974618
0.0212068	0.497777	0.867046
-0.259602	0.317936	0.911879
0.430243	0.163819	0.887724
0.228675	-0.340178	0.912133
-0.151796	-0.476759	0.865829
0.0210579	-0.315033	0.948847
0.0621105	-0.188937	0.980023
0.26361	-0.804115	0.532831
-0.0523432	-0.509546	0.85885
-0.340065	0.412925	0.844896
-0.851528	-0.122009	0.509915
0.305704	0.506014	0.806533
0.415364	0.229233	0.880298
-0.278621	-0.315977	0.906934
0.450937	0.214005	0.866521
0.0856516	-0.071538	0.993754
0.458514	0.279373	0.843632
-0.115802	-0.626184	0.771028
0.438888	0.0447305	0.897428
-0.815389	-0.12809	0.564565
0.285521	0.407594	0.867378
0.348239	-0.268195	0.898221
0.159413	0.172479	0.972028
0.244451	-0.0490644	0.968419
0.298119	-0.228938	0.926667
0.0327243	0.439432	0.89768
0.301065	0.0805371	0.950197
-0.176545	0.00704652	0.984267
0.430435	0.641058	0.635429
0.418923	-0.576811	0.701279
-0.56842	-0.179931	0.802822
0.408733	0.378477	0.830477
-0.108443	0.221054	0.969214
0.466248	0.597179	0.652679
-0.0341116	-0.336816	0.940952
-0.163459	-0.250207	0.954294
0.304665	-0.293591	0.906082
-0.402475	0.601538	0.690048
0.0692344	0.384205	0.920648
0.59577	0.522569	0.609901
0.360419	0.4729	0.80403
-0.304938	-0.278704	0.910679
0.0462203	0.0683283	0.996592
-0.436538	0.0555753	0.897968
-0.523707	0.353175	0.775241
-0.561401	-0.650661	0.511341
-0.300611	-0.327412	0.895787
-0.175859	-0.554305	0.813523
-0.623735	0.275978	0.731294
-0.435502	-0.667633	0.603825
-0.165555	-0.186968	0.968315
-0.505154	-0.571614	0.646589
0.0237569	0.436363	0.899457
-0.204926	-0.334547	0.919828
0.262388	-0.447889	0.854721
-0.0185144	-0.423072	0.905907
-0.175491	-0.318762	0.931447
0.311208	-0.16432	0.936028
-0.265691	-0.316158	0.910743
0.129831	-0.00473606	0.991525
-0.217506	-0.453239	0.864445
-0.0946532	0.348067	0.932679
0.543474	-0.253557	0.800216
-0.340413	0.44567	0.827947
0.46894	-0.132131	0.873291
0.0789021	-0.348821	0.933862
0.0866926	0.0816573	0.992883
0.683002	-0.669965	0.290956
-0.202474	0.187217	0.961225
-0.0662815	-0.449538	0.890799
-0.00483227	-0.43995	0.898009
0.34495	0.320644	0.882155
-0.453419	-0.022509	0.891013
-0.073565	-0.520751	0.850533
-0.468956	-0.386431	0.794199
0.154235	0.185174	0.970527
-0.690878	-0.433682	0.578453
-0.129222	-0.378042	0.916726
-0.0883646	0.471834	0.877248
0.323476	-0.684458	0.653361
0.108039	0.0838426	0.990605
0.0883567	-0.065369	0.993942
0.0407206	0.280792	0.958904
-0.139394	0.206215	0.968527
0.0762076	-0.495219	0.865419
-0.225222	-0.713711	0.663243
0.187867	-0.371265	0.909323
0.555974	-0.121182	0.822318
-0.155938	0.267987	0.950719
0.437266	-0.358832	0.824644
-0.149362	0.379431	0.913084
0.0290995	0.171345	0.984781
-0.261255	-0.649874	0.713729
0.265385	-0.600049	0.75466
0.0489289	-0.575523	0.81632
0.305427	-0.406322	0.861172
-0.0860547	-0.304084	0.94875
0.409482	-0.504893	0.759874
0.227076	0.307688	0.923994
-0.174547	-0.551955	0.815401
-0.31656	0.146166	0.937243
0.501612	0.199155	0.841857
0.252792	0.275662	0.927419
-0.61958	0.606151	0.4987
-0.63608	-0.38061	0.671221
0.00378196	-0.662574	0.748987
-0.588017	-0.0990443	0.802761
0.255413	-0.26842	0.928825
0.234619	0.483537	0.843294
-0.362451	0.284594	0.887488
-0.0287628	-0.470716	0.881816
0.50804	0.250265	0.824174
0.327003	0.235467	0.915218
-0.451242	-0.0582133	0.890501
0.362115	0.754399	0.547498
-0.0614083	-0.385909	0.920491
-0.830248	-0.268835	0.488279
0.389875	-0.340392	0.855646
0.0175884	-0.224535	0.974307
-0.458185	0.096508	0.883602
-0.453647	0.3592	0.815585
0.395577	-0.197641	0.896915
-0.163642	0.201572	0.965707
-0.582961	-0.0724875	0.80926
0.253052	-0.164247	0.953408
-0.163114	-0.432424	0.886794
-0.304349	0.156679	0.939587
-0.0405489	0.134268	0.990115
-0.301406	-0.152007	0.941301
-0.370771	-0.844413	0.386647
0.234328	0.280751	0.930736
0.175475	-0.0116313	0.984415
0.269346	0.412245	0.870349
-0.601612	-0.335417	0.724955
0.304587	-0.255961	0.917448
0.145238	-0.172366	0.974267
0.265796	-0.22043	0.93849
0.215283	0.70825	0.672336
-0.439463	-0.387485	0.810387
-0.0993903	0.0450245	0.994029
-0.474828	-0.252324	0.843131
-0.095591	-0.540872	0.835655
0.353762	0.340316	0.871228
0.209519	0.0341503	0.977208
-0.028841	-0.245354	0.969004
-0.0874767	0.41535	0.905446
-0.192521	-0.00536513	0.981278
0.042569	0.0742454	0.996331
0.0126937	0.0108113	0.999861
0.305767	0.255961	0.917055
-0.35474	-0.149081	0.923003
0.428091	-0.742417	0.51532
0.52803	0.241565	0.814144
0.435334	-0.0578198	0.89841
-0.285496	-0.0589457	0.956565
-0.519057	-0.482138	0.705778
-0.169541	0.229226	0.958494
0.113279	0.725442	0.678897
0.36866	-0.199732	0.907853
0.2675	-0.202519	0.942035
0.414313	0.418769	0.80807
-0.0856479	-0.0853232	0.992665
-0.593365	-0.224744	0.772921
-0.207812	-0.184768	0.96056
0.289169	0.503909	0.813915
0.370426	0.319724	0.872101
-0.496899	-0.077875	0.864307
0.322282	-0.118312	0.939221
-0.594522	-0.315413	0.739634
-0.141718	-0.0392448	0.989129
-0.3621	-0.553724	0.749849
0.402398	-0.322498	0.856779
0.793538	0.0254865	0.607987
-0.894647	-0.0322367	0.445609
-0.637631	-0.283867	0.716132
-0.235653	0.0993764	0.966743
-0.0356705	-0.134451	0.990278
0.525511	0.177281	0.832112
-0.651319	-0.19014	0.734596
-0.0291558	0.383697	0.922999
0.222299	-0.01191	0.974906
-0.0770763	-0.0874384	0.993184
-0.22463	0.333423	0.915626
0.506861	-0.130946	0.852024
0.00721	0.0835867	0.996474
-0.279839	-0.0481979	0.958836
0.181175	0.0637854	0.98138
0.538752	0.344921	0.76862
0.328949	0.469903	0.819136
-0.732158	0.104623	0.673052
0.273836	0.384635	0.881516
0.0794902	0.115986	0.990065
-0.420897	-0.869469	0.25859
-0.471003	-0.220809	0.854049
0.292264	0.233922	0.927288
0.262847	0.280904	0.923041
0.752768	0.300569	0.585661
-0.295372	0.427311	0.854495
-0.143939	0.435652	0.888532
-0.226528	-0.203216	0.952569
0.0886869	-0.043754	0.995098
-0.315692	0.268232	0.910159
0.252343	-0.00796108	0.967605
0.302899	0.486007	0.819786
0.487986	0.130407	0.863055
-0.20353	0.845714	0.493299
0.594201	0.112468	0.796415
0.464297	0.00775113	0.885646
0.320759	0.699121	0.639018
0.173734	0.101938	0.979502
-0.108874	-0.730572	0.674101
-0.360911	-0.186502	0.913761
-0.375283	0.0377445	0.926141
-0.140363	-0.513529	0.846514
-0.316587	-0.25281	0.914254
-0.0172969	-0.360713	0.932517
-0.273171	-0.15211	0.949863
-0.271353	-0.568967	0.776301
-0.876298	-0.132148	0.463292
-0.169087	-0.495385	0.852058
-0.0809252	-0.77467	0.627166
-0.455096	-0.222388	0.862225
0.413158	-0.254363	0.874414
-0.171917	0.0480559	0.983939
0.0999513	-0.384283	0.917789
0.318886	-0.474456	0.82049
-0.440021	-0.0619803	0.895846
-0.112322	-0.0265705	0.993317
0.29333	-0.0642127	0.953852
-0.0694586	-0.175224	0.982075
-0.298039	-0.138075	0.944515
0.471936	-0.273012	0.838296
0.101517	-0.416211	0.903584
0.340477	-0.00121153	0.940252
-0.341441	0.176724	0.92314
0.0829136	-0.945611	0.314556
-0.153203	0.158188	0.975451
-0.0476173	-0.679095	0.732505
-0.11392	0.306295	0.945095
-0.127786	0.0910121	0.987617
-0.527594	0.167505	0.832818
0.423914	0.422452	0.801144
0.709803	-0.152939	0.687597
-0.550658	-0.45573	0.699347
-0.649953	-0.639221	0.411046
-0.144829	-0.112718	0.983015
-0.205985	0.172725	0.963191
0.19879	0.0168738	0.979897
0.505412	0.490041	0.710224
0.401164	-0.33867	0.851099
0.249279	0.255341	0.934163
-0.685974	0.00285263	0.72762
0.0164459	0.371755	0.928185
-0.480124	-0.0253829	0.876833
0.241374	0.0976403	0.965508
-0.755312	-0.349671	0.554286
0.00860771	-0.397021	0.917769
0.394746	0.587275	0.7066
-0.432637	0.397927	0.808999
-0.197382	0.129841	0.97169
-0.511112	0.155341	0.84536
0.146821	-0.584596	0.797929
-0.108205	0.137725	0.984542
-0.220742	-0.561067	0.797795
0.195961	-0.434483	0.879104
-0.0190769	0.295171	0.955254
0.0222016	0.235828	0.971541
-0.484213	0.153491	0.861382
-0.390097	0.311452	0.8665
0.309077	-0.624183	0.717542
0.141302	0.24425	0.959362
0.0382901	0.000846159	0.999266
0.155651	0.268301	0.950677
-0.185774	0.147357	0.97148
0.191518	-0.0725183	0.978806
0.433462	0.282522	0.855741
0.525134	-0.12023	0.842484
-0.119988	-0.222864	0.967437
-0.384789	0.791348	0.475085
-0.0297109	-0.00187122	0.999557
0.183428	-0.451483	0.873223
0.210505	-0.0648392	0.97544
0.357027	-0.100968	0.928621
0.589326	0.0499797	0.806348
-0.235944	-0.362204	0.901742
-0.179859	0.397374	0.899858
0.323954	0.326307	0.888019
-0.0306046	-0.606866	0.794215
-0.0296072	-0.329184	0.943802
0.180175	-0.00509399	0.983621
0.284187	0.0573174	0.957054
-0.465974	0.333692	0.819462
-0.803347	0.427807	0.414264
-0.430258	0.292348	0.854055
0.0842191	-0.414623	0.906088
-0.405772	-0.0466395	0.912783
-0.632157	-0.159989	0.758143
0.351039	-0.213493	0.911698
-0.0997592	0.477292	0.873064
0.076204	0.366677	0.927222
-0.649782	-0.213015	0.729663
-0.344694	-0.170273	0.923143
0.357314	-0.665601	0.655212
-0.677097	-0.151335	0.720165
0.245662	-0.115707	0.962425
-0.248758	-0.188669	0.950012
-0.157832	-0.240969	0.957613
0.11659	-0.664571	0.738073
-0.381167	0.188275	0.905132
0.0675092	-0.244491	0.967299
0.344392	-0.120635	0.931043
0.0930021	-0.0815268	0.992323
-0.333228	-0.50175	0.798252
-0.167031	0.393958	0.903824
0.233969	-0.354751	0.905213
-0.432378	0.626537	0.64846
0.373914	0.461977	0.804217
0.238841	0.395828	0.886722
0.426605	-0.27793	0.860676
-0.409475	0.478012	0.777068
-9.09459e-05	-0.10378	0.9946
0.196314	0.823526	0.532227
0.410549	0.155021	0.898565
0.562631	-0.228756	0.794429
-0.217345	0.120744	0.968598
-0.109786	-0.28236	0.953006
0.399812	-0.126469	0.90783
0.146011	0.378057	0.914196
0.242799	0.394464	0.886254
-0.398678	0.208548	0.893064
-0.626074	0.384104	0.678598
0.135799	0.0264773	0.990383
0.319203	-0.496496	0.807218
0.11727	-0.260376	0.958359
-0.352118	0.0285719	0.93552
0.569952	0.246735	0.783758
0.222148	0.16888	0.960276
0.509724	0.455629	0.729783
-0.480766	0.341719	0.807523
-0.204011	-0.198921	0.958546
-0.0142443	0.248152	0.968616
0.32868	0.153431	0.931895
0.896487	0.0366812	0.441549
0.624181	0.380164	0.682549
-0.699485	-0.10641	0.706681
0.061671	0.276499	0.959033
0.0917913	0.213424	0.972638
0.143572	-0.583872	0.79905
0.460201	-0.0875949	0.883483
-0.193545	-0.343728	0.918908
0.409564	-0.0727862	0.909373
-0.0925394	0.598088	0.79607
0.566433	0.364529	0.739102
0.718326	-0.0529857	0.693686
-0.0300782	0.185324	0.982217
-0.911585	0.177522	0.370809
0.181498	-0.294265	0.938332
-0.195022	-0.248033	0.948918
-0.507768	-0.399631	0.763195
0.835114	-0.321693	0.446204
0.0659685	0.0878712	0.993945
0.194055	-0.118231	0.97384
-0.145525	0.161914	0.976016
-0.00924651	0.264235	0.964414
-0.521422	0.299594	0.798976
-0.082543	-0.106146	0.990919
-0.15343	-0.501922	0.851195
-0.321344	0.40101	0.857863
-0.246375	-0.748686	0.615442
0.529355	0.206284	0.82294
0.160903	0.182379	0.969973
0.0595231	-0.0297132	0.997785
-0.178341	-0.0646646	0.981842
0.100762	-0.208841	0.972745
0.434419	0.357362	0.826785
-0.626594	-0.115667	0.770715
0.209141	0.187105	0.959819
0.263972	-0.775256	0.573845
0.447331	0.350511	0.822823
-0.361369	0.619697	0.696698
0.209971	-0.265711	0.940909
0.376282	0.270677	0.886084
-0.514223	0.312753	0.798599
0.614769	0.251084	0.747674
-0.0162558	-0.147798	0.988884
-0.493427	0.131921	0.859725
-0.282	-0.555937	0.781927
-0.148493	0.420176	0.895211
0.168583	-0.724151	0.668719
-0.265108	-0.582008	0.768755
-0.971795	-0.179183	0.153324
0.424424	-0.407699	0.808484
-0.424458	0.48215	0.766398
-0.0947329	0.325863	0.940659
0.763438	-1.52285e-05	0.645881
-0.202453	-0.60742	0.768149
-0.550843	-0.294533	0.780912
0.153116	-0.0600129	0.986384
0.614935	-0.117313	0.779803
-0.11429	-0.232348	0.965895
0.115756	-0.474113	0.872821
0.447645	-0.383533	0.807785
0.396495	-0.138721	0.907496
0.479135	-0.29364	0.827167
0.463597	0.104714	0.879837
0.761146	-0.134911	0.634394
-0.495582	-0.243732	0.833663
-0.321807	-0.471488	0.82106
0.491979	0.00759493	0.870574
-0.115075	-0.188526	0.975303
0.123566	-0.411951	0.902789
0.287281	-0.441692	0.849928
-0.0592844	0.0470899	0.99713
-0.135254	0.474319	0.869901
0.190252	-0.219366	0.956913
0.113236	0.353605	0.928516
-0.0793123	-0.12485	0.989001
-0.0755716	0.316229	0.945668
-0.0372628	-0.0438461	0.998343
-0.316268	0.185414	0.930374
-0.339615	0.23536	0.910641
-0.153035	-0.209283	0.965806
0.34021	0.14025	0.929832
-0.0103444	0.126283	0.99194
0.0624799	0.0812464	0.994734
0.302119	0.0622858	0.951233
0.0132034	-0.00834032	0.999878
0.096721	-0.172347	0.980276
-0.178058	-0.694414	0.697197
0.0960388	0.0945223	0.990879
-0.357239	-0.585223	0.727939
0.215294	0.248086	0.944511
-0.348488	0.191296	0.917585
-0.906804	-0.386967	0.167219
0.327342	0.185181	0.926583
0.232525	-0.0206318	0.972371
0.104228	-0.516229	0.850085
-0.247381	0.474293	0.844896
-0.277678	-0.316867	0.906913
0.575407	0.214851	0.789142
-0.302641	0.294596	0.906433
-0.136887	0.793696	0.592713
0.743909	0.434079	0.508109
-0.454994	0.280048	0.845313
0.619783	-0.258809	0.740869
-0.240572	-0.0166742	0.970488
-0.335377	-0.75326	0.565792
-0.379116	-0.272432	0.884337
-0.526012	0.207712	0.824722
-0.536247	0.244847	0.807768
-0.164105	0.25653	0.952503
0.0257004	-0.661727	0.749304
0.338109	-0.441343	0.831203
-0.131197	0.192196	0.972547
0.444861	-0.275478	0.85218
-0.107103	-0.13501	0.985039
-0.173097	0.386362	0.905959
0.13222	0.589209	0.797089
0.355818	-0.11385	0.927595
0.260826	-0.20482	0.943408
-0.355554	-0.661925	0.659876
-0.150712	-0.263826	0.952723
0.381116	0.211693	0.899965
0.504046	-0.456048	0.733456
0.205955	0.552628	0.80758
-0.715548	-0.64097	0.277757
-0.462317	0.26007	0.847718
-0.395606	-0.687722	0.608715
0.0867845	-0.0305904	0.995757
0.168302	0.399181	0.901293
-0.0052046	0.825075	0.565
0.756529	0.198876	0.622986
0.0483449	-0.151029	0.987346
-0.20947	0.583317	0.784769
0.156568	-0.142139	0.977386
-0.0147754	-0.409928	0.911998
0.289119	0.522556	0.802088
0.148644	0.173261	0.973594
0.256552	0.184323	0.948792
-0.727841	0.143222	0.670623
-0.355701	0.00661812	0.934576
-0.0295553	-0.486709	0.873064
0.0462386	-0.258411	0.964928
-0.625432	0.0236049	0.779922
0.447846	0.127837	0.884925
0.84597	-0.0644224	0.529324
-0.258588	-0.128526	0.957399
-0.053499	0.044478	0.997577
0.00178791	0.315046	0.949075
-0.353347	-0.189011	0.916199
-0.214624	-0.0605455	0.974818
0.139935	0.368372	0.919087
0.307492	0.018369	0.951373
0.145846	0.568842	0.809412
0.683197	0.523714	0.508886
-0.0079671	0.120335	0.992701
0.314705	-0.0662586	0.946874
0.559048	0.0566616	0.827197
-0.222939	-0.40674	0.885924
-0.369757	-0.299987	0.879368
-0.291502	0.617797	0.730311
0.654402	0.0247026	0.755743
-0.341134	-0.0883752	0.935851
0.27326	0.187799	0.94343
0.374073	-0.311554	0.873501
0.160251	0.000810947	0.987076
-0.570957	0.601611	0.558634
-0.462616	0.141816	0.875143
0.599264	0.345094	0.722352
-0.453531	0.23174	0.860585
-0.139398	0.145839	0.979438
-0.368622	0.0787502	0.926238
-0.358714	-0.128141	0.92461
-0.109517	0.576747	0.809548
-0.235882	-0.124356	0.963792
0.216942	0.364781	0.905467
-0.0487237	0.465282	0.88382
-0.260356	-0.075341	0.962569
0.0737414	0.00741695	0.99725
-0.423507	-0.0615116	0.903802
-0.681313	-0.330191	0.653289
0.38336	-0.0258747	0.923236
0.157107	-0.511365	0.84488
0.365013	-0.847521	0.385321
-0.129935	-0.323966	0.937104
0.257323	-0.200489	0.945299
-0.925347	-0.00100492	0.379119
-0.115764	-0.141259	0.983181
-0.157174	0.00647598	0.98755
-0.0745625	-0.40054	0.913241
-0.160556	-0.411223	0.897284
0.177334	0.2666	0.947353
0.106924	0.513529	0.851384
-0.463968	-0.750136	0.471201
-0.295974	-0.707953	0.641251
-0.17648	-0.24393	0.9536
-0.092274	0.00171816	0.995732
-0.116617	-0.694393	0.710084
-0.273183	0.0234404	0.961677
-0.0543401	0.0501524	0.997262
-0.162697	-0.232155	0.958975
-0.68688	-0.209634	0.695881
0.428108	0.379308	0.820274
0.0414895	-0.181344	0.982544
0.113145	-0.375908	0.919723
0.0312546	0.236636	0.971096
0.228367	-0.713379	0.662524
0.399	0.553298	0.731205
-0.410572	-0.438945	0.799223
0.25135	0.363668	0.896977
-0.191026	-0.159469	0.968545
-0.211862	-0.089684	0.973176
0.220975	0.237754	0.945856
-0.266077	-0.204425	0.942026
0.160284	-0.114502	0.980407
0.101192	0.71624	0.690479
0.566697	-0.293436	0.769903
0.0265021	-0.314488	0.948891
0.312669	0.0958634	0.945012
0.411179	-0.0629042	0.909382
-0.416077	0.18347	0.890629
-0.285488	0.106547	0.952441
0.140464	0.0015799	0.990084
-0.223971	-0.0556118	0.973008
-0.0832693	0.169602	0.981988
-0.299121	-0.598317	0.743332
-0.304241	-0.364803	0.879975
-0.177307	-0.720557	0.670343
-0.301532	0.449211	0.841004
-0.42585	0.278546	0.860851
0.25876	0.12379	0.957977
0.106723	0.696273	0.709799
-0.384995	-0.0369216	0.92218
0.00999579	-0.529578	0.848202
-0.501369	-0.286214	0.816524
-0.0435968	-0.379798	0.924041
-0.435167	-0.211833	0.875075
0.488327	-0.22294	0.843703
-0.564242	0.801758	0.197016
0.230545	-0.235318	0.944179
-0.12147	-0.870933	0.476153
-0.720722	0.22309	0.656346
0.363331	0.368403	0.855728
-0.32735	-0.416963	0.847929
-0.253845	-0.407502	0.877214
0.0760223	-0.39714	0.914604
0.00296646	-0.49812	0.867103
-0.0576223	-0.0197282	0.998144
-0.430189	0.0453857	0.901597
-0.0419676	-0.647138	0.761217
0.719756	-0.375138	0.584143
-0.382468	0.622244	0.68303
-0.156174	-0.620359	0.768612
-0.0368425	-0.559365	0.828102
0.344234	-0.299225	0.889926
-0.0882473	-0.339551	0.936439
0.436706	-0.197522	0.877652
0.364781	-0.284335	0.886616
0.174823	-0.34655	0.921597
-0.245816	-0.711993	0.657754
0.00922004	-0.448747	0.893611
0.10156	0.00104165	0.994829
-0.304129	0.00598905	0.952612
-0.193027	0.045351	0.980145
-0.183806	0.441462	0.878252
-0.257179	0.41651	0.871997
-0.219302	0.0960766	0.970915
0.335841	-0.114937	0.93488
-0.178362	0.86986	-0.459925
0.228935	0.550049	0.803141
0.386616	-0.751964	0.533927
0.23116	0.0189977	0.97273
0.45894	0.117258	0.880696
0.398671	0.743986	0.536233
0.300416	0.46724	0.831527
-0.0636176	0.0776875	0.994946
-0.440742	-0.0602775	0.895608
0.220206	0.398029	0.890552
-0.155155	-0.231078	0.960484
-0.790843	-0.300728	0.533039
-0.619956	0.287	0.730264
0.775034	0.287857	0.562548
-0.0243288	-0.320853	0.946817
0.0758592	0.481697	0.873048
-0.265116	0.00557126	0.9642
0.165963	0.316425	0.933987
0.0329677	-0.617654	0.785759
0.0938871	0.260589	0.960874
-0.329317	-0.537895	0.776028
-0.236603	-0.255554	0.937396
0.328384	-0.41738	0.847324
0.853576	-0.516976	0.06437
-0.315122	0.0684854	0.946577
0.0168143	0.467354	0.88391
0.33789	0.523389	0.782237
0.508942	-0.108384	0.85395
0.166024	-0.452103	0.876378
-0.296622	-0.292463	0.90911
0.32888	0.085879	0.940459
0.376414	-0.396329	0.837398
-0.0383139	0.329229	0.943472
0.226697	0.332229	0.91555
-0.347588	-0.0628642	0.935538
-0.350077	0.185461	0.918178
-0.0858783	-0.442886	0.892456
0.167026	-0.133182	0.976916
0.101293	0.0759064	0.991957
0.229725	0.0393499	0.97246
-0.0192364	-0.842214	0.538801
-0.22256	-0.0184925	0.974744
0.19351	0.294827	0.935752
-0.22563	-0.0134956	0.97412
-0.149783	-0.798071	0.58365
0.484809	-0.0803703	0.87092
0.00989974	-0.368861	0.929432
-0.342677	-0.100143	0.934101
0.215753	-0.196195	0.956534
0.0181563	-0.732104	0.680951
-0.0803964	-0.665721	0.741857
-0.46124	0.308366	0.831966
0.795731	0.0954654	0.598078
0.29115	0.23842	0.926492
-0.168541	0.363731	0.91613
0.806972	0.133517	0.5753
0.00684514	0.188312	0.982085
0.377222	0.192629	0.905869
0.00361863	-0.241475	0.9704
-0.232905	-0.187165	0.954319
0.40891	-0.370452	0.834001
-0.187911	-0.393917	0.899733
0.208472	0.598083	0.773845
-0.529953	0.0881875	0.843429
0.640561	-0.242151	0.728728
0.437222	0.173842	0.882392
-0.131514	0.157645	0.978699
0.888135	0.131192	0.440461
0.204542	-0.151364	0.967084
-0.351173	-0.0776096	0.933089
0.615634	0.58409	0.528994
0.512559	0.172089	0.841231
-0.25361	0.172746	0.951757
-0.0981377	-0.482283	0.870501
-0.554512	-0.582688	0.594131
-0.0541323	0.560593	0.82632
-0.232989	-0.374009	0.897682
-0.295608	-0.252966	0.921208
0.0245944	-0.0521886	0.998334
0.530334	0.447526	0.720046
-0.417645	0.212622	0.883383
-0.156897	-0.214717	0.963992
0.184812	0.356553	0.915814
0.0179345	0.29718	0.954653
0.244077	-0.915138	0.320855
0.0333983	-0.0451135	0.998423
0.174487	0.32811	0.928385
0.116829	-0.275435	0.954194
0.70494	0.36345	0.609068
0.405975	-0.140023	0.903094
0.120182	-0.119988	0.985474
0.313573	-0.220637	0.923575
-0.0140548	-0.839852	0.542633
0.321949	0.0323853	0.946203
-0.241642	-0.640438	0.729005
0.426321	-0.701671	0.570883
0.434732	-0.364136	0.823658
0.0806581	0.256212	0.96325
-0.556733	-0.067313	0.82796
0.695789	-0.175434	0.696491
0.0256803	-0.349942	0.936419
0.224542	0.207649	0.952083
-0.729827	0.277744	0.624668
0.211383	0.112925	0.970858
-0.758141	0.501131	0.417241
-0.210187	0.426559	0.879698
-0.22004	-0.463379	0.858407
0.0347896	0.43201	0.901197
-0.695053	0.236172	0.679062
-0.236101	0.462013	0.854868
0.152651	0.0936122	0.983837
-0.231423	-0.204564	0.951103
0.0806843	-0.258975	0.962508
0.0615653	0.339648	0.938536
0.324981	-0.0628983	0.943627
-0.522289	0.342154	0.781118
-0.381044	-0.316224	0.868797
0.435948	0.6128	0.659109
-0.525494	-0.154033	0.836738
-0.62062	0.0962668	0.77818
0.574207	-0.0787617	0.814913
0.0973226	-0.364172	0.926233
-0.140233	-0.335514	0.931539
0.229384	-0.204426	0.951627
0.262812	-0.182859	0.947361
-0.341194	0.067368	0.937576
-0.365406	-0.291403	0.88406
0.394636	-0.0101787	0.918781
0.282819	0.422244	0.861234
-0.304804	-0.307727	0.901332
0.810118	0.460722	0.362552
-0.291678	-0.321177	0.900982
0.00618773	0.532874	0.846172
-0.374769	-0.00297949	0.927113
-0.0642574	-0.457277	0.887
-0.706281	0.194477	0.680695
-0.723848	0.429891	0.539665
0.127072	-0.0460284	0.990825
-0.369169	-0.499525	0.783702
-0.218581	-0.0445408	0.974802
-0.34749	0.0544244	0.936103
-0.459612	-0.143015	0.876529
-0.201295	-0.122318	0.971864
-0.102704	0.234931	0.966571
-0.253335	0.000615941	0.967378
-0.155092	-0.0153667	0.98778
0.0652801	0.104539	0.992376
0.135177	-0.438206	0.888652
-0.272913	-0.43915	0.855959
-0.326481	-0.175972	0.928679
0.613031	0.447265	0.651266
0.844838	-0.294271	0.446825
0.0643456	-0.229521	0.971174
-0.0909563	0.205289	0.974466
0.34686	0.515232	0.783725
-0.863528	-0.387921	0.322237
0.894768	-0.0805961	0.439197
0.531237	0.168205	0.830358
-0.333163	0.120845	0.935093
-0.0907432	-0.505981	0.857758
0.290021	0.00945453	0.956974
0.438543	0.221625	0.870955
0.0470803	0.167382	0.984767
-0.256652	-0.118421	0.959222
-0.61556	0.545926	0.568375
-0.338789	0.431056	0.836309
0.0107482	-0.0750893	0.997119
0.16555	-0.175472	0.970465
0.284559	0.42551	0.85905
-0.532976	-0.0881901	0.841522
-0.11777	-0.543937	0.830821
-0.41339	0.293184	0.862063
0.255692	0.0918899	0.962381
-0.0986343	0.284264	0.953659
-0.925396	-0.0743544	0.371635
-0.103454	-0.385679	0.916815
0.178222	-0.177142	0.967914
-0.280643	-0.52999	0.800219
-0.554912	-0.427934	0.713404
0.336096	-0.352278	0.873464
0.209672	-0.22763	0.950906
-0.651668	-0.563618	0.507606
0.557318	-0.124534	0.820907
0.689146	0.656059	0.307674
-0.0494829	0.0103094	0.998722
-0.345317	-0.098931	0.933257
-0.649579	0.167807	0.741544
0.105747	-0.413605	0.904295
-0.188572	0.169496	0.967322
-0.318019	-0.799761	0.509162
-0.621603	-0.0302428	0.782749
-0.0703464	0.451243	0.889624
-0.672268	-0.00641765	0.74028
0.546361	0.410208	0.730219
0.438381	0.00587627	0.89877
0.128564	0.143922	0.981202
0.305988	-0.141835	0.941411
0.0424805	-0.0393868	0.998321
-0.38071	-0.153742	0.911824
-0.539235	-0.783519	0.308747
0.676312	-0.0684752	0.733426
-0.179407	0.296446	0.938048
-0.428932	-0.152908	0.890301
-0.227711	-0.0401244	0.972902
0.0333729	-0.100271	0.9944
-0.803258	-0.31325	0.506607
-0.39099	-0.591294	0.705335
0.216008	-0.320395	0.922327
0.168452	-0.226519	0.95933
0.489375	-0.693332	0.528964
0.332571	-0.261783	0.906017
0.38456	0.0961581	0.918078
0.471503	-0.731435	0.492634
-0.671874	-0.166938	0.721607
-0.119791	0.235451	0.964476
0.185026	0.580343	0.793075
-0.197087	-0.638292	0.744137
-0.37847	0.282144	0.881564
0.222761	0.808447	0.544785
0.291707	0.416559	0.861038
0.489563	-0.266187	0.830345
0.42909	0.364854	0.826295
0.0518967	-0.0133817	0.998563
-0.309185	0.581726	0.75233
0.0500526	0.578622	0.814059
0.171983	0.461393	0.870367
-0.175638	0.467627	0.8663
0.359948	0.486508	0.796082
-0.31177	-0.296487	0.902715
-0.00512932	-0.00998567	0.999937
0.464395	-0.0938525	0.880641
-0.0832966	0.18931	0.978378
-0.223118	0.053827	0.973304
0.0856394	-0.164043	0.982729
0.609875	0.429782	0.665837
0.108053	0.216696	0.970241
-0.498906	0.230134	0.835542
0.454741	-0.413619	0.788752
0.0138257	0.557205	0.83026
-0.313761	0.190269	0.930243
-0.412202	-0.554884	0.72263
0.401953	0.00474368	0.915648
0.361468	-0.180422	0.914762
-0.685573	-0.111361	0.719436
0.63082	0.275744	0.72528
0.221363	-0.614182	0.757482
-0.0604561	-0.546981	0.834959
0.452927	0.438208	0.776422
-0.50844	-0.378743	0.773333
0.153111	-0.0907711	0.984031
0.0604463	0.129729	0.989705
0.352225	0.623098	0.698346
0.477303	-0.169704	0.862197
-0.295384	-0.777902	0.554631
0.027094	-0.0117383	0.999564
-0.529831	-0.320733	0.785117
-0.540641	-0.353966	0.763161
-0.205008	-0.52622	0.825266
-0.0444327	-0.545025	0.837241
0.47124	-0.337878	0.814722
0.340414	0.0754055	0.937247
0.430172	0.20509	0.879141
0.262955	0.309859	0.913697
-0.194088	0.242715	0.950484
0.0722991	-0.35998	0.930154
-0.574065	-0.173216	0.800278
-0.53059	-0.422857	0.73462
0.134503	-0.646298	0.751138
-0.2211	-0.48257	0.847491
0.343972	-0.387541	0.855275
-0.073399	0.548887	0.832668
0.191548	0.541706	0.818452
0.196428	0.192002	0.961536
-0.638398	0.384456	0.666814
0.0718051	-0.0793539	0.994257
0.285798	-0.35463	0.890257
-0.0450688	-0.421294	0.905804
0.124685	0.295287	0.947238
0.341358	-0.0263023	0.939565
0.422472	0.0352978	0.905688
-0.704716	-0.103407	0.701914
0.0482164	-0.0593862	0.99707
0.52198	0.220996	0.823831
0.587534	-0.0348399	0.808449
-0.201386	0.532194	0.822322
0.185266	0.369366	0.910629
-0.266792	0.303657	0.914666
0.0954608	0.518172	0.849932
-0.176311	0.313048	0.933229
0.182526	0.130652	0.974482
0.327162	0.341011	0.881292
-0.0269648	0.290935	0.956363
0.15912	-0.679466	0.716244
-0.207388	-0.527552	0.82382
-0.120774	-0.148749	0.981472
-0.227232	-0.296056	0.927748
0.207792	0.71739	0.664962
-0.309934	0.187521	0.932082
-0.150337	0.405561	0.90162
-0.128597	-0.596308	0.792389
0.175611	-0.0657741	0.98226
-0.354884	-0.0814291	0.931358
0.254127	-0.467729	0.846551
-0.16114	0.543139	0.824035
-0.0475475	-0.0934048	0.994492
0.0840521	-0.0530569	0.995048
-0.216875	0.44396	0.869405
0.352982	0.0259851	0.935269
-0.544921	-0.0879091	0.833866
-0.0548406	0.112179	0.992174
-0.652796	0.442274	0.615022
0.0572991	-0.415146	0.907949
0.953595	-0.0995138	0.284173
-0.650465	0.123755	0.749387
0.130566	-0.0250458	0.991123
-0.30498	0.728742	0.613125
-0.215202	-0.381502	0.898968
-0.186961	-0.308806	0.932569
-0.741959	0.147352	0.654053
-0.323911	0.330045	0.886652
-0.62782	-0.223193	0.745672
0.29305	0.0758142	0.953086
-0.33718	-0.246243	0.908666
-0.502954	-0.453064	0.73605
0.287495	-0.187154	0.939319
0.132966	-0.180506	0.974545
-0.278978	-0.0176322	0.960136
0.171141	-0.440471	0.881303
-0.656481	-0.256476	0.709403
-0.574232	0.111597	0.811051
0.526527	-0.162939	0.834398
0.709859	-0.494506	0.501561
-0.129255	-0.735871	0.664671
-0.449906	0.588219	0.671999
-0.193343	0.421758	0.885855
0.291374	0.387026	0.874821
0.279007	-0.257835	0.925028
0.579779	-0.276602	0.766386
0.074005	0.241011	0.967697
-0.504511	0.24996	0.826431
-0.691492	-0.46717	0.550991
0.513973	0.0510306	0.856287
0.592365	-0.245923	0.76722
0.603942	0.323841	0.728273
-0.221826	0.259501	0.939921
0.172206	0.210891	0.962221
-0.443528	0.374962	0.814055
-0.433741	-0.0749859	0.897912
0.186196	-0.124204	0.97463
0.121775	0.326431	0.937344
-0.0254056	0.0246862	0.999372
0.100533	0.0744932	0.992141
0.146155	0.208346	0.967073
-0.316555	0.110602	0.942104
0.281006	-0.116379	0.952624
-0.366586	-0.826016	0.428151
-0.445559	-0.040901	0.894318
-0.183815	0.434903	0.881516
-0.465131	-0.458849	0.757041
-0.0253014	0.317296	0.947989
0.514411	-0.339327	0.787552
-0.711764	-0.03458	0.701567
-0.383074	-0.26831	0.883892
-0.128296	-0.419616	0.898589
-0.45975	0.205426	0.863962
0.323725	-0.134383	0.936559
0.250697	-0.639737	0.726559
-0.0802786	0.237275	0.96812
0.330844	-0.219039	0.917913
0.471894	0.289307	0.832837
-0.235168	0.28064	0.930557
-0.397256	-0.537247	0.744012
0.445378	0.0606002	0.893289
-0.447222	-0.235859	0.862765
-0.360935	-0.387096	0.848459
-0.0945211	-0.0754878	0.992657
-0.21929	-0.232211	0.947623
-0.034492	-0.259712	0.96507
-0.613341	-0.178688	0.76934
0.0421092	-0.212484	0.976257
-0.108897	0.0788439	0.990921
-0.461405	-0.507001	0.728049
0.21502	0.367834	0.90469
0.640416	-0.284489	0.713396
0.0919719	0.35154	0.931644
-0.230087	-0.410669	0.882276
0.114252	-0.070995	0.990912
-0.590637	-0.04582	0.805636
0.342704	0.0417528	0.938515
0.475644	-0.442114	0.760459
0.319126	0.0760237	0.944658
0.354103	0.383464	0.852975
0.183353	0.237637	0.953892
0.197437	0.0462564	0.979224
0.0442853	0.0137489	0.998924
0.286384	0.132234	0.948946
0.433596	-0.281234	0.856097
0.0238514	-0.182678	0.982883
-0.436224	-0.517526	0.736122
0.0515231	-0.289604	0.955759
-0.701231	0.332945	0.630415
-0.13681	0.028184	0.990196
-0.222171	0.261601	0.939258
0.736774	0.319427	0.595928
-0.175074	0.00377605	0.984548
0.139049	0.00301595	0.990281
0.127905	-0.57911	0.805153
0.0743883	-0.119083	0.990094
-0.211981	-0.119052	0.969995
0.254648	0.30449	0.917846
0.319187	0.494921	0.808191
-0.195377	-0.693795	0.693164
-0.158922	-0.550381	0.819649
-0.136834	-0.330187	0.933945
0.665452	-0.631359	0.398195
0.281327	0.299462	0.911689
0.328646	-0.338741	0.881616
-0.102203	-0.312339	0.944457
-0.678834	-0.265374	0.684662
-0.335554	-0.228865	0.913797
0.247899	0.249569	0.936088
0.28724	-0.182784	0.940257
0.154445	0.205672	0.966357
-0.366944	0.000829589	0.930243
-0.0326775	-0.252851	0.966953
0.184815	-0.297053	0.936805
0.389052	0.758224	0.523197
0.192227	0.0916768	0.977059
0.111268	0.482412	0.868849
0.159944	0.0650929	0.984978
0.416471	-0.15455	0.895916
-0.574154	-0.0720976	0.815566
0.473985	-0.00634158	0.88051
-0.199857	0.453465	0.868578
-0.282402	-0.00144416	0.959295
0.126576	0.754339	0.644167
-0.471064	0.0782401	0.878622
0.331893	-0.420271	0.844523
-0.00445573	-0.502281	0.864693
0.352971	0.295527	0.887736
0.0364678	-0.187245	0.981636
-0.0774912	0.585736	0.806789
0.538846	0.0198574	0.84217
-0.0933805	-0.609313	0.787412
0.970755	-0.149535	0.187811
0.404718	0.568984	0.715863
0.579866	0.0324428	0.814066
0.507681	-0.496714	0.703943
0.454934	-0.224111	0.861864
0.203385	-0.579442	0.789228
0.584345	-0.36838	0.723075
0.717053	-0.586014	0.377389
0.171436	-0.187957	0.9671
0.0860252	0.583278	0.807704
0.435731	-0.31988	0.841318
-0.48581	-0.0597181	0.872022
0.13973	-0.846652	0.513474
-0.18329	-0.691551	0.698686
0.525934	0.148696	0.837427
0.606221	0.345937	0.716117
-0.637963	-0.476653	0.604819
0.0856054	-0.531572	0.842676
-0.101308	-0.33889	0.935356
-0.526466	-0.134765	0.839448
0.0856842	0.471786	0.87754
-0.218527	0.751912	0.621992
0.0111568	0.6367	0.771031
0.156297	0.331845	0.930296
-0.120491	-0.392634	0.911768
0.232458	0.39288	0.889724
0.425797	-0.0165231	0.904668
0.772856	0.228881	0.591867
0.104349	-0.0574346	0.992881
0.582482	0.0899156	0.807855
-0.0231204	-0.0532606	0.998313
0.159601	-0.378025	0.911934
-0.264863	0.198966	0.943536
0.426095	-0.280313	0.860156
0.468173	0.0681759	0.881003
-0.120611	0.516672	0.847646
-0.0301737	-0.206622	0.977956
0.0550794	-0.0581352	0.996788
0.304533	0.451192	0.838859
0.730627	0.201576	0.652343
0.561365	-0.399293	0.724868
0.654032	-0.250094	0.71393
0.427965	0.544589	0.721296
0.413895	-0.408668	0.813438
-0.900472	-0.109907	0.420797
0.127001	-0.151414	0.980278
-0.233443	-0.0079489	0.972338
-0.284403	-0.548018	0.786633
0.0661146	-0.146052	0.987065
-0.0484693	0.441566	0.895919
0.0647008	-0.455068	0.888103
-0.0808012	0.0897251	0.992684
-0.421196	-0.122656	0.898637
-0.591926	0.428488	0.682658
-0.109981	0.0491698	0.992717
-0.246381	-0.500103	0.830177
0.0462263	0.171507	0.984098
0.297721	-0.19893	0.933697
0.0219333	0.648988	0.760483
-0.349639	0.0356037	0.936208
0.0995001	0.101902	0.989806
0.414511	0.429017	0.802574
0.0376283	0.998146	0.0478349
-0.571586	0.519836	0.63487
0.324478	0.14287	0.935041
-0.459453	0.58133	0.671534
-0.189568	-0.564344	0.803479
-0.468408	-0.348246	0.811985
0.21054	0.00425769	0.977576
-0.350999	0.264934	0.898114
0.238476	0.603498	0.760867
-0.17029	-0.691788	0.701734
-0.0518426	-0.484004	0.873529
-0.122103	-0.880056	0.458903
-0.191991	-0.107254	0.975518
-0.395062	-0.179219	0.901003
-0.128573	0.223964	0.966079
0.462849	0.210458	0.861091
-0.43001	0.060668	0.900784
0.377184	0.390117	0.839965
0.0782202	-0.450843	0.889169
-0.310048	-0.469008	0.826984
-0.180532	-0.150125	0.972045
-0.301538	0.267304	0.915218
0.699215	-0.219821	0.680278
-0.210162	0.339869	0.91669
-0.411557	0.034187	0.910743
-0.53301	-0.0176164	0.845926
-0.456797	0.0523024	0.888032
0.21886	-0.359371	0.907167
0.156733	0.243002	0.95728
0.373606	-0.388512	0.842305
0.307011	-0.395951	0.865429
0.139405	-0.355914	0.924063
-0.579812	-0.388415	0.716206
0.294642	0.726338	0.620983
0.496375	-0.644321	0.581775
0.288486	0.441333	0.849707
0.44009	0.3434	0.829697
0.513187	0.360237	0.779017
-0.053679	0.0916123	0.994347
-0.434136	0.46716	0.770252
0.213556	0.373212	0.902833
0.528607	-0.17843	0.829902
0.357804	0.188781	0.914515
0.154302	0.0896288	0.98395
0.192998	0.417814	0.887797
0.0856668	0.12456	0.988507
-0.0372589	-0.225052	0.973634
0.221343	0.625947	0.747795
-0.0384734	0.221743	0.974346
-0.267949	-0.211858	0.939851
0.0132051	0.501275	0.865187
0.00612305	0.491989	0.87058
0.0920028	0.38371	0.918859
-0.578218	-0.390045	0.716609
-0.278032	-0.473515	0.835752
-0.0930248	-0.00264615	0.99566
-0.124839	-0.196833	0.972457
0.0018199	-0.0635172	0.997979
0.315457	0.297605	0.901065
0.124585	-0.262581	0.956833
-0.366175	-0.00791407	0.930512
0.521501	-0.0381888	0.852396
-0.450922	-0.535646	0.71397
0.165367	-0.360631	0.917932
-0.122876	0.396063	0.909965
0.489122	0.666251	0.562911
-0.0287764	-0.573453	0.818733
0.144956	0.0241185	0.989144
0.0572523	0.283765	0.957183
0.101291	0.0303397	0.994394
-0.681929	0.0174228	0.731211
-0.0718205	-0.537153	0.840422
0.0619963	-0.527852	0.847071
0.26308	-0.16752	0.950119
0.331415	0.451685	0.828339
0.432795	-0.437196	0.788383
0.0861628	-0.361562	0.928358
-0.358888	-0.244076	0.900903
-0.156908	-0.0533599	0.986171
0.117828	-0.320174	0.940003
-0.457693	-0.44472	0.769897
-0.0357233	0.550672	0.833957
0.227199	0.148041	0.96253
0.75242	-0.41622	0.510515
0.493759	-0.592308	0.63669
-0.720108	-0.105434	0.685804
-0.346947	0.150386	0.925749
-0.135625	-0.0834629	0.987239
0.00322304	0.242618	0.970117
0.236239	-0.307993	0.921592
-0.377149	0.135885	0.91613
-0.150691	-0.53024	0.834348
0.157931	-0.119342	0.980212
0.698925	0.328533	0.635271
0.225343	0.00963833	0.974232
0.109421	0.234769	0.965873
0.58406	0.327628	0.742653
0.635242	-0.0255542	0.77189
0.516782	-0.0990715	0.850365
0.403158	-0.156607	0.901631
0.669291	0.29358	0.68254
-0.517894	0.479066	0.708718
0.0538071	0.598253	0.799499
0.648498	-0.0737084	0.757639
0.258441	0.165662	0.951717
-0.232232	0.0241833	0.97236
-0.0143697	0.0593076	0.998136
0.411823	0.830068	0.376016
-0.289216	-1.04982e-06	0.957264
-0.442267	0.135233	0.88663
0.896942	-0.441234	0.0284199
-0.63729	0.6027	0.480223
0.0734562	0.111828	0.991009
0.158925	0.0615262	0.985372
0.753091	0.618431	0.224495
-0.171305	0.0353599	0.984583
-0.429656	-0.246482	0.868701
0.580985	-0.159394	0.798154
-0.0965885	0.133616	0.986315
0.430804	0.76529	0.478267
0.460889	0.0285687	0.886998
-0.362131	0.458711	0.811446
0.304369	-0.194692	0.932445
0.539786	0.31094	0.782271
0.159341	0.326029	0.931834
-0.396062	-0.308575	0.864821
-0.803787	-0.0511877	0.592712
0.501654	-0.0661225	0.862538
0.804107	0.175936	0.567855
-0.131328	-0.219468	0.96674
0.00121433	0.0215959	0.999766
0.427086	-0.581842	0.69214
-0.208065	0.0621823	0.976136
-0.269162	-0.738096	0.618681
0.457596	-0.374036	0.806662
0.557247	-0.377907	0.739366
-0.12115	0.0430304	0.991701
0.403106	-0.46038	0.790921
-0.422401	-0.127722	0.897365
-0.0456103	-0.451683	0.891012
0.627466	0.473526	0.618109
-0.427218	0.20366	0.880913
0.0465699	0.344811	0.937516
-0.0642596	-0.118095	0.990921
0.170515	0.25413	0.95202
0.408523	-0.792006	0.45369
0.0613188	-0.400021	0.914452
-0.212908	0.0365272	0.976389
0.0850129	-0.109967	0.990293
0.0660204	-0.268166	0.961108
0.20693	0.0565082	0.976722
0.0185417	0.282606	0.959057
-0.330789	-0.0195303	0.943503
0.579756	-0.47685	0.660679
0.560262	-0.245822	0.790998
0.851274	-0.335431	0.403508
-0.337187	-0.265322	0.903277
0.301386	-0.108403	0.94732
0.146777	-0.32553	0.93407
0.04523	-0.00211723	0.998974
0.556526	-0.20768	0.804455
0.324383	-0.492789	0.807425
0.420732	0.219791	0.880157
0.290976	-0.166381	0.942152
0.347651	-0.0193967	0.937423
-0.0831805	0.121286	0.989126
-0.712683	0.397863	0.577743
0.122689	-0.244704	0.961804
-0.250954	0.0242614	0.967695
0.0236161	0.20068	0.979372
0.428	0.220531	0.87646
0.282506	0.0418693	0.958351
-0.0315648	0.26876	0.96269
-0.335345	0.0172866	0.941937
-0.359512	-0.309116	0.880454
0.945316	-0.0910142	0.3132
-0.264153	-0.49418	0.828257
-0.630053	0.276836	0.725531
0.305735	0.218171	0.926784
0.324986	0.491843	0.807759
-0.378832	0.310415	0.871854
0.398835	-0.280664	0.873017
0.274306	-0.0701359	0.959081
-0.0186545	-0.318264	0.947819
0.174903	0.524925	0.832984
0.431903	0.436284	0.789377
0.683467	-0.222974	0.695094
-0.509672	-0.528264	0.679096
0.782008	0.296695	0.548119
-0.0990013	-0.672648	0.73331
-0.504073	-0.165927	0.847572
0.035203	-0.222698	0.974252
0.0702204	-0.193955	0.978494
0.0042962	0.0666428	0.997768
0.467771	-0.201984	0.860461
0.149813	0.108122	0.982785
0.184957	-0.22703	0.956163
0.110562	0.365557	0.924199
-0.0142949	0.208896	0.977833
0.0795595	0.147777	0.985816
-0.167643	0.188923	0.967576
-0.291719	0.0158066	0.956373
0.30083	-0.386191	0.871985
-0.0393329	0.558643	0.828475
0.267162	-0.0419393	0.962739
-0.513166	0.487883	0.706138
-0.0549797	-0.285915	0.956676
0.46628	-0.20258	0.86113
-0.241888	-0.236492	0.941043
-0.0294501	0.380791	0.924192
-0.212634	-0.0880986	0.973152
-0.283286	-0.21188	0.935337
0.652501	0.0955255	0.751743
-0.0564682	-0.253274	0.965745
-0.49612	-0.634948	0.592205
-0.349059	-0.543357	0.763493
0.280679	0.918951	0.277037
0.281108	0.220928	0.9339
0.563743	0.550443	0.615797
-0.0998182	-0.602343	0.791971
0.371245	0.413415	0.831423
0.267164	-0.54546	0.794416
0.337407	-0.347989	0.874677
0.371359	-0.403918	0.836028
0.491197	0.102198	0.865033
0.434973	0.418181	0.797448
0.503503	-0.424327	0.752616
0.231483	0.250675	0.939988
-0.23346	-0.110712	0.966043
-0.325104	0.378847	0.866477
0.344133	0.423585	0.837943
-0.601304	0.186243	0.777011
-0.0911766	0.518851	0.849988
0.0609391	0.203513	0.977174
0.151288	-0.583053	0.798223
0.600835	0.0225912	0.799054
-0.0591971	0.409845	0.910232
0.105558	0.990292	0.0904404
-0.223818	-0.179993	0.957866
-0.221219	-0.876208	0.42816
-0.352511	-0.0948765	0.930986
0.345901	-0.431065	0.833388
0.0970834	-0.357563	0.928829
0.00397359	-0.70467	0.709524
0.0246103	-0.0847666	0.996097
0.59129	0.330728	0.735524
-0.615394	0.257391	0.74501
0.0288338	-0.589604	0.807178
0.211413	-0.232188	0.949417
-0.716836	0.262883	0.645785
-0.0620156	-0.441871	0.894933
0.728567	-0.391299	0.562206
-0.533822	0.451453	0.714999
0.523721	0.287775	0.801812
0.565641	0.101394	0.818395
-0.0594572	-0.376744	0.924407
-0.26587	-0.197804	0.943497
0.185993	0.313528	0.931186
0.453563	-0.0960672	0.886031
-0.23766	0.431961	0.870016
0.53624	-0.250612	0.806002
-0.0220078	-0.0762249	0.996848
0.122744	0.156229	0.980064
0.711103	-0.496556	0.497759
0.574719	0.494361	0.652154
-0.38103	-0.331834	0.862961
0.272923	0.643142	0.715459
-0.0414679	0.0920322	0.994892
0.189092	0.656006	0.730685
0.0271479	-0.433723	0.900637
0.26767	0.0877638	0.959505
0.393064	-0.206578	0.896006
0.722141	-0.289343	0.628325
-0.039468	0.302283	0.952401
-0.19807	0.279288	0.939557
0.0761122	0.129964	0.988593
-0.112122	-0.628589	0.769613
-0.342984	-0.526191	0.778129
-0.235819	-0.348899	0.907005
0.0622939	-0.191383	0.979537
-0.239514	0.596589	0.765972
0.200736	-0.151233	0.967902
0.174199	0.579698	0.795993
0.307465	0.0486118	0.950317
0.0946174	0.610025	0.786712
0.494647	0.426763	0.757098
0.0515328	-0.453568	0.889731
0.290524	-0.0591635	0.955037
-0.033381	0.848226	0.528581
0.184203	-0.210826	0.960011
-0.421696	0.0180695	0.906557
0.366903	-0.313464	0.875855
-0.116348	0.0277383	0.992821
-0.229062	0.466808	0.854178
0.280133	-0.188245	0.941323
0.0450803	0.0419234	0.998103
-0.56888	-0.429737	0.701214
-0.442748	0.522694	0.728536
0.0897439	-0.316111	0.944468
0.30076	0.698968	0.648836
-0.358803	-0.671563	0.648277
0.109786	0.245656	0.96312
0.190267	0.131015	0.972951
0.355629	0.155292	0.921636
-0.606765	0.086601	0.79015
0.194788	-0.504526	0.841137
0.430798	0.0653582	0.900079
-0.377787	0.483935	0.789357
0.385262	0.00319451	0.922802
0.196629	0.665286	0.720231
0.28439	-0.0394172	0.957898
-0.374369	0.0702604	0.924614
-0.360625	-0.0679147	0.930235
-0.542865	-0.386715	0.745485
0.0918974	0.361672	0.927765
-0.543109	0.454627	0.705937
-0.415483	0.793438	0.444782
0.431467	-0.414443	0.801295
-0.0518261	-0.450398	0.891323
-0.508435	-0.287281	0.811766
-0.168061	-0.594143	0.786607
0.358614	0.258208	0.897064
-0.0964067	0.423159	0.900912
-0.272013	-0.0924512	0.957842
-0.00261294	0.406573	0.913614
0.0714911	0.637527	0.767104
0.0280227	-0.147169	0.988714
-0.00384643	0.0990452	0.995075
-0.180552	0.071434	0.980968
-0.186328	0.466209	0.86483
-0.0570727	0.493314	0.867977
0.125191	0.388088	0.91308
-0.285624	0.272261	0.918854
-0.413118	0.0864198	0.906568
0.544983	0.015739	0.838299
0.795405	0.524293	0.304051
-0.349323	0.159851	0.923267
-0.24993	-0.0543031	0.96674
-0.457168	-0.204963	0.865441
0.0475285	-0.0693837	0.996457
0.124281	-0.105727	0.986598
0.0902825	-0.470119	0.877973
0.0669596	-0.0590785	0.996005
-0.0551879	0.5631	0.824544
0.716617	0.231392	0.657965
-0.056318	-0.15711	0.985974
0.283196	0.0402314	0.958218
-0.048509	0.708075	0.704469
-0.690583	0.21176	0.691559
0.10866	-0.255823	0.960597
0.0923208	0.520402	0.848916
0.349528	-0.0560532	0.935248
0.24518	0.798899	0.549224
0.393224	0.0433326	0.918421
0.0980677	-0.426522	0.899145
-0.157896	-0.423998	0.891793
0.501269	-0.664511	0.554215
-0.313224	-0.0730421	0.946866
0.175913	-0.149344	0.973011
0.238741	-0.248504	0.938748
0.228412	0.137167	0.963853
0.0666887	-0.3718	0.925914
0.0390878	-0.978903	0.20055
-0.331525	-0.00180702	0.943445
-0.636044	0.203276	0.744397
-0.0560979	-0.461954	0.885128
-0.0671529	-0.367311	0.927671
0.526323	0.395264	0.752828
0.471372	-0.54111	0.696425
0.233319	-0.196711	0.952296
0.259614	0.293597	0.920001
-0.414639	0.187427	0.890475
-0.137987	-0.264385	0.954495
0.442387	-0.536351	0.718764
0.199046	-0.162906	0.966355
-0.716632	0.0771588	0.69317
-0.125064	-0.137105	0.98263
-0.0175892	0.147842	0.988855
0.422525	0.658148	0.623149
0.333664	-0.0156463	0.942562
-0.420596	-0.707992	0.567315
0.683675	0.06282	0.727078
-0.257776	0.551467	0.79337
-0.0419524	0.000503543	0.999119
0.361995	0.206892	0.908931
0.24141	0.576831	0.780377
0.204105	-0.0688132	0.976527
0.329041	0.175927	0.927783
0.782618	0.359194	0.508417
0.0570471	0.951771	0.30146
-0.564215	-0.163005	0.809376
-0.418979	0.120408	0.899977
0.0969195	0.476817	0.873643
0.266358	-0.0823199	0.960352
-0.251444	0.0452528	0.966813
-0.155002	0.441027	0.884008
-0.0776616	-0.548632	0.832449
0.37959	-0.0327522	0.924575
-0.139946	0.0689972	0.987752
-0.816972	-0.366294	0.445406
0.150657	-0.285505	0.946461
-0.170309	-0.543483	0.821961
0.130608	-0.945718	0.297589
-0.212022	0.855331	0.47271
0.255614	0.377882	0.889869
0.923687	0.196786	0.328753
-0.00321642	0.647459	0.762094
-0.332812	-0.442366	0.832796
0.391608	0.0328725	0.919545
0.164532	0.167268	0.972086
0.054066	-0.548531	0.83438
0.368487	0.434672	0.821753
0.217219	-0.459761	0.861067
0.312296	-0.28169	0.907261
-0.239302	0.10599	0.965143
0.0299508	0.0657046	0.99739
-0.768549	-0.142983	0.623609
-0.206421	-0.311431	0.927578
-0.49012	-0.773259	0.402309
0.377071	0.244819	0.893242
0.784298	-0.33831	0.520022
-0.29378	-0.183673	0.938061
0.201469	0.184615	0.96194
-0.345956	0.410785	0.843546
-0.0247411	0.240821	0.970254
0.49461	0.49612	0.713601
-0.103507	-0.54625	0.831202
0.235069	-0.347084	0.907896
0.309884	-0.584441	0.749934
0.534319	0.392383	0.748691
-0.381009	-0.452287	0.806392
0.255832	-0.278096	0.925858
-0.0025235	0.138395	0.990374
0.451425	-0.453235	0.768631
0.83256	0.095702	0.545606
0.0522684	0.190193	0.980354
0.629386	0.521069	0.576507
-0.679934	0.19289	0.707448
0.573572	-0.609672	0.547098
0.835248	-0.114532	0.537814
-0.129466	0.328327	0.935649
0.440253	-0.715338	0.54265
-0.346812	0.0154161	0.937808
-0.134208	0.839789	0.526063
-0.609169	0.171675	0.774235
-0.536502	0.107807	0.836985
0.65429	-0.166855	0.737607
-0.201594	0.342588	0.917602
0.362961	0.363953	0.857787
-0.146429	-0.0319183	0.988706
-0.499797	0.332046	0.799968
-0.45676	0.448268	0.768392
-0.511202	-0.120139	0.851022
-0.236829	-0.407382	0.882016
0.375688	-0.283621	0.88228
0.130402	0.259404	0.956925
-0.401353	0.354207	0.844662
0.0971913	0.6429	0.759759
-0.0462311	-0.263345	0.963593
0.598943	0.0911487	0.795587
0.219797	0.3708	0.902328
-0.31348	0.0132443	0.949502
0.106893	-0.000994123	0.99427
-0.246941	-0.475778	0.844189
-0.139371	-0.211065	0.967485
-0.212357	-0.120168	0.969775
-0.588875	-0.620299	0.518128
-0.535685	0.129085	0.834493
-0.115842	0.394787	0.911441
-0.810586	0.359397	0.462367
-0.456139	-0.303107	0.836698
-0.0581638	0.106419	0.992619
0.00684016	-0.342556	0.939472
0.0267169	-0.704025	0.709673
-0.568478	-0.626672	0.533025
-0.638816	0.105203	0.762133
-0.597347	-0.674321	0.434128
0.675566	0.328337	0.660156
-0.375389	0.320834	0.869568
0.155396	0.0471797	0.986725
-0.116071	-0.428753	0.895934
-0.197827	-0.138372	0.970422
0.146251	0.580145	0.801276
-0.461939	0.226199	0.857582
-0.445186	0.332351	0.831476
-0.215345	0.260801	0.941068
0.0812019	0.460883	0.883738
-0.285468	0.749135	0.59775
-0.42685	-0.147374	0.892233
-0.174572	-0.920969	0.34834
-0.399165	0.635058	0.661339
-0.679726	0.250362	0.689413
-0.433844	-0.527635	0.730329
-0.255587	0.431642	0.865079
0.270955	-0.383428	0.88293
-0.544801	0.0179708	0.838373
-0.71199	-0.201906	0.672535
-0.394172	-0.240012	0.887143
0.0423451	0.434981	0.899444
-0.0943972	0.335301	0.93737
-0.172076	0.401008	0.899768
-0.215468	-0.306234	0.927251
-0.255792	-0.20402	0.944958
-0.21199	-0.493582	0.843467
0.113539	0.0545018	0.992038
0.211052	0.904999	0.369369
-0.830327	0.0644408	0.553538
-0.576468	0.258427	0.775177
-0.0312867	-0.0526567	0.998122
-0.229631	-0.154269	0.960974
0.359469	-0.653104	0.666511
0.462461	0.482795	0.743666
0.585664	0.444692	0.677677
0.486659	0.461597	0.741681
-0.0109319	0.611597	0.791094
0.0975864	0.388618	0.916217
0.256468	0.101751	0.961182
-0.152184	-0.541747	0.82665
-0.296969	0.054502	0.95333
0.0905748	0.277911	0.956327
-0.369596	-0.0560765	0.927499
0.00214768	0.0245973	0.999695
0.497145	-0.0712817	0.864734
-0.0352504	-0.564732	0.824521
0.327439	-0.0208659	0.944642
0.272254	0.0938945	0.957633
-0.434139	-0.680499	0.590292
0.055546	-0.599557	0.798402
0.183876	-0.522161	0.832789
0.280278	-0.0049959	0.959906
-0.387266	0.262008	0.883955
-0.0947289	0.297581	0.949985
-0.336324	0.659543	0.672227
0.605317	-0.0571229	0.793932
0.273313	-0.437862	0.856491
0.0492817	0.0152432	0.998669
0.606409	0.270038	0.747896
0.514919	-0.29449	0.805068
0.468902	0.404131	0.785372
-0.201948	0.433977	0.877999
-0.319848	-0.1458	0.936183
0.540125	-0.203866	0.816519
0.619817	-0.290809	0.728874
0.535907	-0.805502	0.252922
0.112439	0.327081	0.938283
0.462565	-0.736336	0.493805
-0.659118	0.0327122	0.751328
-0.116643	-0.100069	0.98812
0.58981	0.223065	0.776123
0.24049	0.0981839	0.965673
0.710013	0.217841	0.669647
0.486744	0.734207	0.473307
-0.416631	0.473302	0.776147
-0.083931	0.078463	0.993378
-0.171227	0.718625	0.673988
-0.4636	-0.120581	0.877801
-0.089037	-0.0040467	0.99602
-0.0485076	0.730291	0.681412
-0.358403	-0.161033	0.919574
-0.836773	0.028291	0.546818
0.0329994	0.216664	0.975688
-0.510119	-0.234217	0.827599
-0.536317	0.587836	0.60565
0.375378	0.254198	0.891333
-0.270564	0.249225	0.929883
-0.50086	-0.350608	0.791336
0.446277	-0.598274	0.665511
0.620985	-0.221916	0.751751
0.553045	-0.0577027	0.831151
-0.192492	0.308765	0.931457
0.549368	-0.0808026	0.831664
-0.498055	-0.57606	0.648148
0.446633	-0.589367	0.673176
-0.458956	-0.233575	0.857206
0.0666255	-0.528684	0.8462
-0.15486	-0.234104	0.959799
-0.267788	0.365812	0.891331
0.519391	0.294429	0.802212
0.186285	-0.262608	0.94675
-0.524426	0.474619	0.706904
0.402706	0.129036	0.906188
0.831875	0.288206	0.474258
-0.574683	0.0452033	0.817126
-0.0717997	-0.0440181	0.996447
0.47099	-0.619098	0.628399
-0.200639	0.173169	0.964239
0.4186	0.602692	0.679365
0.0661692	0.0579604	0.996124
-0.0226885	-0.61186	0.790641
0.274669	-0.108795	0.955364
-0.000626971	0.424082	0.905624
0.113592	0.135896	0.98419
-0.100482	-0.658075	0.746218
-0.171308	0.708758	0.684336
0.40496	0.409635	0.817439
0.0722012	-0.370839	0.925886
0.328716	-0.315217	0.890272
0.114677	-0.300066	0.947
0.21436	0.647448	0.731342
-0.537289	0.507933	0.673294
-0.659122	0.66848	0.344518
-0.237527	-0.169856	0.956415
-0.677552	0.0930899	0.72956
-0.203103	0.544543	0.813771
0.745001	-0.165915	0.646101
0.0622066	-0.480315	0.874887
-0.54883	0.371798	0.7487
0.073354	0.145381	0.986653
-0.437135	0.303946	0.846481
-0.445373	0.198981	0.872954
0.211832	0.0960505	0.972575
0.600042	-0.289995	0.745556
0.123066	-0.476109	0.870733
-0.681811	0.63373	0.365404
-0.249302	-0.232403	0.940126
-0.967766	-0.0926967	0.234173
0.272277	-0.0224198	0.961958
0.033952	-0.260482	0.964882
-0.244309	0.228288	0.942442
0.254298	0.0243565	0.966819
0.0526338	-0.185944	0.98115
-0.281738	-0.84247	0.459204
-0.702635	0.436431	0.56199
-0.304546	-0.118784	0.945062
-0.335932	-0.0296648	0.941419
0.191663	0.199979	0.960871
0.0914565	-0.0213686	0.99558
-0.701047	0.404273	0.587449
0.636763	0.472947	0.608978
-0.558332	0.315852	0.76714
0.691743	-0.0605923	0.719597
-0.588353	0.00894594	0.808555
0.0554622	-0.608395	0.791694
-0.26309	0.485451	0.833739
0.076318	-0.426687	0.901174
-0.315725	0.514315	0.797369
0.338502	-0.211962	0.916781
0.436229	-0.487151	0.756563
-0.192809	0.37599	0.906342
-0.0439498	-0.659893	0.750073
0.0485358	-0.805019	0.591261
-0.025606	-0.197176	0.980034
-0.380558	0.215498	0.899297
0.400722	0.247517	0.882132
0.110329	0.379275	0.918683
0.549123	0.37454	0.747117
0.572798	-0.461343	0.677543
-0.196159	-0.608337	0.769057
-0.645827	0.756115	0.105823
0.498987	-0.194729	0.844448
0.488863	-0.294314	0.821214
-0.470301	0.724553	0.503826
0.404648	0.36514	0.838411
-0.116188	-0.601723	0.790209
0.326418	-0.58892	0.739341
0.0926831	0.229988	0.96877
-0.208589	-0.100052	0.972872
-0.354318	-0.739189	0.572764
-0.352782	0.737173	0.576299
0.0439311	0.552441	0.832394
-0.114396	0.429608	0.89574
0.412217	-0.190314	0.890987
0.0921445	0.202107	0.975019
-0.524705	0.20467	0.826314
-0.47406	0.426482	0.770312
-0.306952	0.0541182	0.950185
-0.490105	-0.606313	0.626244
-0.317667	0.230522	0.919754
-0.424965	0.460001	0.779618
-0.208231	-0.522215	0.827001
0.380321	-0.15466	0.911831
0.15253	0.962833	-0.222905
-0.0466561	-0.201072	0.978465
-0.441617	0.262407	0.857973
0.0467433	-0.0384763	0.998166
0.0989507	0.659823	0.744878
-0.306083	-0.446001	0.841069
-0.390716	-0.674724	0.62617
0.510459	0.316585	0.799503
-0.120744	-0.912103	0.391776
-0.482369	-0.336201	0.808881
0.0566432	-0.211887	0.975651
-0.110204	0.257762	0.959903
0.224427	-0.169009	0.959723
-0.330435	0.459134	0.824626
0.24734	-0.65277	0.716041
0.628563	-0.327918	0.705251
-0.187444	0.301971	0.934708
0.733417	-0.670824	0.109978
0.61799	-0.160985	0.769527
0.08354	-0.218845	0.972177
-0.438636	0.384577	0.812219
0.385364	-0.285546	0.877473
0.864195	0.102074	0.492694
0.13803	-0.1778	0.974338
-0.692396	-0.519699	0.5005
-0.0296973	0.160908	0.986522
-0.135351	0.522155	0.842041
0.638183	0.336476	0.692464
0.284381	0.128996	0.949993
-0.277003	0.456551	0.845476
0.111328	-0.125405	0.98584
0.597342	-0.353279	0.719984
-0.0695312	0.249065	0.965988
-0.749816	-0.118811	0.650892
-0.713669	0.591724	0.374887
0.237724	0.368735	0.898622
0.278744	0.00424816	0.960356
0.312379	-0.637207	0.704547
0.378599	-0.312948	0.871049
-0.289308	0.382698	0.877407
0.061629	0.335808	0.939912
0.224278	0.591097	0.774793
-0.364338	0.0906664	0.926843
0.701388	-0.0149538	0.712623
0.208855	-0.360234	0.909181
0.0581079	-0.100173	0.993272
-0.0460603	-0.199277	0.97886
-0.423114	0.222626	0.878301
-0.599945	-0.13346	0.788831
-0.0939967	0.0710334	0.993035
0.343527	0.488521	0.802083
0.00500771	-0.0555118	0.998445
0.112733	0.355631	0.927803
-0.0855127	0.460428	0.883569
-0.836593	0.227601	0.498308
-0.108643	0.265253	0.958038
0.282611	0.419139	0.862818
-0.00478878	0.668935	0.743305
0.28611	0.015743	0.958067
0.340246	0.0905566	0.935966
-0.710325	0.0687353	0.70051
-0.490124	-0.578955	0.651605
-0.471706	0.458442	0.75321
-0.205662	-0.128396	0.970164
0.454582	0.512955	0.728171
-0.659324	-0.0609321	0.749385
-0.289882	0.862357	0.415101
-0.122032	-0.530372	0.838936
-0.416611	-0.829573	0.371812
0.226282	-0.096011	0.969319
0.0874663	0.265395	0.960164
0.549187	-0.694621	0.464645
0.335684	-0.344446	0.87674
0.664097	-0.137738	0.734849
0.260622	-0.210982	0.942105
0.395064	0.128861	0.909571
0.271331	-0.189625	0.943622
0.00153523	-0.2655	0.96411
0.411737	0.865575	0.285049
-0.311546	0.193081	0.930408
0.580022	-0.00304083	0.814595
-0.330207	-0.0197456	0.943702
0.177458	-0.089994	0.980005
0.319779	-0.312358	0.894524
0.0767086	-0.54509	0.834861
0.491782	-0.561308	0.665646
-0.176895	0.252261	0.951353
0.531725	0.00204025	0.846915
0.132597	-0.0321917	0.990647
0.645773	-0.058545	0.761281
-0.0681479	0.5893	0.805035
-0.35691	-0.150551	0.921927
0.148721	-0.336615	0.929824
-0.16845	-0.253286	0.952612
0.13722	-0.0781635	0.987452
-0.747145	0.0648138	0.661493
0.450822	0.444261	0.774204
0.150805	-0.175862	0.972795
-0.0109479	0.925611	0.378319
0.605085	-0.434532	0.667124
-0.252544	-0.537106	0.804822
0.517635	-0.663178	0.540601
0.428607	0.183193	0.884724
-0.567636	-0.171164	0.80529
-0.285362	0.277441	0.917385
-0.421176	-0.0664861	0.904539
0.111821	0.109222	0.987708
0.0396612	-0.97169	0.232905
0.37018	0.00151547	0.928959
-0.211376	0.198292	0.957079
0.168491	-0.140072	0.9757
0.348325	-0.17727	0.920459
-0.122878	-0.345121	0.93048
-0.140903	-0.408814	0.901675
0.808604	0.263206	0.526196
-0.430112	0.162671	0.887999
-0.482913	0.471414	0.737946
0.554821	0.14801	0.818698
0.414151	0.647918	0.639282
0.115284	0.0871419	0.989503
0.444053	0.629493	0.637617
0.220259	-0.224572	0.949238
-0.261862	-0.377413	0.88825
-0.0707197	0.532263	0.84362
0.126699	-0.344356	0.930251
-0.54424	-0.573204	0.612568
-0.127332	0.120661	0.984494
0.238439	-0.318962	0.917284
-0.175874	-0.318261	0.931546
-0.46791	0.220603	0.855801
0.28923	0.280357	0.915284
0.103022	-0.161853	0.981422
-0.571933	0.258052	0.778654
0.0985868	0.527544	0.843788
0.596346	-0.529185	0.603602
-0.102139	0.106516	0.989051
-0.565795	0.454286	0.688114
0.70699	-0.605804	0.364921
-0.193403	-0.108914	0.975055
-0.173174	0.275891	0.94546
-0.510116	-0.168363	0.843467
0.345695	0.575045	0.741498
-0.052061	0.216389	0.974918
0.254459	0.114479	0.960284
-0.0379691	-0.685327	0.727245
-0.045298	-0.0184638	0.998803
0.455893	-0.0244826	0.889698
0.0442307	-0.80399	0.592995
-0.284947	0.535738	0.794852
-0.299669	0.305822	0.903699
-0.150079	-0.465593	0.872181
-0.723336	0.273397	0.634065
0.614924	-0.233725	0.753154
-0.31753	0.132409	0.938958
-0.0156308	0.130724	0.991296
-0.67308	0.55086	0.493474
-0.240277	0.591721	0.769502
0.509338	-0.498395	0.701553
0.431281	-0.240821	0.869483
-0.516548	0.121479	0.847597
-0.639985	0.582197	0.501463
-0.84182	0.403582	0.358414
-0.827658	-0.350873	0.43803
-0.316666	0.320779	0.89265
-0.961698	-0.159488	0.222935
0.351217	-0.473771	0.807581
-0.909562	-0.286006	0.301493
0.273911	-0.257265	0.926708
0.621392	-0.0951202	0.777704
-0.360465	-0.381007	0.85141
0.61628	0.0443395	0.786278
-0.456101	0.351916	0.81739
0.200402	-0.262505	0.943891
-0.170186	0.301502	0.938154
0.271712	-0.949598	0.156321
-0.0188271	-0.400059	0.916296
-0.783279	0.267805	0.561029
0.578371	0.483134	0.657319
-0.113763	0.122622	0.985912
0.446319	0.240409	0.861976
0.531403	-0.0825098	0.843091
-0.44015	0.830061	0.342443
0.579856	-0.0056733	0.8147
0.231578	0.507406	0.830006
0.243707	0.132282	0.960785
0.793595	-0.256314	0.551825
0.125818	0.059554	0.990264
-0.288988	0.86382	0.412675
0.569	0.483316	0.665316
0.170446	0.382922	0.90792
0.403819	0.602993	0.68799
-0.354655	0.290674	0.888667
-0.0842384	0.530519	0.843477
-0.121446	0.0371469	0.991903
-0.203785	0.199718	0.958428
0.0444958	-0.351666	0.935068
0.941599	-0.282338	-0.183511
-0.527849	0.12396	0.840244
0.138609	0.981867	0.129321
0.126957	-0.181658	0.975132
0.0769209	0.582512	0.809174
0.49504	0.848969	-0.184897
-0.161913	-0.143902	0.976256
0.180322	0.501165	0.846355
-0.0164731	0.12944	0.99145
-0.269251	-0.0752982	0.960122
0.581939	-0.203606	0.787332
0.0545653	-0.507269	0.860059
-0.871456	0.485381	0.0705038
-0.396616	0.587647	0.705242
-0.207842	-0.241146	0.947972
0.0460165	0.442145	0.895763
0.746626	-0.646847	0.155365
-0.684552	0.0437342	0.727651
0.316486	0.175675	0.932188
-0.27486	0.38989	0.878884
0.369149	0.89214	0.260412
0.946924	-0.26721	0.1787
-0.0144865	-0.0369642	0.999212
0.676123	0.42039	0.605087
-0.668989	0.687814	0.281718
-0.157383	0.549659	0.82043
0.809087	-0.445364	0.383444
-0.655156	0.0652755	0.752668
-0.121698	-0.370313	0.920901
0.0525237	0.955522	0.290206
-0.346178	0.172703	0.922136
0.633175	-0.066866	0.771115
-0.885053	-0.0814637	0.458306
-0.156122	0.433193	0.887677
0.819169	-0.48364	-0.308308
0.326326	0.600945	0.729641
0.605698	-0.202119	0.769595
0.809036	0.307563	-0.500864
0.387449	0.0910833	0.917381
-0.137331	-0.814113	0.564235
0.498933	0.229902	0.83559
-0.927841	-0.0963869	0.360307
0.721525	-0.026797	0.69187
-0.0308565	-0.247776	0.968326
-0.270579	-0.333311	0.903156
0.571614	0.142839	0.807994
-0.365148	-0.820572	0.439692
0.461726	-0.0860475	0.882839
-0.113228	-0.639533	0.760379
-0.149714	-0.634268	0.758479
0.569202	-0.0126745	0.8221
0.0451724	-0.167241	0.984881
0.117984	-0.472882	0.873191
0.75096	-0.216348	0.623901
-0.10598	0.0336938	0.993797
-0.323583	-0.700223	0.636381
-0.521194	0.0127263	0.853344
0.494317	-0.725429	0.478962
-0.0593562	-0.984556	0.164702
-0.850758	-0.316172	-0.419817
-0.501225	0.785476	0.363044
0.0211114	0.0133549	0.999688
-0.545912	-0.555232	0.627453
-0.038618	-0.680819	0.731433
-0.763142	-0.149423	0.628719
0.16962	0.214975	0.961777
-0.306501	-0.259275	0.915879
-0.804342	-0.331087	0.493371
-0.883608	-0.30587	0.354514
0.585413	0.0420663	0.809643
0.620472	-0.220098	0.75271
-0.361029	-0.332468	0.871277
-0.161112	-0.610451	0.775495
-0.930964	0.341101	0.130213
-0.537647	0.182364	0.823213
-0.703513	-0.553694	0.445525
-0.377737	-0.925152	-0.0375437
0.0439524	-0.27267	0.961103
-0.106354	0.646233	0.755693
0.26092	-0.0735086	0.962558
0.294196	0.130097	0.946849
0.543143	-0.57775	0.609263
0.455661	-0.540599	0.707196
-0.171416	-0.815911	0.552183
0.714205	-0.631352	0.302168
-0.187216	0.524652	0.830476
0.0635147	0.697634	0.713634
-0.340485	0.481622	0.807534
-0.219317	0.0970939	0.97081
0.434335	0.28963	0.852917
-0.245452	-0.530601	0.811305
0.676633	-0.698247	0.233707
-0.110068	-0.467767	0.876971
-0.0545385	-0.374027	0.925813
0.244207	-0.086998	0.965813
0.123641	-0.147817	0.981256
0.178815	0.764148	0.61976
-0.360178	-0.375729	0.853873
0.558801	-0.129363	0.81915
0.324503	-0.230641	0.917335
-0.121523	-0.509744	0.8517
0.680343	-0.280991	0.676888
0.529434	-0.0255991	0.847965
0.347311	-0.775475	0.527271
-0.170976	0.970526	0.169842
0.23441	0.344865	0.908912
-0.599018	-0.557118	0.57515
-0.636305	0.396777	0.661577
0.411209	0.638522	0.650536
-0.809499	0.14204	0.56968
-0.795704	-0.00888712	0.60562
-0.427035	0.245547	0.870257
-0.0439517	-0.00626557	0.999014
-0.583259	-0.13868	0.800361
0.0658106	0.116843	0.990967
0.676692	-0.625901	0.387732
0.685402	0.213358	0.696206
-0.304911	-0.459678	0.834102
-0.362158	-0.909453	-0.204296
-0.17683	0.359126	0.916384
-0.0155184	-0.940175	0.340339
0.162022	0.173589	0.971399
0.206789	-0.0362038	0.977716
0.430334	-0.450687	0.782109
0.688205	-0.0110594	0.725432
0.153564	-0.681012	0.715989
0.990339	-0.0778254	0.114771
0.439347	0.0826799	0.894505
0.0538477	0.286353	0.95661
-0.211969	0.789775	0.575609
-0.460301	-0.862691	0.209493
0.039414	0.280051	0.959176
0.385984	-0.472395	0.792376
-0.67407	0.161356	0.720829
0.509529	-0.529433	0.678293
-0.448705	-0.89368	-0.000358379
-0.500669	-0.807322	0.312348
0.14034	-0.749172	0.647337
-0.244388	0.154968	0.957214
-0.333724	0.607578	0.720748
-0.514678	-0.370408	0.773243
0.874802	-0.328959	0.35568
-0.214504	-0.879941	0.423901
-0.0360841	-0.710953	0.702313
0.037275	-0.238463	0.970436
-0.258642	-0.0337859	0.965382
0.316336	0.729244	0.606741
-0.48764	0.798248	0.353565
-0.0279605	-0.149084	0.988429
-0.506833	-0.781143	0.364602
-0.316991	-0.387591	0.865615
0.00500384	0.492531	0.870281
0.588229	-0.540062	0.601929
0.293365	-0.119599	0.94849
0.0893058	0.780707	0.618483
0.0282158	0.311556	0.949809
0.641801	-0.678821	0.356783
-0.241202	-0.266996	0.933024
0.207035	-0.545511	0.81213
-0.474747	-0.0915273	0.87535
-0.0561491	-0.846163	0.529957
0.512754	-0.69885	0.49869
0.273951	0.548589	0.789937
-0.0918894	-0.294408	0.951252
0.268088	-0.881151	0.389489
0.109283	-0.36378	0.925052
0.839141	0.394902	0.374026
-0.0330771	0.256769	0.965907
-0.155261	-0.401615	0.902552
0.458933	-0.743912	0.485772
0.427063	0.0395431	0.903357
0.410194	0.249005	0.877347
-0.946317	-0.277782	0.165293
0.241278	-0.278684	0.929581
0.70907	-0.392995	0.585469
0.00850979	-0.307851	0.951397
-0.375301	-0.363408	0.852692
-0.451677	0.323965	0.831285
-0.463908	-0.527455	0.711745
-0.267175	-0.745387	0.610751
-0.618201	0.0683133	0.783046
0.237999	-0.747017	0.620743
0.527019	-0.417425	0.740276
0.443181	-0.20132	0.873533
0.736381	-0.676183	0.0227799
-0.670391	-0.187503	0.717927
0.246875	0.50008	0.830044
-0.336498	0.496861	0.799936
0.123714	0.515186	0.848103
-0.150557	0.895829	0.418119
0.0377023	-0.486225	0.87302
-0.572388	-0.168252	0.802536
-0.378628	0.466672	0.799286
-0.333969	-0.156469	0.929506
0.528479	-0.533923	0.660028
-0.0472962	-0.566126	0.82296
0.352792	-0.742971	0.568799
-0.556153	0.215473	0.802661
-0.953633	-0.0613389	0.294656
0.367389	-0.930019	-0.00945243
-0.424376	-0.559994	0.711556
-0.554925	-0.509055	0.657968
-0.570591	-0.564443	0.596515
-0.176375	-0.214533	0.96066
-0.172332	0.678997	0.713628
-0.20665	0.202017	0.957332
-0.272108	0.33292	0.902841
-0.102818	0.0626573	0.992725
-0.554599	0.102421	0.825791
-0.129457	0.182218	0.974699
0.876458	0.253154	0.409553
-0.261126	0.758237	0.597402
-0.244693	-0.651316	0.718271
-0.285691	0.378678	0.880332
-0.478962	0.143935	0.865955
-0.628023	0.492066	0.602874
-0.694524	0.595151	0.404267
-0.0833044	0.621216	0.779199
-0.786685	-0.113262	0.606875
-0.290411	0.725837	0.623556
-0.692984	0.407764	0.59456
0.38783	-0.0719192	0.918921
-0.602173	0.718185	0.34871
0.0689567	0.357449	0.931384
0.68455	0.358985	0.634445
-0.360303	0.633285	0.684933
0.863844	-0.380027	-0.330685
-0.912085	0.0204329	0.409491
-0.026412	0.701287	0.712389
0.42904	0.186322	0.88386
0.700939	0.303127	0.6456
0.487361	0.87129	-0.0577226
0.718173	0.610024	0.33481
-0.0532248	0.417584	0.907078
-0.269209	0.514683	0.81402
0.144384	-0.390864	0.909054
-0.740516	0.19123	0.644257
0.642519	0.289714	0.70939
-0.45206	-0.387132	0.803598
-0.712315	0.463309	0.527212
0.668328	-0.038461	0.742872
0.127933	0.210181	0.969256
-0.476774	-0.830386	-0.28835
0.00540619	-0.73157	0.681745
0.452386	0.0364502	0.891077
-0.0360777	0.177756	0.983413
-0.209248	0.576905	0.789554
0.242548	-0.194939	0.950352
0.164221	0.260766	0.951332
-0.496571	0.613383	0.614149
-0.652682	-0.679308	0.335481
0.13184	0.0366059	0.990595
0.625495	0.146514	0.766348
-0.238627	0.0580778	0.969373
0.0376573	0.469871	0.881932
-0.340759	-0.271637	0.900054
-0.414358	0.170107	0.894075
-0.00852405	-0.210342	0.977591
-0.439909	-0.0254198	0.897683
0.2641	0.264091	0.927635
0.0651599	-0.696346	0.714742
-0.0753971	-0.228936	0.970517
-0.415238	0.370087	0.831031
0.339743	-0.224395	0.913357
0.560347	-0.0921149	0.82312
0.584291	-0.446942	0.677382
0.165374	-0.0787841	0.983079
0.00835994	-0.0682849	0.997631
-0.175471	0.547894	0.817938
-0.292732	0.409835	0.863912
0.754808	-0.0888575	0.649899
0.399754	0.210273	0.892178
-0.996505	-0.0555282	-0.0624092
0.251432	-0.319658	0.913565
-0.395027	-0.502606	0.768987
0.435788	-0.663553	0.608101
-0.597934	0.273735	0.753356
-0.283856	-0.52685	0.801158
-0.0304308	-0.479197	0.87718
-0.448796	0.169978	0.877319
0.315426	0.783369	0.535574
-0.119136	-0.496307	0.859934
0.0137481	-0.919079	0.393834
0.460946	0.281318	0.841659
-0.72099	0.349825	0.59816
-0.205353	0.61772	0.759113
0.0208214	0.0720019	0.997187
-0.520402	-0.504423	0.689013
0.365148	-0.413518	0.834068
0.773579	-0.0721669	0.629577
-0.128888	0.350083	0.927809
-0.154605	0.20093	0.967328
-0.0197999	0.713663	0.700209
-0.578477	0.480066	0.659471
-0.0463454	-0.401712	0.914593
0.59079	0.152377	0.792306
0.452607	0.121919	0.883336
-0.3277	0.443863	0.834025
0.132432	-0.629893	0.765308
0.153915	-0.418109	0.895262
0.0705865	-0.233695	0.969744
0.791878	-0.26353	0.550891
-0.0554868	-0.729036	0.682222
-0.363121	-0.549912	0.752157
-0.144925	0.394131	0.907556
0.772061	0.518032	0.368192
-0.0203079	0.0940307	0.995362
-0.104193	-0.0749071	0.991732
-0.157451	-0.868009	0.470924
0.214787	0.0536661	0.975185
-0.736032	-0.360164	0.573184
-0.81045	0.068884	0.581744
-0.424945	-0.680739	0.59667
0.113102	0.0272764	0.993209
0.139309	-0.0169791	0.990103
0.467	-0.140647	0.873
0.462901	0.226344	0.857024
-0.585818	-0.0492116	0.808947
0.261935	0.30623	0.915212
-0.0846872	0.35565	0.930774
0.30357	-0.272831	0.912912
-0.188651	0.0185515	0.981869
-0.274168	0.628865	0.727571
0.417888	-0.45856	0.784279
0.186134	-0.414926	0.890613
0.362652	0.644803	0.672839
0.359465	0.712788	0.602261
-0.132993	0.322619	0.937139
-0.421883	0.42339	0.801721
0.0400016	0.372324	0.92724
-0.438309	-0.797125	0.415304
0.374113	-0.235432	0.897001
0.0882215	-0.957322	0.275231
0.143407	0.33775	0.930247
-0.0718869	0.0300639	0.99696
0.541507	-0.154088	0.826455
0.398421	-0.249977	0.882481
-0.209579	-0.435614	0.875395
-0.294765	-0.129878	0.946702
-0.573709	0.257692	0.777466
-0.604791	0.591725	0.533
0.878245	-0.120979	0.462656
0.550802	-0.678209	0.486467
-0.107983	0.212117	0.97126
0.112601	0.780398	0.615061
-0.00528228	0.368086	0.929777
0.752263	-0.390136	0.530938
-0.397234	-0.407294	0.822385
-0.326881	-0.713784	0.619404
-0.387844	0.480574	0.786528
0.331643	-0.0424172	0.942451
0.0151095	-0.437302	0.899188
