3400
-0.663824	0.443797	0.601982
-0.341485	-0.0678984	0.937432
-0.116514	0.066152	0.990984
-0.256837	-0.170838	0.951236
0.0301136	0.550164	0.834513
0.0932492	-0.579613	0.809539
-0.484486	-0.81478	0.318443
-0.071408	-0.314739	0.946489
-0.407269	0.191359	0.893036
0.337126	0.602534	0.723394
-0.489562	0.359744	0.7943
0.243162	0.097184	0.965105
-0.719554	0.414674	0.557035
-0.755883	-0.456829	0.468986
-0.591878	-0.789243	0.163634
-0.270648	-0.362137	0.891968
-0.306034	0.300512	0.903347
-0.420097	-0.0246578	0.907144
-0.865171	-0.405047	0.295662
0.0802786	-0.555042	0.82794
-0.675921	-0.257324	0.690591
-0.467356	-0.65416	0.594687
-0.0335921	-0.0463556	0.99836
-0.546401	-0.0882489	0.832862
0.0798355	0.528337	0.845273
-0.493858	-0.367592	0.788023
0.265637	-0.440165	0.857725
-0.406813	0.597281	0.691201
0.140364	0.106036	0.984406
0.0964771	0.0880746	0.991431
0.277262	-0.858827	0.430746
0.463368	0.222256	0.857842
-0.267219	-0.424859	0.864921
0.937096	0.296631	-0.184015
-0.568617	0.0867326	0.818017
0.367651	-0.266272	0.891028
-0.396981	0.434333	0.808555
-0.413638	0.0886351	0.906117
0.26358	0.0666727	0.962331
-0.33271	-0.308133	0.891268
-0.134401	-0.345073	0.928903
0.0557567	-0.486991	0.871626
0.6349	-0.0279478	0.772089
-0.254094	0.170647	0.952006
0.00603487	-0.736439	0.676477
0.284125	-0.203625	0.936915
-0.116932	-0.0936247	0.988717
0.305013	-0.647315	0.698534
0.247934	-0.0121809	0.9687
0.235558	0.664163	0.709507
-0.122762	0.575259	0.808707
0.474288	-0.517353	0.712318
-0.319609	-0.825422	0.465327
0.0499157	-0.407748	0.911729
-0.0916639	-0.712338	0.695825
0.762353	-0.646133	0.0364702
-0.693731	0.289817	0.659351
-0.0889894	-0.0756499	0.993156
-0.0852207	-0.545613	0.833693
-0.162211	0.0500909	0.985484
0.344855	0.0965261	0.93368
0.559202	-0.22385	0.798238
0.474772	0.16385	0.864722
-0.514111	-0.2883	0.80782
0.552604	-0.679852	0.48211
-0.34242	0.0830282	0.935871
0.646173	-0.332663	0.686874
-0.195744	-0.364726	0.910307
-0.348174	-0.191224	0.917719
-0.799121	-0.0656709	0.597572
-0.0109723	-0.728151	0.685329
0.167169	-0.282005	0.944737
-0.656155	-0.291323	0.696126
-0.350862	0.196297	0.915622
-0.562311	0.294405	0.772743
0.431932	-0.515879	0.739799
-0.34108	-0.445033	0.828016
-0.140113	-0.814723	0.562668
0.903238	-0.260274	0.341202
-0.314322	-0.178599	0.932365
0.227219	0.070785	0.971268
0.000466252	-0.0718695	0.997414
0.012376	-0.413285	0.910518
0.118043	-0.147575	0.981981
0.305748	0.0334513	0.951525
0.324358	-0.0617828	0.943915
0.400984	0.354946	0.844527
0.0509799	-0.620665	0.782417
-0.333283	-0.0656712	0.940537
-0.673133	-0.0767298	0.73553
0.153753	0.0565603	0.986489
0.557437	0.425493	0.712895
-0.568146	-0.716896	0.404068
0.308103	0.555945	0.772009
0.075925	-0.429434	0.899901
0.207869	0.304016	0.929712
-0.737938	0.209272	0.641601
-0.023583	-0.000474241	0.999722
0.0442583	0.249751	0.967298
-0.0999463	-0.0637261	0.99295
0.31639	-0.161214	0.93483
0.42087	-0.0732278	0.90416
0.369763	0.594672	0.713891
-0.409853	-0.400534	0.819508
-0.152812	-0.473979	0.867175
0.136138	0.550133	0.823905
-0.377683	0.255078	0.890107
-0.194681	0.0158361	0.980739
-0.81777	-0.207906	0.536681
-0.165879	-0.10475	0.980567
0.42751	0.697222	0.575427
-0.251714	0.439514	0.862246
0.391015	0.536348	0.747956
0.0676843	-0.109109	0.991723
0.382233	0.354972	0.853166
0.455973	-0.527273	0.716989
-0.603059	0.204221	0.771112
0.177347	-0.641536	0.746311
-0.610127	0.552794	0.567595
-0.0163061	-0.229628	0.973142
-0.272049	-0.0602026	0.960398
-0.345536	-0.412243	0.843007
-0.0249327	-0.524962	0.850761
0.155795	-0.0807155	0.984486
-0.260288	-0.760344	0.595086
0.404017	-0.463851	0.788424
-0.219918	-0.412033	0.884232
-0.324526	0.545037	0.773057
0.0544952	-0.352675	0.934158
-0.5635	0.0732551	0.822862
0.0313041	0.265831	0.963511
-0.405918	-0.170474	0.897869
-0.60343	0.0799343	0.793399
0.441778	-0.0152566	0.896995
-0.835015	-0.0980757	0.541415
0.40152	0.116462	0.908415
-0.708907	-0.30556	0.635676
0.72636	0.0472459	0.685689
0.407857	0.280427	0.868915
0.188957	-0.0525896	0.980576
-0.226419	0.123336	0.96619
-0.23136	0.480718	0.845803
0.548799	0.311091	0.775914
0.577247	0.266331	0.771915
-0.310721	-0.670892	0.673317
0.693133	0.109145	0.712498
0.0267853	-0.18347	0.98266
-0.362885	-0.369526	0.855433
0.0859621	-0.383966	0.919337
-0.995804	0.0764432	0.050304
-0.223368	-0.442489	0.86851
-0.381285	0.439796	0.813143
0.503893	0.433839	0.746911
-0.583238	0.199234	0.787489
-0.112739	0.0465577	0.992533
-0.218449	0.256224	0.94161
0.221312	0.0548839	0.973657
0.270854	0.0891389	0.958484
-0.161345	0.14086	0.976794
0.32041	-0.194193	0.92716
-0.176538	-0.496604	0.849834
-0.513127	0.408046	0.755115
-0.215754	0.685797	0.695077
-0.514851	-0.357652	0.779111
-0.348798	0.584681	0.732453
-0.335765	0.470079	0.816265
0.470773	-0.142652	0.870645
-0.459675	-0.499761	0.734124
0.0896836	-0.821515	0.563089
0.468401	-0.0109776	0.883448
-0.248004	0.621454	0.743162
-0.208044	0.121284	0.970571
-0.642391	0.589842	0.489307
0.12508	0.542082	0.830965
-0.301625	0.745659	0.59415
-0.181829	0.23021	0.956003
0.321928	-0.230845	0.91819
-0.888005	0.236677	0.394247
-0.58451	-0.127449	0.801315
-0.503208	0.495884	0.707729
-0.290489	0.943706	0.158225
-0.0844444	-0.597634	0.79731
-0.547009	0.213002	0.809575
-0.669234	-0.521342	0.529461
-0.737531	-0.354523	0.574771
-0.292381	0.204621	0.934154
-0.705303	-0.172034	0.687715
0.441424	0.403622	0.801395
0.106388	-0.168708	0.979908
-0.0429588	0.774678	0.630895
0.0357015	0.633824	0.772653
-0.368884	-0.354325	0.85929
-0.562459	0.474221	0.677314
-0.421281	-0.256988	0.869759
0.272584	0.252965	0.928282
0.796377	-0.296086	0.527367
-0.139347	0.0357494	0.989598
0.786879	-0.369599	0.494184
-0.284242	0.217602	0.933732
-0.343288	-0.213293	0.914691
-0.66594	0.0253814	0.745574
0.180964	-0.193108	0.964345
0.14528	0.736598	0.660543
-0.696391	-0.197503	0.689951
-0.0856216	0.069182	0.993923
-0.0275227	0.0121114	0.999548
0.0369808	-0.264221	0.963753
0.157511	0.286585	0.945018
0.026221	0.498145	0.866697
-0.642215	0.0224566	0.766196
-0.195991	-0.507395	0.839129
-0.485194	-0.0073307	0.874376
0.613502	-0.535029	0.580826
0.0596422	-0.0700535	0.995759
0.457739	-0.312996	0.832171
0.0998699	0.16925	0.9805
0.419227	0.0932026	0.903085
-0.780545	0.344404	0.521666
0.334457	-0.0652792	0.940147
0.278286	-0.602869	0.747733
0.27008	-0.378522	0.885312
-0.656634	0.0870631	0.749167
0.164521	-0.00190455	0.986372
0.06433	0.0286703	0.997517
-0.241221	0.897849	0.368347
0.0474533	0.093322	0.994504
0.384228	-0.099457	0.917866
0.422098	0.111025	0.899726
-0.369244	-0.0526483	0.92784
-0.227388	0.23201	0.945762
-0.65889	0.174161	0.731801
-0.204113	-0.560246	0.802784
-0.730337	0.247557	0.63665
-0.223556	-0.0697763	0.97219
-0.142898	-0.0427141	0.988815
-0.507472	0.274763	0.816687
-0.773599	0.144011	0.617094
-0.000790477	0.592312	0.805708
0.711094	-0.139815	0.689055
-0.198388	0.763505	0.614575
0.230859	0.604307	0.762573
-0.473039	0.223611	0.852192
-0.542531	0.637727	0.546777
-0.198494	-0.182312	0.962997
-0.360438	0.0248344	0.932452
0.426171	0.207403	0.880547
-0.407459	0.678672	0.611049
0.449795	0.456724	0.76752
0.701307	0.241348	0.670761
0.00334648	0.238842	0.971053
-0.281292	0.192628	0.94009
0.354279	0.702902	0.616778
0.0637846	0.0804853	0.994713
-0.0946109	0.744865	0.660474
-0.331793	-0.196561	0.922647
-0.147385	0.418831	0.896024
-0.391243	-0.302165	0.869267
0.28277	-0.306692	0.908835
-0.543233	0.578942	0.60805
-0.248032	0.0470124	0.96761
0.488673	0.111138	0.865359
-0.16699	0.330963	0.92875
-0.395712	0.465184	0.791843
-0.127019	-0.263014	0.956394
-0.126162	-0.334086	0.934061
-0.311231	0.209278	0.927005
-0.34746	-0.023664	0.937396
-0.253114	-0.50202	0.826988
0.286185	-0.635098	0.71746
0.373075	-0.0593085	0.925903
-0.430959	-0.112851	0.895287
0.524134	-0.158244	0.836805
-0.0917497	-0.219617	0.971262
0.0995817	-0.470553	0.876734
0.0569524	0.296968	0.953188
0.00778156	-0.130223	0.991454
0.0257336	-0.00887468	0.999629
-0.309186	-0.0739991	0.948118
-0.121355	-0.87815	0.462737
-0.116259	0.62882	0.76881
-0.388198	0.0310768	0.921052
-0.398944	-0.215407	0.891316
0.47522	0.185836	0.860018
0.249882	0.0740625	0.96544
0.548167	0.208469	0.809972
0.466317	-0.614844	0.636016
0.570962	0.13768	0.809349
-0.367215	-0.069605	0.927528
-0.120251	0.326042	0.937676
0.212185	-0.287602	0.93395
-0.388419	-0.172843	0.905128
0.477643	0.152101	0.865287
0.22619	-0.0245127	0.973775
0.00913161	-0.519357	0.854509
0.567328	0.467475	0.677942
0.0599624	0.314454	0.947377
0.202608	0.0046541	0.979249
-0.804453	-0.350023	0.479938
-0.606821	-0.346733	0.715223
0.119466	0.409251	0.904567
-0.346749	0.145448	0.926612
0.744348	0.352099	0.567426
0.516619	-0.357319	0.778092
-0.679358	-0.493894	0.542717
0.168804	-0.587793	0.791204
-0.725704	-0.0431308	0.686654
-0.612862	-0.0278539	0.789699
0.0762658	0.814099	0.575696
-0.137409	0.548024	0.825099
0.622729	0.286974	0.727911
0.966345	0.212371	0.145178
0.170261	-0.112246	0.978985
0.245	0.251519	0.93633
-0.56702	0.278265	0.775279
0.75117	0.00184262	0.660106
-0.372534	0.659683	0.652716
-0.280486	0.0476884	0.958673
0.490494	0.0553088	0.869688
-0.835765	0.146083	0.529298
0.368894	0.396031	0.840879
-0.736057	0.210434	0.64338
-0.0546002	-0.0394039	0.997731
-0.0911875	0.394966	0.914159
-0.537349	0.373816	0.755988
0.179553	0.4984	0.84815
0.519075	0.49666	0.695623
-0.495284	0.581609	0.64531
-0.26989	-0.405799	0.873205
-0.0899508	-0.00162186	0.995945
0.134885	0.371606	0.91854
-0.0346909	-0.193174	0.980551
0.706494	-0.0456719	0.706244
0.341027	0.500842	0.795524
0.182388	0.145203	0.972446
-0.205915	0.294328	0.933258
0.116366	-0.31765	0.941041
-0.220175	0.419749	0.88053
0.252877	0.438095	0.862627
-0.455649	0.401499	0.79447
-0.0780816	0.148344	0.985849
0.672648	0.0373028	0.739022
0.362413	-0.201685	0.909934
0.283843	0.308594	0.907856
-0.612639	-0.171234	0.771591
0.676609	0.205227	0.707165
0.0580561	-0.345433	0.936646
0.404004	-0.308837	0.861046
0.150228	-0.739489	0.656191
-0.28466	-0.496406	0.820091
0.16467	-0.0625068	0.984366
-0.662924	0.41462	0.623395
0.404178	-0.776643	0.483183
-0.050077	0.474485	0.878838
0.150717	-0.0200262	0.988374
0.0833454	0.584255	0.807279
-0.327501	0.0905348	0.940503
0.0338931	-0.206285	0.977905
0.0920298	0.340312	0.935798
-0.659561	0.163818	0.733582
-0.149695	-0.733834	0.662631
-0.385953	0.798337	0.462274
-0.594534	-0.0582751	0.801956
-0.317317	-0.508817	0.80026
0.575335	0.768318	0.280493
-0.0573103	-0.601887	0.796522
-0.641497	-0.19083	0.743011
0.390273	0.00594933	0.92068
-0.184933	0.253293	0.949549
-0.151155	-0.15398	0.976444
0.478157	0.265637	0.83714
0.222968	0.318601	0.921292
-0.0625119	-0.0458617	0.99699
-0.60506	-0.427576	0.671626
0.298875	-0.516887	0.802185
-0.374664	-0.0369881	0.926423
-0.197921	0.319534	0.926674
-0.0470321	0.434732	0.899331
-0.396643	-0.283727	0.873026
-0.276552	0.423358	0.862721
-0.20085	0.0402325	0.978796
-0.392364	-0.128141	0.910841
-0.780023	-0.543832	0.309532
0.228144	0.0409055	0.972768
0.395319	-0.583962	0.709021
-0.39798	-0.729614	0.556126
-0.314493	-0.378515	0.870529
0.651688	0.568564	0.502034
-0.581293	0.439579	0.68474
-0.187105	-0.256879	0.948159
-0.162379	-0.240321	0.957016
0.0979918	-0.692797	0.714443
-0.224559	-0.293919	0.929077
0.389674	0.134519	0.911075
0.287647	0.374911	0.881306
-0.0168159	0.0440568	0.998887
-0.466724	0.160187	0.869775
-0.127819	0.424769	0.896233
0.250414	-0.203408	0.946529
0.428795	0.223796	0.875243
0.366844	-0.31334	0.875924
-0.0259242	0.456922	0.889129
-0.0731086	-0.0307741	0.996849
-0.256272	0.227848	0.939367
0.225144	0.166386	0.960014
0.115005	0.0254317	0.993039
-0.0946655	0.172503	0.980449
0.490817	0.823438	0.28469
-0.00152274	0.807118	0.590388
-0.052792	0.812406	0.580697
-0.0745683	-0.168362	0.982901
0.0714252	0.799058	0.596997
0.298276	-0.236162	0.924802
-0.207318	0.260061	0.943073
-0.139298	-0.0237699	0.989965
-0.359781	-0.187147	0.914075
-0.379288	-0.793554	0.475828
0.0339667	0.257104	0.965787
0.110015	0.339385	0.934192
-0.398892	-0.396916	0.826645
-0.200459	-0.594707	0.77855
-0.644942	0.251369	0.721708
0.171402	0.0458084	0.984136
0.734303	-0.308036	0.604907
0.249726	0.518553	0.817765
-0.489231	-0.711121	0.504935
0.401318	0.156625	0.902448
-0.507056	-0.0637591	0.859552
0.0337949	-0.157499	0.986941
0.473771	0.298934	0.82836
0.439154	-0.368266	0.819466
0.134611	0.329658	0.934455
0.421815	-0.375264	0.825378
0.0311829	-0.111269	0.993301
0.426139	0.339143	0.838682
0.227218	0.440409	0.868569
-0.292175	-0.193866	0.936509
-0.570453	-0.312448	0.759578
0.616125	0.518544	0.592875
0.260114	0.45504	0.851634
0.2277	-0.00322268	0.973726
0.581201	-0.0480453	0.812341
0.801331	0.587198	-0.114314
0.603007	0.282681	0.745972
-0.266515	-0.525699	0.807843
-0.448178	-0.0236132	0.893632
0.372635	0.195792	0.907088
-0.681185	-0.336737	0.650073
0.204585	-0.121428	0.971288
0.225844	0.0912718	0.969878
0.166226	0.798427	0.578691
-0.0720349	0.158976	0.984651
0.522886	0.410333	0.74714
0.187998	0.228004	0.955338
0.124377	0.0642774	0.990151
0.39116	0.15136	0.907791
0.0586656	0.0918031	0.994048
-0.35909	-0.356403	0.862572
0.217405	0.722736	0.65604
-0.527033	-0.421169	0.738141
0.0726902	-0.21283	0.974382
0.0452536	0.45216	0.890788
0.877009	-0.176116	0.447033
-0.016129	0.466928	0.884148
0.324559	-0.00411401	0.945857
0.719021	0.60119	0.348682
-0.521605	-0.255094	0.814159
-0.235718	-0.154424	0.959474
-0.148018	0.050245	0.987707
-0.762089	0.0813092	0.642346
0.218322	-0.336935	0.915866
0.611835	0.0608923	0.788638
0.423259	-0.561774	0.710818
0.0528137	-0.513957	0.856189
0.0923303	-0.389767	0.916274
0.426206	-0.702243	0.570266
0.424655	0.780454	0.458868
0.288713	-0.524994	0.800641
-0.109058	0.0699577	0.991571
-0.00624896	0.36033	0.932804
0.128064	0.774075	0.620006
-0.326762	-0.240403	0.91402
0.590043	0.204491	0.781046
0.0724746	0.871935	0.484227
0.0207109	-0.327149	0.944746
0.312297	0.409403	0.857239
0.61031	-0.0831013	0.787792
0.0871925	0.0224809	0.995938
0.0180886	-0.371698	0.928178
0.250884	-0.54992	0.796646
-0.368558	0.415879	0.83139
0.589118	-0.603582	0.537241
0.16876	0.0799844	0.982407
-0.387954	0.695852	0.604386
-0.325499	-0.0455409	0.944445
0.0660218	-0.483893	0.872633
0.226832	-0.478847	0.848088
-0.500457	0.142045	0.854029
0.819743	0.180262	0.543623
-0.282463	0.0390668	0.958482
0.959233	-0.109503	0.26054
-0.340526	-0.584217	0.736704
-0.117469	-0.425892	0.897116
-0.223357	-0.169525	0.959882
0.369248	-0.0752354	0.926281
-0.209964	0.717333	0.664341
0.216474	-0.351839	0.910685
0.592421	0.165576	0.78843
-0.754056	0.0262586	0.656284
-0.0750735	0.582785	0.809152
0.451227	-0.889851	0.0675189
0.00446938	-0.165486	0.986202
0.155814	-0.21138	0.964904
-0.481558	-0.136082	0.865785
0.549487	0.252371	0.796475
0.431229	-0.276645	0.858784
0.181907	0.187912	0.965194
0.460237	-0.359233	0.811871
0.687857	-0.379648	0.618644
-0.0675304	-0.584496	0.808581
0.243484	-0.203838	0.948243
-0.155714	-0.328981	0.93141
-0.211978	-0.258458	0.942478
-0.700909	-0.176491	0.69107
0.342332	0.835798	0.429243
0.664539	0.1078	0.739437
0.0157099	-0.236266	0.971561
0.514311	-0.462196	0.722398
0.000747761	-0.407911	0.913022
0.582268	-0.0981038	0.807056
0.517405	-0.163314	0.840013
0.114371	0.300767	0.946815
0.490211	0.810158	0.32146
-0.131569	-0.0192424	0.99112
0.432468	-0.0264957	0.90126
0.830659	-0.476278	0.288382
0.555213	0.416856	0.719701
-0.0674456	0.41726	0.906281
0.113687	0.0104403	0.993462
-0.325858	-0.359361	0.874458
-0.339259	0.0837394	0.936958
0.384748	-0.181637	0.904973
0.0165828	-0.582782	0.812459
0.0693271	-0.0838601	0.994063
-0.314848	-0.352956	0.881075
-0.0387281	0.749274	0.661126
-0.167426	-0.272873	0.947369
-0.28122	-0.702272	0.65401
0.327444	0.0528893	0.943389
0.0124227	-0.351607	0.936065
0.285617	0.0703774	0.955756
-0.292117	-0.837188	0.462368
0.0704157	-0.178336	0.981447
-0.18239	-0.60992	0.771188
-0.00467147	-0.3261	0.945324
-0.181113	-0.470543	0.86359
-0.159266	0.607572	0.778132
0.631776	-0.156375	0.759214
0.157327	-0.592215	0.790272
0.317558	-0.496644	0.807776
0.0266724	0.1864	0.982112
0.485506	-0.295931	0.822623
-0.319181	0.0900038	0.94341
-0.485559	-0.41178	0.771148
0.350589	-0.269268	0.896985
0.00674988	-0.0168559	0.999835
0.249953	-0.428292	0.868383
-0.0609274	0.359624	0.931106
0.0782096	-0.175896	0.981297
0.345947	-0.252655	0.903596
-0.196161	-0.848902	0.490801
-0.553634	-0.491534	0.672223
0.437762	-0.169709	0.882929
-0.612066	-0.223355	0.758609
0.0836038	0.0369989	0.995812
0.423979	-0.323606	0.845885
0.0619908	-0.257093	0.964396
0.35425	0.276102	0.893462
0.479111	-0.183088	0.858447
-0.193707	0.0190455	0.980875
0.204529	0.185146	0.961191
-0.231644	-0.0284389	0.972385
0.474114	0.423075	0.772155
-0.413655	-0.151955	0.897663
0.383713	0.160777	0.909349
-0.743208	-0.182682	0.643637
-0.131545	0.252957	0.958493
-0.174169	0.498265	0.849351
-0.478665	0.276493	0.833326
-0.0944439	-0.0394062	0.99475
0.319916	-0.169485	0.932163
0.424344	0.00447955	0.90549
0.364321	0.687875	0.627772
-0.4124	-0.026377	0.910621
-0.630659	-0.304686	0.713748
-0.35462	-0.0713396	0.932285
-0.263645	0.158883	0.951445
0.629515	0.307099	0.713723
0.348389	0.440292	0.827507
0.152979	0.0426151	0.98731
0.22373	0.0889556	0.970583
0.618164	0.186537	0.763595
-0.259971	-0.21872	0.940519
0.244061	0.0454523	0.968694
0.121448	0.105769	0.986946
-0.0538906	-0.176151	0.982887
0.205279	0.181862	0.961658
-0.156315	0.396206	0.904758
-0.138336	0.251796	0.957842
-0.389494	-0.526947	0.755395
-0.333845	-0.144477	0.93149
0.0449747	0.738678	0.672556
-0.70722	-0.52085	0.478075
-0.333571	-0.427008	0.840473
0.378711	0.686919	0.620258
-0.303934	-0.150765	0.940688
-0.0860766	0.332426	0.939193
0.095668	-0.185428	0.97799
-0.131839	-0.138974	0.981481
0.0609824	-0.706308	0.705273
0.232998	-0.249159	0.940017
-0.00931435	-0.294962	0.955464
-0.438058	0.203732	0.875556
0.542526	0.477496	0.691132
-0.145867	0.152659	0.977455
-0.27341	0.369627	0.888045
-0.0576019	-0.237038	0.969791
0.129121	-0.273144	0.953268
0.30874	0.762303	0.568836
0.19966	-0.579048	0.790468
0.0253453	-0.382056	0.923791
0.539069	-0.688064	0.485769
0.0502347	0.173254	0.983595
0.0638163	-0.52418	0.849213
0.186554	-0.210273	0.959679
-0.333195	0.751105	0.569932
0.378567	-0.133026	0.915965
0.0721911	0.757079	0.649323
-0.0686871	-0.34093	0.937576
0.529408	0.317585	0.786681
0.286802	-0.12872	0.949303
0.0215915	-0.217705	0.975776
-0.00792397	0.775689	0.631066
-0.00683234	0.111529	0.993738
-0.279901	0.595379	0.753113
0.0991207	-0.154712	0.982975
0.693601	0.0792879	0.715983
-0.0878093	-0.0424143	0.995234
0.599301	0.506349	0.62004
-0.696145	-0.184399	0.693815
0.307625	-0.00249074	0.951504
-0.331444	-0.0841465	0.939715
-0.171768	-0.0131028	0.98505
0.297851	-0.204082	0.932543
0.11206	0.18472	0.976382
0.120857	-0.549868	0.826461
-0.351553	0.347599	0.869244
0.34972	0.0592674	0.934978
-0.430368	-0.220408	0.875331
0.415685	-0.288999	0.862372
-0.450536	-0.148097	0.880389
-0.228617	0.0770915	0.970459
0.313754	0.186404	0.931027
-0.39523	0.0959251	0.91356
-0.373572	0.324861	0.868855
0.148366	-0.0419294	0.988043
0.316499	-0.352597	0.880627
-0.187929	-0.0125429	0.982102
-0.0622976	-0.345433	0.936373
-0.00112726	-0.292837	0.956162
0.10034	-0.839387	0.534192
-0.621721	-0.366931	0.691971
-0.747429	-0.0815449	0.659318
-0.0725046	0.256536	0.963811
-0.258625	-0.30111	0.917848
-0.0496122	-0.424913	0.903874
0.244191	-0.244503	0.938397
-0.220796	0.234379	0.946739
-0.0716606	0.32779	0.942029
-0.509089	0.203089	0.836411
-0.0167018	0.108529	0.993953
-0.494924	-0.324186	0.806197
0.58958	-0.182319	0.786864
0.304748	0.203049	0.930537
-0.00776583	-0.0407663	0.999139
-0.499764	-0.376629	0.779991
-0.19829	-0.586101	0.785599
0.0311487	0.0518552	0.998169
0.531226	-0.655926	0.536246
-0.104226	0.538854	0.835927
-0.45904	-0.584491	0.669069
0.0466738	0.215515	0.975384
0.195824	-0.428972	0.881837
-0.0595671	0.0923378	0.993944
-0.578265	0.0843485	0.811477
0.64369	0.159943	0.748386
0.172254	-0.526295	0.832672
0.38984	-0.387375	0.835443
-0.296757	0.56237	0.7718
0.577448	0.514399	0.633993
0.177761	0.0561208	0.982472
-0.1722	0.270742	0.947125
-0.55778	0.037795	0.829128
0.190612	-0.0294547	0.981223
0.0206821	0.416163	0.909055
-0.172061	0.167832	0.970684
0.127573	-0.103495	0.986415
-0.505137	-0.0541207	0.86134
0.176523	-0.514448	0.839156
-0.0743471	-0.10719	0.991455
0.344446	0.292934	0.891934
0.0818411	-0.288788	0.953889
-0.322898	0.403264	0.856222
-0.492204	0.274	0.826232
0.709264	0.320446	0.6279
0.265275	-0.606725	0.749342
-0.346783	0.150976	0.925715
0.619958	0.245168	0.745348
0.0913301	-0.254621	0.962719
-0.580914	0.255121	0.77295
0.0442557	-0.101685	0.993832
-0.0386645	-0.611974	0.789932
-0.68974	-0.174446	0.702729
0.487146	-0.610098	0.624876
-0.00214761	-0.822023	0.56945
-0.702553	0.428269	0.568335
0.0303506	-0.370061	0.928512
-0.583632	0.154138	0.797255
0.0489451	-0.644573	0.762975
-0.29003	-0.425534	0.857207
0.0108607	0.822118	0.569213
-0.184317	0.564612	0.804512
-0.516008	-0.121203	0.847966
-0.0233077	0.201104	0.979293
-0.362794	-0.608219	0.706011
0.463562	-0.262705	0.846225
-0.538809	0.633859	0.554894
0.504968	0.201051	0.839396
-0.300068	0.0740924	0.951036
-0.162561	0.327388	0.930801
0.44024	-0.154102	0.884557
0.741413	0.0145025	0.670892
-0.0388294	0.351125	0.935523
-0.149808	-0.13586	0.979336
-0.446007	-0.289755	0.846829
-0.517042	-0.199856	0.832301
-0.415225	0.59289	0.689978
-0.214386	0.15789	0.963903
0.20236	-0.00988635	0.979261
-0.478993	0.394416	0.784221
-0.0443243	0.227285	0.972819
-0.334091	0.407641	0.84983
0.257857	-0.19964	0.945332
0.0350346	-0.623991	0.780646
-0.160603	-0.653725	0.739493
-0.154834	0.565469	0.810105
-0.0585742	0.0193885	0.998095
-0.579625	-0.434857	0.689155
0.122841	-0.226883	0.966144
0.114246	0.351345	0.929249
0.598245	-0.279025	0.751165
-0.0454609	-0.152582	0.987245
0.488281	-0.325546	0.809692
-0.115174	0.397726	0.910247
-0.0650642	-0.269267	0.960865
0.382033	-0.340166	0.859266
0.437961	-0.238036	0.866908
-0.0476146	-0.420135	0.906211
0.232594	0.255639	0.938376
0.211409	0.167899	0.962869
0.0155255	0.124773	0.992064
0.205146	-0.23764	0.949443
-0.0933205	-0.227926	0.969196
0.601208	-0.218385	0.768672
-0.549376	0.717499	0.42823
-0.913083	0.173028	0.369243
-0.348042	0.181174	0.919806
-0.161665	0.0572808	0.985182
0.0834101	0.622805	0.777918
0.0724964	-0.11985	0.990142
0.120678	-0.747441	0.653275
-0.200897	0.00699155	0.979587
0.014811	0.383485	0.923428
0.0902794	-0.564816	0.820264
-0.00421461	0.27155	0.962415
0.559256	0.228412	0.796907
-0.470389	0.488276	0.735065
-0.180704	0.307864	0.934112
-0.740592	0.324268	0.588535
0.0801615	-0.561584	0.823528
0.00479584	-0.43073	0.902468
-0.787044	0.0366286	0.615809
0.0385923	0.24526	0.968689
0.265503	0.619896	0.738402
0.55402	0.320824	0.768202
-0.278496	0.0561979	0.958792
-0.0464721	0.0626341	0.996954
0.301865	-0.559053	0.772229
-0.51565	-0.829432	0.214818
0.174898	-0.223183	0.958958
0.944849	-0.314944	0.0898354
0.0436039	0.155723	0.986838
-0.203774	0.149485	0.967538
-0.483852	-0.0242316	0.874814
-0.422006	0.104514	0.900549
-0.188882	-0.134995	0.972677
-0.0960436	0.0288574	0.994959
0.0257714	0.0435722	0.998718
0.388217	-0.153192	0.908746
-0.355917	-0.191806	0.914622
-0.414667	0.0558089	0.90826
0.39325	-0.024384	0.919108
-0.0683887	0.200973	0.977207
0.513009	-0.124234	0.849346
0.179859	0.404097	0.896859
0.216312	0.371998	0.902677
-0.318434	-0.225777	0.920665
0.400146	0.0486608	0.915159
-0.0764088	-0.800862	0.593954
0.0309353	0.104016	0.994094
-0.18757	-0.0250599	0.981932
0.0404004	0.0399583	0.998384
-0.339272	-0.189494	0.921404
-0.162665	0.288116	0.943679
0.841794	-0.113554	0.527719
-0.316876	0.144452	0.937402
-0.0716947	0.0415353	0.996561
0.405949	-0.491766	0.770306
0.231763	0.186275	0.954771
-0.0988846	-0.529002	0.84284
0.0821565	0.0880701	0.99272
-0.305268	-0.031919	0.951731
0.0833751	0.101531	0.991332
-0.240259	0.0934783	0.966198
0.722754	0.0372783	0.690099
0.53008	0.286887	0.797942
-0.163093	-0.0271338	0.986237
0.0987625	-0.207687	0.973197
-0.134613	-0.518097	0.844662
-0.355814	0.164515	0.919963
-0.303864	0.420367	0.854961
0.600237	-0.142277	0.787066
0.243524	-0.19526	0.950037
-0.100978	0.398745	0.911485
0.408115	0.101455	0.907276
-0.658104	0.499069	0.563763
0.0947023	-0.244306	0.965063
-0.754071	0.147263	0.640071
0.146474	-0.266999	0.9525
0.121835	0.418118	0.900185
0.144956	0.569552	0.809072
-0.202821	-0.346311	0.915932
-0.230055	0.244221	0.942035
0.309141	0.454912	0.835157
0.0205639	-0.288497	0.95726
0.156983	0.0487163	0.986399
0.141901	0.518862	0.842999
0.200835	0.290849	0.935453
-0.0310623	-0.292999	0.955608
-0.388193	-0.467727	0.794064
-0.304853	0.0437104	0.951396
-0.0737583	-0.29111	0.953842
0.675827	0.195496	0.710661
0.245399	0.314895	0.916854
0.277868	0.0181893	0.960447
-0.25285	0.240818	0.937056
-0.148052	-0.0789258	0.985825
-0.531696	0.559478	0.635833
0.128883	-0.367511	0.921045
-0.151475	0.244765	0.957677
0.238845	-0.173734	0.95539
0.617798	-0.217192	0.755747
0.0405416	0.166568	0.985196
0.0532669	0.470017	0.881048
-0.184108	0.0509044	0.981587
-0.506179	0.00183937	0.862426
-0.215852	-0.286162	0.933552
0.300328	-0.163098	0.939788
0.146819	-0.202454	0.968223
0.427726	-0.274592	0.861191
0.174855	-0.17554	0.96882
0.43651	-0.412366	0.799633
0.091322	-0.115481	0.989103
-0.476633	-0.567738	0.671189
0.442813	-0.575028	0.687939
-0.00903885	0.0257271	0.999628
0.096243	0.127166	0.987201
-0.630386	-0.240395	0.738122
0.37822	-0.00879378	0.925674
-0.330473	0.443981	0.832868
0.587972	-0.553755	0.589614
0.0169287	0.167465	0.985733
-0.316264	-0.838739	0.443276
-0.0479188	-0.531799	0.845514
0.321623	-0.115986	0.939737
-0.403703	0.458719	0.791581
-0.118076	0.669524	0.733346
0.316174	0.134686	0.939092
-0.035094	0.219637	0.97495
0.452831	-0.104437	0.885459
0.386039	-0.0861732	0.918449
-0.565453	0.461676	0.68346
0.400543	0.258808	0.878968
0.520922	-0.319323	0.791627
-0.266799	-0.098523	0.958703
0.294144	-0.0201562	0.955549
0.119272	-0.182109	0.976018
0.124754	0.0423557	0.991283
0.817356	0.0821945	0.57024
-0.724422	-0.517891	0.454974
0.0593402	0.0547365	0.996736
0.599593	-0.0122559	0.800211
-0.153835	-0.895093	0.418502
-0.262315	0.283227	0.922482
0.502767	-0.181931	0.84506
-0.0223549	0.375925	0.92638
-0.276114	0.53935	0.795527
0.418617	-0.263104	0.869216
0.713898	0.0548179	0.698101
-0.064624	0.531747	0.844434
0.520418	0.00383594	0.853903
-0.811426	-0.255651	0.525576
-0.768544	0.0575685	0.637202
-0.319144	0.349307	0.880984
0.154424	-0.470195	0.868947
0.491979	-0.243394	0.835892
0.515535	0.161316	0.841547
-0.0302082	0.426336	0.90406
-0.115084	-0.245857	0.96245
-0.153736	0.296872	0.942461
0.054198	-0.3911	0.918751
0.1303	0.287509	0.948873
-0.195833	-0.670355	0.715733
-0.0230536	-0.336578	0.941373
-0.00525976	0.231673	0.972779
-0.352495	-0.505193	0.787735
0.236771	0.0390413	0.970781
-0.552038	0.0337684	0.833135
-0.237032	0.750953	0.616348
0.915432	-0.00363718	0.402457
0.0959896	0.192274	0.976635
0.26889	0.0240287	0.962871
0.136835	0.794729	0.59134
0.249217	-0.474323	0.844339
0.250532	0.443797	0.860394
-0.135844	-0.817586	0.559553
0.0391052	-0.0211021	0.999012
0.184984	-0.145456	0.971918
0.309983	-0.529986	0.78932
0.424034	-0.611734	0.667815
-0.167803	-0.105794	0.980127
0.62469	-0.0158765	0.780711
0.473149	0.0949659	0.875849
-0.307984	0.141286	0.940842
-0.215731	0.212944	0.952951
0.654059	0.285605	0.700455
0.0647062	-0.39159	0.917862
0.373503	-0.0331899	0.927035
-0.375834	-0.492088	0.785237
0.0558008	-0.0708077	0.995928
-0.700161	0.295471	0.649977
0.317547	0.630561	0.708207
-0.651821	-0.567022	0.503602
-0.085974	0.419671	0.903595
-0.136692	0.0607259	0.988751
-0.689079	-0.390556	0.610439
-0.406345	-0.204312	0.890584
-0.361135	-0.0214544	0.932267
0.183579	0.051029	0.98168
-0.50926	-0.0858735	0.856318
0.884156	0.0581148	0.463563
0.0187031	0.00315815	0.99982
-0.0436017	0.41305	0.909664
0.344902	0.180918	0.921038
0.518074	-0.377686	0.767433
-0.431861	-0.260175	0.8636
-0.218803	0.0620467	0.973794
0.211244	0.191363	0.958518
0.267068	0.852856	0.448677
-0.566959	0.591134	0.573688
-0.0161398	0.244601	0.969489
-0.172644	-0.553457	0.814788
-0.0283575	-0.309322	0.950535
-0.253256	-0.0122108	0.967322
-0.104786	0.22382	0.968981
-0.411994	-0.195363	0.889997
-0.313257	0.0815174	0.946163
0.00112492	0.203299	0.979116
0.267152	-0.0781778	0.960478
-0.0225112	-0.526228	0.850046
0.12831	-0.0818921	0.988347
0.532835	-0.0809497	0.842338
0.303109	0.0463335	0.951829
0.177421	0.126207	0.976009
0.598094	-0.729935	0.330874
0.400486	0.372587	0.837132
0.464981	0.00876133	0.885277
0.269755	-0.352154	0.896225
0.20085	0.3633	0.909765
-0.410574	0.0571589	0.910034
0.278774	-0.249582	0.927358
0.552672	0.0170988	0.833223
-0.521665	-0.0071722	0.85312
0.114883	0.116988	0.986466
0.189588	0.224457	0.955864
0.414805	-0.165455	0.894741
-0.0554473	0.37123	0.926884
0.861585	0.123896	0.492261
-0.00443581	-0.314882	0.94912
0.249999	0.010556	0.968189
0.653698	0.150435	0.741652
0.659069	-0.175957	0.731209
0.245852	0.605509	0.756912
0.175349	0.128265	0.976115
0.508912	0.0566392	0.858953
0.805754	0.101561	0.583478
-0.25144	0.349217	0.902677
0.327182	0.766093	0.553221
-0.368826	-0.34327	0.86379
-0.380068	-0.163697	0.910358
-0.206756	-0.0895848	0.974283
0.526264	-0.0967927	0.844794
0.0387321	0.267633	0.962742
0.204376	0.493142	0.845601
0.25359	-0.329166	0.909583
0.235539	0.196451	0.951803
-0.459216	0.399168	0.79359
0.106239	0.112993	0.9879
0.0342228	0.0500265	0.998161
0.396995	0.181513	0.899693
-0.160446	0.438343	0.884371
0.289249	0.632686	0.718362
0.155546	0.659387	0.735537
-0.0187299	0.438607	0.898484
-0.367651	-0.0325559	0.929394
-0.0124018	0.0824546	0.996518
0.371658	0.326053	0.869229
0.299486	-0.46653	0.832261
0.231762	0.570821	0.787686
0.654475	-0.559073	0.509018
0.648768	0.198322	0.734689
-0.133479	0.175589	0.975373
0.00202624	0.686032	0.727569
0.0775801	-0.310845	0.947289
0.163272	0.136093	0.977149
-0.308373	-0.410841	0.857972
-0.250975	0.530756	0.809512
-0.576903	-0.125825	0.807064
-0.529801	0.547098	0.64807
-0.700468	0.433504	0.566938
0.160455	0.269914	0.949421
0.491836	0.336733	0.802938
0.0405589	0.0210468	0.998955
0.294653	0.647052	0.703209
-0.0886708	-0.0440567	0.995086
-0.463924	0.31029	0.829756
-0.210327	0.0503409	0.976334
0.675402	0.0709173	0.734032
-0.12203	0.57384	0.809825
0.53696	-0.0180683	0.843414
0.195402	-0.169092	0.966036
0.104735	0.403168	0.909113
-0.623617	0.0283853	0.781215
-0.428361	-0.310634	0.848536
0.656461	0.280236	0.700376
0.746107	0.143181	0.650249
0.23811	-0.0204412	0.971023
0.376185	0.502937	0.778164
0.0529585	0.644774	0.762537
-0.351745	0.217397	0.910502
0.289345	-0.794387	0.534069
0.104623	0.497643	0.861049
0.0574076	-0.31512	0.947314
-0.226033	-0.501738	0.834966
0.39519	0.567687	0.722188
0.273592	0.444614	0.852916
0.0428318	0.260806	0.964441
-0.556281	-0.239801	0.795643
0.33893	0.252896	0.906184
0.0724127	0.148476	0.986261
-0.00374522	-0.543053	0.83969
-0.206144	0.320737	0.924463
0.035329	0.544963	0.837715
0.412802	0.295084	0.861696
-0.293672	-0.242472	0.924643
-0.0337916	0.000791665	0.999429
0.397447	0.794043	0.459925
-0.510462	0.451818	0.731635
0.098306	0.0838253	0.99162
0.535895	0.126405	0.834768
-0.471056	-0.0317809	0.881531
-0.650971	-0.29066	0.701251
-0.24131	-0.347144	0.906234
0.213385	-0.612578	0.761062
-0.0366926	0.0957739	0.994727
-0.855346	-0.0118445	0.517922
0.164944	-0.108587	0.980307
-0.135019	0.258342	0.956572
4.83595e-06	-0.451636	0.892202
0.306219	0.240076	0.921191
0.35011	-0.2654	0.898324
0.134036	0.136573	0.98152
-0.25392	-0.000909978	0.967225
0.0910167	-0.472258	0.876749
-0.222532	-0.338716	0.914194
-0.0643024	0.319176	0.945511
0.287296	0.498931	0.817636
-0.312991	0.471366	0.824531
-0.247404	0.511848	0.82268
-0.0592816	-0.174271	0.982912
0.0634199	0.173486	0.982792
-0.0776767	-0.0217149	0.996742
0.114713	-0.136139	0.984026
0.804888	-0.0651197	0.589844
-0.106104	0.249282	0.962601
0.10078	0.391489	0.914647
-0.399927	-0.19403	0.895774
0.0455132	-0.331247	0.942446
0.518054	-0.139278	0.843932
0.1097	-0.215459	0.970331
0.450439	-0.175333	0.875422
0.299106	0.493332	0.816798
-0.459858	-0.337687	0.821278
0.00524083	-0.370013	0.929012
-0.206367	-0.498549	0.841939
-0.390779	-0.289481	0.873781
0.219807	0.55988	0.798887
0.209448	0.741429	0.637507
0.592185	-0.144155	0.792803
0.631665	0.37505	0.678482
-0.283591	0.0200385	0.958736
-0.0535732	-0.159469	0.985748
-0.520686	-0.286721	0.804163
0.59346	0.363281	0.718215
0.460846	0.522597	0.717296
-0.547576	-0.280342	0.788396
-0.12733	-0.0979894	0.987008
-0.331239	0.497655	0.801636
0.229878	0.0959033	0.968483
0.366004	-0.26683	0.89154
0.0225425	0.809503	0.586682
-0.595863	0.354484	0.720617
0.209922	0.0805537	0.974394
-0.0117134	-0.102172	0.994698
0.293492	0.596843	0.746754
0.00474959	0.0705811	0.997495
0.405992	-0.00179249	0.913875
-0.16019	0.55135	0.81875
-0.19427	-0.0829217	0.977437
-0.337186	0.329344	0.881951
0.348541	-0.0598538	0.93538
-0.558928	0.0384095	0.828326
-0.0110339	-0.0599504	0.99814
-0.224237	0.0921957	0.970164
-0.219621	0.625779	0.748444
-0.227758	-0.122301	0.966007
0.472535	-0.287813	0.832991
-0.0702833	0.471181	0.879232
-0.441427	-0.129915	0.887843
-0.119758	-0.159534	0.979901
-0.580718	-0.434914	0.688198
0.047007	0.0244947	0.998594
0.277768	-0.633525	0.722144
-0.330593	0.157693	0.930506
0.0545709	-0.399465	0.915123
0.251016	0.382839	0.889058
0.120554	0.0430515	0.991773
-0.116161	-0.630863	0.76715
0.544369	0.0918782	0.833799
0.0323815	-0.478461	0.877512
0.623452	0.402838	0.670097
0.453273	0.461794	0.762423
0.099144	-0.26693	0.958603
-0.620339	0.613813	0.488275
-0.507628	-0.397896	0.764194
0.42527	-0.552415	0.716926
-0.362985	0.229916	0.902984
-0.144285	0.260997	0.954496
0.514056	-0.332423	0.790722
0.0426751	-0.291618	0.955582
-0.429712	0.274765	0.860146
-0.0474283	-0.150666	0.987446
0.702168	-0.0953546	0.705597
0.340676	-0.120277	0.932455
-0.15418	0.082814	0.984566
-0.192759	-0.591984	0.782559
0.545326	0.146376	0.825345
-0.254235	0.323152	0.911558
-0.0303056	0.375052	0.926508
0.507731	0.631883	0.585605
0.32492	0.280848	0.903079
0.20924	0.616829	0.758776
-0.0883827	-0.170281	0.981424
-0.255339	-0.31978	0.912438
0.496889	-0.302655	0.813327
-0.147966	-0.147695	0.977902
0.259258	0.507542	0.821697
0.53598	0.40688	0.739712
0.0322181	-0.272915	0.961499
-0.193997	-0.0273451	0.980621
0.110332	-0.263839	0.958236
0.331578	0.281324	0.900507
0.667584	-0.0746629	0.740781
0.598054	0.118734	0.792612
0.239031	0.086131	0.967184
0.299433	0.0797873	0.950775
0.644268	-0.239868	0.726211
0.437095	-0.265732	0.859264
0.229961	-0.671662	0.704264
-0.688208	-0.452897	0.566793
0.312387	-0.418027	0.853034
-0.481851	-0.367772	0.795338
-0.391998	-0.179813	0.902222
0.00552903	-0.45516	0.890393
0.23594	-0.496294	0.835479
0.00326834	0.305095	0.952316
-0.500978	0.15087	0.852208
-0.210066	0.294653	0.93223
-0.419608	-0.255636	0.870965
0.361907	0.503687	0.784425
-0.381643	0.310599	0.870561
0.371317	-0.233955	0.898548
-0.204197	-0.665696	0.717741
-0.690491	0.102282	0.716073
-0.186937	-0.110479	0.97614
-0.26873	-0.0303867	0.962736
-0.00718425	-0.0305142	0.999509
-0.464173	-0.165439	0.870157
-0.138833	-0.215775	0.966523
-0.165827	0.0155393	0.986032
-0.548134	-0.129417	0.826317
-0.0689111	0.542689	0.837102
0.270256	0.308586	0.911996
-0.291483	-0.343701	0.892697
-0.0382376	-0.377455	0.925238
-0.129087	-0.771219	0.623344
0.430337	-0.243943	0.869081
-0.0657191	-0.0487141	0.996648
0.168159	-0.551761	0.816874
-0.246893	0.285088	0.926158
0.220994	-0.541787	0.810943
0.00444673	0.367515	0.930007
0.151439	0.280837	0.947732
-0.0252615	-0.195954	0.980288
-0.0927054	0.211698	0.972928
-0.193943	0.417503	0.887737
-0.436933	0.380824	0.814901
0.103786	-0.362731	0.926097
0.386605	-0.160725	0.908132
-0.373175	0.246658	0.894371
0.116747	-0.589901	0.798991
-0.0299128	0.564789	0.824693
0.525554	0.0449165	0.849574
-0.019925	-0.464185	0.885514
0.0446043	0.280141	0.958922
0.0568897	-0.00645665	0.99836
-0.17043	0.150396	0.973825
-0.0470894	0.00370257	0.998884
0.219769	-0.319669	0.92169
0.230238	0.165716	0.95892
-0.324698	0.0995698	0.940562
0.341041	-0.329705	0.880333
-0.0523225	-0.0275199	0.998251
-0.648655	0.615328	0.447905
0.439405	0.120489	0.890171
-0.438385	-0.518498	0.734151
-0.343904	0.31992	0.882826
-0.107967	-0.156534	0.981754
0.200111	0.483907	0.851933
-0.0048312	0.0386486	0.999241
0.12256	0.154771	0.980319
0.463522	0.430767	0.77433
0.0124312	-0.590737	0.806769
-0.00325453	-0.439201	0.898383
0.117541	-0.422712	0.898609
0.109001	-0.777824	0.618958
0.423405	-0.19949	0.883704
-0.205623	0.0131782	0.978542
-0.0578713	-0.335929	0.940108
0.694916	-0.096797	0.712546
-0.252447	-0.308844	0.916998
-0.0653195	-0.0661893	0.995667
-0.427884	-0.181915	0.885337
0.269647	0.500393	0.822738
0.0384672	0.0577104	0.997592
-0.0426917	-0.501872	0.863888
0.252189	-0.17993	0.950803
0.0309154	0.00673261	0.999499
-0.238524	0.322754	0.915935
-0.246155	0.396903	0.884237
0.188182	0.0450307	0.981101
-0.378409	-0.356989	0.854029
0.371578	-0.0810635	0.924856
0.0777716	-0.113367	0.990505
-0.0243994	-0.224001	0.974283
0.179175	-0.245518	0.95269
0.105443	-0.416902	0.902815
0.250011	-0.773305	0.582661
-0.595352	-0.662345	0.454813
-0.493383	-0.311898	0.811968
-0.296206	-0.528171	0.7958
0.110739	0.0987194	0.988934
0.278538	-0.658586	0.699057
-0.0125016	-0.331371	0.943418
-0.46365	-0.632867	0.620087
0.129008	-0.621629	0.772616
-0.341653	-0.496868	0.797743
-0.49164	-0.566731	0.66114
-0.392096	0.410897	0.823058
-0.0333875	-0.236252	0.971118
-0.314688	-0.104887	0.943382
0.563085	-0.187333	0.804886
-0.348801	0.312268	0.883644
0.0885419	-0.226214	0.970045
0.657659	-0.0361817	0.752447
0.382995	0.246467	0.890263
-0.811337	0.134934	0.568792
0.781695	-0.0733086	0.619338
-0.242425	-0.186707	0.952035
-0.57585	0.369426	0.72933
0.312605	0.751537	0.580922
-0.603423	-0.156729	0.781867
-0.126203	0.182145	0.975139
0.607824	0.289868	0.739274
-0.454944	-0.680985	0.573834
-0.601009	0.104349	0.792401
0.208631	-0.219107	0.953135
-0.407321	0.127084	0.9044
0.0742601	0.210984	0.974665
0.215546	0.0886646	0.97246
-0.410223	0.0473355	0.910756
0.244072	0.520823	0.818029
-0.238648	0.0627311	0.969078
0.46188	0.687601	0.560242
-0.134633	-0.148746	0.979668
0.11157	-0.301711	0.946849
-0.492373	-0.508532	0.706374
0.486299	0.103355	0.867659
0.0949853	0.0757719	0.992591
0.640835	0.408415	0.650022
-0.414182	0.330292	0.848151
0.420619	-0.452412	0.786386
0.215341	0.230605	0.94892
-0.492915	-0.393894	0.77581
0.383128	-0.276116	0.88146
0.773871	-0.312883	0.550661
0.461702	0.617354	0.636951
0.122788	0.150895	0.980894
-0.13909	0.239308	0.96093
0.543501	-0.100365	0.833386
0.149788	-0.206064	0.967006
-0.105352	-0.0802705	0.99119
-0.320443	-0.37281	0.870821
0.174695	0.36429	0.914754
0.0824029	0.298102	0.950971
-0.61757	0.135369	0.774779
-0.0480945	-0.206016	0.977366
0.378832	-0.206936	0.902033
-0.0206204	0.771035	0.636458
-0.0522646	-0.41232	0.909538
-0.144103	0.33109	0.932531
0.0818737	-0.361815	0.928648
0.269147	0.062629	0.961061
0.182823	0.401518	0.897418
-0.218757	0.885228	0.410509
-0.118304	0.631059	0.766661
-0.273197	-0.312146	0.909905
0.013928	0.0985878	0.995031
-0.118609	-0.102993	0.987585
0.0915861	-0.465968	0.880049
0.495091	-0.0861024	0.864564
-0.683496	0.070916	0.726502
-0.122067	0.346936	0.929911
-0.158653	0.341036	0.926566
-0.191069	0.154056	0.969412
0.054784	0.169023	0.984088
0.324749	0.209163	0.922382
-0.167943	0.109869	0.979655
-0.468103	-0.739305	0.484054
0.214532	0.149776	0.965165
-0.445214	-0.576863	0.684845
-0.500564	-0.448638	0.740378
-0.107783	0.442058	0.890488
0.0488461	-0.989622	0.135142
-0.0704741	0.460632	0.884789
-0.571785	-0.146418	0.807232
0.184502	0.219201	0.958076
0.435842	0.310426	0.844795
0.725677	-0.101668	0.680483
0.117281	0.212102	0.970184
-0.673089	-0.116432	0.730339
0.00187727	0.447042	0.894511
-0.143847	-0.0115155	0.989533
-0.601468	0.242129	0.761321
-0.238787	-0.387535	0.890392
0.00581891	0.719036	0.694948
0.341769	0.224022	0.912693
-0.0666843	0.412343	0.908585
-0.154589	0.278357	0.947956
-0.075225	-0.261148	0.962363
0.151789	0.432646	0.888694
0.0647817	-0.224534	0.972311
-0.530509	0.192825	0.825457
0.254734	0.00992436	0.96696
0.829263	-0.101279	0.549604
0.252241	-0.0366149	0.966972
0.249299	-0.162706	0.954661
0.544424	-0.045552	0.837572
0.715307	-0.1433	0.68396
0.236505	-0.171642	0.956349
0.205286	-0.0852432	0.974983
-0.0251008	-0.33728	0.94107
-0.167582	-0.0170853	0.98571
0.780925	-0.120168	0.612957
-0.0768849	0.842347	0.533424
-0.303138	-0.0292737	0.952497
-0.0722281	-0.56695	0.820579
-0.171542	0.657508	0.733659
0.435483	-0.163953	0.885141
-0.750357	0.0180712	0.660786
-0.139794	-0.121578	0.982688
0.315454	-0.321452	0.892837
-0.458917	0.472205	0.752608
-0.309311	-0.00069122	0.950961
0.559138	0.439076	0.703262
-0.66671	-0.324901	0.670774
0.392477	-0.553785	0.734359
0.158295	0.525203	0.836125
0.31862	0.717505	0.619409
0.240353	0.128054	0.962202
-0.525554	-0.343514	0.778326
0.0698224	-0.314912	0.946549
-0.148864	-0.21233	0.965793
-0.974644	0.0388663	0.220361
0.636511	0.406764	0.655283
-0.523363	0.456577	0.719464
0.304988	-0.25273	0.91821
-0.194414	-0.0901856	0.976765
0.178386	0.169677	0.96922
-0.196188	-0.663393	0.722094
-0.754647	-0.422326	0.502144
0.123304	0.354054	0.927061
-0.1178	0.156104	0.980691
-0.267928	-0.598846	0.754717
-0.340115	0.60414	0.72065
-0.000752652	-0.768651	0.639668
-0.0528658	0.0609953	0.996737
-0.08972	-0.0312436	0.995477
0.455009	0.149614	0.877828
0.21844	0.313712	0.92405
0.665788	0.453709	0.592347
0.550266	-0.0154823	0.834846
0.577385	-0.46337	0.672246
0.21654	-0.090207	0.972097
0.373988	-0.526007	0.763838
-0.378501	0.469954	0.797421
0.330905	-0.174739	0.927345
-0.303604	0.164276	0.93853
0.49606	0.279585	0.822044
0.276	0.117703	0.953923
0.975065	0.154884	0.158933
-0.147114	-0.170527	0.974309
0.465314	-0.247023	0.849978
-0.0383973	-0.279711	0.959316
0.0029254	0.253209	0.967407
-0.0130195	0.00667997	0.999893
0.191946	-0.444653	0.874895
0.59666	0.138958	0.790372
-0.0776068	0.704549	0.705399
0.455753	0.301257	0.837576
-0.374935	-0.395828	0.838299
-0.162935	-0.445429	0.880366
-0.0096756	0.0764811	0.997024
0.188146	-0.0503274	0.980851
0.273608	0.485424	0.830363
0.646432	0.558642	0.519659
-0.208335	0.568446	0.795905
0.531022	0.738955	0.414683
-0.206656	0.0709184	0.97584
0.168554	0.223411	0.96004
0.388051	0.419167	0.820802
-0.298857	0.0881519	0.950218
0.386299	-0.327588	0.862241
0.0671746	-0.10616	0.992077
0.494262	0.632106	0.596781
0.242482	0.202226	0.948845
0.475497	-0.431356	0.766704
0.02447	0.0277138	0.999316
-0.409214	-0.207329	0.888571
0.178353	-0.521719	0.834266
-0.483144	-0.377176	0.790133
-0.121666	0.226765	0.96632
-0.644149	-0.46846	0.604663
0.770784	-0.210311	0.601383
0.163727	0.102083	0.98121
-0.334008	0.410368	0.84855
-0.0562102	-0.101367	0.99326
0.162703	-0.267003	0.949862
0.382485	0.740858	0.552119
-0.20729	0.0474541	0.977128
0.461649	0.194738	0.865423
0.274639	0.154859	0.948995
-0.226734	-0.417932	0.87973
0.546804	-0.545877	0.634841
0.0469649	0.424579	0.904172
-0.309554	-0.265073	0.913188
-0.57628	0.359519	0.733926
0.14815	-0.655456	0.74056
0.901873	-0.296236	0.314434
-0.654116	-0.206363	0.727699
0.233241	0.204069	0.950765
0.482714	0.259911	0.836322
-0.426178	-0.500981	0.753253
-0.589139	-0.224784	0.776136
-0.374074	-0.396966	0.838144
0.320555	0.0556069	0.945596
-0.269209	0.0042585	0.963072
-0.158413	-0.394638	0.905078
0.636039	0.507068	0.581668
0.174675	-0.284278	0.942695
0.214794	0.538376	0.814871
-0.236923	-0.0673941	0.969188
0.397105	0.267596	0.877895
-0.657803	-0.0506516	0.751485
-0.823808	-0.358602	0.439028
-0.10274	0.467993	0.87774
0.977566	-0.0872577	0.191703
-0.046475	-0.416261	0.908056
-0.502421	-0.829185	0.244999
-0.304939	0.446903	0.841006
-0.0642803	0.154459	0.985906
-0.1179	0.258378	0.958822
-0.0665862	0.547931	0.833869
0.0965086	0.0609531	0.993464
0.539522	0.198064	0.818344
-0.748261	-0.595282	-0.292823
-0.0391909	0.231012	0.972161
0.573253	0.228015	0.787014
-0.472654	0.124452	0.872416
-0.240491	-0.72266	0.648018
-0.526465	0.0314924	0.849613
-0.0951717	0.302329	0.948441
0.276026	-0.241316	0.930363
-0.0981136	-0.338187	0.935951
-0.0155373	0.0361458	0.999226
0.25702	-0.0395883	0.965595
0.717576	0.0797722	0.691897
0.140507	-0.493656	0.858231
0.430277	-0.186641	0.883191
0.713308	-0.163159	0.681595
-0.52194	-0.0463794	0.851721
0.238057	-0.0629838	0.969207
-0.105612	-0.510037	0.853644
0.526456	-0.0942486	0.844962
-0.200735	-0.176207	0.963668
-0.223197	-0.00808993	0.97474
0.61133	-0.440583	0.65739
-0.11851	0.71824	0.685629
0.101415	0.27158	0.957058
-0.654291	0.234093	0.719099
-0.209076	0.290869	0.933639
0.185529	-0.060883	0.980751
-0.391729	-0.380175	0.837863
-0.573061	-0.451093	0.68419
-0.346675	0.13961	0.927537
0.377298	0.0313159	0.925562
-0.225394	0.438592	0.869962
0.173986	0.544459	0.820544
0.183952	0.225332	0.956759
0.802157	-0.400031	0.443305
0.148454	-0.270872	0.951099
0.023292	0.250292	0.96789
-0.477378	-0.251755	0.841861
0.570319	-0.410952	0.711235
0.00885174	0.544896	0.838457
0.127464	-0.755604	0.642507
0.123255	-0.0862746	0.988618
0.077884	-0.62378	0.77771
-0.637487	-0.547948	0.54163
-0.442782	-0.0157535	0.896491
-0.112698	-0.289167	0.950622
-0.0492045	0.385051	0.921582
-0.00482363	-0.319432	0.947597
0.20516	0.0548738	0.977189
-0.465317	0.119842	0.876994
-0.222873	0.320727	0.920577
-0.0383503	0.15532	0.987119
-0.188424	-0.201333	0.961229
0.0358737	0.180248	0.982967
0.764121	0.458255	0.454006
-0.0847994	-0.706079	0.703037
0.242143	-0.424338	0.872527
0.0512596	0.752223	0.656912
-0.0555231	0.415399	0.907943
-0.12882	0.198665	0.971564
0.574225	-0.456198	0.679815
0.31636	-0.25391	0.914027
0.267333	0.447977	0.853141
0.404277	0.246397	0.880823
0.245762	0.116787	0.962269
0.289798	0.626994	0.723115
-0.0209112	-0.0762299	0.996871
-0.0640201	-0.550764	0.832202
-0.584434	-0.36993	0.722211
0.21311	-0.431721	0.876471
0.449374	-0.271563	0.851068
0.149479	0.0676326	0.986449
0.210783	-0.00149647	0.977532
0.0619162	-0.398189	0.915211
0.212088	-0.226757	0.950579
-0.629463	-0.382495	0.676368
-0.173258	-0.554132	0.814199
0.222384	-0.145561	0.964032
0.03173	-0.171697	0.984639
0.062089	0.349	0.935064
-0.188956	0.0506913	0.980676
-0.358994	-0.0316223	0.932804
0.0546727	0.0556404	0.996953
-0.141502	0.774003	0.617168
0.0407966	0.33838	0.940125
0.136085	-0.175216	0.975079
-0.206145	0.162713	0.964898
-0.0921738	0.189152	0.977612
-0.490211	-0.107112	0.864997
-0.0467882	-0.0530952	0.997493
0.0488359	0.26556	0.962857
-0.0934945	0.572429	0.814606
-0.101893	0.494797	0.863014
0.300647	-0.19484	0.933621
0.205838	0.85765	0.47124
0.156961	-0.671873	0.723844
-0.66036	-0.000492703	0.750949
-0.470944	0.110204	0.875253
0.612513	0.0625637	0.787981
-0.180246	-0.51928	0.83538
0.184773	-0.199347	0.962351
-0.497839	-0.121348	0.858738
0.235146	0.0384801	0.971198
0.543013	0.0135461	0.839615
0.162227	-0.181187	0.969976
-0.32714	0.0493924	0.943684
-0.400962	0.0817829	0.912437
-0.335155	-0.60839	0.719398
0.778417	-0.0550284	0.625331
-0.00260084	-0.118615	0.992937
-0.321289	0.812008	0.487253
-0.823424	-0.0523835	0.565003
-0.255013	0.289586	0.922555
-0.22839	-0.363486	0.90317
-0.0174787	0.107656	0.994034
0.43301	-0.677616	0.594423
-0.493788	-0.420184	0.761327
-0.619338	0.338104	0.708595
-0.344859	0.0683279	0.936164
0.461549	0.28785	0.839115
0.172829	0.317529	0.932365
-0.0401033	0.0982732	0.994351
0.292805	0.415288	0.861279
-0.555562	-0.464035	0.689943
-0.506602	0.176264	0.84397
0.396693	0.682991	0.613318
0.0643974	0.462436	0.884311
-0.356582	0.0284816	0.93383
-0.669462	-0.21309	0.711627
-0.160478	-0.126264	0.97893
-0.192844	-0.134751	0.971933
-0.0143343	0.0278589	0.999509
0.186108	0.0735983	0.979769
0.515485	0.248697	0.820015
0.714559	-0.0705378	0.69601
0.230038	-0.421559	0.877138
-0.0585459	0.115122	0.991625
0.123449	0.250416	0.960235
0.0199456	-0.356037	0.934259
0.429652	-0.250804	0.867466
0.252075	0.73192	0.63305
-0.0447509	-0.524539	0.850209
0.578377	-0.467175	0.66875
0.174791	0.61365	0.769988
0.611469	0.149571	0.777003
0.837051	0.25877	0.482062
0.143224	0.303853	0.941892
-0.023533	0.300511	0.953488
0.687114	0.111468	0.717948
-0.214083	0.430017	0.877071
-0.789419	0.486368	0.374517
0.527899	0.056894	0.847399
0.492964	-0.129627	0.860339
-0.475697	-0.340448	0.811053
0.126625	-0.0142469	0.991848
0.475255	-0.147313	0.867428
-0.180375	0.237445	0.954508
0.0857403	0.407035	0.909379
0.0860566	-0.149778	0.984967
-0.0356483	-0.0122272	0.99929
-0.260042	-0.193944	0.94592
-0.194281	-0.222067	0.955479
-0.0916274	-0.740013	0.666322
0.188305	-0.180763	0.965332
0.514392	0.239511	0.823429
-0.156945	-0.0904834	0.983454
0.385815	-0.461877	0.798634
0.485332	0.450805	0.749151
-0.0251487	-0.378298	0.925342
0.278963	0.244744	0.928591
-0.376258	-0.249934	0.892168
0.0381542	0.02386	0.998987
-0.217877	-0.320598	0.921817
-0.404841	0.036522	0.913658
0.503089	0.0260804	0.863841
0.208952	-0.50562	0.837071
-0.179616	-0.0971435	0.978929
-0.0922615	-0.266869	0.959306
0.151913	-0.00896656	0.988353
-0.353593	-0.175074	0.918869
-0.26466	0.298769	0.916892
-0.528495	0.178389	0.829982
0.17496	0.412844	0.89384
-0.0439107	0.397674	0.916475
0.452592	-0.437353	0.777099
-0.210507	0.154556	0.965297
-0.329382	-0.12426	0.935984
0.406448	0.41695	0.81299
0.221319	0.19031	0.956452
0.109785	0.498554	0.859879
0.231997	-0.216564	0.948302
0.383526	-0.693587	0.60979
0.0581513	-0.468022	0.881802
0.0600825	-0.0498139	0.99695
-0.152489	0.391836	0.90731
0.166089	0.719721	0.674105
0.446335	0.228773	0.865129
0.632221	-0.00857072	0.774741
0.211949	0.197877	0.957038
0.293919	0.169338	0.94071
-0.274897	-0.0876528	0.95747
0.352006	-0.617952	0.703013
0.505166	0.769045	0.391634
-0.491136	0.620766	0.611093
0.674553	0.165582	0.719417
0.134264	-0.351317	0.92658
-0.53176	0.146278	0.834167
-0.383341	-0.247536	0.889818
-0.410407	-0.019315	0.911698
0.217623	0.587498	0.779414
0.164615	0.266489	0.949677
-0.242124	-0.544566	0.80301
-0.236488	-0.353159	0.905181
-0.268519	-0.407666	0.872758
-0.355444	-0.0139475	0.934593
-0.245606	0.743702	0.621759
-0.197719	0.277217	0.940243
-0.442718	-0.394003	0.805458
0.0463236	-0.211912	0.97619
0.430847	0.659333	0.616158
0.155167	0.136951	0.978349
-0.0574343	-0.10282	0.99304
0.0832962	0.754189	0.651353
-0.399721	0.39157	0.828792
-0.241585	0.0755464	0.967434
0.59524	-0.119818	0.794565
0.199249	-0.404668	0.892493
0.598752	-0.22287	0.769302
0.111379	-0.328043	0.938074
0.0981164	0.863724	0.494322
0.382691	-0.27832	0.880957
0.271946	-0.512003	0.8148
-0.263629	-0.385597	0.884203
-0.784031	0.217301	0.581442
-0.242632	0.522934	0.81711
-0.603973	0.161517	0.780467
-0.417181	0.37956	0.825769
-0.160811	0.602133	0.782033
-0.0727411	-0.474818	0.877073
0.480427	-0.0672828	0.87445
-0.645059	0.375129	0.665715
0.498904	-0.333175	0.800056
-0.563024	0.0278646	0.825971
-0.201495	-0.193419	0.960202
0.343222	0.362359	0.866542
-0.184433	0.358884	0.914979
0.237768	-0.617445	0.749819
0.235686	0.370857	0.898286
0.143192	-0.208595	0.967463
0.0302848	0.522942	0.85183
0.227502	-0.279577	0.932781
0.447152	-0.139768	0.883471
0.325703	0.726836	0.604671
-0.304049	-0.630131	0.714485
-0.395474	-0.0813074	0.914871
-0.189014	-0.0851938	0.978272
-0.207202	-0.238839	0.948695
0.453131	0.098742	0.885958
-0.110375	0.873521	0.474108
0.0243934	0.26306	0.964471
-0.457149	-0.048706	0.888056
-0.645018	0.421552	0.637374
0.279507	0.228224	0.932625
0.0491149	0.0377006	0.998081
-0.116883	-0.794215	0.596289
0.0513282	-0.364639	0.929733
0.389547	0.361819	0.846959
-0.0904606	-0.00840833	0.995865
-0.175989	-0.715838	0.675725
-0.776758	-0.373987	0.506735
0.068787	0.643725	0.762159
0.589663	0.0417885	0.806567
-0.255387	-0.117174	0.959712
-0.0618304	-0.10298	0.99276
0.605185	-0.246186	0.757062
-0.397057	-0.1581	0.904074
-0.215812	0.244971	0.945206
-0.0164828	-0.180753	0.98339
-0.902889	-0.133407	0.40865
-0.153217	-0.199252	0.967896
-0.645856	-0.533876	0.545753
0.575814	0.638036	0.511223
0.406687	0.0813803	0.909936
-0.346249	-0.0667742	0.935763
-0.314402	0.0860912	0.945378
-0.618196	0.230308	0.751526
0.330307	0.370104	0.868286
-0.0933901	-0.371738	0.923628
-0.648967	-0.14368	0.747127
-0.300886	-0.359383	0.883352
-0.199467	-0.560461	0.803801
0.0685322	0.603497	0.794415
-0.547439	-0.124453	0.82754
-0.222854	0.0629184	0.972819
-0.233685	0.130847	0.963468
-0.556663	0.0187302	0.830527
0.0467654	-0.55683	0.829309
0.317459	-0.64666	0.693578
-0.347881	-0.152292	0.925087
-0.375586	0.277135	0.884382
0.289598	0.20184	0.935625
0.0417751	-0.318046	0.947154
0.31805	-0.0181168	0.947901
-0.139567	-0.195005	0.970821
0.411243	-0.213761	0.886107
0.724917	0.0310419	0.688137
0.638344	0.0151859	0.769602
-0.0475467	0.567619	0.821917
0.0892186	0.069862	0.993559
-0.1474	-0.371989	0.916459
0.169022	0.231186	0.958115
0.516561	0.366247	0.773969
-0.0719311	0.0582015	0.99571
0.140155	0.0131914	0.990042
0.700251	0.206342	0.683426
-0.677372	0.15888	0.718279
0.235166	0.0574118	0.970258
0.0640544	0.0993023	0.992993
-0.210662	-0.0481608	0.976372
0.460466	0.0721744	0.884738
-0.220568	-0.202915	0.954031
0.0561998	0.377612	0.924257
-0.300527	-0.0747222	0.950842
0.029681	-0.38053	0.924292
0.695161	0.301533	0.652556
0.400989	0.768588	0.498477
-0.171264	-0.140531	0.975151
0.133193	-0.291711	0.947188
-0.617822	0.542976	0.568746
-0.0791053	-0.0181694	0.996701
-0.385624	-0.551225	0.739896
-0.544953	-0.306705	0.780358
-0.555564	-0.0585458	0.82941
-0.654456	0.212706	0.725564
0.261659	0.497641	0.826975
-0.428347	0.517762	0.740568
0.344444	0.278234	0.896629
-0.148848	0.368974	0.917443
0.357885	-0.345571	0.867467
-0.458144	-0.313116	0.831903
-0.426488	-0.299314	0.853533
0.353561	0.160947	0.921461
-0.272555	0.280446	0.920361
0.264895	0.0626995	0.962237
-0.0313881	-0.53696	0.843024
-0.299945	0.264545	0.916542
0.0656887	-0.495865	0.865912
0.240205	0.294937	0.924832
0.0980233	-0.556461	0.825072
-0.198019	-0.346931	0.916748
-0.324906	0.316489	0.891219
-0.474848	-0.587963	0.654843
-0.173234	-0.103852	0.97939
0.715504	0.281995	0.639166
0.178978	-0.0951145	0.979245
-0.262213	-0.294117	0.919097
-0.0294478	-0.436969	0.898994
0.173118	0.10669	0.979105
0.528098	-0.607262	0.593587
0.00865943	-0.0692229	0.997564
-0.114576	-0.0220051	0.993171
-0.644016	0.218875	0.733033
-0.669587	-0.487548	0.560312
0.174206	0.197686	0.964662
-0.0153783	0.115254	0.993217
0.473628	0.0613823	0.878584
-0.412633	0.123642	0.902467
0.279248	-0.190235	0.941186
0.324845	-0.254054	0.911006
-0.305911	-0.23027	0.923793
0.124723	0.0566285	0.990574
0.417143	0.00161327	0.90884
0.307175	0.4776	0.823129
-0.0972117	0.740176	0.665349
-0.273836	0.168506	0.9469
0.758258	-0.196568	0.621616
0.113447	-0.792878	0.598727
0.0936665	-0.037029	0.994915
0.616796	0.220266	0.755675
0.68415	0.0635716	0.726566
-0.00388489	-0.0309474	0.999513
-0.116119	-0.535746	0.836356
-0.422368	-0.297818	0.856101
0.140277	-0.077173	0.9871
-0.0464933	-0.179598	0.982641
-0.515859	-0.104196	0.850314
-0.727384	0.524339	0.442698
-0.774465	0.148736	0.614883
0.348233	0.599385	0.720744
0.158935	-0.260368	0.952338
-0.249932	-0.267068	0.930703
-0.11286	0.043884	0.992641
-0.151907	0.0373346	0.987689
0.147303	-0.413861	0.898344
-0.178754	-0.449654	0.875133
-0.825793	0.521886	0.213776
0.0893025	0.340678	0.935929
-0.0631852	-0.472905	0.878845
0.0851599	0.00514622	0.996354
0.351014	0.0649409	0.934116
0.106355	0.270171	0.95692
0.167277	-0.516512	0.839782
-0.288268	-0.340935	0.894799
-0.230862	-0.351232	0.90738
-0.135118	-0.55185	0.822924
0.0789145	0.0269727	0.996516
-0.222815	-0.0269278	0.974489
0.37038	0.0621703	0.926797
0.25835	-0.196649	0.945825
0.22802	-0.109465	0.967483
-0.340783	0.163284	0.925854
0.408911	-0.260684	0.874549
0.175424	0.629003	0.757352
-0.166154	-0.534116	0.828923
-0.140203	0.374475	0.916576
0.0145862	0.59358	0.804643
0.36271	0.647697	0.670023
-0.239998	0.101694	0.965432
-0.16195	-0.385325	0.908458
0.712492	-0.0942859	0.695317
0.280694	-0.394173	0.875122
0.086418	-0.0920163	0.992
0.0521323	0.149846	0.987334
-0.0767055	0.3848	0.919807
0.0784854	-0.0728042	0.994253
-0.432517	-0.0551829	0.899936
0.570388	-0.0882473	0.816621
0.19728	0.109889	0.974169
0.0191215	-0.00178397	0.999816
-0.393628	0.313732	0.864077
0.122272	-0.177386	0.976516
0.113525	0.250879	0.961339
0.664342	0.0314071	0.746769
0.0822477	-0.532191	0.84262
0.637922	0.278876	0.717833
0.684023	-0.00387066	0.72945
-0.884013	-0.394581	0.250654
0.00585828	0.31825	0.947989
0.696016	-0.0506232	0.71624
-0.476488	0.0308431	0.87864
-0.805349	0.0967025	0.58486
-0.02216	0.0417564	0.998882
-0.355676	-0.175972	0.917894
-0.395815	-0.533884	0.747193
-0.204477	-0.203324	0.957522
-0.260057	-0.104571	0.959914
-0.405607	-0.43763	0.802473
0.246282	0.0113536	0.969132
-0.374801	0.278842	0.884178
0.181582	0.188078	0.965223
-0.250429	0.423872	0.870412
0.225096	0.834296	0.503271
-0.711341	0.20989	0.670775
0.559144	0.108881	0.82189
0.0721527	-0.178137	0.981357
0.249548	-0.201294	0.94721
-0.0784036	-0.0568938	0.995297
-0.936179	0.326119	-0.131209
0.0634023	0.381293	0.922278
0.478792	0.281571	0.83155
-0.0819313	-0.0129936	0.996553
-0.0448783	-0.0947053	0.994493
0.474186	-0.288394	0.831851
0.277068	-0.396343	0.875297
0.160497	-0.506135	0.847389
-0.503578	0.0436606	0.862846
-0.0655662	0.318675	0.945593
0.11264	-0.321024	0.940349
-0.0845159	-0.213427	0.973296
-0.0836629	-0.113613	0.989996
0.741528	-0.344933	0.575463
-0.0131547	0.204548	0.978768
0.483044	0.375438	0.791022
0.385857	-0.252824	0.88724
-0.140244	-0.0929158	0.985748
-0.172191	0.386599	0.906031
0.147077	-0.249957	0.957021
0.0461718	0.435722	0.898896
0.335575	0.0782066	0.938762
-0.373373	-0.207598	0.904155
-0.0908323	-0.210019	0.973469
0.173042	0.215639	0.961018
-0.415438	0.0112357	0.909552
0.0235536	-0.0259377	0.999386
-0.663355	-0.113905	0.739585
-0.154872	0.531006	0.833095
-0.224982	-0.183121	0.957
-0.0742474	-0.693406	0.716712
-0.0728133	-0.100018	0.992318
-0.172726	0.0525091	0.983569
0.561263	0.692193	0.45371
-0.177324	0.323605	0.929428
0.11164	-0.356384	0.927646
-0.82227	-0.0264314	0.568484
0.18455	-0.368374	0.911176
-0.313817	-0.14884	0.937745
0.152988	-0.176385	0.972359
0.134837	0.666937	0.732813
-0.00413519	0.180141	0.983632
0.0336973	-0.0696248	0.997004
-0.113671	0.00324112	0.993513
-0.0731898	-0.09591	0.992696
-0.226551	0.325589	0.917969
-0.201897	-0.0280202	0.979006
0.516459	-0.0640731	0.853911
-0.0884222	0.268492	0.959215
-0.66118	0.406668	0.630446
0.194956	0.0382281	0.980067
0.0204444	-0.167218	0.985708
0.116183	0.746683	0.654955
-0.470759	0.420955	0.77536
0.406242	-0.178021	0.896257
-0.127133	-0.500224	0.856512
-0.113345	-0.017284	0.993405
0.154001	-0.0274471	0.987689
0.550182	0.220747	0.805338
0.344233	0.39445	0.852005
0.148446	0.522541	0.839592
0.375452	-0.0760068	0.92372
0.32494	0.205925	0.923043
-0.458949	-0.0475119	0.887191
-0.0214599	0.440594	0.89745
0.282194	-0.087489	0.95536
0.499417	-0.311125	0.808569
0.487219	-0.150897	0.860144
-0.551904	0.227118	0.802384
-0.118128	0.148644	0.98181
-0.100666	0.21137	0.972209
-0.404153	-0.0998591	0.909224
0.0490634	-0.479018	0.876433
0.505423	-0.18598	0.84259
0.457187	-0.362767	0.812022
0.484428	-0.129938	0.865128
-0.287139	0.176564	0.941476
0.587322	-0.243508	0.771853
0.156923	0.253264	0.954585
-0.105525	-0.352553	0.929823
0.52094	0.169125	0.836671
-0.0482445	-0.149849	0.987531
-0.0926207	-0.325151	0.941115
-0.0618584	-0.0234877	0.997809
0.189622	-0.119943	0.974503
0.660299	0.46622	0.588765
-0.294938	-0.0839017	0.951826
-0.395279	-0.0804223	0.915034
-0.0184211	-0.0578769	0.998154
-0.147818	-0.000783508	0.989014
0.0474222	0.57581	0.816207
0.810242	-0.196663	0.552115
-0.0123426	-0.401705	0.915686
0.150627	-0.0787852	0.985446
-0.0171547	-0.470329	0.882325
-0.256559	0.580836	0.772533
-0.0774946	0.587512	0.805496
0.159067	-0.425374	0.890929
0.169773	-0.226537	0.959092
-0.408701	0.160893	0.898374
-0.27891	-0.0288695	0.959883
-0.0290095	0.291635	0.95609
0.632801	-0.221997	0.741809
0.0208225	0.273966	0.961514
-0.236024	0.335068	0.912152
0.517108	-0.273054	0.811197
-0.14856	0.227602	0.962355
-0.156857	-0.399484	0.903221
-0.0971306	-0.417253	0.903585
-0.053042	-0.274646	0.960081
0.114965	0.45523	0.88292
-0.500406	-0.00335979	0.865785
-0.300296	-0.28139	0.911396
-0.0468691	-0.38573	0.92142
-0.165595	-0.480431	0.861258
0.00834136	-0.116317	0.993177
0.119964	-0.194316	0.973576
0.0664912	-0.164594	0.984118
0.324203	-0.728927	0.602957
0.171492	-0.247952	0.953473
-0.440597	0.151073	0.884902
-0.0262127	0.0668666	0.997418
0.0236504	0.33944	0.94033
-0.495698	0.271555	0.824949
-0.169892	0.0802625	0.982189
-0.409224	-0.0167729	0.91228
0.163026	-0.575605	0.801313
0.188789	-0.614488	0.766005
-0.236159	-0.0950386	0.967056
0.138331	-0.194012	0.971197
-0.444953	0.546112	0.709774
-0.519583	-0.356393	0.776542
-0.210147	-0.750921	0.626064
-0.188837	-0.455317	0.870073
-0.542754	-0.384247	0.746842
-0.00555138	0.278845	0.96032
0.136363	0.101005	0.985496
-0.272849	-0.39463	0.877394
-0.122389	0.00173397	0.992481
0.379893	-0.340957	0.859901
0.112326	0.162561	0.980284
-0.289207	-0.439033	0.850652
-0.188656	0.486244	0.853215
-0.414007	-0.100731	0.904683
-0.256779	-0.496899	0.828949
-0.358499	-0.652658	0.66747
-0.00459526	-0.484959	0.874525
0.146402	-0.083768	0.985672
0.150269	0.185845	0.971021
-0.363727	0.0604969	0.929539
0.371154	-0.692809	0.618272
0.114983	-0.699688	0.705135
-0.541302	0.10027	0.834828
0.0472342	0.274132	0.960532
0.544101	-0.150284	0.82545
-0.249708	-0.182023	0.951059
0.195501	-0.203007	0.959462
0.0802831	-0.105227	0.991202
0.128754	-0.546912	0.82723
-0.0464132	0.616654	0.785865
0.0488311	-0.444511	0.894441
-0.0474519	0.183333	0.981905
0.386632	-0.644356	0.659789
-0.40871	-0.230863	0.882983
0.245709	-0.118444	0.96208
0.247088	-0.262262	0.932827
-0.0460925	0.519539	0.853203
-0.500534	-0.371184	0.782105
-0.070779	-0.192505	0.97874
-0.101573	-0.657747	0.746359
0.636435	0.212258	0.74155
-0.129481	0.11048	0.985408
0.305197	0.130335	0.943328
-0.417448	0.193034	0.887961
-0.671472	-0.555539	0.49041
0.0280987	0.0711648	0.997069
-0.156603	-0.365116	0.917696
-0.239443	0.172499	0.955464
-0.0905117	0.403918	0.910307
-0.243739	0.394017	0.886195
0.425963	0.687157	0.588533
0.323349	0.155601	0.933399
0.25525	-0.195773	0.946848
-0.190393	-0.673986	0.713788
0.775118	0.057832	0.629165
0.0867423	-0.266306	0.959978
0.351607	0.18073	0.918536
-0.00025252	-0.630925	0.775844
0.275057	-0.173348	0.945671
0.345378	0.248072	0.905083
0.0341992	0.374424	0.926627
0.36814	0.0899819	0.925406
-0.879384	-0.13089	0.457767
-0.341385	-0.490629	0.801711
0.232497	0.133647	0.963371
-0.619026	0.178685	0.764774
0.58057	0.280861	0.764235
0.518944	0.07207	0.851765
-0.123392	0.314528	0.941194
0.338583	-0.158686	0.927459
0.476428	-0.308216	0.823419
-0.0847014	-0.232494	0.968903
0.00638255	-0.372873	0.92786
-0.152425	0.64757	0.746606
0.0121797	0.272018	0.962215
-0.41884	0.551624	0.721307
0.143489	-0.444969	0.883976
0.531856	-0.635565	0.55963
0.121396	-0.152112	0.98088
-0.637593	0.55364	0.535685
0.109995	0.526949	0.842749
-0.780242	-0.102302	0.617055
-0.0986849	-0.00139712	0.995118
0.424429	0.00388641	0.905453
-0.522962	0.019566	0.852131
-0.266494	-0.356885	0.895329
0.239776	-0.0947458	0.966194
0.490326	-0.52712	0.694064
-0.0946292	-0.461842	0.8819
0.305754	0.0367935	0.951399
0.0928625	0.213882	0.972436
0.133241	0.444553	0.885788
0.509018	0.286521	0.811669
0.636505	0.00192797	0.77127
-0.288367	-0.228617	0.929827
-0.358995	-0.713693	0.601469
-0.145826	0.328264	0.933262
0.598674	-0.242698	0.763339
-0.264696	-0.575016	0.77414
-0.267992	-0.185257	0.945442
-0.478957	0.146749	0.865486
0.415778	-0.341156	0.843055
0.450578	0.218233	0.865652
0.205802	0.665025	0.717905
-0.416192	-0.183744	0.890518
-0.186203	-0.169021	0.967864
0.467406	-0.149177	0.871366
-0.481428	-0.250935	0.839797
-0.0621427	0.0558703	0.996502
0.112967	0.323834	0.939346
-0.904939	0.38945	0.171504
-0.639164	-0.222665	0.736131
-0.228191	-0.0355904	0.972966
-0.466189	0.459881	0.755762
0.296089	0.281633	0.912696
0.0330954	-0.301961	0.952746
0.638859	0.413245	0.648913
0.627175	0.244752	0.739424
-0.588619	0.115312	0.800144
-0.359853	-0.119156	0.925369
-0.0855757	-0.201721	0.975697
-0.187334	0.119479	0.975003
-0.098818	-0.0695853	0.99267
0.164932	-0.793927	0.585215
0.396165	0.0286123	0.917733
0.267732	0.0324982	0.962945
-0.213571	0.477875	0.85207
-0.485899	0.662023	0.570638
0.127221	-0.012517	0.991795
-0.502464	0.00248491	0.864594
-0.339741	-0.201314	0.918721
-0.120947	0.535197	0.836024
-0.268134	-0.136177	0.953709
0.0442648	-0.285398	0.957386
-0.107688	-0.0572589	0.992535
-0.668152	-0.517839	0.534244
-0.381696	0.504727	0.774312
0.453958	-0.0537368	0.889401
-0.0502678	-0.493476	0.868305
-0.127917	-0.898401	0.420134
-0.578396	0.468336	0.667922
0.15927	-0.156496	0.974752
-0.0805243	-0.308787	0.947716
0.117769	-0.021564	0.992807
-0.446552	0.432187	0.783458
-0.141802	-0.359202	0.922424
0.362462	0.02925	0.931539
0.373591	-0.229447	0.898768
-0.0860165	0.171152	0.981483
0.446323	0.260753	0.856039
0.203899	-0.00394766	0.978984
0.159858	-0.585124	0.795032
-0.167031	0.143285	0.975485
0.0961431	0.0986741	0.990464
-0.0415619	-0.499379	0.865386
0.515336	-0.623546	0.587894
0.498409	0.415049	0.761133
0.17703	0.514097	0.839264
-0.0300814	-0.122571	0.992004
-0.515413	-0.368878	0.773485
0.490758	-0.502982	0.711453
0.542866	-0.00751333	0.839786
-0.346588	0.0106529	0.937957
-0.244553	-0.0872076	0.965706
0.0838645	0.633954	0.76881
0.347617	-0.207238	0.914448
-0.780574	0.316819	0.538823
0.243055	0.101469	0.964691
0.17913	-0.00772218	0.983795
0.0357212	0.625555	0.779362
0.0276214	-0.100218	0.994582
-0.477523	-0.172971	0.861425
0.222139	-0.0395129	0.974214
-0.0564905	-0.0882744	0.994493
-0.226898	-0.155371	0.961445
-0.597962	-0.323348	0.733408
0.099114	0.378812	0.920151
-0.321543	-0.0951959	0.942098
-0.034202	0.0167367	0.999275
-0.205288	0.00140107	0.978701
0.499717	-0.168444	0.849653
-0.3538	-0.408652	0.841326
-0.430534	-0.834064	0.344933
-0.1525	-0.094502	0.983775
0.232806	-0.634202	0.737285
-0.524504	0.266922	0.808485
0.533519	-0.491217	0.688523
-0.352069	0.00895545	0.935931
-0.653711	-0.0202115	0.756475
0.402915	-0.0647302	0.912946
-0.263737	0.186294	0.946434
-0.797038	-0.399147	0.453225
-0.630638	0.470508	0.617185
-0.203572	0.180776	0.962226
-0.0924733	-0.0742037	0.992946
-0.0570197	0.00436624	0.998364
-0.471029	-0.27564	0.837947
0.0750075	-0.215724	0.973569
-0.530156	-0.0170028	0.847729
0.264007	-0.196132	0.944369
-0.269543	0.219973	0.937528
0.3982	-0.00844501	0.91726
-0.531395	-0.482611	0.696208
-0.648793	0.235065	0.723748
0.36473	0.370995	0.854011
0.0266293	0.261418	0.964858
-0.202543	-0.0376328	0.97855
0.339034	0.28378	0.896953
0.710688	0.384526	0.589119
0.463036	0.176153	0.868658
0.640196	-0.305756	0.704743
0.263114	0.136127	0.955113
0.559949	0.380661	0.735904
0.399062	0.168189	0.901367
0.529862	0.551913	0.643924
-0.116906	-0.240541	0.963573
0.00204854	0.282731	0.959197
-0.057262	-0.502998	0.862389
-0.265206	0.0474737	0.963022
-0.381692	0.0743072	0.921298
-0.333112	-0.137271	0.932842
-0.339006	-0.198562	0.919591
-0.580944	-0.586224	0.564664
-0.264677	-0.0803187	0.960986
0.263736	-0.458973	0.848403
0.755437	0.460826	0.465783
-0.210441	-0.771352	0.600608
0.370326	0.373484	0.85051
-0.571949	-0.608231	0.55039
-0.658448	-0.534974	0.529385
-0.275113	-0.28122	0.919363
0.0219833	0.0109642	0.999698
0.91692	-0.0912146	0.388506
-0.159854	-0.108489	0.981161
0.266377	-0.315079	0.910916
-0.0716457	-0.0733192	0.994732
0.287667	-0.138483	0.947666
-0.0365004	-0.175313	0.983836
-0.161348	0.0326112	0.986359
-0.273972	-0.0912315	0.957401
-0.439553	-0.189567	0.877985
0.300417	0.0233893	0.953521
0.0933077	-0.943009	0.319419
-0.152663	0.257504	0.954141
-0.391845	0.817975	0.421158
-0.0475402	0.234503	0.970952
0.151164	-0.0579458	0.986809
0.0314793	-0.0886731	0.995563
-0.7363	-0.528452	0.422612
0.0902432	0.501029	0.860713
0.200328	-0.563516	0.801448
0.26888	0.541398	0.796613
-0.112546	0.58545	0.802859
-0.364961	0.177521	0.913942
0.354118	0.025922	0.934842
0.565085	-0.706415	0.426213
-0.0448015	-0.354717	0.9339
-0.335199	-0.331677	0.881834
0.333806	0.0200228	0.942429
0.0839478	-0.0886085	0.992523
0.218212	0.885153	0.410958
-0.734041	0.426992	0.528074
-0.312409	0.753712	0.578203
-0.115246	-0.632325	0.766083
-0.132283	0.0948712	0.986661
-0.584546	-0.139909	0.799207
-0.152469	0.659077	0.736459
-0.204532	0.0653187	0.976678
-0.346105	0.713051	0.60973
-0.5578	0.156093	0.815165
0.505211	-0.377591	0.776007
0.0691807	0.309799	0.948282
-0.0126979	0.000582898	0.999919
-0.212467	-0.415127	0.884606
-0.00788049	0.0237883	0.999686
0.0427387	0.507475	0.860606
0.433341	-0.282989	0.855648
0.122361	-0.0950595	0.987923
-0.537881	-0.347556	0.768042
0.344384	-0.00396622	0.938821
-0.614136	-0.646072	0.453241
-0.0216087	-0.330847	0.943437
-0.182105	0.2491	0.951203
-0.241754	-0.224741	0.943952
-0.625521	0.0557316	0.778214
-0.626993	0.0410361	0.777943
-0.444823	0.0235204	0.895309
0.0757824	-0.109187	0.991128
-0.433333	-0.0138828	0.901127
-0.0856481	-0.135677	0.987044
0.134261	0.260273	0.956155
-0.292318	0.511877	0.807795
-0.209933	0.933527	0.290611
0.212134	-0.448529	0.868229
-0.802526	0.542853	0.247513
-0.385211	0.216397	0.897098
-0.0214803	-0.245435	0.969175
-0.378301	-0.0673487	0.923229
-0.179859	-0.260642	0.948534
-0.579861	-0.0740762	0.811341
0.0922717	-0.175372	0.980169
0.375575	0.164166	0.912136
0.0244509	0.0194069	0.999513
-0.300762	0.76767	0.565884
0.0269988	0.252176	0.967305
-0.105283	-0.439793	0.891907
-0.0785942	0.448999	0.890069
0.893669	-0.208597	0.397294
0.342032	0.0871162	0.935641
-0.13632	-0.0034173	0.990659
-0.442629	-0.286768	0.849614
-0.0337119	0.499204	0.865828
0.211701	-0.507685	0.835128
0.729759	-0.319379	0.604524
-0.046557	0.157652	0.986397
-0.454076	0.0743055	0.887859
0.718581	-0.589884	0.368344
0.155982	0.522491	0.838256
-0.115554	0.0314124	0.992804
-0.0865056	-0.361051	0.928525
0.458388	0.462139	0.75915
0.427104	-0.437563	0.791278
-0.124608	-0.077166	0.989201
0.0132815	0.017861	0.999752
-0.547582	-0.381156	0.744899
0.395694	-0.0452994	0.917265
0.108053	0.19008	0.975804
0.277194	0.10305	0.955272
0.690552	0.378427	0.616386
0.111132	-0.496735	0.860758
0.0111761	-0.703061	0.711042
-0.189517	-0.192899	0.962743
0.280143	0.0589998	0.958143
0.358201	-0.114968	0.926539
-0.742388	0.218558	0.633319
-0.378632	0.354268	0.855062
-0.360205	-0.355739	0.862382
-0.116887	0.148914	0.981917
-0.284855	0.688153	0.66731
0.173165	-0.372782	0.911618
0.257348	-0.666699	0.699489
-0.85703	-0.153511	0.491868
-0.502957	-0.231456	0.832744
-0.611628	-0.705994	0.357048
0.00558947	-0.0672875	0.997718
-0.0251099	0.380775	0.924327
-0.0205456	0.356485	0.934075
-0.3843	0.278789	0.880108
0.101756	-0.460046	0.882045
-0.615649	0.00831232	0.787977
0.0916657	0.0523995	0.99441
-0.0413806	0.29545	0.954462
0.141409	0.127449	0.981713
0.323918	-0.385289	0.864077
-0.689975	-0.211579	0.69222
-0.162566	-0.302475	0.939192
-0.072732	0.163336	0.983886
-0.423887	0.189651	0.885637
-0.0182035	-0.15681	0.987461
0.0627415	-0.0284425	0.997624
0.273145	-0.0986116	0.956905
-0.187023	0.0503792	0.981063
0.658684	-0.325496	0.678371
0.279102	-0.121663	0.952523
0.475029	-0.0435019	0.878894
-0.328264	-0.454632	0.827981
0.211735	-0.253965	0.943753
-0.0758941	0.215205	0.973615
-0.479785	0.233405	0.845771
-0.257071	0.144232	0.955569
0.0191155	0.137643	0.990297
0.0161312	0.460235	0.88765
-0.196577	0.262569	0.944677
0.113848	-0.306684	0.944978
0.808673	-0.230112	0.541384
0.277741	0.639606	0.716773
0.430433	0.439186	0.788571
0.337679	-0.3529	0.872602
-0.215611	0.0638684	0.974388
0.0933023	-0.122189	0.988112
-0.0260381	-0.596146	0.802454
0.429065	-0.221826	0.875612
-0.349514	0.099797	0.931601
-0.314326	0.346339	0.883883
0.33599	-0.11977	0.934219
-0.160389	-0.484025	0.86023
0.452534	-0.158111	0.877618
-0.0822962	0.0637183	0.994569
-0.126342	0.102494	0.986678
0.45115	-0.748561	0.485922
-0.20829	-0.137889	0.968298
0.161875	-0.219385	0.962116
0.170664	-0.184464	0.967908
-0.170442	-0.394836	0.902803
-0.0674782	0.196114	0.978257
-0.184153	-0.193358	0.963691
0.0555206	-0.203918	0.977412
-0.535994	-0.0549806	0.84243
-0.362314	-0.262201	0.894416
-0.0618897	0.301436	0.951476
0.156579	0.692786	0.703939
0.588296	0.218678	0.778516
-0.190363	0.118002	0.974596
-0.337598	-0.792498	0.507912
0.190274	0.449706	0.872674
-0.536689	-0.20498	0.818504
0.568055	0.531283	0.628531
-0.482688	0.0904852	0.871105
-0.748381	-0.0915192	0.656924
-0.226387	0.0232104	0.973761
0.333555	0.176889	0.925987
0.543845	0.010233	0.839123
-0.130135	0.286524	0.949194
0.109252	-0.917832	0.381638
0.223882	0.422923	0.878073
-0.510559	0.170191	0.842832
-0.0670972	-0.012276	0.997671
0.483651	-0.151447	0.862059
-0.0415529	-0.588857	0.807168
0.25415	-0.3338	0.907736
-0.252052	-0.0325533	0.967166
0.53284	0.230073	0.814339
0.147725	-0.0831971	0.985523
-0.113694	-0.36455	0.924217
0.140663	0.262548	0.954611
0.404157	0.222457	0.887226
0.145656	-0.412275	0.899341
0.056939	-0.58881	0.806263
0.130443	0.120919	0.984054
0.873932	-0.401927	0.273308
-0.0303336	-0.0701864	0.997073
0.0487519	-0.101669	0.993623
0.128492	0.403527	0.9059
-0.473292	-0.301642	0.827651
-0.0684803	-0.750429	0.657394
-0.227981	-0.529767	0.816928
-0.447324	-0.168488	0.878358
0.566431	-0.762369	0.312968
-0.238728	-0.185643	0.953177
-0.356671	0.506675	0.784899
-0.344555	-0.231361	0.90981
-0.0834523	-0.604641	0.792114
0.00799191	0.156729	0.987609
0.282625	-0.500705	0.81818
0.0913863	-0.30526	0.947874
-0.408722	-0.483	0.774375
0.418872	0.154282	0.894843
0.00828214	0.577987	0.816004
0.707616	-0.66763	0.231411
0.323763	-0.248981	0.91279
-0.186568	0.327373	0.926293
-0.0230099	-0.15991	0.986863
-0.0338778	0.573202	0.818714
0.474187	0.477667	0.739581
0.446136	0.0542254	0.893321
0.462826	0.398653	0.79175
-0.903146	0.193516	0.383249
-0.397823	0.33153	0.855468
0.51201	-0.661181	0.548347
-0.567877	0.27112	0.777181
-0.620003	-0.234976	0.748587
0.485373	-0.417027	0.768441
-0.500005	-0.784487	0.366845
-0.755034	0.47981	0.446884
-0.12163	0.138235	0.982902
0.142243	-0.803045	0.578693
0.604423	0.223525	0.764663
-0.739276	-0.0261301	0.672895
-0.616582	0.321725	0.718554
0.157253	0.0883469	0.983599
-0.783013	0.0010292	0.622005
-0.425959	0.144087	0.893195
-0.0884624	0.668413	0.738511
0.421467	0.468177	0.776644
-0.11467	0.653502	0.748189
-0.887494	-0.0407878	0.459011
0.15546	0.316971	0.935608
0.476226	0.627871	0.615619
-0.199084	-0.185382	0.962288
0.522329	-0.259953	0.812155
0.0218778	0.245971	0.96903
-0.0712295	-0.352378	0.933143
-0.613955	-0.514916	0.598265
0.220563	-0.645634	0.731101
0.298777	-0.135745	0.944619
-0.0851166	0.930391	0.35655
0.317637	-0.593964	0.73913
-0.103434	0.336043	0.93615
-0.203582	-0.408808	0.889624
0.338163	-0.0104008	0.94103
-0.135371	-0.405352	0.904082
0.689373	0.475298	0.546678
-0.681388	0.0995584	0.725119
0.14967	0.218407	0.964312
0.372215	0.547166	0.74971
0.38632	0.584767	0.713305
-0.714469	-0.0523356	0.697707
0.372817	-0.570104	0.732112
0.212746	0.397974	0.892388
-0.366088	-0.292453	0.883431
-0.582476	0.0319509	0.81222
0.127408	-0.646283	0.752386
0.174143	-0.707613	0.684805
-0.271729	0.0661437	0.960098
0.286532	-0.107155	0.952059
0.398509	-0.0371469	0.916412
0.0649995	0.0227748	0.997625
-0.341631	-0.115689	0.932687
-0.185062	-0.0123145	0.98265
0.544786	-0.177657	0.81954
-0.0915803	-0.441604	0.892524
-0.592914	-0.0379394	0.804372
-0.589752	0.425507	0.686394
-0.820284	0.00957797	0.571876
-0.42471	0.544199	0.723512
0.232047	-0.149178	0.961197
-0.0775663	0.0201713	0.996783
0.409443	-0.107689	0.905958
-0.921155	0.117184	0.371134
-0.413557	-0.437586	0.798429
0.647382	0.0963245	0.756054
-0.815239	0.0276324	0.578465
-0.349621	0.0329948	0.93631
-0.23283	-0.342195	0.910326
0.192232	0.79972	0.568766
-0.266625	-0.0671369	0.961459
0.165566	0.696557	0.698138
0.253318	0.561385	0.787831
0.0545077	-0.0324177	0.997987
0.0988139	0.735667	0.670097
-0.586215	-0.350039	0.730633
0.302051	-0.366588	0.879988
-0.0263347	0.312441	0.949572
0.421426	0.623103	0.658896
0.0477336	0.0544532	0.997375
0.579646	-0.278125	0.765935
-0.29148	0.285014	0.91313
0.0466375	0.306615	0.95069
0.0223046	-0.356518	0.934022
0.187563	-0.30737	0.932922
0.433169	-0.391849	0.811676
0.112002	-0.553278	0.825432
-0.00560885	-0.235862	0.97177
-0.138934	0.297685	0.9445
-0.260121	-0.438708	0.860158
-0.2866	-0.131001	0.949052
-0.0708129	-0.0454807	0.996452
0.0694284	0.506804	0.859261
0.275426	-0.344957	0.897299
-0.2477	-0.293465	0.923322
0.350767	-0.0258873	0.936105
0.0339429	0.114166	0.992882
-0.591822	-0.704147	0.392331
0.119892	-0.42759	0.895987
0.0239203	0.23697	0.971222
-0.584043	0.758293	0.289631
-0.0846607	0.25481	0.963278
-0.214878	0.384024	0.897972
-0.0290345	0.445299	0.894911
-0.42424	-0.754342	0.500988
0.491036	-0.557507	0.66938
0.65	-0.311505	0.693155
-0.0268227	-0.307774	0.951081
-0.304435	-0.0545792	0.950968
0.058936	-0.266863	0.961931
0.113549	0.486023	0.866538
-0.399284	-0.600923	0.692433
-0.3053	-0.339751	0.889585
-0.402959	-0.194051	0.894409
0.270608	-0.179619	0.945785
0.757649	-0.0643166	0.649485
0.345858	0.397623	0.849869
-0.0486061	0.259399	0.964546
0.486766	0.616271	0.619087
-0.694292	-0.560699	0.451194
-0.149847	0.120777	0.981305
-0.226284	0.19558	0.954224
0.248148	0.344612	0.905354
0.616226	-0.556612	0.557179
0.200047	-0.197014	0.959774
-0.00117073	0.197479	0.980306
-0.428021	0.379964	0.820015
0.0285532	0.104392	0.994126
-0.33986	0.16735	0.925467
0.242924	0.0397531	0.96923
-0.0684073	0.964737	0.25417
-0.280428	-0.763044	0.582344
-0.464248	0.485608	0.740715
-0.0912621	0.264961	0.959931
0.513153	-0.416195	0.750637
0.200273	-0.383285	0.901656
-0.0970744	0.496371	0.862666
0.626665	-0.176427	0.759055
0.605784	-0.237884	0.759235
-0.11417	-0.0567414	0.99184
0.497148	0.431857	0.752558
-0.350648	-0.205198	0.91375
-0.185876	0.134929	0.973265
-0.181739	0.260321	0.948264
-0.125233	-0.573067	0.809883
0.170227	-0.506496	0.845272
0.235371	-0.629118	0.740818
0.495194	0.156931	0.854491
0.226235	0.501439	0.835091
-0.728783	-0.131932	0.671914
-0.194603	-0.12316	0.973119
-0.23097	0.0681856	0.970569
-0.651456	-0.461946	0.601839
0.89377	-0.279844	0.350519
-0.431037	0.0628816	0.90014
0.461799	0.186587	0.867137
0.0717107	-0.235058	0.969332
-0.25849	-0.173759	0.950258
0.455654	0.280712	0.844737
-0.128115	-0.540903	0.83127
-0.293796	0.143161	0.945087
-0.0699199	-0.00774906	0.997523
-0.00998218	0.27363	0.961783
0.229947	0.109593	0.967013
-0.0742561	0.669234	0.739332
0.310147	-0.33161	0.890979
-0.237509	0.257034	0.936762
-0.016886	-0.0360915	0.999206
0.631322	-0.0639179	0.772882
-0.310956	0.0135253	0.950328
-0.0489964	0.283692	0.957663
0.551101	-0.0227214	0.834129
-0.276898	-0.439801	0.854343
0.194542	0.599095	0.776685
0.149398	0.635324	0.757656
0.659118	0.0893236	0.746716
-0.132475	-0.546313	0.827038
-0.235169	-0.313867	0.919882
-0.470364	0.225699	0.853123
-0.629307	-0.450284	0.633417
0.165749	0.00936831	0.986123
0.139278	0.378786	0.914944
-0.115139	0.358643	0.926347
0.691897	0.0582366	0.719643
0.188802	0.0421722	0.981109
0.0290815	-0.0721249	0.996972
-0.425027	-0.453331	0.783481
0.821033	-0.281969	0.496386
-0.00818469	0.41868	0.908097
-0.336844	-0.540891	0.770697
-0.171827	-0.279407	0.944673
-0.327763	0.712718	0.620165
0.265402	0.532966	0.803436
-0.478223	0.0612338	0.876101
0.66275	0.5975	0.451394
-0.546057	0.540081	0.640417
0.0780749	0.450025	0.889597
-0.4863	-0.32431	0.811378
0.00659418	0.0807635	0.996711
-0.354258	0.369376	0.859106
0.488742	-0.0037617	0.87242
-0.395169	0.346682	0.850678
-0.0062315	-0.361378	0.932399
-0.23034	0.00581632	0.973093
-0.678172	0.0792417	0.730619
-0.328029	0.106007	0.938701
-0.641435	-0.0443222	0.765896
0.283403	0.0690728	0.95651
-0.205985	0.334051	0.919772
0.529626	-0.180094	0.828892
0.0570629	-0.169514	0.983874
-0.275533	-0.155549	0.948623
0.519224	-0.452428	0.725062
0.0998148	0.279636	0.954904
-0.0716574	0.258883	0.963247
-0.604586	0.239863	0.759567
-0.252657	0.724428	0.64138
-0.0227853	0.047483	0.998612
0.333756	-0.0348894	0.942014
0.292946	-0.0726274	0.953367
-0.658156	0.265748	0.704421
-0.557076	0.396557	0.729663
0.29312	0.244714	0.924227
-0.544582	0.393409	0.740716
-0.231192	-0.0555531	0.971321
0.681875	-0.00362865	0.73146
-0.651793	0.256047	0.713867
0.56259	-0.161756	0.810757
0.14454	0.303846	0.941693
-0.0901852	-0.264358	0.960199
-0.179356	0.116151	0.976903
-0.133314	-0.415681	0.899687
0.356032	-0.123588	0.926265
0.276733	0.740707	0.612187
0.349172	0.293454	0.889924
0.11263	-0.493447	0.862452
-0.551675	-0.357586	0.753516
-0.272961	0.49661	0.823936
-0.200998	0.584322	0.786236
0.119156	0.391406	0.912471
0.663577	-0.040412	0.747015
0.266542	0.152963	0.951608
-0.070822	-0.810761	0.581077
-0.735896	0.0634351	0.674116
0.205471	0.0095721	0.978616
-0.807575	0.444405	0.38772
-0.0776803	-0.628407	0.773997
-0.075655	-0.143832	0.986706
-0.0810014	-0.275406	0.957909
0.0189294	0.777601	0.628473
-0.480824	0.605433	0.634239
0.0679738	0.234817	0.96966
-0.816436	0.433658	0.381278
-0.276343	0.0756081	0.95808
-0.408196	-0.125939	0.904166
-0.270699	-0.338371	0.901237
0.249881	0.303244	0.919566
-0.281384	0.317397	0.905584
0.032316	-0.157314	0.98702
-0.187014	-0.631377	0.752589
0.181833	-0.161872	0.969915
0.0592922	-0.248638	0.96678
0.331435	-0.466211	0.820243
-0.584804	-0.647133	0.489104
0.193121	-0.26912	0.943546
-0.758224	-0.360678	0.543146
0.15756	0.238057	0.958386
0.167191	0.46374	0.870053
0.0887418	0.412513	0.906619
-0.272046	0.326098	0.905346
-0.319545	-0.37332	0.870933
0.168188	0.1557	0.973381
-0.0882132	0.0905522	0.991977
-0.18641	-0.462907	0.866584
-0.0610513	-0.389721	0.918907
0.322617	-0.73698	0.593951
0.0965198	0.512768	0.853084
-0.535506	0.52459	0.661845
0.0706623	-0.555447	0.828544
-0.00641165	-0.205564	0.978623
-0.156279	0.131706	0.978892
0.0907645	-0.834886	0.542888
-0.799834	0.500659	-0.331067
-0.476836	0.545616	0.689152
-0.193148	0.0656536	0.978971
0.304234	-0.251064	0.918917
-0.343587	0.309802	0.88655
-0.696277	-0.176745	0.695672
-0.24703	0.00130109	0.969007
-0.324888	0.151212	0.933586
-0.547654	-0.207619	0.810536
-0.0185307	-0.340321	0.940127
0.494893	0.0183469	0.86876
-0.259469	0.425038	0.86719
-0.265284	0.300764	0.91606
-0.218677	0.348931	0.911278
-0.379714	0.350061	0.856314
-0.46283	-0.552403	0.693282
0.365491	-0.571699	0.734558
-0.328155	-0.0251992	0.944288
-0.5299	0.116864	0.839969
0.529627	0.0301132	0.847696
0.102867	0.557523	0.823764
0.268941	-0.049472	0.961885
-0.143212	-0.446843	0.883075
0.0128193	0.384787	0.922917
0.0102961	-0.441305	0.897298
-0.162176	-0.104785	0.981182
0.0580163	0.049994	0.997063
0.645518	-0.559515	0.519856
-0.0720101	0.438027	0.896073
-0.836914	0.243208	0.490332
-0.460711	-0.167136	0.871671
0.384453	0.0329891	0.922555
0.0235157	0.396484	0.917741
0.164688	-0.615055	0.771093
0.138283	0.329914	0.933828
-0.315774	-0.104155	0.943101
0.168423	0.791449	0.587573
-0.200716	0.554256	0.807783
-0.021594	0.502564	0.86427
0.140315	-0.808589	0.571398
0.294905	-0.112036	0.948936
-0.138204	0.281923	0.949431
0.15107	0.304124	0.940578
0.0293558	0.378735	0.925039
0.321388	0.489234	0.810777
-0.343859	0.176603	0.922265
0.297253	0.0960808	0.949952
0.417389	0.191767	0.888263
-0.501535	0.0742692	0.861943
-0.484126	-0.335649	0.80806
0.171852	0.49746	0.850295
0.313967	0.24389	0.917574
-0.219251	0.484274	0.846999
0.140599	-0.253099	0.957169
0.00252039	0.563884	0.82585
-0.122173	0.424409	0.897191
-0.34071	-0.171425	0.924408
-0.0912462	0.0340149	0.995247
0.00371471	0.806275	0.59153
-0.553802	-0.755679	0.349645
0.100421	0.376758	0.920852
-0.0312981	-0.508734	0.860355
-0.276159	0.180175	0.944073
-0.216287	0.339946	0.915236
-0.567106	0.457554	0.684861
-0.145823	0.143333	0.978873
-0.638116	-0.328244	0.696465
-0.448589	-0.0313103	0.89319
-0.0941834	-0.251214	0.963339
-0.677283	0.104103	0.72832
-0.0779604	-0.25808	0.962973
-0.404976	-0.0173524	0.914163
-0.136417	-0.297891	0.944802
-0.351819	-0.501292	0.790525
0.0617625	0.226764	0.971989
0.181322	-0.0734674	0.980676
0.236391	-0.275362	0.931824
-0.382698	0.320585	0.866468
-0.625874	-0.582475	0.518656
0.130587	-0.613328	0.778958
0.0657955	-0.534443	0.84264
0.240946	-0.458709	0.855296
-0.572792	-0.417597	0.705352
-0.162523	0.245706	0.955623
0.990049	-0.11751	-0.0774288
0.595286	-0.283054	0.752007
0.140958	-0.588974	0.795764
0.0508714	-0.119394	0.991543
0.00778071	-0.280795	0.959736
-0.644184	-0.46271	0.609037
-0.0924506	0.229814	0.968834
0.0949902	0.10508	0.989917
0.103143	0.186325	0.977059
-0.11148	0.17922	0.977472
0.262962	-0.390396	0.882294
-0.188025	-0.121772	0.974586
0.417388	0.436027	0.797288
0.0736524	0.40135	0.912959
-0.0928307	0.0401199	0.994873
-0.0529415	0.0388023	0.997843
0.0954723	-0.065215	0.993294
0.134514	0.0170034	0.990766
-0.617463	-0.177151	0.766392
-0.302172	-0.507336	0.807033
-0.311449	0.289263	0.905166
-0.56503	-0.591005	0.57572
0.261404	-0.321306	0.910181
0.196178	0.49919	0.843992
0.847321	0.155035	0.507949
0.476403	0.166666	0.863286
0.583878	0.468617	0.662936
-0.109485	0.0340463	0.993405
-0.058185	0.244996	0.967777
0.363704	-0.372369	0.85385
0.326763	-0.0442372	0.94407
-0.272768	0.533084	0.800886
0.465006	0.158143	0.871068
0.602575	-0.0332323	0.79737
0.369401	0.610677	0.70044
-0.314386	0.266654	0.911074
-0.160259	0.235057	0.958679
0.287226	0.179508	0.940892
0.224394	0.0293281	0.974057
0.546815	0.0579499	0.835245
-0.0306644	0.481873	0.875704
-0.269474	-0.508609	0.817741
0.319476	0.339536	0.884675
-0.023198	0.30497	0.952079
-0.341975	0.162012	0.925638
-0.396168	0.0844417	0.914287
-0.135962	0.0691541	0.988298
-0.253903	-0.281741	0.925287
-0.178638	0.0193187	0.983725
-0.141475	0.460276	0.876431
-0.158489	0.011674	0.987292
0.0433713	-0.315616	0.947895
0.246735	0.314795	0.916529
0.0164392	0.0689461	0.997485
0.209929	0.021642	0.977477
-0.0882549	-0.086647	0.992322
0.330422	-0.163774	0.929516
0.191146	0.577589	0.793634
0.244156	0.470086	0.848179
-0.911221	0.159225	0.3799
-0.271663	0.676508	0.684497
0.12869	-0.0307546	0.991208
-0.244579	-0.575069	0.78069
-0.167422	0.0398242	0.985081
-0.731546	0.49645	0.467309
-0.138442	0.177512	0.974332
-0.912952	0.144123	0.381768
-0.404168	-0.108878	0.908182
-0.501416	0.155341	0.851147
-0.489068	0.3023	0.818185
-0.122266	0.404161	0.906479
-0.409551	0.423269	0.808153
0.36353	-0.0336457	0.930975
0.0320257	0.308709	0.950617
0.183024	0.0249264	0.982792
0.508067	0.0785471	0.857728
-0.217997	-0.533426	0.817272
-0.569913	0.716116	0.402959
-0.0823914	-0.0784388	0.993508
0.632436	-0.0880894	0.769587
-0.73133	-0.401257	0.551498
-0.858274	0.38356	0.340952
0.865209	0.431626	0.25517
-0.44752	-0.428504	0.784927
0.168716	-0.292681	0.941208
-0.344171	-0.216168	0.913684
-0.387695	0.0613083	0.919747
0.964073	0.0915886	0.249348
-0.440721	0.545248	0.713071
0.325494	-0.272923	0.905299
0.85983	-0.186871	0.475154
-0.65798	-0.0408294	0.751928
0.739669	0.340779	0.580309
0.0339003	-0.276285	0.960478
-0.00820495	-0.722651	0.691164
0.751461	0.00500991	0.659759
0.356852	0.829086	0.430434
-0.850398	-0.466141	0.244001
-0.187353	-0.541186	0.819766
-0.470529	-0.36923	0.801419
-0.289646	-0.491866	0.82108
-0.157395	-0.346877	0.92461
0.0936757	-0.540175	0.836323
0.0014793	0.0314052	0.999506
0.414261	-0.0341546	0.909517
0.404451	-0.357553	0.841769
-0.311067	0.483686	0.818099
0.469965	0.204311	0.858714
-0.885983	-0.00115939	0.463717
-0.727133	-0.255058	0.637356
-0.810957	-0.569495	0.134255
-0.144131	-0.446394	0.883153
0.225413	-0.416374	0.880807
0.24012	-0.182985	0.953341
0.812445	0.496997	0.304841
0.0964644	-0.556291	0.82537
-0.428188	-0.0573497	0.901868
0.229426	0.280281	0.932098
-0.869621	0.347126	0.351089
0.302438	0.528524	0.793218
-0.0999945	0.0287231	0.994573
0.0448365	0.829943	0.556043
0.63297	0.149106	0.759682
0.512176	0.327358	0.794048
-0.381585	0.674258	0.632273
-0.16667	-0.551103	0.817623
0.3511	-0.550255	0.757594
-0.0376915	0.146824	0.988444
-0.345363	0.231586	0.909446
0.181604	0.197315	0.963373
-0.269786	-0.815903	0.511388
-0.0483328	-0.164397	0.985209
0.804953	-0.14418	0.575554
-0.32349	0.873701	0.36332
-0.280065	0.0875128	0.955984
-0.132498	0.00898157	0.991143
-0.683369	-0.409988	0.604084
-0.164247	0.302235	0.938976
-0.0944751	-0.377551	0.921157
0.470365	0.882461	0.004346
0.196819	-0.00849525	0.980403
-0.38089	-0.681229	0.625179
-0.0911458	0.104067	0.990385
-0.271222	0.244571	0.930926
0.08871	0.277252	0.956693
-0.145364	0.385997	0.910975
0.389402	0.271916	0.880016
-0.699158	-0.0675263	0.711772
-0.787262	-0.561803	-0.254158
0.683666	0.326524	0.652674
-0.535162	0.833316	-0.138511
-0.407756	0.132714	0.903395
0.0549808	0.425965	0.903068
0.384531	-0.729329	0.565875
0.889318	-0.234624	-0.392511
0.412198	-0.90595	-0.0966794
-0.566123	0.567959	0.597434
-0.768376	-0.559159	0.311351
0.190771	-0.219008	0.956892
0.660552	-0.122696	0.740687
-0.809583	-0.0651472	0.583379
0.439766	0.411311	0.798391
-0.781248	-0.546528	0.301592
0.917634	-0.289186	0.272615
0.48803	0.574424	0.657164
0.499129	-0.195364	0.844218
-0.181099	0.239059	0.953967
0.243039	0.47002	0.848536
0.275898	-0.144417	0.950276
0.0687212	-0.0188158	0.997458
-0.599288	-0.0221179	0.800228
0.0879263	-0.426893	0.900017
0.430704	-0.356211	0.829221
0.834817	0.550451	-0.0091696
0.575355	0.54723	0.60787
-0.474525	-0.365483	0.80078
0.464881	-0.348853	0.813749
-0.703963	0.366333	0.60847
-0.08843	-0.500119	0.86143
-0.599243	-0.114666	0.792313
0.17509	0.658626	0.731816
-0.529433	-0.170183	0.831107
-0.160357	0.342683	-0.925664
-0.747241	-0.653455	0.120947
-0.537891	-0.0730163	0.839846
-0.702195	0.152252	0.695516
0.196868	-0.363891	0.910399
-0.7032	-0.0753241	0.706991
-0.310404	-0.0754508	0.947606
0.0204108	-0.590594	0.806711
0.0921482	-0.772359	0.628467
0.459327	0.561195	0.688534
0.136662	0.685017	0.715595
-0.321555	-0.115989	0.93976
0.589848	-0.346945	0.729184
0.15639	-0.986607	0.046356
0.568925	0.273373	0.775623
-0.671795	0.330394	0.662972
0.1297	0.694281	0.707921
-0.483282	-0.36335	0.796502
0.420714	-0.171213	0.89089
0.0659723	0.520888	0.851072
0.415285	-0.281669	0.864986
-0.190805	0.0906832	0.97743
-0.40101	-0.795278	0.454669
0.603616	-0.308308	0.735251
0.731103	0.510564	0.452563
-0.0939201	-0.830227	0.549457
-0.358669	-0.471655	0.805542
-0.198907	-0.226475	0.953491
0.754419	-0.0377578	0.655306
-0.677548	-0.196742	0.708676
-0.679042	0.123463	0.723643
0.0296894	-0.138892	0.989862
-0.25556	-0.558814	0.788933
0.679623	-0.0878519	0.728282
-0.756472	-0.0511808	0.652021
-0.808692	-0.0407592	0.586818
-0.0783997	0.332209	0.939942
-0.907004	-0.261776	0.329876
-0.226592	-0.0965396	0.969194
0.303625	-0.0787139	0.949535
-0.444252	-0.415727	0.793607
-0.0857052	0.726172	0.682151
-0.724156	-0.63189	0.276246
-0.349793	-0.930869	-0.10549
0.547801	-0.227898	0.80497
0.113589	-0.155201	0.981331
0.29725	0.682746	0.667458
-0.0111914	-0.673026	0.739534
0.415779	-0.528856	0.739891
-0.385701	0.658971	0.645749
-0.191122	-0.835845	0.514621
0.806341	0.130463	0.576883
0.537668	0.710047	0.454693
0.456257	0.397242	0.796259
0.504563	0.460297	0.73044
0.365787	-0.484006	0.794945
-0.567813	-0.334552	0.752106
0.503108	0.241963	0.82966
0.742847	-0.463749	0.482819
-0.632306	0.453626	0.628023
0.735548	0.0723944	0.673594
0.1038	-0.181922	0.977819
0.616509	-0.263496	0.741947
-0.306432	-0.625289	0.717714
0.251745	-0.728961	0.636585
-0.571242	0.817497	-0.0733626
0.295742	0.318087	0.900754
0.392636	-0.912928	0.111354
-0.238918	0.190037	0.952262
-0.0520289	0.0408687	0.997809
0.933867	0.353999	0.0507732
-0.174768	-0.707158	0.685116
-0.497809	-0.619039	-0.607434
-0.53107	0.253975	0.80837
0.858888	0.25023	0.446875
0.907053	0.139462	0.397247
0.346527	0.257176	0.902097
0.635567	0.411001	0.653554
-0.402652	0.741189	0.537131
0.1378	-0.236483	0.961814
-0.332982	0.19749	0.92202
0.443971	0.00439869	0.89603
0.44102	0.219323	0.870287
-0.459083	0.282708	0.842211
-0.262668	0.309407	0.913933
0.500762	0.865124	0.0282462
-0.282429	-0.281873	0.916941
0.408364	0.389951	0.825334
-0.118904	-0.934989	0.334151
-0.142805	0.455403	0.878758
0.111518	-0.199417	0.973548
0.0820131	0.235097	0.968506
-0.677624	-0.255772	0.689497
-0.289822	-0.0360749	0.9564
0.981786	0.129168	0.139328
-0.0799503	-0.0574383	0.995143
-0.566398	-0.27959	0.775256
-0.0704484	0.017815	0.997356
0.388407	0.254057	0.885774
0.213099	-0.224181	0.950964
-0.161173	-0.0339183	0.986343
0.0260937	0.185868	0.982228
-0.25838	-0.34725	0.901475
-0.130776	-0.0750887	0.988564
-0.405898	0.403016	0.820259
0.640669	-0.157849	0.751417
-0.868078	-0.462748	0.179733
-0.492099	0.143562	0.85862
0.316846	-0.751249	0.578993
0.143486	-0.017435	0.989499
0.726635	0.257765	0.636835
-0.411608	-0.805378	0.42655
0.807807	0.338387	0.48264
0.833975	0.31546	0.452737
-0.375046	-0.120021	0.919204
0.643389	0.414093	0.643877
0.133409	0.492832	0.859836
0.671083	0.203871	0.7128
0.736216	-0.651903	-0.181683
-0.197366	-0.469998	0.860319
0.0635555	-0.384056	0.92112
-0.289803	-0.387591	0.875093
0.311881	-0.0357392	0.949449
0.214223	-0.274602	0.937391
-0.396554	0.245342	0.88462
-0.462907	0.613791	0.639513
0.272723	0.38566	0.881413
-0.797111	-0.314099	0.515709
-0.307164	0.605731	0.733989
-0.589017	0.565445	0.577348
-0.520807	0.237843	0.819873
-0.384667	-0.42405	0.819886
-0.188062	0.131033	0.973377
-0.0506623	0.703171	0.709213
0.410942	-0.00375836	0.911654
-0.133087	0.439781	0.88819
-0.555969	-0.82776	0.0755758
-0.486536	-0.31769	0.813852
0.465822	-0.0164396	0.884725
-0.722853	0.582072	0.372392
-0.21036	-0.127159	0.969319
0.127488	0.988893	0.0764049
0.485859	0.0313779	0.873474
0.270775	0.0329264	0.962079
-0.214681	0.464543	0.859134
0.893219	0.400944	0.203482
-0.260306	0.447953	0.855324
-0.337639	-0.457143	0.822812
-0.144228	-0.383722	0.912116
0.159487	0.446532	0.880439
0.786956	0.0808405	0.61169
-0.163857	-0.283758	0.944792
-0.39454	-0.0127183	0.918791
0.199772	-0.481775	0.85322
-0.29917	0.797262	0.524281
0.0190482	-0.616703	0.786965
-0.432854	0.0260213	0.901089
0.399566	-0.463543	0.79087
0.0262431	0.591872	0.805605
0.233374	0.746646	0.622941
0.117069	0.313466	0.942355
-0.784307	-0.211536	0.583194
-0.26702	0.668217	0.694397
0.229212	-0.0505073	0.972065
-0.27501	-0.542697	0.79363
0.00776033	0.374028	0.927385
-0.241023	0.146591	0.959385
-0.000120605	0.0497671	0.998761
0.402093	-0.895157	-0.192393
-0.508918	-0.0852858	0.85658
-0.464947	0.112423	0.878172
-0.0701825	0.0938628	0.993108
-0.472178	-0.658511	0.586013
0.529206	0.37289	0.762164
0.338765	0.372118	0.864157
0.220102	0.701416	0.677917
-0.307518	0.106823	0.945527
-0.0257562	-0.0791872	0.996527
0.223083	-0.341749	0.91293
-0.390867	-0.424447	0.816742
-0.193318	-0.233852	0.952859
0.260275	0.334016	0.905919
-0.109867	0.525164	0.843879
-0.0880168	0.378074	0.921582
-0.0195882	0.336976	0.94131
0.130429	-0.305255	0.943296
0.145995	0.838541	0.524913
-0.187717	0.402342	0.896038
-0.28262	0.148699	0.947636
-0.411772	0.373596	0.831186
0.384921	-0.755597	0.530009
0.106499	0.992396	-0.0617138
0.789004	0.139693	0.598296
-0.436397	0.775825	0.45569
0.763272	0.399658	0.507631
0.379256	0.126406	0.916617
-0.556959	-0.0855129	0.826126
-0.487293	-0.0069584	0.873211
0.705613	-0.155327	0.691364
-0.270647	-0.585427	0.764215
-0.202808	0.0126942	0.979136
-0.303321	-0.0457582	0.951789
-0.223572	-0.083287	0.971122
-0.651235	0.244121	0.718538
-0.0335391	0.240379	0.9701
0.701764	-0.161811	0.69379
-0.11979	-0.431385	0.89418
-0.374011	0.67434	0.636696
-0.0358677	-0.188037	0.981507
-0.0362459	0.68599	0.726708
0.411584	0.474606	0.778041
-0.32445	0.131798	0.936676
0.46217	0.325047	0.825071
-0.00164157	-0.0442354	0.99902
0.223601	-0.135286	0.965246
-0.16917	0.811956	0.558667
-0.115917	0.0343932	0.992663
0.0640015	-0.330904	0.941491
0.0543972	-0.41028	0.910336
-0.295997	-0.00468301	0.955177
-0.343508	-0.889061	0.302611
0.555218	-0.699143	0.45048
-0.706604	0.0893353	0.701947
0.260722	-0.147286	0.954113
0.959094	-0.175567	0.222071
0.0158962	-0.367067	0.930059
-0.348003	0.382238	0.85603
-0.41127	-0.0424081	0.910527
0.096798	-0.0735101	0.992586
0.154865	-0.574272	0.803884
-0.0699291	-0.023787	0.997268
-0.434338	0.20542	0.877014
-0.0632568	-0.383006	0.921577
0.143612	0.539189	0.82985
0.425753	-0.125149	0.896143
0.376254	0.138562	0.916097
0.0305636	-0.0494873	0.998307
-0.00769005	-0.0861353	0.996254
0.519119	-0.0506913	0.853197
-0.0640033	0.323246	0.944148
-0.0775546	-0.470374	0.879053
-0.484907	0.472878	0.735698
0.324705	0.424375	0.845265
-0.202316	0.523275	0.827799
0.0185977	-0.318651	0.94769
-0.186771	0.094727	0.977826
0.0130187	-0.0219099	0.999675
-0.251037	0.343257	0.905072
-0.129278	-0.243362	0.961282
0.27599	-0.515336	0.811331
-0.0662855	0.114056	0.991261
-0.402799	0.248768	0.880833
0.377032	0.0499344	0.924853
-0.136946	-0.445495	0.884748
-0.231523	-0.0148266	0.972716
0.799474	-0.353908	0.485376
-0.0120119	0.37057	0.928727
-0.376132	0.444791	0.812826
-0.365806	-0.589475	0.720212
-0.533543	-0.0715303	0.842743
-0.44541	0.281317	0.849983
-0.350158	-0.230976	0.907766
0.589371	0.182423	0.786997
0.384755	-0.308575	0.869911
0.382102	0.878288	0.287415
-0.0784801	0.610856	0.787843
0.277884	-0.188759	0.941887
0.400938	0.339803	0.850754
0.807023	0.300533	0.508324
0.275404	0.602369	0.749202
0.346589	-0.167364	0.922965
0.624664	0.0846554	0.776292
-0.146172	-0.389404	0.909394
0.214761	-0.902868	0.372435
-0.297634	0.464304	0.834168
-0.261376	0.107849	0.959193
