3400
-0.387399	-0.752304	0.532879
-0.649855	-0.54849	0.526163
0.0777267	-0.11877	0.989875
0.243538	0.112982	0.963288
-0.529175	0.283544	0.799735
-0.0123442	0.30647	0.9518
0.571172	0.0058105	0.82081
-0.204361	-0.0530626	0.977456
-0.265909	0.0558447	0.962379
0.0537401	-0.517891	0.853757
0.506697	0.0854932	0.857875
0.431937	-0.101708	0.896151
-0.492914	0.220222	0.841747
-0.629235	-0.488547	0.604471
0.203237	-0.118344	0.971951
-0.328217	-0.0613748	0.942606
0.0224646	-0.54037	0.841127
0.170969	-0.206921	0.963303
0.32604	-0.382496	0.86452
-0.2238	0.449973	0.864545
-0.676319	0.0575875	0.734355
-0.0124941	0.534131	0.845309
-0.464058	-0.334208	0.820339
0.894553	-0.281574	0.347119
0.0556809	-0.17815	0.982427
0.244925	-0.120911	0.961973
-0.119962	-0.342633	0.931779
0.189371	0.501364	0.844259
0.0710376	0.74817	0.659693
-0.0373608	0.59632	0.801877
-0.927968	0.288494	-0.235894
-0.0731797	0.397185	0.914816
0.306773	0.182289	0.934163
-0.341084	-0.697769	0.629905
0.378892	0.507533	0.773854
0.217999	0.307751	0.926156
-0.373358	0.189435	0.90814
-0.289474	-0.781023	0.55336
-0.786047	0.614849	-0.063958
-0.0723493	-0.158311	0.984735
-0.654045	-0.741763	0.148368
-0.00805733	-0.224349	0.974476
-0.208743	-0.481577	0.851182
0.408766	-0.638961	0.651643
0.189865	0.0802252	0.978527
0.11108	-0.155214	0.981616
-0.02906	0.0640225	0.997525
0.181721	-0.0718906	0.980719
-0.0531724	-0.266759	0.962295
-0.267008	0.0837222	0.960051
0.312295	0.0674504	0.947588
-0.160395	-0.12223	0.979456
0.0653122	-0.971915	0.226089
-0.245892	-0.649383	0.71961
0.304137	0.0220458	0.952373
0.371651	-0.443304	0.815694
0.0286281	0.0613598	0.997705
0.282455	0.213528	0.935214
-0.236297	0.0722019	0.968995
0.0571547	-0.638649	0.767372
0.0242509	0.481963	0.875856
-0.0471148	0.0803667	0.995651
0.473919	0.306459	0.82552
0.139675	0.412475	0.900197
-0.464077	0.324978	0.824028
-0.251332	-0.0330621	0.967336
-0.0807116	0.757567	0.647749
-0.0445982	-0.127417	0.990846
-0.0520427	-0.00675074	0.998622
0.436081	0.819711	0.371358
0.282028	0.763525	0.580938
-0.0248348	-0.194631	0.980562
-0.0269325	-0.136864	0.990224
0.429834	-0.0170289	0.902748
0.221331	-0.505861	0.833737
-0.122753	-0.605418	0.786384
0.290053	0.567667	0.77047
0.384205	-0.511782	0.768417
-0.401119	-0.0511016	0.914599
-0.340932	0.372268	0.863239
-0.320496	-0.471953	0.821305
0.0147247	0.26178	0.965015
0.0278685	0.798185	0.601768
-0.113433	0.67532	0.72875
-0.951974	-0.304849	-0.0284898
0.401233	0.230227	0.886571
-0.734418	0.136755	0.664777
0.288715	0.146329	0.946167
-0.25495	-0.778206	0.57393
-0.671546	-0.516542	0.531234
0.130925	-0.986327	-0.100093
-0.0531125	0.501647	0.86344
-0.440889	-0.136486	0.887123
0.0652902	0.211652	0.975162
-0.0356069	-0.0554624	0.997826
0.302987	-0.305116	0.902831
0.482246	-0.167533	0.859867
0.0852132	-0.967268	0.23902
-0.324862	-0.0381345	0.944992
-0.244064	-0.685432	0.686014
0.200942	0.468965	0.860055
0.273018	0.269471	0.923497
-0.248503	-0.182689	0.951247
-0.725938	-0.167698	0.667002
-0.593897	-0.0167696	0.804366
-0.307608	-0.0863921	0.947583
0.136489	-0.409206	0.902176
-0.263047	-0.0204463	0.964566
0.00084476	-0.906764	0.421637
-0.305795	-0.365822	0.879013
-0.585337	-0.40387	0.703043
0.154659	-0.563052	0.811821
0.107127	0.352421	0.92969
-0.45139	-0.00383705	0.892319
0.482357	0.0607267	0.873867
-0.387147	0.224783	0.894198
0.649703	-0.563868	0.509842
0.0257631	0.397246	0.91735
-0.0715333	-0.869131	0.489382
-0.0375529	-0.235327	0.971191
-0.104522	0.118246	0.987468
-0.208465	-0.721945	0.659802
-0.0723038	0.341332	0.937158
0.219134	0.752655	0.620879
0.627569	-0.591018	0.506808
-0.0685844	-0.207468	0.975835
0.340873	0.182669	0.922192
-0.266531	0.42666	0.864247
-0.230089	0.142994	0.962607
-0.393334	0.267939	0.879487
-0.0378748	0.457888	0.888203
0.752342	-0.220866	0.620645
0.614437	0.559148	0.556615
0.110081	0.54853	0.828853
-0.0758427	0.249384	0.96543
-0.302744	0.253278	0.918802
0.0147949	0.0421914	0.999
-0.168819	-0.800675	0.574821
0.81768	0.169844	0.550047
-0.153156	-0.00650527	0.988181
-0.181936	0.449522	0.874545
0.0154796	-0.708375	0.705666
-0.0808534	-0.640508	0.763684
-0.4366	0.679414	0.589726
0.174429	0.113749	0.978078
0.57033	0.193045	0.798409
0.193618	0.164855	0.967127
-0.707057	0.481605	0.517809
0.424376	0.654599	0.625623
-0.0278232	-0.0986545	0.994733
-0.785322	-0.178151	0.592901
-0.238234	0.660775	0.711773
0.279873	-0.490732	0.825138
0.673473	0.277314	0.685223
0.0638071	0.64852	0.758519
-0.324855	-0.0440801	0.944736
0.38389	0.165116	0.908496
-0.217442	-0.162556	0.962442
0.103563	0.0586708	0.992891
-0.465346	0.00515522	0.885114
0.389624	-0.142815	0.909834
-0.348366	0.185382	0.918844
0.401194	-0.222839	0.888474
-0.358142	-0.395512	0.845757
-0.201589	-0.148165	0.968199
0.812898	0.00480541	0.582386
0.322551	0.676551	0.661996
-0.0326395	0.501593	0.864488
-0.22733	0.973118	0.0369257
0.413136	0.663329	0.623949
0.298849	-0.316797	0.900183
0.649903	-0.0967471	0.753834
0.546505	-0.599317	0.584937
0.754623	-0.654065	0.0523713
0.298786	-0.646923	0.701582
0.491308	0.61883	0.612916
0.456385	0.487061	0.744637
0.0464807	-0.615344	0.786887
0.104781	0.577537	0.809612
0.30477	0.515545	0.80083
0.562187	0.274393	0.780163
0.10448	0.284937	0.952835
0.781712	0.109923	0.613876
0.926858	0.374217	0.0299198
-0.519611	0.406517	0.751497
-0.498402	-0.0776805	0.863459
0.417119	0.353493	0.83729
0.43051	-0.227123	0.873542
-0.316906	0.527402	0.7883
0.817534	0.415622	0.398618
0.184428	-0.236121	0.954061
-0.802751	0.121026	0.583903
0.777717	0.0861071	0.622689
0.0256541	-0.233219	0.972086
0.878623	-0.277245	0.388789
-0.548478	0.605947	0.576195
0.0110056	-0.644789	0.764282
0.499463	-0.0772414	0.862885
0.0612137	-0.527455	0.847375
0.267309	0.603234	0.751435
-0.589254	0.0920938	0.802682
0.214824	0.261692	0.94094
0.478111	-0.183376	0.858943
-0.166768	-0.0136209	0.985902
0.169623	0.359636	0.917546
-0.0604854	0.105063	0.992624
-0.470903	0.692084	0.547056
0.446646	-0.468073	0.762506
0.0895805	-0.186791	0.978307
0.00878936	0.605596	0.795724
-0.296082	0.482868	0.82412
-0.188453	-0.668261	0.719662
-0.0953935	0.449861	0.88799
0.0247704	-0.304619	0.952152
-0.117382	-0.275918	0.953987
0.540277	-0.328394	0.774764
-0.199619	-0.417326	0.886562
0.757083	-0.49113	0.430833
0.575731	-0.41165	0.706454
0.172857	0.0527198	0.983535
0.237477	0.349099	0.906496
-0.214474	-0.810561	0.54497
0.259427	-0.138951	0.955714
0.951048	-0.258924	0.168718
0.862022	-0.00385073	0.506856
0.111523	0.188998	0.975624
0.231824	0.00596783	0.972739
0.978893	0.10662	0.174359
0.725826	-0.338659	0.598737
0.415547	-0.470038	0.778707
-0.382354	-0.424337	0.820819
-0.391034	0.119446	0.912592
0.434732	0.116571	0.892984
0.292337	0.565746	0.771019
-0.175948	0.550439	0.816124
0.785268	0.315314	0.532852
0.329124	-0.026341	0.943919
-0.416547	0.338402	0.843785
-0.160024	-0.471118	0.867433
-0.195899	0.733585	0.65075
-0.198742	-0.349711	0.915534
0.0870128	-0.180555	0.979708
-0.179646	0.377693	0.908337
0.0394585	-0.0671676	0.996961
0.608023	-0.154276	0.778785
0.105331	0.258065	0.960369
-0.0793295	0.599915	0.796121
0.342268	-0.1939	0.919378
-0.139429	-0.197383	0.970361
0.439579	-0.375374	0.816005
0.172419	-0.0189347	0.984842
0.570366	-0.225585	0.789806
-0.19101	0.225086	0.955433
0.0317399	0.361694	0.931757
0.390004	-0.192693	0.900425
0.0351504	-0.0385334	0.998639
0.221201	-0.490796	0.842728
-0.305977	0.080761	0.948607
-0.622551	0.025838	0.782152
-0.43919	0.618415	0.651671
-0.0460973	0.216202	0.97526
0.472084	0.43247	0.768184
-0.682712	-0.273782	0.677457
-0.511796	0.513507	0.688749
0.000315541	0.0348815	0.999391
-0.420414	-0.336294	0.842709
0.15824	0.153798	0.975349
0.0324971	-0.261818	0.96457
0.252389	0.598812	0.760081
-0.662557	0.356241	0.658871
-0.928305	0.305757	0.21157
0.229499	-0.244412	0.942121
0.232092	-0.483288	0.844136
0.166875	-0.253553	0.952819
0.14789	-0.439753	0.885859
-0.0461438	-0.27101	0.96147
0.300395	0.448683	0.841692
-0.0893109	-0.0302253	0.995545
0.0134286	-0.118823	0.992825
0.917703	-0.127204	0.376351
-0.114469	0.222831	0.968113
0.149052	0.829215	0.538689
-0.328147	0.499304	0.801882
0.0170481	0.610182	0.792078
-0.762892	0.323407	0.559825
0.432442	-0.160001	0.887352
0.00484602	0.201091	0.97956
0.230557	-0.120892	0.96552
0.454471	0.459957	0.762821
-0.0273045	0.284925	0.958161
0.459821	0.144993	0.876094
0.570377	-0.032987	0.820721
0.0284087	0.46693	0.883838
-0.254937	0.476668	0.841305
-0.454073	0.340757	0.823227
-0.57003	-0.150467	0.807728
0.04338	0.162864	0.985694
0.5632	-0.0742981	0.822974
-0.0156133	0.870655	0.491646
0.127191	0.370383	0.92013
0.557654	-0.0832512	0.825888
0.516309	-0.570475	0.638736
-0.738291	-0.37196	0.562648
0.0481925	0.0962123	0.994193
-0.332123	0.575951	0.746977
0.124257	-0.128994	0.98383
-0.372324	-0.886121	0.275977
0.409212	0.0967577	0.907295
0.271711	0.171567	0.946962
0.155946	0.0791138	0.984592
0.0416902	0.350528	0.935624
-0.191118	0.408689	0.892439
-0.551693	0.123861	0.824799
-0.166925	0.148464	0.974728
0.21725	0.470265	0.855367
-0.0707145	-0.291832	0.953852
0.332859	0.441609	0.833178
0.0834711	0.546623	0.833208
-0.0759125	0.735521	0.673236
-0.18366	0.609109	0.771528
0.228256	-0.252792	0.94021
-0.623538	0.461817	0.630813
-0.263374	0.135762	0.955093
-0.2898	0.646704	0.705543
0.342987	0.38552	0.856583
0.502251	0.0899003	0.860036
0.401856	0.129028	0.906567
0.810045	-0.0945183	0.578699
-0.0784977	0.178856	0.980739
-0.419572	-0.381938	0.823458
0.363853	-0.234116	0.901554
0.0673016	0.0576958	0.996063
-0.196709	0.474473	0.85801
0.874853	-0.401894	0.270394
0.0727543	-0.579214	0.811923
-0.0822616	-0.118906	0.989492
0.683669	-0.164553	0.710999
0.524008	0.507166	0.68425
-0.127585	0.503748	0.854377
0.610554	0.070835	0.788801
0.131032	-0.392344	0.910438
-0.394717	-0.650062	0.649321
-0.132194	-0.246621	0.960054
-0.0241817	-0.369468	0.928929
-0.193802	0.13311	0.971968
-0.666461	-0.411149	0.621921
-0.319125	0.0747005	0.944764
-0.0655245	0.0183772	0.997682
-0.040775	0.57462	0.817404
-0.545265	0.810652	0.213376
0.254399	-0.55473	0.792185
0.0229046	0.447312	0.894085
-0.671005	-0.271287	0.690041
-0.27894	-0.538541	0.795089
0.118684	-0.0293632	0.992498
0.398548	-0.220717	0.890193
-0.58527	0.785057	0.202839
-0.705793	0.394914	0.588132
0.0178459	0.606014	0.795254
0.182532	0.780055	0.598495
0.0635126	-0.602066	0.795916
0.185784	-0.15682	0.969996
-0.0469676	0.664593	0.745728
0.181205	-0.216797	0.959252
0.098359	-0.639642	0.762354
-0.661596	0.0168401	0.749671
-0.591009	-0.213409	0.777924
-0.0513625	-0.175474	0.983143
0.43615	-0.369692	0.820428
0.641011	0.582803	0.499445
-0.196161	-0.331293	0.922912
0.238328	-0.169462	0.956286
-0.0139462	0.57795	0.815953
0.980808	-0.00292826	0.194955
-0.311582	0.138968	0.940002
0.185777	0.077752	0.979511
0.0944296	0.291647	0.951854
-0.222041	-0.740954	0.633786
0.504406	0.157318	0.849015
-0.328022	0.209698	0.921102
0.68053	-0.688311	0.251211
-0.181622	-0.222156	0.957946
0.378063	-0.0385164	0.924978
-0.0248275	-0.216141	0.976046
-0.44569	-0.534982	0.717742
-0.41929	0.746283	0.516969
-0.509547	0.404459	0.759457
-0.0567709	0.198485	0.978458
0.142956	0.135392	0.980425
-0.446477	0.245372	0.860495
-0.347896	-0.83051	0.434997
-0.231949	0.709013	0.665958
-0.903358	0.0281088	0.427965
-0.560017	-0.0602608	0.826287
0.0447943	0.425381	0.903905
-0.267041	0.744296	0.612138
0.233075	-0.0958057	0.967728
0.679942	-0.440738	0.586028
0.155968	-0.19957	0.967391
-0.953169	0.232987	0.192837
-0.446913	-0.457992	0.768448
0.0652346	-0.0754445	0.995014
0.936036	0.233085	0.263644
0.233301	0.0841532	0.968756
-0.0457538	-0.23866	0.970025
0.950005	-0.00379165	0.312212
0.506235	-0.442663	0.740119
-0.331602	-0.661646	0.672506
-0.219469	-0.457586	0.861654
-0.287893	-0.294946	0.911112
0.488919	0.807452	0.330119
-0.270077	-0.27695	0.922148
0.282328	0.136617	0.94954
-0.585877	-0.226775	0.778024
0.441923	0.377141	0.813922
0.486956	0.457612	0.743953
0.316163	-0.359284	0.878041
-0.299022	0.324517	0.897371
-0.12101	0.179151	0.976351
-0.455374	-0.6071	0.651202
-0.203705	-0.20779	0.956727
0.138018	-0.251966	0.957844
-0.0861921	0.000554932	0.996278
0.75248	0.162915	0.638148
-0.144269	0.115291	0.982799
-0.290257	-0.23237	0.928308
-0.345888	-0.459866	0.817854
0.230133	0.397726	0.888174
-0.355994	0.173861	0.918173
0.44912	0.0483731	0.892161
0.392129	-0.089501	0.915546
0.244666	0.0308005	0.969118
-0.0716535	-0.797161	0.599499
-0.101611	0.0425739	0.993913
-0.0985433	-0.0832441	0.991645
0.505885	-0.69455	0.511548
0.268939	-0.254889	0.928818
0.378968	0.00353362	0.925403
0.439964	0.192146	0.877218
0.0442138	-0.4722	0.880382
0.0021267	-0.897908	0.440178
0.0368392	-0.6056	0.794916
-0.293008	-0.635121	0.71468
-0.724937	0.393051	0.565666
-0.242987	-0.039736	0.969215
-0.549258	0.426849	0.718412
-0.0136376	0.128403	0.991628
-0.244709	-0.178829	0.952963
-0.482714	0.238058	0.842802
0.28872	-0.450671	0.844711
0.0854359	-0.104439	0.990855
-0.450356	-0.3926	0.801901
0.17638	-0.805934	0.565119
0.333112	0.74223	0.58149
0.114538	-0.0258531	0.993082
-0.304227	-0.0812094	0.949132
-0.173756	0.363192	0.915369
0.12153	0.052209	0.991214
-0.0569173	0.025787	0.998046
-0.538674	-0.130524	0.832343
0.456983	0.165933	0.873861
-0.00521054	0.335346	0.942081
0.075288	0.45097	0.889358
-0.0693276	0.257501	0.963788
0.628742	-0.20006	0.751439
0.293209	-0.126233	0.947678
0.234943	0.0184277	0.971834
0.0916816	-0.53516	0.839761
0.0232549	-0.176109	0.984096
0.642994	0.16142	0.748667
-0.0422365	-0.0501509	0.997848
0.401698	-0.523966	0.751065
0.712661	-0.117876	0.691534
-0.392974	0.306951	0.866806
-0.335449	-0.120366	0.934337
-0.484059	-0.190485	0.854051
0.830727	0.102802	0.547105
-0.0277921	0.0254315	0.99929
-0.272667	0.290987	0.917049
-0.305942	-0.272003	0.912367
0.244361	-0.396462	0.884932
-0.379299	0.618987	0.68774
-0.475313	0.0522105	0.878266
-0.0661502	-0.0177601	0.997652
0.419019	0.0292323	0.907507
-0.166151	0.0717371	0.983488
0.214196	0.220779	0.951513
-0.433345	-0.594016	0.677758
0.131469	0.551679	0.82363
-0.238276	0.639021	0.731353
0.496005	0.438705	0.749344
0.219381	0.0742002	0.972814
-0.0973483	-0.544441	0.833131
-0.133501	-0.175539	0.975379
-0.348239	-0.151654	0.925057
0.761733	0.0468477	0.646195
-0.610249	-0.528601	0.590065
0.90606	0.0362487	0.421593
0.221544	0.272568	0.936283
0.23937	0.0137894	0.970831
0.281943	-0.647014	0.708436
-0.559662	0.603355	0.568104
0.469191	0.704483	0.532507
-0.569172	-0.0610429	0.81995
-0.0197879	0.260635	0.965235
0.235378	-0.173486	0.956295
0.155262	0.180841	0.97118
0.87912	0.0501762	0.473952
-0.255855	0.0436764	0.965728
-0.221439	0.166931	0.96078
0.358104	-0.55519	0.750684
0.436734	0.105493	0.893384
-0.0664024	0.505597	0.86021
-0.4934	-0.508156	0.705927
-0.200883	0.13692	0.969999
-0.310852	-0.271783	0.910772
0.1842	-0.493262	0.850155
-0.503186	-0.143541	0.852173
0.613635	0.375387	0.694648
0.0887906	-0.351367	0.932018
-0.0288079	-0.170967	0.984855
-0.00271397	0.518489	0.85508
0.000215351	0.334148	0.942521
-0.422405	-0.63717	0.644661
0.027716	-0.723536	0.68973
-0.0998288	0.444277	0.89031
0.124238	0.478083	0.869483
0.809704	0.186615	0.556376
0.310493	0.16187	0.936692
-0.296725	-0.162175	0.941092
-0.449682	-0.672013	0.588375
-0.514458	0.0910171	0.852671
0.197543	0.56392	0.801855
0.293792	-0.377186	0.878303
0.169353	0.231992	0.957862
-0.1862	0.735108	0.651879
-0.13202	0.406935	0.903866
-0.523123	-0.418854	0.742228
0.884884	0.238679	0.400016
-0.0276339	0.110048	0.993542
0.432732	-0.281216	0.85654
-0.000325669	0.271501	0.962438
-0.152651	-0.656956	0.738314
0.448402	0.060822	0.89176
0.336483	0.445946	0.829404
0.0163352	0.578608	0.815442
0.634984	0.145698	0.758662
0.352903	-0.01776	0.935491
0.563599	0.174064	0.807501
-0.22771	-0.0905083	0.969514
0.155637	-0.407141	0.900007
-0.159037	0.543107	0.824465
0.217499	0.124216	0.968124
0.36767	-0.18214	0.911945
0.0263139	-0.37617	0.926177
0.351573	-0.24741	0.902876
-0.65371	0.439572	0.615986
-0.261209	0.080556	0.961915
-0.182559	-0.612305	0.769256
-0.032483	0.518466	0.854481
-0.816046	-0.577906	0.00970419
0.311311	0.104234	0.944574
0.284157	-0.433586	0.855136
-0.400458	-0.0840613	0.912451
0.215608	-0.0438272	0.975496
-0.848277	-0.00259377	0.529546
0.0254416	0.100785	0.994583
0.121543	0.322991	0.938565
0.283915	-0.464689	0.838723
0.194049	-0.28325	0.93921
-0.674853	0.0907991	0.732345
-0.206361	0.460308	0.863442
-0.0934539	-0.065876	0.993442
0.299435	0.522806	0.798131
-0.270426	0.132269	0.953611
0.391091	-0.72925	0.561465
-0.519187	-0.615123	0.593353
-0.583593	0.148223	0.798404
-0.409569	-0.123303	0.903908
0.476764	-0.11602	0.871341
0.0780241	0.0733464	0.99425
-0.33485	-0.293773	0.895306
0.136999	-0.144829	0.979926
-0.65396	-0.502736	0.565326
-0.80127	-0.421322	0.424799
-0.754386	0.160623	0.636476
-0.156277	-0.660896	0.734026
-0.225824	-0.0187837	0.973987
-0.146567	0.122533	0.981582
-0.138658	0.190471	0.971851
-0.515698	0.505	0.69212
-0.433677	-0.505664	0.745806
0.145518	-0.584843	0.797987
-0.231998	0.805386	0.545463
0.18196	0.345949	0.92044
0.0828511	-0.352839	0.932009
0.121571	-0.628899	0.767923
0.105126	-0.611724	0.784055
0.412679	-0.619511	0.667759
0.263161	-0.426972	0.865125
-0.0420596	0.00552489	0.9991
-0.01952	-0.0822452	0.996421
-0.316656	-0.178281	0.931636
-0.382336	-0.129385	0.91492
0.220782	-0.0385734	0.97456
0.582923	-0.106508	0.805516
0.290046	-0.526295	0.799304
0.306972	-0.447219	0.840097
0.179691	-0.128755	0.975261
0.299821	-0.492889	0.816804
-0.0285413	0.0738558	0.99686
0.304091	-0.218388	0.927273
0.100803	-0.489322	0.866258
-0.429309	0.287994	0.85601
-0.360237	-0.337336	0.869732
0.747036	-0.197397	0.6348
-0.39641	-0.042229	0.917102
0.1089	0.580806	0.806725
0.0879971	-0.465141	0.880852
0.62365	0.0517366	0.77999
-0.552742	-0.195223	0.810163
-0.0556927	-0.00716649	0.998422
0.253283	-0.27949	0.926139
-0.221023	0.0573677	0.97358
0.154821	0.198924	0.967709
-0.0587248	-0.444028	0.894086
-0.179169	0.505861	0.843803
-0.409861	0.777843	0.476419
-0.198635	0.774909	0.60005
-0.3151	-0.0537689	0.947534
-0.20851	-0.456943	0.864712
0.959489	0.0684851	0.273295
0.136734	0.0628642	0.988611
-0.234429	-0.502265	0.83233
0.0753401	0.271609	0.959454
0.154913	0.0368856	0.987239
0.0917382	0.0580807	0.994088
0.560736	-0.247452	0.790154
0.100585	-0.325441	0.940197
0.0215668	0.39198	0.919721
-0.580854	-0.489885	0.650094
-0.595608	-0.309075	0.741434
-0.647904	-0.316701	0.692763
0.013984	-0.25502	0.966835
0.059506	-0.213099	0.975217
0.225909	0.0421176	0.973238
-0.0290581	-0.404424	0.91411
0.112613	-0.212084	0.970741
-0.370578	-0.589092	0.718083
-0.340991	-0.735203	0.585834
-0.640426	0.172181	0.748471
-0.0414514	0.183884	0.982074
-0.169494	0.0847602	0.98188
-0.700545	0.473886	0.533543
-0.106432	0.43458	0.894322
-0.475764	-0.0641063	0.877234
-0.275904	0.0154378	0.961061
0.224387	-0.439075	0.869979
0.106775	-0.44	0.891627
-0.784986	0.0710292	0.615428
-0.192252	0.155939	0.968877
0.11272	0.0570846	0.991986
0.354606	-0.478103	0.803537
0.235019	0.28624	0.928888
0.157522	0.120214	0.980171
0.137893	-0.653007	0.744693
0.322489	0.735778	0.595509
-0.188084	0.144146	0.971518
0.851327	0.362917	0.37886
0.361952	0.450999	0.815838
0.424429	-0.484453	0.764961
-0.156769	-0.733595	0.661258
-0.367406	-0.0820102	0.926438
0.688701	0.0319071	0.724343
0.719276	-0.147105	0.678971
0.123013	-0.146832	0.981483
0.701209	0.421836	0.57477
0.146211	-0.524473	0.838779
-0.0155629	-0.451059	0.892358
-0.389969	0.692352	0.607102
-0.0675593	-0.407864	0.91054
0.392105	0.246833	0.886187
-0.692669	0.1976	0.693659
-0.0534681	-0.0485242	0.99739
-0.770857	0.420381	0.478602
0.206602	-0.193011	0.959199
0.673868	0.127726	0.727728
0.312182	-0.287858	0.905362
0.00627989	0.461261	0.887243
-0.201875	0.437421	0.876304
-0.028702	-0.112271	0.993263
-0.814097	-0.231507	0.532588
0.10591	-0.206442	0.97271
0.487271	-0.579215	0.653512
0.170426	0.134223	0.976186
-0.349694	0.2598	0.900121
-0.169368	-0.495196	0.852112
-0.034714	0.261688	0.964528
0.305926	0.509241	0.804414
-0.1	-0.065185	0.99285
0.152258	0.345133	0.926121
0.274051	0.101775	0.956315
-0.407739	-0.2228	0.885499
0.180325	-0.428942	0.885151
0.505906	-0.373446	0.777559
0.207594	-0.345396	0.915208
-0.38506	-0.469767	0.794385
0.119238	0.581021	0.805107
0.262424	0.409364	0.873816
-0.334677	0.0562282	0.940654
-0.302896	-0.258385	0.917328
0.352521	-0.534001	0.768487
-0.0540635	0.0905637	0.994422
-0.37293	0.0183273	0.927678
0.438311	0.6639	0.605905
0.512447	-0.298722	0.805086
0.140665	0.0730561	0.987358
-0.159643	0.171285	0.972201
-0.110833	-0.639881	0.76044
-0.502404	0.212048	0.838228
0.00681801	-0.0139725	0.999879
0.181901	-0.0654072	0.981139
-0.41642	0.512843	0.750724
0.401374	0.222875	0.888384
0.0114499	0.305929	0.951986
-0.397842	0.21911	0.890906
0.816577	0.281128	0.504151
0.538575	-0.418894	0.731071
-0.604692	0.353733	0.713597
0.202296	-0.925017	0.321589
0.598813	0.170546	0.782519
0.933527	0.250379	0.256591
0.0678477	0.804298	0.59034
0.0398059	-0.0619535	0.997285
0.370618	-0.279883	0.885612
0.082075	0.551845	0.829898
-0.542348	0.200158	0.815963
-0.0390315	-0.256083	0.965867
0.171334	0.0234773	0.984933
-0.687159	-0.136488	0.713571
0.0398998	-0.408318	0.911967
-0.520491	0.12889	0.844083
0.222693	0.537283	0.813471
-0.27609	-0.191846	0.941791
-0.766623	0.421976	0.483968
0.140685	0.368473	0.918932
-0.592965	-0.707032	0.385355
-0.0168466	0.775795	0.63076
-0.167634	0.538369	0.825868
0.415915	0.130316	0.900018
0.393156	-0.309388	0.865856
-0.583213	0.013483	0.812207
0.434166	0.495448	0.752351
-0.580725	-0.532099	0.616141
-0.0948312	0.392705	0.914762
0.132345	0.50585	0.852409
0.212313	0.0259888	0.976856
0.720782	-0.116046	0.683378
0.0196312	0.0594352	0.998039
0.341656	0.246871	0.906822
-0.0638747	-0.524779	0.848839
-0.563935	-0.0975379	0.820039
0.0734351	-0.0879317	0.993416
0.224987	-0.20305	0.95297
0.405403	-0.595906	0.693213
-0.103721	0.0983151	0.989735
0.265997	-0.201537	0.942671
-0.435521	-0.503198	0.7464
-0.45028	0.411767	0.792272
0.14498	-0.752235	0.642747
-0.171123	-0.193525	0.966057
-0.148893	0.080906	0.985538
-0.282892	0.118802	0.951766
-0.140408	-0.292154	0.946008
0.0102775	-0.490768	0.87123
-0.488985	-0.292809	0.821679
-0.329832	-0.0315841	0.943511
-0.353006	0.256324	0.899825
-0.1899	0.671239	0.716503
0.236674	-0.19674	0.951461
-0.536408	0.352893	0.766637
-0.817952	0.177501	0.547218
0.0116339	-0.807281	0.590052
0.358945	-0.219291	0.907232
0.138383	-0.0988788	0.98543
0.30976	-0.468424	0.827422
-0.0480428	0.562201	0.825604
-0.732686	-0.1203	0.66985
0.334113	0.941724	-0.0390539
0.425225	-0.718474	0.550436
0.200593	-0.0364054	0.978998
0.39355	-0.43958	0.807396
-0.621199	0.187879	0.760798
-0.239404	0.536411	0.809289
-0.602174	0.224066	0.766277
0.0738253	-0.238512	0.968329
-0.0206787	-0.621916	0.782811
0.602733	-0.407439	0.68608
-0.0708081	0.613549	0.786475
-0.80222	-0.0699778	0.592913
0.099379	-0.554904	0.825957
0.557079	-0.535964	0.634355
0.619923	-0.404082	0.672617
-0.632967	0.0232273	0.77383
0.405025	-0.0786973	0.910912
0.304519	0.0359112	0.951829
0.0907552	-0.0923293	0.991584
-0.519372	-0.393787	0.758409
-0.119217	-0.59345	0.795993
0.278514	0.389241	0.878021
-0.097289	-0.281751	0.954542
0.341296	0.0864312	0.935974
0.41051	0.198755	0.889931
0.115719	-0.130822	0.984629
-0.110025	-0.0560408	0.992348
0.243546	0.104252	0.96427
0.101642	-0.00100135	0.994821
-0.248299	0.312717	0.916818
0.639306	-0.315736	0.701141
0.446082	-0.549278	0.706615
0.111233	-0.522689	0.845236
0.25151	0.231957	0.939648
0.213624	0.178396	0.960489
-0.0827694	0.104253	0.991101
-0.3562	0.631872	0.688374
0.110041	-0.796964	0.593919
0.361639	-0.0635109	0.930153
-0.109314	-0.0744629	0.991214
-0.398595	0.266658	0.877505
-0.162539	-0.085121	0.983024
-0.369418	0.246893	0.895865
-0.00243684	-0.441769	0.897125
0.123375	-0.197853	0.972437
0.0846022	-0.191608	0.977818
-0.0360487	0.464935	0.884611
0.426513	0.004892	0.904468
0.648683	0.410455	0.640887
0.105547	-0.0955515	0.989813
0.263994	-0.576572	0.773222
-0.743376	0.087603	0.663112
0.333857	-0.164256	0.928202
-0.695324	-0.493543	0.522436
-0.0159098	-0.0900913	0.995806
0.151504	0.36952	0.916789
-0.460195	-0.456836	0.761263
-0.250353	0.382719	0.889297
0.442764	-0.144795	0.88487
0.297851	-0.453536	0.839994
0.0693031	-0.119126	0.990457
-0.171478	-0.264866	0.948916
0.723018	0.0833682	0.685781
-0.522091	0.40111	0.752683
0.320966	0.643857	0.694571
-0.271122	0.0796176	0.959247
0.111516	0.0972462	0.988993
-0.146957	-0.306956	0.940309
-0.277839	0.466178	0.839931
0.46037	0.492214	0.738773
0.122767	-0.184027	0.975224
-0.586226	0.416091	0.695131
0.168712	0.937683	0.303787
-0.483443	0.0509041	0.873895
-0.111537	0.620479	0.776251
-0.365248	0.435468	0.822776
0.46349	0.387017	0.797116
-0.652297	0.309095	0.692076
0.304836	-0.155154	0.939682
0.399979	0.675453	0.6195
-0.232493	-0.454646	0.859793
0.050141	0.0509691	0.997441
-0.272688	0.857474	0.436326
-0.469056	0.281735	0.837025
-0.482942	0.320583	0.814858
-0.566354	-0.168856	0.806679
0.437945	-0.111445	0.892068
-0.416222	-0.138336	0.898678
0.0125748	0.00498916	0.999908
-0.101288	0.459021	0.882632
0.274344	0.957899	0.0846461
-0.131273	-0.152382	0.979565
0.0691548	0.147729	0.986607
0.191163	0.307714	0.932078
-0.101581	0.165014	0.981046
0.186935	0.350796	0.917604
0.278987	-0.167528	0.945569
-0.333427	0.884082	0.327454
-0.120457	0.247499	0.961371
0.570821	0.213185	0.792916
0.573778	-0.290142	0.765895
0.612823	0.119019	0.781205
-0.441795	0.731193	0.519783
0.0609252	0.342702	0.937467
-0.413614	-0.624467	0.662544
-0.00182072	-0.236629	0.971598
-0.561157	0.146595	0.814624
0.57847	0.214641	0.786957
-0.11041	-0.711269	0.694195
0.205181	0.0300601	0.978262
0.238886	0.292033	0.926094
0.244464	0.353574	0.902897
-0.729732	-0.21006	0.650666
0.125829	0.132648	0.983144
0.621921	-0.293899	0.725836
0.166767	-0.223999	0.960215
0.598979	0.409547	0.68811
-0.796967	0.0688096	0.600091
0.178156	-0.291495	0.939836
-0.0616298	0.680798	0.729874
0.519837	0.224007	0.824373
-0.247738	-0.371492	0.894774
0.575974	-0.112882	0.809637
-0.356304	0.350293	0.866223
0.0497592	0.887283	0.458534
0.494029	-0.376873	0.783519
0.0734095	0.261466	0.962417
-0.38042	-0.0646487	0.922551
-0.119165	-0.629861	0.767512
0.0699655	0.220416	0.972894
0.373048	0.489406	0.788237
-0.693543	-0.105422	0.71266
0.405096	0.0668502	0.911827
-0.22525	0.393147	0.891458
-0.193247	0.89772	0.395921
-0.483193	-0.0148229	0.875388
-0.392931	-0.273156	0.878061
-0.19505	-0.218635	0.956114
0.0130139	0.610887	0.791611
0.579233	0.3592	0.731754
-0.10154	-0.0786798	0.991715
0.432554	-0.498891	0.751002
0.0893397	-0.600868	0.79434
0.645314	0.434808	0.628102
0.847149	0.190346	0.496092
0.168244	0.323584	0.931122
0.301061	-0.0847355	0.949833
0.00472585	-0.0327069	0.999454
0.442146	0.346043	0.827503
-0.333794	0.45902	0.823336
0.347099	-0.054275	0.936257
-0.0437895	-0.584976	0.809867
-0.78738	0.268735	0.554811
0.143695	-0.0261033	0.989278
-0.480171	-0.588845	0.650152
-0.200974	-0.043108	0.978648
0.171243	-0.346447	0.922307
0.17822	-0.273732	0.94515
-0.338477	-0.468605	0.815992
-0.496684	-0.0735847	0.864806
-0.172915	-0.418181	0.891754
0.0209043	-0.713018	0.700834
-0.131615	0.677379	0.723764
0.37048	0.198607	0.907359
0.160418	0.483631	0.860446
0.923164	0.248347	0.293413
0.0346275	-0.43696	0.898814
-0.614144	0.656054	0.438657
-0.460153	-0.192536	0.866711
0.344163	-0.643937	0.683298
0.124944	-0.126086	0.984119
-0.321052	0.113605	0.940223
0.5886	0.130879	0.79776
0.375315	0.0786949	0.923551
-0.196686	0.45787	0.866989
0.287502	-0.561748	0.775746
-0.243635	0.757918	0.605147
0.202908	0.159206	0.966169
0.0337101	0.0797087	0.996248
-0.318175	-0.748988	0.58119
0.183603	-0.184189	0.96559
-0.648438	-0.256273	0.716835
0.582037	0.0518799	0.811506
0.33195	0.0252629	0.942959
-0.150678	-0.125896	0.980534
-0.0801187	0.306079	0.948629
-0.0667515	-0.239616	0.96857
0.259422	0.484315	0.835547
0.597617	0.215688	0.772225
0.540564	0.435417	0.719863
0.473073	0.591804	0.652664
-0.230382	0.00779229	0.973069
-0.795723	0.206849	0.569243
0.082554	0.0566797	0.994973
0.530226	0.494853	0.688463
0.340271	0.692374	0.636266
0.0450231	0.304138	0.951563
0.518924	0.407547	0.751414
0.125533	0.426864	0.89556
-0.320931	0.401673	0.857707
-0.0850326	-0.046806	0.995278
-0.47605	0.546001	0.68939
0.0504692	-0.159217	0.985953
0.58543	0.539806	0.604882
-0.179022	-0.973564	0.141862
-0.106147	0.123993	0.986589
0.244853	0.445437	0.861181
-0.229404	0.970897	-0.0687975
-0.816623	0.441017	0.372331
-0.0542548	-0.831846	0.552348
-0.257096	-0.718006	0.646815
0.3669	-0.717613	0.59196
0.0316654	-0.134219	0.990446
0.148528	-0.191467	0.970196
0.405834	-0.118036	0.906293
0.073971	-0.0434217	0.996315
0.582679	-0.0131315	0.812596
0.21006	-0.214219	0.953931
0.284099	-0.592425	0.75387
0.109895	-0.174747	0.978461
-0.158943	-0.0893425	0.983237
-0.267144	0.656402	0.705528
0.045165	0.116792	0.992129
0.404074	-0.357953	0.84178
-0.611494	-0.401281	0.681944
0.056985	-0.135611	0.989122
-0.399244	-0.39368	0.828022
-0.938016	0.310903	0.153185
-0.0912962	-0.558767	0.824284
-0.341265	0.183963	0.92179
-0.536851	0.406592	0.739239
0.162142	0.452663	0.876816
0.0494124	0.0624881	0.996822
-0.00473706	0.211398	0.977389
0.022246	0.131798	0.991027
0.324327	-0.084413	0.942171
0.486656	-0.26402	0.832742
-0.218828	0.293372	0.930617
0.0689879	-0.164804	0.983911
0.56992	-0.246621	0.783817
-0.282562	-0.0755178	0.956272
-0.616239	0.190628	0.76414
-0.509869	-0.179572	0.841301
-0.015825	-0.827983	0.560529
-0.397902	0.0703802	0.914724
-0.0502158	0.0309483	0.998259
0.470694	-0.495151	0.730255
-0.521635	-0.428907	0.73752
-0.364975	0.103645	0.92523
-0.868678	-0.28158	0.407567
-0.37306	-0.170767	0.911957
-0.414041	-0.177726	0.892739
-0.207167	0.162643	0.964691
-0.125691	-0.135711	0.982743
0.10093	0.127909	0.986637
-0.377219	-0.494333	0.783161
-0.329624	-0.274267	0.903397
-0.248133	-0.20755	0.946231
0.0281294	-0.00318162	0.999599
0.104559	-0.882848	0.457872
-0.277695	0.424285	0.861898
-0.110742	-0.440596	0.890849
0.0911332	-0.25218	0.963379
0.103447	0.0625008	0.992669
-0.0810311	-0.333049	0.939421
0.32092	0.480674	0.816066
0.207857	-0.462296	0.86202
0.434046	-0.278855	0.856647
0.1311	-0.00856355	0.991332
0.0914104	-0.742091	0.664037
0.209961	-0.441039	0.872583
0.492685	0.1247	0.861227
0.231603	0.250665	0.939961
-0.0880382	-0.647586	0.75689
0.318826	-0.757588	0.569571
-0.0592213	0.531913	0.844726
-0.0597227	0.313374	0.94775
0.646293	-0.691719	0.322227
0.19857	0.3284	0.92343
0.220979	0.032602	0.974734
0.151051	0.315711	0.936755
-0.077461	-0.112711	0.990604
-0.193689	0.137517	0.971377
-0.120995	0.13713	0.983136
0.10382	0.619204	0.778336
0.47871	-0.0474868	0.876688
-0.238767	-0.924006	0.298668
0.460309	0.213429	0.861721
-0.109281	0.471086	0.875292
-0.509839	0.0587663	0.858261
-0.0955739	-0.241025	0.965802
0.79785	0.0869474	0.596552
-0.498401	0.34121	0.796977
-0.517981	0.364904	0.773654
0.216237	0.0591249	0.974549
0.149629	-0.0804677	0.985462
0.125345	0.0265976	0.991757
-0.0450799	0.292655	0.955155
-0.0998741	0.177758	0.978993
-0.336713	0.0823385	0.938001
0.435827	0.485146	0.758082
0.483084	-0.645787	0.59126
0.211823	-0.289893	0.933324
-0.367368	-0.314361	0.875339
-0.316997	-0.0239101	0.948125
0.0757753	-0.54133	0.837389
-0.349599	-0.339219	0.873333
0.137663	-0.421642	0.896251
0.408353	-0.190625	0.892698
0.142829	-0.143713	0.979258
-0.328132	0.419326	0.846461
-0.690116	0.604115	0.398478
-0.191013	-0.245645	0.950354
-0.498962	-0.395705	0.771009
-0.205144	-0.531743	0.821685
0.617187	-0.368006	0.695451
0.856236	0.0191569	0.516229
-0.388328	0.371385	0.843371
-0.700238	-0.357378	0.61802
-0.272401	0.226436	0.93516
0.0495388	-0.302959	0.951715
-0.0142841	0.555008	0.831722
-0.252687	0.487755	0.83561
0.317763	-0.0843007	0.944415
-0.268141	0.184386	0.94557
0.167027	-0.101112	0.980754
-0.163979	0.0568679	0.984823
-0.310895	-0.158846	0.937076
-0.586269	-0.288038	0.757181
0.094308	-0.349254	0.93227
0.156314	-0.404261	0.901188
-0.261892	0.0641721	0.962961
-0.677647	-0.443997	0.586226
0.126848	0.223484	0.966418
-0.276163	-0.273454	0.921389
0.270242	-0.100928	0.957488
0.180944	-0.491587	0.851823
-0.303598	0.47646	0.825115
0.204559	0.253236	0.94553
-0.0815252	-0.598866	0.796689
0.141865	0.795033	0.589743
0.396472	-0.39699	0.827773
0.134865	0.227355	0.964428
-0.511301	-0.244484	0.823892
-0.13966	0.297618	0.944415
-0.659226	-0.250362	0.709042
-0.818158	0.0269846	0.574361
0.26081	0.420827	0.86884
-0.414533	-0.428619	0.802775
0.25256	0.040749	0.966723
0.348866	0.891835	-0.287963
0.0672321	0.0738346	0.995002
0.60309	0.206739	0.770417
-0.147665	-0.379595	0.913292
-0.716095	0.0996729	0.69085
0.325319	0.140697	0.935079
0.30264	0.652255	0.694962
0.227663	-0.460636	0.857895
-0.740868	-0.107345	0.663017
0.374691	0.800687	0.467448
-0.041696	0.203415	0.978204
-0.441334	0.141538	0.88611
0.76542	-0.327229	0.554123
0.0905749	-0.386084	0.918006
0.210862	-0.401879	0.891084
0.0467799	0.438616	0.897456
-0.276659	-0.470073	0.838147
0.044091	0.208138	0.977105
-0.168251	-0.474013	0.864293
0.239125	0.0478887	0.969807
0.498332	0.0482313	0.865643
0.709686	-0.211999	0.671865
-0.379974	0.287933	0.879042
-0.308593	-0.0161733	0.951057
0.287617	0.276606	0.916933
0.374918	0.340926	0.862094
-0.0222994	-0.720317	0.693286
0.281787	-0.27179	0.920177
0.426916	0.0910413	0.899697
-0.0690788	0.669704	0.739408
0.496572	-0.265752	0.826312
-0.0991832	-0.190525	0.976659
0.117621	0.555986	0.822827
-0.246169	-0.35172	0.903157
-0.757175	0.0588069	0.650559
-0.273073	0.162475	0.948174
-0.191263	0.555544	0.80919
-0.1052	0.425605	0.898773
-0.308373	-0.589506	0.746585
-0.008557	0.406791	0.913481
-0.0818979	0.199217	0.976527
0.18647	-0.831464	0.523352
-0.175962	-0.0148474	0.984285
-0.104909	-0.15414	0.982464
-0.234771	-0.336064	0.912109
-0.102613	-0.40774	0.907314
-0.250882	-0.533135	0.807976
-0.514206	0.00977434	0.857611
-0.756697	-0.56265	0.332918
-0.348621	0.0173648	0.937103
-0.451948	-0.208515	0.867332
0.00150279	0.0961752	0.995363
-0.397864	0.360939	0.843462
-0.192724	0.467206	0.862888
-0.130051	-0.0232905	0.991234
-0.406212	0.457353	0.791088
-0.673145	0.517311	0.528456
0.486911	-0.249341	0.837106
0.0438152	-0.330093	0.942931
-0.358286	0.465407	0.809338
0.0698416	-0.172623	0.982509
-0.268276	-0.231918	0.935009
-0.607503	-0.688299	0.396465
-0.658592	0.00130403	0.752499
0.694464	-0.430312	0.576673
0.657157	0.195885	0.727855
0.648719	0.4719	0.597054
-0.358938	-0.288318	0.887714
-0.11102	0.0679165	0.991495
-0.29637	0.422912	0.856335
-0.0942765	0.198362	0.975584
-0.208593	0.052251	0.976606
-0.461164	-0.0980814	0.881877
-0.351413	0.0149187	0.936101
-0.0696541	0.324003	0.943488
0.252751	0.439844	0.861774
-0.587017	0.0193915	0.809343
-0.0211014	-0.18821	0.981902
-0.58606	0.501495	0.636425
-0.550749	-0.369448	0.748454
-0.365947	-0.387633	0.846064
0.0538649	-0.480906	0.875116
0.494684	0.275208	0.824347
0.121357	-0.184904	0.975235
-0.441323	0.343167	0.829138
-0.172533	0.311714	0.93438
-0.256461	0.268975	0.928375
-0.471293	0.127353	0.872734
0.0700168	0.252863	0.964965
0.0297214	0.494955	0.86841
-0.249651	0.327484	0.911279
-0.255563	0.0399247	0.965968
-0.6581	-0.238746	0.714076
0.388242	-0.464669	0.795833
-0.368426	0.0166353	0.929508
0.500997	0.165004	0.849574
-0.210595	0.346005	0.914292
0.173676	-0.465301	0.867947
0.42248	0.112722	0.899335
-0.319994	0.197325	0.926643
0.36503	-0.111869	0.92425
0.00156664	0.137324	0.990525
0.16552	0.366237	0.915682
-0.266052	-0.324114	0.907836
-0.470412	-0.100073	0.876754
0.274743	-0.0506067	0.960185
0.035105	-0.382379	0.923339
-0.670983	-0.428128	0.605383
-0.243268	-0.294527	0.924162
0.570521	-0.641294	0.513077
0.1875	0.0778416	0.979175
-0.13491	-0.243452	0.960484
0.235091	0.155733	0.959416
-0.985457	0.0363627	0.165988
0.17104	0.0501065	0.983989
0.155376	-0.253252	0.954841
-0.18074	0.361675	0.914617
-0.0523643	-0.144794	0.988075
0.138624	0.305005	0.942208
0.15679	-0.00779324	0.987601
-0.21046	-0.652457	0.728015
-0.336789	-0.0726196	0.938776
0.570331	0.0086521	0.82137
-0.206722	0.0502803	0.977107
0.32261	0.421914	0.847296
-0.289308	0.320494	0.901989
0.461272	-0.447204	0.766313
-0.396219	0.309746	0.864331
-0.861327	-0.054494	0.50512
0.298461	0.0668611	0.952077
-0.122066	0.121514	0.985055
-0.519483	0.269388	0.810906
0.367256	0.126522	0.921475
-0.0879883	0.161515	0.98294
0.683599	-0.15318	0.713602
0.0809922	0.0810017	0.993418
-0.568875	0.334538	0.751309
0.556213	0.3934	0.732027
-0.213544	0.0295437	0.976487
-0.195388	-0.00410569	0.980717
0.11607	0.247865	0.961816
-0.222187	0.161613	0.961517
-0.472534	0.0706507	0.878476
0.474502	0.174979	0.862688
-0.313103	0.11563	0.942654
-0.512335	0.397836	0.761078
0.314646	0.139224	0.938943
-0.0294738	0.424631	0.904887
0.47574	0.32045	0.819136
-0.136058	-0.0664196	0.988472
0.307531	0.479694	0.821777
0.31603	0.922361	0.222204
-0.107909	-0.247846	0.962771
0.11101	-0.114003	0.987259
-0.00624752	-0.210535	0.977566
-0.265119	-0.832538	0.486408
-0.157979	0.250704	0.955086
0.157614	-0.460811	0.873391
-0.581339	-0.314851	0.750276
0.218869	-0.231851	0.947809
-0.0193247	-0.946576	0.3219
0.0750702	0.687702	0.722102
0.299204	-0.0188182	0.954004
-0.333875	-0.117524	0.935262
-0.227689	0.51333	0.827436
0.189917	-0.160115	0.968656
0.0728255	0.664712	0.743542
0.0480676	-0.150997	0.987365
0.205818	-0.688564	0.695355
-0.116861	-0.091002	0.98897
0.0988007	0.428862	0.897951
0.100939	-0.128315	0.986583
-0.0586529	0.254066	0.965407
-0.153416	-0.0470364	0.987042
-0.116245	0.361588	0.925063
0.0795892	-0.37676	0.922886
0.479046	0.6972	0.533318
-0.0348764	-0.151441	0.987851
-0.762306	0.440475	0.474207
-0.0927166	0.0339767	0.995113
-0.528721	0.40596	0.74542
0.537205	-0.331403	0.775618
-0.188067	0.283061	0.940482
0.070174	-0.207681	0.975676
0.221067	0.910048	0.35063
-0.356302	0.14708	0.922722
0.209559	0.513297	0.832233
-0.103757	0.457844	0.882957
-0.270721	-0.40801	0.871916
0.0217616	-0.838646	0.544241
-0.141782	-0.365879	0.919799
0.214335	0.402466	0.88999
0.389895	-0.64728	0.654988
0.102604	0.328404	0.938948
0.0577642	0.0396136	0.997544
0.0107328	-0.0160351	0.999814
0.0269222	-0.879119	0.475841
-0.26757	0.202471	0.942025
-0.392142	0.0241442	0.919588
-0.00902296	-0.434466	0.900643
-0.525908	-0.0761124	0.847129
-0.640973	0.168823	0.748767
-0.423383	0.00400731	0.905942
-0.0497638	0.651936	0.75664
0.161899	0.0220081	0.986562
0.31872	-0.0619023	0.945825
0.161868	-0.129348	0.978299
0.76338	0.520317	0.382781
0.103883	0.460831	0.881387
-0.411954	-0.0850093	0.90723
0.477755	-0.663302	0.576004
0.150575	-0.51968	0.840987
-0.6332	0.139286	0.761352
-0.196955	0.145719	0.969523
0.247602	0.100278	0.963658
0.162424	0.329131	0.93021
-0.110824	-0.0796285	0.990645
0.227417	-0.231451	0.945892
0.322678	-0.14822	0.934831
-0.358794	0.0223883	0.933148
-0.338128	-0.394819	0.854276
-0.10368	-0.0854548	0.990933
0.237979	-0.203352	0.949744
-0.318197	-0.739162	0.593625
0.442823	-0.510956	0.736771
0.462057	-0.503527	0.730044
-0.0905742	-0.610444	0.786864
0.333851	-0.297697	0.894382
0.590633	0.283555	0.755479
-0.0853579	-0.206019	0.974818
0.67648	-0.175425	0.715263
-0.302277	0.0575526	0.951481
-0.488017	0.501693	0.714244
-0.0908086	-0.0813841	0.992537
-0.136035	0.515516	0.846013
-0.138863	0.461883	0.876003
0.0900806	0.0891921	0.991933
0.130085	0.489389	0.862308
-0.244625	0.298594	0.922497
-0.264932	0.448175	0.853786
0.049241	0.386197	0.921101
0.279497	-0.236426	0.930583
-0.493	-0.324564	0.807223
0.181742	0.309156	0.933484
0.362782	0.124477	0.923523
0.388015	-0.259958	0.884232
-0.335195	-0.316939	0.887239
-0.818049	-0.0375557	0.573922
0.0570301	-0.20398	0.977312
0.159424	0.602785	0.781815
0.113455	-0.00967957	0.993496
0.612972	-0.640149	0.463115
0.377547	0.241399	0.893971
-0.86477	0.406502	0.294837
0.332157	0.337345	0.880835
0.265016	-0.401231	0.876801
0.544868	0.600759	0.584984
0.302547	0.178074	0.936352
0.549705	0.0465087	0.834063
-0.130472	0.254602	0.958204
0.307071	-0.435151	0.846375
-0.422817	0.0142244	0.906104
-0.122103	0.126415	0.984434
-0.238636	0.351256	0.905357
0.0563521	0.357559	0.932189
0.0406614	0.126026	0.991193
0.246665	0.205365	0.947091
0.502239	-0.37192	0.780661
-0.340931	0.394564	0.853279
0.183223	0.346941	0.919816
-0.0432341	0.101385	0.993907
-0.501435	0.533031	0.681499
0.15535	0.308618	0.938414
0.409729	0.145885	0.900466
0.725795	0.39678	0.56195
-0.336057	0.479016	0.810931
0.397537	0.0377482	0.916809
-0.0396817	0.0327599	0.998675
-0.0379222	0.460514	0.886842
0.254481	-0.749521	0.611113
0.71912	0.145987	0.679378
-0.0992412	-0.240435	0.965579
-0.204899	0.667185	0.716157
-0.00196818	0.352603	0.935771
-0.526333	0.448633	0.722289
0.0767786	-0.283266	0.955963
0.367877	0.213608	0.905007
0.429242	-0.237582	0.871382
-0.250899	-0.00562892	0.967997
0.425672	-0.0468742	0.903663
0.936676	-0.337663	0.0928546
0.535647	0.122905	0.83545
0.341177	0.3861	0.857044
0.569595	0.498353	0.65361
0.0344673	0.73899	0.672834
0.285818	0.238031	0.928251
0.403689	-0.212252	0.889935
-0.414555	0.0202909	0.909798
0.145016	0.100175	0.984345
0.0635686	0.774017	0.629966
-0.68937	0.493101	0.530679
0.215242	0.228981	0.949336
0.436371	0.0668294	0.897282
0.114321	0.342203	0.932646
-0.481783	-0.145345	0.864153
0.510236	-0.0675907	0.857374
-0.162538	-0.790351	0.5907
-0.213249	-0.100774	0.971787
0.51978	0.780281	0.347836
0.0485637	-0.342356	0.938314
-0.0431661	0.216934	0.975231
0.76214	0.0874925	0.641473
0.701733	-0.18856	0.687034
0.271233	0.487735	0.829787
0.556746	0.719872	0.414509
-0.320932	0.617687	0.71796
-0.107342	0.70974	0.696237
0.419777	-0.378113	0.825117
0.102765	-0.533618	0.839459
0.349388	0.201766	0.914996
-0.0901368	-0.324847	0.941462
0.162264	0.45402	0.876091
0.118585	0.135469	0.983659
-0.140949	-0.0195766	0.989823
-0.373004	0.517842	0.769875
-0.240866	0.350037	0.905239
-0.426695	0.209849	0.879713
-0.69855	0.117437	0.705858
-0.475362	-0.213593	0.853469
0.821886	0.235115	0.518869
-0.426826	-0.409088	0.806515
0.133889	-0.0289611	0.990573
0.264819	0.591947	0.761229
0.145418	-0.598369	0.787914
-0.172815	-0.402898	0.898781
-0.0917442	0.226675	0.96964
0.0278554	0.54255	0.839561
-0.398751	0.303368	0.865428
-0.486429	0.19402	0.851906
0.365134	0.544052	0.755437
-0.340319	0.659153	0.670597
-0.0177015	0.622918	0.782087
0.13208	0.121602	0.983752
0.237808	0.123745	0.963397
-0.519631	0.844598	0.128988
-0.161539	-0.317745	0.934314
-0.458904	0.288294	0.840413
-0.347957	-0.10798	0.931271
-0.249731	0.400722	0.881508
0.361833	0.307862	0.879942
0.133291	0.184231	0.973803
0.0249692	0.289863	0.956743
0.334775	-0.789016	0.51515
0.719524	-0.0795375	0.689898
0.543895	0.0511051	0.837595
-0.353993	0.874458	0.331679
-0.122301	0.0144036	0.992389
0.0303125	0.042053	0.998655
-0.0072542	0.426297	0.904554
-0.0289177	-0.0242486	0.999288
0.0911773	0.536912	0.838696
-0.0375044	-0.189409	0.981182
0.616775	-0.618843	0.486439
0.434813	-0.499565	0.749248
0.0758384	-0.606151	0.791726
-0.583007	0.219144	0.782355
-0.0835208	0.415325	0.905831
-0.278853	-0.643449	0.712892
0.406653	-0.23781	0.882088
-0.265779	0.0645957	0.961867
0.479468	0.249104	0.841462
0.0222038	-0.178517	0.983686
0.460927	-0.595911	0.657599
0.485336	0.354001	0.799457
0.73082	0.176889	0.659251
0.406412	-0.288809	0.866844
0.238587	0.238791	0.941305
-0.160516	0.0695057	0.984583
0.338019	-0.351847	0.872896
0.230885	0.16819	0.958334
0.643434	-0.349322	0.681151
0.256217	0.379116	0.88917
-0.0668895	0.0736441	0.995039
-0.088432	0.278706	0.956296
-0.0658703	-0.746083	0.662587
0.394834	0.340062	0.853501
0.059131	-0.357658	0.931979
0.319009	0.550042	0.771807
0.693387	0.0086579	0.720513
0.438191	0.513921	0.737479
-0.279009	0.089757	0.956084
0.268079	0.144265	0.952534
0.0168861	-0.0289054	0.99944
0.674334	-0.211585	0.707464
-0.253603	0.360025	0.897813
-0.249454	-0.0680428	0.965993
0.54872	-0.554595	0.625564
0.247022	0.423489	0.871572
-0.178076	-0.32757	0.927894
0.12257	0.678097	0.72468
-0.222031	0.169099	0.960264
0.12784	-0.0515753	0.990453
0.608908	0.381015	0.695744
-0.121138	-0.124513	0.984796
-0.479777	0.427545	0.766172
-0.421091	0.198015	0.88514
-0.191888	0.238407	0.952019
0.525995	-0.423072	0.737794
0.250384	-0.464019	0.849703
-0.179453	0.04786	0.982602
-0.182029	0.286485	0.940634
-0.210654	0.263328	0.941426
0.132551	0.1574	0.978599
-0.374614	-0.333491	0.865129
-0.0634353	-0.328735	0.942289
0.269752	-0.106818	0.956987
-0.468835	0.587705	0.65939
-0.310213	0.206308	0.928011
-0.0420901	0.328365	0.943613
0.532881	-0.0351698	0.845459
0.578591	0.508108	0.638012
0.274529	-0.316549	0.907982
0.194048	0.668342	0.718098
-0.675251	0.0357832	0.736719
-0.209701	-0.327442	0.921307
0.4607	0.0232978	0.88725
0.281682	-0.047656	0.958324
0.421355	0.0581722	0.905028
0.600386	0.113038	0.791681
0.188681	-0.00398435	0.98203
0.541193	0.601736	0.587388
0.514378	0.310189	0.799499
0.181428	0.187447	0.965374
0.314711	-0.120918	0.941454
0.521038	-0.274438	0.80821
0.336916	0.294965	0.894138
0.590054	0.466078	0.659248
0.502028	0.419863	0.756098
-0.0243944	-0.217026	0.975861
-0.132706	0.462337	0.876717
0.531252	-0.708664	0.464292
0.966287	-0.114969	0.230372
0.223368	-0.321901	0.920047
-0.179521	0.415083	0.891896
0.3327	-0.0841217	0.939273
-0.608125	-0.459217	0.647537
-0.465275	0.240254	0.851937
-0.229117	-0.183924	0.955865
0.256036	-0.320574	0.911964
0.0808268	0.0765783	0.993782
0.353914	0.0642107	0.933071
0.472028	-0.0505615	0.880133
0.0530082	-0.693385	0.718615
-0.224376	-0.0224912	0.974243
-0.0778455	-0.153662	0.985052
0.00895761	-0.180884	0.983464
0.352157	-0.19233	0.915967
0.154142	-0.173476	0.972701
0.547078	-0.238645	0.802343
-0.135721	-0.156227	0.978352
0.098121	0.0732263	0.992477
0.0900343	0.173356	0.980735
-0.0513212	-0.337033	0.940093
0.363686	0.13683	0.921418
-0.188423	0.115579	0.975263
0.433945	-0.531078	0.727769
-0.116438	-0.198082	0.973245
0.465773	0.0217618	0.884636
0.246336	0.129692	0.960468
-0.20631	-0.0761411	0.97552
0.0676648	-0.231928	0.970377
0.284814	-0.255631	0.923869
0.328887	-0.0113533	0.944301
-0.372059	-0.442981	0.815683
0.0607398	-0.171514	0.983307
-0.153141	-0.252065	0.955516
0.699476	0.0138306	0.714522
-0.0963779	0.0219983	0.995102
0.254755	0.364134	0.895827
-0.144015	0.0223527	0.989323
-0.107582	0.18618	0.976608
-0.386256	-0.165956	0.90734
-0.0295013	-0.201636	0.979016
0.233906	0.524267	0.818799
0.372067	0.314606	0.873264
-0.166518	-0.290402	0.942305
-0.0468681	-0.221743	0.973978
-0.42316	0.324623	0.845905
-0.244975	0.0150149	0.969413
-0.0488002	0.174042	0.983528
0.123338	-0.409264	0.904041
0.567751	0.291754	0.769765
0.33032	-0.223123	0.917118
-0.240994	0.540265	0.806248
0.580693	-0.191009	0.791398
0.157139	0.755815	0.63565
-0.0232116	0.806843	0.59031
0.420141	-0.0644564	0.905167
0.158861	0.558292	0.814293
0.22447	-0.670218	0.707404
0.0418232	-0.366173	0.929606
0.184298	-0.366472	0.911994
0.223493	0.495184	0.83955
0.102307	0.0334925	0.994189
0.102269	0.0235511	0.994478
-0.590182	0.303825	0.747914
-0.0292286	-0.0755297	0.996715
0.844305	0.308299	0.438293
-0.161944	0.379071	0.911087
-0.0819531	-0.56585	0.820425
-0.62783	0.341264	0.699549
-0.0838007	0.10723	0.990696
-0.049036	0.691195	0.721003
0.475906	-0.262293	0.839473
0.79639	-0.564309	0.217527
-0.0973479	-0.102031	0.990007
-0.544171	-0.280532	0.790683
0.356464	-0.105299	0.928356
-0.24495	-0.366041	0.897783
-0.0624239	0.741273	0.668295
-0.254239	-0.176691	0.950864
0.212127	-0.0684572	0.974841
-0.608842	0.0374905	0.792405
0.156214	0.124504	0.979845
0.173313	-0.0936992	0.9804
0.179314	0.382702	0.906303
0.102828	0.0507374	0.993404
0.103967	-0.820221	0.56252
0.193725	0.486614	0.851867
-0.389353	0.432951	0.812993
0.184469	-0.452649	0.872399
-0.291826	-0.0986196	0.951374
-0.391485	-0.352051	0.850176
-0.411871	0.00548685	0.911225
-0.0348722	0.212361	0.976569
0.289718	-0.124593	0.948968
-0.168589	0.360772	0.91729
-0.196833	-0.0269779	0.980066
0.484987	-0.366006	0.794246
-0.273539	0.189031	0.943103
0.348305	-0.0448822	0.936306
0.045712	-0.165013	0.985231
-0.249352	0.19379	0.948825
0.0215714	-0.339755	0.940267
0.267606	0.0100239	0.963476
0.180452	0.0570969	0.981925
0.268904	0.516465	0.812991
0.15453	0.0847533	0.984346
0.470573	-0.743715	0.474816
-0.155268	-0.438471	0.885232
0.632361	0.0429955	0.773479
0.565267	0.53199	0.630445
-0.632801	-0.52258	0.571378
-0.155963	0.332609	0.930079
0.269693	-0.00177283	0.962945
0.262803	0.400991	0.877577
0.134411	-0.0753128	0.98806
-0.226506	0.486664	0.843714
0.366436	-0.412108	0.834201
-0.338218	-0.264367	0.903172
0.169917	-0.100359	0.980335
-0.271209	-0.641847	0.717271
0.660179	0.178124	0.729682
0.086919	0.325206	0.94164
0.0895851	0.532829	0.841468
-0.490663	0.593759	0.637731
-0.125189	-0.167456	0.977899
-0.242681	0.385995	0.890008
0.214142	0.531386	0.819617
0.707059	-0.303977	0.638487
-0.480462	0.742158	0.467288
0.365794	-0.468457	0.804203
-0.657877	-0.558958	0.504742
0.472425	-0.427652	0.770668
-0.144275	-0.524345	0.839194
-0.238947	0.134713	0.961643
0.119231	0.0765626	0.98991
-0.108928	-0.625185	0.772838
0.120098	-0.110069	0.986641
-0.758022	0.526183	0.385402
0.156528	-0.373556	0.914306
-0.73622	0.282638	0.614894
0.0477542	-0.454252	0.889593
-0.361652	0.255717	0.896558
0.122964	0.0236405	0.992129
-0.0595744	-0.0554607	0.996682
-0.599616	0.427743	0.676385
-0.0318421	-0.734805	0.67753
0.393985	-0.110969	0.912393
-0.456506	0.552355	0.6975
0.826438	0.544291	0.144043
-0.0334529	-0.235879	0.971207
-0.905595	-0.0156374	0.423854
0.104955	0.0477025	0.993332
-0.0744245	-0.791934	0.606054
0.33475	0.471438	0.815897
0.305017	-0.183063	0.934587
0.943863	-0.296664	-0.145305
0.767111	-0.313901	0.55947
0.0875509	0.0129979	0.996075
0.09744	0.218595	0.970939
-0.735672	-0.152845	0.659868
0.801309	-0.265741	0.53599
0.4467	-0.367662	0.815649
0.284992	-0.361245	0.887852
0.104545	0.471316	0.875746
0.192342	-0.700493	0.687251
-0.696735	-0.47984	0.533212
-0.464174	0.221589	0.857579
0.658468	-0.287063	0.695711
0.311468	-0.0232151	0.949973
-0.477612	-0.302713	0.824774
-0.72062	0.0787853	0.688839
0.574493	0.0694222	0.81556
0.104146	-0.499077	0.860277
-0.211828	-0.395126	0.89387
0.713711	-0.44309	0.542483
-0.11478	-0.555454	0.823587
-0.617689	-0.520708	0.589342
-0.398657	0.467939	0.788737
0.0955071	-0.338027	0.936278
0.125299	-0.119428	0.984905
-0.0334799	0.283044	0.958523
-0.335348	0.168532	0.926897
0.244259	-0.174441	0.953891
0.486481	-0.846076	0.217927
-0.853788	0.394728	0.339465
0.0262219	0.115085	0.99301
-0.187608	-0.451252	0.872454
0.0616537	0.336808	0.939553
-0.111443	0.651024	0.750832
0.232841	0.396926	0.887826
-0.300068	-0.585655	0.752972
-0.345215	-0.14248	0.927645
-0.201069	0.604612	0.770724
0.0349436	-0.262211	0.964378
-0.511255	0.183753	0.839556
0.45141	0.532744	0.71583
0.918145	-0.0428969	0.393915
-0.00979322	-0.248269	0.968642
0.177263	0.268888	0.946719
0.113679	0.804565	0.582882
0.374996	0.579437	0.723623
-0.0710147	0.495231	0.865854
-0.243598	0.868262	0.432182
-0.738571	0.47362	0.479788
0.108696	0.5065	0.855362
0.234379	-0.512269	0.826224
0.365883	0.421948	0.829511
-0.119243	-0.0723921	0.990222
-0.00560054	-0.203621	0.979034
-0.0482481	0.395171	0.91734
0.104711	0.179278	0.97821
0.308215	0.228985	0.923347
-0.268018	-0.00836962	0.963377
-0.050367	-0.553333	0.831436
0.301793	-0.115909	0.946301
-0.0553726	-0.11298	0.992053
0.4669	-0.34031	0.816207
-0.28865	-0.130471	0.948503
-0.0874883	-0.376891	0.922116
0.00539464	-0.130866	0.991385
-0.13986	-0.857977	0.494282
0.940043	0.340344	0.0220303
-0.157131	0.215807	0.96371
-0.322739	-0.0638226	0.944334
-0.69183	-0.563335	0.451692
-0.0818674	-0.0716798	0.994062
-0.2897	0.583375	0.75878
-0.630971	0.421459	0.651343
-0.281348	0.0743278	0.956723
-0.262678	0.256725	0.930104
0.248797	0.0666691	0.966259
-0.482951	-0.259989	0.836161
0.41466	-0.278284	0.866381
-0.186277	-0.183156	0.965274
-0.108416	-0.368554	0.923263
-0.11445	0.0565004	0.991821
0.202719	0.114484	0.972522
-0.177673	0.0704802	0.981562
0.5284	0.64975	0.54646
0.299399	-0.11527	0.947139
0.688274	-0.325865	0.648144
0.413991	-0.769306	0.4866
-0.316343	0.495531	0.808936
0.565009	-0.0530365	0.823378
0.108773	-0.482511	0.869109
-0.389819	-0.165633	0.905874
0.130609	0.35258	0.926622
0.249649	0.291131	0.923536
0.0611253	-0.0826828	0.9947
0.737974	0.615674	0.276297
0.242837	0.205818	0.947982
-0.0116987	-0.192758	0.981177
0.557968	-0.635855	0.533254
-0.0681738	0.241706	0.967952
-0.0790732	0.636835	0.766935
0.193291	-0.71937	0.667192
-0.582457	-0.114265	0.80479
0.11115	-0.320876	0.940577
0.701361	0.26372	0.662226
0.289109	-0.660826	0.692622
-0.401841	0.235387	0.884939
-0.0844697	0.100235	0.991372
-0.403272	0.580115	0.707699
-0.278195	0.138067	0.95055
-0.692906	-0.666543	0.274958
0.135905	-0.131175	0.981999
0.156189	0.397225	0.904332
-0.194399	-0.426942	0.883136
-0.573455	0.0348267	0.818497
-0.0444058	-0.0500031	0.997761
0.286082	-0.113263	0.951488
0.0547976	0.0993816	0.993539
-0.40545	0.228017	0.885222
0.348011	0.521546	0.779024
0.570988	0.619316	0.538906
-0.331364	0.251184	0.909453
0.121149	-0.210404	0.970079
-0.172917	-0.257388	0.950711
0.133152	-0.62347	0.770425
0.0762212	-0.130762	0.988479
-0.253575	0.121171	0.959697
0.00715133	-0.327969	0.944661
-0.366596	-0.800476	0.474179
0.0730746	0.298651	0.951561
0.499254	-0.0241521	0.866119
-0.3812	0.527049	0.759543
-0.477298	-0.155793	0.864821
-0.749641	0.27778	0.60073
0.14321	0.11181	0.983356
-0.514956	-0.345197	0.78464
0.0781927	0.620484	0.780311
-0.385887	-0.398479	0.832049
0.198211	-0.562893	0.802411
-0.339894	0.0571211	0.938727
-0.380524	0.0750456	0.921721
-0.257933	-0.416139	0.871951
-0.482921	-0.0264271	0.875265
-0.407624	-0.584098	0.701906
0.269752	0.442461	0.855256
0.297722	0.468312	0.831892
0.0419168	0.827318	0.560168
-0.301864	0.0634041	0.95124
0.6942	-0.308661	0.650242
0.0396432	-0.0320777	0.998699
-0.208777	-0.853437	0.477554
0.628666	0.225914	0.744138
0.316105	0.518769	0.794327
-0.430747	0.219415	0.875394
0.0895468	-0.0413753	0.995123
-0.0773284	-0.507746	0.858029
-0.276857	-0.158462	0.947755
-0.494011	0.232184	0.837881
0.224066	0.558942	0.79836
-0.369642	-0.0777371	0.925917
0.251402	-0.121535	0.960222
0.110338	-0.871989	0.476929
-0.0344975	0.135708	0.990148
-0.097123	-0.0909425	0.991109
0.30849	-0.238369	0.920877
0.0675352	-0.382486	0.92149
-0.118323	0.149453	0.981664
-0.0992258	-0.415102	0.904348
0.639885	0.0919866	0.762945
-0.405535	0.0546252	0.912446
0.0393675	0.263353	0.963896
0.125561	0.107538	0.98624
-0.376294	0.0579191	0.924688
-0.0772391	-0.230165	0.970082
-0.231699	0.0185718	0.97261
-0.328707	-0.509213	0.795395
0.0668944	0.232593	0.970271
0.0370781	0.173271	0.984176
0.684546	0.577178	0.445266
0.526035	-0.124738	0.841265
-0.235176	-0.284993	0.929231
-0.267598	-0.435127	0.859684
0.615593	-0.176761	0.767984
-0.118947	0.937215	0.327839
0.66344	-0.428433	0.613427
-0.181896	0.3744	0.909252
-0.140899	0.550453	0.82289
-0.102719	0.264745	0.958832
-0.173687	0.133311	0.975736
-0.0929369	0.0242899	0.995376
-0.416604	-0.106504	0.902828
-0.00336459	0.986413	0.164248
0.573552	0.335179	0.747458
0.491522	0.733246	0.469848
-0.565184	-0.161148	0.809072
0.232456	-0.443768	0.865468
0.0795231	0.611422	0.787299
0.238065	-0.3501	0.905955
0.163641	0.410064	0.897257
0.523882	0.0506247	0.850285
0.382336	-0.03855	0.923219
0.620943	-0.220708	0.752143
-0.164945	-0.308627	0.936773
0.241341	-0.134583	0.961063
0.424016	0.108964	0.899076
-0.0619311	0.025195	0.997762
0.527302	0.0243559	0.849329
0.223618	0.167123	0.960242
0.263907	-0.206684	0.942144
-0.104522	-0.150281	0.983103
0.0982132	-0.259966	0.96061
0.440963	0.433339	0.785983
-0.3068	-0.242645	0.920325
0.0562746	0.805015	0.59058
0.769959	0.360154	0.526737
0.201892	-0.521144	0.829246
-0.0176295	0.301877	0.953184
0.254936	-0.302671	0.918367
-0.056731	0.278822	0.958666
0.128166	-0.257603	0.957713
-0.251654	0.492736	0.832995
0.379018	0.56104	0.735921
0.529555	-0.0276568	0.847824
0.305344	-0.073439	0.949406
-0.113999	-0.607383	0.786187
-0.109839	-0.675511	0.729123
0.241397	0.215092	0.946289
0.162195	-0.191011	0.968095
-0.295885	-0.272448	0.915546
0.367496	0.122249	0.921956
-0.220591	-0.211795	0.952094
-0.651067	-0.555848	0.51686
-0.583355	0.638985	0.501393
0.287235	-0.569344	0.770288
0.269552	-0.295216	0.916618
0.492045	-0.292078	0.820111
0.0306226	-0.566747	0.823322
0.766083	-0.170662	0.61967
-0.149342	0.488904	0.859459
0.121379	0.00492344	0.992594
-0.107685	-0.184156	0.97698
-0.333668	-0.188541	0.923644
0.0868308	0.0865191	0.992459
0.180125	0.188994	0.965317
-0.262745	0.479139	0.837491
0.541817	0.229522	0.80855
0.409752	0.0196805	0.911985
-0.220745	0.386017	0.895691
0.222388	-0.0231737	0.974683
-0.315033	-0.528673	0.7882
0.355384	-0.375816	0.855841
0.345258	0.70687	0.617359
0.238909	0.0675408	0.96869
0.591679	-0.473403	0.652539
0.372939	0.311617	0.873963
0.969387	-0.216409	0.116
-0.634123	-0.205437	0.745442
0.0115669	-0.330754	0.943646
0.0931902	0.187724	0.977791
0.435586	0.395718	0.8085
0.38498	-0.439275	0.811682
0.0746295	0.297547	0.951786
0.0877333	-0.102787	0.990827
-0.0877144	0.0786288	0.993038
-0.454051	0.096814	0.8857
-0.739913	-0.136519	0.658704
0.0317136	0.212757	0.97659
-0.234138	0.230553	0.944471
0.262134	0.495759	0.827954
-0.504565	0.00347536	0.863367
0.337539	-0.664833	0.666382
-0.596253	-0.521064	0.610716
-0.756286	0.0197548	0.653942
0.16985	-0.0586463	0.983723
-0.117339	-0.208384	0.970983
0.866307	-0.0497628	0.497027
0.670569	2.41527e-05	0.741847
-0.433032	0.0896328	0.896911
-0.394522	0.0759166	0.915745
0.00276337	-0.24551	0.96939
-0.141905	-0.221723	0.964729
-0.162123	-0.0950237	0.982185
-0.039201	-0.026483	0.99888
0.229646	0.107063	0.967368
0.0728854	-0.433852	0.898031
-0.149351	-0.106677	0.983013
0.765779	0.147266	0.626015
-0.145565	0.00182179	0.989347
0.00833277	-0.792065	0.610381
-0.0993064	0.48637	0.868091
0.476176	0.0797773	0.875723
0.321408	0.339769	0.883885
-0.0212419	0.0387192	0.999024
-0.378292	-0.0134621	0.925589
0.424429	0.178608	0.887671
-0.452973	0.176739	0.87383
-0.335128	-0.000145323	0.942172
0.533277	-0.630609	0.563869
-0.0630862	-0.0978219	0.993202
-0.43672	-0.435646	0.787076
0.0189309	0.329417	0.943995
0.299015	0.124741	0.94606
0.854561	0.184899	0.485323
0.235015	-0.0182124	0.971821
-0.324688	-0.653098	0.684135
-0.740658	0.0304879	0.671191
0.419742	-0.0482372	0.906361
0.324058	-0.129734	0.937099
-0.386328	0.359063	0.849602
0.103171	-0.780064	0.617135
0.208195	0.14491	0.967293
0.230603	-0.45941	0.857768
-0.319148	0.779062	0.539636
0.0953886	0.0039294	0.995432
0.172957	0.593672	0.785901
0.220473	0.352419	0.909501
0.213743	-0.468288	0.857333
0.549613	0.172878	0.817336
-0.693028	0.0806174	0.716389
0.28623	-0.365445	0.885733
0.77897	0.0591727	0.624264
0.165759	0.961153	0.220699
-0.112272	-0.579914	0.806905
-0.0337503	0.38531	0.92217
0.523166	0.562656	0.64009
-0.236765	0.530779	0.813767
0.300451	-0.126194	0.945412
0.208389	0.360967	0.908998
0.246646	0.387227	0.888381
0.584603	0.530656	0.613713
0.554417	0.00843013	0.832196
0.130417	0.268771	0.954334
0.344594	0.476378	0.808899
-0.730621	-0.0871547	0.677198
0.0154828	-0.629626	0.776744
0.00307749	-0.0312692	0.999506
0.11559	0.534589	0.83717
0.21074	-0.00545023	0.977527
0.788674	0.39021	0.475109
-0.577658	-0.326294	0.748227
-0.658478	-0.131547	0.741014
-0.0781856	-0.0932176	0.992571
0.463597	0.363589	0.80801
0.164391	0.110796	0.980153
0.0921428	-0.447725	0.889411
-0.15744	0.155386	0.975227
-0.0729893	-0.0922608	0.993056
0.304105	0.360278	0.881884
-0.00313868	-0.672193	0.740369
0.348006	0.155338	0.924533
0.138117	-0.538772	0.831053
-0.425144	0.601959	0.675942
-0.642096	-0.233611	0.730164
0.57752	-0.577816	0.576714
-0.38564	0.0972117	0.917514
-0.563492	0.118831	0.81753
0.121858	0.243433	0.962232
0.2922	0.214157	0.932071
0.191833	0.168583	0.96684
0.344363	-0.287223	0.893822
0.0805963	0.00763052	0.996718
0.0342392	-0.0647658	0.997313
0.229342	0.13229	0.964314
0.215835	-0.346845	0.912751
-0.0437069	-0.730481	0.681533
0.0467058	0.0553171	0.997376
0.10089	0.145255	0.984237
-0.00128685	0.0989334	0.995093
0.0688457	-0.223952	0.972166
0.763812	-0.119594	0.634262
0.0470288	-0.0449209	0.997883
0.245528	-0.437324	0.865138
-0.6062	-0.503354	0.615757
0.0195985	0.154479	0.987802
0.426557	-0.0465419	0.903262
0.226941	-0.218245	0.94914
0.218983	0.27165	0.937151
-0.0284056	0.273833	0.961358
0.778844	0.134391	0.61265
-0.715725	0.0895713	0.692615
0.486707	-0.561518	0.669189
-0.448798	-0.471361	0.759209
0.73876	-0.190407	0.646513
-0.0577636	0.334696	0.940554
0.100303	-0.162734	0.981558
0.414409	-0.245747	0.876284
0.258276	0.645815	0.718482
-0.444092	-0.288666	0.848207
0.279868	-0.0581816	0.958274
0.350266	0.0941687	0.931905
0.739173	-0.0877482	0.667775
0.176509	-0.09749	0.979459
0.11732	-0.0834373	0.989583
0.0400725	0.456857	0.888637
0.816326	0.20487	0.540038
0.619096	0.238583	0.748197
-0.500325	0.038458	0.864983
-0.0758177	-0.0853712	0.99346
0.254452	0.269316	0.928829
0.308671	0.340087	0.888292
0.833111	-0.147001	0.533214
-0.187224	-0.729755	0.657575
0.0244616	0.202192	0.97904
0.188797	-0.239793	0.952289
0.0715511	0.000521276	0.997437
0.632563	0.228657	0.739986
0.0568314	0.819959	0.569594
-0.0942643	0.198465	0.975564
0.277359	0.0229462	0.960492
0.0974778	-0.290112	0.952015
0.288809	-0.36533	0.884943
0.660838	-0.136109	0.738084
0.493943	0.762489	0.417889
-0.0501504	-0.35163	0.934795
0.0126292	0.0872585	0.996106
0.197718	0.247624	0.948467
-0.0653822	0.0256242	0.997531
-0.232178	-0.0239334	0.972379
0.425598	0.448091	0.786181
0.00775477	0.214665	0.976657
-0.477725	-0.0875158	0.874139
0.0296552	-0.263782	0.964126
0.977093	-0.192591	0.0905388
-0.297329	-0.19596	0.934449
0.139611	0.28193	0.949223
-0.34376	-0.0347106	0.938416
0.687301	0.0867806	0.72117
0.217861	0.228269	0.94891
0.239481	0.0479754	0.969715
0.549799	-0.0606953	0.833089
-0.218145	0.230833	0.948224
0.466147	0.113259	0.877428
-0.0664693	0.516474	0.853719
0.117913	-0.178522	0.976845
-0.661461	-0.0655691	0.747108
0.536831	-0.0499904	0.842207
-0.0058409	-0.152532	0.988281
0.521057	0.0209686	0.853264
0.684755	-0.165769	0.70967
0.509958	0.379441	0.771989
0.729975	-0.362513	0.579414
0.421904	0.672976	0.607536
0.507447	0.395854	0.765374
0.709251	-0.0520523	0.703032
0.585766	-0.267594	0.765031
0.251849	-0.214094	0.943788
0.228423	0.240302	0.943439
-0.129128	-0.270502	0.95402
0.709392	0.25068	0.658728
-0.294453	-0.190928	0.936399
0.576061	-0.643114	0.504538
0.932738	-0.124638	0.338326
0.0331965	0.167022	0.985394
0.129692	-0.0339275	0.990974
-0.148269	-0.386723	0.910199
-0.734191	0.015353	0.678769
-0.197708	-0.564144	0.801657
-0.364028	-0.353674	0.861625
0.747847	-0.122913	0.652394
-0.080163	0.130885	0.988151
0.217212	0.271882	0.937496
0.199316	0.391169	0.898476
0.327046	-0.0239024	0.944706
0.236502	0.0523713	0.970219
0.228088	-0.1055	0.967908
0.0696609	-0.420436	0.904644
0.10291	0.428681	0.897576
0.296125	0.127248	0.946635
0.247832	0.483241	0.839677
-0.165607	0.0548965	0.984663
0.128816	-0.594922	0.793394
0.354223	-0.116223	0.927911
0.183569	-0.576275	0.796373
-0.347999	0.244972	0.904923
0.411278	-0.278901	0.867793
-0.244436	0.241142	0.939203
0.231923	-0.282592	0.930781
0.601843	0.139028	0.78642
-0.136967	-0.331087	0.933607
-0.622606	-0.470783	0.625081
-0.166323	0.370853	0.913676
-0.0849703	0.414931	0.905876
-0.0582507	0.0389887	0.99754
0.0761386	0.186747	0.979453
0.526293	0.395159	0.752904
-0.192623	-0.216189	0.957162
0.740623	0.212396	0.637468
-0.326004	0.438693	0.837419
-0.303011	0.706886	0.639138
-0.507226	0.237493	0.828444
0.239701	0.690513	0.682448
0.861271	0.210911	0.462309
0.0461124	-0.620137	0.783137
-0.40136	0.0131799	0.915826
0.03225	0.191282	0.981005
-0.426918	-0.173199	0.887549
-0.194423	-0.200334	0.960243
0.15773	0.477736	0.864228
0.100323	-0.564934	0.819014
0.161146	-0.0168947	0.986786
-0.0259946	0.187192	0.981979
0.393438	0.744687	0.539118
0.270354	0.53362	0.801347
0.336384	0.40758	0.848955
0.526393	-0.281944	0.802134
0.111603	-0.0499401	0.992497
-0.0448523	0.382729	0.922771
-0.600941	0.235322	0.763867
0.0692105	-0.308745	0.948623
-0.317459	-0.291211	0.90245
-0.606304	-0.105714	0.788175
0.109967	0.101417	0.988748
0.154142	0.00633105	0.988028
0.782552	-0.46932	0.409085
-0.464989	0.43274	0.772348
0.100746	-0.18683	0.977213
-0.282673	-0.182097	0.941773
-0.250517	0.180688	0.951101
-0.229387	-0.216067	0.94905
-0.0252161	-0.115744	0.992959
0.367923	-0.0189142	0.929664
-0.373171	-0.545864	0.750184
-0.508705	-0.603036	0.614464
-0.372121	-0.632287	0.679514
-0.885636	-0.365739	0.286155
0.0320799	-0.334395	0.941887
-0.0281215	-0.029302	0.999175
-0.220445	0.0234555	0.975117
0.308063	-0.472348	0.825823
0.277698	-0.25913	0.92506
-0.0804185	-0.420322	0.903804
-0.464318	-0.365449	0.806756
0.0453546	-0.256819	0.965395
0.261378	0.263414	0.928598
0.366184	-0.643917	0.671774
0.198717	-0.475592	0.856927
0.0983854	0.280192	0.954889
-0.242883	0.196708	0.949902
-0.491213	-0.466135	0.735817
-0.303587	-0.121055	0.945082
-0.252361	0.499826	0.828546
0.1299	-0.256242	0.957844
0.115281	0.106716	0.987584
0.166818	0.480891	0.860764
-0.0179406	0.0444943	0.998849
0.282372	-0.19098	0.940102
0.404946	-0.201942	0.891761
0.0343861	-0.190308	0.981122
0.0861994	-0.110781	0.9901
-0.24612	0.372792	0.894679
-0.391821	-0.349551	0.851052
-0.169399	-0.202759	0.964465
-0.564907	-0.0746159	0.821774
-0.744231	-0.120811	0.656905
-0.0430878	-0.604256	0.795624
0.705092	-0.0885037	0.703572
-0.136966	0.172395	0.975459
0.436467	-0.567021	0.698559
0.0997386	0.0280896	0.994617
0.240204	0.317347	0.917384
0.139144	-0.630679	0.763468
0.174783	-0.569225	0.803389
0.497959	0.601993	0.624212
0.554687	0.000245432	0.832059
0.549103	0.0288429	0.835257
-0.476668	-0.433016	0.765039
0.179352	0.82479	0.536241
0.0710819	0.209244	0.975277
0.404523	-0.303119	0.862833
0.162972	-0.0493258	0.985397
0.436041	-0.443583	0.783009
-0.286222	-0.465109	0.837706
0.109278	-0.386603	0.915749
-0.143967	0.0887148	0.985598
-0.0347897	-0.392156	0.91924
0.483538	0.515506	0.707421
0.113104	0.242264	0.963595
0.343538	0.604207	0.718969
0.395804	-0.569803	0.720183
0.141264	-0.527688	0.83761
0.154571	0.27935	0.947666
-0.349456	-0.713355	0.607458
-0.606822	0.493791	0.622847
-0.419423	0.15171	0.895024
-0.681488	-0.131485	0.719921
-0.149186	-0.494692	0.856168
-0.21571	-0.27926	0.935672
0.324673	0.0934054	0.941203
0.23883	0.156927	0.958297
-0.0438691	-0.267416	0.962582
0.274071	0.48381	0.831151
-0.0789079	0.165117	0.983112
0.341341	0.261588	0.902806
0.23102	0.152261	0.960961
0.215721	-0.0419217	0.975555
-0.360915	0.464048	0.808949
-0.43897	0.232946	0.86778
-0.353418	0.562168	0.747705
0.0939466	-0.272638	0.957519
0.265488	0.257816	0.929003
0.322145	-0.0409857	0.945803
-0.0159909	-0.560728	0.827846
-0.0625905	0.695081	0.716202
-0.0789015	-0.289728	0.953851
-0.180053	0.64372	0.743778
0.640792	0.0619613	0.76521
0.474018	0.398687	0.785083
0.341045	-0.189809	0.920685
-0.0972723	0.153008	0.983426
0.109337	-0.485446	0.867403
-0.173956	-0.245468	0.953669
0.569149	0.0807883	0.818256
0.661576	-0.231022	0.713404
-0.25624	0.773769	0.579329
0.823403	-0.156865	0.545345
-0.476243	-0.747041	0.463813
-0.166441	-0.25919	0.951377
-0.397586	-0.324102	0.858419
0.113791	0.293111	0.949283
0.0128131	-0.259781	0.965582
-0.370335	-0.238621	0.897726
0.204668	-0.0015633	0.97883
-0.0618254	-0.56555	0.822393
0.512759	-0.741182	0.433275
0.51693	-0.108912	0.849071
0.492396	-0.41544	0.764824
0.603653	-0.154791	0.782076
0.705103	-0.154293	0.692115
0.439039	0.361318	0.822614
-0.644131	0.0466896	0.763489
0.218792	-0.489778	0.843948
-0.362728	0.128502	0.922993
-0.269588	0.249875	0.929992
0.170313	-0.0119883	0.985317
-0.0212206	-0.43065	0.902269
0.496641	-0.419647	0.759766
0.545088	-0.402164	0.735624
0.0833217	-0.606879	0.790414
-0.287508	-0.387915	0.875706
-0.125712	0.267596	0.955295
0.776697	-0.444135	0.446638
-0.374677	-0.0990451	0.92185
0.198176	-0.141193	0.969944
0.363634	0.553496	0.749275
-0.568649	-0.463955	0.679253
0.493431	0.075301	0.866519
0.215805	0.467944	0.857004
-0.325464	-0.256593	0.910073
0.2855	0.630065	0.722155
0.136295	-0.277591	0.950982
0.450382	0.522841	0.723736
-0.443833	0.441927	0.77956
-0.557471	0.283952	0.780127
0.138515	0.00741109	0.990333
0.516465	0.202617	0.831992
0.109613	0.116272	0.98715
0.0139698	0.306676	0.951711
-0.0278442	0.057778	0.997941
0.184673	0.00580695	0.982783
-0.222895	0.164607	0.960845
-0.709795	-0.0309565	0.703727
-0.0370589	-0.348276	0.936659
0.145823	-0.0562685	0.987709
0.152334	-0.0168645	0.988185
0.191145	0.481274	0.855476
-0.5378	0.144681	0.830565
-0.531312	-0.0989368	0.84138
0.566144	-0.294331	0.769967
0.920822	0.266743	0.284491
0.183256	-0.219539	0.958238
0.389542	0.633754	0.668291
-0.0806909	0.610169	0.788152
0.427915	0.613876	0.663359
-0.162503	0.004016	0.9867
0.396761	-0.156825	0.904426
0.796224	0.378694	0.471825
0.0322697	-0.180571	0.983032
-0.0896156	0.352242	0.931609
-0.205148	0.0697881	0.97624
0.558241	-0.268348	0.785084
-0.355604	0.366586	0.859744
0.0271046	-0.28522	0.958079
-0.321715	-0.848964	0.419237
0.106716	0.062689	0.992311
0.257424	0.122887	0.958453
0.299972	0.362255	0.88249
0.591661	-0.712651	0.376916
0.521012	-0.553774	0.649524
0.599016	-0.267889	0.754596
0.848248	-0.229305	0.477383
0.753239	0.228521	0.616773
-0.41764	-0.702257	0.576551
0.741335	-0.489089	0.459581
0.0504346	0.0887029	0.99478
0.172338	-0.0591011	0.983263
0.184182	-0.159792	0.969816
-0.178784	-0.462809	0.868242
-0.113729	0.204883	0.972157
-0.212189	-0.0953282	0.972568
0.331739	-0.374726	0.865754
-0.132645	0.286424	0.948876
0.269733	0.195517	0.942877
0.579933	0.441532	0.684637
-0.236136	0.0267679	0.971351
-0.0281579	0.305081	0.95191
-0.41906	0.134888	0.897883
-0.107874	0.511974	0.8522
0.52574	-0.132225	0.840306
0.161978	0.0410771	0.985939
0.692312	-0.153678	0.705045
0.0414487	0.486696	0.872587
-0.101431	-0.249196	0.963127
0.11805	-0.0189121	0.992828
0.495399	0.208808	0.843196
0.812633	-0.256651	0.523219
0.458903	-0.19423	0.866996
0.209128	-0.591838	0.778455
-0.36268	0.243814	0.899454
0.579019	0.181549	0.794844
0.561566	-0.683644	0.466127
-0.291592	0.279234	0.914878
0.880993	-0.472657	0.0211416
0.417782	-0.599956	0.682284
-0.105688	0.473788	0.874274
-0.0845283	-0.10811	0.990539
0.480736	0.144854	0.864818
0.106616	0.270271	0.956863
-0.358111	-0.344218	0.867911
-0.884196	-0.0917313	0.45802
-0.0290922	-0.0253783	0.999255
-0.0835509	-0.705155	0.704113
0.380435	-0.147003	0.913049
-0.247135	-0.50899	0.824532
-0.095264	-0.126992	0.987318
-0.505009	0.632051	0.587773
-0.36051	-0.337706	0.869475
0.412149	0.137335	0.900707
0.197731	-0.751465	0.629446
0.637938	-0.5593	0.529357
-0.725415	-0.683936	0.0774888
0.369506	-0.0259457	0.928866
0.0382199	-0.190998	0.980846
-0.308201	0.386942	0.869073
-0.389137	-0.314661	0.865772
0.0161096	-0.387274	0.921824
0.45041	-0.483239	0.750741
0.183701	-0.432929	0.882512
0.258617	0.908742	0.327575
0.0687959	-0.20378	0.976597
0.0667912	-0.414356	0.907661
0.383857	-0.330728	0.862133
0.334487	0.234664	0.912716
0.324045	-0.504635	0.800212
0.439093	-0.0850851	0.894404
0.402774	0.292036	0.867461
0.0677663	0.220855	0.972949
-0.209611	0.023308	0.977507
0.333852	0.569541	0.75111
0.142588	0.000435049	0.989782
-0.0517728	-0.647171	0.760585
0.546801	0.130715	0.826996
0.426138	-0.413801	0.804472
0.0893043	0.0153929	0.995885
0.407805	-0.469044	0.783385
0.0982524	-0.677859	0.728597
-0.162217	-0.265666	0.95032
-0.0384534	0.521733	0.852242
0.510552	0.323441	0.796694
0.771161	-0.229879	0.593688
0.214346	-0.165519	0.962631
2.19297e-05	-0.457472	0.889224
0.0885611	-0.197441	0.976306
0.226542	-0.427041	0.875394
-0.359413	-0.554817	0.750333
0.296328	-0.381892	0.875413
0.43475	0.143106	0.889108
0.634395	-0.480428	0.605585
0.21316	-0.929043	0.302392
-0.241845	-0.512043	0.82421
0.570563	-0.0856382	0.816777
0.240293	-0.760969	0.602648
0.0574404	-0.200417	0.978025
0.124747	-0.0100871	0.992137
0.293868	-0.329334	0.897319
-0.514155	-0.192734	0.835762
0.139083	-0.435743	0.88926
-0.0575508	0.351206	0.934528
-0.306958	-0.479447	0.822136
0.605213	0.467263	0.644502
0.480522	0.14945	0.864155
0.165549	0.0505306	0.984906
0.127174	0.420086	0.898529
-0.445524	0.0920972	0.89052
-0.195288	0.0526592	0.979331
-0.528303	-0.502517	0.684378
0.0789059	0.233385	0.969178
0.424697	0.506674	0.750276
-0.0628376	0.240935	0.968505
0.288403	-0.237167	0.927672
0.408485	-0.233522	0.882387
0.23682	0.78858	0.567501
-0.259616	-0.374195	0.890269
-0.108679	0.125534	0.986119
-0.573644	-0.549577	0.60737
-0.956004	-0.0498854	0.289082
0.0440086	-0.337781	0.940195
0.601444	-0.306269	0.737879
-0.0168032	0.74092	0.671383
0.0388948	-0.115086	0.992594
0.323623	0.736686	0.59377
0.385955	-0.0807031	0.918981
-0.27825	-0.17232	0.944925
-0.286712	0.870178	0.400731
-0.27855	0.171416	0.945001
0.467321	0.52821	0.708946
0.293286	-0.415333	0.861093
0.0737167	-0.213274	0.974207
-0.0364723	-0.146132	0.988593
0.109902	0.0114194	0.993877
-0.11948	0.380552	0.917008
-0.149339	0.173163	0.973505
0.307795	-0.32294	0.89497
-0.519999	0.285995	0.804865
0.558408	-0.145577	0.816693
0.382038	-0.485054	0.786619
-0.705846	0.0277067	0.707823
0.14201	0.0104631	0.98981
-0.183857	-0.136268	0.973462
-0.433223	-0.303909	0.848503
-0.317337	-0.860319	0.398934
0.273125	-0.0139556	0.961877
-0.115227	-0.558108	0.821729
-0.550299	-0.24546	0.798073
-0.0126736	0.0652945	0.997786
-0.185932	-0.215214	0.958703
-0.790686	-0.180811	0.584912
-0.0385966	0.473109	0.880158
0.475141	-0.094397	0.874832
0.366914	-0.0834383	0.926505
0.115404	-0.636975	0.762197
-0.0466447	-0.0917782	0.994686
-0.140673	0.186141	0.9724
-0.566686	-0.375476	0.733406
0.177398	-0.0626887	0.982141
-0.358313	0.678794	0.640976
0.149747	-0.392504	0.907478
0.338788	0.423248	0.840288
0.29885	-0.178772	0.937405
-0.537636	0.120411	0.834535
-0.797667	-0.15614	0.582536
-0.477013	0.445665	0.757523
-0.495442	0.60204	0.626167
0.0112986	0.173463	0.984776
-0.0326335	-0.289703	0.95656
-0.122334	-0.333753	0.934689
0.0145471	0.451773	0.892014
-0.318962	0.0255696	0.947422
-0.0533922	0.606983	0.792919
-0.0557651	0.331543	0.941791
-0.187749	0.0951484	0.977598
-0.0109637	0.416502	0.909069
-0.120058	-0.529505	0.839768
-0.213858	0.151921	0.964979
0.801318	-0.483724	0.351994
0.348218	0.315665	0.882666
-0.105108	-0.0366393	0.993786
-0.192324	0.0460347	0.980251
0.0678416	0.683767	0.72654
0.0921334	0.189825	0.977486
-0.511853	0.144261	0.846874
0.509237	0.252008	0.822903
0.300978	-0.132901	0.944325
0.226024	0.409296	0.883962
0.120371	-0.144783	0.982114
-0.546474	0.602515	0.581672
-0.441405	0.142036	0.885995
-0.592298	-0.663698	0.456824
-0.325674	0.804603	0.496539
0.508217	0.150568	0.847965
0.618301	-0.0198861	0.78569
0.176759	-0.233676	0.956113
0.705006	0.407271	0.580601
-0.0984362	0.20517	0.973764
0.16509	0.231517	0.958721
-0.383069	0.52503	0.760001
0.0645721	-0.675324	0.734689
0.313933	0.635505	0.705393
0.635671	0.702743	0.319492
0.0744874	0.475358	0.876633
0.212212	-0.605788	0.766803
0.730678	0.399833	0.553393
-0.723969	0.19497	0.661706
0.0229672	-0.313594	0.949279
0.0724147	0.156038	0.985093
-0.478567	-0.119924	0.869823
0.312154	0.0476483	0.948836
0.558756	-0.176953	0.810234
0.309951	0.0539673	0.94922
-0.138085	0.687608	0.712831
-0.256387	0.000160066	0.966574
-0.336678	-0.0113847	0.941551
-0.637308	-0.0789437	0.766555
-0.162184	-0.208614	0.964457
-0.126442	0.517289	0.846419
-0.10897	0.453126	0.884761
0.588944	-0.0893611	0.803218
0.222029	0.00732262	0.975013
0.589151	0.322621	0.740821
0.191811	-0.0650616	0.979273
-0.309331	-0.16129	0.937176
0.706679	-0.391655	0.589246
0.190021	0.047212	0.980644
-0.410585	0.481855	0.774103
0.113271	-0.512312	0.851297
0.663071	0.0310788	0.747911
-0.704894	0.043896	0.707953
0.0454062	0.340792	0.939042
0.499135	0.297708	0.813778
0.162168	0.494822	0.853729
-0.260079	-0.174629	0.949665
-0.154975	-0.336891	0.928702
-0.026696	0.646666	0.762306
-0.110165	-0.537415	0.836091
0.0253115	0.496129	0.86788
-0.439158	0.540873	0.717354
-0.629888	-0.285686	0.722236
0.224502	0.511365	0.829521
0.0323505	-0.405883	0.913352
-0.375903	0.751803	0.541746
-0.263649	-0.0756642	0.961647
-0.412051	0.148537	0.898972
-0.351527	0.245468	0.903424
-0.198486	-0.105723	0.974385
-0.179705	0.378584	0.907954
0.213792	0.277656	0.936589
-0.17033	0.216864	0.961227
-0.605153	-0.412013	0.681201
0.31307	-0.21641	0.924745
-0.242793	-0.191858	0.950916
0.401121	0.309071	0.862309
0.524338	0.254747	0.812511
0.249646	0.375229	0.892681
0.567414	0.343774	0.748238
-0.0361424	-0.391776	0.91935
-0.197886	0.15046	0.968609
0.137993	0.0957083	0.985798
0.046363	0.311208	0.94921
-0.217064	-0.116882	0.969135
-0.31134	0.419493	0.852698
-0.334851	-0.282552	0.89891
0.0946286	0.184407	0.978284
0.323621	0.541473	0.775936
-0.0836719	-0.107858	0.990639
0.37072	0.147305	0.916989
0.668861	0.673047	0.315647
0.0963145	0.000783704	0.995351
0.50329	0.188188	0.843377
-0.00935252	-0.333536	0.942691
0.241728	-0.0272204	0.969962
-0.506044	-0.521269	0.687167
-0.215131	-0.572847	0.790927
0.338605	0.141311	0.930257
-0.402146	0.28817	0.869043
0.333781	0.16926	0.92733
0.859541	0.0655405	0.506846
0.0479581	-0.0779022	0.995807
0.786381	-0.128967	0.60413
0.439465	0.0589031	0.896326
-0.0224968	-0.482611	0.875546
-0.105921	0.454859	0.884242
-0.758707	0.176967	0.626934
-0.320757	-0.551359	0.770142
0.712842	0.237752	0.659796
0.0644422	-0.612029	0.788205
0.144411	0.519795	0.841997
-0.482738	-0.433524	0.760935
0.52834	-0.1537	0.835005
0.098696	0.446671	0.889238
-0.325135	-0.504992	0.799544
-0.0249472	-0.0966115	0.995009
0.270652	0.19001	0.943739
0.252625	0.448355	0.857414
-0.406223	0.0796521	0.910296
0.366124	-0.0784349	0.927255
0.244774	-0.466859	0.849781
-0.643284	-0.148541	0.75108
0.149799	0.077843	0.985647
-0.162379	-0.118886	0.97954
-0.380662	0.0599386	0.92277
-0.189716	0.476744	0.858326
-0.570425	0.484188	0.663459
-0.500474	0.300144	0.812059
-0.331804	-0.787536	0.51932
-0.561719	-0.36878	0.74059
0.0915711	-0.424517	0.900778
-0.415179	-0.094138	0.904856
0.208656	0.156929	0.965317
-0.200374	-0.430637	0.880001
-0.429097	-0.159986	0.888977
0.242638	-0.0887485	0.966049
-0.418777	0.390763	0.819714
0.0422266	0.310517	0.949629
0.236018	0.371043	0.898122
0.233003	0.345233	0.909134
-0.310649	0.0230389	0.950245
-0.123275	-0.120111	0.985077
0.303625	-0.533614	0.789347
0.481647	0.450729	0.751572
-0.0639656	0.304643	0.950316
0.180292	0.936551	-0.300612
0.439842	-0.731075	0.521602
-0.47551	-0.536346	0.697297
-0.3067	0.340836	0.888688
0.00526207	-0.389377	0.921064
0.418257	-0.135826	0.898116
0.152355	0.289582	0.94495
-0.348554	0.23602	0.907086
-0.30472	0.00109269	0.952441
-0.215502	0.388466	0.895909
0.0325725	0.197118	0.979839
-0.360901	-0.892481	0.270608
-0.130633	0.159017	0.978595
-0.151212	0.213248	0.965226
-0.262117	0.388011	0.883596
-0.610391	-0.196853	0.76725
0.339515	-0.230691	0.911873
-0.409316	-0.133911	0.902512
0.33572	0.495401	0.801168
0.206526	0.0404961	0.977603
-0.238925	-0.43421	0.868549
-0.0278551	0.281196	0.959246
0.0779289	-0.129899	0.98846
-0.679569	-0.103597	0.72626
-0.260161	-0.0473597	0.964403
0.808921	0.56921	0.14713
0.704682	-0.354532	0.614598
-0.109086	-0.346517	0.931679
-0.545887	-0.00959748	0.837804
0.0238852	0.202026	0.979089
-0.312505	-0.330333	0.890629
-0.111428	0.305193	0.945749
0.312947	-0.598784	0.737239
0.638169	0.370531	0.674868
0.129659	-0.172118	0.976506
-0.0880024	0.107465	0.990306
-0.0507782	0.928376	0.368156
-0.476123	0.202409	0.855767
0.142715	-0.502638	0.852636
-0.150836	-0.663423	0.732883
0.501429	0.416038	0.758605
0.189271	0.482449	0.85523
-0.218698	-0.545298	0.809211
-0.811335	0.0417698	0.583088
0.384928	0.0222145	0.922679
0.492663	-0.243991	0.835315
-0.47328	-0.351797	0.807617
-0.341221	0.0929299	0.935378
-0.362474	0.592499	0.719415
-0.474996	-0.483716	0.735117
-0.527183	0.410141	0.74422
0.180302	0.0616308	0.981679
0.045876	-0.823826	0.564983
-0.0470306	-0.494241	0.868052
-0.422698	0.74354	0.518144
-0.166819	0.149186	0.974636
0.265996	-0.14174	0.953497
-0.18778	-0.620135	0.76169
0.547802	0.0243028	0.836255
-0.345745	0.0588339	0.936482
-0.267762	-0.66772	0.694589
-0.0643328	0.138499	0.988271
-0.742059	-0.0737468	0.666266
0.0239017	-0.588294	0.808294
-0.180193	-0.0935786	0.97917
-0.694074	-0.0935668	0.713797
-0.532341	-0.632991	0.562082
0.0743175	0.157026	0.984794
0.282104	-0.00895439	0.959342
-0.650434	-0.352972	0.672568
-0.428932	0.0759636	0.900137
0.0196659	-0.351195	0.936096
-0.269194	-0.27153	0.924016
-0.702864	-0.64508	0.299757
0.0146931	-0.505618	0.862633
-0.333813	-0.354297	0.873523
-0.412596	0.27369	0.868826
0.108094	0.477211	0.872115
0.337357	-0.298785	0.892703
-0.681723	0.363317	0.635024
0.530212	-0.0613231	0.845645
-0.348619	0.0159163	0.937129
-0.632149	-0.0898093	0.769624
-0.373586	-0.763655	0.526558
-0.66874	0.63577	0.385465
0.282638	0.842569	0.458467
0.195601	0.732821	0.6517
0.0919957	0.378788	0.9209
-0.0637287	0.0985469	0.99309
0.232043	0.208011	0.950204
-0.188639	0.431135	0.882348
0.436693	0.318106	0.841491
0.1758	-0.470181	0.864884
0.385486	-0.377885	0.841786
0.0626795	-0.27754	0.958667
-0.107002	0.380981	0.91837
-0.404324	-0.272764	0.872996
-0.56384	-0.0300438	0.825338
0.0924184	0.846756	0.523893
-0.027159	0.274891	0.961092
0.5324	-0.523353	0.665321
0.86078	0.235697	0.451116
-0.455698	0.1475	0.877829
-0.654248	0.51286	0.555818
-0.0799615	-0.352466	0.932402
0.735096	-0.17637	0.65462
0.563568	-0.370174	0.738486
-0.0285843	-0.287139	0.957462
0.233269	0.0535407	0.970937
-0.53702	0.502311	0.677712
0.472989	-0.026725	0.880663
-0.59603	-0.227443	0.770077
-0.428928	-0.476935	0.767172
-0.257331	0.314891	0.913578
0.690919	-0.217765	0.689355
0.567154	-0.0845454	0.819261
0.170779	0.0128168	0.985226
-0.116957	0.135211	0.98389
-0.378525	0.50392	0.776391
-0.00741521	-0.176633	0.984249
-0.341371	0.0865167	0.935939
-0.163439	0.379856	0.910493
-0.037852	0.114218	0.992734
0.380037	-0.243025	0.892475
-0.0475955	-0.774344	0.630972
-0.171546	0.10571	0.979488
-0.279091	-0.0965529	0.955398
-0.548602	-0.504474	0.66674
-0.148206	-0.826513	0.543057
0.358499	0.387711	0.849211
0.706684	0.17567	0.685374
0.0853633	-0.268871	0.959386
-0.124881	0.356005	0.926102
-0.114548	0.265647	0.957241
-0.00129083	0.417309	0.908764
-0.295248	-0.37165	0.880173
0.16632	0.133836	0.976947
-0.590703	-0.0510315	0.805274
0.434006	-0.200568	0.8783
-0.245527	0.674545	0.696208
0.0674871	0.824003	0.562552
-0.204991	-0.0402644	0.977935
0.0358201	0.747299	0.663522
0.167464	0.371666	0.913137
0.176351	0.221896	0.95899
0.170166	0.0529002	0.983995
-0.220702	0.828541	0.514598
-0.809773	0.143586	0.568903
0.755236	-0.154378	0.637013
0.299189	-0.608559	0.734943
-0.514735	0.300913	0.802807
0.41695	0.140218	0.898049
-0.306191	0.476854	0.823928
-0.142577	-0.250751	0.957495
-0.507477	0.173446	0.844028
-0.107937	0.188999	0.976027
0.361008	0.221818	0.905798
-0.429241	0.129447	0.893865
0.310683	0.021928	0.950261
0.148764	0.526345	0.837156
0.203528	-0.036989	0.97837
-0.402977	-0.228013	0.886352
-0.199315	-0.0545271	0.978417
0.785719	0.329519	0.52351
-0.530314	0.0889773	0.843119
-0.276861	-0.537972	0.7962
0.134504	-0.667183	0.73265
-0.717503	-0.417871	0.557291
-0.526192	-0.170013	0.833197
0.0489958	-0.195553	0.979468
0.524462	-0.204171	0.826592
-0.0304916	0.269057	0.962642
0.318432	0.213799	0.923521
-0.195723	0.28094	0.939556
0.057469	-0.230968	0.971263
0.650973	-0.213048	0.728591
-0.595183	-0.197341	0.778982
-0.1991	0.0395857	0.979179
-0.352648	-0.240864	0.904226
0.432283	-0.270698	0.860148
-0.395589	-0.724761	0.56412
-0.541225	-0.440978	0.71597
0.906184	-0.0805083	0.415148
-0.461499	0.626514	0.628091
0.593536	0.383216	0.707715
-0.268631	-0.0348024	0.962614
0.154313	-0.359411	0.920332
0.0382984	0.654693	0.754924
0.196539	-0.291534	0.936152
-0.66401	0.224939	0.713087
-0.526979	0.421739	0.737855
0.0947212	0.594944	0.798167
-0.304896	-0.112997	0.945659
-0.0352699	-0.353967	0.934592
-0.427028	0.481469	0.765399
0.158485	0.434209	0.886761
-0.320995	-0.0284908	0.946652
0.0579188	-0.375561	0.924986
-0.458241	0.497014	0.73688
0.245203	0.0113498	0.969405
0.0292325	0.210786	0.977095
-0.35574	0.0853647	0.930678
0.256454	0.253292	0.932778
0.541569	-0.127732	0.830896
-0.0813656	0.177953	0.980669
0.232216	0.27063	0.934256
0.666127	-0.0205411	0.745555
0.183804	-0.262682	0.947214
0.206089	0.0577201	0.976829
-0.226905	0.175365	0.957999
0.154498	0.33826	0.928284
0.658082	-0.0891222	0.747653
0.6171	0.0741094	0.783387
0.89653	0.0680335	0.437728
0.240479	0.526846	0.815232
-0.110797	-0.362364	0.925428
0.482096	0.0990397	0.870502
0.146866	-0.19908	0.968916
0.648785	0.21758	0.729203
-0.32177	0.374611	0.869557
-0.331742	0.621768	0.709473
0.454976	0.0552461	0.888788
0.561817	-0.359804	0.744918
0.094784	-0.312141	0.945296
0.702287	0.436931	0.562036
-0.368373	0.000536253	0.929678
-0.254763	0.542014	0.800822
-0.403755	0.424924	0.810198
0.167119	-0.531785	0.830227
-0.357472	-0.0558684	0.932251
0.462211	-0.168144	0.870683
-0.00181257	-0.609089	0.7931
-0.0283996	0.305794	0.951674
0.27586	0.420598	0.86429
-0.839637	-0.302044	0.451419
-0.226401	-0.224965	0.947699
-0.0240998	0.270547	0.962405
0.460998	0.0569216	0.885574
0.519129	0.139072	0.843305
-0.0481989	0.829132	0.556971
-0.860361	0.393649	0.323757
-0.0728653	0.0318221	0.996834
0.141911	-0.122738	0.982241
0.059897	0.480597	0.874894
0.168941	0.664688	0.72777
-0.540066	0.209898	0.815029
0.477133	0.165933	0.863024
0.0285645	0.317634	0.947783
-0.246701	0.411553	0.877361
0.355144	0.151929	0.922383
-0.130383	-0.0159522	0.991335
0.292937	0.272293	0.916539
0.175971	-0.129277	0.97587
0.148198	-0.0221154	0.98871
0.305072	0.437937	0.845661
0.254793	-0.486664	0.835607
-0.352474	-0.791671	0.499019
-0.268524	-0.546694	0.793108
0.555535	0.679308	0.479501
-0.152196	0.76412	0.626862
-0.437156	0.741199	0.50943
0.542007	0.204046	0.815226
0.441722	-0.457114	0.771964
-0.239622	0.828175	0.506663
0.343618	-0.5344	0.772233
0.538845	0.00482505	0.842391
0.495342	0.460423	0.736646
0.717304	-0.565013	0.407719
-0.211829	0.523786	0.825092
-0.00725845	0.158882	0.987271
-0.175632	-0.0194126	0.984265
-0.0957759	-0.182825	0.978469
0.326744	-0.643075	0.692598
0.237729	-0.0650837	0.969149
-0.104414	0.0537084	0.993083
0.395579	-0.313266	0.863355
-0.271405	-0.666454	0.694391
-0.464054	0.50172	0.730021
-0.138461	0.936774	0.321377
-0.294349	0.502238	0.81309
0.379079	-0.851985	0.361138
-0.163106	-0.915468	0.367852
0.0656237	0.283107	0.956841
0.262084	0.422957	0.867421
0.108741	0.689796	0.715791
-0.470901	-0.837809	0.276276
-0.601406	0.725398	0.334826
0.232361	0.133024	0.96349
0.234993	-0.493925	0.837148
-0.120748	0.975339	0.184754
-0.178469	-0.129017	0.97545
0.277972	0.784941	0.553714
0.89883	0.056531	0.434637
0.161135	-0.87499	0.456539
0.2349	0.576218	0.782812
-0.57581	0.163101	0.80115
-0.722382	-0.685518	0.0907156
-0.366844	-0.130284	0.921114
0.290221	-0.521726	0.802231
0.505885	0.446089	0.738299
-0.0393111	0.819469	0.571774
0.773849	-0.0707694	0.629404
-0.38383	0.706134	0.59502
-0.229919	0.0369957	0.972506
-0.0454627	-0.800685	0.597358
-0.0941638	-0.550939	0.829216
0.645436	0.149296	0.749082
0.158287	-0.0280651	0.986994
0.0657603	-0.156215	0.985532
-0.441214	0.609678	0.6585
0.543394	0.0786603	0.835784
-0.0252797	0.251838	0.967439
-0.255333	0.349888	0.901323
0.581598	0.304892	0.754178
-0.415525	-0.0328313	0.908989
-0.264497	-0.209544	0.941346
0.659256	-0.0389936	0.750907
-0.660139	-0.268224	0.701621
0.369686	0.315029	0.874122
-0.397318	-0.706195	0.586026
0.240536	0.649657	0.721172
0.564156	0.553613	0.612569
-0.283905	-0.263069	0.922059
-0.538213	0.16208	0.827077
-0.41253	-0.461951	0.785124
-0.186516	0.105503	0.976771
0.0173867	-0.936657	0.349816
-0.156742	0.0978254	0.982783
-0.220555	-0.507746	0.832796
-0.051022	-0.464732	0.88398
0.190325	-0.513455	0.836744
-0.310612	0.91495	-0.257656
0.567997	-0.424418	0.705159
0.173895	-0.860928	0.478083
0.249968	0.185529	0.950313
0.0630362	-0.446005	0.892808
-0.548018	0.502914	0.668397
-0.317291	0.665975	0.675132
0.480093	0.160688	0.862375
-0.789234	0.104547	0.605128
0.934193	-0.212288	0.286735
0.00500999	-0.106563	0.994293
-0.81578	0.31203	0.486971
0.490149	0.463543	0.738161
-0.370132	0.095842	0.924022
-0.276884	-0.314275	0.908056
0.206355	-0.307314	0.928965
-0.261962	-0.580699	0.770821
0.431517	0.170929	0.885763
0.236282	-0.373081	0.897208
0.351443	0.183999	0.91795
-0.153824	-0.0682256	0.98574
-0.806541	-0.564239	0.176425
0.0360816	0.441386	0.896592
0.316895	-0.470209	0.8237
0.408168	-0.319318	0.85524
-0.924713	0.0486456	0.377544
0.49846	0.681021	0.536422
0.164845	0.535309	0.828414
-0.353568	-0.546554	0.759124
-0.0520174	-0.0685769	0.996289
-0.0384698	-0.381727	0.923474
0.792095	0.212492	0.572218
0.229085	-0.20525	0.951521
-0.181708	-0.371015	0.910676
0.347876	0.389663	0.852728
0.119746	0.40585	0.906061
0.963238	-0.26546	-0.0412773
-0.373692	-0.697789	0.611102
-0.908335	-0.269214	0.320079
0.200859	0.759132	0.619172
0.678196	0.565657	0.46913
0.479674	-0.838873	0.257303
-0.538289	0.182013	0.822871
-0.220894	0.369334	0.902662
0.60666	-0.139838	0.782566
0.509354	0.830498	0.22546
-0.681312	-0.00680501	0.731962
-0.180093	0.0129435	0.983564
-0.0966477	0.506508	0.856802
0.463738	0.560314	0.686291
0.342844	0.109462	0.932993
-0.563318	0.0350437	0.825497
0.121622	0.129612	0.984078
-0.345688	0.14396	0.927241
0.0482914	-0.230859	0.971788
0.388947	0.288893	0.874792
0.424163	0.424913	0.799709
-0.378063	0.169507	0.91013
0.629687	-0.0563072	0.774806
-0.0858166	0.300613	0.949878
0.769895	-0.081381	0.632961
-0.337447	0.353817	0.872321
0.305869	-0.396209	0.865715
-0.174955	-0.0575928	0.982891
0.239341	0.155548	0.958395
0.503782	-0.397735	0.766819
0.105687	-0.315036	0.943177
0.100112	0.132814	0.986072
0.375221	0.537349	0.755291
0.00744592	-0.323722	0.946123
0.127198	-0.688898	0.713611
0.579581	-0.577897	0.574562
-0.321659	0.566237	0.758888
0.287908	0.282633	0.915002
-0.0712498	-0.281587	0.956887
0.660483	-0.267184	0.701694
0.449663	-0.169109	0.877044
0.361924	0.595604	0.717124
0.162271	0.621002	0.766827
0.135151	0.975791	0.17195
-0.210398	0.433797	0.876101
0.749157	0.617276	0.24028
-0.261047	-0.0766481	0.962278
-0.715796	0.0622844	0.695526
0.444249	0.256382	0.858435
-0.0281446	0.535671	0.843958
0.370384	-0.264968	0.890285
0.680513	-0.0756884	0.728817
-0.607649	-0.3096	0.731375
0.0997681	-0.422335	0.900933
0.0464916	-0.301614	0.952296
0.698702	-0.629463	0.339988
-0.396681	-0.100321	0.912458
-0.514406	0.622074	0.590262
-0.180833	0.472372	0.86265
0.735554	-0.675716	0.0486585
-0.422286	0.5772	0.698939
-0.153042	0.395745	0.905519
0.649293	0.650839	0.39348
-0.378624	0.188632	0.906124
0.619323	0.313255	0.719937
0.500291	0.767131	0.401521
0.872796	0.0434144	0.486151
-0.20299	0.513809	0.833544
0.121458	0.308425	0.943463
0.186852	-0.114572	0.975684
0.130364	-0.705503	0.696614
-0.0584696	-0.97115	0.23119
-0.503694	0.859248	0.0893586
0.223119	-0.398328	0.889692
0.166663	-0.75806	0.63053
0.137631	-0.90585	0.400617
-0.396982	0.00998348	0.917772
0.63244	0.12551	0.764374
0.314796	0.685505	-0.656496
-0.0772144	-0.260811	0.962297
-0.359182	0.00778449	0.933235
0.163709	0.783567	0.599352
0.0402277	-0.170803	0.984484
0.44871	-0.185143	0.874289
-0.810981	0.0365436	0.58393
0.951354	0.0780503	0.298049
-0.0557985	-0.356622	0.932581
0.104997	0.975113	0.195268
0.241581	-0.00526741	0.970366
-0.808982	-0.134134	0.572325
-0.14771	-0.0333979	0.988467
-0.50048	0.405686	0.764813
-0.0688201	-0.69067	0.719888
0.90229	-0.251308	0.35031
-0.0968517	0.000386144	0.995299
0.154988	-0.696817	0.700303
-0.141656	-0.438537	0.887479
0.263983	-0.00452871	0.964517
0.398567	-0.633167	0.663509
-0.332943	-0.0883241	0.938801
-0.184537	0.0731588	0.980099
0.0783726	-0.412389	0.90763
-0.0670502	-0.58316	0.809585
0.325348	-0.108118	0.939393
-0.0602781	0.80747	0.586822
-0.0395885	0.731952	0.680205
0.0647489	0.258567	0.963821
0.691243	-0.208147	0.691995
-0.155477	0.365302	0.917813
-0.0438132	0.598597	0.799852
-0.494857	0.289432	0.819357
0.0172518	-0.362559	0.931801
-0.00661552	0.345693	0.938324
0.610616	-0.329686	0.720038
0.470767	0.254759	0.844675
-0.266664	-0.498283	0.824987
0.332551	-0.315179	0.88886
-0.20392	-0.954617	0.21708
0.0886216	0.0974658	0.991285
-0.503564	0.422182	0.753781
0.538128	-0.0685392	0.840072
-0.297834	-0.686247	0.663597
0.592852	-0.346441	0.726983
0.139955	0.593087	0.792881
0.409029	-0.215542	0.8867
0.289731	0.390171	0.873969
0.0371893	0.69652	0.716573
-0.673218	-0.427128	0.603605
0.525119	-0.69415	0.492348
0.00965301	0.601464	0.798842
-0.182424	-0.697389	0.693088
-0.493015	-0.318575	0.809596
0.52417	-0.387296	0.758451
-0.505635	0.40229	0.763215
0.147919	-0.0531696	0.987569
-0.428326	-0.662695	0.614306
-0.237586	0.186117	0.953369
-0.156184	-0.940441	0.301956
0.123231	-0.683932	0.719063
0.59134	0.163332	0.789709
-0.127226	-0.605149	0.78588
-0.463274	-0.21852	0.858852
0.180771	0.232539	0.95564
0.188207	-0.969555	-0.156656
0.233327	-0.549258	0.802418
-0.587182	-0.751846	0.299907
0.254941	-0.129026	0.958309
-0.476961	-0.529328	0.701655
-0.533796	-0.403047	0.74338
0.510819	-0.23727	0.826297
-0.942512	0.27413	0.191109
0.406453	0.287834	0.867149
-0.925765	-0.320147	0.201159
-0.034122	0.103617	0.994032
-0.931597	0.27441	0.238382
-0.63055	0.0815654	0.771851
-0.248388	0.265517	0.93156
0.260928	-0.252423	0.931772
-0.564823	-0.665452	0.488005
-0.545067	-0.207848	0.81222
0.552987	0.236988	0.798776
0.465805	-0.270774	0.842441
-0.427252	-0.462312	0.776996
-0.50622	-0.479336	0.716923
-0.381323	-0.852202	0.358251
-0.439723	-0.705933	0.55525
-0.0289157	-0.567244	0.823042
0.442101	-0.603112	0.66393
-0.656157	0.324934	0.681085
-0.775164	-0.616828	0.136544
0.510789	0.0228163	0.859403
-0.0131829	-0.254298	0.967036
-0.571769	-0.226504	0.788528
0.654422	-0.342124	0.674302
-0.236735	-0.249477	0.938998
-0.438283	0.460476	0.771926
0.861871	-0.144854	0.485999
0.469935	0.749231	0.466705
-0.100164	-0.384907	0.917504
0.743263	-0.189222	0.641682
-0.129731	-0.698487	0.703765
0.753103	0.354376	0.554305
-0.0236966	-0.313742	0.949212
-0.262232	-0.963651	0.0510982
-0.330209	-0.432885	0.838792
-0.10725	-0.512091	0.852209
0.345051	-0.482027	0.805351
0.317973	-0.610806	0.725127
0.0338648	-0.925935	0.376162
0.0165417	0.030988	0.999383
-0.163679	-0.253718	0.953329
-0.470007	-0.49769	0.728971
0.19621	-0.731182	0.653356
-0.1135	-0.0625565	0.991567
0.523056	-0.0405492	0.851333
-0.567918	-0.613004	0.549268
-0.0436422	-0.146246	0.988285
-0.0612012	-0.22891	0.971522
-0.014508	-0.255874	0.966601
0.260011	-0.960514	-0.0990262
0.214931	-0.799277	0.561215
-0.418798	0.324326	0.848187
-0.708686	0.199604	0.676699
-0.529683	-0.608818	0.590572
-0.262109	-0.210989	0.941691
-0.221792	-0.0294648	0.974649
0.432308	-0.335214	0.837103
-0.737297	-0.28046	0.614602
0.558943	-0.119494	0.820551
0.199288	-0.799173	0.567104
-0.847185	0.264749	-0.460637
0.445275	0.119404	0.887397
-0.226986	0.291791	0.929159
-0.747198	0.0662394	0.661292
0.246851	0.00831458	0.969018
-0.016397	-0.608063	0.793719
0.266593	0.493054	0.828146
0.243962	0.358841	0.900953
0.357026	-0.734086	0.577625
-0.0751903	-0.623916	0.777866
-0.439976	0.401626	0.803193
0.58137	-0.313444	0.75084
0.173826	-0.538052	0.824793
0.535205	-0.0123954	0.844631
-0.434223	0.165637	0.885446
-0.0118314	0.189792	0.981753
-0.426599	-0.309772	0.849738
-0.395553	-0.47721	0.784734
-0.0771106	0.45459	0.887357
-0.199753	-0.142104	0.969487
-0.574166	-0.0563777	0.816795
-0.743001	0.173938	0.646293
0.466842	-0.88089	0.0780455
0.152459	0.146703	0.977361
-0.785089	-0.0871017	0.613228
0.0175013	-0.176458	0.984153
-0.155023	-0.305918	0.939352
-0.395567	-0.84629	0.356821
0.168381	0.365036	0.91564
0.370453	0.161314	0.914736
0.949413	0.105584	0.295749
-0.724561	-0.239473	0.64627
-0.231596	-0.716081	0.658477
0.578369	0.0944447	0.81029
-0.247191	0.413617	0.876252
0.527837	0.640349	0.55798
-0.0726233	-0.216273	0.973628
0.124541	0.662983	0.738203
-0.039607	-0.539723	0.840911
-0.116375	0.273857	0.954704
-0.298406	-0.166011	0.93989
0.42721	0.702944	0.568649
-0.697252	0.477296	0.534816
-0.158544	-0.185591	0.969752
0.106278	0.334054	0.936543
0.949291	0.276279	-0.150055
-0.08583	-0.0251235	0.995993
-0.111006	-0.599408	0.792709
0.281923	-0.196496	0.9391
0.454281	0.440602	0.774273
-0.639392	-0.696584	0.325498
0.212919	-0.208515	0.954561
0.101172	-0.795548	0.597384
-0.521676	-0.00468751	0.853131
0.19849	0.921829	0.332916
-0.0195866	-0.627639	0.778258
0.185845	0.472712	0.861397
-0.261006	-0.491722	0.830714
-0.646273	-0.265821	0.715312
-0.583251	-0.619449	0.525453
-0.460355	0.344771	0.81805
0.187186	0.063632	0.980261
0.293292	0.195336	0.935854
-0.951926	0.199612	0.232362
0.691166	-0.273919	0.668773
0.539127	0.66488	0.516988
-0.671621	0.712867	0.201857
0.764453	0.497527	0.409973
-0.453718	0.72489	0.518338
0.346826	-0.439468	0.828601
0.102019	0.532561	0.840221
-0.860212	-0.369563	0.351367
0.146713	-0.359942	0.921367
-0.0451216	-0.440464	0.896636
-0.306514	-0.563599	0.767076
-0.0634553	0.284698	0.956515
0.44513	0.444772	0.777198
-0.269483	-0.18916	0.944244
0.0421115	-0.686075	0.726311
-0.137962	0.174349	0.974971
