3400
-0.895004	0.110912	0.43205
0.302342	0.0172989	0.953043
0.330584	-0.938859	0.096219
0.074443	-0.0374726	0.996521
-0.577711	0.0952209	0.810669
-0.67237	0.5361	0.510408
-0.775896	0.257918	0.575728
0.143866	0.504163	0.851541
0.453487	0.000105959	0.891263
-0.110752	-0.992905	-0.0432975
-0.348168	0.0328028	0.936858
-0.72681	-0.183768	0.661797
0.0410901	0.135439	0.989933
-0.040139	-0.282817	0.958334
-0.0490895	-0.155343	0.98664
-0.644643	0.343723	0.682854
0.716306	0.460249	0.524477
-0.231893	0.254884	0.938754
-0.435479	-0.44228	0.784058
0.0520286	-0.226594	0.972599
-0.0413837	-0.1173	0.992234
-0.537309	-0.0672868	0.840697
0.585119	0.211219	0.782958
-0.102633	0.778906	0.618686
-0.219236	-0.136413	0.966088
0.134886	0.0712491	0.988296
0.410152	-0.101364	0.906367
-0.271741	-0.148741	0.950807
0.183524	0.0679197	0.980666
0.429442	0.139114	0.892316
0.113455	0.304759	0.945648
0.126369	0.611728	0.78091
0.221721	0.378304	0.898736
-0.00533553	0.745188	0.666833
0.396659	0.379169	0.835998
-0.557999	-0.0474067	0.828486
0.159777	-0.381222	0.910572
0.878848	-0.175365	0.443705
-0.933209	0.346739	0.0943021
-0.381128	0.148284	0.912553
-0.657155	0.178637	0.732282
-0.0194329	0.0156069	0.999689
-0.333196	0.198253	0.921779
0.299723	0.149122	0.9423
0.533924	-0.168263	0.828621
-0.689661	-0.314661	0.652193
-0.335261	-0.44686	0.829407
-0.399087	0.0435009	0.915881
0.00460454	-0.685866	0.727713
0.125377	-0.468416	0.874567
-0.235492	0.0307109	0.971391
0.0876619	0.598045	0.796654
0.634406	0.443732	0.632954
-0.0530017	0.600809	0.797633
0.387156	0.287333	0.876099
0.821008	-0.566723	0.0690741
-0.0506737	0.313898	0.948104
-0.0829957	0.145819	0.985824
-0.054767	-0.52798	0.847489
0.0425096	0.33732	0.94043
-0.324674	-0.304177	0.89558
0.416054	0.867568	0.272442
0.995718	0.0788211	-0.0483093
0.253831	-0.267562	0.929505
0.666603	0.025605	0.744973
0.484896	-0.12641	0.865388
-0.844341	0.06219	0.532185
-0.183817	-0.51664	0.836238
-0.103205	0.209578	0.97233
0.708228	0.292126	0.642709
0.550065	-0.147379	0.822014
0.327703	0.443169	0.834393
0.702962	0.55295	0.447316
0.122131	-0.190689	0.974023
-0.0408593	0.100766	0.994071
0.0425657	-0.521998	0.851884
0.351125	0.426802	0.833397
-0.843966	-0.495641	0.20509
-0.0644789	0.587009	0.807008
0.304832	-0.04739	0.951226
0.0574453	-0.3448	0.936917
0.768612	0.439314	0.465015
0.187249	-0.0488054	0.981099
-0.301509	-0.017085	0.95331
-0.390441	-0.662293	0.639472
-0.343252	0.71893	0.604415
0.348828	0.280377	0.894264
0.114827	0.128357	0.985058
-0.164315	-0.14082	0.976304
0.167574	0.40866	0.897171
-0.72085	0.0908446	0.687112
-0.40471	-0.181562	0.896239
0.185913	0.554746	0.810983
-0.246191	0.26426	0.9325
-0.34842	0.224538	0.910047
0.278414	0.0708698	0.957843
-0.166252	0.361516	0.917424
-0.475202	0.254732	0.842196
0.255016	0.123099	0.959069
-0.147247	0.94687	0.285928
-0.551046	-0.230723	0.801945
-0.2146	0.969662	0.11706
0.70661	0.106453	0.69955
-0.00162695	0.776455	0.63017
0.298941	-0.17512	0.938066
0.282153	-0.816285	0.504052
-0.160187	0.727122	0.667558
-0.0998138	-0.264135	0.959307
-0.421402	-0.128567	0.897714
-0.199686	-0.344769	0.917202
-0.038973	-0.600914	0.798363
0.387442	-0.0502472	0.920524
0.0615594	-0.148751	0.986957
-0.301216	0.0155443	0.953429
0.0873574	0.0245196	0.995875
-0.0819956	-0.0194368	0.996443
-0.36552	-0.479538	0.797771
-0.584619	-0.146965	0.797886
0.278739	0.100054	0.955141
0.0198359	-0.506028	0.862289
0.14903	0.439367	0.885859
-0.0741802	-0.00094836	0.997244
-0.128798	0.664691	0.735932
0.865769	-0.272822	0.419537
0.253173	-0.754256	0.605807
-0.2587	-0.71106	0.65381
-0.628487	0.115936	0.769131
0.408282	0.618531	0.671361
-0.62568	0.0407505	0.779015
-0.129937	0.272978	0.953205
0.471809	-0.0110709	0.881631
0.125333	0.800906	0.585526
-0.583092	-0.329962	0.74238
-0.0802808	0.631585	0.771139
0.261831	0.733082	0.627722
-0.357973	0.455819	0.814914
0.0560071	0.412212	0.909365
-0.598571	0.152995	0.786324
-0.00559649	0.404083	0.914705
-0.419716	-0.0159784	0.907515
-0.729445	0.147341	0.667983
0.180388	0.236871	0.954648
-0.12186	-0.0222166	0.992299
0.435947	0.133154	0.890068
0.0196971	-0.130174	0.991296
0.128556	0.24747	0.960329
-0.132775	0.984685	-0.112991
-0.150252	0.563626	0.81225
-0.378634	0.526707	0.761063
0.364806	0.484984	0.7948
0.45835	0.021756	0.888505
0.1108	-0.0855419	0.990155
0.561224	-0.460667	0.687614
-0.30716	0.263139	0.914555
0.608983	0.490316	0.623482
-0.331156	0.659635	0.674698
-0.914457	-0.268404	0.302865
-0.231	0.337494	0.912544
-0.0878356	-0.0555946	0.994582
0.43085	-0.203891	0.879089
-0.0342108	-0.570807	0.820371
0.119601	0.443873	0.888072
0.158098	0.106444	0.981669
-0.157546	0.260866	0.952433
0.0243444	-0.370398	0.928554
-0.458149	0.461836	0.759478
0.470328	-0.266633	0.841248
-0.171496	-0.466118	0.867942
-0.0848671	-0.0283586	0.995989
-0.223265	-0.189087	0.956242
-0.284687	-0.32337	0.902433
-0.531692	-0.162792	0.831145
-0.712663	0.0232195	0.701122
0.270171	-0.223478	0.936517
0.492685	-0.605631	0.624878
0.483081	0.342056	0.805997
-0.303283	0.125205	0.944639
0.135787	0.168789	0.976254
-0.104534	-0.364654	0.925257
-0.210138	-0.179031	0.96114
-0.470411	-0.236335	0.850211
-0.451445	-0.0171603	0.892134
0.48799	-0.020822	0.872601
0.398976	-0.230494	0.887519
0.536076	-0.245396	0.807715
0.341276	-0.0580267	0.938171
0.0196208	0.806982	0.59025
-0.200169	0.830528	0.519766
-0.177167	0.543356	0.820595
-0.321618	0.109659	0.940498
-0.465111	0.256762	0.847199
0.588356	0.221754	0.777601
0.358055	0.616771	0.700992
-0.273491	0.654995	0.704404
-0.0761699	0.305006	0.949299
-0.524739	0.517312	0.676045
-0.6206	-0.622383	0.476964
0.511798	-0.857179	0.0575072
0.508923	-0.295817	0.808387
0.0898339	0.0778466	0.99291
-0.0694137	-0.216119	0.973896
-0.354387	0.548517	0.757324
0.328416	-0.0952489	0.939718
0.084487	0.355725	0.930764
-0.178009	0.692282	0.699327
0.399018	0.184956	0.898096
-0.232364	-0.500277	0.834104
-0.214968	0.435437	0.874176
0.727121	0.268676	0.63175
-0.36577	0.829983	0.421118
-0.0902541	0.531487	0.842244
-0.152445	0.584168	0.797188
0.12596	0.0348245	0.991424
0.145634	-0.12547	0.98135
0.372132	-0.12404	0.919854
0.125339	0.797796	0.589755
-0.16436	0.338759	0.926406
-0.749632	0.0188218	0.661587
-0.214096	0.431891	0.876147
0.781889	0.61576	0.0974091
0.169546	-0.232895	0.957608
-0.0520569	0.766861	0.639698
-0.000952701	0.720116	0.693853
0.566011	-0.173016	0.806038
0.0870201	0.637746	0.765315
-0.0850762	0.837743	0.539397
-0.322359	0.132202	0.937341
0.0628474	0.750024	0.658418
-0.224754	0.155651	0.961904
0.0258418	0.356702	0.933861
-0.0276505	0.146428	0.988835
0.141361	-0.496487	0.856456
-0.0758877	-0.0703552	0.994631
-0.129949	-0.136923	0.982021
0.158125	0.103805	0.981948
-0.023446	-0.478145	0.877968
0.162258	-0.5674	0.807298
0.210314	0.520485	0.827565
-0.276567	-0.315801	0.907623
0.218821	-0.181831	0.958674
0.719966	0.111451	0.685002
0.0398544	0.369897	0.928217
-0.574689	0.00930558	0.818319
0.182703	0.254389	0.949687
-0.648108	-0.0706403	0.758265
-0.313953	-0.353308	0.881253
-0.80308	-0.00948456	0.595795
0.172281	-0.0946293	0.980492
-0.498724	0.597764	0.627657
0.0201166	0.494765	0.868794
-0.13104	0.0792429	0.988205
0.285967	0.00112693	0.958239
-0.496356	0.523884	0.692226
-0.193328	-0.189719	0.962617
-0.624835	-0.459155	0.631473
0.172382	0.756058	0.631396
-0.268784	-0.00421814	0.963191
0.582618	0.56059	0.588469
0.183049	0.0846004	0.979457
0.0346405	-0.259361	0.965159
-0.568139	-0.426189	0.703975
-0.898692	0.0676223	0.433335
0.0578342	0.306945	0.949968
0.53974	0.335173	0.77223
-0.21787	-0.187523	0.957793
0.323649	0.307862	0.894691
0.267151	0.205718	0.941441
0.424154	0.38819	0.81817
0.382963	0.242881	0.891262
-0.128473	-0.119797	0.984451
-0.368878	-0.0271248	0.929082
-0.141634	0.194857	0.970552
0.388834	-0.131391	0.911891
0.0719155	0.0626407	0.995442
-0.0132161	-0.0494656	0.998688
-0.0758236	-0.469844	0.879487
-0.0173913	-0.0669983	0.997602
-0.28863	-0.0783242	0.954232
-0.0595422	-0.813474	0.578545
-0.197382	0.0803552	0.977028
-0.317358	0.215855	0.923412
-0.638062	0.231811	0.734262
-0.0861036	0.438073	0.894806
-0.795161	-0.252299	0.551421
0.367942	0.541097	0.756196
0.0757922	0.272647	0.959124
-0.343458	0.0857675	0.935244
0.312349	0.165166	0.935499
-0.0960634	0.139923	0.985491
0.198836	0.337169	0.920207
-0.177746	-0.324874	0.928904
-0.106077	0.653626	0.749347
-0.0314459	0.356913	0.933608
-0.48697	-0.131567	0.863452
-0.330125	0.0873019	0.939891
-0.754608	-0.334988	0.564224
0.463497	-0.0168875	0.885938
-0.441615	-0.215961	0.870826
-0.426983	0.101717	0.898521
-0.374151	-0.884605	-0.278362
0.323122	0.265905	0.908233
0.310111	0.0780045	0.947495
0.602389	0.0659983	0.795469
0.300128	0.481975	0.823179
-0.149645	0.439906	0.885488
-0.180016	0.289183	0.940195
-0.492645	0.0176055	0.870052
-0.24555	0.0295405	0.968934
-0.297992	0.806377	0.510839
-0.0269576	-0.0857461	0.995952
0.05877	-0.157211	0.985815
0.152008	0.0716981	0.985775
0.908276	0.415552	0.048492
-0.127031	0.293519	0.947475
-0.686527	-0.431768	0.585028
-0.653931	0.106468	0.749026
-0.659376	-0.152459	0.736193
-0.50407	0.591032	0.629758
-0.765076	-0.0450838	0.64236
0.516062	-0.272026	0.812208
-0.0524474	-0.586858	0.807989
-0.192857	-0.410653	0.891162
0.0990694	0.810836	0.576828
-0.386956	0.570239	0.724633
0.138633	-0.0172283	0.990194
-0.543554	-0.0529621	0.837701
-0.382497	-0.36104	0.850497
0.505566	-0.743487	0.437756
0.124753	-0.104489	0.986671
0.00518784	0.992622	-0.12114
0.315742	0.347284	0.883007
-0.187117	0.0397309	0.981534
-0.3127	-0.139048	0.939619
0.0614849	-0.663332	0.745795
0.650599	0.60065	0.464694
-0.10027	0.461231	0.881596
0.447609	-0.252057	0.857971
-0.593852	0.390541	0.703432
-0.223227	-0.354516	0.908013
0.487386	0.0848964	0.86905
-0.345775	0.561756	0.751578
0.0770448	-0.331836	0.940185
0.183184	0.100914	0.977886
-0.437529	0.249411	0.863923
-0.129782	0.486818	0.863808
0.417432	-0.609808	0.673709
0.183764	0.313697	0.931571
0.27037	0.00898071	0.962715
-0.792268	0.201428	0.575967
-0.18884	-0.0953263	0.97737
0.107868	-0.325642	0.93932
-0.375947	-0.211378	0.90221
0.0523351	-0.0407833	0.997796
-0.360575	0.534224	0.764585
-0.129035	0.170863	0.976809
-0.192204	-0.592568	0.782254
0.10991	-0.252368	0.961369
-0.322219	0.292763	0.900258
-0.202892	0.342081	0.917505
0.685645	0.159377	0.710275
-0.402364	-0.668278	0.625706
-0.619198	0.510569	0.596585
-0.240646	-0.181811	0.953433
-0.219404	0.151957	0.963728
0.509646	-0.356271	0.783155
-0.31564	-0.0328143	0.948311
0.237498	0.310064	0.920573
0.0904999	0.321054	0.942727
-0.41803	0.812929	0.40546
-0.449095	-0.494825	0.74395
0.58173	0.257001	0.771713
0.516211	-0.232557	0.824284
0.372451	0.20384	0.905389
0.368861	0.507081	0.77898
0.402782	-0.612188	0.680435
-0.138436	0.0189229	0.990191
0.554526	0.54514	0.628747
0.0397597	-0.136405	0.989855
-0.525381	-0.750367	0.401153
0.454561	0.466737	0.758637
0.167965	-0.451446	0.876347
0.611198	-0.118213	0.7826
0.509337	-0.457609	0.728814
-0.794296	-0.510582	0.329243
0.509837	-0.543471	0.666863
-0.105389	0.537009	0.836967
0.247885	-0.785073	0.567639
0.0364726	-0.0134557	0.999244
0.438873	0.129953	0.889103
0.506238	0.180017	0.843396
-0.053319	0.180315	0.982163
0.281548	0.119899	0.952027
0.35771	-0.320762	0.877015
-0.236797	-0.513321	0.824881
-0.0960591	0.265122	0.959418
-0.770139	-0.197529	0.606521
-0.423922	0.0158026	0.905561
0.0846266	0.428668	0.89949
0.394914	0.0941349	0.913883
0.182946	-0.226648	0.956641
-0.0234459	-0.271653	0.96211
-0.269154	0.400068	0.876072
0.138454	0.680438	0.719607
-0.0377498	-0.663009	0.747659
0.130106	0.022678	0.991241
-0.109033	0.110814	0.987842
-0.211982	0.0491818	0.976035
0.259278	0.0131395	0.965713
0.298558	0.269077	0.915675
0.312206	-0.132839	0.940681
-0.217758	-0.22445	0.949844
0.094012	-0.31923	0.943003
0.363808	-0.391549	0.845182
-0.662167	-0.0178184	0.749145
-0.209715	-0.367552	0.906049
-0.245648	0.205616	0.947301
-0.0388823	0.530999	0.84648
-0.756291	-0.301598	0.580571
-0.598868	-0.486502	0.636139
-0.581857	-0.812058	-0.0447734
-0.0752624	-0.553801	0.829241
0.181722	0.253693	0.950062
-0.729337	-0.556594	0.397832
0.435472	0.299794	0.848815
-0.0715776	-0.482892	0.87275
0.0161409	-0.00290144	0.999866
0.333284	-0.278899	0.900632
-0.583967	-0.116649	0.803352
0.178346	0.017416	0.983814
0.0226341	-0.192365	0.981062
-0.00310845	0.403999	0.914754
-0.0547882	-0.698853	0.713164
-0.544679	0.186236	0.817705
-0.0713449	-0.107107	0.991684
-0.602576	0.413167	0.682784
0.725429	-0.071769	0.684545
-0.632529	-0.190296	0.750795
0.0709298	0.00595371	0.997464
-0.0941044	-0.110805	0.989377
-0.0331926	-0.898794	0.437114
0.074503	0.033486	0.996658
0.89351	0.352937	0.277625
0.393043	-0.795096	-0.461887
0.705211	-0.502025	0.500648
0.794308	-0.372442	0.479959
0.787119	0.272203	0.553488
0.721819	0.225344	0.654368
0.0130571	0.206498	0.97836
-0.152041	-0.215587	0.964575
0.403025	-0.273278	0.873435
0.725427	-0.220322	0.652085
-0.84574	0.0955061	0.524979
0.363371	-0.0399709	0.930787
-0.128379	0.236511	0.96311
-0.178472	-0.632528	0.753695
-0.344056	-0.333981	0.877543
-0.142044	0.114521	0.983213
0.28417	0.434887	0.854471
-0.485053	-0.0496281	0.873076
0.364074	-0.0773898	0.928149
-0.23787	-0.60914	0.756549
0.0488098	0.211026	0.976261
-0.211551	-0.286571	0.934411
0.224495	0.319079	0.920755
-0.0940146	-0.788068	0.608367
0.278178	0.0206883	0.960307
-0.141514	-0.676298	0.722907
0.281884	0.805159	0.521785
-0.817019	0.156365	0.555004
0.409366	-0.12394	0.903913
0.34306	-0.25057	0.905276
-0.174785	0.0852968	0.980905
-0.341962	0.197417	0.918743
0.113208	-0.64461	0.756084
0.727179	0.394922	0.561469
-0.730268	0.351301	0.585915
0.158519	0.152885	0.975448
-0.355609	-0.269596	0.894908
0.177335	0.449218	0.875645
0.0415325	-0.269464	0.962114
0.0802104	-0.721757	0.687483
-0.224078	-0.585468	0.779112
0.00655495	-0.0481106	0.998821
0.159405	-0.0815809	0.983837
-0.445892	0.598912	0.665195
-0.480934	0.578157	0.659118
-0.493372	0.589922	0.6392
-0.24933	0.314017	0.916094
-0.205189	-0.373556	0.904629
-0.206309	0.772636	0.600391
0.404848	-0.237302	0.883055
-0.526634	0.224089	0.820025
0.616214	0.306597	0.725451
0.0308723	0.160876	0.986492
-0.920998	0.110131	0.373676
-0.276867	-0.65172	0.70612
-0.57862	0.153749	0.800974
0.561795	-0.0992059	0.821306
0.827677	-0.0792741	0.555578
0.0618222	-0.197535	0.978344
-0.305141	-0.482784	0.820859
-0.190068	0.0929372	0.977362
0.607138	-0.161386	0.778035
0.0580628	0.446797	0.892749
-0.682854	-0.0725775	0.726941
0.0390108	-0.645029	0.763162
0.605435	0.394231	0.691398
0.0918782	0.646445	0.757408
0.407518	-0.730827	0.547559
0.0332985	-0.623638	0.781003
-0.324095	-0.302497	0.896358
-0.457684	-0.621604	0.635716
-0.0738632	0.613818	0.785984
-0.624696	0.131486	0.769718
-0.523324	0.821206	0.227493
0.385449	0.695137	0.606806
0.506019	0.2148	0.835348
0.100684	0.0109183	0.994859
0.10453	0.225974	0.968509
0.163891	-0.3584	0.91907
-0.328772	0.32345	0.887293
0.103067	0.303962	0.947092
-0.535697	0.249204	0.8068
0.687907	-0.00235767	0.725795
0.881543	-0.158759	0.444609
-0.61976	0.762449	0.185929
-0.292902	-0.284001	0.91299
0.430237	0.614086	0.661661
-0.812039	0.236887	0.533364
0.222156	0.316869	0.922085
0.283461	0.337388	0.897674
0.740732	0.102341	0.66396
-0.75954	0.155671	0.631557
-0.2774	0.539487	0.794986
0.450349	-0.156216	0.87908
0.276722	0.246757	0.928728
0.162357	-0.19745	0.966775
-0.786321	0.601572	0.140749
0.262396	0.170965	0.949694
-0.721832	-0.351477	0.596173
-0.71952	-0.0459288	0.692951
0.074744	0.202306	0.976466
-0.87182	0.291257	0.393827
0.264772	0.0761629	0.961299
-0.388134	-0.461603	0.797668
0.55549	-0.361533	0.748816
0.490589	0.722149	0.487671
-0.335494	0.2339	0.912543
-0.0878206	-0.486712	0.869137
-0.799272	0.0046656	0.600951
-0.757633	-0.512787	0.403785
-0.226776	0.108191	0.967919
-0.200419	-0.0484162	0.978513
-0.397541	0.215013	0.892037
0.322376	-0.063967	0.944448
0.132238	0.665477	0.734611
-0.48341	0.137755	0.864487
0.218343	-0.951495	0.216756
0.108057	-0.424861	0.898786
-0.558114	0.329758	0.761426
-0.052023	0.257804	0.964796
-0.348938	0.0259646	0.936786
-0.130233	0.493447	0.85997
-0.218684	-0.325313	0.919972
0.273846	0.662525	0.697187
0.86947	0.138867	0.474065
-0.654711	0.516729	0.551674
-0.609461	0.381683	0.694892
0.38427	0.375712	0.843313
0.146294	-0.431402	0.89022
-0.0653733	0.351721	0.93382
0.224766	-0.0596794	0.972584
0.883032	-0.0461221	0.467041
-0.438034	-0.0849466	0.894936
-0.608685	0.154368	0.77825
-0.498985	0.515577	0.696559
0.192498	0.211276	0.958283
-0.52739	0.404686	0.747054
0.22251	0.772469	0.594795
-0.413743	-0.619656	0.666965
-0.381315	0.446502	0.809466
-0.0780701	0.229472	0.970179
-0.306184	-0.0405206	0.95111
0.785998	0.612401	0.0846874
-0.340021	-0.312832	0.886861
-0.297018	0.476749	0.82734
0.854601	-0.341636	0.391079
0.159284	-0.411209	0.897516
-0.538718	0.287076	0.792067
-0.238536	-0.0174423	0.970977
-0.0122972	0.804611	0.593674
-0.404003	0.0519808	0.91328
-0.648948	-0.155934	0.744682
0.729579	-0.268275	0.629081
0.117192	0.978145	0.171753
0.0478974	-0.0164868	0.998716
0.142463	-0.196457	0.970108
0.00923121	0.0685009	0.997608
0.496239	-0.00513568	0.868171
0.16986	0.00932569	0.985424
0.249414	-0.194327	0.948699
0.272653	-0.466178	0.841629
-0.132603	0.274048	0.95253
0.264218	0.45656	0.849554
0.1453	-0.287484	0.9467
0.362466	-0.0872769	0.927901
0.544275	-0.107938	0.831934
-0.383702	-0.203047	0.900858
-0.355648	-0.385836	0.851261
0.240522	-0.222513	0.944795
0.249828	0.077151	0.965212
-0.276412	-0.0473087	0.959874
-0.301221	0.195598	0.933278
0.331076	0.928331	0.169084
-0.0415508	0.360657	0.931772
-0.519484	-0.482128	0.70547
0.453837	0.318469	0.832232
0.000954411	0.327728	0.944772
-0.565998	-0.296379	0.769289
-0.203182	-0.0392288	0.978355
0.048712	0.379482	0.923916
-0.110985	-0.122813	0.986205
0.0507696	0.337582	0.939926
0.330257	0.324393	0.886397
0.535452	0.558616	0.633435
-0.00781003	-0.197563	0.980259
0.433282	0.36726	0.823035
0.354742	0.254317	0.899711
0.0199716	0.122454	0.992273
0.557963	0.446419	0.699563
0.226912	0.532443	0.815485
0.31754	0.45221	0.833471
-0.0799822	0.0458282	0.995742
-0.341217	0.452872	0.823698
0.604192	-0.00126583	0.796838
0.015511	0.139425	0.990111
0.147152	0.340562	0.928635
-0.472445	0.527511	0.706065
-0.390929	-0.199594	0.898519
-0.282931	0.130175	0.950266
0.415923	0.0867938	0.905248
-0.281063	0.195619	0.939541
0.398479	0.201464	0.894778
-0.424827	0.245232	0.871426
-0.399106	-0.606565	0.6876
-0.257772	-0.0441239	0.965198
0.085691	0.20441	0.975127
0.28052	0.297152	0.912693
0.323506	0.555459	0.766035
0.0362712	0.508651	0.860209
0.179116	0.632053	0.75394
-0.192025	0.142024	0.971059
-0.0153727	-0.0926777	0.995577
-0.344084	-0.0683882	0.936445
0.0344841	-0.11922	0.992269
0.509547	-0.127373	0.850963
0.0953585	-0.00813443	0.99541
0.0847452	0.00327213	0.996397
0.151329	-0.316275	0.93652
0.00654274	0.497539	0.867417
-0.36801	0.237193	0.89906
0.200521	0.328465	0.922986
0.301469	0.143215	0.942659
0.0737134	0.0608411	0.995422
-0.518864	-0.0485609	0.853476
-0.215433	0.0436499	0.975542
-0.264684	0.731256	0.628655
0.0502892	-0.388613	0.920028
0.197746	-0.12342	0.972453
-0.684166	-0.393658	0.613963
-0.136045	-0.651163	0.746645
0.221432	0.235821	0.946232
0.11031	-0.20191	0.973172
-0.294705	0.699347	0.651201
-0.149312	-0.341073	0.928103
0.327212	0.222176	0.918461
0.393633	0.153611	0.906343
0.0784031	0.288256	0.954338
-0.114899	0.277928	0.953705
0.276169	7.3445e-05	0.961109
-0.0881877	-0.531229	0.842626
-0.224319	0.212652	0.951031
-0.259873	0.491061	0.83146
-0.150057	0.398232	0.904928
0.0331872	0.384769	0.922416
-0.336441	-0.316103	0.887066
-0.116387	0.508192	0.853343
-0.124076	-0.577371	0.806999
0.473897	-0.530167	0.703097
0.0339125	0.379297	0.924653
0.343328	0.386676	0.855925
-0.466767	0.472175	0.747783
0.279112	0.621388	0.732102
-0.12129	-0.288145	0.949874
0.382402	0.253913	0.888424
-0.0425219	-0.380413	0.923839
0.286565	-0.573371	0.767546
-0.322453	-0.354003	0.877898
-0.878458	0.18398	0.440979
-0.590531	0.729022	0.346121
-0.478292	-0.527132	0.702403
0.0634218	-0.00706921	0.997962
0.472077	0.199698	0.858641
0.175742	-0.351364	0.919597
-0.571793	0.162515	0.80414
0.449708	0.494764	0.74362
-0.254699	-0.541738	0.80103
0.400935	-0.312863	0.861027
0.510175	0.10968	0.853049
-0.0138271	-0.072678	0.99726
-0.761968	-0.362808	0.536447
-0.393914	-0.274194	0.877296
-0.180407	0.329717	0.926682
-0.262528	0.156154	0.952205
0.295374	-0.0837996	0.951699
-0.0298468	-0.289564	0.956693
-0.233435	0.188164	0.953993
-0.304086	-0.0379286	0.951889
-0.235966	-0.622672	0.746056
0.407941	-0.0264144	0.912626
0.464438	0.106771	0.879146
0.150737	0.36473	0.918831
-0.19745	-0.59015	0.782775
0.0886463	0.358693	0.929237
0.157239	-0.203817	0.966299
0.628672	0.34994	0.694488
-0.275539	0.594333	0.755544
0.0619306	-0.653731	0.754189
0.225877	0.435469	0.871405
0.172212	-0.739544	0.650705
0.389637	0.426299	0.816365
0.0589171	0.290962	0.954919
0.34682	0.758297	0.551998
-0.403962	0.356754	0.842343
-0.699982	-0.00714354	0.714125
-0.0337957	0.500294	0.865196
-0.023034	-0.389826	0.920601
0.396984	-0.0712388	0.915056
-0.429157	-0.29678	0.85308
-0.443356	0.203067	0.87304
-0.200732	-0.0732694	0.976902
0.23149	-0.436336	0.869496
-0.792759	-0.302803	0.529003
0.229102	0.173394	0.957834
0.33779	-0.429774	0.837372
-0.107953	0.538755	0.835517
-0.300617	0.341844	0.890377
0.571827	-0.342489	0.745463
0.0699909	0.0869196	0.993754
-0.763111	0.111193	0.63663
0.0708106	0.137696	0.98794
-0.151529	0.72084	0.676334
-0.545383	0.193562	0.815531
-0.428473	0.130828	0.894033
-0.157339	-0.472817	0.867
0.611808	-0.552029	0.566529
0.0530768	-0.631345	0.773684
0.689672	0.350797	0.633478
0.982379	-0.184939	0.0269895
-0.531161	0.405021	0.744195
-0.0679834	0.0926373	0.993376
-0.57987	0.016565	0.814541
0.581416	0.0699576	0.810593
-0.0959645	0.406402	0.908641
0.491596	0.432734	0.755695
0.364752	0.374288	0.852563
-0.631212	0.570883	0.525038
0.0775147	-0.0781978	0.99392
0.357036	0.407189	0.840668
-0.365446	0.245288	0.897933
0.114265	-0.00899638	0.99341
0.0712139	0.106826	0.991724
-0.0325566	-0.140595	0.989532
-0.103858	0.0395405	0.993806
-0.170412	-0.494229	0.852466
-0.721092	-0.317959	0.615571
-0.165698	0.292336	0.941851
-0.182339	-0.24612	0.951934
0.212502	0.292736	0.932281
0.378421	-0.156369	0.91233
0.0632208	-0.152203	0.986325
0.245881	0.0597298	0.967458
0.298191	-0.363702	0.882498
-0.62722	0.41981	0.656014
-0.392513	0.0659212	0.917381
-0.0659486	-0.121839	0.990357
-0.378378	-0.568621	0.730411
0.15867	0.365206	0.917305
0.223853	-0.162751	0.960938
-0.362976	0.0684743	0.929279
-0.0505547	0.251109	0.966638
-0.338311	0.333153	0.880088
-0.527583	-0.0964174	0.844014
-0.782848	-0.216763	0.583235
0.0407061	-0.375456	0.925946
-0.293414	0.639489	0.710607
-0.375719	0.241001	0.894848
-0.116972	-0.0322471	0.992612
-0.751446	0.123404	0.648151
0.347619	0.550066	0.759335
-0.610048	0.517256	0.60024
-0.4043	-0.290153	0.867383
0.00469914	-0.683975	0.72949
0.387113	0.123712	0.913695
-0.191008	0.514653	0.835852
-0.615756	0.566248	0.547912
-0.653944	-0.399633	0.642379
0.0310405	0.364566	0.93066
0.536492	-0.219675	0.814812
-0.0881831	-0.315593	0.944788
0.433104	-0.21411	0.875544
-0.572793	0.121109	0.810704
0.456982	0.754125	0.47166
-0.506852	0.0154945	0.861894
0.151278	0.371416	0.916059
-0.093186	0.0196325	0.995455
-0.428987	-0.365474	0.826075
-0.0105161	-0.988527	0.150675
-0.401587	-0.432232	0.807406
-0.0118483	0.539727	0.841757
0.442028	0.093034	0.892164
0.123686	-0.074786	0.989499
0.274387	0.442461	0.85378
-0.656537	0.368959	0.657897
0.124263	0.404087	0.906241
-0.0490802	-0.43392	0.899614
0.162571	-0.687074	0.708167
0.252297	0.0252894	0.967319
-0.486581	0.142528	0.861931
0.041753	0.55997	0.82746
-0.263496	0.456633	0.849739
0.13071	-0.400671	0.906851
-0.273738	-0.0347675	0.961176
0.216481	0.477403	0.8516
0.281842	-0.676788	0.68009
-0.1903	0.577669	0.793779
-0.56958	0.0301719	0.821382
0.135491	0.55444	0.821121
-0.547443	-0.0824253	0.832774
-0.160646	-0.042204	0.986109
0.110204	-0.158784	0.981144
-0.167456	0.0344247	0.985278
-0.1881	-0.671854	0.716401
0.115008	-0.377535	0.918826
-0.405777	0.266664	0.874205
0.289929	0.310271	0.905358
-0.300712	-0.0347081	0.953083
0.124711	-0.16046	0.979132
0.332226	0.264915	0.905232
0.012705	0.0075186	0.999891
0.470649	-0.385513	0.793643
0.107295	0.506696	0.855422
-0.208855	0.301536	0.930298
-0.339249	0.00313924	0.940691
-0.432272	-0.657856	0.616739
0.132988	0.317127	0.939013
0.0537011	0.139229	0.988803
-0.0137673	-0.478197	0.878145
-0.0558327	0.297497	0.953089
-0.676373	-0.376468	0.633081
-0.0393037	0.529453	0.847428
0.318291	0.0974212	0.942974
-0.0917415	-0.361171	0.927976
-0.0940122	0.240963	0.96597
0.47258	0.281409	0.835151
-0.265482	-0.0926946	0.959649
0.0426332	0.632324	0.77353
-0.367624	-0.505449	0.780624
-0.400715	-0.0526816	0.914687
-0.29113	0.352137	0.889518
0.00860399	-0.0345266	0.999367
0.0268407	0.0874652	0.995806
0.133493	-0.31182	0.940717
-0.518694	-0.183331	0.835073
-0.0465423	-0.248761	0.967446
-0.59025	-0.323591	0.739523
-0.408492	0.496976	0.765604
0.26439	-0.410974	0.872467
-0.0619724	-0.914618	0.399542
-0.400006	-0.424913	0.812062
-0.193722	0.0661863	0.978821
-0.127194	-0.31273	0.941287
-0.130239	-0.47356	0.871079
-0.021922	-0.167237	0.985673
-0.594265	-0.570752	0.56665
-0.047258	0.109379	0.992876
0.128721	0.423289	0.896804
-0.524608	0.487165	0.698181
-0.181386	0.311146	0.932892
0.0207201	0.0889156	0.995824
-0.297345	0.16238	0.940861
-0.405213	-0.0423327	0.913242
0.165717	0.458727	0.872988
0.73721	-0.573201	0.357718
-0.292607	-0.209904	0.93291
-0.354824	0.193032	0.914789
0.110721	-0.0123408	0.993775
-0.0714177	0.117124	0.990546
-0.476952	0.479069	0.736892
-0.350198	0.0504624	0.935315
0.290323	-0.0802867	0.953555
0.424074	-0.0107326	0.905564
-0.692955	-0.0201337	0.7207
0.222476	-0.378621	0.898416
0.257238	0.485758	0.835385
-0.0141015	-0.27073	0.962552
0.680568	-0.144105	0.718374
-0.0355991	-0.441211	0.896697
0.569007	0.175611	0.803363
-0.0101203	0.0223768	0.999698
-0.120549	0.422986	0.898082
0.254338	0.375115	0.891404
-0.420975	0.505555	0.753123
0.130219	0.202851	0.970513
0.445485	-0.101802	0.889483
0.261928	-0.200512	0.944028
0.476862	-0.1511	0.865893
0.165875	0.0545348	0.984638
-0.119418	0.0212942	0.992616
-0.573069	0.649458	0.499796
-0.0810185	-0.0668966	0.994465
-0.0540298	-0.23708	0.969987
0.188321	-0.398869	0.897463
0.60289	-0.38359	0.699559
0.194483	0.963439	0.18429
-0.157618	-0.606525	0.779284
-0.00556405	0.319228	0.947661
-0.0186628	0.622736	0.782209
-0.767757	0.0966979	0.633403
0.0432686	-0.0851076	0.995432
0.497571	0.620588	0.606048
0.229539	-0.0284165	0.972884
-0.117655	0.148216	0.981931
0.201338	0.173681	0.964001
-0.020702	0.023346	0.999513
-0.918969	0.339259	0.200995
0.444843	-0.261943	0.856447
-0.564899	0.294267	0.770906
-0.601688	0.191089	0.775536
0.0954901	-0.437034	0.894362
0.00585612	-0.593175	0.805052
0.320149	-0.436032	0.841059
0.418118	0.329722	0.84644
-0.380985	0.294631	0.876381
-0.0248771	0.408864	0.912256
-0.295455	-0.0319935	0.954821
-0.0721306	0.507759	0.858474
-0.0066668	0.816005	0.578007
0.0498883	0.261233	0.963986
0.495669	0.084122	0.864428
-0.321641	-0.277594	0.905256
-0.391917	-0.125173	0.911445
0.210333	0.379867	0.900811
-0.696947	0.399933	0.595246
-0.78653	0.517544	0.336926
-0.0147719	0.360838	0.932511
0.392475	-0.0858781	0.915745
-0.189614	0.490323	0.850664
-0.523077	0.242013	0.817202
-0.127161	-0.453479	0.882149
0.459884	-0.252668	0.851273
0.268414	-0.578094	0.770559
-0.715175	0.0538508	0.696868
-0.122654	-0.336369	0.933709
-0.350481	0.258564	0.900171
0.397928	0.116058	0.910046
-0.0665339	-0.247712	0.966546
-0.455577	0.0552185	0.888482
-0.0570039	-0.162281	0.985097
0.448948	-0.22292	0.865305
-0.265352	-0.169502	0.949135
0.102242	0.319372	0.942098
-0.347058	-0.121873	0.929891
-0.000996193	0.282803	0.959178
-0.317617	-0.2847	0.90447
-0.510948	-0.217406	0.831665
0.934424	0.227631	0.273928
0.491177	0.226971	0.840969
0.0908911	-0.0699088	0.993404
-0.42246	0.414543	0.806028
-0.121608	-0.699319	0.704389
-0.401667	-0.2984	0.865807
0.651722	0.22769	0.723474
0.508868	0.312032	0.802303
-0.328837	-0.473864	0.816896
-0.117127	0.366068	0.923188
-0.0767633	-0.0501057	0.99579
-0.270435	0.425879	0.863419
-0.376852	0.204748	0.903361
0.830567	0.359253	0.425553
0.1914	0.00134381	0.981511
-0.131786	-0.241497	0.961411
0.167807	-0.118639	0.978655
-0.261041	0.205444	0.943213
0.59577	0.389099	0.70261
-0.193873	-0.289588	0.937311
0.16397	0.648989	0.742918
-0.132893	0.0796982	0.987921
-0.363319	-0.280606	0.888403
0.595153	0.550156	0.585765
-0.517479	-0.491273	0.700619
0.242516	-0.104309	0.964524
-0.00802906	0.395232	0.918546
-0.173386	0.309815	0.934854
-0.0507805	0.127538	0.990533
0.412718	-0.565324	0.714193
-0.23901	-0.445364	0.862858
0.267861	-0.0979932	0.958461
0.274487	0.917508	0.287813
-0.536321	0.194819	0.821222
0.00243251	-0.0941254	0.995557
-0.103803	0.270821	0.957017
-0.202103	-0.0443823	0.978358
-0.227777	0.628237	0.743933
-0.75507	-0.42574	0.498613
0.271611	-0.0738358	0.959571
-0.680317	-0.428969	0.594268
-0.3496	-0.0681634	0.934416
0.180767	-0.672506	0.717676
-0.190264	0.312051	0.930819
0.7942	0.454672	0.403138
0.18179	-0.344691	0.920945
0.0645812	-0.404387	0.912305
0.393768	-0.0604843	0.917218
-0.169698	-0.134269	0.976306
0.411707	0.505944	0.757969
-0.100687	0.120131	0.987639
-0.307098	0.588607	0.747819
-0.672592	-0.0769302	0.736004
-0.19879	-0.0498899	0.978771
-0.212624	0.0650134	0.974969
0.207902	0.0252092	0.977825
0.419507	-0.425773	0.801705
-0.100879	0.70497	0.702026
-0.664874	0.135485	0.734565
-0.390612	-0.0876534	0.916373
-0.598367	-0.337012	0.726897
-0.0834829	0.285659	0.954688
0.279767	-0.122317	0.952244
-0.215886	-0.286492	0.933443
-0.509203	0.174184	0.842836
-0.354966	0.59297	0.722762
0.189613	-0.0353537	0.981222
-0.237585	0.433872	0.869085
0.740798	-0.271984	0.614201
0.0626684	0.222984	0.972806
-0.263336	0.105948	0.958869
0.590361	-0.33003	0.736583
0.882365	0.301939	0.360923
0.31703	0.228001	0.920602
-0.119276	-0.743003	0.658574
0.263212	-0.0527557	0.963294
0.320524	0.26181	0.91034
-0.48782	-0.393462	0.779243
-0.246047	0.196927	0.949042
-0.672504	0.153588	0.723981
-0.081125	0.260162	0.962151
0.31585	-0.473318	0.822319
-0.300232	0.123316	0.945862
-0.304094	0.125389	0.944354
0.562193	-0.0357814	0.826232
-0.184419	-0.0714445	0.980248
-0.426724	-0.00293026	0.904377
0.368152	0.523595	0.768317
-0.362728	0.237566	0.901105
-0.15783	0.463181	0.872097
-0.0672113	-0.019807	0.997542
0.213032	-0.725738	0.654158
0.0320397	0.556444	0.830267
0.00249788	0.092872	0.995675
-0.481005	0.325675	0.813984
-0.3653	0.0203255	0.930668
-0.00904313	0.201816	0.979382
0.327574	-0.214474	0.920161
-0.414361	-0.259082	0.872457
0.113544	0.0431009	0.992598
-0.2259	-0.625058	0.747176
0.443859	0.491791	0.749087
-0.254912	0.349709	0.901512
0.280419	0.210469	0.936519
0.570845	-0.146099	0.807955
-0.577227	-0.256611	0.775216
0.285472	-0.128765	0.949698
0.0550256	0.412909	0.909108
-0.691229	-0.273478	0.668889
-0.379937	-0.291228	0.877972
0.350617	0.655206	0.669158
0.200824	-0.773348	0.601334
-0.244387	0.141569	0.959288
0.437755	0.527342	0.728204
-0.364535	-0.0933394	0.9265
-0.024494	0.253401	0.967051
0.00514388	0.829616	0.55831
-0.161509	0.63534	0.755154
-0.185148	-0.240107	0.952927
-0.142688	0.575428	0.805309
0.142456	0.166765	0.975651
0.436671	0.300517	0.847943
-0.0928347	-0.11523	0.988991
0.247124	-0.761168	0.599627
0.26274	-0.28661	0.921316
0.363176	-0.329327	0.871577
0.00438816	-0.171158	0.985234
-0.218701	0.239543	0.945933
0.171809	0.0424388	0.984216
0.177511	-0.644757	0.74349
0.282932	0.289224	0.914494
-0.209583	0.803174	0.557662
-0.333404	-0.443108	0.832164
0.666877	0.157906	0.728245
-0.342419	0.301645	0.889809
-0.605613	0.283023	0.743728
-0.267863	-0.87145	0.410883
0.198245	-0.147521	0.968987
0.320574	0.306851	0.896144
0.221202	0.0102354	0.975174
0.446748	-0.116378	0.887058
-0.0518611	-0.463813	0.884414
0.464209	0.535391	0.705597
-0.160926	0.200233	0.966442
0.502476	0.2265	0.834396
-0.0745432	0.763807	0.641126
0.525791	0.00952411	0.85056
-0.383681	-0.204375	0.900566
0.560933	-0.119929	0.819128
0.0651282	0.298853	0.952074
-0.63845	0.209548	0.740588
-0.131014	0.374607	0.917881
-0.253322	-0.144583	0.956516
0.280481	0.250568	0.926578
0.0202453	0.27236	0.961982
-0.582324	-0.0901996	0.807938
0.312769	0.367566	0.875826
-0.279848	-0.509065	0.813964
0.954623	0.0350856	0.295741
-0.22828	0.31337	0.921785
-0.204056	0.279409	0.938239
0.0184188	-0.188748	0.981853
0.0234062	0.647267	0.761904
-0.312579	0.330473	0.890552
-0.174018	-0.0300716	0.984283
0.304249	-0.0135225	0.952497
0.115454	-0.304011	0.945647
-0.382049	-0.185263	0.905382
-0.686944	-0.00157781	0.726708
-0.437545	-0.406062	0.802289
-0.721632	-0.27203	0.63659
-0.464163	-0.10666	0.879305
0.683897	-0.439704	0.58219
-0.0518371	-0.293951	0.954414
0.223408	0.576883	0.785681
0.890144	0.115272	0.440859
0.749946	0.649419	0.125844
-0.500052	0.383454	0.776474
0.562479	0.0170289	0.826636
0.0529685	0.18571	0.981176
-0.323976	-0.0519166	0.94464
-0.447967	0.525529	0.723288
-0.1306	0.846186	0.516635
-0.166832	0.12014	0.978639
-0.0589179	0.41195	0.9093
0.597103	-0.0831301	0.797845
-0.656748	-0.398411	0.640274
-0.315965	0.318687	0.893647
0.304955	0.305251	0.902122
0.139493	0.239289	0.960876
-0.609989	0.0281502	0.791909
0.138472	-0.194032	0.971173
0.230138	0.00625685	0.973138
0.262819	0.468451	0.843492
-0.0789465	0.119484	0.989692
0.297216	-0.0109649	0.954747
-0.0954329	0.493721	0.864368
0.342744	0.116616	0.932163
0.66164	0.182629	0.727241
0.195747	0.414358	0.888814
-0.649196	0.218666	0.728512
-0.319318	0.000927969	0.947647
0.103225	0.0878896	0.990767
0.00838232	0.322938	0.946383
0.085475	-0.187496	0.978539
-0.235014	0.0954728	0.967292
-0.615729	-0.279497	0.736722
-0.0605161	-0.361518	0.930399
0.0607194	0.447739	0.8921
0.252964	-0.0897165	0.963307
0.252948	-0.00346334	0.967474
0.331599	-0.342636	0.879001
0.496949	-0.469663	0.729697
0.0821466	0.173455	0.98141
0.164998	-0.412422	0.895926
-0.185967	0.521435	0.83278
-0.0272138	0.660759	0.750104
0.796274	-0.195659	0.57242
-0.290913	0.208921	0.93366
0.0256522	-0.382725	0.923506
-0.156011	0.164574	0.973949
0.0408228	0.519669	0.853392
-0.39485	-0.35692	0.846582
0.473713	-0.0599426	0.878637
0.223889	-0.371437	0.90106
-0.134733	-0.735695	0.663777
0.631337	0.543372	0.553317
0.342724	-0.57051	0.746364
-0.223375	-0.692483	0.685982
0.34483	0.611691	0.711987
0.456914	-0.0425104	0.888494
-0.171468	-0.14414	0.974588
0.260885	-0.628396	0.732842
0.372727	0.355702	0.857059
-0.455164	0.112603	0.883259
-0.323725	-0.0536634	0.944628
-0.269299	0.322109	0.907592
0.0789045	-0.650679	0.755242
0.613564	-0.380596	0.691871
-0.148647	-0.262211	0.953493
-0.332827	0.458277	0.824141
0.537883	0.0126865	0.842924
-0.0907414	-0.121623	0.98842
-0.194202	-0.00201591	0.980959
-0.108687	-0.514903	0.850331
-0.631067	-0.323477	0.705065
0.187475	-0.193509	0.96302
0.0485744	-0.535587	0.843082
-0.0742095	0.529208	0.845241
-0.203302	-0.229377	0.951869
0.565625	-0.605317	0.560054
0.458191	-0.277962	0.844274
-0.875957	0.105757	0.470654
0.311355	-0.00447401	0.950283
0.444845	-0.15431	0.882214
0.178446	0.322442	0.929617
-0.429004	-0.215313	0.877266
0.10344	0.306083	0.946368
0.398565	0.236633	0.886087
-0.176919	0.609247	0.772993
0.153577	-0.14095	0.978032
0.329188	-0.462544	0.823218
-0.270648	0.147015	0.951386
0.614671	0.0607208	0.786443
-0.261503	0.603243	0.753468
-0.0996779	0.387036	0.916661
0.0445081	-0.0160912	0.998879
-0.38307	-0.606016	0.697138
0.6851	-0.430492	0.587634
0.846056	0.134398	0.515874
-0.49945	-0.131359	0.856326
-0.220662	-0.422105	0.879281
-0.111455	-0.202039	0.973015
0.0974637	-0.381454	0.919235
-0.283871	0.0428458	0.957905
0.34714	-0.0591854	0.935944
0.678211	0.464597	0.569368
0.618218	0.382329	0.686754
0.483815	0.52907	0.697143
0.127904	-0.0929319	0.987423
0.058483	-0.833286	0.54974
0.122468	-0.482324	0.86739
0.357361	0.00383078	0.933958
-0.0498474	-0.170688	0.984063
0.116257	-0.6302	0.767679
-0.0513849	0.477859	0.876933
-0.0432484	0.0584752	0.997352
0.345516	-0.0719241	0.935652
0.15352	0.0224681	0.98789
0.127201	0.126722	0.983749
-0.637817	-0.0922249	0.764646
0.138202	0.218578	0.965983
0.00897179	0.147225	0.989062
-0.138638	0.393905	0.908636
-0.352849	-0.0267231	0.935298
0.0189777	-0.0245	0.99952
0.4586	0.326522	0.82648
0.536855	-0.139625	0.83204
0.0382354	0.742549	0.668699
0.291377	-0.279339	0.914915
-0.288202	0.618812	0.730761
-0.738959	-0.208247	0.640759
-0.0733237	-0.0962012	0.992658
-0.199303	0.424744	0.883103
-0.0278853	-0.0033172	0.999606
-0.0795125	-0.115987	0.990063
0.00075302	-0.352008	0.935997
0.265799	-0.00923135	0.963984
-0.276859	0.134346	0.951473
-0.289223	0.265409	0.919733
-0.0527446	-0.146834	0.987754
-0.0451052	-0.343457	0.938085
0.420807	0.20629	0.883383
0.299187	0.611867	0.732193
0.393654	0.398554	0.828367
-0.171823	0.487648	0.855965
-0.359838	-0.293571	0.885626
-0.414017	0.284067	0.86481
-0.139987	-0.594167	0.792067
-0.117143	0.71333	0.690968
-0.0245341	0.298296	0.954158
0.081711	0.201789	0.976015
0.312768	0.677441	0.66577
0.914558	-0.0219308	-0.40386
-0.396358	-0.079353	0.91466
0.38569	-0.324383	0.863724
0.735725	0.00577015	0.677256
0.4598	0.279635	0.842845
-0.210421	0.524618	0.824923
-0.586871	0.266824	0.764452
-0.0372829	0.189179	0.981234
-0.207492	-0.277307	0.938109
0.379888	0.534019	0.755321
-0.540956	-0.159543	0.82578
0.224107	-0.0177926	0.974402
-0.140618	-0.578286	0.803624
-0.0599565	-0.369132	0.927441
-0.325611	0.176346	0.928913
0.0959409	-0.741908	0.663602
0.228292	0.13081	0.964765
0.374846	-0.385196	0.843276
-0.507595	-0.267753	0.818935
0.00962117	0.143781	0.989563
-0.0477841	-0.352139	0.934727
-0.249168	0.365225	0.896954
-0.199858	-0.798335	0.568083
0.348638	-0.393618	0.850598
-0.124083	-0.428513	0.894975
-0.390759	0.127175	0.911666
-0.249267	0.175175	0.95246
-0.319193	0.00907898	0.947646
0.102808	0.398063	0.911579
-0.0368541	-0.207695	0.977499
-0.100756	-0.646756	0.756013
-0.688897	0.0793169	0.720507
0.468315	0.210832	0.858039
0.12624	-0.273854	0.95345
-0.625058	0.459412	0.631065
-0.0265313	-0.369937	0.928678
-0.0955448	-0.0585912	0.993699
-0.707303	0.426574	0.563699
0.202048	-0.326373	0.923394
-0.0992796	0.492239	0.86478
-0.486572	-0.0170081	0.873475
-0.356692	-0.740313	0.569831
0.258077	0.232473	0.937738
0.309236	-0.552031	0.774361
0.0569026	-0.383155	0.92193
0.536718	-0.315654	0.782494
0.66619	0.32128	0.67303
-0.199309	0.175738	0.96405
-0.284065	0.181776	0.941416
0.428306	-0.148979	0.891268
0.0988309	-0.0788183	0.991978
0.227825	0.685517	0.691493
-0.104721	0.0340194	0.99392
0.500148	0.598654	0.625672
0.195473	0.175633	0.964854
-0.443908	-0.0614769	0.893961
-0.0666865	0.679666	0.730484
-0.361764	0.684974	0.632406
0.541693	0.0289109	0.840079
0.0961083	-0.362949	0.92684
0.9517	0.0633896	0.300416
0.266492	-0.457975	0.848081
-0.0587358	0.225707	0.972423
0.409574	-0.427585	0.805866
-0.519193	-0.0442295	0.853512
0.686835	0.0225795	0.726462
-0.206017	0.252174	0.945497
0.329932	-0.0486361	0.942751
0.468767	-0.0625067	0.881108
0.249255	-0.382434	0.889728
0.821508	0.124719	0.55639
0.298076	0.31585	0.900772
0.0427721	0.367289	0.929123
-0.52648	0.0692943	0.847359
-0.227663	-0.412162	0.882209
-0.199257	-0.407082	0.891393
-0.32106	-0.524731	0.788402
-0.161619	-0.160177	0.973767
0.0507152	-0.105533	0.993122
0.0874236	-0.238076	0.967304
-0.684356	-0.0706144	0.725721
0.328809	-0.624995	0.708001
-0.0519812	0.0179457	0.998487
-0.390178	0.228164	0.892021
-0.697328	0.0305857	0.7161
-0.16316	0.116681	0.979676
-0.223659	0.760538	0.609556
0.209305	-0.786657	0.580829
0.10341	-0.130462	0.986046
-0.453577	0.257321	0.853261
0.0627305	-0.0237953	0.997747
-0.743485	0.206406	0.636102
0.815652	-0.0452559	0.57677
0.285416	0.387987	0.876358
0.0895898	0.350888	0.932122
-0.392873	-0.0246235	0.919263
0.0203359	0.234658	0.971865
-0.307925	-0.460982	0.832272
-0.142349	0.321386	0.936188
0.172748	0.390638	0.90419
0.377632	-0.703854	0.60165
-0.164721	0.538454	0.826398
-0.138936	-0.348985	0.926772
-0.273966	-0.67833	0.681771
-0.41593	-0.043217	0.908369
0.128786	-0.0483353	0.990494
0.117069	-0.508361	0.853149
0.338003	-0.618694	0.709205
0.707269	-0.00885633	0.706889
-0.183659	-0.591866	0.784834
-0.0118271	-0.53505	0.844737
-0.133422	-0.198191	0.97104
0.216406	-0.11826	0.969114
0.168071	0.0990483	0.980786
0.486615	-0.241522	0.839567
0.558214	0.807848	-0.189151
0.511541	0.11156	0.851986
0.337514	-0.325389	0.883293
-0.116739	-0.205606	0.971647
-0.158484	0.542713	0.824831
0.0164533	-0.251608	0.967689
0.802035	-0.239077	0.547341
0.053452	-0.0460194	0.997509
0.056547	-0.361185	0.930778
0.108024	-0.162795	0.980729
0.56419	-0.186079	0.804403
0.959161	0.140273	0.245627
-0.756418	-0.442153	0.48201
-0.0423697	-0.603972	0.795879
-0.33469	0.295591	0.894767
-0.346434	0.0540941	0.936513
0.284612	0.115036	0.951716
-0.249602	-0.115816	0.961398
-0.089851	-0.0608693	0.994093
-0.159236	0.176514	0.971332
0.131802	0.122967	0.983619
0.213763	-0.489648	0.845311
-0.368111	-0.146267	0.918205
-0.162243	-0.663335	0.730523
-0.238767	0.0937316	0.966543
0.211082	-0.306203	0.928269
-0.539681	0.251875	0.803308
-0.170085	0.100116	0.980331
0.629143	-0.27637	0.726498
-0.109949	0.161514	0.980727
-0.0658936	-0.200213	0.977534
-0.129823	0.252688	0.958799
0.113748	-0.0239281	0.993221
-0.400092	-0.217494	0.890294
-0.377539	-0.799202	0.467697
0.413991	-0.511679	0.752859
-0.293225	0.185911	0.937793
0.44816	0.0579284	0.892075
-0.18185	-0.32599	0.927718
-0.324086	0.549011	0.770425
-0.397084	-0.0675625	0.915292
0.497071	-0.396352	0.771898
0.277021	0.0581892	0.9591
0.228686	0.156224	0.960883
0.0904595	-0.199087	0.975798
-0.495325	0.408198	0.76683
0.608699	0.342157	0.715831
-0.340594	-0.500199	0.796113
-0.43306	-0.0470123	0.900138
-0.187174	-0.102425	0.976972
0.204532	0.0110768	0.978797
-0.400921	-0.350617	0.846363
-0.41736	0.656951	0.627875
0.735168	-0.0816327	0.672952
-0.492231	-0.105305	0.864071
-0.0499124	0.0294312	0.99832
-0.0442187	-0.642272	0.765201
0.929011	0.24986	0.272964
-0.406374	-0.0400388	0.912829
0.183223	-0.660784	0.727869
0.373951	0.314254	0.872585
-0.0123694	-0.32955	0.944057
-0.394821	-0.00191008	0.918756
0.731265	0.0764132	0.6778
0.145879	0.586812	0.796474
-0.200383	0.350799	0.91476
0.316718	0.641214	0.698952
0.520099	-0.69659	0.494227
-0.520196	-0.124148	0.844975
-0.480418	0.500725	0.720051
-0.579817	-0.254854	0.773861
0.0591304	0.328771	0.942557
0.221055	-0.305645	0.926129
-0.645653	-0.432921	0.629056
0.611294	-0.254817	0.749258
-0.0888897	-0.0357756	0.995399
-0.154351	0.112033	0.981644
-0.15871	0.53293	0.831142
0.00741074	-0.279639	0.960077
0.382681	-0.218901	0.897573
0.453903	-0.224277	0.862364
0.525279	-0.390341	0.756119
-0.202473	0.334953	0.920223
0.418351	0.167899	0.892633
-0.411011	0.444599	0.795865
-0.850786	0.116115	0.512524
0.163166	0.352845	0.921345
0.278232	0.448265	0.849497
-0.656284	0.0578353	0.752294
0.114727	0.0624146	0.991434
0.410065	0.189532	0.892146
-0.00512613	-0.0837491	0.996474
-0.158376	-0.169258	0.972764
-0.209124	0.640704	0.738759
-0.00958376	0.641835	0.766783
-0.469237	-0.730194	0.496622
-0.251693	-0.313263	0.915706
0.408212	-0.619032	0.670941
-0.0415511	0.219737	0.974674
-0.477023	0.218899	0.851194
0.384639	-0.259083	0.885962
-0.615394	-0.0891883	0.783157
0.188114	-0.691682	0.697273
0.106821	-0.253492	0.961422
0.140567	0.384309	0.91244
-0.012175	0.460607	0.887521
-0.164102	-0.403889	0.899969
-0.43982	0.1745	0.88097
-0.167193	0.479596	0.861414
-0.449974	0.421115	0.787519
-0.320061	0.653755	0.685686
-0.120394	-0.0144726	0.992621
0.182374	-0.00262726	0.983226
0.675193	-0.370624	0.637771
-0.627917	0.390157	0.673423
0.153087	0.0529444	0.986793
0.17129	0.630909	0.756712
0.149686	0.326521	0.933262
-0.237061	0.000833587	0.971494
0.404554	0.414627	0.81512
-0.566375	0.139127	0.812319
-0.436521	-0.500748	0.747463
-0.642812	0.537472	0.545818
-0.0899249	0.463408	0.88157
-0.0838224	-0.2362	0.968082
0.376118	-0.570926	0.72978
0.266058	0.885422	0.381106
-0.985292	-0.15768	0.065848
-0.373733	-0.0889733	0.923259
-0.726676	-0.429612	0.536074
-0.0802359	0.48144	0.872799
-0.00698962	0.252807	0.967492
-0.136802	0.144057	0.980068
0.177396	0.18405	0.966776
-0.311322	0.205179	0.92789
0.780341	-0.13205	0.611253
-0.600746	-0.341132	0.723003
0.0609345	0.160128	0.985214
-0.760495	0.246968	0.600545
-0.236197	0.217818	0.946978
0.0643319	0.201586	0.977356
-0.53524	-0.762715	0.36302
0.742573	0.440556	0.504477
-0.144072	0.590714	0.793915
-0.111566	-0.414274	0.903288
0.295738	0.278098	0.913893
-0.153449	-0.0334354	0.987591
-0.101229	0.992318	0.0711239
-0.591179	-0.259516	0.763648
-0.408882	0.178859	0.894888
0.157334	-0.268823	0.950253
0.0211586	-0.154871	0.987708
-0.0306483	-0.116286	0.992743
0.441836	0.163961	0.881985
0.545251	0.115409	0.830291
-0.695333	0.257797	0.670859
-0.385134	0.326769	0.863073
-0.293808	-0.483809	0.824382
-0.0690216	0.327707	0.942255
-0.00366178	-0.333926	0.942592
0.0192025	0.173573	0.984634
0.037492	-0.382923	0.923019
-0.160269	0.378998	0.911413
-0.389026	-0.244767	0.888115
0.438116	0.360869	0.823303
0.53458	0.416981	0.735086
0.768739	-0.47262	0.430894
0.301611	0.136406	0.943623
0.217716	0.140753	0.96581
-0.206644	0.229496	0.95112
-0.321577	0.495589	0.806833
-0.106291	0.544375	0.832081
0.359573	-0.21715	0.907498
-0.560374	-0.431469	0.706976
0.684761	0.649621	0.330295
0.41536	-0.466984	0.780642
-0.33426	-0.20813	0.919213
-0.427824	-0.0995976	0.898358
0.956956	0.0804123	0.27887
0.156503	0.0171559	0.987528
0.0375091	0.449747	0.892368
-0.109255	0.268548	0.95705
0.00521959	0.149828	0.988698
-0.0035448	0.229212	0.97337
0.514253	-0.228455	0.826651
0.0739984	0.562284	0.823627
-0.241268	-0.0247967	0.970142
-0.702764	0.0996274	0.704413
-0.177193	0.326834	0.928322
-0.593015	-0.40383	0.696602
0.433909	0.288663	0.853462
-0.28133	-0.245822	0.927591
0.166054	0.921028	0.352326
-0.385496	-0.307503	0.869962
-0.105573	-0.426178	0.898458
-0.571501	0.144428	0.807791
-0.475545	-0.186612	0.85967
-0.150358	-0.319708	0.93551
0.0889515	0.170419	0.981349
-0.133358	-0.187865	0.973099
-0.0288771	0.0820284	0.996212
-0.502038	-0.559385	0.65958
0.191879	-0.497399	0.846036
-0.586268	-0.259813	0.767324
-0.373371	-0.48776	0.789103
-0.55305	0.0338327	0.832461
0.053684	0.0665592	0.996337
0.400185	0.327801	0.855803
0.773682	-0.543698	0.325283
-0.486368	0.099066	0.86812
0.370855	-0.283252	0.88444
-0.0421773	-0.0355537	0.998477
-0.544757	-0.332522	0.76985
-0.201416	0.30523	0.930734
0.0454481	-0.203921	0.977932
-0.329931	0.328588	0.884972
-0.00558054	0.16183	0.986803
-0.0629162	0.0483288	0.996848
-0.931006	-0.0161248	0.364648
-0.417706	0.611393	0.672102
-0.0166157	0.0710214	0.997336
0.334042	-0.177132	0.925764
-0.116964	-0.739518	0.662897
0.266491	-0.20238	0.942351
-0.729314	0.111365	0.675054
-0.460271	0.350149	0.81581
0.777037	0.151995	0.610828
0.534077	0.31961	0.782695
0.197401	-0.77823	0.596147
0.679201	0.303528	0.668249
0.74297	-0.507708	0.436152
-0.3815	0.567439	0.729706
-0.412039	0.681546	0.604748
0.144187	-0.0212645	0.989322
0.137822	0.0631128	0.988444
0.372573	-0.435736	0.819343
0.077279	0.281445	0.95646
0.0980674	-0.135878	0.98586
0.30349	0.264068	0.915512
-0.630875	-0.00837946	0.775839
0.47264	-0.190081	0.860512
0.344864	-0.700505	0.624789
-0.385087	-0.295351	0.874343
0.429509	0.209451	0.878437
0.137981	-0.778767	0.61195
0.300622	0.28876	0.90898
-0.546259	-0.343865	0.763779
0.14234	-0.220838	0.964868
-0.530192	-0.336027	0.778449
0.199484	-0.474836	0.857168
-0.11619	0.44115	0.88988
-0.0929822	-0.858376	0.504525
-0.496538	0.0422476	0.866986
0.299383	-0.105456	0.948287
-0.0302809	-0.185244	0.982226
-0.555683	-0.13361	0.820588
0.254766	-0.3601	0.897453
-0.0805963	-0.54568	0.834109
-0.1713	-0.00716127	0.985193
-0.193662	-0.123831	0.973222
0.147277	0.0968097	0.984346
-0.31229	0.155016	0.937254
-0.125292	-0.578384	0.806086
0.571981	-0.167623	0.802957
0.273728	0.0233351	0.961524
0.184245	-0.247676	0.951163
-0.303807	0.0989308	0.947583
-0.721277	-0.52896	0.44717
-0.842043	-0.0754547	0.534106
0.245097	0.117269	0.96238
-0.191527	-0.173779	0.96598
0.485845	-0.785656	0.383013
0.356455	0.279083	0.891657
0.24423	-0.332373	0.910978
0.0821657	0.397538	0.9139
0.00306171	0.526612	0.8501
-0.104635	-0.588923	0.801387
-0.440213	-0.139661	0.886965
0.176237	0.0672427	0.982048
-0.392103	0.2062	0.896514
-0.628392	-0.031129	0.777274
-0.366386	-0.137606	0.920231
0.126793	0.12427	0.984114
0.170273	-0.0769603	0.982387
0.0932468	0.144354	0.985123
-0.062888	-0.122461	0.990479
0.0191329	0.0812994	0.996506
-0.326199	-0.236199	0.915317
-0.196009	0.159932	0.967472
0.459653	0.887781	-0.0237544
-0.060046	0.626069	0.777452
-0.472839	0.273697	0.837564
0.408353	-0.687104	0.600945
0.207148	-0.145628	0.96741
-0.169297	-0.343764	0.923669
-0.20306	-0.27482	0.939809
0.248324	-0.0797312	0.96539
0.118771	-0.0554819	0.99137
-0.253221	0.306798	0.917471
0.391569	-0.321317	0.862223
0.227805	-0.326867	0.917204
0.254583	0.271413	0.928182
-0.216306	-0.457034	0.862746
-0.0177469	-0.128045	0.99161
-0.0569231	-0.0181371	0.998214
0.104578	-0.19693	0.974824
-0.258297	0.554999	0.790733
0.587712	-0.321206	0.742577
0.0613271	0.212061	0.97533
-0.385415	0.139566	0.912127
0.0511519	0.208715	0.976638
0.148014	-0.386989	0.910127
-0.79533	-0.280089	0.537588
0.497655	0.119538	0.859099
0.231958	0.79991	0.553479
-0.186183	-0.389164	0.902157
0.464514	0.18774	0.865436
-0.494356	0.704756	0.508852
0.66747	0.0370139	0.743716
0.558162	-0.010402	0.829667
0.353083	-0.474225	0.806501
-0.602454	0.447222	0.661091
0.299433	-0.112929	0.947411
0.308258	-0.237399	0.921205
-0.0212721	-0.221893	0.974839
0.593067	-0.110441	0.797543
0.257984	0.188163	0.947649
0.0404173	-0.174164	0.983887
-0.276809	-0.337279	0.899789
0.258629	-0.30421	0.916825
-0.623697	0.222372	0.749368
0.112593	-0.394648	0.911908
-0.0916963	-0.377382	0.921507
0.356539	0.100517	0.928857
-0.447747	-0.485355	0.750968
-0.372229	-0.754931	0.539931
0.0809118	-0.19193	0.978068
-0.598676	0.358603	0.716234
-0.479952	0.46107	0.746364
-0.0546314	0.253135	0.965887
0.364144	0.37386	0.853011
-0.107524	0.51105	0.852799
-0.2203	-0.305798	0.926259
0.546037	-0.461078	0.699464
-0.648132	0.450414	0.614046
0.0209463	0.247458	0.968672
0.348543	0.340933	0.873088
-0.139642	0.57793	0.804051
-0.0429224	-0.0776324	0.996058
0.0685105	0.00327795	0.997645
-0.0527115	0.0427	0.997696
0.774505	-0.226062	0.590794
0.140582	0.679983	0.719625
-0.0405185	0.559432	0.827885
0.280363	-0.0869076	0.955952
0.511432	-0.0830282	0.855303
0.257584	0.247326	0.934066
0.720696	-0.174071	0.671042
-0.440601	-0.18939	0.877498
0.323668	0.224598	0.919127
-0.286067	0.599769	0.74729
0.490859	-0.236584	0.838502
0.344827	0.176722	0.92188
-0.0348345	-0.0204218	0.999184
0.419493	-0.395194	0.817219
-0.449398	0.602119	0.65992
-0.0792805	-0.00504529	0.99684
-0.516376	0.219143	0.827848
-0.268473	0.258379	0.927988
0.711801	0.402138	0.575869
-0.300207	0.853451	0.426024
-0.450425	-0.672566	0.587174
0.199699	-0.234443	0.951397
0.152771	-0.150277	0.976769
-0.0813285	-0.089694	0.992643
-0.405536	-0.0379412	0.913292
-0.175031	0.388032	0.904873
0.177772	0.050013	0.9828
-0.0713341	-0.375398	0.924115
0.617374	-0.470431	0.630511
0.648011	-0.14208	0.748261
-0.289409	-0.0703376	0.954618
0.0248585	-0.0269233	0.999328
-0.249647	0.483773	0.838833
-0.239289	-0.0145529	0.970839
-0.361924	-0.29164	0.885414
0.527539	-0.299308	0.795058
0.414819	0.225134	0.881612
-0.164415	0.0644301	0.984285
0.0567238	0.313606	0.947857
-0.0814636	-0.145264	0.986033
-0.0745436	-0.373273	0.924722
0.437087	-0.443656	0.782383
0.82097	-0.11018	0.560239
-0.278782	-0.288481	0.916002
0.634423	0.43262	0.640584
-0.0395853	-0.294932	0.954698
0.0420301	-0.33731	0.940455
0.027337	-0.093012	0.99529
0.0248353	0.000130182	0.999692
-0.0590051	-0.1291	0.989875
-0.59256	-0.120116	0.79652
-0.0735228	-0.00658836	0.997272
0.467832	0.0869005	0.879535
-0.354011	-0.00280821	0.935237
0.283859	-0.801166	0.526837
-0.0598019	0.00483231	0.998199
-0.25008	-0.736732	0.62824
-0.316761	-0.193996	0.928455
-0.281022	-0.140481	0.949364
-0.322256	0.21261	0.922469
0.324146	-0.169055	0.930779
0.804303	-0.129033	0.580041
-0.416146	0.261183	0.87098
0.28179	0.398543	0.872788
0.480478	-0.209834	0.851534
-0.498347	0.132963	0.856721
0.281824	0.240711	0.928781
-0.203222	0.115424	0.972305
0.206437	-0.622617	0.754806
0.307971	-0.19375	0.931459
-0.164882	-0.00515164	0.9863
0.50091	0.100083	0.859693
-0.193505	0.0199257	0.980897
-0.204014	0.598759	0.77451
0.0415118	-0.351156	0.935396
-0.397014	0.0967122	0.912703
0.537153	0.0702512	0.840554
0.627749	0.00879712	0.778366
0.190644	0.0955937	0.976994
0.112996	-0.298003	0.947853
-0.207124	0.584773	0.784309
-0.605144	-0.230496	0.762019
0.476452	0.576417	0.66388
0.223322	0.249496	0.942273
0.435793	0.230318	0.870079
0.408559	0.520153	0.750013
0.439691	-0.350092	0.827108
-0.486885	-0.127851	0.864059
-0.468718	0.0163955	0.883196
-0.0909864	-0.239252	0.966685
-0.137235	-0.320014	0.937421
0.0633726	0.104679	0.992485
0.506059	0.282087	0.815065
0.0502568	-0.0512139	0.997422
-0.69831	0.117445	0.706095
-0.401195	0.138054	0.905529
-0.296662	-0.00389365	0.954975
0.465041	-0.233804	0.853857
0.252039	-0.445694	0.858972
-0.256035	-0.3695	0.893261
-0.454905	0.0654746	0.88813
-0.25823	-0.212699	0.942378
-0.492231	0.279529	0.824362
0.536499	0.0817639	0.83993
-0.40499	-0.18866	0.894646
0.0947632	0.024976	0.995186
0.542139	-0.533221	0.649431
0.260642	-0.255431	0.931032
-0.325817	0.133705	0.935931
-0.018265	-0.173001	0.984752
0.0400433	0.159625	0.986365
-0.112949	0.164203	0.979939
-0.239577	-0.588921	0.771865
-0.51204	0.172834	0.841394
-0.56201	-0.19181	0.804583
0.183067	-0.204749	0.961543
-0.809361	-0.188379	0.556281
0.335596	0.730857	0.594326
-0.199731	0.0510983	0.978517
-0.72192	0.192397	0.664692
0.144297	-0.346149	0.927016
-0.549588	0.161261	0.819725
0.0713394	-0.0856317	0.99377
-0.425	0.0699323	0.902488
-0.223231	-0.0109255	0.974704
-0.305388	-0.421017	0.854098
0.0914006	0.127782	0.987582
0.382709	0.188541	0.904426
0.539845	-0.145221	0.829143
0.188504	0.545861	0.816396
0.361593	0.461707	0.809986
0.211344	0.321704	0.922952
-0.0727945	-0.237274	0.968711
-0.0911621	0.0239628	0.995548
0.449632	0.0425162	0.892201
-0.126044	0.236611	0.963394
0.0795232	-0.337629	0.937914
0.00284378	0.0410289	0.999154
0.497629	0.267027	0.825265
0.367649	-0.472516	0.800976
0.662148	-0.0353987	0.748537
0.494673	0.398552	0.772305
-0.0522425	0.451167	0.890909
-0.35254	0.364315	0.861969
0.135377	-0.22841	0.964107
-0.0671018	0.355397	0.932304
0.153256	-0.443732	0.882958
0.395059	0.602645	0.693359
0.0884747	0.543643	0.834641
0.414483	-0.426758	0.803792
-0.0546023	-0.214792	0.975132
0.564234	0.190831	0.803258
0.587342	-0.0893034	0.804397
-0.0967118	0.28533	0.953537
-0.263647	0.521441	0.811536
0.755862	0.0894765	0.648588
-0.430181	-0.181359	0.884338
-0.264213	0.575392	0.774025
0.328089	0.647419	0.687899
0.170894	-0.182538	0.968233
0.436423	-0.639467	0.632943
0.34809	-0.255737	0.901905
-0.0858587	0.474379	0.876124
0.244882	-0.600822	0.76095
-0.595406	-0.119736	0.794453
-0.0277135	0.191909	0.981021
-0.664484	0.245777	0.70573
-0.745666	-0.343342	0.57105
-0.271147	-0.0416346	0.961637
-0.168316	-0.163281	0.972116
0.181428	0.537048	0.82381
0.156795	-0.689574	0.707038
-0.822843	0.324983	0.466171
-0.140985	0.0875132	0.986136
0.182589	-0.178846	0.966786
-0.332671	-0.116999	0.935757
-0.10386	0.274415	0.955986
-0.0358832	0.601643	0.797959
-0.507987	-0.48798	0.709806
-0.796592	-0.422939	0.43193
-0.276392	0.225001	0.934335
-0.518171	-0.270674	0.811316
-0.424838	-0.586895	0.689251
0.0671085	-0.00595553	0.997728
-0.357267	0.39104	0.848203
-0.05593	0.367878	0.928191
-0.216886	0.641795	0.735568
-0.165293	0.1705	0.971395
-0.250764	0.321455	0.913118
0.00893217	0.523907	0.851729
0.104362	0.264633	0.958686
0.631072	0.170977	0.756647
-0.115611	-0.208084	0.971254
-0.328243	0.022405	0.944327
0.237383	0.435273	0.868439
-0.26477	0.365053	0.892543
0.849203	-0.169303	0.500191
0.0125563	-0.175069	0.984476
0.635338	-0.0235946	0.771874
-0.190494	0.627753	0.754744
0.466793	0.482429	0.741192
0.569646	0.0988365	0.815926
0.485911	0.550965	0.678475
0.116162	-0.321288	0.93983
-0.329899	0.359916	0.872712
0.0441079	-0.339815	0.939457
-0.358392	-0.273026	0.892755
0.490621	0.319823	0.810558
0.278483	-0.43606	0.855744
0.285626	-0.0747355	0.955423
0.481901	0.266484	0.83472
-0.306528	0.314088	0.898548
0.149081	-0.0358415	0.988175
0.523225	-0.427747	0.737067
-0.646962	-0.452449	0.613784
-0.0960162	-0.292518	0.951427
0.194392	0.211754	0.957796
-0.741992	-0.0447649	0.668912
0.302667	0.0823544	0.949532
0.383476	-0.197307	0.902228
0.609311	-0.657059	0.443863
-0.18128	-0.290558	0.939528
0.229294	-0.0455178	0.972292
0.0720804	-0.0489673	0.996196
0.449775	-0.0284537	0.892689
-0.04443	0.240562	0.969616
-0.0858681	0.325245	0.941723
0.124812	0.112104	0.985827
-0.357146	0.27072	0.893956
-0.194839	0.307418	0.931414
-0.00721981	-0.752434	0.658628
0.507778	0.24156	0.826928
0.292686	-0.410437	0.863641
-0.210944	0.54742	0.809836
0.161538	-0.230149	0.959655
-0.372089	-0.279177	0.885217
0.374995	0.221357	0.900211
-0.0135581	-0.679821	0.733252
-0.218407	-0.36215	0.906171
0.0550811	-0.090225	0.994397
0.0436488	0.480131	0.87611
0.376641	0.0575699	0.924569
0.305123	0.465937	0.830543
-0.0697887	0.0719904	0.994961
0.018061	0.218823	0.975597
0.197213	-0.494721	0.846379
0.209434	0.600128	0.772
0.380454	-0.144391	0.913458
-0.44958	0.062244	0.891069
-0.418977	0.0538103	0.906401
0.446389	0.0127296	0.894749
0.144895	0.208922	0.967138
-0.0813612	-0.387442	0.918297
0.729288	-0.0174373	0.683984
0.33726	-0.133815	0.931853
0.104433	-0.149724	0.983197
0.0622333	-0.0961011	0.993424
0.427462	0.617123	0.660633
-0.104335	-0.307047	0.945958
0.064956	-0.441876	0.894722
-0.245509	-0.595466	0.764948
0.460266	-0.167632	0.871811
0.670018	-0.33485	0.662534
0.0686636	0.668253	0.740759
-0.332826	-0.192185	0.923196
0.527452	-0.0303114	0.849044
0.0289856	-0.0404981	0.998759
-0.0393477	-0.528764	0.847857
0.793724	-0.291478	0.533894
0.0745391	-0.701902	0.708363
0.176903	0.33197	0.926554
0.15384	0.0365449	0.98742
-0.112497	0.303025	0.946319
-0.395585	-0.0416194	0.917486
0.173949	-0.216084	0.960755
-0.216473	0.153011	0.964224
0.600457	-0.115971	0.791203
0.335656	0.30459	0.891381
0.238642	0.210631	0.94799
-0.189016	-0.36058	0.913376
0.177977	0.517644	0.83688
0.0536901	0.0206654	0.998344
-0.118395	0.0218721	0.992726
-0.325671	0.339092	0.882585
0.476002	0.553786	0.683186
0.180371	0.756654	0.628444
-0.355514	-0.261618	0.89731
0.267585	-0.420417	0.866976
0.581462	0.37723	0.720833
-0.421055	-0.0708873	0.904261
-0.449241	0.263798	0.853577
-0.00870873	0.803778	0.594865
-0.265465	0.126059	0.955844
0.379332	-0.462353	0.801459
0.36472	0.158523	0.917524
0.111193	-0.66191	0.74129
0.175145	0.0203806	0.984332
-0.271081	-0.145816	0.951448
-0.130692	-0.414528	0.900603
0.303519	-0.594313	0.74476
-0.192494	-0.0984492	0.976347
0.0353275	0.219036	0.975077
-0.0184132	-0.127162	0.991711
0.222784	0.352339	0.908969
0.0493919	0.584752	0.809707
-0.503683	0.625232	0.596144
-0.176578	0.10739	0.978411
0.591302	0.278129	0.756972
-0.116606	0.283546	0.951843
0.691249	0.0761158	0.718597
0.333521	0.430974	0.838466
0.262583	0.489631	0.831452
0.572268	-0.364598	0.734559
0.0892355	-0.228163	0.969525
0.190051	-0.419842	0.887476
0.116724	0.192414	0.974347
0.39675	0.0552067	0.916265
0.24466	-0.0595387	0.967779
-0.184266	0.244382	0.95201
-0.453877	-0.297834	0.839816
-0.557325	0.00851885	0.830251
-0.0679085	0.602865	0.794948
-0.288518	0.731548	0.617734
-0.346285	0.556765	0.755049
0.299404	0.0510972	0.952757
0.436966	0.0364941	0.898737
-0.518563	0.319718	0.793015
-0.0738832	0.476261	0.876195
-0.157131	0.420968	0.893362
0.544218	0.448974	0.708695
-0.747272	-0.157674	0.645541
0.596697	-0.401834	0.694609
-0.114679	-0.397746	0.9103
0.453178	-0.496962	0.74004
0.156533	0.353277	0.92233
-0.354276	-0.395333	0.847467
0.720383	-0.21524	0.659333
-0.240002	-0.395958	0.88635
0.0804301	0.728852	0.67993
-0.321737	0.630918	0.705994
0.0553132	0.600683	0.797572
0.21092	0.146157	0.966515
0.259249	0.624636	0.736627
0.211739	0.121868	0.969698
-0.224391	-0.576629	0.785587
0.0212045	0.0542933	0.9983
0.0236065	0.594857	0.803485
-0.204138	0.0336279	0.978364
-0.279907	-0.0103794	0.959971
0.543361	-0.147095	0.826512
0.415426	0.472724	0.777144
-0.20569	0.0877814	0.974672
-0.0391452	-0.164419	0.985614
-0.483548	-0.0106074	0.875254
0.568075	0.148787	0.809415
-0.385435	0.186052	0.903784
-0.263991	-0.124541	0.956451
-0.361399	-0.534185	0.764223
0.0956293	-0.254716	0.962276
0.239777	-0.101224	0.965536
-0.414577	-0.334516	0.846301
0.584363	-0.36088	0.726832
-0.647172	0.610703	0.456301
-0.57074	0.394034	0.720412
-0.288497	-0.548511	0.784796
0.403349	-0.397296	0.824297
-0.170227	0.385064	0.907055
-0.194194	0.370162	0.908443
0.197873	0.0991548	0.9752
0.215875	0.728975	0.649611
-0.0191841	-0.0388338	0.999062
-0.00510499	0.240103	0.970734
0.345816	-0.718088	0.603954
0.389228	0.036137	0.920432
-0.191876	0.158543	0.968529
0.412994	0.0539902	0.909132
-0.00327049	-0.174151	0.984714
-0.331165	-0.217895	0.91807
-0.75723	-0.0863665	0.647413
-0.159599	-0.383716	0.909555
-0.285162	0.118898	0.951076
-0.113829	-0.0691997	0.991087
0.239019	0.260183	0.935508
0.363677	0.071417	0.928783
-0.0269409	0.136936	0.990213
-0.31237	0.149569	0.938112
0.354937	0.720558	0.595664
-0.0092139	0.34505	0.938539
-0.140245	0.149107	0.978825
0.395264	-0.419605	0.817128
0.213143	-0.336352	0.917299
-0.224992	0.624865	0.747611
-0.551256	0.234414	0.800729
-0.278813	0.273422	0.9206
-0.0989015	-0.526524	0.844388
-0.0257472	0.152003	0.988045
0.439476	-0.258795	0.860166
-0.490192	-0.104965	0.865271
0.111223	0.794849	0.596527
-0.243798	0.140193	0.95964
0.0505204	0.0451296	0.997703
0.527563	0.258907	0.809101
-0.293167	0.402771	0.86708
0.0632789	-0.314454	0.947161
-0.144808	-0.0908627	0.985279
0.0658214	-0.470836	0.879762
-0.267629	-0.00664655	0.963499
-0.364261	-0.206433	0.90813
-0.32309	-0.221141	0.920168
-0.0335045	-0.301256	0.952954
-0.282302	-0.508718	0.813334
-0.456719	-0.222925	0.861227
-0.00511808	0.32298	0.946392
0.437919	-0.743776	0.505
0.312911	0.0649574	0.947559
-0.204053	0.492808	0.845874
-0.271458	0.266854	0.924716
-0.50733	-0.430892	0.74629
-0.239254	-0.050135	0.969662
-0.312089	0.0500908	0.948732
-0.338442	0.243896	0.90883
0.0684676	-0.699958	0.710895
-0.872823	-0.339045	0.351039
-0.298661	0.182328	0.936781
-0.0318625	0.0779397	0.996449
0.384504	-0.494033	0.7798
-0.264309	0.294927	0.918237
0.322257	-0.488563	0.810837
0.392438	0.364044	0.844668
-0.611695	-0.777219	0.147512
0.0608536	-0.215285	0.974653
-0.0296449	0.290243	0.956494
-0.288689	-0.0732763	0.954615
-0.0602633	0.0459774	0.997123
0.152883	-0.959272	0.237537
-0.0977789	0.556261	0.825235
0.350027	-0.0937756	0.932034
-0.253988	0.104218	0.961576
-0.599791	0.102462	0.793569
0.284881	-0.651396	0.703225
-0.171473	-0.179778	0.968647
0.711419	0.0788825	0.698327
0.310037	0.405079	0.860109
-0.291097	0.0638576	0.95456
-0.170959	0.36562	0.914929
0.561932	0.073081	0.823948
-0.0101673	-0.785442	0.618852
-0.257868	-0.533238	0.805706
0.277665	-0.165378	0.946336
0.413571	-0.666756	0.619996
-0.384746	-0.480667	0.787991
-0.100851	0.418511	0.902595
0.370295	0.265839	0.890063
-0.0293046	0.216605	0.975819
-0.830984	0.0242889	0.555766
0.506237	0.364859	0.78141
-0.755773	-0.357862	0.5484
-0.738966	0.211457	0.6397
-0.45809	-0.324788	0.827446
-0.211608	-0.0984428	0.972384
-0.166155	-0.686177	0.708204
0.312374	-0.195887	0.929543
0.822407	-0.0947207	0.560959
-0.151396	0.157156	0.9759
-0.27637	0.324825	0.904494
-0.496087	-0.16157	0.853108
-0.343223	-0.194926	0.918805
0.41359	0.397668	0.819026
-0.074493	-0.400062	0.913456
-0.328163	0.318266	0.889391
0.494622	-0.840687	0.22044
-0.194084	-0.234467	0.952553
-0.120822	0.215429	0.969016
-0.114336	-0.306787	0.944886
-0.145248	-0.120757	0.981998
-0.158382	-0.363855	0.917891
-0.346251	0.299632	0.889006
0.0507797	-0.363825	0.930082
0.0254956	-0.154985	0.987588
-0.385301	0.50746	0.770732
-0.2735	0.283993	0.918992
0.115073	-0.541174	0.833
0.454215	0.64462	0.614942
-0.892694	0.144401	0.426902
-0.270335	0.125616	0.954536
-0.898292	0.384704	0.212307
-0.21575	0.391888	0.894358
0.010467	0.268652	0.96318
0.162511	0.22562	0.960565
0.776398	0.235863	0.584444
0.442461	-0.305014	0.843324
-0.555891	-0.00712977	0.831225
-0.0381511	-0.114497	0.992691
-0.0908757	0.0621445	0.993921
-0.34133	0.286371	0.895257
0.0829221	-0.454111	0.887078
0.00502836	-0.57943	0.815007
-0.0113166	-0.411206	0.911472
0.574314	0.726134	0.378011
-0.320854	0.283275	0.903774
0.588562	-0.454992	0.668264
0.385324	-0.280132	0.879233
-0.315564	-0.369256	0.874111
-0.0224334	-0.315289	0.948731
-0.298249	-0.339077	0.89223
-0.304424	0.23971	0.921881
0.0443486	0.700563	0.712211
-0.053068	-0.262886	0.963366
0.0200083	-0.314432	0.949069
0.324577	-0.189162	0.926751
0.27445	0.256964	0.926632
-0.528953	0.283032	0.800063
0.421327	0.549147	0.721749
-0.282459	0.345319	0.89497
-0.20294	-0.446369	0.871533
-0.121968	0.563691	0.816931
-0.0781111	0.152896	0.98515
-0.0452022	-0.0364916	0.998311
-0.409302	0.0944423	0.907498
0.40877	-0.222444	0.885114
0.276094	-0.387618	0.879502
-0.130632	0.502069	0.854905
0.57855	-0.310603	0.754192
-0.57842	0.125045	0.806098
0.64337	0.23815	0.727571
0.231462	0.11096	0.966495
-0.550197	0.2888	0.783503
-0.385408	0.192199	0.902508
0.0168198	-0.00392322	0.999851
-0.201823	0.184728	0.961843
-0.645884	0.278288	0.710908
-0.453353	0.519071	0.724594
-0.0708104	-0.09177	0.993259
-0.395536	-0.641959	0.656841
-0.288446	0.20898	0.934412
0.164023	0.478489	0.862638
-0.118377	0.760477	0.638484
-0.73808	-0.318815	0.594639
0.194968	0.528183	0.826444
-0.542493	-0.102444	0.83379
-0.149394	0.823537	0.547237
0.312196	0.145113	0.938869
0.00667634	0.41978	0.907601
-0.506734	0.335458	0.794159
0.444355	-0.207593	0.871466
0.145089	0.386738	0.910705
-0.450136	-0.146845	0.880803
-2.64769e-05	0.549956	0.835194
-0.570881	-0.530955	0.626244
-0.235481	0.639398	0.731928
-0.0400715	0.870899	0.489825
-0.0599206	-0.190497	0.979857
0.503432	0.578271	0.641996
-0.130973	0.717505	0.684129
-0.643311	-0.571746	0.509173
0.0815157	0.551474	0.8302
0.739622	0.373172	0.56009
0.321791	0.344755	0.881813
-0.35765	0.538089	0.763247
0.381788	0.0679968	0.921745
0.528933	0.469839	0.70674
-0.41196	0.058892	0.909297
0.314579	0.246747	0.9166
0.504779	0.527658	0.683209
0.267252	-0.203994	0.941787
-0.315929	0.241509	0.91753
-0.138522	0.613254	0.777645
-0.372509	0.557206	0.742131
-0.441854	0.398901	0.803519
0.770308	0.10478	0.629005
0.334394	-0.377228	0.863643
0.392769	-0.397295	0.829391
-0.00832462	-0.801285	0.598224
-0.10629	-0.350344	0.930571
-0.0074807	-0.343742	0.939034
-0.17574	-0.284789	0.942343
0.286507	0.165905	0.943604
-0.103341	-0.0974671	0.989859
-0.0948555	0.257577	0.961591
-0.120271	0.106205	0.987044
-0.47146	-0.283293	0.835147
-0.282753	0.0770372	0.956094
-0.0270037	-0.572313	0.819591
0.113873	-0.19553	0.974064
-0.0529887	-0.0680099	0.996276
-0.238731	0.92952	0.281069
0.175732	0.573589	0.800071
-0.289614	-0.331595	0.897869
-0.054778	0.511908	0.857292
-0.234728	-0.322854	0.91688
0.436314	-0.517994	0.73574
0.250324	-0.181244	0.951046
-0.647281	-0.582779	0.491321
0.163841	-0.311166	0.936126
-0.156514	0.0325928	0.987138
0.408559	-0.0092314	0.912685
-0.616366	-0.527357	0.584797
-0.130316	-0.046542	0.990379
-0.345126	0.376767	0.859613
-0.085749	0.291664	0.95267
0.484616	-0.149214	0.861906
-0.194395	-0.117108	0.973908
0.329557	-0.121116	0.936335
0.00687754	0.0451118	0.998958
0.361077	0.0948012	0.927705
0.26444	0.676677	0.687153
0.46693	0.0631901	0.882034
-0.408582	0.446129	0.79626
0.186673	-0.313049	0.931211
0.42637	0.130479	0.895089
-0.785071	-0.136881	0.604092
-0.655975	0.653654	0.377403
0.308176	-0.105958	0.94541
-0.162007	-0.102997	0.9814
-0.301588	0.476328	0.825927
0.124083	0.482967	0.866802
-0.132412	0.166044	0.977188
0.0539823	-0.715793	0.696223
-0.68214	0.370332	0.630508
-0.467269	-0.0128765	0.884021
-0.315819	-0.420862	0.850372
-0.0317938	-0.215125	0.976069
0.295488	0.862504	0.41082
-0.0981875	0.598748	0.794896
0.124723	0.285968	0.950088
0.279286	0.160649	0.946674
-0.102175	0.0576191	0.993096
-0.454555	-0.652544	0.606273
-0.32502	-0.00965016	0.945658
-0.422001	0.044021	0.905526
-0.0324986	0.690821	0.722295
0.128211	0.389862	0.911904
-0.583492	-0.144975	0.799074
0.369208	0.672941	0.640964
-0.139172	0.411419	0.900758
0.362867	0.0217511	0.931587
-0.811482	0.177434	0.556789
0.452355	0.00678512	0.891812
0.177016	0.401882	0.898419
-0.488884	-0.336153	0.80498
0.636889	0.418959	0.647183
0.186588	0.262314	0.946771
0.3379	-0.0509535	0.939802
-0.368569	-0.803555	0.467393
0.151623	-0.0754694	0.985553
0.322826	-0.26661	0.908131
0.194857	0.241114	0.950734
-0.3294	-0.182657	0.926354
0.117692	-0.286399	0.950854
-0.19445	0.0720162	0.978265
0.0902586	-0.494004	0.864762
0.133458	-0.0545642	0.989551
0.13387	-0.0314521	0.9905
-0.0715226	0.30145	0.950796
0.198098	0.21963	0.955259
-0.0798722	-0.615948	0.783727
-0.133668	0.0208697	0.990806
0.420856	-0.546309	0.724173
0.3338	-0.168992	0.927372
-0.061749	0.0581662	0.996395
-0.468196	-0.0883989	0.879192
-0.0135531	-0.202895	0.979107
0.40566	0.294368	0.865325
0.683592	-0.0147875	0.729715
-0.00426612	-0.165344	0.986227
0.0867603	0.113647	0.989726
0.340072	0.21184	0.916229
-0.315185	-0.232081	0.920216
-0.0496371	-0.387976	0.920332
0.206708	-0.178846	0.961918
-0.208714	0.199236	0.957467
-0.471359	0.0306833	0.881407
0.0118245	0.293761	0.955806
0.196928	0.244044	0.949559
0.111091	0.00649286	0.993789
0.354661	-0.0108513	0.934932
0.324703	0.421402	0.846751
0.344549	0.00883463	0.938727
0.273824	-0.444039	0.853141
0.0827988	0.971934	0.220201
-0.224118	0.258293	0.939711
0.446635	-0.564409	0.694233
0.439662	0.502041	0.74475
-0.31185	-0.129402	0.941278
0.017255	0.517648	0.85542
-0.726958	-0.45315	0.515933
0.0684395	0.180549	0.981182
-0.00364728	0.149568	0.988745
0.150789	0.66996	0.726923
0.307914	-0.0980516	0.946348
-0.029278	-0.715549	0.697949
-0.200461	-0.0201518	0.979494
-0.698041	-0.434088	0.569479
-0.107665	-0.45263	0.885175
-0.0661802	0.310208	0.948363
0.400201	-0.291506	0.868829
0.350287	0.345612	0.870547
0.404163	0.893751	0.194579
-0.146214	0.467646	0.871739
-0.502404	0.517355	0.692772
-0.355813	0.594421	0.721153
-0.14906	-0.0585866	0.987091
0.372708	-0.308196	0.875274
-0.093269	-0.47886	0.872922
0.598773	-0.467562	0.650274
-0.0636022	-0.543697	0.836868
-0.179068	0.395588	0.900802
-0.0773275	0.30286	0.949893
0.170062	-0.11728	0.97843
0.643097	0.0998919	0.759242
0.0311232	-0.127685	0.991326
-0.646852	0.101048	0.755891
0.0855501	-0.311228	0.946477
-0.219786	-0.185048	0.957837
0.647572	0.0210748	0.761712
0.176431	-0.00525521	0.984299
-0.0405731	0.188215	0.981289
-0.617647	0.349066	0.704745
0.0545269	-0.309829	0.949227
0.159602	-0.0350976	0.986557
-0.031064	-0.155655	0.987323
0.0848514	-0.0357676	0.995751
0.0357547	-0.114932	0.99273
-0.2075	0.511804	0.833667
-0.35146	0.282721	0.892494
-0.0418529	0.430908	0.901425
0.678993	0.262467	0.685624
-0.103021	0.557673	0.823643
-0.021621	0.128283	0.991502
0.024836	-0.260829	0.965066
-0.558553	-0.0552807	0.827624
0.117411	-0.135606	0.983781
0.0685341	-0.317876	0.945652
-0.590596	-0.599748	0.539906
-0.0847656	-0.0828616	0.99295
0.0342937	0.415323	0.909027
-0.109626	-0.593251	0.797518
0.968149	-0.0884241	0.234241
0.069052	-0.133007	0.988707
-0.0958961	-0.598012	0.79573
-0.197355	-0.417623	0.886929
0.528549	0.725774	0.440328
0.106012	-0.438562	0.892426
0.462343	-0.604262	0.648927
0.461228	0.0923557	0.882462
-0.218929	0.318954	0.922138
-0.261813	0.0368822	0.964414
0.528055	-0.70128	0.47892
-0.479944	0.330259	0.812762
0.352057	0.223205	0.908975
0.227062	0.200919	0.952929
0.0432356	-0.342222	0.938624
0.218547	0.0436929	0.974848
0.71532	0.186551	0.673436
0.0237003	0.0733377	0.997026
-0.401918	-0.114421	0.908498
-0.732025	0.458077	0.504286
0.268762	-0.50513	0.820129
0.349853	-0.13926	0.926396
0.382959	0.333067	0.861631
-0.262843	0.570143	0.778364
-0.132168	-0.530824	0.837113
0.414205	-0.802877	0.428744
-0.403176	0.0566919	0.913365
-0.245427	0.00475798	0.969403
0.0195023	0.154787	0.987755
-0.0936262	-0.347766	0.932895
0.0214335	-0.333275	0.942586
-0.0956195	-0.712655	0.694967
-0.6384	0.576402	0.510104
-0.043845	0.516758	0.855008
-0.342429	-0.00985576	0.939492
-0.225091	-0.135547	0.964863
-0.672772	0.289512	0.680853
-0.542012	-0.429155	0.722529
-0.315711	-0.45399	0.833198
0.496443	-0.234922	0.835677
0.0921927	0.142362	0.985512
0.0180197	0.163262	0.986418
0.0253481	-0.81794	0.574745
-0.474067	0.495486	0.727842
-0.227477	0.259484	0.938575
0.325998	-0.0524978	0.943912
0.438281	-0.497425	0.748651
-0.382327	0.249733	0.88964
-0.465033	0.209389	0.860174
-0.312587	-0.317105	0.895396
0.118593	0.780181	0.614209
0.8452	-0.131419	0.518041
0.594294	-0.00805197	0.804207
0.64065	0.26185	0.721804
0.122489	0.526672	0.841197
-0.126943	0.289258	0.948797
0.7088	0.382791	0.592515
0.725258	-0.175795	0.665656
0.0581622	-0.0299381	0.997858
0.0517026	0.208564	0.976641
-0.458924	-0.543453	0.702885
-0.369248	-0.609872	0.701221
0.521921	-0.124191	0.843905
-0.227344	0.356604	0.906172
0.324027	0.438318	0.838382
-0.153482	-0.332841	0.930409
-0.156977	-0.0958817	0.982937
0.297674	-0.162573	0.940723
-0.237135	0.0266333	0.971112
0.334566	0.0635715	0.940226
0.300068	-0.58073	0.756777
0.171435	0.323709	0.930496
0.231911	-0.250215	0.940005
0.0529047	-0.115252	0.991926
0.371212	0.338266	0.864741
0.10685	0.203587	0.973209
0.254499	0.271765	0.928102
0.0871266	-0.782416	0.616631
-0.399351	0.535425	0.744204
-0.447367	0.0113497	0.894278
0.538185	-0.30465	0.785841
-0.57625	-0.0260691	0.816858
-0.132114	-0.397119	0.908208
-0.196029	0.307446	0.931155
-0.425091	-0.611407	0.667443
0.076258	-0.290486	0.953836
-0.213927	0.231263	0.94908
-0.251426	-0.835555	0.4885
-0.0939379	0.298175	0.949878
0.0961538	-0.103288	0.989993
0.00115604	-0.296946	0.954894
-0.0736864	0.321493	0.944041
-0.785072	0.185627	0.590936
-0.150128	-0.269901	0.951113
0.0695747	-0.265586	0.961573
-0.574986	-0.075128	0.814707
0.309681	0.200472	0.929467
0.631506	0.390494	0.669862
-0.419117	0.406364	0.811917
-0.557072	0.0812103	0.826484
-0.112078	0.0329791	0.993152
0.0361561	0.0668647	0.997107
0.209495	0.0469758	0.976681
-0.214783	-0.0055461	0.976646
0.0446311	-0.0660733	0.996816
-0.00731758	0.517527	0.855636
-0.4451	-0.390757	0.805727
-0.00158297	-0.585915	0.810371
-0.176832	-0.32196	0.930092
-0.076393	0.619854	0.78099
-0.516582	0.594367	0.616337
-0.232925	0.224291	0.946277
0.761818	0.2476	0.598604
0.304681	-0.368591	0.878243
-0.216684	-0.174305	0.960555
0.516935	-0.267706	0.813088
-0.194544	0.904813	0.378768
-0.352674	-0.113227	0.928871
0.200834	-0.857996	0.472766
0.0458653	-0.148268	0.987883
0.325458	0.595434	0.734531
0.966386	-0.256952	0.00859192
-0.668395	-0.215416	0.711929
0.466849	-0.058553	0.882397
0.716915	-0.0680161	0.693835
0.268072	0.559057	0.784597
-0.388471	0.105955	0.915349
0.116012	-0.0807584	0.989959
-0.844428	-0.0879377	0.528401
-0.754955	-0.573593	0.317858
-0.0756228	-0.0843214	0.993565
0.369509	-0.248345	0.895426
0.33773	-0.327342	0.882488
-0.156795	0.0741935	0.98484
-0.336813	-0.839091	0.427181
0.477696	0.0672405	0.875948
-0.233044	-0.224556	0.946184
-0.661808	-0.139654	0.736551
-0.611193	-0.43482	0.661343
0.478883	-0.0245594	0.877535
0.411863	-0.113842	0.904107
0.620803	-0.287474	0.729357
0.380837	-0.612349	0.692814
-0.385704	-0.20378	0.899837
0.497348	0.215042	0.840477
-0.495006	0.222883	0.839817
-0.416254	-0.342354	0.842334
-0.638876	-0.515948	0.570645
0.483193	-0.159056	0.860945
-0.500938	-0.517408	0.693794
-0.0210486	-0.0217123	0.999543
-0.287291	0.897087	0.335707
0.0638229	0.0548372	0.996453
-0.544708	-0.0109629	0.838554
0.483049	0.595511	0.641896
-0.0374742	-0.245283	0.968727
-0.552821	0.328541	0.7658
-0.238154	-0.464387	0.853011
-0.476148	-0.385401	0.790411
-0.326491	-0.322518	0.888474
0.017558	-0.175755	0.984277
0.325904	-0.669992	0.667006
0.0993361	-0.235153	0.966869
0.509868	-0.286325	0.811205
-0.480578	-0.646176	0.592876
-0.131587	-0.227	0.964964
0.321713	0.0208173	0.946608
-0.698062	0.119908	0.705926
-0.184212	0.0174401	0.982732
0.268732	0.505454	0.819938
-0.645304	0.0237055	0.763558
-0.252312	0.223871	0.941393
-0.3631	-0.129502	0.922707
0.1967	0.288077	0.937188
-0.0635849	-0.314562	0.947105
0.196825	0.15363	0.968327
0.660262	-0.0453538	0.749664
-0.72578	-0.12515	0.676447
0.818024	0.0326595	0.574256
0.037621	-0.216339	0.975593
-0.239533	0.905785	0.349539
-0.333909	0.0864213	0.938635
-0.38573	0.0510481	0.921198
0.0329179	0.149761	0.988174
-0.233151	0.0961392	0.967676
-0.181125	-0.197946	0.963333
0.000834089	-0.254213	0.967148
-0.0172879	0.577852	0.815959
-0.0782108	0.114476	0.990343
-0.473033	0.213261	0.854845
-0.138043	0.0294064	0.98999
-0.566777	0.154676	0.809221
0.230902	-0.0567238	0.971322
-0.201599	-0.559074	0.804235
0.66446	-0.462126	0.58731
0.363186	0.0122275	0.931636
-0.679615	0.0326171	0.732843
0.67158	-0.286999	0.68309
0.167814	-0.0866006	0.982008
-0.668712	0.466228	0.579186
-0.528166	-0.265619	0.806528
0.423637	-0.211967	0.880682
-0.0697814	0.436385	0.89705
-0.268561	-0.256011	0.928619
0.39238	0.0847665	0.915889
0.347685	-0.316509	0.882574
-0.417325	0.405128	0.813456
0.493414	-0.462181	0.736839
0.348982	0.0571846	0.935383
-0.216734	-0.262651	0.940235
-0.155683	-0.0372222	0.987106
0.0157492	0.685139	0.728242
-0.129601	0.734902	0.665674
-0.23097	0.525835	0.818627
0.790747	-0.430534	0.435154
0.411611	-0.114116	0.904187
-0.0622299	0.357575	0.931809
0.0521268	-0.958066	0.281765
0.328968	0.505174	0.797859
0.112217	0.105132	0.988107
-0.146531	-0.50506	0.850554
-0.217055	-0.0360882	0.975492
-0.473531	-0.11198	0.87363
-0.455982	-0.705386	0.542688
0.0121083	-0.721108	0.692717
0.68438	0.0726924	0.725493
-0.451783	-0.463319	0.762383
0.0935399	-0.431552	0.897225
-0.913021	-0.0100133	0.40779
-0.150693	0.14918	0.97726
0.122087	0.323252	0.938404
-0.058788	-0.349377	0.935136
-0.737795	0.336187	0.585352
-0.189234	0.219086	0.957179
-0.313	0.0964949	0.944838
-0.896261	-0.242208	0.371552
-0.213464	0.248901	0.944712
0.127485	0.42267	0.897272
-0.127031	-0.126946	0.983742
0.00585816	-0.149711	0.988712
0.0491772	0.710766	0.701708
0.176867	-0.693317	0.698591
-0.330777	0.505996	0.796589
0.147317	0.0493389	0.987858
0.438338	-0.369374	0.819404
-0.0886716	-0.265872	0.959922
-0.581724	-0.0268263	0.812944
0.0673387	-0.617235	0.783892
-0.487105	0.102571	0.867299
0.230548	0.601098	0.765198
-0.218446	0.0513734	0.974496
-0.273985	0.242817	0.930576
-0.708742	0.113991	0.696197
-0.282828	-0.804643	0.522072
-0.129219	-0.354927	0.925921
0.193096	-0.186343	0.963322
0.356699	-0.0264173	0.933846
0.293587	-0.201079	0.934545
-0.338653	-0.485896	0.805742
0.109906	0.454475	0.883953
0.0171036	0.469042	0.88301
-0.0598626	-0.974734	0.215197
-0.305911	0.350895	0.885037
0.0116094	0.398156	0.917244
0.578865	0.202094	0.789983
0.213313	0.12932	0.968387
0.132116	-0.24116	0.961451
0.490362	-0.139285	0.860317
-0.534251	-0.00832766	0.845285
0.114436	-0.730722	0.673016
0.032717	-0.20958	0.977244
0.248047	0.460912	0.852075
-0.161393	0.520986	0.838168
0.555784	-0.449345	0.699423
-0.0639395	0.485586	0.871847
-0.465141	-0.275784	0.841182
0.446486	-0.432788	0.783164
-0.304119	-0.746872	0.59135
-0.749914	-0.197136	0.63148
0.498956	-0.214391	0.83969
0.286905	-0.430647	0.855704
0.0520428	-0.280088	0.958563
0.269927	-0.583969	0.765584
-0.445864	-0.763132	0.467798
0.035233	0.00144472	0.999378
-0.479117	0.157876	0.863436
0.041209	-0.510068	0.859146
0.18973	0.339117	0.921413
-0.433952	-0.145583	0.889096
0.137412	-0.40172	0.905394
0.410045	-0.86037	0.3027
0.57857	-0.0721234	0.812437
-0.152651	0.834988	0.52867
0.260801	0.587973	0.765683
0.0251091	-0.125023	0.991836
0.429476	0.121474	0.894871
-0.0626338	-0.313667	0.947465
-0.26348	0.11536	0.957742
0.326991	0.0753056	0.942022
-0.563856	0.825811	-0.010108
-0.369645	0.0528927	0.927666
0.331144	-0.642212	0.691308
-0.549839	0.828009	-0.109904
-0.347484	-0.731138	0.587105
-0.394999	0.52702	0.75248
-0.137326	-0.779518	0.611142
-0.705551	-0.374162	0.601831
-0.0650272	0.241556	0.968206
-0.51498	0.267419	0.814422
-0.134095	0.0622141	0.989014
-0.0928733	-0.212553	0.972726
0.148281	0.651611	0.743919
0.22731	0.357774	0.905719
0.288963	0.577203	0.763765
-0.307212	-0.377126	0.873726
-0.472377	-0.0809818	0.877669
0.561026	-0.0415287	0.826756
-0.153881	0.432666	0.888325
-0.383419	0.274188	0.881936
0.0788818	0.397584	0.914169
-0.774227	-0.490693	0.39974
0.0897389	-0.0501696	0.994701
-0.377156	-0.330971	0.864992
0.05186	0.265354	0.962755
0.343328	-0.202752	0.91707
-0.22091	-0.496433	0.839496
-0.0907712	0.74872	0.656642
0.155269	0.585174	0.795903
-0.06966	-0.305229	0.949728
-0.730731	0.345503	0.588778
-0.138287	0.371927	0.917904
-0.396446	-0.605957	0.689672
0.110478	0.294057	0.949382
0.209093	0.0141574	0.977793
0.189384	-0.245875	0.95062
-0.0334658	0.092687	0.995133
0.288347	-0.197916	0.936849
0.421113	0.0243011	0.906682
-0.275629	-0.874296	0.399544
-0.387136	-0.603262	0.697281
-0.165703	-0.183606	0.968933
0.425701	0.0565493	0.903095
0.340005	-0.0697108	0.937836
0.02431	-0.259382	0.965469
0.447494	-0.624594	0.640025
0.360686	-0.0517837	0.931248
-0.192701	-0.40106	0.895554
-0.139248	-0.479094	0.866648
-0.323367	0.0830234	0.942625
0.420747	-0.146296	0.895304
0.37397	0.272032	0.886648
-0.177922	0.359091	0.916187
-0.176065	-0.235652	0.955756
0.487305	-0.487068	0.724775
-0.508523	-0.231328	0.829392
-0.538251	-0.155944	0.828231
-0.232798	-0.691927	0.683404
0.263917	0.184865	0.946664
-0.0813662	0.217979	0.972556
0.216277	-0.124958	0.968303
0.409316	0.575201	0.70824
-0.23104	0.124934	0.96489
0.145622	-0.164358	0.975592
-0.287466	-0.160939	0.944173
-0.0209035	0.697803	0.715985
-0.0335148	0.590571	0.806289
0.0761208	-0.0975197	0.992318
-0.0147105	0.399416	0.916652
-0.619689	0.357936	0.698475
0.18058	-0.246472	0.952178
-0.284674	-0.699477	0.65551
0.385322	-0.155791	0.909536
0.180334	0.478595	0.859317
-0.23671	0.95288	0.189708
0.173722	-0.0812243	0.981439
-0.255632	-0.11694	0.959676
0.28886	-0.641831	0.710362
-0.279105	-0.00876561	0.96022
0.719337	-0.0227382	0.694289
-0.654141	-0.359893	0.665264
-0.122957	0.277624	0.952789
0.142585	0.437761	0.887713
-0.0296973	-0.319013	0.947285
0.258626	0.254576	0.931828
0.240321	-0.148824	0.959217
0.4343	0.265469	0.860761
0.194284	-0.412383	0.890053
-0.0812069	0.00880099	0.996658
0.315035	0.360549	0.877928
-0.687524	-0.178828	0.703797
0.352618	0.219692	0.909613
-0.199859	-0.201285	0.958927
0.555843	-0.396149	0.730825
-0.348515	0.62977	0.694209
-0.25571	0.450197	0.855532
-0.549847	-0.350914	0.757976
-0.0822607	-0.0505734	0.995327
0.035406	-0.165481	0.985577
0.491164	0.0840236	0.867005
-0.193563	-0.127438	0.972776
0.306523	0.607774	0.732567
-0.285217	0.306589	0.908105
-0.352007	-0.134642	0.926263
0.264899	-0.310422	0.912944
-0.322015	-0.282144	0.903715
-0.286726	0.165286	0.943647
0.177548	0.15841	0.971279
0.426244	0.119536	0.896675
-0.452474	0.41073	0.791561
0.366619	-0.303073	0.879623
-0.437024	0.0157101	0.899312
0.890914	0.200683	0.407429
0.155365	0.426659	0.890968
-0.159875	0.115075	0.980407
-0.323314	0.101171	0.940868
-0.415139	0.815058	0.404154
0.708895	0.414033	0.571003
0.189306	-0.000870116	0.981918
0.437121	-0.219274	0.872264
0.695283	-0.364893	0.619221
0.395048	0.408717	0.822732
0.10195	0.0101157	0.994738
0.769018	-0.306597	0.560901
0.137699	0.397848	0.907059
-0.309644	0.389258	0.867525
0.231522	0.425119	0.875027
0.817407	-0.0693551	0.57187
-0.22631	-0.559883	0.797066
-0.103189	-0.154968	0.982516
0.506995	0.438903	0.741836
0.0553958	0.113069	0.992042
0.10596	-0.396379	0.911952
-0.0165028	-0.130276	0.99134
-0.630486	0.246409	0.73605
0.414996	-0.0849004	0.905853
-0.726408	-0.121249	0.676484
-0.0981444	-0.249863	0.963294
0.132476	-0.395671	0.908787
-0.0322343	-0.148183	0.988435
-0.358883	0.283672	0.889232
-0.107193	-0.278978	0.954296
0.225696	0.357926	0.906063
0.0326692	0.0373423	0.998768
-0.538165	0.400358	0.741682
-0.0987103	0.334305	0.937281
-0.701774	-0.597163	0.388471
0.0690562	-0.00439979	0.997603
-0.310607	-0.00560107	0.950522
0.155374	-0.0938964	0.983383
0.614151	0.135491	0.777471
-0.116623	0.00746737	0.993148
0.225959	0.170611	0.95908
-0.818627	-0.482877	0.310934
0.183163	0.276805	0.943308
-0.823257	0.236523	0.516048
-0.362704	-0.329788	0.8716
-0.280343	0.131841	0.950803
-0.264657	-0.173817	0.948549
-0.181458	0.0421197	0.982496
-0.0760559	-0.457515	0.885944
-0.150212	0.690794	0.707276
-0.171243	0.0210935	0.985003
-0.728791	-0.208163	0.652328
0.008735	-0.32944	0.944136
-0.265598	0.00432022	0.964074
-0.723465	-0.0523769	0.688372
-0.714002	0.284617	0.639683
-0.332917	-0.252139	0.908621
-0.195339	-0.300284	0.933634
-0.538767	-0.213257	0.815016
0.104532	-0.439524	0.892128
-0.231055	0.124938	0.964885
-0.411628	-0.249457	0.876546
0.140765	0.115583	0.983273
0.798086	-0.00480635	0.602524
0.432826	-0.288279	0.854141
-0.376726	-0.379167	0.845169
-0.080101	-0.316161	0.945318
-0.369517	0.264022	0.890926
-0.109652	-0.871593	0.477809
0.127869	0.0662427	0.989576
-0.137931	-0.414396	0.899584
0.282832	-0.00770065	0.959139
-0.0287023	0.0600853	0.997781
-0.0485996	-0.362923	0.930551
0.00633491	0.510154	0.86006
-0.327786	0.0931518	0.940148
-0.882919	0.0256477	0.468825
0.328056	-0.656042	0.679697
-0.0283373	0.121162	0.992228
0.247163	0.177505	0.952577
0.490472	0.0832549	0.867471
-0.302	-0.578075	0.75804
-0.295171	-0.698341	0.652069
0.101188	-0.577406	0.810163
-0.630164	-0.136462	0.764376
-0.384942	0.35721	0.851011
-0.431097	-0.141009	0.891219
-0.301999	-0.377911	0.875203
0.262442	-0.50276	0.823624
-0.527323	0.363826	0.767828
-0.707782	0.703549	-0.0637399
-0.380669	-0.0505318	0.92333
0.561977	-0.321021	0.762317
-0.456766	-0.679898	0.573676
-0.0275309	-0.405018	0.913894
0.087768	-0.390876	0.916249
0.45533	-0.85773	0.238692
-0.415994	0.213166	0.88403
-0.139297	-0.0899906	0.986153
0.0153627	0.656431	0.754229
-0.36611	0.432256	0.824086
0.946373	0.320869	-0.0376883
-0.47954	-0.468529	0.741972
-0.969119	0.184559	0.163542
0.704007	0.00700711	0.710159
-0.508726	0.297932	0.807734
0.255949	0.221531	0.940965
-0.395476	-0.856253	0.332309
0.335575	0.496936	0.800277
-0.396994	-0.672598	0.624506
0.305762	-0.564375	0.766806
0.253818	-0.495344	0.830789
-0.874428	0.0366222	0.483772
0.0372726	0.22646	0.973307
-0.171298	-0.663785	0.728043
0.423809	0.706902	0.566282
-0.0304554	0.253751	0.96679
0.345836	0.894881	0.282109
0.622431	-0.0831949	0.778241
-0.131061	0.500067	0.856012
-0.470442	0.00389578	0.882423
-0.813907	-0.311324	0.490543
0.463914	0.00563039	0.885862
0.185709	0.198295	0.962388
-0.184783	0.263622	0.946762
-0.926051	-0.0723316	0.370402
-0.443059	0.142198	0.885143
-0.19509	0.0545738	0.979266
0.0378096	0.15752	0.986792
-0.594357	-0.0297685	0.80365
0.20532	-0.915881	0.344971
-0.328612	0.112407	0.937752
-0.636871	0.452884	0.623932
0.743358	0.665635	0.0659471
0.685234	0.0717531	0.72478
0.140061	0.136312	0.980715
0.0382691	-0.743348	0.667809
-0.732223	-0.524242	0.434764
0.951998	0.230483	0.201439
-0.0629479	0.484752	0.872383
0.461518	-0.485877	0.742243
-0.0403252	-0.611338	0.790342
-0.0664391	0.910457	0.408232
-0.239239	-0.355674	0.903471
0.257646	0.654896	0.710444
0.00996761	-0.313347	0.949586
0.0627567	0.356523	0.932176
-0.21768	-0.0655611	0.973816
-0.730166	0.0611649	0.680527
0.25564	0.0773775	0.963671
-0.181559	0.276608	0.943676
-0.196909	-0.357803	0.9128
0.20021	0.292752	0.934993
0.443529	-0.528138	0.724121
0.0600489	0.505303	0.86085
-0.269933	-0.438073	0.857455
0.695425	-0.360471	0.621647
0.817471	0.458239	0.348937
0.898051	-0.0156647	0.439613
0.289461	0.360677	0.886637
0.0107201	-0.260243	0.965484
0.344213	0.482254	0.805573
-0.614995	0.332003	0.71523
-0.0300641	-0.538427	0.842136
0.170274	0.382107	0.908296
-0.742545	-0.210023	0.636016
0.754433	0.633339	0.17237
-0.0152503	-0.721528	0.692217
0.376529	0.328254	0.8663
-0.0490932	0.756069	0.652648
-0.0145328	-0.150624	0.988484
-0.93109	-0.344163	-0.120928
-0.22945	0.313524	0.921442
-0.160489	0.845181	0.509816
0.729947	0.604923	0.318191
0.338105	0.937173	0.0859716
-0.509559	-0.798306	0.321026
-0.234356	0.518625	0.822256
0.51273	0.337184	0.789566
0.213653	-0.36733	0.905219
0.460247	0.805434	0.373428
0.62214	0.400165	0.672912
-0.280108	-0.091481	0.9556
-0.528679	-0.00264411	0.848818
0.225975	-0.262024	0.938232
-0.417964	0.502248	0.757002
0.343113	-0.635281	0.691875
0.937504	0.207504	0.279337
0.388571	0.388541	0.835493
0.489617	-0.365391	0.791684
0.277551	0.14096	0.950313
0.258916	0.944526	0.202073
0.37554	-0.409142	0.831608
0.545153	0.836843	-0.0500182
-0.396309	0.681675	0.615027
0.965166	0.256783	0.0501615
-0.390499	0.0789384	0.917213
0.00862747	0.389059	0.921172
-0.819619	-0.0589448	0.569869
0.14779	-0.327347	0.933275
0.364304	-0.0175545	0.931115
0.488923	0.265402	0.830973
0.175805	0.937161	0.301368
0.535557	-0.574779	0.618715
0.704776	-0.220099	0.674424
-0.0678527	-0.76063	0.64563
-0.133036	-0.64	0.75677
-0.303037	-0.0505292	0.951638
0.851039	0.23325	0.470454
0.16452	-0.382498	0.909191
-0.788264	0.00633656	0.615305
-0.701584	-0.711154	0.0451557
-0.130792	0.763725	0.632153
0.1447	-0.201376	0.968767
-0.791166	0.117095	0.600288
-0.332753	0.288903	0.89767
-0.462691	-0.586207	0.66504
0.33764	0.31667	0.886408
0.283728	-0.18721	0.940452
0.565245	-0.235749	0.790519
0.771624	-0.573404	0.275327
-0.369208	-0.816578	0.443718
0.636957	0.397811	0.660328
-0.183434	0.233039	0.95501
0.240581	-0.308655	0.920246
0.229338	-0.362954	0.903144
-0.0154685	0.114009	0.993359
0.781271	0.455026	0.427279
-0.301635	0.76989	0.562393
0.55979	-0.352322	0.750003
0.451958	-0.496179	0.74131
-0.0369285	0.180675	0.982849
-0.716223	0.156138	0.680181
0.537465	0.143287	0.831023
-0.223003	0.191789	0.955765
0.0738053	-0.397662	0.914559
0.297211	0.545513	0.783634
0.238481	0.562227	0.791851
0.636028	0.0195913	0.771417
-0.369632	0.271349	0.888674
-0.546089	0.0179743	0.837535
0.394485	-0.0742725	0.915896
-0.828217	0.420899	0.37
0.00408597	0.673052	0.739584
0.0234456	-0.777195	0.628823
-0.106311	0.449516	0.886923
-0.049971	-0.567826	0.821631
0.879524	0.114516	0.46187
0.872119	-0.217022	0.438531
-0.511928	0.398277	0.761121
0.509877	-0.860235	0.00456722
-0.649113	-0.278444	0.707899
0.771016	0.115285	0.626294
0.250404	0.297363	0.921343
-0.319868	0.0653263	0.945207
-0.0786623	0.115209	0.990222
-0.503299	-0.231429	0.832545
0.409209	0.258812	0.874966
0.00484078	-0.156409	0.987681
0.477507	-0.447738	0.755988
0.0499185	-0.289324	0.955929
-0.445466	-0.433366	0.783424
-0.566892	-0.0809689	0.819804
-0.657926	-0.442934	0.609051
0.0627278	0.453366	0.889115
-0.670009	-0.626156	0.39877
0.179952	-0.504199	0.84463
-0.389427	0.392117	0.833421
-0.644687	0.00348377	0.764439
0.148065	0.597569	0.788028
0.981088	0.168591	0.0951004
-0.3645	-0.162185	0.916971
0.263231	-0.3088	0.913976
-0.497219	0.371513	0.784061
-0.227127	-0.0235098	0.973581
0.00510437	0.304698	0.952435
-0.276739	-0.365401	0.888762
0.158274	-0.935256	0.316615
0.521071	0.283673	0.804994
0.548104	0.0866641	0.831908
0.270917	-0.470599	0.839727
-0.339536	0.0399975	0.939742
0.0517465	0.169054	0.984248
0.476801	-0.183909	0.859557
-0.306875	0.526977	0.792542
-0.526102	-0.568443	0.632527
-0.373961	-0.590862	0.714868
-0.100412	-0.0420749	0.994056
-0.0347492	0.0766669	0.996451
0.548099	-0.299714	0.780871
0.48504	-0.163603	0.859052
0.242448	-0.288565	0.926256
-0.419702	-0.731348	0.537569
-0.201201	0.260797	0.944195
0.448326	-0.312631	0.837416
0.0568237	-0.617604	0.784434
-0.196085	-0.264433	0.944259
-0.343812	-0.557095	0.755936
-0.552547	0.160778	0.817827
-0.7341	0.611793	0.294628
0.0281403	-0.169794	0.985078
-0.185693	-0.742136	0.644013
-0.671648	-0.548378	0.498168
0.986606	0.00218513	-0.163108
0.0412568	-0.501679	0.864069
-0.0314581	-0.310424	0.950078
-0.166135	-0.801419	0.574566
-0.936679	-0.0744994	0.342174
-0.644923	-0.681038	0.346786
-0.633967	-0.401703	0.660848
-0.310781	0.170844	0.935002
-0.376965	-0.843554	-0.38251
-0.0953326	0.283989	0.954077
-0.001944	-0.431041	0.90233
-0.0495615	-0.732868	0.678563
0.468972	0.17372	0.86596
-0.358349	-0.616798	0.700818
0.648761	-0.338061	0.681779
-0.579754	0.13258	0.803933
-0.388344	-0.445794	0.806509
0.369651	-0.5273	0.765058
-0.385385	0.107298	0.916496
-0.0539401	0.293376	0.954474
0.353196	0.197538	0.914457
0.593074	0.605637	0.530535
0.378095	0.202201	0.903415
-0.37631	-0.517394	0.768566
-0.401851	0.233982	0.885307
-0.790923	-0.428706	0.436637
0.503333	0.197567	0.841203
0.190537	-0.211958	0.958525
-0.0850741	-0.811726	0.577809
-0.040823	-0.0829053	0.995721
-0.114723	0.35445	0.928011
0.712229	0.133446	0.689146
0.343511	0.0424958	0.938187
0.432629	0.650135	0.624626
-0.24321	0.31242	0.918282
-0.72592	0.199796	0.658119
-0.0341748	-0.273373	0.961301
-0.0724312	-0.321212	0.944233
-0.414179	0.0996472	0.904724
-0.0174871	-0.417747	0.908395
-0.989706	-0.0700712	-0.12479
-0.519622	-0.423398	0.74211
-0.960193	0.241005	0.141233
-0.513259	-0.855496	0.0684943
0.111675	-0.876328	0.468591
-0.483821	-0.0614439	0.873007
0.297162	0.488864	0.820187
-0.823564	-0.179322	0.538133
0.635812	0.389062	0.666613
0.0055222	-0.102563	0.994711
-0.984489	0.00757053	0.175283
-0.168896	0.72954	0.662756
0.094868	0.159963	0.982554
0.542786	-0.609156	0.578198
0.571667	0.0491779	0.819011
0.0252561	-0.154065	0.987738
0.0544072	-0.265832	0.962483
-0.379547	-0.878057	0.291478
0.72849	0.0574819	0.682641
-0.0608478	0.150812	0.986688
0.632121	-0.403591	0.661466
-0.01829	0.692375	0.721306
-0.397229	-0.911238	0.108875
0.758135	0.248354	0.602952
-0.269144	-0.264166	0.926163
-0.34398	0.0885295	0.934794
0.47354	-0.22794	0.850766
-0.2931	0.0152134	0.955961
0.286988	0.668359	0.686247
0.206732	-0.329554	0.921225
-0.62553	-0.332604	0.705752
0.385912	0.144532	0.911143
-0.234651	0.345296	0.908685
-0.210532	0.365435	0.906716
-0.137738	-0.36696	0.919983
0.97135	-0.212806	-0.105793
-0.0617911	-0.518536	0.85282
-0.033062	0.385821	0.921981
0.0738956	-0.34015	0.937463
0.48111	0.278975	0.831087
-0.327937	-0.18396	0.926615
-0.585281	0.379577	0.716497
-0.60728	-0.564535	0.559026
0.774326	-0.234655	0.58767
-0.00296296	-0.231855	0.972746
-0.161292	-0.422665	0.891818
-0.318379	0.0988573	0.942795
-0.699465	-0.0817733	0.709973
-0.133587	-0.593605	0.793591
0.0472978	-0.0588695	0.997145
0.276959	0.124102	0.952834
-0.708805	-0.469045	0.52687
0.516898	-0.703811	0.487305
0.172903	0.351603	0.920043
0.365897	0.266149	0.891787
0.758306	0.0365625	0.650873
0.52267	-0.316949	0.791429
0.407524	0.0597537	0.911238
0.696785	0.0617603	0.714616
-0.0737703	-0.337232	0.938527
-0.943451	-0.169147	0.285113
0.423878	0.275009	0.862959
0.130109	0.53213	0.836606
0.0146331	0.809072	0.587528
-0.519786	0.82498	0.221877
-0.520851	-0.388956	0.759887
-0.581701	0.372643	0.723022
-0.353105	0.172926	0.919464
-0.536884	-0.842783	-0.0383631
0.67433	0.0362378	0.737541
-0.657802	-0.316395	0.683513
-0.0142023	-0.230483	0.972973
-0.654299	-0.0765538	0.752351
-0.54367	0.497373	0.676049
0.0417357	0.313658	0.948618
0.0139356	-0.790844	0.611859
-0.636677	-0.291683	0.713837
-0.043925	-0.13567	0.98978
0.274176	0.349952	0.895746
0.36312	0.535791	0.762281
-0.643419	-0.613475	0.457887
-0.763354	0.181714	0.619895
0.384643	-0.324118	0.86429
-0.463169	0.334582	0.820689
0.243791	0.57823	0.778599
-0.520348	0.426943	0.739566
0.645902	0.248541	0.72183
0.139717	-0.340478	0.929814
0.393861	-0.555194	0.732553
0.646341	0.292299	0.704844
-0.376147	-0.492406	0.784888
0.50753	-0.417324	0.753826
-0.322208	0.500001	0.803854
-0.00698672	-0.726276	0.687367
0.321267	0.369896	0.871759
-0.304667	0.258036	0.91684
-0.827419	0.387189	0.406772
-0.356802	-0.342854	0.86899
0.352605	-0.536235	0.766891
0.875874	-0.246927	0.414574
0.5312	0.405308	0.74401
0.0040073	0.016079	0.999863
0.112311	-0.378158	0.918903
0.772308	-0.633398	-0.0484391
-0.830289	0.185925	0.525407
0.423078	0.210547	0.881292
-0.65812	0.513918	0.550242
0.837589	-0.477307	0.265748
0.619753	-0.771422	0.144269
-0.610733	-0.281989	0.739923
0.879411	-0.419389	-0.225275
0.461098	-0.645965	0.608373
0.134278	0.224233	0.96524
0.421107	0.319265	0.848963
-0.0512567	0.0740916	0.995933
0.678541	0.62249	0.389986
0.490335	0.618831	0.613693
-0.782508	0.291424	0.55023
-0.339405	-0.40601	0.848505
0.424353	0.821449	0.38098
-0.696423	-0.319747	0.642462
0.19162	0.349257	0.917225
-0.471257	0.0578213	0.880099
-0.972402	-0.0909122	0.214872
-0.0110447	-0.0407363	0.999109
-0.516495	0.310746	0.797916
-0.951109	-0.27637	0.13788
0.740251	-0.0384497	0.67123
-0.484746	-0.429813	0.761763
-0.168059	-0.60593	0.777564
-0.450784	-0.146054	0.880603
0.309406	-0.349776	0.884265
-0.232341	0.20946	0.949813
-0.122715	0.0146774	0.992333
-0.550165	0.520127	0.653289
0.132588	0.208731	0.968944
-0.112362	-0.926444	0.359272
0.789385	0.310286	0.529711
-0.641067	-0.193412	0.742715
0.263932	0.445485	0.855501
-0.650903	-0.103188	0.752115
-0.9714	-0.106356	-0.212299
0.597533	0.32967	0.73094
0.427932	-0.506698	0.748419
