3400
0.169749	0.0830122	0.981985
0.169749	0.0830149	0.981985
0.169749	0.0830137	0.981985
0.16975	0.083014	0.981984
0.16975	0.0830132	0.981985
0.169751	0.0830136	0.981984
0.169754	0.0830199	0.981983
0.169753	0.0830233	0.981983
0.169754	0.0830218	0.981983
0.169754	0.0830226	0.981983
0.169754	0.0830216	0.981983
0.169755	0.0830223	0.981983
0.169755	0.0830305	0.981982
0.169754	0.0830341	0.981982
0.169755	0.0830325	0.981982
0.169755	0.0830331	0.981982
0.169755	0.0830324	0.981982
0.169755	0.083033	0.981982
0.169753	0.0830398	0.981982
0.169752	0.0830431	0.981982
0.169753	0.0830416	0.981982
0.169752	0.0830415	0.981982
0.169753	0.0830413	0.981982
0.169753	0.0830415	0.981982
0.169749	0.0830443	0.981982
0.169747	0.0830469	0.981982
0.169748	0.0830457	0.981982
0.169747	0.0830445	0.981982
0.169748	0.083045	0.981982
0.169747	0.0830446	0.981982
0.169743	0.0830423	0.981983
0.169741	0.0830441	0.981984
0.169742	0.0830432	0.981983
0.169742	0.0830412	0.981984
0.169742	0.0830421	0.981984
0.169742	0.0830411	0.981984
0.169738	0.0830346	0.981985
0.169737	0.0830357	0.981985
0.169737	0.0830351	0.981985
0.169738	0.0830326	0.981985
0.169738	0.0830337	0.981985
0.169738	0.0830324	0.981985
0.169737	0.0830241	0.981986
0.169736	0.0830249	0.981986
0.169736	0.0830245	0.981986
0.169737	0.0830221	0.981986
0.169737	0.083023	0.981986
0.169737	0.0830217	0.981986
0.169739	0.0830147	0.981986
0.169738	0.0830159	0.981986
0.169738	0.0830153	0.981986
0.169739	0.0830137	0.981986
0.169739	0.083014	0.981986
0.16974	0.0830132	0.981986
0.169743	0.0830102	0.981986
0.169743	0.0830121	0.981986
0.169743	0.0830112	0.981986
0.169745	0.0830106	0.981986
0.169744	0.0830103	0.981986
0.169745	0.0830101	0.981986
0.169754	0.0830015	0.981985
0.169755	0.0830033	0.981985
0.169755	0.0830026	0.981985
0.169756	0.0830033	0.981984
0.169755	0.0830027	0.981985
0.169756	0.083003	0.981984
0.169759	0.0830093	0.981983
0.169759	0.0830118	0.981983
0.169759	0.0830107	0.981983
0.169759	0.0830118	0.981983
0.169759	0.0830111	0.981983
0.16976	0.0830117	0.981983
0.169761	0.0830198	0.981982
0.16976	0.0830225	0.981982
0.16976	0.0830213	0.981982
0.16976	0.0830223	0.981982
0.16976	0.0830219	0.981982
0.169761	0.0830224	0.981982
0.169759	0.0830291	0.981982
0.169758	0.0830315	0.981982
0.169758	0.0830305	0.981982
0.169758	0.0830307	0.981982
0.169758	0.0830308	0.981982
0.169758	0.0830308	0.981982
0.169754	0.0830337	0.981982
0.169753	0.0830354	0.981982
0.169753	0.0830346	0.981982
0.169753	0.0830338	0.981982
0.169753	0.0830345	0.981982
0.169753	0.0830339	0.981982
0.169748	0.0830317	0.981983
0.169747	0.0830325	0.981984
0.169747	0.0830321	0.981983
0.169747	0.0830304	0.981984
0.169747	0.0830316	0.981984
0.169747	0.0830305	0.981984
0.169744	0.0830239	0.981985
0.169742	0.0830241	0.981985
0.169743	0.083024	0.981985
0.169743	0.0830218	0.981985
0.169743	0.0830232	0.981985
0.169743	0.0830217	0.981985
0.169742	0.0830134	0.981986
0.169741	0.0830133	0.981986
0.169742	0.0830133	0.981986
0.169742	0.0830113	0.981986
0.169742	0.0830125	0.981986
0.169742	0.0830111	0.981986
0.169744	0.0830041	0.981986
0.169744	0.0830043	0.981986
0.169744	0.0830042	0.981986
0.169745	0.083003	0.981986
0.169744	0.0830035	0.981986
0.169745	0.0830026	0.981986
0.169749	0.0829995	0.981986
0.169749	0.0830005	0.981986
0.169749	0.0830001	0.981986
0.16975	0.0829999	0.981986
0.169749	0.0829998	0.981986
0.16975	0.0829995	0.981986
0.169754	0.0830007	0.981985
0.169755	0.0830012	0.981985
0.169755	0.0830011	0.981985
0.169755	0.0830023	0.981985
0.169755	0.083002	0.981985
0.169756	0.0830023	0.981985
0.169759	0.0830085	0.981983
0.16976	0.0830096	0.981983
0.169759	0.0830092	0.981983
0.169759	0.0830109	0.981983
0.169759	0.0830104	0.981983
0.16976	0.083011	0.981983
0.169761	0.083019	0.981982
0.169761	0.0830204	0.981982
0.169761	0.0830199	0.981982
0.16976	0.0830214	0.981982
0.16976	0.0830211	0.981982
0.16976	0.0830217	0.981982
0.169759	0.0830283	0.981982
0.169758	0.0830294	0.981982
0.169758	0.083029	0.981982
0.169758	0.0830297	0.981982
0.169758	0.08303	0.981982
0.169758	0.0830302	0.981982
0.169754	0.0830328	0.981982
0.169753	0.0830332	0.981982
0.169754	0.0830331	0.981982
0.169753	0.0830328	0.981983
0.169753	0.0830338	0.981982
0.169753	0.0830332	0.981982
0.169748	0.0830309	0.981983
0.169747	0.0830304	0.981984
0.169748	0.0830307	0.981984
0.169747	0.0830294	0.981984
0.169747	0.0830309	0.981984
0.169747	0.0830298	0.981984
0.169743	0.0830231	0.981985
0.169743	0.083022	0.981985
0.169743	0.0830225	0.981985
0.169743	0.0830209	0.981985
0.169743	0.0830224	0.981985
0.169743	0.083021	0.981985
0.169742	0.0830126	0.981986
0.169742	0.0830112	0.981986
0.169742	0.0830119	0.981986
0.169742	0.0830104	0.981986
0.169742	0.0830117	0.981986
0.169742	0.0830104	0.981986
0.169744	0.0830032	0.981987
0.169744	0.0830022	0.981987
0.169744	0.0830027	0.981986
0.169745	0.083002	0.981986
0.169744	0.0830028	0.981987
0.169745	0.0830019	0.981986
0.169749	0.0829987	0.981986
0.169749	0.0829984	0.981986
0.169749	0.0829986	0.981986
0.16975	0.0829989	0.981986
0.169749	0.0829991	0.981986
0.16975	0.0829988	0.981986
0.169749	0.0830101	0.981985
0.169751	0.0830093	0.981985
0.16975	0.0830099	0.981985
0.16975	0.0830116	0.981985
0.16975	0.0830113	0.981985
0.16975	0.0830118	0.981985
0.169754	0.0830178	0.981984
0.169755	0.0830177	0.981983
0.169754	0.083018	0.981983
0.169754	0.0830201	0.981983
0.169754	0.0830197	0.981983
0.169754	0.0830205	0.981983
0.169755	0.0830284	0.981982
0.169756	0.0830285	0.981982
0.169756	0.0830286	0.981982
0.169755	0.0830306	0.981982
0.169755	0.0830304	0.981982
0.169755	0.0830312	0.981982
0.169753	0.0830377	0.981982
0.169754	0.0830375	0.981982
0.169753	0.0830378	0.981982
0.169752	0.083039	0.981982
0.169753	0.0830393	0.981982
0.169752	0.0830397	0.981982
0.169748	0.0830422	0.981982
0.169749	0.0830413	0.981982
0.169748	0.0830419	0.981982
0.169747	0.0830421	0.981983
0.169748	0.083043	0.981982
0.169747	0.0830428	0.981983
0.169743	0.0830402	0.981984
0.169743	0.0830385	0.981984
0.169743	0.0830394	0.981984
0.169742	0.0830387	0.981984
0.169742	0.0830401	0.981984
0.169741	0.0830393	0.981984
0.169738	0.0830325	0.981985
0.169738	0.0830301	0.981985
0.169738	0.0830313	0.981985
0.169738	0.0830301	0.981985
0.169737	0.0830317	0.981985
0.169737	0.0830306	0.981985
0.169736	0.0830219	0.981986
0.169737	0.0830193	0.981986
0.169737	0.0830207	0.981986
0.169737	0.0830196	0.981986
0.169736	0.083021	0.981986
0.169737	0.0830199	0.981986
0.169738	0.0830126	0.981987
0.16974	0.0830103	0.981987
0.169739	0.0830115	0.981987
0.169739	0.0830113	0.981987
0.169739	0.0830121	0.981987
0.169739	0.0830114	0.981987
0.169743	0.0830081	0.981986
0.169745	0.0830065	0.981986
0.169744	0.0830074	0.981986
0.169745	0.0830082	0.981986
0.169744	0.0830084	0.981986
0.169744	0.0830083	0.981986
0.16974	0.0830261	0.981985
0.169742	0.0830246	0.981985
0.169741	0.0830255	0.981985
0.169742	0.0830274	0.981985
0.169741	0.083027	0.981985
0.169741	0.0830279	0.981985
0.169745	0.0830338	0.981984
0.169747	0.083033	0.981984
0.169746	0.0830336	0.981984
0.169746	0.083036	0.981983
0.169745	0.0830354	0.981984
0.169746	0.0830366	0.981983
0.169747	0.0830443	0.981983
0.169748	0.0830437	0.981982
0.169747	0.0830443	0.981982
0.169746	0.0830465	0.981982
0.169747	0.0830461	0.981982
0.169746	0.0830472	0.981982
0.169745	0.0830536	0.981982
0.169745	0.0830527	0.981982
0.169745	0.0830534	0.981982
0.169744	0.0830548	0.981982
0.169744	0.0830551	0.981982
0.169744	0.0830557	0.981982
0.16974	0.0830582	0.981983
0.16974	0.0830565	0.981983
0.16974	0.0830575	0.981983
0.169739	0.0830579	0.981983
0.169739	0.0830588	0.981983
0.169738	0.0830588	0.981983
0.169734	0.0830562	0.981984
0.169734	0.0830537	0.981984
0.169734	0.0830551	0.981984
0.169733	0.0830546	0.981984
0.169733	0.0830559	0.981984
0.169733	0.0830554	0.981984
0.169729	0.0830484	0.981985
0.16973	0.0830453	0.981985
0.16973	0.083047	0.981985
0.169729	0.083046	0.981985
0.169729	0.0830475	0.981985
0.169729	0.0830466	0.981985
0.169728	0.0830379	0.981986
0.169729	0.0830346	0.981986
0.169728	0.0830363	0.981986
0.169728	0.0830355	0.981986
0.169728	0.0830368	0.981986
0.169728	0.083036	0.981986
0.16973	0.0830286	0.981987
0.169731	0.0830256	0.981987
0.169731	0.0830272	0.981987
0.169731	0.0830272	0.981987
0.16973	0.0830279	0.981987
0.169731	0.0830275	0.981987
0.169735	0.0830241	0.981986
0.169736	0.0830217	0.981986
0.169736	0.0830231	0.981986
0.169736	0.0830241	0.981986
0.169735	0.0830241	0.981986
0.169736	0.0830244	0.981986
0.169732	0.0830425	0.981985
0.169734	0.0830411	0.981985
0.169733	0.0830421	0.981985
0.169733	0.0830439	0.981985
0.169733	0.0830432	0.981985
0.169733	0.0830444	0.981985
0.169736	0.0830503	0.981984
0.169738	0.0830495	0.981984
0.169737	0.0830502	0.981984
0.169737	0.0830525	0.981984
0.169737	0.0830516	0.981984
0.169737	0.0830531	0.981983
0.169738	0.0830608	0.981983
0.169739	0.0830603	0.981982
0.169739	0.0830608	0.981983
0.169738	0.0830629	0.981982
0.169738	0.0830623	0.981982
0.169738	0.0830638	0.981982
0.169736	0.0830701	0.981982
0.169737	0.0830693	0.981982
0.169736	0.0830699	0.981982
0.169735	0.0830713	0.981982
0.169736	0.0830713	0.981982
0.169735	0.0830722	0.981982
0.169731	0.0830746	0.981983
0.169732	0.0830731	0.981983
0.169731	0.0830741	0.981983
0.16973	0.0830744	0.981983
0.169731	0.083075	0.981983
0.16973	0.0830753	0.981983
0.169725	0.0830726	0.981984
0.169726	0.0830703	0.981984
0.169726	0.0830716	0.981984
0.169724	0.083071	0.981984
0.169725	0.0830721	0.981984
0.169724	0.0830719	0.981984
0.169721	0.0830649	0.981985
0.169721	0.0830619	0.981985
0.169721	0.0830635	0.981985
0.16972	0.0830625	0.981986
0.16972	0.0830637	0.981985
0.16972	0.0830632	0.981986
0.169719	0.0830544	0.981986
0.16972	0.0830512	0.981987
0.16972	0.0830529	0.981986
0.16972	0.083052	0.981987
0.169719	0.083053	0.981987
0.169719	0.0830525	0.981987
0.169721	0.0830451	0.981987
0.169723	0.0830422	0.981987
0.169722	0.0830437	0.981987
0.169722	0.0830436	0.981987
0.169722	0.0830441	0.981987
0.169722	0.0830441	0.981987
0.169726	0.0830405	0.981986
0.169728	0.0830383	0.981986
0.169727	0.0830396	0.981986
0.169727	0.0830405	0.981986
0.169727	0.0830404	0.981986
0.169727	0.0830409	0.981986
0.169726	0.0830532	0.981985
0.169728	0.0830527	0.981985
0.169727	0.0830532	0.981985
0.169728	0.0830547	0.981985
0.169727	0.0830537	0.981985
0.169728	0.0830551	0.981985
0.169731	0.0830609	0.981984
0.169732	0.0830611	0.981984
0.169732	0.0830613	0.981984
0.169732	0.0830632	0.981984
0.169732	0.0830621	0.981984
0.169732	0.0830638	0.981983
0.169733	0.0830715	0.981983
0.169733	0.0830719	0.981983
0.169733	0.0830719	0.981983
0.169732	0.0830737	0.981983
0.169733	0.0830728	0.981983
0.169732	0.0830744	0.981982
0.169731	0.0830808	0.981982
0.169731	0.0830809	0.981982
0.169731	0.0830811	0.981982
0.16973	0.0830821	0.981982
0.16973	0.0830818	0.981982
0.16973	0.0830829	0.981982
0.169726	0.0830853	0.981983
0.169726	0.0830847	0.981983
0.169726	0.0830852	0.981983
0.169725	0.0830852	0.981983
0.169725	0.0830855	0.981983
0.169725	0.083086	0.981983
0.16972	0.0830833	0.981984
0.16972	0.0830819	0.981984
0.16972	0.0830827	0.981984
0.169719	0.0830818	0.981984
0.16972	0.0830826	0.981984
0.169719	0.0830825	0.981984
0.169716	0.0830756	0.981985
0.169716	0.0830735	0.981985
0.169716	0.0830746	0.981985
0.169715	0.0830732	0.981986
0.169715	0.0830742	0.981985
0.169715	0.0830738	0.981986
0.169714	0.0830651	0.981986
0.169714	0.0830628	0.981987
0.169714	0.083064	0.981986
0.169714	0.0830628	0.981987
0.169714	0.0830635	0.981987
0.169714	0.0830632	0.981987
0.169716	0.0830558	0.981987
0.169717	0.0830537	0.981987
0.169716	0.0830549	0.981987
0.169717	0.0830544	0.981987
0.169717	0.0830546	0.981987
0.169717	0.0830547	0.981987
0.169721	0.0830512	0.981986
0.169722	0.0830499	0.981986
0.169721	0.0830507	0.981986
0.169722	0.0830513	0.981986
0.169722	0.0830508	0.981986
0.169722	0.0830516	0.981986
0.169727	0.083054	0.981985
0.169727	0.0830549	0.981985
0.169727	0.0830546	0.981985
0.169728	0.0830556	0.981985
0.169728	0.0830545	0.981985
0.169728	0.0830557	0.981985
0.169731	0.0830617	0.981984
0.169732	0.0830633	0.981984
0.169731	0.0830627	0.981984
0.169732	0.0830642	0.981983
0.169732	0.0830629	0.981984
0.169732	0.0830644	0.981983
0.169733	0.0830723	0.981983
0.169733	0.083074	0.981982
0.169733	0.0830734	0.981982
0.169733	0.0830746	0.981982
0.169733	0.0830736	0.981982
0.169733	0.0830751	0.981982
0.169731	0.0830816	0.981982
0.16973	0.083083	0.981982
0.169731	0.0830825	0.981982
0.16973	0.083083	0.981982
0.169731	0.0830825	0.981982
0.16973	0.0830836	0.981982
0.169726	0.0830861	0.981983
0.169725	0.0830869	0.981983
0.169726	0.0830866	0.981983
0.169725	0.0830861	0.981983
0.169725	0.0830862	0.981983
0.169725	0.0830867	0.981983
0.16972	0.0830841	0.981984
0.169719	0.083084	0.981984
0.16972	0.0830842	0.981984
0.169719	0.0830827	0.981984
0.16972	0.0830834	0.981984
0.169719	0.0830832	0.981984
0.169716	0.0830764	0.981985
0.169715	0.0830757	0.981985
0.169715	0.0830761	0.981985
0.169715	0.0830742	0.981985
0.169715	0.083075	0.981985
0.169715	0.0830745	0.981985
0.169714	0.0830659	0.981986
0.169714	0.0830649	0.981986
0.169714	0.0830654	0.981986
0.169714	0.0830637	0.981986
0.169714	0.0830642	0.981986
0.169714	0.0830639	0.981987
0.169716	0.0830566	0.981987
0.169716	0.0830559	0.981987
0.169716	0.0830563	0.981987
0.169717	0.0830553	0.981987
0.169717	0.0830553	0.981987
0.169717	0.0830554	0.981987
0.169721	0.083052	0.981986
0.169721	0.0830521	0.981986
0.169721	0.0830522	0.981986
0.169722	0.0830522	0.981986
0.169722	0.0830516	0.981986
0.169722	0.0830523	0.981986
0.169732	0.0830446	0.981985
0.169732	0.0830468	0.981985
0.169732	0.0830459	0.981985
0.169733	0.0830464	0.981985
0.169733	0.0830452	0.981985
0.169733	0.0830462	0.981985
0.169737	0.0830524	0.981984
0.169736	0.0830552	0.981983
0.169736	0.083054	0.981983
0.169737	0.0830549	0.981983
0.169737	0.0830536	0.981983
0.169737	0.0830549	0.981983
0.169738	0.0830629	0.981982
0.169737	0.0830659	0.981982
0.169738	0.0830646	0.981982
0.169738	0.0830654	0.981982
0.169738	0.0830643	0.981982
0.169738	0.0830656	0.981982
0.169736	0.0830722	0.981982
0.169735	0.0830749	0.981982
0.169736	0.0830738	0.981982
0.169735	0.0830738	0.981982
0.169736	0.0830732	0.981982
0.169735	0.0830741	0.981982
0.169731	0.0830768	0.981982
0.16973	0.0830788	0.981983
0.169731	0.0830779	0.981982
0.16973	0.0830769	0.981983
0.169731	0.083077	0.981983
0.16973	0.0830772	0.981983
0.169726	0.0830748	0.981984
0.169724	0.0830759	0.981984
0.169725	0.0830754	0.981984
0.169724	0.0830735	0.981984
0.169725	0.0830741	0.981984
0.169724	0.0830737	0.981984
0.169721	0.083067	0.981985
0.16972	0.0830676	0.981985
0.16972	0.0830673	0.981985
0.16972	0.083065	0.981985
0.169721	0.0830657	0.981985
0.16972	0.083065	0.981985
0.169719	0.0830565	0.981986
0.169719	0.0830568	0.981986
0.169719	0.0830567	0.981986
0.16972	0.0830545	0.981986
0.16972	0.083055	0.981986
0.16972	0.0830543	0.981986
0.169721	0.0830472	0.981987
0.169721	0.0830478	0.981987
0.169721	0.0830475	0.981987
0.169722	0.0830461	0.981987
0.169722	0.083046	0.981987
0.169722	0.0830459	0.981987
0.169726	0.0830427	0.981986
0.169726	0.083044	0.981986
0.169726	0.0830434	0.981986
0.169727	0.083043	0.981986
0.169727	0.0830423	0.981986
0.169728	0.0830428	0.981986
0.169741	0.0830287	0.981985
0.16974	0.0830315	0.981985
0.16974	0.0830302	0.981985
0.169742	0.0830305	0.981985
0.169741	0.0830294	0.981985
0.169742	0.0830301	0.981985
0.169745	0.0830364	0.981983
0.169745	0.0830399	0.981983
0.169745	0.0830383	0.981983
0.169746	0.0830391	0.981983
0.169746	0.0830379	0.981983
0.169746	0.0830389	0.981983
0.169747	0.083047	0.981982
0.169746	0.0830507	0.981982
0.169746	0.083049	0.981982
0.169746	0.0830495	0.981982
0.169747	0.0830486	0.981982
0.169747	0.0830495	0.981982
0.169745	0.0830563	0.981982
0.169743	0.0830597	0.981982
0.169744	0.0830581	0.981982
0.169744	0.0830579	0.981982
0.169744	0.0830575	0.981982
0.169744	0.083058	0.981982
0.16974	0.0830608	0.981982
0.169738	0.0830635	0.981982
0.169739	0.0830622	0.981982
0.169739	0.083061	0.981983
0.169739	0.0830612	0.981982
0.169739	0.0830611	0.981982
0.169734	0.0830588	0.981983
0.169732	0.0830607	0.981984
0.169733	0.0830598	0.981984
0.169733	0.0830576	0.981984
0.169734	0.0830583	0.981984
0.169733	0.0830576	0.981984
0.16973	0.0830511	0.981985
0.169728	0.0830523	0.981985
0.169729	0.0830517	0.981985
0.169729	0.0830491	0.981985
0.169729	0.0830499	0.981985
0.169729	0.0830489	0.981985
0.169728	0.0830405	0.981986
0.169727	0.0830415	0.981986
0.169727	0.083041	0.981986
0.169728	0.0830386	0.981986
0.169728	0.0830392	0.981986
0.169728	0.0830383	0.981986
0.16973	0.0830312	0.981987
0.169729	0.0830325	0.981987
0.16973	0.0830319	0.981987
0.169731	0.0830302	0.981986
0.169731	0.0830303	0.981987
0.169731	0.0830298	0.981986
0.169735	0.0830267	0.981986
0.169734	0.0830287	0.981986
0.169735	0.0830278	0.981986
0.169736	0.0830271	0.981986
0.169736	0.0830265	0.981986
0.169736	0.0830267	0.981986
0.169749	0.0830174	0.981984
0.169748	0.0830197	0.981984
0.169749	0.0830194	0.981984
0.16975	0.0830181	0.981984
0.169749	0.0830184	0.981984
0.16975	0.0830187	0.981984
0.169754	0.0830246	0.981983
0.169753	0.0830274	0.981983
0.169753	0.0830272	0.981983
0.169754	0.0830258	0.981983
0.169754	0.0830264	0.981983
0.169754	0.0830269	0.981983
0.169756	0.0830349	0.981982
0.169755	0.083038	0.981982
0.169755	0.0830377	0.981982
0.169755	0.0830361	0.981982
0.169755	0.083037	0.981982
0.169756	0.0830374	0.981982
0.169754	0.0830444	0.981981
0.169753	0.0830474	0.981981
0.169753	0.0830471	0.981981
0.169753	0.0830451	0.981981
0.169753	0.0830461	0.981981
0.169753	0.0830462	0.981981
0.169749	0.0830494	0.981982
0.169748	0.0830519	0.981982
0.169748	0.0830517	0.981982
0.169749	0.0830493	0.981982
0.169748	0.0830504	0.981982
0.169748	0.0830499	0.981982
0.169744	0.0830481	0.981983
0.169742	0.08305	0.981983
0.169742	0.0830498	0.981983
0.169743	0.0830471	0.981983
0.169743	0.0830481	0.981983
0.169743	0.083047	0.981983
0.169739	0.0830409	0.981984
0.169737	0.0830422	0.981984
0.169738	0.0830421	0.981984
0.169739	0.0830393	0.981984
0.169738	0.0830402	0.981984
0.169738	0.0830388	0.981984
0.169737	0.0830305	0.981985
0.169736	0.0830317	0.981985
0.169736	0.0830315	0.981985
0.169737	0.083029	0.981985
0.169737	0.0830296	0.981986
0.169737	0.0830283	0.981986
0.169739	0.0830211	0.981986
0.169738	0.0830223	0.981986
0.169738	0.0830221	0.981986
0.169739	0.08302	0.981986
0.169739	0.0830204	0.981986
0.16974	0.0830195	0.981986
0.169743	0.083016	0.981986
0.169743	0.0830177	0.981985
0.169743	0.0830175	0.981985
0.169744	0.0830159	0.981985
0.169744	0.0830162	0.981985
0.169745	0.0830159	0.981985
0.169755	0.083006	0.981984
0.169754	0.0830076	0.981984
0.169755	0.0830075	0.981984
0.169755	0.0830069	0.981984
0.169755	0.0830075	0.981984
0.169756	0.0830074	0.981984
0.169759	0.0830132	0.981983
0.169759	0.0830154	0.981983
0.169759	0.0830152	0.981983
0.169759	0.0830147	0.981983
0.169759	0.0830154	0.981983
0.16976	0.0830156	0.981983
0.169761	0.0830235	0.981982
0.169761	0.083026	0.981982
0.169761	0.0830258	0.981982
0.169761	0.083025	0.981982
0.169761	0.083026	0.981982
0.169761	0.0830261	0.981982
0.16976	0.083033	0.981981
0.169759	0.0830353	0.981981
0.169759	0.0830351	0.981981
0.169759	0.083034	0.981981
0.169759	0.0830351	0.981981
0.169759	0.0830349	0.981981
0.169755	0.0830381	0.981982
0.169754	0.0830399	0.981982
0.169754	0.0830397	0.981982
0.169754	0.0830382	0.981982
0.169754	0.0830394	0.981982
0.169754	0.0830386	0.981982
0.169749	0.0830367	0.981983
0.169748	0.0830379	0.981983
0.169748	0.0830378	0.981983
0.169748	0.083036	0.981983
0.169748	0.0830371	0.981983
0.169748	0.0830357	0.981983
0.169745	0.0830295	0.981984
0.169744	0.0830302	0.981984
0.169744	0.0830301	0.981984
0.169744	0.0830282	0.981984
0.169744	0.0830292	0.981984
0.169744	0.0830275	0.981984
0.169743	0.0830192	0.981985
0.169742	0.0830196	0.981985
0.169742	0.0830195	0.981985
0.169743	0.0830179	0.981985
0.169742	0.0830186	0.981985
0.169743	0.083017	0.981986
0.169744	0.0830097	0.981986
0.169744	0.0830102	0.981986
0.169744	0.0830101	0.981986
0.169745	0.0830089	0.981986
0.169744	0.0830094	0.981986
0.169745	0.0830082	0.981986
0.169749	0.0830047	0.981986
0.169749	0.0830057	0.981985
0.169749	0.0830055	0.981985
0.169749	0.0830047	0.981985
0.169749	0.0830052	0.981985
0.16975	0.0830046	0.981985
0.169755	0.0830046	0.981985
0.169755	0.083005	0.981984
0.169755	0.083005	0.981984
0.169755	0.0830056	0.981984
0.169755	0.0830061	0.981984
0.169756	0.083006	0.981984
0.169759	0.0830118	0.981983
0.16976	0.0830127	0.981983
0.16976	0.0830127	0.981983
0.16976	0.0830134	0.981983
0.16976	0.083014	0.981983
0.16976	0.0830143	0.981983
0.169761	0.0830221	0.981982
0.169762	0.0830233	0.981982
0.169762	0.0830233	0.981982
0.169761	0.0830237	0.981982
0.169761	0.0830246	0.981982
0.169761	0.0830248	0.981982
0.16976	0.0830316	0.981981
0.16976	0.0830326	0.981981
0.16976	0.0830327	0.981981
0.169759	0.0830327	0.981981
0.169759	0.0830338	0.981981
0.169759	0.0830335	0.981981
0.169755	0.0830366	0.981982
0.169755	0.0830372	0.981982
0.169755	0.0830373	0.981982
0.169754	0.0830368	0.981982
0.169754	0.083038	0.981982
0.169754	0.0830372	0.981982
0.16975	0.0830353	0.981983
0.169749	0.0830352	0.981983
0.169749	0.0830354	0.981983
0.169749	0.0830346	0.981983
0.169748	0.0830357	0.981983
0.169748	0.0830344	0.981983
0.169745	0.0830281	0.981984
0.169744	0.0830275	0.981984
0.169745	0.0830276	0.981984
0.169744	0.0830269	0.981984
0.169744	0.0830278	0.981984
0.169744	0.0830262	0.981985
0.169743	0.0830178	0.981985
0.169743	0.0830169	0.981986
0.169743	0.0830171	0.981986
0.169743	0.0830166	0.981986
0.169742	0.0830172	0.981986
0.169743	0.0830156	0.981986
0.169745	0.0830083	0.981986
0.169745	0.0830076	0.981986
0.169745	0.0830077	0.981986
0.169745	0.0830076	0.981986
0.169745	0.0830081	0.981986
0.169745	0.0830069	0.981986
0.169749	0.0830033	0.981986
0.169749	0.083003	0.981986
0.16975	0.0830031	0.981986
0.16975	0.0830034	0.981985
0.169749	0.0830038	0.981985
0.16975	0.0830032	0.981985
0.169749	0.0830136	0.981985
0.169751	0.0830127	0.981985
0.169751	0.083013	0.981985
0.16975	0.0830146	0.981984
0.16975	0.0830149	0.981984
0.169751	0.0830151	0.981984
0.169754	0.0830208	0.981983
0.169755	0.0830205	0.981983
0.169755	0.0830208	0.981983
0.169754	0.0830224	0.981983
0.169755	0.0830228	0.981983
0.169755	0.0830234	0.981983
0.169756	0.0830312	0.981982
0.169757	0.083031	0.981982
0.169757	0.0830313	0.981982
0.169756	0.0830327	0.981982
0.169756	0.0830334	0.981982
0.169756	0.0830339	0.981982
0.169755	0.0830406	0.981981
0.169755	0.0830404	0.981981
0.169755	0.0830407	0.981981
0.169754	0.0830417	0.981982
0.169754	0.0830426	0.981981
0.169754	0.0830426	0.981981
0.16975	0.0830457	0.981982
0.16975	0.083045	0.981982
0.16975	0.0830453	0.981982
0.169749	0.0830458	0.981982
0.169749	0.0830468	0.981982
0.169749	0.0830463	0.981982
0.169744	0.0830443	0.981983
0.169744	0.083043	0.981983
0.169744	0.0830434	0.981983
0.169743	0.0830436	0.981983
0.169743	0.0830445	0.981983
0.169743	0.0830435	0.981983
0.16974	0.0830371	0.981984
0.16974	0.0830353	0.981984
0.16974	0.0830357	0.981984
0.169739	0.0830359	0.981985
0.169739	0.0830366	0.981985
0.169739	0.0830352	0.981985
0.169738	0.0830268	0.981986
0.169738	0.0830247	0.981986
0.169738	0.0830251	0.981986
0.169738	0.0830256	0.981986
0.169737	0.083026	0.981986
0.169738	0.0830247	0.981986
0.169739	0.0830173	0.981986
0.16974	0.0830153	0.981986
0.16974	0.0830157	0.981986
0.16974	0.0830166	0.981986
0.169739	0.0830169	0.981986
0.16974	0.083016	0.981986
0.169744	0.0830123	0.981986
0.169745	0.0830108	0.981986
0.169745	0.0830111	0.981986
0.169744	0.0830124	0.981986
0.169744	0.0830126	0.981986
0.169745	0.0830123	0.981986
0.169741	0.0830297	0.981985
0.169742	0.083028	0.981985
0.169742	0.0830285	0.981985
0.169741	0.0830305	0.981985
0.169742	0.0830305	0.981985
0.169742	0.0830312	0.981984
0.169746	0.0830369	0.981983
0.169747	0.0830357	0.981983
0.169747	0.0830362	0.981983
0.169746	0.0830382	0.981983
0.169746	0.0830384	0.981983
0.169746	0.0830394	0.981983
0.169747	0.0830472	0.981982
0.169749	0.0830462	0.981982
0.169749	0.0830467	0.981982
0.169747	0.0830485	0.981982
0.169748	0.083049	0.981982
0.169747	0.0830499	0.981982
0.169746	0.0830567	0.981982
0.169747	0.0830556	0.981982
0.169747	0.0830561	0.981982
0.169745	0.0830575	0.981982
0.169745	0.0830581	0.981982
0.169745	0.0830587	0.981982
0.169741	0.0830617	0.981982
0.169742	0.0830602	0.981982
0.169742	0.0830607	0.981982
0.16974	0.0830617	0.981982
0.169741	0.0830624	0.981982
0.16974	0.0830624	0.981982
0.169736	0.0830604	0.981983
0.169736	0.0830582	0.981983
0.169736	0.0830588	0.981983
0.169735	0.0830595	0.981983
0.169735	0.0830601	0.981983
0.169734	0.0830595	0.981983
0.169731	0.0830532	0.981985
0.169732	0.0830505	0.981985
0.169731	0.0830511	0.981985
0.16973	0.0830517	0.981985
0.16973	0.0830522	0.981985
0.16973	0.0830513	0.981985
0.169729	0.0830429	0.981986
0.16973	0.0830399	0.981986
0.16973	0.0830405	0.981986
0.169729	0.0830414	0.981986
0.169729	0.0830416	0.981986
0.169729	0.0830408	0.981986
0.169731	0.0830334	0.981986
0.169732	0.0830306	0.981986
0.169732	0.0830311	0.981986
0.169731	0.0830325	0.981986
0.169731	0.0830324	0.981986
0.169731	0.0830321	0.981986
0.169735	0.0830284	0.981986
0.169737	0.083026	0.981986
0.169736	0.0830265	0.981986
0.169736	0.0830283	0.981986
0.169736	0.0830282	0.981986
0.169736	0.0830284	0.981986
0.169732	0.0830467	0.981985
0.169734	0.0830448	0.981985
0.169733	0.0830454	0.981985
0.169733	0.0830471	0.981985
0.169733	0.0830469	0.981985
0.169733	0.0830481	0.981985
0.169737	0.0830538	0.981983
0.169738	0.0830525	0.981983
0.169738	0.0830531	0.981983
0.169737	0.0830549	0.981983
0.169737	0.0830548	0.981983
0.169737	0.0830563	0.981983
0.169739	0.0830641	0.981982
0.16974	0.0830631	0.981982
0.16974	0.0830637	0.981982
0.169739	0.0830652	0.981982
0.169739	0.0830654	0.981982
0.169739	0.0830668	0.981982
0.169737	0.0830736	0.981982
0.169738	0.0830724	0.981982
0.169738	0.083073	0.981982
0.169736	0.0830742	0.981982
0.169737	0.0830745	0.981982
0.169736	0.0830756	0.981982
0.169732	0.0830786	0.981982
0.169733	0.083077	0.981982
0.169733	0.0830777	0.981982
0.169732	0.0830783	0.981982
0.169732	0.0830788	0.981982
0.169731	0.0830793	0.981982
0.169727	0.0830773	0.981983
0.169727	0.0830751	0.981983
0.169727	0.0830757	0.981983
0.169726	0.0830761	0.981983
0.169726	0.0830765	0.981983
0.169726	0.0830764	0.981983
0.169722	0.0830701	0.981985
0.169723	0.0830673	0.981985
0.169723	0.083068	0.981985
0.169722	0.0830684	0.981985
0.169722	0.0830686	0.981985
0.169721	0.0830682	0.981985
0.16972	0.0830598	0.981986
0.169721	0.0830568	0.981986
0.169721	0.0830575	0.981986
0.16972	0.0830581	0.981986
0.16972	0.083058	0.981986
0.16972	0.0830577	0.981986
0.169722	0.0830504	0.981986
0.169723	0.0830474	0.981986
0.169723	0.0830481	0.981986
0.169722	0.0830491	0.981986
0.169722	0.0830489	0.981986
0.169723	0.083049	0.981986
0.169726	0.0830453	0.981986
0.169728	0.0830429	0.981986
0.169728	0.0830435	0.981986
0.169727	0.083045	0.981986
0.169727	0.0830446	0.981986
0.169727	0.0830453	0.981986
0.169726	0.083058	0.981985
0.169728	0.0830569	0.981985
0.169727	0.0830574	0.981985
0.169727	0.0830583	0.981985
0.169728	0.0830579	0.981985
0.169728	0.0830594	0.981985
0.169731	0.0830652	0.981983
0.169732	0.0830646	0.981983
0.169732	0.0830651	0.981983
0.169732	0.083066	0.981983
0.169732	0.0830658	0.981983
0.169732	0.0830676	0.981983
0.169733	0.0830755	0.981982
0.169734	0.0830751	0.981982
0.169734	0.0830757	0.981982
0.169733	0.0830763	0.981982
0.169734	0.0830764	0.981982
0.169733	0.0830781	0.981982
0.169731	0.083085	0.981982
0.169732	0.0830845	0.981982
0.169732	0.083085	0.981982
0.169731	0.0830853	0.981982
0.169731	0.0830855	0.981982
0.169731	0.0830869	0.981982
0.169727	0.08309	0.981982
0.169727	0.0830891	0.981982
0.169727	0.0830896	0.981982
0.169726	0.0830894	0.981982
0.169727	0.0830898	0.981982
0.169726	0.0830905	0.981982
0.169721	0.0830887	0.981983
0.169721	0.0830871	0.981983
0.169721	0.0830877	0.981983
0.169721	0.0830873	0.981983
0.169721	0.0830875	0.981983
0.16972	0.0830877	0.981983
0.169716	0.0830815	0.981985
0.169717	0.0830794	0.981985
0.169717	0.08308	0.981985
0.169716	0.0830795	0.981985
0.169716	0.0830796	0.981985
0.169716	0.0830795	0.981985
0.169715	0.0830712	0.981986
0.169715	0.0830688	0.981986
0.169715	0.0830695	0.981986
0.169715	0.0830692	0.981986
0.169715	0.083069	0.981986
0.169715	0.083069	0.981986
0.169716	0.0830617	0.981986
0.169717	0.0830595	0.981986
0.169717	0.0830601	0.981986
0.169717	0.0830603	0.981986
0.169717	0.0830599	0.981986
0.169717	0.0830603	0.981986
0.169721	0.0830567	0.981986
0.169722	0.0830549	0.981986
0.169722	0.0830555	0.981986
0.169722	0.0830561	0.981986
0.169722	0.0830556	0.981986
0.169722	0.0830566	0.981986
0.169726	0.0830594	0.981985
0.169727	0.0830595	0.981985
0.169727	0.0830598	0.981985
0.169727	0.0830596	0.981985
0.169727	0.0830592	0.981985
0.169727	0.0830607	0.981984
0.169731	0.0830666	0.981983
0.169731	0.0830673	0.981983
0.169731	0.0830676	0.981983
0.169731	0.0830673	0.981983
0.169732	0.0830672	0.981983
0.169732	0.083069	0.981983
0.169733	0.0830769	0.981982
0.169733	0.0830778	0.981982
0.169733	0.0830781	0.981982
0.169733	0.0830776	0.981982
0.169733	0.0830777	0.981982
0.169733	0.0830795	0.981982
0.169731	0.0830864	0.981982
0.169731	0.0830872	0.981982
0.169731	0.0830875	0.981982
0.169731	0.0830866	0.981982
0.169731	0.0830869	0.981982
0.16973	0.0830882	0.981982
0.169727	0.0830914	0.981982
0.169726	0.0830917	0.981982
0.169726	0.0830921	0.981982
0.169726	0.0830908	0.981982
0.169726	0.0830911	0.981982
0.169725	0.0830919	0.981982
0.169721	0.0830901	0.981983
0.16972	0.0830898	0.981983
0.16972	0.0830902	0.981983
0.16972	0.0830886	0.981983
0.169721	0.0830889	0.981983
0.16972	0.0830891	0.981983
0.169716	0.0830829	0.981985
0.169716	0.0830821	0.981985
0.169716	0.0830825	0.981985
0.169716	0.0830809	0.981985
0.169716	0.083081	0.981985
0.169716	0.0830809	0.981985
0.169714	0.0830726	0.981986
0.169714	0.0830715	0.981986
0.169714	0.0830719	0.981986
0.169715	0.0830705	0.981986
0.169715	0.0830704	0.981986
0.169714	0.0830704	0.981986
0.169716	0.0830631	0.981986
0.169716	0.0830622	0.981986
0.169716	0.0830625	0.981986
0.169717	0.0830616	0.981986
0.169717	0.0830612	0.981986
0.169717	0.0830616	0.981986
0.16972	0.0830581	0.981986
0.169721	0.0830576	0.981986
0.169721	0.0830579	0.981986
0.169721	0.0830574	0.981986
0.169722	0.083057	0.981986
0.169722	0.0830579	0.981986
0.169731	0.0830504	0.981985
0.169731	0.0830518	0.981985
0.169731	0.0830518	0.981985
0.169732	0.0830506	0.981985
0.169732	0.0830505	0.981984
0.169733	0.0830516	0.981984
0.169736	0.0830576	0.981983
0.169736	0.0830595	0.981983
0.169736	0.0830595	0.981983
0.169737	0.0830583	0.981983
0.169737	0.0830584	0.981983
0.169737	0.0830599	0.981983
0.169738	0.0830679	0.981982
0.169737	0.0830701	0.981982
0.169738	0.0830701	0.981982
0.169738	0.0830686	0.981982
0.169738	0.083069	0.981982
0.169738	0.0830704	0.981982
0.169736	0.0830773	0.981982
0.169736	0.0830794	0.981981
0.169736	0.0830795	0.981981
0.169736	0.0830776	0.981982
0.169736	0.0830781	0.981981
0.169736	0.0830791	0.981981
0.169732	0.0830824	0.981982
0.169731	0.083084	0.981982
0.169731	0.0830841	0.981982
0.169731	0.0830818	0.981982
0.169731	0.0830824	0.981982
0.169731	0.0830828	0.981982
0.169726	0.0830811	0.981983
0.169725	0.083082	0.981983
0.169725	0.0830822	0.981983
0.169726	0.0830796	0.981983
0.169726	0.0830801	0.981983
0.169725	0.08308	0.981983
0.169721	0.0830739	0.981984
0.16972	0.0830743	0.981985
0.16972	0.0830745	0.981985
0.169721	0.0830719	0.981985
0.169721	0.0830722	0.981985
0.169721	0.0830718	0.981985
0.16972	0.0830636	0.981986
0.169719	0.0830637	0.981986
0.169719	0.0830639	0.981986
0.16972	0.0830615	0.981986
0.16972	0.0830616	0.981986
0.16972	0.0830613	0.981986
0.169721	0.0830541	0.981986
0.169721	0.0830544	0.981986
0.169721	0.0830545	0.981986
0.169722	0.0830526	0.981986
0.169722	0.0830524	0.981986
0.169722	0.0830525	0.981986
0.169726	0.083049	0.981986
0.169725	0.0830498	0.981986
0.169726	0.0830499	0.981986
0.169727	0.0830484	0.981986
0.169727	0.0830482	0.981986
0.169727	0.0830488	0.981986
0.16974	0.0830343	0.981985
0.16974	0.0830366	0.981984
0.16974	0.0830364	0.981984
0.169741	0.0830347	0.981984
0.169741	0.0830349	0.981984
0.169741	0.0830356	0.981984
0.169745	0.0830415	0.981983
0.169744	0.0830443	0.981983
0.169744	0.0830441	0.981983
0.169745	0.0830425	0.981983
0.169745	0.0830428	0.981983
0.169746	0.0830438	0.981983
0.169747	0.0830518	0.981982
0.169746	0.0830549	0.981982
0.169746	0.0830547	0.981982
0.169747	0.0830528	0.981982
0.169747	0.0830534	0.981982
0.169747	0.0830543	0.981982
0.169745	0.0830613	0.981981
0.169744	0.0830642	0.981981
0.169744	0.0830641	0.981981
0.169745	0.0830618	0.981981
0.169745	0.0830625	0.981981
0.169744	0.0830631	0.981981
0.169741	0.0830663	0.981982
0.169739	0.0830688	0.981982
0.169739	0.0830687	0.981982
0.16974	0.0830659	0.981982
0.16974	0.0830668	0.981982
0.169739	0.0830667	0.981982
0.169735	0.083065	0.981983
0.169733	0.0830668	0.981983
0.169733	0.0830667	0.981983
0.169734	0.0830637	0.981983
0.169734	0.0830645	0.981983
0.169734	0.0830639	0.981983
0.16973	0.0830578	0.981984
0.169729	0.0830591	0.981984
0.169729	0.083059	0.981984
0.16973	0.083056	0.981984
0.16973	0.0830566	0.981984
0.169729	0.0830557	0.981985
0.169728	0.0830475	0.981985
0.169727	0.0830485	0.981986
0.169727	0.0830485	0.981986
0.169728	0.0830457	0.981986
0.169728	0.083046	0.981986
0.169728	0.0830452	0.981986
0.16973	0.083038	0.981986
0.169729	0.0830392	0.981986
0.169729	0.0830391	0.981986
0.16973	0.0830367	0.981986
0.16973	0.0830368	0.981986
0.169731	0.0830364	0.981986
0.169734	0.083033	0.981986
0.169734	0.0830346	0.981986
0.169734	0.0830345	0.981986
0.169735	0.0830325	0.981986
0.169735	0.0830326	0.981986
0.169736	0.0830328	0.981985
0.169749	0.0830249	0.981984
0.169749	0.0830273	0.981984
0.169749	0.083027	0.981984
0.16975	0.0830253	0.981984
0.16975	0.0830257	0.981984
0.169751	0.083026	0.981983
0.169754	0.0830316	0.981982
0.169754	0.0830346	0.981982
0.169754	0.0830343	0.981982
0.169755	0.0830327	0.981982
0.169755	0.0830333	0.981982
0.169755	0.083034	0.981982
0.169757	0.0830419	0.981981
0.169756	0.0830452	0.981981
0.169756	0.0830449	0.981981
0.169757	0.0830432	0.981981
0.169757	0.0830439	0.981981
0.169757	0.0830447	0.981981
0.169755	0.0830519	0.98198
0.169754	0.0830551	0.98198
0.169754	0.0830548	0.98198
0.169755	0.0830526	0.98198
0.169755	0.0830537	0.98198
0.169755	0.083054	0.98198
0.169751	0.0830578	0.981981
0.169749	0.0830604	0.981981
0.16975	0.0830602	0.981981
0.16975	0.0830575	0.981981
0.16975	0.0830587	0.981981
0.16975	0.0830584	0.981981
0.169745	0.0830572	0.981982
0.169744	0.0830591	0.981982
0.169744	0.0830589	0.981982
0.169744	0.0830559	0.981982
0.169744	0.0830571	0.981982
0.169744	0.0830562	0.981982
0.16974	0.0830505	0.981983
0.169739	0.0830518	0.981983
0.169739	0.0830516	0.981983
0.16974	0.0830485	0.981983
0.16974	0.0830495	0.981983
0.16974	0.0830483	0.981983
0.169738	0.0830401	0.981984
0.169737	0.0830412	0.981985
0.169737	0.083041	0.981985
0.169738	0.0830381	0.981985
0.169738	0.0830389	0.981985
0.169738	0.0830376	0.981985
0.169739	0.0830301	0.981985
0.169738	0.0830313	0.981985
0.169739	0.0830311	0.981985
0.16974	0.0830286	0.981985
0.169739	0.0830292	0.981985
0.16974	0.0830283	0.981985
0.169743	0.0830243	0.981985
0.169743	0.083026	0.981985
0.169743	0.0830257	0.981985
0.169744	0.0830238	0.981985
0.169744	0.0830241	0.981985
0.169745	0.0830239	0.981985
0.169755	0.0830123	0.981984
0.169755	0.083014	0.981984
0.169756	0.0830138	0.981984
0.169756	0.083013	0.981984
0.169756	0.0830135	0.981984
0.169757	0.0830134	0.981983
0.169761	0.083019	0.981982
0.16976	0.0830214	0.981982
0.16976	0.0830211	0.981982
0.169761	0.0830204	0.981982
0.169761	0.083021	0.981982
0.169761	0.0830214	0.981982
0.169763	0.0830293	0.981981
0.169762	0.083032	0.981981
0.169763	0.0830318	0.981981
0.169763	0.0830308	0.981981
0.169763	0.0830317	0.981981
0.169763	0.0830321	0.981981
0.169762	0.0830393	0.98198
0.169761	0.0830418	0.98198
0.169761	0.0830416	0.98198
0.169761	0.0830403	0.98198
0.169761	0.0830414	0.98198
0.169761	0.0830414	0.98198
0.169757	0.0830452	0.981981
0.169756	0.0830471	0.981981
0.169756	0.083047	0.981981
0.169756	0.0830451	0.981981
0.169756	0.0830465	0.981981
0.169756	0.0830458	0.981981
0.169752	0.0830446	0.981982
0.16975	0.0830458	0.981982
0.169751	0.0830457	0.981982
0.169751	0.0830436	0.981982
0.16975	0.0830449	0.981982
0.16975	0.0830436	0.981982
0.169747	0.0830379	0.981983
0.169745	0.0830385	0.981983
0.169746	0.0830384	0.981983
0.169746	0.0830362	0.981983
0.169746	0.0830373	0.981983
0.169746	0.0830357	0.981983
0.169744	0.0830275	0.981984
0.169743	0.0830279	0.981985
0.169744	0.0830278	0.981984
0.169744	0.0830257	0.981985
0.169744	0.0830266	0.981985
0.169744	0.083025	0.981985
0.169745	0.0830175	0.981985
0.169745	0.0830181	0.981985
0.169745	0.0830179	0.981985
0.169746	0.0830163	0.981985
0.169745	0.0830169	0.981985
0.169746	0.0830157	0.981985
0.16975	0.0830117	0.981985
0.169749	0.0830128	0.981985
0.16975	0.0830126	0.981985
0.16975	0.0830114	0.981985
0.16975	0.0830119	0.981985
0.169751	0.0830113	0.981985
0.169756	0.0830101	0.981984
0.169757	0.0830105	0.981984
0.169757	0.0830106	0.981984
0.169757	0.0830109	0.981984
0.169757	0.0830114	0.981984
0.169758	0.0830112	0.981983
0.169761	0.0830168	0.981982
0.169761	0.0830179	0.981982
0.169762	0.0830179	0.981982
0.169761	0.0830184	0.981982
0.169761	0.083019	0.981982
0.169762	0.0830192	0.981982
0.169764	0.0830271	0.981981
0.169764	0.0830285	0.981981
0.169764	0.0830285	0.981981
0.169763	0.0830288	0.981981
0.169763	0.0830296	0.981981
0.169764	0.0830299	0.981981
0.169762	0.0830371	0.98198
0.169762	0.0830383	0.98198
0.169762	0.0830384	0.98198
0.169761	0.0830382	0.98198
0.169762	0.0830394	0.98198
0.169762	0.0830392	0.98198
0.169758	0.083043	0.981981
0.169757	0.0830436	0.981981
0.169758	0.0830438	0.981981
0.169757	0.0830431	0.981981
0.169757	0.0830444	0.981981
0.169757	0.0830436	0.981981
0.169752	0.0830424	0.981982
0.169752	0.0830424	0.981982
0.169752	0.0830425	0.981982
0.169751	0.0830415	0.981982
0.169751	0.0830428	0.981982
0.169751	0.0830414	0.981982
0.169747	0.0830357	0.981983
0.169747	0.083035	0.981983
0.169747	0.0830352	0.981983
0.169746	0.0830341	0.981983
0.169746	0.0830352	0.981983
0.169746	0.0830335	0.981984
0.169745	0.0830253	0.981984
0.169745	0.0830244	0.981985
0.169745	0.0830245	0.981985
0.169745	0.0830237	0.981985
0.169744	0.0830246	0.981985
0.169745	0.0830228	0.981985
0.169746	0.0830153	0.981985
0.169746	0.0830146	0.981985
0.169746	0.0830147	0.981985
0.169746	0.0830142	0.981985
0.169746	0.0830148	0.981985
0.169747	0.0830135	0.981985
0.16975	0.0830095	0.981985
0.169751	0.0830093	0.981985
0.169751	0.0830093	0.981985
0.169751	0.0830094	0.981985
0.169751	0.0830098	0.981985
0.169752	0.0830091	0.981985
0.169751	0.0830191	0.981984
0.169752	0.0830182	0.981984
0.169752	0.0830186	0.981984
0.169751	0.08302	0.981984
0.169751	0.0830203	0.981984
0.169752	0.0830203	0.981984
0.169756	0.0830258	0.981983
0.169757	0.0830255	0.981982
0.169757	0.0830259	0.981982
0.169756	0.0830274	0.981982
0.169756	0.0830278	0.981982
0.169757	0.0830283	0.981982
0.169758	0.0830362	0.981981
0.169759	0.0830361	0.981981
0.169759	0.0830365	0.981981
0.169758	0.0830378	0.981981
0.169758	0.0830385	0.981981
0.169758	0.0830389	0.981981
0.169757	0.0830461	0.981981
0.169757	0.0830459	0.981981
0.169757	0.0830464	0.981981
0.169756	0.0830472	0.981981
0.169756	0.0830482	0.981981
0.169756	0.0830483	0.981981
0.169753	0.083052	0.981981
0.169753	0.0830512	0.981981
0.169753	0.0830517	0.981981
0.169752	0.0830521	0.981981
0.169752	0.0830532	0.981981
0.169751	0.0830527	0.981981
0.169747	0.0830514	0.981982
0.169747	0.08305	0.981982
0.169747	0.0830505	0.981982
0.169746	0.0830505	0.981982
0.169746	0.0830517	0.981982
0.169746	0.0830505	0.981982
0.169742	0.0830447	0.981983
0.169742	0.0830426	0.981983
0.169742	0.0830432	0.981983
0.169741	0.0830431	0.981984
0.169741	0.0830441	0.981984
0.169741	0.0830426	0.981984
0.16974	0.0830344	0.981985
0.16974	0.083032	0.981985
0.16974	0.0830325	0.981985
0.169739	0.0830327	0.981985
0.169739	0.0830334	0.981985
0.16974	0.0830319	0.981985
0.169741	0.0830244	0.981985
0.169742	0.0830222	0.981985
0.169742	0.0830227	0.981985
0.169741	0.0830233	0.981985
0.169741	0.0830237	0.981985
0.169742	0.0830226	0.981985
0.169745	0.0830185	0.981985
0.169746	0.0830169	0.981985
0.169746	0.0830173	0.981985
0.169746	0.0830184	0.981985
0.169746	0.0830187	0.981985
0.169746	0.0830182	0.981985
0.169742	0.0830359	0.981984
0.169743	0.083034	0.981984
0.169743	0.0830347	0.981984
0.169742	0.0830366	0.981984
0.169742	0.0830367	0.981984
0.169743	0.0830372	0.981984
0.169747	0.0830426	0.981983
0.169748	0.0830413	0.981983
0.169748	0.083042	0.981982
0.169747	0.083044	0.981983
0.169747	0.0830442	0.981982
0.169748	0.0830451	0.981982
0.169749	0.0830529	0.981981
0.16975	0.0830519	0.981981
0.16975	0.0830526	0.981981
0.169749	0.0830544	0.981981
0.169749	0.0830549	0.981981
0.169749	0.0830558	0.981981
0.169748	0.0830629	0.981981
0.169749	0.0830617	0.981981
0.169749	0.0830625	0.981981
0.169747	0.0830639	0.981981
0.169747	0.0830646	0.981981
0.169747	0.0830651	0.981981
0.169744	0.0830688	0.981981
0.169744	0.083067	0.981981
0.169744	0.0830678	0.981981
0.169743	0.0830688	0.981981
0.169743	0.0830696	0.981981
0.169742	0.0830695	0.981981
0.169738	0.0830682	0.981982
0.169738	0.0830658	0.981982
0.169738	0.0830666	0.981982
0.169737	0.0830672	0.981982
0.169737	0.0830681	0.981982
0.169736	0.0830674	0.981982
0.169733	0.0830615	0.981983
0.169733	0.0830585	0.981984
0.169733	0.0830593	0.981984
0.169732	0.0830598	0.981984
0.169732	0.0830605	0.981984
0.169732	0.0830594	0.981984
0.16973	0.0830512	0.981985
0.169731	0.0830479	0.981985
0.169731	0.0830487	0.981985
0.16973	0.0830494	0.981985
0.16973	0.0830498	0.981985
0.16973	0.0830488	0.981985
0.169732	0.0830412	0.981985
0.169733	0.083038	0.981985
0.169733	0.0830388	0.981985
0.169732	0.0830399	0.981985
0.169732	0.0830401	0.981985
0.169732	0.0830395	0.981985
0.169736	0.0830354	0.981985
0.169738	0.0830327	0.981985
0.169737	0.0830335	0.981985
0.169737	0.0830351	0.981985
0.169737	0.0830351	0.981985
0.169737	0.083035	0.981985
0.169732	0.0830541	0.981984
0.169734	0.0830519	0.981984
0.169734	0.0830528	0.981984
0.169733	0.0830546	0.981984
0.169733	0.0830544	0.981984
0.169733	0.0830554	0.981984
0.169737	0.0830608	0.981983
0.169739	0.0830593	0.981983
0.169739	0.0830601	0.981983
0.169738	0.0830619	0.981983
0.169738	0.0830619	0.981983
0.169738	0.0830633	0.981982
0.16974	0.0830711	0.981982
0.169741	0.0830698	0.981981
0.169741	0.0830707	0.981981
0.169739	0.0830724	0.981981
0.16974	0.0830726	0.981981
0.16974	0.083074	0.981981
0.169738	0.0830811	0.981981
0.169739	0.0830797	0.981981
0.169739	0.0830806	0.981981
0.169738	0.0830818	0.981981
0.169738	0.0830823	0.981981
0.169738	0.0830833	0.981981
0.169734	0.0830869	0.981981
0.169735	0.083085	0.981981
0.169735	0.0830859	0.981981
0.169733	0.0830867	0.981981
0.169733	0.0830873	0.981981
0.169733	0.0830877	0.981981
0.169728	0.0830864	0.981982
0.169729	0.0830837	0.981982
0.169729	0.0830847	0.981982
0.169727	0.0830851	0.981982
0.169728	0.0830858	0.981982
0.169727	0.0830856	0.981982
0.169723	0.0830797	0.981984
0.169724	0.0830764	0.981984
0.169724	0.0830774	0.981984
0.169723	0.0830777	0.981984
0.169723	0.0830782	0.981984
0.169722	0.0830777	0.981984
0.169721	0.0830694	0.981985
0.169722	0.0830658	0.981985
0.169722	0.0830668	0.981985
0.169721	0.0830673	0.981985
0.169721	0.0830676	0.981985
0.169721	0.083067	0.981985
0.169722	0.0830594	0.981986
0.169723	0.083056	0.981986
0.169723	0.0830569	0.981986
0.169723	0.0830579	0.981986
0.169723	0.0830579	0.981986
0.169723	0.0830577	0.981986
0.169726	0.0830535	0.981985
0.169728	0.0830507	0.981985
0.169728	0.0830516	0.981985
0.169727	0.083053	0.981985
0.169727	0.0830528	0.981985
0.169728	0.0830533	0.981985
0.169726	0.0830667	0.981984
0.169727	0.0830652	0.981984
0.169727	0.083066	0.981984
0.169727	0.0830669	0.981984
0.169727	0.0830666	0.981984
0.169727	0.083068	0.981984
0.169731	0.0830734	0.981983
0.169732	0.0830725	0.981983
0.169732	0.0830733	0.981983
0.169732	0.0830743	0.981983
0.169732	0.0830742	0.981983
0.169732	0.0830759	0.981982
0.169733	0.0830837	0.981982
0.169734	0.0830831	0.981981
0.169734	0.0830839	0.981981
0.169733	0.0830847	0.981981
0.169734	0.0830848	0.981981
0.169733	0.0830866	0.981981
0.169732	0.0830937	0.981981
0.169733	0.0830929	0.981981
0.169733	0.0830938	0.981981
0.169732	0.0830941	0.981981
0.169732	0.0830945	0.981981
0.169731	0.0830959	0.981981
0.169728	0.0830995	0.981981
0.169728	0.0830982	0.981981
0.169728	0.0830991	0.981981
0.169727	0.083099	0.981981
0.169727	0.0830995	0.981981
0.169726	0.0831004	0.981981
0.169722	0.083099	0.981982
0.169722	0.083097	0.981982
0.169722	0.0830979	0.981982
0.169721	0.0830975	0.981982
0.169722	0.083098	0.981982
0.169721	0.0830982	0.981982
0.169717	0.0830923	0.981984
0.169717	0.0830897	0.981984
0.169717	0.0830906	0.981984
0.169717	0.0830901	0.981984
0.169717	0.0830904	0.981984
0.169716	0.0830903	0.981984
0.169715	0.083082	0.981985
0.169715	0.0830791	0.981985
0.169715	0.08308	0.981985
0.169715	0.0830797	0.981985
0.169715	0.0830798	0.981985
0.169715	0.0830796	0.981985
0.169716	0.083072	0.981986
0.169717	0.0830693	0.981986
0.169717	0.0830701	0.981986
0.169716	0.0830702	0.981986
0.169717	0.0830701	0.981986
0.169717	0.0830703	0.981986
0.16972	0.0830661	0.981985
0.169721	0.083064	0.981985
0.169721	0.0830648	0.981985
0.169721	0.0830653	0.981985
0.169721	0.0830651	0.981985
0.169721	0.0830659	0.981985
0.169725	0.0830689	0.981984
0.169726	0.0830687	0.981984
0.169726	0.0830692	0.981984
0.169726	0.0830689	0.981984
0.169727	0.0830687	0.981984
0.169727	0.0830702	0.981984
0.16973	0.0830756	0.981983
0.169731	0.083076	0.981983
0.169731	0.0830765	0.981983
0.169731	0.0830763	0.981983
0.169731	0.0830762	0.981982
0.169731	0.0830781	0.981982
0.169733	0.0830859	0.981981
0.169733	0.0830866	0.981981
0.169733	0.0830871	0.981981
0.169733	0.0830867	0.981981
0.169733	0.0830869	0.981981
0.169733	0.0830888	0.981981
0.169732	0.0830959	0.981981
0.169731	0.0830964	0.981981
0.169731	0.083097	0.981981
0.169731	0.0830962	0.981981
0.169732	0.0830966	0.981981
0.169731	0.0830981	0.981981
0.169727	0.0831017	0.981981
0.169727	0.0831017	0.981981
0.169727	0.0831024	0.981981
0.169727	0.0831011	0.981981
0.169727	0.0831016	0.981981
0.169726	0.0831025	0.981981
0.169721	0.0831012	0.981982
0.169721	0.0831005	0.981982
0.169721	0.0831011	0.981982
0.169721	0.0830995	0.981982
0.169721	0.0831001	0.981982
0.16972	0.0831004	0.981982
0.169716	0.0830945	0.981984
0.169716	0.0830932	0.981984
0.169716	0.0830938	0.981984
0.169716	0.0830921	0.981984
0.169716	0.0830925	0.981984
0.169715	0.0830925	0.981984
0.169714	0.0830842	0.981985
0.169714	0.0830826	0.981985
0.169714	0.0830832	0.981985
0.169714	0.0830817	0.981985
0.169714	0.0830819	0.981985
0.169714	0.0830818	0.981985
0.169715	0.0830742	0.981985
0.169716	0.0830728	0.981986
0.169715	0.0830733	0.981985
0.169716	0.0830723	0.981985
0.169716	0.0830722	0.981985
0.169716	0.0830725	0.981985
0.16972	0.0830683	0.981985
0.16972	0.0830674	0.981985
0.16972	0.083068	0.981985
0.169721	0.0830674	0.981985
0.169721	0.0830671	0.981985
0.169721	0.0830681	0.981985
0.169731	0.0830598	0.981984
0.169731	0.0830611	0.981984
0.169731	0.0830612	0.981984
0.169732	0.0830599	0.981984
0.169732	0.0830598	0.981984
0.169732	0.0830611	0.981984
0.169736	0.0830666	0.981983
0.169735	0.0830684	0.981982
0.169736	0.0830685	0.981982
0.169736	0.0830673	0.981982
0.169737	0.0830674	0.981982
0.169737	0.0830691	0.981982
0.169738	0.0830769	0.981981
0.169738	0.083079	0.981981
0.169738	0.0830792	0.981981
0.169738	0.0830777	0.981981
0.169738	0.083078	0.981981
0.169738	0.0830797	0.981981
0.169737	0.0830869	0.981981
0.169736	0.0830888	0.981981
0.169736	0.083089	0.981981
0.169736	0.0830872	0.981981
0.169737	0.0830877	0.981981
0.169736	0.083089	0.981981
0.169733	0.0830927	0.981981
0.169731	0.0830941	0.981981
0.169731	0.0830944	0.981981
0.169732	0.083092	0.981981
0.169732	0.0830928	0.981981
0.169731	0.0830935	0.981981
0.169727	0.0830922	0.981982
0.169725	0.0830929	0.981982
0.169726	0.0830932	0.981982
0.169726	0.0830905	0.981982
0.169726	0.0830912	0.981982
0.169725	0.0830913	0.981982
0.169722	0.0830855	0.981983
0.169721	0.0830856	0.981984
0.169721	0.0830858	0.981984
0.169721	0.0830831	0.981984
0.169721	0.0830837	0.981984
0.169721	0.0830834	0.981984
0.169719	0.0830751	0.981985
0.169718	0.083075	0.981985
0.169719	0.0830752	0.981985
0.16972	0.0830727	0.981985
0.169719	0.083073	0.981985
0.169719	0.0830727	0.981985
0.16972	0.0830651	0.981985
0.16972	0.0830651	0.981985
0.16972	0.0830654	0.981985
0.169721	0.0830632	0.981985
0.169721	0.0830633	0.981985
0.169721	0.0830634	0.981985
0.169725	0.0830593	0.981985
0.169725	0.0830598	0.981985
0.169725	0.08306	0.981985
0.169726	0.0830583	0.981985
0.169726	0.0830583	0.981985
0.169726	0.083059	0.981985
0.16974	0.083043	0.981984
0.169739	0.0830453	0.981984
0.169739	0.0830451	0.981984
0.169741	0.0830432	0.981984
0.169741	0.0830434	0.981984
0.169741	0.0830443	0.981983
0.169745	0.0830498	0.981982
0.169744	0.0830526	0.981982
0.169744	0.0830524	0.981982
0.169745	0.0830506	0.981982
0.169746	0.083051	0.981982
0.169746	0.0830522	0.981982
0.169747	0.0830601	0.981981
0.169746	0.0830632	0.981981
0.169746	0.0830631	0.981981
0.169747	0.0830611	0.981981
0.169747	0.0830616	0.981981
0.169747	0.0830629	0.981981
0.169746	0.0830701	0.98198
0.169745	0.083073	0.98198
0.169745	0.0830729	0.98198
0.169745	0.0830705	0.981981
0.169746	0.0830713	0.98198
0.169745	0.0830722	0.98198
0.169742	0.0830759	0.981981
0.16974	0.0830783	0.981981
0.16974	0.0830783	0.981981
0.169741	0.0830754	0.981981
0.169741	0.0830764	0.981981
0.16974	0.0830766	0.981981
0.169736	0.0830754	0.981982
0.169734	0.0830771	0.981982
0.169734	0.083077	0.981982
0.169735	0.0830738	0.981982
0.169735	0.0830748	0.981982
0.169735	0.0830745	0.981982
0.169731	0.0830687	0.981983
0.169729	0.0830697	0.981983
0.169729	0.0830697	0.981983
0.16973	0.0830664	0.981983
0.16973	0.0830672	0.981983
0.16973	0.0830665	0.981984
0.169728	0.0830583	0.981985
0.169727	0.0830591	0.981985
0.169727	0.0830591	0.981985
0.169729	0.083056	0.981985
0.169728	0.0830566	0.981985
0.169728	0.0830559	0.981985
0.16973	0.0830483	0.981985
0.169729	0.0830493	0.981985
0.169729	0.0830492	0.981985
0.16973	0.0830466	0.981985
0.16973	0.0830469	0.981985
0.16973	0.0830465	0.981985
0.169734	0.0830425	0.981985
0.169733	0.083044	0.981985
0.169734	0.0830439	0.981985
0.169735	0.0830417	0.981985
0.169735	0.0830418	0.981985
0.169735	0.0830421	0.981985
0.16975	0.0830321	0.981983
0.16975	0.0830347	0.981983
0.16975	0.0830347	0.981983
0.169751	0.083033	0.981983
0.169751	0.0830332	0.981983
0.169752	0.0830332	0.981983
0.169756	0.0830386	0.981981
0.169755	0.0830418	0.981981
0.169755	0.0830418	0.981981
0.169756	0.0830402	0.981981
0.169756	0.0830405	0.981981
0.169757	0.083041	0.981981
0.169759	0.0830492	0.98198
0.169758	0.0830528	0.98198
0.169758	0.0830528	0.98198
0.169758	0.0830509	0.98198
0.169758	0.0830515	0.98198
0.169759	0.083052	0.98198
0.169758	0.0830599	0.981979
0.169756	0.0830634	0.981979
0.169757	0.0830635	0.981979
0.169757	0.0830611	0.981979
0.169757	0.0830619	0.981979
0.169757	0.0830621	0.981979
0.169754	0.0830666	0.981979
0.169752	0.0830696	0.98198
0.169752	0.0830698	0.981979
0.169752	0.0830669	0.98198
0.169752	0.0830679	0.98198
0.169752	0.0830674	0.98198
0.169748	0.0830668	0.98198
0.169746	0.0830691	0.981981
0.169746	0.0830694	0.981981
0.169746	0.0830661	0.981981
0.169746	0.083067	0.981981
0.169746	0.0830659	0.981981
0.169742	0.0830603	0.981982
0.16974	0.083062	0.981982
0.169741	0.0830623	0.981982
0.169741	0.083059	0.981982
0.169741	0.0830596	0.981982
0.169741	0.0830581	0.981982
0.169739	0.0830496	0.981983
0.169738	0.0830511	0.981984
0.169738	0.0830513	0.981983
0.169739	0.0830482	0.981984
0.169739	0.0830487	0.981984
0.169739	0.0830471	0.981984
0.16974	0.0830389	0.981984
0.169739	0.0830405	0.981984
0.169739	0.0830406	0.981984
0.16974	0.083038	0.981984
0.16974	0.0830382	0.981984
0.169741	0.083037	0.981984
0.169744	0.0830322	0.981984
0.169744	0.0830342	0.981984
0.169744	0.0830343	0.981984
0.169745	0.0830322	0.981984
0.169745	0.0830323	0.981984
0.169746	0.0830317	0.981984
0.169758	0.0830175	0.981983
0.169757	0.0830193	0.981983
0.169758	0.0830192	0.981983
0.169758	0.0830186	0.981983
0.169758	0.0830191	0.981983
0.169759	0.0830189	0.981983
0.169763	0.083024	0.981981
0.169763	0.0830264	0.981981
0.169763	0.0830263	0.981981
0.169763	0.0830258	0.981981
0.169763	0.0830265	0.981981
0.169764	0.0830266	0.981981
0.169766	0.0830347	0.98198
0.169765	0.0830374	0.98198
0.169766	0.0830373	0.98198
0.169765	0.0830365	0.98198
0.169765	0.0830375	0.98198
0.169766	0.0830377	0.98198
0.169765	0.0830454	0.981979
0.169764	0.083048	0.981979
0.169764	0.083048	0.981979
0.169764	0.0830467	0.981979
0.169764	0.0830479	0.981979
0.169764	0.0830477	0.981979
0.169761	0.0830521	0.981979
0.16976	0.0830543	0.981979
0.16976	0.0830543	0.981979
0.16976	0.0830525	0.98198
0.169759	0.0830538	0.98198
0.169759	0.083053	0.98198
0.169755	0.0830522	0.98198
0.169753	0.0830537	0.981981
0.169754	0.0830539	0.981981
0.169754	0.0830517	0.981981
0.169753	0.0830529	0.981981
0.169753	0.0830515	0.981981
0.169749	0.0830457	0.981982
0.169748	0.0830466	0.981982
0.169748	0.0830468	0.981982
0.169748	0.0830446	0.981982
0.169748	0.0830456	0.981982
0.169748	0.0830437	0.981982
0.169747	0.0830351	0.981983
0.169746	0.0830357	0.981983
0.169746	0.0830358	0.981983
0.169746	0.0830338	0.981984
0.169746	0.0830346	0.981984
0.169746	0.0830327	0.981984
0.169747	0.0830244	0.981984
0.169747	0.0830251	0.981984
0.169747	0.0830251	0.981984
0.169747	0.0830236	0.981984
0.169747	0.0830241	0.981984
0.169748	0.0830226	0.981984
0.169752	0.0830177	0.981984
0.169751	0.0830188	0.981984
0.169751	0.0830187	0.981984
0.169752	0.0830178	0.981984
0.169752	0.0830182	0.981984
0.169753	0.0830173	0.981984
0.169759	0.0830145	0.981983
0.169759	0.0830148	0.981983
0.169759	0.0830147	0.981983
0.169759	0.0830154	0.981983
0.169759	0.0830161	0.981983
0.16976	0.0830158	0.981983
0.169764	0.083021	0.981982
0.169764	0.0830219	0.981981
0.169765	0.0830218	0.981981
0.169764	0.0830226	0.981981
0.169764	0.0830234	0.981981
0.169765	0.0830236	0.981981
0.169767	0.0830316	0.98198
0.169767	0.0830328	0.98198
0.169767	0.0830328	0.98198
0.169766	0.0830333	0.98198
0.169766	0.0830344	0.98198
0.169767	0.0830346	0.98198
0.169766	0.0830423	0.981979
0.169766	0.0830435	0.981979
0.169766	0.0830435	0.981979
0.169765	0.0830435	0.981979
0.169765	0.0830448	0.981979
0.169765	0.0830447	0.981979
0.169762	0.083049	0.98198
0.169761	0.0830497	0.98198
0.169762	0.0830498	0.981979
0.169761	0.0830493	0.98198
0.16976	0.0830507	0.98198
0.16976	0.08305	0.98198
0.169756	0.0830492	0.981981
0.169755	0.0830492	0.981981
0.169756	0.0830493	0.981981
0.169755	0.0830485	0.981981
0.169754	0.0830498	0.981981
0.169754	0.0830484	0.981981
0.16975	0.0830427	0.981982
0.16975	0.0830421	0.981982
0.16975	0.0830422	0.981982
0.16975	0.0830413	0.981982
0.169749	0.0830425	0.981982
0.169749	0.0830407	0.981982
0.169748	0.083032	0.981983
0.169747	0.0830311	0.981984
0.169748	0.0830312	0.981984
0.169747	0.0830306	0.981984
0.169747	0.0830315	0.981984
0.169747	0.0830297	0.981984
0.169748	0.0830213	0.981984
0.169749	0.0830205	0.981984
0.169749	0.0830205	0.981984
0.169749	0.0830204	0.981984
0.169748	0.0830211	0.981984
0.169749	0.0830196	0.981984
0.169753	0.0830146	0.981984
0.169753	0.0830143	0.981984
0.169753	0.0830142	0.981984
0.169753	0.0830146	0.981984
0.169753	0.0830152	0.981984
0.169754	0.0830143	0.981984
0.169753	0.0830242	0.981983
0.169754	0.0830228	0.981983
0.169754	0.0830229	0.981983
0.169754	0.0830246	0.981983
0.169753	0.0830252	0.981983
0.169754	0.0830253	0.981983
0.169758	0.0830306	0.981982
0.16976	0.0830299	0.981982
0.16976	0.0830299	0.981981
0.169759	0.0830318	0.981982
0.169759	0.0830325	0.981981
0.169759	0.0830331	0.981981
0.169761	0.0830413	0.98198
0.169762	0.0830409	0.98198
0.169762	0.0830409	0.98198
0.169761	0.0830425	0.98198
0.169761	0.0830435	0.98198
0.169761	0.0830441	0.98198
0.16976	0.083052	0.98198
0.169761	0.0830515	0.981979
0.169761	0.0830516	0.981979
0.16976	0.0830527	0.98198
0.16976	0.0830539	0.981979
0.169759	0.0830542	0.981979
0.169756	0.0830587	0.98198
0.169756	0.0830577	0.98198
0.169757	0.083058	0.98198
0.169755	0.0830585	0.98198
0.169755	0.0830598	0.98198
0.169755	0.0830594	0.98198
0.16975	0.0830588	0.981981
0.16975	0.0830572	0.981981
0.169751	0.0830575	0.981981
0.169749	0.0830577	0.981981
0.169749	0.0830589	0.981981
0.169749	0.0830579	0.981981
0.169745	0.0830523	0.981982
0.169745	0.0830501	0.981982
0.169745	0.0830504	0.981982
0.169744	0.0830505	0.981982
0.169744	0.0830516	0.981982
0.169744	0.0830502	0.981983
0.169742	0.0830417	0.981984
0.169742	0.0830392	0.981984
0.169743	0.0830394	0.981984
0.169742	0.0830398	0.981984
0.169741	0.0830406	0.981984
0.169742	0.0830391	0.981984
0.169743	0.083031	0.981984
0.169744	0.0830286	0.981984
0.169744	0.0830287	0.981984
0.169743	0.0830296	0.981984
0.169743	0.0830302	0.981984
0.169743	0.0830291	0.981984
0.169747	0.0830243	0.981984
0.169748	0.0830223	0.981984
0.169748	0.0830224	0.981984
0.169748	0.0830238	0.981984
0.169747	0.0830243	0.981984
0.169748	0.0830238	0.981984
0.169743	0.0830428	0.981983
0.169745	0.0830404	0.981983
0.169745	0.0830406	0.981983
0.169744	0.0830427	0.981983
0.169744	0.083043	0.981983
0.169744	0.0830437	0.981983
0.169748	0.0830493	0.981982
0.16975	0.0830474	0.981982
0.16975	0.0830477	0.981982
0.169749	0.0830499	0.981982
0.169749	0.0830503	0.981982
0.169749	0.0830514	0.981982
0.169751	0.0830599	0.98198
0.169753	0.0830584	0.98198
0.169753	0.0830587	0.98198
0.169751	0.0830606	0.98198
0.169751	0.0830612	0.98198
0.169751	0.0830624	0.98198
0.16975	0.0830706	0.98198
0.169751	0.083069	0.98198
0.169751	0.0830694	0.98198
0.16975	0.0830708	0.98198
0.16975	0.0830717	0.98198
0.169749	0.0830725	0.98198
0.169746	0.0830773	0.98198
0.169747	0.0830752	0.98198
0.169747	0.0830757	0.98198
0.169745	0.0830766	0.98198
0.169745	0.0830776	0.98198
0.169745	0.0830778	0.98198
0.16974	0.0830774	0.981981
0.169741	0.0830747	0.981981
0.169741	0.0830752	0.981981
0.169739	0.0830757	0.981981
0.169739	0.0830767	0.981981
0.169739	0.0830763	0.981981
0.169735	0.083071	0.981982
0.169735	0.0830676	0.981983
0.169735	0.0830681	0.981982
0.169734	0.0830686	0.981983
0.169734	0.0830694	0.981983
0.169734	0.0830685	0.981983
0.169732	0.0830603	0.981984
0.169733	0.0830567	0.981984
0.169733	0.0830572	0.981984
0.169732	0.0830579	0.981984
0.169732	0.0830584	0.981984
0.169732	0.0830575	0.981984
0.169733	0.0830496	0.981985
0.169734	0.0830461	0.981985
0.169734	0.0830465	0.981985
0.169733	0.0830477	0.981985
0.169733	0.083048	0.981985
0.169733	0.0830474	0.981985
0.169737	0.0830429	0.981984
0.169738	0.0830398	0.981984
0.169738	0.0830401	0.981984
0.169738	0.0830419	0.981984
0.169738	0.0830421	0.981984
0.169738	0.0830421	0.981984
0.169732	0.0830633	0.981983
0.169734	0.0830607	0.981983
0.169734	0.0830612	0.981983
0.169733	0.0830628	0.981983
0.169733	0.0830626	0.981983
0.169734	0.0830639	0.981983
0.169737	0.0830698	0.981982
0.169739	0.0830678	0.981982
0.169739	0.0830683	0.981982
0.169738	0.0830699	0.981982
0.169739	0.08307	0.981982
0.169739	0.0830716	0.981982
0.16974	0.0830804	0.981981
0.169742	0.0830787	0.98198
0.169742	0.0830792	0.98198
0.169741	0.0830806	0.981981
0.169741	0.0830809	0.98198
0.169741	0.0830826	0.98198
0.169739	0.0830911	0.98198
0.169741	0.0830893	0.98198
0.169741	0.0830899	0.98198
0.169739	0.0830908	0.98198
0.16974	0.0830913	0.98198
0.169739	0.0830927	0.98198
0.169735	0.0830978	0.98198
0.169736	0.0830955	0.98198
0.169736	0.0830962	0.98198
0.169735	0.0830966	0.98198
0.169735	0.0830973	0.98198
0.169734	0.083098	0.98198
0.169729	0.083098	0.981981
0.16973	0.083095	0.981981
0.16973	0.0830958	0.981981
0.169729	0.0830958	0.981981
0.169729	0.0830964	0.981981
0.169728	0.0830965	0.981981
0.169724	0.0830915	0.981983
0.169725	0.083088	0.981983
0.169725	0.0830887	0.981983
0.169724	0.0830887	0.981983
0.169724	0.0830891	0.981983
0.169723	0.0830887	0.981983
0.169721	0.0830809	0.981984
0.169722	0.083077	0.981984
0.169722	0.0830777	0.981984
0.169721	0.083078	0.981984
0.169721	0.0830781	0.981984
0.169721	0.0830777	0.981984
0.169722	0.0830702	0.981985
0.169723	0.0830664	0.981985
0.169723	0.083067	0.981985
0.169723	0.0830678	0.981985
0.169723	0.0830677	0.981985
0.169723	0.0830677	0.981985
0.169726	0.0830635	0.981985
0.169728	0.0830602	0.981984
0.169728	0.0830607	0.981984
0.169727	0.083062	0.981984
0.169727	0.0830618	0.981984
0.169727	0.0830624	0.981984
0.169725	0.0830779	0.981983
0.169726	0.0830761	0.981983
0.169726	0.0830767	0.981983
0.169726	0.0830772	0.981983
0.169726	0.0830767	0.981983
0.169726	0.0830783	0.981983
0.16973	0.0830844	0.981982
0.169732	0.0830831	0.981982
0.169731	0.0830838	0.981982
0.169731	0.0830843	0.981982
0.169732	0.083084	0.981982
0.169731	0.083086	0.981982
0.169733	0.083095	0.981981
0.169734	0.083094	0.981981
0.169734	0.0830947	0.98198
0.169733	0.083095	0.981981
0.169734	0.083095	0.98198
0.169733	0.083097	0.98198
0.169732	0.0831056	0.98198
0.169733	0.0831047	0.98198
0.169733	0.0831054	0.98198
0.169732	0.0831052	0.98198
0.169733	0.0831054	0.98198
0.169732	0.0831071	0.98198
0.169728	0.0831124	0.98198
0.169728	0.0831109	0.98198
0.169728	0.0831117	0.98198
0.169728	0.083111	0.98198
0.169728	0.0831113	0.98198
0.169727	0.0831124	0.98198
0.169722	0.0831125	0.981981
0.169722	0.0831104	0.981981
0.169722	0.0831113	0.981981
0.169722	0.0831102	0.981981
0.169722	0.0831105	0.981981
0.169721	0.0831109	0.981981
0.169717	0.0831061	0.981983
0.169717	0.0831033	0.981983
0.169717	0.0831042	0.981983
0.169716	0.0831031	0.981983
0.169717	0.0831031	0.981983
0.169716	0.0831031	0.981983
0.169714	0.0830955	0.981984
0.169714	0.0830924	0.981984
0.169714	0.0830933	0.981984
0.169714	0.0830924	0.981984
0.169714	0.0830922	0.981984
0.169714	0.0830921	0.981984
0.169714	0.0830848	0.981985
0.169716	0.0830818	0.981985
0.169715	0.0830826	0.981985
0.169715	0.0830822	0.981985
0.169716	0.0830818	0.981985
0.169715	0.0830821	0.981985
0.169719	0.083078	0.981985
0.16972	0.0830756	0.981984
0.16972	0.0830762	0.981984
0.16972	0.0830764	0.981984
0.16972	0.0830758	0.981984
0.16972	0.0830768	0.981984
0.169724	0.0830809	0.981983
0.169724	0.0830806	0.981983
0.169724	0.0830812	0.981983
0.169725	0.0830804	0.981983
0.169725	0.0830798	0.981983
0.169725	0.0830813	0.981983
0.169729	0.0830874	0.981982
0.16973	0.0830877	0.981982
0.16973	0.0830883	0.981982
0.16973	0.0830875	0.981982
0.169731	0.0830871	0.981982
0.16973	0.083089	0.981982
0.169732	0.083098	0.981981
0.169732	0.0830986	0.98198
0.169732	0.0830993	0.98198
0.169732	0.0830982	0.98198
0.169733	0.083098	0.98198
0.169732	0.0831	0.98198
0.169731	0.0831087	0.98198
0.169731	0.0831092	0.98198
0.169731	0.08311	0.98198
0.169731	0.0831084	0.98198
0.169732	0.0831085	0.98198
0.169731	0.0831101	0.98198
0.169727	0.0831154	0.98198
0.169727	0.0831155	0.98198
0.169727	0.0831163	0.98198
0.169726	0.0831142	0.98198
0.169727	0.0831144	0.98198
0.169726	0.0831154	0.98198
0.169721	0.0831156	0.981981
0.169721	0.083115	0.981981
0.16972	0.0831158	0.981981
0.169721	0.0831134	0.981981
0.169721	0.0831135	0.981981
0.16972	0.0831139	0.981981
0.169716	0.0831091	0.981982
0.169715	0.0831079	0.981983
0.169715	0.0831088	0.981983
0.169715	0.0831063	0.981983
0.169716	0.0831062	0.981983
0.169715	0.0831062	0.981983
0.169713	0.0830985	0.981984
0.169713	0.083097	0.981984
0.169712	0.0830978	0.981984
0.169713	0.0830956	0.981984
0.169713	0.0830953	0.981984
0.169713	0.0830952	0.981984
0.169714	0.0830878	0.981985
0.169714	0.0830864	0.981985
0.169714	0.0830871	0.981985
0.169714	0.0830854	0.981985
0.169715	0.0830848	0.981985
0.169715	0.0830851	0.981985
0.169718	0.0830811	0.981984
0.169718	0.0830801	0.981984
0.169718	0.0830808	0.981984
0.169719	0.0830796	0.981984
0.169719	0.0830789	0.981984
0.169719	0.0830798	0.981984
0.169729	0.0830713	0.981983
0.169729	0.0830726	0.981983
0.169729	0.0830731	0.981983
0.16973	0.0830712	0.981983
0.169731	0.0830707	0.981983
0.169731	0.0830718	0.981983
0.169735	0.0830777	0.981982
0.169735	0.0830797	0.981982
0.169735	0.0830801	0.981982
0.169735	0.0830783	0.981982
0.169736	0.083078	0.981982
0.169736	0.0830796	0.981981
0.169738	0.0830884	0.98198
0.169737	0.0830906	0.98198
0.169737	0.0830911	0.98198
0.169738	0.083089	0.98198
0.169738	0.083089	0.98198
0.169738	0.0830906	0.98198
0.169737	0.0830991	0.98198
0.169736	0.0831012	0.98198
0.169736	0.0831018	0.98198
0.169736	0.0830992	0.98198
0.169737	0.0830994	0.98198
0.169736	0.0831007	0.98198
0.169733	0.0831058	0.98198
0.169731	0.0831074	0.98198
0.169731	0.0831081	0.98198
0.169732	0.083105	0.98198
0.169732	0.0831053	0.98198
0.169731	0.0831059	0.98198
0.169727	0.0831059	0.981981
0.169725	0.0831069	0.981981
0.169725	0.0831077	0.981981
0.169726	0.0831042	0.981981
0.169726	0.0831044	0.981981
0.169725	0.0831044	0.981981
0.169721	0.0830994	0.981982
0.16972	0.0830999	0.981982
0.16972	0.0831006	0.981982
0.169721	0.0830971	0.981983
0.169721	0.0830971	0.981983
0.16972	0.0830967	0.981983
0.169718	0.0830888	0.981984
0.169717	0.083089	0.981984
0.169717	0.0830896	0.981984
0.169718	0.0830864	0.981984
0.169719	0.0830862	0.981984
0.169718	0.0830857	0.981984
0.169719	0.0830781	0.981984
0.169719	0.0830783	0.981985
0.169718	0.0830789	0.981984
0.16972	0.0830762	0.981984
0.16972	0.0830757	0.981984
0.16972	0.0830756	0.981984
0.169723	0.0830714	0.981984
0.169723	0.0830721	0.981984
0.169723	0.0830726	0.981984
0.169724	0.0830704	0.981984
0.169725	0.0830698	0.981984
0.169725	0.0830703	0.981984
0.16974	0.0830526	0.981983
0.169739	0.0830551	0.981983
0.169739	0.0830553	0.981983
0.16974	0.0830531	0.981983
0.16974	0.0830529	0.981983
0.169741	0.0830535	0.981983
0.169745	0.0830591	0.981982
0.169744	0.0830621	0.981981
0.169744	0.0830624	0.981981
0.169745	0.0830602	0.981981
0.169746	0.0830602	0.981981
0.169746	0.0830612	0.981981
0.169748	0.0830697	0.98198
0.169747	0.0830731	0.98198
0.169747	0.0830734	0.98198
0.169748	0.083071	0.98198
0.169748	0.0830712	0.98198
0.169748	0.0830722	0.98198
0.169747	0.0830804	0.981979
0.169746	0.0830837	0.981979
0.169746	0.0830841	0.981979
0.169746	0.0830812	0.981979
0.169747	0.0830816	0.981979
0.169746	0.0830823	0.981979
0.169743	0.0830871	0.98198
0.169741	0.0830899	0.98198
0.169741	0.0830904	0.98198
0.169742	0.083087	0.98198
0.169742	0.0830875	0.98198
0.169742	0.0830876	0.98198
0.169737	0.0830873	0.981981
0.169735	0.0830894	0.981981
0.169735	0.0830899	0.981981
0.169736	0.0830862	0.981981
0.169736	0.0830867	0.981981
0.169735	0.0830861	0.981981
0.169731	0.0830808	0.981982
0.16973	0.0830824	0.981982
0.16973	0.0830828	0.981982
0.169731	0.083079	0.981982
0.169731	0.0830793	0.981982
0.16973	0.0830783	0.981982
0.169729	0.0830702	0.981983
0.169727	0.0830714	0.981984
0.169727	0.0830719	0.981984
0.169728	0.0830683	0.981984
0.169728	0.0830684	0.981984
0.169728	0.0830673	0.981984
0.169729	0.0830595	0.981984
0.169728	0.0830608	0.981984
0.169728	0.0830612	0.981984
0.16973	0.0830581	0.981984
0.16973	0.0830579	0.981984
0.16973	0.0830572	0.981984
0.169734	0.0830528	0.981984
0.169733	0.0830545	0.981984
0.169733	0.0830548	0.981984
0.169734	0.0830523	0.981984
0.169734	0.083052	0.981984
0.169735	0.0830519	0.981984
0.16975	0.0830384	0.981982
0.16975	0.08304	0.981982
0.16975	0.0830396	0.981982
0.169753	0.0830366	0.981982
0.169753	0.0830367	0.981982
0.169752	0.0830388	0.981982
0.169756	0.0830445	0.981981
0.169756	0.083047	0.981981
0.169756	0.0830465	0.981981
0.169759	0.0830439	0.98198
0.169759	0.0830439	0.98198
0.169758	0.0830465	0.98198
0.16976	0.0830556	0.981979
0.169759	0.0830583	0.981979
0.169759	0.0830578	0.981979
0.169762	0.0830553	0.981979
0.169762	0.0830555	0.981979
0.169761	0.0830583	0.981979
0.16976	0.0830675	0.981978
0.169758	0.0830696	0.981978
0.169758	0.0830693	0.981978
0.16976	0.0830665	0.981978
0.169761	0.0830672	0.981978
0.16976	0.0830697	0.981978
0.169756	0.0830757	0.981978
0.169753	0.0830766	0.981979
0.169754	0.0830766	0.981979
0.169756	0.0830732	0.981979
0.169756	0.0830743	0.981978
0.169755	0.0830763	0.981978
0.169749	0.0830771	0.981979
0.169747	0.0830767	0.98198
0.169748	0.0830769	0.98198
0.169749	0.0830729	0.98198
0.16975	0.0830743	0.98198
0.169748	0.0830757	0.98198
0.169743	0.0830711	0.981981
0.169741	0.0830698	0.981981
0.169742	0.0830701	0.981981
0.169744	0.0830656	0.981981
0.169744	0.0830671	0.981981
0.169742	0.083068	0.981981
0.16974	0.08306	0.981982
0.169738	0.0830585	0.981983
0.169739	0.0830588	0.981983
0.169741	0.0830542	0.981983
0.169741	0.0830554	0.981983
0.16974	0.0830562	0.981983
0.16974	0.0830481	0.981983
0.169739	0.0830472	0.981984
0.169739	0.0830473	0.981984
0.169742	0.083043	0.981983
0.169742	0.0830438	0.981983
0.169741	0.0830448	0.981983
0.169744	0.0830398	0.981983
0.169744	0.0830401	0.981983
0.169744	0.0830399	0.981983
0.169747	0.0830362	0.981983
0.169746	0.0830366	0.981983
0.169746	0.0830381	0.981983
0.169759	0.0830201	0.981982
0.169759	0.0830225	0.981982
0.169759	0.0830224	0.981982
0.169762	0.0830196	0.981982
0.169761	0.0830196	0.981982
0.169762	0.0830204	0.981982
0.169766	0.0830262	0.981981
0.169765	0.0830294	0.981981
0.169765	0.0830292	0.981981
0.169767	0.0830269	0.98198
0.169767	0.0830268	0.98198
0.169767	0.0830281	0.98198
0.169769	0.0830373	0.981979
0.169768	0.0830407	0.981979
0.169768	0.0830405	0.981979
0.16977	0.0830383	0.981979
0.16977	0.0830385	0.981979
0.16977	0.0830399	0.981979
0.169769	0.0830492	0.981978
0.169767	0.0830521	0.981978
0.169767	0.0830521	0.981978
0.169769	0.0830495	0.981978
0.169769	0.0830501	0.981978
0.169769	0.0830513	0.981978
0.169765	0.0830574	0.981978
0.169762	0.0830591	0.981979
0.169763	0.0830594	0.981979
0.169764	0.0830563	0.981978
0.169765	0.0830573	0.981978
0.169764	0.0830579	0.981978
0.169759	0.0830588	0.981979
0.169756	0.0830592	0.98198
0.169756	0.0830597	0.98198
0.169758	0.0830559	0.98198
0.169758	0.0830572	0.981979
0.169757	0.0830573	0.98198
0.169753	0.0830528	0.981981
0.16975	0.0830523	0.981981
0.16975	0.0830529	0.981981
0.169752	0.0830486	0.981981
0.169752	0.08305	0.981981
0.169752	0.0830496	0.981981
0.169749	0.0830417	0.981982
0.169747	0.083041	0.981983
0.169747	0.0830415	0.981983
0.169749	0.0830372	0.981983
0.169749	0.0830383	0.981983
0.169749	0.0830378	0.981983
0.169749	0.0830297	0.981983
0.169748	0.0830296	0.981984
0.169748	0.08303	0.981984
0.169751	0.083026	0.981983
0.16975	0.0830267	0.981983
0.16975	0.0830264	0.981983
0.169753	0.0830215	0.981983
0.169753	0.0830226	0.981983
0.169752	0.0830227	0.981983
0.169755	0.0830192	0.981983
0.169755	0.0830196	0.981983
0.169755	0.0830197	0.981983
0.169762	0.0830146	0.981982
0.169761	0.0830167	0.981982
0.169761	0.0830168	0.981982
0.169763	0.0830159	0.981982
0.169763	0.0830158	0.981982
0.169764	0.0830151	0.981982
0.169768	0.0830206	0.981981
0.169767	0.0830236	0.981981
0.169767	0.0830237	0.981981
0.169768	0.0830232	0.981981
0.169768	0.083023	0.981981
0.169769	0.0830228	0.98198
0.169771	0.0830317	0.981979
0.16977	0.0830349	0.981979
0.16977	0.083035	0.981979
0.169771	0.0830346	0.981979
0.169771	0.0830347	0.981979
0.169772	0.0830346	0.981979
0.169771	0.0830437	0.981978
0.169769	0.0830462	0.981978
0.169769	0.0830465	0.981978
0.16977	0.0830458	0.981978
0.16977	0.0830463	0.981978
0.169771	0.083046	0.981978
0.169767	0.0830519	0.981978
0.169765	0.0830533	0.981979
0.169765	0.0830539	0.981979
0.169765	0.0830525	0.981979
0.169766	0.0830534	0.981978
0.169766	0.0830526	0.981978
0.169761	0.0830533	0.981979
0.169758	0.0830533	0.98198
0.169759	0.0830542	0.98198
0.169759	0.0830522	0.98198
0.169759	0.0830534	0.98198
0.169759	0.083052	0.98198
0.169755	0.0830472	0.981981
0.169753	0.0830464	0.981981
0.169753	0.0830473	0.981981
0.169753	0.0830449	0.981981
0.169753	0.0830461	0.981981
0.169754	0.0830443	0.981981
0.169751	0.0830361	0.981982
0.16975	0.0830351	0.981983
0.169749	0.083036	0.981983
0.169751	0.0830335	0.981983
0.16975	0.0830345	0.981983
0.169751	0.0830325	0.981983
0.169751	0.0830242	0.981983
0.16975	0.0830238	0.981984
0.16975	0.0830245	0.981984
0.169752	0.0830223	0.981984
0.169751	0.0830229	0.981984
0.169752	0.083021	0.981984
0.169755	0.083016	0.981983
0.169755	0.0830167	0.981983
0.169755	0.0830172	0.981983
0.169756	0.0830155	0.981983
0.169756	0.0830157	0.981983
0.169757	0.0830144	0.981983
0.169756	0.0830239	0.981983
0.169756	0.0830247	0.981983
0.169756	0.0830252	0.981983
0.169756	0.0830269	0.981982
0.169756	0.0830267	0.981982
0.169758	0.0830248	0.981982
0.169762	0.0830299	0.981981
0.169762	0.0830316	0.981981
0.169762	0.083032	0.981981
0.169762	0.0830342	0.981981
0.169762	0.0830339	0.981981
0.169763	0.0830325	0.981981
0.169766	0.083041	0.98198
0.169765	0.0830429	0.981979
0.169765	0.0830434	0.981979
0.169765	0.0830456	0.981979
0.169765	0.0830455	0.981979
0.169766	0.0830443	0.981979
0.169766	0.083053	0.981979
0.169764	0.0830543	0.981979
0.169764	0.0830549	0.981979
0.169764	0.0830568	0.981979
0.169764	0.0830571	0.981978
0.169765	0.0830557	0.981978
0.169762	0.0830612	0.981979
0.16976	0.0830613	0.981979
0.16976	0.0830622	0.981979
0.169759	0.0830635	0.981979
0.169759	0.0830643	0.981979
0.16976	0.0830624	0.981979
0.169755	0.0830626	0.98198
0.169753	0.0830614	0.98198
0.169753	0.0830625	0.98198
0.169753	0.0830632	0.98198
0.169753	0.0830642	0.98198
0.169754	0.0830617	0.98198
0.169749	0.0830566	0.981981
0.169748	0.0830545	0.981982
0.169748	0.0830557	0.981981
0.169747	0.0830559	0.981982
0.169747	0.083057	0.981981
0.169748	0.083054	0.981982
0.169745	0.0830455	0.981983
0.169745	0.0830432	0.981983
0.169744	0.0830444	0.981983
0.169744	0.0830445	0.981983
0.169744	0.0830454	0.981983
0.169745	0.0830422	0.981983
0.169746	0.0830335	0.981984
0.169746	0.0830318	0.981984
0.169745	0.0830328	0.981984
0.169745	0.0830333	0.981984
0.169745	0.0830338	0.981984
0.169746	0.0830308	0.981984
0.16975	0.0830253	0.981984
0.16975	0.0830248	0.981984
0.16975	0.0830255	0.981984
0.16975	0.0830265	0.981984
0.16975	0.0830266	0.981984
0.169751	0.0830242	0.981983
0.169745	0.0830446	0.981983
0.169746	0.0830436	0.981983
0.169745	0.0830443	0.981983
0.169744	0.0830484	0.981983
0.169744	0.0830481	0.981983
0.169746	0.083046	0.981982
0.169751	0.0830506	0.981981
0.169752	0.0830505	0.981981
0.169751	0.0830511	0.981981
0.16975	0.0830556	0.981981
0.16975	0.0830553	0.981981
0.169752	0.0830537	0.981981
0.169754	0.0830616	0.98198
0.169755	0.0830618	0.98198
0.169754	0.0830624	0.98198
0.169753	0.0830671	0.98198
0.169753	0.0830669	0.981979
0.169755	0.0830655	0.981979
0.169754	0.0830736	0.981979
0.169754	0.0830731	0.981979
0.169754	0.0830739	0.981979
0.169752	0.0830783	0.981979
0.169752	0.0830785	0.981979
0.169753	0.0830768	0.981979
0.16975	0.0830818	0.981979
0.169749	0.0830802	0.981979
0.169749	0.0830812	0.981979
0.169747	0.083085	0.981979
0.169748	0.0830857	0.981979
0.169749	0.0830835	0.981979
0.169744	0.0830832	0.98198
0.169743	0.0830803	0.98198
0.169743	0.0830816	0.98198
0.169741	0.0830847	0.98198
0.169741	0.0830856	0.98198
0.169742	0.0830829	0.98198
0.169738	0.0830772	0.981981
0.169737	0.0830734	0.981982
0.169737	0.0830747	0.981982
0.169735	0.0830774	0.981982
0.169735	0.0830784	0.981982
0.169736	0.0830752	0.981982
0.169734	0.0830661	0.981983
0.169734	0.0830621	0.981983
0.169734	0.0830634	0.981983
0.169732	0.083066	0.981983
0.169732	0.0830668	0.981983
0.169733	0.0830634	0.981983
0.169734	0.0830542	0.981984
0.169735	0.0830508	0.981984
0.169735	0.0830519	0.981984
0.169733	0.0830548	0.981984
0.169733	0.0830552	0.981984
0.169735	0.083052	0.981984
0.169738	0.0830459	0.981984
0.16974	0.0830437	0.981984
0.169739	0.0830446	0.981984
0.169738	0.0830481	0.981984
0.169738	0.0830481	0.981984
0.16974	0.0830454	0.981984
0.169732	0.0830686	0.981983
0.169734	0.0830661	0.981983
0.169734	0.0830667	0.981983
0.169732	0.0830722	0.981983
0.169732	0.0830719	0.981983
0.169733	0.0830704	0.981983
0.169738	0.0830746	0.981981
0.16974	0.0830731	0.981981
0.169739	0.0830735	0.981981
0.169738	0.0830794	0.981981
0.169738	0.0830791	0.981981
0.169739	0.0830781	0.981981
0.169742	0.0830857	0.98198
0.169743	0.0830843	0.98198
0.169743	0.0830848	0.98198
0.16974	0.0830908	0.98198
0.169741	0.0830907	0.98198
0.169742	0.0830899	0.98198
0.169742	0.0830976	0.981979
0.169742	0.0830956	0.981979
0.169742	0.0830963	0.981979
0.169739	0.083102	0.981979
0.16974	0.0831023	0.981979
0.16974	0.0831013	0.981979
0.169738	0.0831059	0.981979
0.169737	0.0831027	0.981979
0.169737	0.0831037	0.981979
0.169735	0.0831088	0.981979
0.169735	0.0831094	0.981979
0.169736	0.0831079	0.981979
0.169731	0.0831072	0.98198
0.169731	0.0831028	0.98198
0.169731	0.083104	0.98198
0.169728	0.0831084	0.98198
0.169729	0.0831094	0.98198
0.169729	0.0831073	0.98198
0.169725	0.0831013	0.981981
0.169725	0.0830959	0.981982
0.169725	0.0830972	0.981982
0.169723	0.0831012	0.981982
0.169723	0.0831022	0.981982
0.169723	0.0830996	0.981982
0.169721	0.0830902	0.981983
0.169722	0.0830846	0.981983
0.169722	0.0830859	0.981983
0.16972	0.0830898	0.981983
0.16972	0.0830906	0.981983
0.169721	0.0830879	0.981983
0.169722	0.0830783	0.981984
0.169723	0.0830733	0.981984
0.169723	0.0830744	0.981984
0.169721	0.0830786	0.981984
0.169721	0.083079	0.981984
0.169722	0.0830765	0.981984
0.169726	0.08307	0.981984
0.169728	0.0830662	0.981984
0.169727	0.083067	0.981984
0.169726	0.0830718	0.981984
0.169725	0.0830719	0.981984
0.169727	0.0830698	0.981984
0.169723	0.083087	0.981983
0.169725	0.0830837	0.981983
0.169725	0.083084	0.981983
0.169723	0.0830892	0.981983
0.169723	0.0830889	0.981983
0.169724	0.0830888	0.981983
0.169729	0.0830929	0.981982
0.169731	0.0830906	0.981981
0.169731	0.0830908	0.981981
0.169729	0.0830964	0.981981
0.169729	0.0830961	0.981981
0.16973	0.0830965	0.981981
0.169733	0.083104	0.98198
0.169734	0.0831018	0.98198
0.169734	0.0831021	0.98198
0.169732	0.0831078	0.98198
0.169732	0.0831077	0.98198
0.169733	0.0831083	0.98198
0.169732	0.0831159	0.981979
0.169733	0.0831132	0.981979
0.169733	0.0831136	0.981979
0.169731	0.083119	0.981979
0.169731	0.0831193	0.981979
0.169731	0.0831197	0.981979
0.169728	0.0831241	0.981979
0.169729	0.0831202	0.981979
0.169729	0.0831209	0.981979
0.169726	0.0831258	0.981979
0.169727	0.0831265	0.981979
0.169726	0.0831263	0.981979
0.169722	0.0831255	0.98198
0.169722	0.0831203	0.98198
0.169722	0.0831213	0.98198
0.16972	0.0831254	0.98198
0.16972	0.0831265	0.98198
0.16972	0.0831257	0.98198
0.169716	0.0831196	0.981982
0.169716	0.0831134	0.981982
0.169716	0.0831145	0.981982
0.169714	0.0831182	0.981982
0.169714	0.0831193	0.981982
0.169714	0.083118	0.981982
0.169712	0.0831085	0.981983
0.169713	0.0831022	0.981983
0.169713	0.0831032	0.981983
0.169711	0.0831068	0.981983
0.169711	0.0831077	0.981983
0.169711	0.0831063	0.981983
0.169712	0.0830966	0.981984
0.169714	0.0830908	0.981984
0.169714	0.0830917	0.981984
0.169712	0.0830956	0.981984
0.169712	0.0830961	0.981984
0.169713	0.0830949	0.981984
0.169716	0.0830883	0.981984
0.169719	0.0830838	0.981984
0.169718	0.0830843	0.981984
0.169717	0.0830888	0.981984
0.169717	0.0830889	0.981984
0.169717	0.0830882	0.981984
0.169721	0.0830925	0.981983
0.169723	0.0830895	0.981983
0.169723	0.0830895	0.981983
0.169722	0.0830929	0.981983
0.169722	0.0830928	0.981983
0.169722	0.0830942	0.981983
0.169727	0.0830985	0.981981
0.169729	0.0830964	0.981981
0.169729	0.0830963	0.981981
0.169728	0.0831001	0.981981
0.169728	0.0830999	0.981981
0.169728	0.0831018	0.981981
0.16973	0.0831095	0.98198
0.169732	0.0831077	0.98198
0.169732	0.0831076	0.98198
0.169731	0.0831115	0.98198
0.169731	0.0831116	0.98198
0.16973	0.0831136	0.981979
0.16973	0.0831215	0.981979
0.169731	0.083119	0.981979
0.169731	0.0831191	0.981979
0.16973	0.0831227	0.981979
0.16973	0.0831232	0.981979
0.169729	0.083125	0.981979
0.169726	0.0831297	0.981979
0.169726	0.0831261	0.981979
0.169726	0.0831264	0.981979
0.169725	0.0831295	0.981979
0.169725	0.0831303	0.981979
0.169724	0.0831316	0.981979
0.16972	0.0831311	0.98198
0.16972	0.0831262	0.98198
0.16972	0.0831268	0.98198
0.169719	0.0831291	0.98198
0.169719	0.0831303	0.98198
0.169718	0.083131	0.98198
0.169714	0.0831251	0.981981
0.169714	0.0831193	0.981982
0.169714	0.08312	0.981982
0.169713	0.0831219	0.981982
0.169713	0.0831231	0.981982
0.169712	0.0831234	0.981982
0.16971	0.0831141	0.981983
0.169711	0.083108	0.981983
0.169711	0.0831087	0.981983
0.16971	0.0831105	0.981983
0.16971	0.0831115	0.981983
0.169709	0.0831116	0.981983
0.16971	0.0831021	0.981984
0.169712	0.0830967	0.981984
0.169712	0.0830972	0.981984
0.169711	0.0830993	0.981984
0.169711	0.0830999	0.981984
0.169711	0.0831002	0.981984
0.169714	0.0830939	0.981984
0.169716	0.0830896	0.981984
0.169716	0.0830898	0.981984
0.169716	0.0830925	0.981984
0.169716	0.0830927	0.981984
0.169715	0.0830936	0.981984
0.169726	0.0830832	0.981983
0.169728	0.0830815	0.981983
0.169728	0.0830811	0.981983
0.169729	0.0830819	0.981982
0.169729	0.0830819	0.981982
0.169728	0.0830844	0.981982
0.169732	0.0830892	0.981981
0.169734	0.0830884	0.981981
0.169734	0.0830879	0.981981
0.169735	0.0830891	0.981981
0.169735	0.0830891	0.981981
0.169734	0.0830921	0.981981
0.169736	0.0831002	0.98198
0.169736	0.0830996	0.98198
0.169737	0.0830993	0.98198
0.169737	0.0831005	0.981979
0.169738	0.0831007	0.981979
0.169736	0.0831038	0.981979
0.169736	0.0831122	0.981979
0.169736	0.083111	0.981979
0.169736	0.0831108	0.981979
0.169736	0.0831117	0.981979
0.169737	0.0831123	0.981979
0.169735	0.0831152	0.981979
0.169732	0.0831204	0.981979
0.169731	0.083118	0.981979
0.169732	0.0831181	0.981979
0.169732	0.0831185	0.981979
0.169732	0.0831195	0.981979
0.16973	0.0831219	0.981979
0.169725	0.0831218	0.98198
0.169725	0.0831181	0.98198
0.169725	0.0831184	0.98198
0.169725	0.0831182	0.98198
0.169725	0.0831195	0.98198
0.169724	0.0831213	0.98198
0.169719	0.0831158	0.981981
0.169719	0.0831112	0.981982
0.169719	0.0831116	0.981982
0.169719	0.0831109	0.981982
0.169719	0.0831123	0.981982
0.169718	0.0831136	0.981982
0.169716	0.0831047	0.981983
0.169716	0.0831	0.981983
0.169716	0.0831003	0.981983
0.169717	0.0830995	0.981983
0.169716	0.0831006	0.981983
0.169715	0.0831018	0.981983
0.169716	0.0830928	0.981984
0.169717	0.0830886	0.981984
0.169717	0.0830888	0.981984
0.169718	0.0830883	0.981984
0.169717	0.083089	0.981984
0.169716	0.0830904	0.981984
0.16972	0.0830846	0.981984
0.169721	0.0830816	0.981984
0.169721	0.0830815	0.981984
0.169722	0.0830815	0.981984
0.169722	0.0830819	0.981984
0.169721	0.0830838	0.981984
0.169738	0.0830625	0.981983
0.169738	0.0830626	0.981982
0.169738	0.0830621	0.981982
0.169741	0.0830604	0.981982
0.16974	0.0830605	0.981982
0.16974	0.0830632	0.981982
0.169744	0.0830685	0.981981
0.169744	0.0830695	0.981981
0.169744	0.0830689	0.981981
0.169746	0.0830676	0.981981
0.169746	0.0830677	0.981981
0.169745	0.0830709	0.981981
0.169747	0.0830796	0.981979
0.169747	0.0830808	0.981979
0.169747	0.0830802	0.981979
0.169749	0.0830791	0.981979
0.169749	0.0830793	0.981979
0.169748	0.0830827	0.981979
0.169747	0.0830915	0.981978
0.169746	0.0830921	0.981979
0.169747	0.0830917	0.981979
0.169748	0.0830903	0.981978
0.169748	0.0830909	0.981978
0.169747	0.0830941	0.981978
0.169743	0.0830998	0.981978
0.169741	0.0830991	0.981979
0.169742	0.0830991	0.981979
0.169743	0.083097	0.981979
0.169744	0.0830981	0.981979
0.169742	0.0831008	0.981979
0.169737	0.0831012	0.981979
0.169735	0.0830992	0.98198
0.169736	0.0830994	0.98198
0.169737	0.0830967	0.98198
0.169737	0.0830981	0.98198
0.169735	0.0831001	0.98198
0.169731	0.0830952	0.981981
0.169729	0.0830923	0.981981
0.16973	0.0830926	0.981981
0.169731	0.0830894	0.981981
0.169731	0.0830908	0.981981
0.16973	0.0830925	0.981981
0.169727	0.0830841	0.981983
0.169726	0.083081	0.981983
0.169727	0.0830813	0.981983
0.169728	0.083078	0.981983
0.169728	0.0830792	0.981983
0.169727	0.0830807	0.981983
0.169727	0.0830721	0.981984
0.169727	0.0830697	0.981984
0.169727	0.0830697	0.981984
0.16973	0.0830668	0.981984
0.169729	0.0830676	0.981984
0.169728	0.0830693	0.981984
0.169731	0.0830639	0.981984
0.169732	0.0830627	0.981984
0.169732	0.0830624	0.981984
0.169734	0.08306	0.981983
0.169734	0.0830604	0.981983
0.169733	0.0830626	0.981983
0.169758	0.0830307	0.981982
0.169755	0.0830339	0.981982
0.16975	0.0830459	0.981982
0.169748	0.0830438	0.981982
0.169765	0.0830383	0.98198
0.169762	0.0830405	0.98198
0.169757	0.0830531	0.98198
0.169756	0.083049	0.981981
0.169769	0.0830511	0.981978
0.169766	0.0830527	0.981978
0.169761	0.0830658	0.981978
0.16976	0.0830606	0.981979
0.169768	0.0830642	0.981977
0.169766	0.083066	0.981977
0.16976	0.0830792	0.981977
0.169761	0.0830742	0.981978
0.169763	0.0830727	0.981977
0.169762	0.0830752	0.981977
0.169755	0.0830882	0.981977
0.169757	0.0830846	0.981977
0.169756	0.0830732	0.981979
0.169755	0.0830769	0.981978
0.169748	0.0830893	0.981978
0.16975	0.0830877	0.981978
0.169749	0.0830656	0.98198
0.169748	0.0830703	0.98198
0.169741	0.0830822	0.98198
0.169743	0.0830825	0.98198
0.169745	0.0830528	0.981982
0.169744	0.0830581	0.981982
0.169737	0.0830695	0.981982
0.169738	0.0830709	0.981982
0.169746	0.0830397	0.981983
0.169744	0.0830448	0.981983
0.169738	0.0830561	0.981983
0.169738	0.0830573	0.981983
0.169751	0.0830312	0.981983
0.169748	0.0830356	0.981983
0.169743	0.0830471	0.981983
0.169742	0.083047	0.981983
0.169768	0.0830105	0.981982
0.169766	0.0830129	0.981982
0.169763	0.083019	0.981982
0.169761	0.0830187	0.981982
0.169775	0.0830181	0.98198
0.169773	0.0830194	0.98198
0.16977	0.0830262	0.98198
0.169768	0.083024	0.981981
0.169779	0.0830309	0.981978
0.169777	0.0830317	0.981978
0.169774	0.0830389	0.981978
0.169773	0.0830356	0.981979
0.169778	0.083044	0.981977
0.169777	0.083045	0.981977
0.169774	0.0830523	0.981977
0.169774	0.0830492	0.981977
0.169773	0.0830525	0.981977
0.169772	0.0830542	0.981977
0.169769	0.0830613	0.981977
0.16977	0.0830595	0.981977
0.169766	0.083053	0.981979
0.169765	0.0830558	0.981978
0.169762	0.0830624	0.981978
0.169763	0.0830627	0.981978
0.169759	0.0830454	0.98198
0.169758	0.0830493	0.98198
0.169755	0.0830553	0.98198
0.169756	0.0830575	0.98198
0.169755	0.0830326	0.981982
0.169754	0.083037	0.981982
0.169751	0.0830426	0.981982
0.169751	0.0830458	0.981982
0.169756	0.0830194	0.981983
0.169754	0.0830238	0.981983
0.169752	0.0830292	0.981983
0.169751	0.0830323	0.981983
0.169761	0.083011	0.981983
0.169759	0.0830145	0.981983
0.169756	0.0830202	0.981983
0.169754	0.0830219	0.981983
0.169768	0.0830083	0.981982
0.169767	0.0830087	0.981982
0.169769	0.0830067	0.981982
0.169766	0.083008	0.981982
0.169775	0.0830159	0.98198
0.169774	0.0830152	0.98198
0.169776	0.0830138	0.98198
0.169773	0.0830132	0.981981
0.169779	0.0830287	0.981978
0.169778	0.0830275	0.981979
0.16978	0.0830266	0.981978
0.169778	0.0830248	0.981979
0.169778	0.0830418	0.981977
0.169778	0.0830407	0.981977
0.169779	0.08304	0.981977
0.169778	0.0830384	0.981978
0.169773	0.0830503	0.981977
0.169773	0.08305	0.981977
0.169775	0.0830489	0.981977
0.169775	0.0830488	0.981977
0.169766	0.0830508	0.981979
0.169766	0.0830516	0.981979
0.169768	0.0830501	0.981978
0.169768	0.0830519	0.981978
0.169759	0.0830432	0.98198
0.16976	0.0830451	0.98198
0.169761	0.0830429	0.98198
0.169761	0.0830467	0.98198
0.169756	0.0830304	0.981982
0.169755	0.0830328	0.981982
0.169757	0.0830302	0.981982
0.169756	0.0830351	0.981982
0.169756	0.0830172	0.981983
0.169756	0.0830196	0.981983
0.169757	0.0830168	0.981983
0.169755	0.0830215	0.981983
0.169761	0.0830088	0.981983
0.16976	0.0830103	0.981983
0.169762	0.0830078	0.981983
0.169759	0.0830111	0.981983
0.169759	0.0830249	0.981982
0.169758	0.083023	0.981982
0.169764	0.0830136	0.981982
0.169761	0.0830156	0.981983
0.169765	0.0830325	0.98198
0.169765	0.0830295	0.981981
0.169771	0.0830207	0.98198
0.169768	0.0830208	0.981981
0.169769	0.0830453	0.981979
0.169769	0.0830417	0.981979
0.169775	0.0830334	0.981979
0.169773	0.0830324	0.981979
0.169768	0.0830584	0.981978
0.169769	0.083055	0.981978
0.169775	0.0830468	0.981977
0.169774	0.083046	0.981978
0.169763	0.0830669	0.981978
0.169765	0.0830642	0.981978
0.16977	0.0830558	0.981978
0.16977	0.0830564	0.981978
0.169756	0.0830674	0.981979
0.169758	0.0830658	0.981979
0.169763	0.0830569	0.981979
0.169763	0.0830595	0.981978
0.16975	0.0830598	0.981981
0.169751	0.0830593	0.98198
0.169756	0.0830498	0.98198
0.169756	0.0830543	0.98198
0.169746	0.083047	0.981982
0.169747	0.0830471	0.981982
0.169752	0.0830371	0.981982
0.169751	0.0830427	0.981982
0.169747	0.0830339	0.981983
0.169747	0.0830338	0.981983
0.169752	0.0830237	0.981983
0.16975	0.0830291	0.981983
0.169751	0.0830255	0.981983
0.169752	0.0830246	0.981983
0.169757	0.0830147	0.981983
0.169754	0.0830188	0.981983
0.169743	0.0830541	0.981982
0.169744	0.0830502	0.981983
0.169751	0.0830371	0.981982
0.169748	0.0830387	0.981983
0.16975	0.0830616	0.981981
0.16975	0.0830567	0.981981
0.169758	0.0830442	0.981981
0.169755	0.0830439	0.981981
0.169753	0.0830744	0.981979
0.169755	0.0830689	0.981979
0.169762	0.0830569	0.981979
0.16976	0.0830555	0.981979
0.169752	0.0830875	0.981978
0.169754	0.0830822	0.981978
0.169762	0.0830703	0.981978
0.169761	0.0830691	0.981978
0.169748	0.083096	0.981978
0.16975	0.0830914	0.981978
0.169757	0.0830793	0.981978
0.169757	0.0830794	0.981978
0.16974	0.0830965	0.981979
0.169743	0.0830931	0.981979
0.16975	0.0830804	0.981979
0.16975	0.0830826	0.981979
0.169734	0.0830889	0.981981
0.169736	0.0830865	0.981981
0.169743	0.0830733	0.981981
0.169743	0.0830774	0.98198
0.16973	0.0830762	0.981983
0.169732	0.0830743	0.981983
0.169739	0.0830606	0.981983
0.169738	0.0830658	0.981982
0.169731	0.0830631	0.981984
0.169732	0.0830611	0.981984
0.169739	0.0830472	0.981984
0.169738	0.0830522	0.981983
0.169736	0.0830546	0.981984
0.169737	0.0830519	0.981984
0.169744	0.0830382	0.981984
0.169741	0.0830419	0.981984
0.169727	0.0830846	0.981983
0.169728	0.0830801	0.981983
0.169735	0.0830683	0.981983
0.169732	0.0830685	0.981983
0.169734	0.0830921	0.981981
0.169735	0.0830866	0.981981
0.169741	0.0830754	0.981981
0.169739	0.0830737	0.981981
0.169737	0.0831049	0.981979
0.169739	0.0830988	0.981979
0.169745	0.083088	0.981979
0.169744	0.0830853	0.98198
0.169737	0.083118	0.981978
0.169739	0.083112	0.981978
0.169745	0.0831014	0.981978
0.169745	0.0830988	0.981978
0.169732	0.0831264	0.981978
0.169734	0.0831212	0.981978
0.16974	0.0831104	0.981978
0.169741	0.0831091	0.981978
0.169724	0.083127	0.981979
0.169727	0.0831229	0.981979
0.169733	0.0831115	0.981979
0.169734	0.0831123	0.981979
0.169718	0.0831194	0.981981
0.169721	0.0831164	0.981981
0.169726	0.0831044	0.981981
0.169727	0.0831071	0.981981
0.169714	0.0831067	0.981983
0.169716	0.0831042	0.981983
0.169722	0.0830918	0.981983
0.169722	0.0830956	0.981982
0.169715	0.0830936	0.981984
0.169717	0.083091	0.981984
0.169723	0.0830784	0.981984
0.169722	0.083082	0.981984
0.16972	0.0830851	0.981984
0.169721	0.0830818	0.981984
0.169727	0.0830694	0.981984
0.169725	0.0830717	0.981984
0.169717	0.0831048	0.981983
0.169717	0.0831011	0.981983
0.169721	0.0830952	0.981983
0.169719	0.0830935	0.981983
0.169724	0.0831123	0.981981
0.169724	0.0831076	0.981981
0.169728	0.0831022	0.981981
0.169727	0.0830987	0.981981
0.169727	0.0831251	0.981979
0.169729	0.0831198	0.981979
0.169732	0.0831149	0.981979
0.169731	0.0831103	0.98198
0.169727	0.0831382	0.981978
0.169728	0.083133	0.981978
0.169731	0.0831283	0.981978
0.169732	0.0831238	0.981978
0.169722	0.0831466	0.981978
0.169724	0.0831422	0.981978
0.169727	0.0831373	0.981978
0.169728	0.0831342	0.981978
0.169714	0.0831472	0.981979
0.169717	0.0831439	0.981979
0.169719	0.0831384	0.981979
0.169722	0.0831374	0.981979
0.169708	0.0831396	0.981981
0.16971	0.0831374	0.981981
0.169712	0.0831313	0.981981
0.169714	0.0831322	0.981981
0.169704	0.0831269	0.981983
0.169706	0.0831253	0.981983
0.169708	0.0831187	0.981983
0.16971	0.0831206	0.981983
0.169705	0.0831138	0.981984
0.169706	0.083112	0.981984
0.169709	0.0831053	0.981984
0.169709	0.0831071	0.981984
0.16971	0.0831053	0.981984
0.16971	0.0831028	0.981984
0.169714	0.0830963	0.981984
0.169713	0.0830967	0.981984
0.169717	0.083107	0.981982
0.169716	0.0831053	0.981983
0.169715	0.0831075	0.981983
0.169715	0.0831043	0.981983
0.169724	0.0831145	0.981981
0.169723	0.0831118	0.981981
0.169722	0.0831146	0.981981
0.169722	0.0831095	0.981981
0.169727	0.0831273	0.981979
0.169727	0.083124	0.981979
0.169726	0.0831272	0.981979
0.169727	0.0831211	0.98198
0.169726	0.0831404	0.981978
0.169727	0.0831372	0.981978
0.169726	0.0831406	0.981978
0.169727	0.0831346	0.981978
0.169722	0.0831488	0.981978
0.169723	0.0831465	0.981978
0.169721	0.0831496	0.981978
0.169723	0.0831449	0.981978
0.169714	0.0831494	0.981979
0.169716	0.0831482	0.981979
0.169714	0.0831508	0.981979
0.169717	0.0831481	0.981979
0.169708	0.0831419	0.981981
0.169709	0.0831417	0.981981
0.169707	0.0831437	0.981981
0.16971	0.083143	0.981981
0.169704	0.0831291	0.981983
0.169705	0.0831295	0.981983
0.169703	0.083131	0.981983
0.169705	0.0831314	0.981982
0.169705	0.083116	0.981984
0.169705	0.0831162	0.981984
0.169703	0.0831177	0.981984
0.169704	0.0831179	0.981984
0.16971	0.0831075	0.981984
0.169709	0.083107	0.981984
0.169708	0.0831087	0.981984
0.169708	0.0831075	0.981984
0.169727	0.0830903	0.981982
0.169725	0.0830911	0.981982
0.16972	0.0831006	0.981982
0.16972	0.0830967	0.981983
0.169733	0.0830979	0.98198
0.169732	0.0830976	0.981981
0.169727	0.0831077	0.981981
0.169727	0.0831019	0.981981
0.169737	0.0831107	0.981979
0.169736	0.0831098	0.981979
0.169731	0.0831204	0.981979
0.169732	0.0831135	0.981979
0.169736	0.0831238	0.981978
0.169736	0.083123	0.981978
0.16973	0.0831337	0.981978
0.169732	0.083127	0.981978
0.169731	0.0831322	0.981978
0.169731	0.0831322	0.981978
0.169726	0.0831427	0.981978
0.169728	0.0831373	0.981978
0.169724	0.0831328	0.981979
0.169724	0.0831339	0.981979
0.169718	0.0831439	0.981979
0.169722	0.0831405	0.981979
0.169717	0.0831252	0.981981
0.169717	0.0831274	0.981981
0.169711	0.0831368	0.981981
0.169714	0.0831354	0.98198
0.169714	0.0831124	0.981982
0.169713	0.0831152	0.981982
0.169707	0.0831242	0.981983
0.16971	0.0831238	0.981982
0.169714	0.0830993	0.981983
0.169713	0.083102	0.981983
0.169708	0.0831108	0.981984
0.169709	0.0831102	0.981983
0.169719	0.0830909	0.981983
0.169718	0.0830927	0.981983
0.169713	0.0831018	0.981984
0.169713	0.0830999	0.981984
0.169742	0.0830612	0.981982
0.16974	0.0830638	0.981982
0.169733	0.0830771	0.981982
0.169733	0.0830736	0.981983
0.169749	0.0830688	0.98198
0.169747	0.0830703	0.98198
0.16974	0.0830842	0.98198
0.16974	0.0830788	0.981981
0.169753	0.0830816	0.981978
0.169751	0.0830825	0.981979
0.169744	0.0830969	0.981979
0.169744	0.0830904	0.981979
0.169752	0.0830947	0.981977
0.16975	0.0830958	0.981978
0.169743	0.0831103	0.981978
0.169745	0.0831039	0.981978
0.169747	0.0831031	0.981977
0.169746	0.083105	0.981978
0.169739	0.0831193	0.981978
0.169741	0.0831143	0.981978
0.16974	0.0831037	0.981979
0.169739	0.0831067	0.981979
0.169731	0.0831204	0.981979
0.169735	0.0831175	0.981978
0.169733	0.0830961	0.981981
0.169732	0.0831002	0.98198
0.169725	0.0831133	0.981981
0.169727	0.0831123	0.98198
0.169729	0.0830833	0.981982
0.169728	0.083088	0.981982
0.169721	0.0831006	0.981982
0.169723	0.0831007	0.981982
0.16973	0.0830702	0.981983
0.169728	0.0830747	0.981983
0.169721	0.0830872	0.981983
0.169722	0.0830871	0.981983
0.169735	0.0830617	0.981983
0.169733	0.0830655	0.981983
0.169726	0.0830783	0.981983
0.169726	0.0830768	0.981983
