3400
0.123334	0.245673	0.961475
0.287622	-0.178787	0.940909
-0.205648	0.0076695	0.978596
0.484166	0.218227	0.847325
-0.0229123	-0.277272	0.960518
0.323257	-0.15006	0.934338
0.512348	0.132418	0.848507
0.0140788	0.0934599	0.995524
0.0934181	0.18829	0.977661
0.0430282	0.0523593	0.997701
-0.409074	-0.142634	0.901285
-0.309928	-0.334747	0.889881
0.56796	-0.385001	0.727458
0.334943	-0.107241	0.936116
0.420207	0.131781	0.897808
-0.385644	0.00437174	0.922637
0.32524	-0.487052	0.810555
0.389949	0.523548	0.75752
0.336429	0.298462	0.89316
0.667562	-0.0961576	0.738319
0.0384429	-0.29054	0.95609
0.411534	-0.0970166	0.906216
-0.185448	0.388515	0.902588
0.420287	-0.516598	0.745979
-0.575965	-0.179082	0.797617
0.203044	0.35757	0.911547
0.339586	-0.656747	0.673324
0.000763124	0.363918	0.931431
0.255766	-0.182698	0.949318
0.113124	0.10073	0.988462
0.26503	0.29971	0.916478
-0.310181	-0.266366	0.912599
0.181548	0.634963	0.750907
0.307211	-0.0392033	0.950833
-0.19486	0.0249404	0.980514
0.179344	-0.0264603	0.983431
0.376886	-0.0778406	0.922983
0.807368	0.433252	0.400561
0.153468	0.21737	0.963949
0.325871	-0.435426	0.839174
0.222221	0.0643516	0.97287
0.37204	-0.454009	0.809606
0.254247	-0.458915	0.851326
0.54289	-0.0800445	0.83598
-0.199934	0.180866	0.962971
0.125359	-0.366903	0.921774
0.0460636	-0.267786	0.962377
0.137977	-0.29754	0.944686
0.177254	-0.0131822	0.984077
0.259054	-0.456269	0.851299
0.117058	0.147447	0.982119
0.202281	0.100628	0.974144
0.0538604	0.409938	0.910522
0.656435	-0.0160931	0.754211
0.437831	-0.139406	0.888184
0.641944	0.0721042	0.763354
-0.208952	-0.628214	0.749457
-0.175396	-0.0701674	0.981994
0.0312656	-0.506628	0.861598
0.430385	0.249835	0.867382
0.249184	-0.509639	0.823514
0.381216	-0.482619	0.788513
-0.152251	0.492002	0.857178
-0.487559	-0.284075	0.825583
-0.0856255	0.290139	0.953146
0.406757	-0.533833	0.741331
0.563882	-0.490902	0.664117
-0.427984	-0.279735	0.859406
0.287633	-0.0370306	0.957024
0.468238	-0.0379294	0.882788
0.0927805	-0.581843	0.807992
0.393948	-0.30429	0.867302
0.245622	-0.0244357	0.969058
0.494982	-0.184483	0.849093
0.55092	-0.349031	0.758067
0.235189	0.714722	0.65868
0.0435213	0.0771466	0.996069
0.0801215	-0.38216	0.920616
-0.1319	0.0831331	0.987771
0.352199	0.278727	0.893458
0.318356	0.259505	0.91176
0.642709	0.128672	0.755228
0.256841	0.456286	0.85196
0.0282805	0.239941	0.970375
0.161163	0.453769	0.876425
0.365729	-0.247998	0.897073
-0.231996	-0.0115571	0.972648
0.269525	-0.648389	0.712002
0.131985	-0.173729	0.975909
0.389833	0.180767	0.902969
-0.114696	-0.203745	0.972282
0.433914	0.0687186	0.89833
0.563604	0.219597	0.796321
-0.380559	-0.165131	0.909894
-0.100152	-0.50738	0.855883
-0.0203936	0.111621	0.993542
-0.305371	0.289901	0.907032
0.309518	0.253612	0.916449
0.566336	0.205487	0.798147
0.309414	0.117582	0.94363
-0.258259	0.147491	0.954751
-0.00320156	-0.252662	0.967549
0.263726	0.387819	0.883202
-0.117327	-0.252772	0.960386
-0.195576	-0.130424	0.971977
0.243506	0.279202	0.928844
0.184619	-0.0233119	0.982534
0.637481	-0.00978225	0.770404
0.638566	0.134309	0.757757
-0.179078	-0.362354	0.914675
0.231561	0.229428	0.945379
0.36865	0.12841	0.920656
-0.00490629	0.00628331	0.999968
0.24006	-0.196462	0.95067
0.333393	-0.208592	0.919423
0.155792	-0.0330741	0.987236
0.287688	-0.543875	0.788312
0.388829	0.147057	0.909498
0.227929	-0.210211	0.950715
0.234545	-0.486098	0.841841
0.182203	0.0670016	0.980975
0.434397	-0.258078	0.862957
0.107975	-0.49224	0.863737
0.573055	0.189115	0.797398
-0.236659	0.0276254	0.9712
-0.291346	-0.12193	0.948815
-0.0635286	-0.118311	0.990942
-0.0903487	-0.416072	0.904832
0.45279	0.211632	0.866137
0.0564676	-0.21403	0.975194
0.318658	-0.085065	0.944045
0.334619	-0.290267	0.896535
0.498678	0.250873	0.829688
0.244572	-0.432011	0.868073
0.0642407	-0.0772367	0.994941
0.0222823	0.0964252	0.995091
0.185869	-0.183232	0.965339
0.500387	0.341105	0.795777
0.515589	0.329056	0.791132
0.208197	0.471755	0.856797
0.0537182	0.0715442	0.99599
0.539943	0.358698	0.761444
0.122024	-0.406359	0.905529
0.148154	-0.0763401	0.986013
0.751322	-0.067125	0.656513
0.0380853	0.388595	0.920621
-0.346926	0.315576	0.883207
0.686549	-0.201863	0.6985
-0.165452	-0.0624968	0.984236
0.449606	-0.268116	0.852038
-0.476379	0.0405225	0.878306
0.376318	0.236943	0.89568
0.221447	-0.212714	0.95169
-0.0305735	0.00201021	0.999531
0.222226	-0.0197448	0.974795
0.286329	0.256696	0.923105
0.270914	-0.0801032	0.959265
-0.181812	-0.0149865	0.983219
0.18863	-0.0928405	0.97765
0.539215	-0.406805	0.737399
0.314557	-0.182638	0.931503
0.206094	-0.0226373	0.97827
0.614123	-0.167231	0.771289
0.713027	-0.117178	0.691276
-0.152766	-0.0264669	0.987908
-0.0616605	0.370504	0.926782
0.359857	-0.111951	0.926267
0.402649	0.159733	0.90131
0.184272	-0.660931	0.727471
0.368185	-0.0378914	0.92898
0.195547	-0.449657	0.871533
-0.347918	-0.298182	0.888842
-0.0096823	0.0238024	0.99967
-0.22755	-0.11711	0.966699
0.517954	-0.0920925	0.850437
0.579135	-0.509113	0.636716
-0.0902724	0.256159	0.96241
0.091518	-0.122592	0.988229
-0.208062	-0.183537	0.960741
-0.278092	-0.0210091	0.960325
0.239646	-0.136816	0.961172
0.494507	0.0598943	0.867108
0.520011	0.177928	0.835422
0.263983	-0.218153	0.939533
-0.0101782	-0.205825	0.978536
0.0771128	-0.37873	0.922289
0.302376	-0.371584	0.877778
0.221178	-0.225754	0.948744
0.35013	0.0739183	0.93378
0.377328	-0.232857	0.896327
0.222445	0.131036	0.966099
0.0186221	-0.339983	0.940247
0.406865	-0.0634149	0.911285
0.304411	-0.121202	0.944798
0.145754	-0.299304	0.94296
0.227913	0.199497	0.953025
0.218261	-0.13276	0.966818
-0.0987698	-0.0582374	0.993405
0.115657	0.078847	0.990155
0.784003	-0.0244766	0.620275
0.160518	0.516035	0.841393
0.384177	-0.34219	0.857504
0.243321	0.183227	0.952482
0.465271	0.0368028	0.884403
0.0333749	-0.399721	0.916029
0.312634	0.0623629	0.947824
0.351784	0.101075	0.930608
0.04317	-0.185655	0.981666
0.12159	-0.0292767	0.992149
0.512742	0.41918	0.749256
-0.123424	0.0810082	0.989042
0.370983	-0.206853	0.905309
0.177059	0.322577	0.929836
-0.119571	-0.0610412	0.990947
-0.176033	-0.0565794	0.982757
0.585277	-0.139777	0.798695
0.433586	-0.00495095	0.901099
0.0379251	0.0689198	0.996901
0.426431	-0.32969	0.842295
0.106904	0.324525	0.939817
0.349743	0.079588	0.933459
0.421001	-0.455707	0.784276
0.0576402	0.152319	0.986649
0.360158	-0.582416	0.728751
0.458566	-0.270262	0.846567
0.340035	-0.622086	0.705255
-0.247852	-0.342166	0.906362
0.139644	-0.5992	0.788327
0.382555	-0.5432	0.747386
0.192085	-0.155251	0.96902
-0.387521	-0.432255	0.814238
0.0133961	-0.0747737	0.997111
0.141514	-0.320287	0.936691
-0.258075	0.154094	0.953757
0.0616268	0.242922	0.968086
0.242797	-0.0617959	0.968107
0.0371398	0.0602093	0.997495
0.0617411	-0.353404	0.933431
-0.0116216	-0.0680007	0.997618
0.564602	-0.0547794	0.823543
0.410456	0.0478222	0.910626
0.0398837	-0.110072	0.993123
0.211185	0.168923	0.962739
0.0917768	0.534451	0.840202
0.237161	0.524832	0.8175
0.493641	-0.383901	0.780345
-0.0473168	0.450077	0.891735
0.395172	-0.523829	0.754614
0.394105	-0.290157	0.872061
-0.16465	0.323896	0.931656
0.447681	0.790593	0.417786
-0.128691	0.248756	0.959979
0.268399	0.112988	0.956659
0.0918977	0.0354262	0.995138
0.577851	-0.640408	0.505931
0.281525	0.192374	0.940072
0.553265	0.0177342	0.832817
0.772456	0.306351	0.556293
0.397737	-0.225582	0.889336
0.506084	0.108973	0.855572
0.563708	-0.00231976	0.825971
0.324975	0.572533	0.752727
-0.0483825	0.0797523	0.99564
0.778794	-0.350773	0.520037
0.0206117	-0.572501	0.819645
0.300222	0.0955387	0.949073
0.034708	-0.423624	0.905173
-0.345053	0.0724795	0.935781
0.634152	0.199262	0.747092
-0.379225	-0.459944	0.802894
-0.0573039	0.0637904	0.996317
-0.0847593	-0.358346	0.929733
0.494027	-0.292797	0.818662
0.558404	-0.317994	0.766202
-0.173973	-0.0964205	0.980019
0.269925	-0.323347	0.906966
0.0623481	0.198658	0.978084
0.666938	0.137748	0.73227
-0.135864	0.245856	0.959737
0.289403	-0.285372	0.913679
0.487353	-0.385064	0.783717
-0.18908	-0.455038	0.870166
-0.217342	-0.273495	0.936997
0.19046	0.20959	0.959061
0.283153	-0.0854044	0.955264
0.452441	0.258103	0.853628
0.445327	-0.623384	0.64271
0.0128667	-0.150187	0.988574
0.174433	0.320326	0.931109
-0.504635	0.358276	0.785482
0.222752	-0.111034	0.968531
0.49753	-0.0841473	0.863356
-0.132674	-0.387098	0.912443
-0.0234693	-0.604191	0.796494
-0.0398768	-0.83275	0.552211
0.730945	-0.116002	0.672505
-0.341811	-0.04471	0.938705
0.107919	0.150618	0.982684
0.26764	-0.303612	0.914434
0.212961	0.149917	0.965491
0.261069	-0.156643	0.952526
0.40355	-0.364153	0.839369
0.178971	-0.473228	0.862569
0.444199	-0.22184	0.868029
0.285543	0.424685	0.859132
0.0961157	0.102601	0.990068
0.273295	0.303276	0.912871
0.372096	0.151993	0.915665
-0.262296	0.572514	0.776806
0.523595	0.0707287	0.849026
-0.0913165	0.0394678	0.995039
0.0760079	0.692395	0.717504
0.107324	-0.0525571	0.992834
0.0225568	0.249879	0.968014
0.148638	-0.4655	0.872477
0.49333	-0.427726	0.757414
0.0880029	0.0775861	0.993094
0.0295345	-0.259599	0.965265
-0.000312637	0.0215243	0.999768
0.36395	0.223748	0.904144
0.19085	-0.0542736	0.980118
0.448119	-0.492923	0.745799
0.327356	-0.519211	0.789467
0.195332	0.0332135	0.980175
0.739671	0.043889	0.671536
-0.114302	0.0211429	0.993221
0.12402	-0.0821461	0.988874
-0.26924	-0.151143	0.951139
0.370203	-0.0655825	0.926633
-0.294284	-0.155996	0.942901
-0.0317919	-0.307166	0.951125
0.326798	-0.230325	0.916599
-0.163095	-0.242077	0.956451
-0.0668293	-0.310638	0.948176
0.178378	-0.230323	0.956626
0.0771268	-0.356664	0.931043
0.425664	-0.253617	0.868613
0.00691285	0.0776056	0.99696
-0.242012	-0.0048659	0.970261
0.460447	0.394189	0.795364
0.226486	-0.232823	0.945779
0.306054	0.115422	0.944991
-0.170303	-0.632749	0.755398
-0.291572	-0.26384	0.919442
-0.187892	-0.151231	0.970477
0.32935	0.189035	0.925092
0.367191	-0.0843056	0.926317
0.333069	-0.281076	0.900034
-0.393712	0.0462229	0.918071
0.174153	-0.171519	0.969666
-0.139724	0.1532	0.978267
0.0926091	-0.119416	0.988516
-0.050568	0.159453	0.985909
-0.107296	0.139598	0.984378
0.564219	-0.0807791	0.821664
0.399983	-0.400351	0.824459
-0.166183	-0.391766	0.904932
0.441296	0.0558903	0.895619
0.42307	-0.502453	0.754025
-0.2931	0.280219	0.914095
0.295667	-0.146638	0.94397
0.124519	-0.0549669	0.990694
0.558311	0.0389913	0.828715
0.373795	-0.121893	0.919467
0.0896291	0.0945357	0.991479
0.189511	-0.567914	0.800974
-0.0536121	0.0503682	0.997291
0.196466	-0.262832	0.944627
0.426289	0.259362	0.866608
0.601432	0.212224	0.770221
0.421947	-0.0759695	0.903432
0.640609	0.343197	0.686903
0.366549	-0.0169553	0.930244
0.0289998	-0.023408	0.999305
-0.100978	0.11628	0.98807
0.130218	-0.0183061	0.991316
0.17207	-0.156226	0.972618
0.126916	-0.266951	0.955317
-0.356697	-0.340959	0.869778
-0.0332259	-0.0808813	0.99617
0.408039	-0.0178144	0.912791
0.0347968	-0.0427535	0.99848
-0.233774	-0.214771	0.948274
0.342582	-0.246427	0.906593
-0.0218563	-0.744115	0.667694
-0.095336	-0.263638	0.959899
0.105794	-0.224855	0.968632
0.0400984	0.030879	0.998718
0.328603	0.150947	0.932328
0.0875533	0.300385	0.949791
0.0274614	0.00600766	0.999605
0.382031	-0.245853	0.890847
-0.0375979	-0.330421	0.943084
0.121546	-0.0290371	0.992161
0.314212	-0.17615	0.932868
0.327243	-0.0845268	0.941152
-0.159964	-0.548044	0.821011
9.69515e-05	-0.295977	0.955195
0.145747	0.0990073	0.984355
0.157462	-0.345203	0.925224
-0.495263	-0.114229	0.8612
0.130652	0.268698	0.954323
0.07673	0.0172657	0.996902
0.129067	-0.41337	0.901369
-0.0180144	0.088719	0.995894
-0.0259921	0.341558	0.939501
0.150354	-0.11126	0.982352
0.286606	-0.140399	0.947705
-0.0318585	-0.023211	0.999223
0.103476	-0.256762	0.960919
-0.350721	0.024212	0.936167
0.316308	-0.246764	0.916001
0.0354611	-0.281079	0.959029
0.100051	-0.335758	0.93662
0.095407	0.360311	0.927941
0.171242	-0.224224	0.959375
0.172816	-0.155739	0.972564
-0.479505	-0.0344371	0.876863
0.181445	-0.118784	0.976201
0.669582	0.0989536	0.736117
0.0899825	-0.177717	0.979959
0.3262	-0.37443	0.867984
0.348912	-0.210367	0.913239
0.405801	-0.199445	0.891935
-0.178856	0.276443	0.944241
0.312254	-0.398646	0.86231
0.107034	-0.152576	0.982479
-0.0300586	0.0808374	0.996274
0.111788	0.0440523	0.992755
-0.0173711	0.357178	0.933875
0.54421	-0.121563	0.830095
0.114426	0.612642	0.782033
0.084061	0.0347106	0.995856
0.00511047	0.0934756	0.995608
-0.37869	-0.301	0.87521
-0.129532	-0.15798	0.97891
-0.187265	-0.270625	0.944296
0.222805	0.0233936	0.974582
-0.150804	0.242201	0.958435
0.202484	-0.376395	0.904061
-0.189711	0.031212	0.981344
0.238111	-0.155241	0.958751
0.116508	0.467793	0.876125
-0.219006	-0.260278	0.940368
0.145041	0.244732	0.958681
-0.272625	0.0642773	0.959971
-0.0907134	0.00356736	0.995871
0.501679	-0.205407	0.840313
0.155141	0.253743	0.954749
0.293177	-0.0861491	0.952169
0.137926	-0.0243269	0.990144
-0.0366912	0.119158	0.992197
-0.0644693	0.569129	0.819717
0.263944	0.391856	0.881353
-0.0240691	-0.344282	0.938558
0.17267	0.247204	0.953454
0.361964	0.111321	0.925521
-0.154844	0.12151	0.980438
0.461713	-0.219935	0.859331
0.348733	-0.362552	0.864258
0.225531	0.221071	0.948822
-0.236796	-0.147632	0.960277
0.081278	0.211899	0.973906
-0.179075	0.186378	0.96602
0.399893	0.162182	0.902099
0.501235	-0.808755	0.3077
0.444726	-0.23472	0.864364
0.0636513	0.0399102	0.997174
0.119982	0.00339828	0.99277
-0.0021275	-0.552608	0.833439
-0.144736	-0.121004	0.982044
0.185986	-0.399995	0.897448
0.274903	-0.377312	0.884344
0.389057	0.060401	0.919231
-0.18238	-0.155423	0.970866
0.473314	-0.300742	0.827966
-0.0463045	-0.0883414	0.995013
-0.181794	0.311692	0.93263
0.650084	-0.150202	0.744869
0.191704	0.0317858	0.980938
0.258852	0.00534922	0.965902
-0.588928	0.15867	0.792457
0.548196	0.14398	0.823863
0.442869	-0.215724	0.870247
0.471091	-0.316791	0.823236
0.0494216	-0.116382	0.991974
0.636962	-0.123638	0.760916
-0.0260555	-0.097183	0.994925
0.0497537	-0.0270166	0.998396
-0.116195	-0.0839873	0.989669
0.0168626	0.553177	0.832893
0.478337	-0.151661	0.864981
0.316241	0.0738217	0.945802
0.368656	-0.569443	0.73473
-0.259078	0.562421	0.785214
0.368061	0.0372791	0.929054
-0.214993	-0.682583	0.698469
-0.157296	0.192148	0.968678
0.167879	0.402162	0.900046
0.107831	-0.46624	0.878062
0.430683	-0.0798987	0.89896
0.0815904	-0.31033	0.947121
-0.0899165	0.0834451	0.992447
0.317585	0.211321	0.924382
0.227519	-0.0636234	0.971693
0.0855039	0.227761	0.969956
0.178001	-0.0435069	0.983068
0.125575	0.10868	0.986113
0.5057	-0.475691	0.719713
0.388886	0.301125	0.870685
0.451046	-0.349898	0.821053
-0.273266	-0.0429153	0.960981
-0.0175616	0.144046	0.989415
-0.0706653	-0.417698	0.905834
-0.0966715	-0.0146453	0.995209
-0.268969	0.208618	0.940284
-0.100611	-0.136995	0.985449
-0.0634403	0.0923729	0.993701
-0.0890571	-0.128779	0.987666
-0.355271	0.133371	0.9252
0.29822	-0.0958215	0.949675
0.19827	0.296657	0.934175
0.110394	0.178539	0.97772
0.32317	0.0761766	0.94327
0.293537	0.11161	0.94941
0.300203	-0.0473299	0.9527
0.0734637	0.0974311	0.992527
0.275442	-0.258198	0.925995
0.498507	-0.145077	0.85466
0.661773	-0.0389015	0.748694
0.261077	-0.163317	0.951402
0.216999	-0.0661251	0.97393
0.00700018	-0.0984585	0.995117
0.307765	-0.10257	0.945918
0.114397	-0.279697	0.953249
0.209237	0.393125	0.895362
0.171371	-0.129934	0.976601
0.177887	0.0352965	0.983418
-0.0706217	-0.217527	0.973496
0.10733	-0.379628	0.918892
0.524435	-0.160035	0.836276
-0.0626286	-0.350653	0.934409
0.391952	0.222854	0.892586
0.289809	0.140581	0.946704
0.210401	-0.409675	0.887636
0.444739	-0.51288	0.734276
0.440229	-0.286519	0.850944
0.502565	0.364216	0.784076
0.500002	-0.00519786	0.866009
0.160264	0.0772529	0.984046
0.276558	-0.126639	0.952616
0.216283	-0.539667	0.813622
0.283163	-0.226957	0.931831
0.10015	-0.0129808	0.994888
-0.0276432	-0.16824	0.985358
0.293048	0.0618555	0.954095
0.491941	-0.0602616	0.86854
0.398676	-0.129724	0.907871
-0.320559	-0.312546	0.894179
0.052781	0.40398	0.913244
0.344249	0.418807	0.840294
-0.0702065	0.20517	0.976205
0.262171	-0.085711	0.961207
0.284094	-0.47165	0.834768
0.0846582	-0.221342	0.971515
-0.370138	0.0220598	0.928715
-0.262808	-0.3935	0.88096
0.0438461	0.113542	0.992565
0.0339452	-0.446869	0.893955
0.177007	0.174575	0.968603
-0.456787	0.221865	0.861465
0.18537	0.0728918	0.979962
0.346787	0.0652142	0.935674
-0.0439868	0.0865234	0.995278
-0.211912	0.117862	0.970156
-0.403268	-0.198523	0.893288
0.203974	-0.616587	0.760404
-0.0730784	0.00972703	0.997279
-0.0258973	0.288559	0.957112
0.0178943	-0.147441	0.988909
-0.0850368	0.28484	0.954796
-0.0330539	0.485463	0.873632
-0.0175591	0.000598606	0.999846
0.0965171	-0.255943	0.961861
0.112711	-0.609523	0.784715
0.293556	-0.435232	0.851116
0.271366	-0.629569	0.728014
0.550623	0.336335	0.763998
0.592052	-0.287258	0.752966
0.0829719	-0.118495	0.989482
-0.240406	0.0691591	0.968206
0.235593	-0.0767066	0.96882
0.471406	-0.494038	0.73055
0.290199	0.24879	0.924061
-0.0428974	-0.758586	0.65016
0.170485	0.0665835	0.983108
0.330632	-0.0104674	0.943702
0.157231	-0.218774	0.963025
0.76356	-0.347577	0.544211
0.263783	-0.366508	0.892239
-0.0677451	-0.294119	0.953365
-0.50108	-0.470324	0.726439
0.582827	0.126079	0.802756
0.461845	0.221252	0.858922
0.335668	-0.294678	0.894702
0.210077	-0.000572955	0.977685
0.261768	-0.153272	0.952883
-0.153689	-0.201203	0.967418
0.0204335	0.195155	0.980559
0.3247	0.344069	0.881014
0.222274	-0.476481	0.850623
0.178861	-0.107029	0.978036
-0.169977	-0.465053	0.868812
0.317391	0.206707	0.925492
0.146686	0.0868903	0.98536
0.669257	-0.246776	0.700854
0.341648	-0.0720385	0.937063
0.430516	-0.367893	0.824203
0.319331	-0.123396	0.939575
-0.070633	-0.334713	0.939669
0.0270771	0.321349	0.946573
0.521174	-0.128973	0.843649
0.616728	-0.284002	0.734159
0.00206876	0.308982	0.951065
0.0641881	0.632371	0.772001
0.257973	0.17295	0.950546
0.406383	0.171594	0.897445
0.0779293	-0.584771	0.807446
0.45706	-0.0627958	0.887216
0.258395	-0.438097	0.860989
0.452699	0.0206886	0.891424
-0.353766	-0.121861	0.927362
0.0100566	0.560311	0.828222
0.0750081	0.0668897	0.994937
0.448494	-0.658249	0.604617
-0.107603	-0.153218	0.982317
0.121788	-0.447058	0.886175
0.526179	-0.159982	0.835189
-0.077787	0.058997	0.995223
0.145386	-0.234975	0.961067
0.276869	0.0607708	0.958984
0.0336355	-0.397762	0.916872
0.206649	-0.566459	0.79776
0.163315	-0.393115	0.90487
0.0119887	-0.0605341	0.998094
0.373077	-0.272682	0.886825
0.451534	-0.164425	0.876973
-0.0580774	-0.052074	0.996953
-0.384032	0.241313	0.891228
0.447046	-0.000865196	0.89451
-0.0880647	0.0825228	0.992691
-0.121026	0.0693764	0.990222
-0.0454629	0.133965	0.989943
0.130386	0.15576	0.979152
0.0963963	0.0592105	0.99358
0.349939	-0.345448	0.870751
0.681151	-0.110373	0.723776
-0.0568202	-0.46948	0.881113
-0.209203	0.0362902	0.977199
0.0609284	-0.36702	0.928215
0.281	0.24565	0.927737
0.246013	-0.422647	0.872266
-0.14327	-0.112392	0.983281
-0.037062	-0.0748436	0.996506
0.467355	0.0323588	0.883478
0.372803	0.450473	0.811229
0.0577877	-0.100846	0.993222
-0.305292	-0.0401445	0.951412
0.333226	-0.387808	0.859398
0.123912	-0.345219	0.930306
0.0547331	0.433167	0.899651
0.428339	-0.13598	0.893328
0.169405	0.330417	0.928508
0.515961	-0.172733	0.839016
0.110764	0.0343454	0.993253
0.691971	0.466488	0.550968
0.164422	-0.418425	0.893245
0.39787	-0.0980319	0.912189
0.433673	-0.40368	0.805586
-0.121299	-0.176308	0.976833
-0.0240392	-0.203902	0.978696
-0.100887	-0.164618	0.981184
0.618685	-0.187696	0.762888
0.549309	-0.419836	0.722494
0.0515311	-0.237983	0.969901
0.401083	-0.232981	0.885919
0.217188	-0.413421	0.884258
-0.0213906	0.141491	0.989708
0.0324185	-0.220914	0.974754
-0.0138941	0.0175626	0.999749
-0.0701258	0.0690143	0.995148
0.1479	0.325387	0.933943
0.265544	-0.423653	0.866028
0.355036	-0.346461	0.868282
0.185038	-0.0601648	0.980888
0.0871327	0.41743	0.904522
0.294451	0.0695216	0.953135
0.295185	-0.00675203	0.955416
-0.188512	-0.352122	0.916773
0.104383	0.473135	0.874784
0.364715	0.202097	0.908922
0.26011	0.170272	0.950447
0.149618	-0.429293	0.890686
0.272873	0.128664	0.953407
0.0689367	0.16761	0.98344
-0.0127444	-0.217839	0.975902
-0.0768717	0.0730754	0.994359
0.138731	-0.10379	0.984876
0.154177	-0.164171	0.974309
0.35509	0.200665	0.913041
-0.370781	-0.031966	0.92817
0.465713	0.105752	0.878595
0.206646	-0.0118558	0.978344
0.531841	-0.347155	0.772417
0.442811	-0.156481	0.882854
0.312868	0.00874625	0.949756
0.487749	-0.309371	0.816327
0.351653	-0.088308	0.931956
0.224142	-0.0336072	0.973977
0.102787	-0.278984	0.954779
0.109193	-0.154069	0.982008
-0.119359	-0.184647	0.97553
0.182377	0.261187	0.947903
-0.00168699	-0.32988	0.944022
0.390008	-0.295153	0.872226
0.304121	0.0533995	0.951136
-0.103629	0.125838	0.986624
0.214405	-0.146156	0.965748
0.358204	-0.217958	0.907846
0.0834198	0.0722084	0.993895
-0.046359	-0.151827	0.987319
0.15286	0.00472338	0.988237
0.235793	-0.247292	0.939813
-0.14635	-0.356663	0.922699
-0.343218	-0.174282	0.922945
-0.0649602	0.112005	0.991582
-0.00672764	0.220722	0.975314
0.160366	0.304729	0.938841
0.145807	-0.207954	0.96721
0.0314314	0.308972	0.950551
0.178679	-0.421542	0.889031
0.0938774	-0.0144334	0.995479
0.37887	0.0226482	0.925173
-0.0240002	-0.220191	0.975161
0.25187	-0.376722	0.891427
0.0623756	-0.446809	0.892452
0.0996677	0.589348	0.801707
0.207617	-0.372703	0.904427
-0.553748	-0.0887624	0.82794
0.129854	-0.136775	0.982054
0.332269	-0.272623	0.902925
0.289808	-0.301462	0.908368
0.504742	-0.393128	0.768561
-0.0787754	0.00856208	0.996856
0.297284	0.18578	0.936541
0.287875	-0.0745211	0.954764
0.334561	-0.186576	0.92372
0.132621	-0.205207	0.969692
0.472588	0.186522	0.861319
0.369762	-0.158451	0.915516
0.137644	-0.16252	0.977058
-0.0480431	0.136873	0.989423
0.112812	-0.400836	0.909177
0.414059	0.0129362	0.910158
-0.129831	0.0536817	0.990082
0.364202	-0.25595	0.895459
0.125232	-0.486377	0.864728
0.275675	0.0508275	0.959906
0.223345	0.360116	0.905778
0.635279	-0.245129	0.732347
0.280245	0.0548537	0.95836
0.404742	-0.1915	0.894154
0.522271	0.0968274	0.847265
0.264557	-0.541676	0.79787
0.0281865	0.0510836	0.998297
-0.0812241	0.294391	0.952227
0.351534	-0.325435	0.87779
0.579611	0.25435	0.774181
0.697043	-0.271099	0.663805
0.285895	-0.00132708	0.95826
-0.0395552	-0.314727	0.948358
-0.131094	-0.368018	0.920531
0.0338495	-0.0687894	0.997057
0.353225	-0.373638	0.857687
0.394858	0.321124	0.860794
-0.0350643	-0.161095	0.986316
0.0303814	-0.389607	0.92048
0.26138	-0.0187841	0.965053
0.1559	0.288143	0.944812
0.619533	0.201879	0.758567
-0.059609	-0.413396	0.908598
0.359474	0.0162908	0.933013
0.162079	-0.152509	0.974921
0.297855	0.581779	0.756846
0.0952847	-0.0983604	0.990579
0.308491	0.367867	0.877215
0.180041	0.0678583	0.981316
0.336633	0.0292854	0.94118
0.719904	0.21119	0.661163
0.323238	-0.101333	0.940877
0.39888	0.204573	0.893893
0.380695	-0.112106	0.91788
0.568969	-0.102142	0.815991
0.265631	0.247349	0.931804
-0.430015	0.283296	0.857222
0.0426359	0.102091	0.993861
0.499762	0.35121	0.791763
0.413455	-0.0065598	0.910501
0.149357	0.115353	0.982032
0.247088	-0.271445	0.930196
0.399675	0.0103353	0.916599
0.113313	0.215516	0.969903
0.144333	0.623858	0.768095
0.106028	0.162639	0.980972
0.60603	0.307917	0.733427
0.301882	0.107379	0.947279
0.345232	0.0479547	0.937292
0.205042	0.0173604	0.978599
0.0925348	0.0946217	0.991203
0.528661	-0.0878507	0.844275
-0.482291	0.0576209	0.874114
0.256495	0.152708	0.954406
0.0866174	-0.237792	0.967446
0.253306	0.189621	0.94862
-0.0218822	0.14158	0.989685
0.240934	-0.154938	0.958095
-0.385381	0.170599	0.90685
0.0208693	-0.234677	0.971849
-0.120813	-0.11979	0.985421
0.508197	0.0547777	0.859497
0.229812	0.345932	0.90968
0.208941	-0.0728564	0.97521
0.0286575	-0.0918048	0.995365
0.0437067	-0.0516973	0.997706
0.751324	0.225707	0.620136
0.00329571	-0.238088	0.971238
-0.195295	0.0739582	0.977952
0.337716	0.187953	0.922292
-0.137835	-0.374914	0.916756
0.405273	-0.252884	0.878524
0.196826	0.245409	0.949228
-0.0162399	-0.144283	0.989403
0.293948	-0.0765052	0.952755
0.422137	-0.135073	0.896413
0.436776	-0.337725	0.833768
-0.0569474	-0.0761268	0.995471
-0.268604	0.200336	0.942188
0.24569	0.291741	0.924405
0.327295	0.0895746	0.940667
-0.109095	0.0441926	0.993048
0.39048	0.22825	0.891867
0.192963	-0.125586	0.973136
-0.139585	-0.319798	0.937147
0.309247	0.0565509	0.949299
0.460605	-0.116483	0.879929
0.0712214	-0.191969	0.978813
0.449846	-0.363502	0.815785
0.562013	0.426974	0.708403
0.127309	0.0263043	0.991514
-0.00209362	-0.190379	0.981708
0.457448	-0.111491	0.88222
-0.0255643	0.104146	0.994233
-0.0846133	0.137057	0.986943
0.392046	0.10072	0.914415
-0.51094	0.223393	0.830082
0.65734	0.248349	0.711496
0.0257041	0.359074	0.932955
0.00364737	-0.19947	0.979897
-0.131548	-0.00165373	0.991308
0.351513	-0.10562	0.930206
0.527149	0.063367	0.847407
0.120992	-0.140298	0.982689
0.264392	-0.0932163	0.9599
0.0732615	-0.210227	0.974904
0.356558	-0.311704	0.880742
-0.102812	0.192799	0.975837
0.119887	-0.167978	0.978474
0.157767	0.0124101	0.987398
-0.194272	0.0743581	0.978125
0.348897	0.0410056	0.936264
-0.189991	0.0277099	0.981395
-0.28103	-0.342252	0.896597
0.0624935	0.0878696	0.99417
0.412051	-0.520375	0.747947
-0.199875	-0.0402737	0.978993
0.2657	-0.610823	0.745854
0.113177	0.234535	0.965497
0.214704	-0.0434889	0.975711
-0.0629198	0.100631	0.992932
0.345138	-0.122532	0.930519
-0.0343394	-0.700638	0.71269
0.301825	-0.221702	0.927227
0.416892	0.289918	0.86148
-0.0963466	-0.44385	0.890907
-0.14711	-0.202631	0.968142
0.103856	-0.359322	0.927417
0.632867	0.119947	0.764913
-0.0283958	-0.430247	0.902264
0.20038	-0.239546	0.949982
0.156268	-0.0173179	0.987563
0.0162734	-0.254543	0.966924
0.602853	-0.0379768	0.796948
0.683868	0.238045	0.689681
0.21827	0.10961	0.969713
-0.0922924	-0.266445	0.959421
0.124943	-0.218851	0.967726
0.554349	-0.319739	0.768417
0.134673	-0.00345902	0.990884
0.404145	-0.520887	0.751894
0.390632	-0.00834596	0.920509
0.339331	-0.317649	0.885412
-0.24373	0.0630254	0.967793
0.0167139	0.0378855	0.999142
0.312846	-0.228887	0.921812
-0.356694	0.0611389	0.932219
-0.0501667	0.0757676	0.995863
-0.0328139	0.369955	0.92847
0.214568	-0.187442	0.958554
0.0358738	0.0733778	0.996659
-0.0225753	-0.374732	0.926858
0.215024	0.11962	0.969255
0.0713818	0.346935	0.935169
0.145224	-0.29141	0.945511
0.23612	-0.0571568	0.970041
0.05186	-0.194782	0.979475
-0.165755	-0.105779	0.980477
0.0472345	0.0131135	0.998798
0.418219	-0.273046	0.866336
0.0412613	0.16982	0.984611
0.153848	-0.046461	0.987002
0.496158	-0.393962	0.773706
0.518296	0.0418845	0.854175
-0.493391	-0.035064	0.869101
0.0367094	-0.0783196	0.996252
0.248186	-0.0260063	0.968363
0.385577	-0.200103	0.900716
0.25172	-0.160779	0.954352
0.409562	-0.468219	0.782962
0.409916	-0.163063	0.897429
-0.0464455	-0.216501	0.975177
0.445603	0.0386767	0.894395
0.0392458	0.253083	0.966648
-0.466168	-0.184858	0.865168
0.204384	-0.341764	0.917292
0.330359	-0.250978	0.909876
0.205071	-0.441242	0.873643
-0.341986	0.0225334	0.939435
-0.08325	-0.355308	0.931035
-0.300654	-0.1918	0.934248
0.419733	0.223822	0.879618
0.0801077	-0.365694	0.927281
0.100431	-0.348713	0.931833
0.284285	-0.394097	0.873996
0.443398	-0.31461	0.839297
0.472812	0.254896	0.843491
0.169892	-0.202422	0.964449
0.165068	0.314748	0.934712
0.18958	-0.167213	0.967522
-0.0981737	-0.176771	0.979344
0.166799	-0.351317	0.921279
0.435839	0.123581	0.8915
-0.221854	0.0848227	0.971383
0.360343	-0.251338	0.898322
-0.0509783	0.0824909	0.995287
0.243403	0.0777328	0.966805
0.255082	-0.0206525	0.966699
-0.0866607	-0.446006	0.890825
0.355765	0.213277	0.909914
0.244104	0.224724	0.943352
-0.0600084	-0.161046	0.985121
0.453653	0.00286882	0.891174
-0.0310209	-0.234296	0.97167
0.0667793	-0.0414552	0.996906
-0.0883691	-0.481951	0.871731
0.125417	-0.116156	0.985281
-0.0443327	-0.163133	0.985607
-0.346983	-0.153501	0.925224
-0.229336	-0.152518	0.961324
0.343561	0.0893604	0.934869
0.563786	0.0939836	0.820556
0.238358	-0.418488	0.876387
-0.380828	0.126359	0.915972
0.124096	-0.000261685	0.99227
-0.138467	0.099911	0.985314
-0.020462	0.245385	0.96921
0.17199	-0.278418	0.944935
0.136581	-0.235612	0.962202
0.51075	0.00402725	0.85972
-0.0982977	-0.107779	0.989303
0.267735	-0.0844973	0.95978
0.345007	-0.083196	0.934906
0.249443	-0.172462	0.952909
0.47605	0.198199	0.856793
0.0757841	0.2942	0.952734
0.00956856	-0.149043	0.988784
-0.120391	-0.106143	0.987036
0.241716	0.145974	0.959304
-0.0951552	-0.201283	0.9749
-0.209278	0.15762	0.965069
-0.0178083	-0.28419	0.958603
0.310441	-0.329469	0.891671
0.385754	-0.113198	0.915631
-0.0170891	0.365694	0.930578
0.0214271	-0.156141	0.987502
0.00766873	-0.53238	0.846471
0.119113	-0.308416	0.943765
0.116952	0.0248845	0.992826
-0.258015	-0.148757	0.95462
0.291351	-0.184552	0.938645
0.118989	-0.0333178	0.992336
-0.370237	-0.53143	0.76191
0.198165	-0.214424	0.956427
0.273992	0.202067	0.940265
0.243453	-0.0712739	0.96729
-0.211098	-0.11794	0.970324
0.094215	0.117955	0.988539
0.131057	0.210741	0.968717
-0.00283541	-0.442856	0.896588
-0.280356	-0.0663388	0.957601
0.449963	-0.101397	0.887272
0.419817	-0.15694	0.893937
0.18577	0.0881751	0.978629
0.179832	-0.262771	0.947951
0.39532	0.198355	0.896871
0.402842	0.182988	0.896791
0.352662	0.159077	0.92213
0.394403	0.392474	0.830909
0.354091	0.10644	0.929134
0.438141	-0.310254	0.843668
-0.0697458	0.089196	0.993569
0.218987	0.203032	0.95437
0.00829482	0.261585	0.965145
-0.137169	0.03572	0.989903
-0.11329	0.073144	0.990866
0.354625	0.177002	0.918102
0.297031	-0.402175	0.866041
-0.0701495	0.0397015	0.996746
0.033401	-0.465347	0.884498
-0.280885	-0.321095	0.904434
-0.0877251	-0.0468946	0.99504
-0.441772	0.0854883	0.893045
-0.510835	0.293867	0.807893
-0.109695	0.0329761	0.993418
-0.398759	-0.120573	0.909095
0.0516846	-0.755905	0.652638
0.203244	-0.403821	0.891976
-0.084369	0.0468613	0.995332
0.264607	-0.029947	0.963891
-0.223481	0.060863	0.972806
0.223811	0.161818	0.961105
0.263969	-0.323786	0.908561
0.212806	-0.0141423	0.976992
-0.126588	0.149942	0.980557
-0.0808436	-0.351656	0.932632
-0.16013	-0.111639	0.980763
0.379793	-0.39511	0.836448
-0.114613	-0.219884	0.96877
-0.319489	0.324939	0.890136
0.0813192	0.030953	0.996207
-0.0300333	0.208739	0.97751
0.0687651	-0.448622	0.891072
0.401247	-0.277455	0.872937
0.446439	-0.364159	0.817362
-0.0953527	0.427364	0.899037
0.162043	-0.00344358	0.986778
0.324487	-0.351767	0.878048
-0.0659561	0.0535892	0.996382
0.0545469	0.169083	0.984091
-0.150684	0.0136261	0.988488
0.342435	-0.558855	0.755261
-0.108989	-0.0769634	0.991059
0.412712	0.169891	0.894877
-0.0175888	-0.371047	0.928447
0.0385152	-0.227202	0.973086
-0.322704	-0.0098614	0.946449
-0.00595698	0.251164	0.967926
-0.146433	-0.372602	0.916365
0.356349	0.0482435	0.933106
0.239617	-0.0804569	0.967528
0.333299	-0.221079	0.916535
0.372637	-0.246178	0.894728
0.164876	-0.287295	0.943545
-0.00941466	-0.390629	0.9205
0.363285	-0.062989	0.929546
-0.212803	-0.202137	0.955958
-0.177188	-0.319954	0.930717
-0.143778	0.0527104	0.988205
0.0580078	0.0995195	0.993343
0.128777	-0.493733	0.860026
0.109786	0.182306	0.977093
0.0710164	-0.174043	0.982174
0.464154	0.173242	0.868647
0.23183	0.210239	0.949765
0.266367	-0.140942	0.953511
-0.0987154	0.483068	0.870001
-0.1553	-0.0365371	0.987191
-0.283143	0.0116128	0.959008
0.0429573	-0.35077	0.935476
0.41409	-0.317724	0.852984
-0.289454	0.441762	0.849154
0.199393	-0.311634	0.929046
-0.0730976	0.198938	0.977282
-0.228655	-0.0365622	0.972821
0.284539	-0.00802816	0.958631
0.392972	-0.187036	0.900328
0.192401	-0.596076	0.779535
0.287805	-0.486131	0.825133
0.227808	-0.149122	0.96222
-0.026198	0.0106141	0.9996
0.197171	0.19111	0.961562
0.133764	0.151497	0.979365
-0.164453	0.0114087	0.986319
-0.00230817	-0.403937	0.914784
0.365499	0.175622	0.914094
0.20728	-0.352513	0.912562
-0.136635	-0.155628	0.97832
0.259666	-0.0366902	0.965001
-0.255293	-0.0817748	0.963399
0.074341	0.0855149	0.99356
0.346552	-0.402799	0.847145
0.550499	0.227251	0.80331
-0.284497	0.01602	0.958543
0.0891166	0.147624	0.98502
0.261112	-0.0733528	0.962518
0.0618192	-0.195735	0.978706
0.218456	0.157625	0.963032
-0.235393	-0.243	0.941032
0.473871	-0.0206323	0.880353
0.180055	-0.431447	0.883988
-0.204988	-0.00556606	0.978749
0.33224	0.0545922	0.941613
0.47104	0.278056	0.837142
0.00554579	0.0620436	0.998058
0.0358157	-0.193143	0.980517
0.0428901	-0.0417878	0.998205
0.209701	-0.0907167	0.973548
0.101588	-0.117847	0.987822
-0.0491626	0.130384	0.990244
0.184739	-0.203857	0.961413
0.295743	-0.431293	0.852363
0.303173	0.316871	0.89871
0.0370128	-0.122181	0.991817
0.306168	-0.206372	0.929339
0.545836	-0.253559	0.798605
0.120109	-0.153626	0.980802
-0.038948	0.170208	0.984638
0.286116	-0.397295	0.871949
0.340528	0.00391458	0.940226
0.250285	-0.0678321	0.965793
-0.277942	-0.324655	0.904073
0.0969944	-0.484232	0.869547
0.450973	-0.31403	0.835469
0.160144	-0.0820892	0.983674
0.309548	-0.127092	0.942352
-0.155317	0.0995057	0.98284
0.300847	-0.103357	0.948055
-0.279192	-0.505838	0.816198
-0.119687	-0.220752	0.967959
-0.127492	0.11928	0.984641
0.227734	-0.265448	0.936843
0.362494	-0.458096	0.811632
0.0330896	0.351298	0.935679
-0.104909	-0.197314	0.974711
-0.246962	-0.00295817	0.969021
0.309181	0.427014	0.849745
0.206645	-0.0634804	0.976354
0.435296	-0.0829769	0.896455
0.217713	-0.238072	0.946532
-0.0258551	-0.018108	0.999502
0.276627	0.384433	0.880732
0.359106	0.00735379	0.933268
0.0672181	-0.450959	0.89001
0.192859	-0.394868	0.898268
-0.296414	-0.196223	0.934685
0.0458481	-0.30956	0.949774
0.0173813	0.416391	0.90902
0.35354	0.143912	0.924283
0.569677	0.160091	0.806126
0.336194	0.337383	0.879287
0.373747	-0.671599	0.63974
0.35923	-0.185974	0.914531
0.24171	-0.00893275	0.970307
0.138349	0.156655	0.977916
0.00184444	-0.413292	0.910596
0.185468	0.0190124	0.982466
-0.00739961	-0.168933	0.9856
0.113444	-0.585385	0.802779
-0.13367	-0.426838	0.894394
0.290028	-0.425969	0.856991
0.431529	-0.227361	0.872978
0.163855	0.123787	0.978687
0.366793	-0.254065	0.894938
0.246722	-0.130391	0.960274
0.0765217	-0.376603	0.923209
0.0524035	-0.22135	0.973785
0.100135	-0.463687	0.880322
0.0124538	-0.501207	0.865238
0.185021	-0.155705	0.970321
0.295219	-0.326051	0.898074
0.32018	-0.231453	0.918648
0.561381	-0.268612	0.782751
0.461719	0.0433955	0.885964
-0.0993504	0.0788869	0.991921
0.296634	-0.326944	0.897282
0.0169198	0.220448	0.975252
0.661393	-0.112371	0.741574
0.203703	0.425516	0.881726
0.376312	-0.152263	0.913896
-0.0456024	0.0840541	0.995417
-0.0231978	0.195011	0.980527
-0.117472	-0.0757623	0.990182
0.449629	0.00531478	0.8932
0.373247	0.254863	0.892038
0.417884	0.445376	0.791842
-0.187463	0.0152515	0.982153
-0.197089	-0.059212	0.978596
0.0616146	-0.10794	0.992246
0.172999	0.0253073	0.984597
0.619425	0.420439	0.662981
0.630593	0.305829	0.713316
0.32706	0.00603407	0.944984
0.368309	-0.128228	0.920818
0.452031	-0.383739	0.805241
0.508341	-0.116714	0.85321
0.252225	-0.132519	0.958552
-0.22005	0.219862	0.950389
0.278853	-0.188328	0.941687
0.339337	0.226662	0.912948
-0.0987132	-0.190467	0.976718
0.243466	0.449106	0.859667
-0.363093	-0.348184	0.864252
0.301141	0.0322088	0.953035
-0.0387328	0.00973714	0.999202
-0.103666	-0.0146344	0.994505
-0.103496	-0.0198778	0.994431
0.13149	-0.127825	0.983042
0.320427	-0.132841	0.937912
0.298255	-0.271224	0.91514
0.0164824	-0.333209	0.942709
0.0908275	-0.481991	0.871456
0.378181	-0.0227843	0.925451
-0.215489	0.339792	0.915481
0.0314427	0.25112	0.967445
0.159005	-0.21734	0.963058
0.147124	-0.201465	0.968383
0.479326	-0.207338	0.852794
0.11442	0.159845	0.980489
0.250325	-0.0124408	0.968082
-0.0508848	0.110244	0.992601
-0.366121	-0.09639	0.925562
-0.0585244	-0.250403	0.966371
0.185569	-0.105953	0.976902
0.417986	-0.381998	0.824236
0.136538	-0.284537	0.948892
0.524763	-0.323552	0.787361
-0.356729	-0.146246	0.92269
0.380854	-0.163067	0.910143
-0.0249585	0.273887	0.961438
0.0671168	0.0643638	0.995667
0.331385	-0.0426975	0.942529
0.34095	-0.22849	0.911891
0.668312	0.0320135	0.743192
0.222734	-0.204196	0.953254
-0.0653454	-0.468895	0.880833
0.545909	-0.380146	0.746641
0.0157296	-0.0925571	0.995583
0.424065	-0.163217	0.890802
0.298722	-0.520614	0.799829
0.383375	0.0462075	0.922436
0.437711	0.0812235	0.895439
0.266563	-0.158521	0.950692
0.0894189	0.334602	0.938107
0.192686	0.211834	0.958122
-0.221769	-0.193128	0.955782
0.591567	0.175606	0.7869
0.644197	0.294373	0.705943
0.0385429	0.0697032	0.996823
0.0610411	-0.39687	0.915843
0.0485107	-0.328381	0.943299
0.253455	0.296695	0.920724
0.184525	0.256606	0.948738
0.343565	0.325225	0.881017
0.645213	-0.0321297	0.763327
0.0648558	0.221072	0.973099
0.288231	-0.511886	0.809256
0.118258	0.206043	0.971371
0.42729	-0.0608366	0.902066
0.500504	-0.276244	0.820478
0.455355	-0.216791	0.863513
0.413991	-0.143737	0.898861
0.125369	0.0221312	0.991863
-0.288854	-0.0650069	0.955164
0.0113927	0.451848	0.892022
0.163753	-0.288606	0.943341
0.140763	0.0782158	0.986949
0.412915	-0.043992	0.909707
0.064635	0.255807	0.964565
-0.0161837	-0.353835	0.935168
0.0383478	-0.410483	0.911062
0.342944	-0.257179	0.903465
0.430844	0.318217	0.844459
-0.0376838	0.142917	0.989017
0.0307503	0.0855402	0.99586
0.233703	0.246351	0.940582
0.177676	-0.235191	0.955571
0.0462902	-0.217668	0.974925
-0.135434	-0.293073	0.946449
0.450417	0.0910994	0.888159
0.132417	0.173659	0.975863
-0.130852	-0.365569	0.92154
0.293959	0.331423	0.896519
0.231587	-0.225415	0.946338
0.0665975	0.0897128	0.993739
0.134108	-0.503676	0.85342
0.712197	0.166537	0.681939
-0.393609	-0.0361622	0.918566
-0.0552744	-0.0990061	0.99355
0.283083	0.13946	0.948902
0.231297	0.0524506	0.971468
0.347508	-0.489097	0.800014
0.276385	-0.086648	0.957133
0.294868	0.381426	0.876109
-0.226111	0.270068	0.935915
0.543922	-0.206896	0.81323
-0.0793877	-0.340977	0.936714
0.427518	0.0235231	0.903701
0.257171	0.0309006	0.965872
-0.0901232	-0.389622	0.916555
0.39661	-0.0262643	0.917611
0.152999	-0.163708	0.974572
0.549369	-0.168545	0.818405
0.151545	0.0903688	0.984311
0.10722	-0.633337	0.766412
0.525266	-0.148532	0.837875
0.380506	0.479272	0.790894
0.0431604	-0.450607	0.891678
0.215623	-0.227714	0.949554
0.276444	-0.214743	0.936731
0.356999	-0.11771	0.926659
0.0913671	-0.162653	0.982444
0.130274	0.100555	0.986366
0.214419	0.193638	0.957355
-0.0390897	-0.203492	0.978296
0.387129	0.381911	0.839211
0.0547672	0.39303	0.917893
0.553657	0.0821359	0.828684
-0.475082	0.0633538	0.877658
-0.117714	0.027288	0.992673
0.0665087	-0.147153	0.986875
0.328708	0.283485	0.900881
0.278805	-0.326936	0.902984
0.11128	-0.239608	0.964471
-0.159711	0.0431015	0.986222
0.235165	-0.30434	0.923079
-0.165944	0.0794493	0.982929
0.0187571	-0.236985	0.971332
0.439002	-0.0111605	0.898417
0.0949439	0.0301452	0.995026
0.434189	0.298859	0.849802
-0.142243	-0.0864673	0.986048
0.0380539	0.453305	0.890543
-0.322364	0.0780186	0.943395
-0.0112712	-0.0923666	0.995661
0.338632	0.148194	0.929175
0.0748144	0.087274	0.993371
0.501415	0.0490437	0.863816
0.0411714	-0.487936	0.871908
0.259557	-0.384013	0.886095
0.258169	0.193462	0.946531
-0.00264106	0.00574103	0.99998
-0.0950522	0.170777	0.980714
-0.057839	-0.310958	0.948662
0.678473	-0.147706	0.719623
-0.191613	-0.32146	0.927334
0.411803	0.0325092	0.910693
0.0918291	-0.137443	0.986244
0.279975	0.326652	0.902725
0.456066	-0.169731	0.873611
-0.172849	-0.00237641	0.984946
-0.198195	-0.0200308	0.979958
0.144206	-0.353147	0.924387
-0.0619627	-0.11611	0.991302
0.291799	-0.231589	0.928019
0.0125334	-0.25018	0.968118
0.104356	-0.223678	0.96906
-0.151187	-0.531046	0.833746
-0.362745	-0.0966666	0.926861
-0.0771341	-0.803295	0.590566
-0.115582	0.376148	0.919322
0.0708563	-0.05566	0.995932
-0.338341	-0.478263	0.810426
0.105672	0.113053	0.987954
0.232322	-0.0290262	0.972206
0.221912	0.0332329	0.9745
0.439052	-0.254124	0.861774
0.368851	0.140045	0.918878
0.286408	0.234425	0.928986
0.393401	-0.270913	0.878545
0.120277	0.36526	0.923103
0.42201	-0.136686	0.896228
0.241209	-0.120064	0.963018
0.444836	-0.0895037	0.891129
0.211777	-0.16596	0.963124
0.4364	-0.44585	0.781519
0.126935	-0.304044	0.944163
0.334202	0.40448	0.851296
-0.00713538	-0.128299	0.99171
0.120108	-0.0771157	0.989761
0.353545	-0.118516	0.927879
0.226335	0.020008	0.973844
0.190946	-0.0479439	0.980429
-0.0792167	-0.141641	0.986743
0.260583	0.077737	0.962317
0.0789027	-0.10237	0.991612
-0.039773	-0.142059	0.989059
0.151708	-0.384242	0.910682
-0.0504846	0.157573	0.986216
0.332738	-0.224845	0.915822
0.247867	0.327295	0.911833
0.0636258	0.147799	0.986969
0.0378899	0.310242	0.949902
-0.102287	-0.235891	0.966381
0.23831	0.28595	0.928138
0.131766	0.00836684	0.991246
0.132993	-0.0354726	0.990482
0.0265428	0.085554	0.99598
-0.318891	-0.0537574	0.946266
0.226181	-0.0732632	0.971326
0.123491	0.0472184	0.991222
-0.117687	-0.334735	0.934934
0.265275	-0.00684486	0.964149
-0.279855	0.0767481	0.95697
0.115658	0.0752312	0.990436
-0.0743418	0.101536	0.99205
-0.0840087	-0.3232	0.942594
0.0342469	-0.00902088	0.999373
-0.069965	-0.0591947	0.995792
-0.14846	0.184668	0.971523
0.216743	-0.442529	0.870167
-0.294258	-0.086004	0.951849
0.184975	-0.29765	0.936583
0.203906	-0.0633916	0.976936
0.279551	-0.248248	0.927483
0.13007	0.3757	0.917568
0.406714	-0.322989	0.854554
0.372	-0.391695	0.841541
-0.202883	-0.296261	0.93331
0.56469	-0.175286	0.806474
0.351275	-0.365665	0.861913
0.0396169	-0.225445	0.97345
-0.0840595	-0.157402	0.98395
0.07544	0.582489	0.80933
0.217284	-0.366733	0.904596
0.328787	-0.159339	0.930865
0.445104	0.173653	0.87848
0.443364	-0.0803619	0.892732
0.566388	-0.284817	0.773358
-0.0903679	0.017776	0.99575
0.0618984	0.0425158	0.997177
0.204875	0.00727845	0.978761
0.360268	-0.0502783	0.931493
0.273455	-0.135424	0.952304
0.603215	0.0352226	0.796801
0.114577	-0.239318	0.964157
0.0410285	-0.188508	0.981214
0.0999158	0.38019	0.919496
-0.11325	-0.229593	0.966676
0.106403	-0.160555	0.981275
0.0203736	-0.179113	0.983618
0.344206	-0.0415489	0.937974
-0.0180339	-0.207383	0.978094
0.376574	-0.38754	0.84143
0.19498	-0.107934	0.97485
-0.0535312	0.491285	0.869353
0.169086	-0.161059	0.972353
-0.0895012	0.0221706	0.99574
0.392619	0.0557885	0.918008
-0.226181	0.122653	0.966332
-0.224484	0.195003	0.954767
0.03043	-0.238946	0.970556
0.0289447	0.48389	0.87465
0.0940119	0.143534	0.98517
0.0969758	0.350532	0.931517
0.121316	-0.355403	0.926807
0.00876433	0.402949	0.915181
-0.075218	0.264737	0.961383
0.249755	0.134162	0.95897
-0.143785	0.336267	0.930726
0.21955	0.120016	0.968191
0.322086	0.0999506	0.94142
0.229341	-0.126568	0.965082
-0.141481	0.0734912	0.987209
0.241751	-0.0176044	0.970179
0.0174113	-0.249711	0.968164
0.243178	-0.000210639	0.969982
0.0830859	0.132575	0.987684
-0.238944	-0.209857	0.948085
0.283253	0.274164	0.919022
-0.0149367	0.0932758	0.995528
-0.292422	-0.293692	0.910074
0.148264	-0.038871	0.988184
0.164198	0.0955836	0.981786
-0.234862	0.320342	0.917726
0.339704	-0.682767	0.646862
0.318841	-0.0221248	0.94755
0.193706	0.0439397	0.980075
0.150927	0.262888	0.952949
0.128866	-0.00315071	0.991657
0.270809	0.0198081	0.962429
0.178306	-0.135689	0.974575
0.528683	-0.219905	0.819839
0.500628	-0.109141	0.858755
0.568283	0.0988668	0.816872
0.084003	0.485649	0.870108
0.1428	-0.151465	0.978093
-0.0128077	-0.0148941	0.999807
0.334111	0.138497	0.932303
0.167049	-0.133218	0.976907
0.0561895	0.203142	0.977536
0.589916	-0.422146	0.688326
0.0952919	0.106234	0.989764
0.210531	-0.255421	0.94363
0.0423482	-0.235646	0.970916
0.225968	-0.0384111	0.973377
-0.0286149	-0.292606	0.955805
0.0577819	0.0224903	0.998076
-0.0076875	-0.29218	0.956332
-0.0232018	-0.212854	0.976808
0.192656	-0.246529	0.949793
0.179135	0.0554429	0.982261
-0.0248817	-0.152736	0.987954
0.188761	0.117056	0.975022
0.441778	-0.433929	0.785199
0.318089	-0.507801	0.800598
-0.133622	-0.367057	0.920551
-0.166732	-0.348407	0.922395
-0.427332	0.246513	0.869838
0.328269	-0.224564	0.917502
-0.0838105	-0.113328	0.990016
0.164531	0.00620574	0.986352
0.416794	-0.0723552	0.906117
-0.176461	0.244702	0.953406
0.365307	0.467832	0.804788
-0.0749383	-0.0166247	0.99705
-0.158002	-0.203497	0.966243
0.225364	-0.396058	0.89014
-0.424302	0.172387	0.88896
0.250453	-0.178992	0.951438
-0.00021497	-0.257353	0.966317
0.0804417	-0.419044	0.904396
0.230901	-0.118982	0.965675
0.122092	-0.215905	0.968751
0.69	0.0368001	0.722873
-0.301565	0.0357277	0.952776
0.0760691	0.0115468	0.997036
-0.460769	0.084005	0.883536
0.376096	0.0722345	0.923761
0.371935	-0.0275644	0.927849
0.270518	-0.530614	0.803286
0.278008	0.283528	0.917782
-0.0502009	-0.107694	0.992916
0.0812209	0.266941	0.960284
0.304517	0.411322	0.859118
-0.00100959	-0.0765662	0.997064
0.383716	-0.359798	0.850475
0.362452	-0.00258682	0.931999
0.26465	-0.0888596	0.960242
0.0807888	-0.370346	0.925374
-0.111824	0.192726	0.97486
0.13977	0.15133	0.978552
0.2447	-0.394395	0.885762
0.768989	-0.193656	0.609223
0.0542728	0.287827	0.956143
-0.115282	-0.343	0.932235
-0.261597	0.087992	0.961158
0.1729	-0.0144067	0.984834
0.0179886	-0.186588	0.982274
0.057667	-0.166554	0.984345
0.00286262	0.300364	0.95382
-0.157719	-0.0942115	0.98298
-0.380827	0.105469	0.918611
-0.332964	-0.524074	0.783889
0.105353	-0.0751872	0.991588
0.298974	-0.393624	0.869295
0.586211	-0.469331	0.660367
-0.24645	0.0323197	0.968616
-0.0890829	-0.0354492	0.995393
-0.434761	-0.103023	0.894634
0.397268	0.390936	0.830269
0.510569	0.0107345	0.85977
-0.128059	-0.411913	0.90218
0.356993	0.0692006	0.93154
-0.105756	0.0537064	0.992941
-0.180684	-0.117376	0.976512
0.122742	0.125363	0.984489
0.318855	0.332533	0.887554
-0.130526	0.00150316	0.991444
-0.0466873	-0.196767	0.979338
0.0214115	-0.185072	0.982492
0.203287	-0.464881	0.861719
-0.241435	-0.0722328	0.967725
-0.0646983	-0.0850857	0.994271
0.357895	-0.194258	0.913332
0.0420519	-0.0180407	0.998953
0.327575	0.142795	0.933972
0.279818	-0.228616	0.932436
-0.0254711	0.122307	0.992165
0.275461	-0.440765	0.854311
0.0856477	0.0302908	0.995865
0.212547	-0.0986575	0.972158
0.025992	-0.342807	0.939046
0.247748	-0.113976	0.962097
0.159574	-0.432597	0.887353
0.0935497	0.00797126	0.995583
-0.102234	0.314709	0.943667
0.290278	0.193732	0.937127
-0.19986	-0.348454	0.915771
0.0254871	0.378647	0.92519
-0.0666837	-0.0801662	0.994548
0.350046	0.077338	0.933534
0.156441	-0.23387	0.959599
0.304267	-0.410105	0.859788
0.435779	-0.0915684	0.895384
0.166581	0.0864845	0.982228
-0.201555	0.0984008	0.974522
0.198129	-0.0876752	0.976247
0.730925	-0.434868	0.525965
0.369453	0.0369247	0.928515
0.604427	0.267331	0.750468
0.220239	-0.0718506	0.972796
0.0258768	-0.0616713	0.997761
0.203627	-0.173956	0.96347
0.0955883	-0.323202	0.94149
0.306414	0.0556385	0.950271
-0.623275	-0.0449623	0.780709
0.402969	-0.319015	0.857814
0.316253	0.219474	0.922939
0.299883	-0.251813	0.920142
0.109668	-0.231326	0.966675
0.198369	-0.587724	0.784366
0.122879	-0.302099	0.945324
-0.00981469	-0.0984567	0.995093
0.0923156	-0.192075	0.977029
-0.221853	-0.0890538	0.971005
-0.0948531	0.1031	0.990138
0.208364	0.0777739	0.974954
0.359528	-0.12546	0.924662
0.467121	-0.347437	0.813072
-0.0451583	-0.387338	0.920831
-0.0825786	0.152713	0.984814
0.196201	0.167649	0.966126
-0.142438	0.238484	0.960644
0.256451	0.341432	0.904244
0.292346	0.182421	0.938753
0.096502	-0.10452	0.98983
-0.406173	-0.270203	0.872934
-0.125388	-0.308619	0.942885
-0.14211	-0.303983	0.942019
-0.133568	-0.26979	0.95361
-0.112441	-0.124434	0.985836
-0.329324	0.108084	0.93801
0.502235	0.386724	0.773437
0.162163	0.226235	0.960479
-0.601151	-0.0751308	0.795596
-0.161032	-0.215798	0.963068
0.190275	-0.25216	0.948794
-0.225441	0.138045	0.964427
0.422769	-0.0159245	0.906098
-0.261686	-0.355851	0.897157
0.143435	-0.271869	0.951585
-0.0642004	0.0741588	0.995178
-0.157642	0.442643	0.882732
-0.142474	-0.269083	0.952521
0.485544	0.133221	0.864002
0.284687	0.00740712	0.958592
0.0458828	-0.0859097	0.995246
-0.102892	-0.0332621	0.994136
-0.246444	0.327515	0.91214
-0.289044	-0.00864424	0.957277
0.253359	-0.475001	0.842724
0.0795042	-0.217146	0.972896
-0.316815	-0.378711	0.869601
0.328068	0.457325	0.826574
-0.0991912	-0.396366	0.912719
0.60305	-0.048284	0.796241
0.40081	-0.289075	0.86936
0.28503	-0.189654	0.939568
0.331109	-0.290648	0.897714
0.553709	0.0719446	0.829596
0.162707	0.018218	0.986506
0.0185715	-0.21753	0.975877
0.439036	0.0852977	0.894411
0.0400658	0.0582392	0.997498
-0.049895	0.0856317	0.995077
0.283301	0.230367	0.930952
-0.00626695	0.360829	0.932611
0.0855862	-0.0624748	0.99437
0.428279	-0.0767041	0.900385
0.64165	0.268939	0.718301
-0.229695	-0.00506779	0.97325
0.157072	-0.393418	0.905843
0.231351	-0.157924	0.959967
0.188721	-0.251924	0.949167
0.141401	-0.225518	0.963923
0.540534	-0.244763	0.804931
0.0503036	0.3706	0.927429
-0.25682	-0.445015	0.857907
-0.206464	0.0994653	0.973385
0.20617	-0.321551	0.924175
0.159235	-0.472325	0.866922
0.48738	0.0783474	0.869668
0.178478	-0.134638	0.974689
0.450618	0.511601	0.731579
-0.154412	0.251929	0.955348
-0.0897892	0.0208108	0.995743
0.24219	0.2002	0.949349
0.118849	-0.109702	0.986834
0.101181	0.400921	0.910508
-0.18272	0.292818	0.938547
0.439503	-0.628352	0.641881
-0.033422	-0.19131	0.980961
-0.112524	-0.377901	0.918983
0.255179	-0.25892	0.931582
0.159255	-0.306144	0.93857
0.176119	-0.00203355	0.984367
-0.153557	-0.341129	0.92739
0.414219	-0.255614	0.873547
0.243649	-0.160268	0.95653
0.10742	-0.123406	0.986525
0.025189	-0.0143142	0.99958
-0.297383	-0.230833	0.926434
0.0768702	-0.114569	0.990437
-0.392176	-0.710083	0.584791
0.232688	-0.10264	0.96712
-0.285432	-0.118328	0.951066
0.410737	-0.290408	0.864268
0.0405721	-0.436501	0.898788
0.153747	-0.210275	0.965477
0.325965	-0.189043	0.926288
-0.0675942	-0.00696752	0.997689
-0.124515	-0.454029	0.882244
0.310685	-0.53414	0.786237
0.346023	-0.292489	0.89147
0.0276511	-0.331074	0.9432
0.261711	-0.30739	0.914887
-0.160124	-0.280474	0.946411
-0.0690257	0.120242	0.990342
0.0287124	0.0126033	0.999508
0.412833	-0.479853	0.774151
0.542023	-0.153968	0.826139
0.344285	-0.180718	0.921308
0.160432	-0.179234	0.970637
0.701771	-0.0880742	0.706937
-0.110695	0.0653176	0.991706
0.410658	-0.0038323	0.911782
0.404824	-0.619239	0.672801
0.309138	-0.167486	0.936153
-0.246295	0.0124261	0.969115
-0.0993357	-0.209575	0.972734
0.462971	-0.405312	0.788277
0.601979	-0.5489	0.57994
-0.215427	0.138175	0.966695
0.298934	-0.393047	0.86957
0.322524	-0.183681	0.928569
0.12545	-0.0931873	0.987714
0.323418	-0.295736	0.898856
0.244742	0.100607	0.964355
0.444337	0.277511	0.851794
0.213855	0.196515	0.956895
0.444313	0.242344	0.862471
0.114635	0.101321	0.988227
0.0390202	0.162648	0.985912
0.241877	-0.443502	0.863019
0.263322	-0.263868	0.92792
-0.00841908	0.3366	0.94161
-0.236953	0.198048	0.95112
-0.224455	-0.212644	0.951001
0.0302418	-0.219904	0.975053
0.157233	-0.645572	0.747339
0.0843883	-0.184528	0.979198
-0.153787	0.0185134	0.987931
0.265295	0.0812492	0.960738
-0.158783	-0.274518	0.948382
0.0364339	-0.256788	0.965781
-0.056134	-0.147676	0.987442
-0.287337	-0.0528628	0.95637
0.0267196	-0.180402	0.98323
0.0105618	-0.390828	0.920403
0.283686	-0.247049	0.926547
0.226776	-0.189982	0.955238
-0.340655	-0.477435	0.809945
0.351187	-0.403224	0.845031
0.320106	-0.0144451	0.947272
0.229476	0.042401	0.97239
0.417583	-0.671173	0.612495
0.372594	-0.497013	0.783678
-0.153921	-0.413755	0.897282
0.172522	-0.112524	0.978557
0.0712678	-0.318072	0.945384
-0.255889	-0.14583	0.955644
0.336786	-0.0313924	0.941058
0.0360694	0.122449	0.991819
0.333585	0.314153	0.888836
0.668678	-0.510409	0.540696
0.235258	0.275683	0.932016
0.0207656	-0.403201	0.914876
0.145371	0.334803	0.931007
0.26193	0.193028	0.945586
-0.0446743	-0.213043	0.976021
0.245143	0.37099	0.895696
0.441703	-0.281811	0.851752
-0.260058	0.0460844	0.964493
0.106881	-0.0360676	0.993617
-0.00765503	0.258096	0.966089
-0.224774	0.202992	0.953032
0.267119	-0.192374	0.944267
-0.141455	0.311861	0.939539
0.141088	0.12966	0.98147
0.247197	-0.0424077	0.968037
0.347904	-0.375478	0.859057
0.555957	-0.0981973	0.82539
-0.248961	0.331924	0.90986
0.0632344	0.032879	0.997457
0.140208	0.173557	0.974792
-0.0104948	-0.533466	0.845756
0.567366	0.430538	0.701949
0.275283	-0.139672	0.951163
0.522207	-0.219411	0.824111
0.265586	-0.177435	0.947618
-0.210118	0.0868081	0.973815
-0.074147	-0.65237	0.754265
0.0291716	-0.0863859	0.995835
0.232656	0.117621	0.96542
-0.0335519	-0.051944	0.998086
0.288595	0.00131669	0.95745
0.0851936	-0.0297815	0.995919
0.00206009	-0.291875	0.956454
0.387244	-0.160052	0.907979
-0.00529073	0.0012141	0.999985
0.0516265	-0.0284411	0.998261
0.0506013	-0.24847	0.967317
0.332086	-0.188266	0.92427
0.324335	-0.10413	0.940193
0.151319	0.129096	0.980019
0.606001	0.246554	0.75629
0.311843	-0.00706889	0.950107
-0.193773	0.435397	0.879137
-0.0136105	0.0464214	0.998829
0.520087	0.22015	0.825253
0.524884	-0.174597	0.833074
0.504874	0.217457	0.835353
0.364135	-0.0313567	0.930818
0.280582	-0.274728	0.919673
-0.213601	0.377586	0.901002
-0.0108874	-0.161604	0.986796
0.406264	0.239762	0.881739
0.598558	-0.254029	0.759735
0.151501	-0.376291	0.914031
0.322688	0.262762	0.909301
0.135137	-0.0115363	0.99076
-0.109586	-0.187865	0.976062
0.140823	0.136072	0.980639
0.527266	0.0644684	0.847251
-0.16807	-0.0280315	0.985376
0.144241	0.196722	0.969791
0.737005	-0.186721	0.649583
0.47138	0.264395	0.841365
0.0421356	-0.175001	0.983666
0.235412	0.334083	0.912672
0.0957834	0.13254	0.986539
0.19609	0.0856639	0.976837
0.0832316	0.143803	0.9861
0.237107	0.0944215	0.966884
0.106068	0.164398	0.980675
0.768476	-0.103296	0.631486
0.467283	0.257545	0.845764
0.263775	0.340568	0.902461
-0.0694206	0.0127251	0.997506
-0.0225292	-0.0597771	0.997957
0.434875	0.201415	0.877676
0.354386	-0.212273	0.910687
0.505267	0.0723198	0.859928
0.569698	-0.0563763	0.819918
0.544445	0.256861	0.7985
0.140945	0.335765	0.931341
0.148742	0.0584936	0.987144
-0.0768675	0.101636	0.991847
0.313103	0.336942	0.88794
0.166534	-0.0484737	0.984843
0.235465	-0.0815976	0.968451
0.143596	-0.461635	0.875371
0.302741	0.022831	0.952799
0.112447	0.176929	0.977779
0.000270937	0.243776	0.969831
0.00339248	-0.111068	0.993807
-0.359053	0.435368	0.825552
-0.123158	-0.317842	0.940111
0.177794	-0.639798	0.747695
0.0249458	0.226849	0.97361
-0.618486	-0.079366	0.781778
0.168685	-0.230345	0.958377
0.120537	-0.023772	0.992424
0.0458237	0.297477	0.953629
-0.135192	0.0982733	0.985934
0.560665	-0.102985	0.821614
-0.167089	0.18927	0.967604
-0.0675146	0.00703582	0.997693
0.137008	-0.347254	0.927709
0.406648	-0.339736	0.848066
0.17754	0.0111198	0.984051
-0.059019	0.370994	0.926758
0.328252	0.197615	0.923688
0.423025	-0.217053	0.879738
0.0170436	0.101793	0.99466
0.43688	0.115651	0.892054
-0.0650514	-0.119415	0.990711
0.0648629	-0.343685	0.936842
0.271083	0.010597	0.962498
0.540652	-0.292938	0.788595
0.327418	0.0689604	0.94236
0.439783	0.0238131	0.897788
0.139101	-0.16558	0.976337
0.108082	-0.0911959	0.98995
0.231168	-0.130938	0.964063
0.257038	-0.0422601	0.965477
0.426122	-0.363054	0.82862
0.145899	0.0334963	0.988732
0.37004	-0.302999	0.878215
0.727471	0.32355	0.605063
0.0801667	0.0143479	0.996678
0.261549	-0.0827192	0.961639
-0.188455	-0.273612	0.943197
0.300548	0.0562932	0.952104
0.332735	0.180674	0.925551
0.140539	-0.531994	0.835003
0.508772	-0.269446	0.817649
0.00754319	-0.155373	0.987827
0.232519	0.609314	0.758071
0.331664	0.490818	0.805665
0.442516	0.3786	0.812922
0.536653	0.41394	0.735294
0.393651	-0.529891	0.751169
0.24538	-0.240743	0.939059
0.213998	0.326947	0.920495
-0.00153121	0.335065	0.942194
-0.199154	0.44207	0.874593
0.274478	0.365593	0.889384
0.207201	-0.314097	0.926505
0.194615	0.0161677	0.980746
-0.104424	0.0205232	0.994321
-0.313123	0.0931814	0.94513
-0.0707501	0.247855	0.96621
0.5159	0.00218473	0.856646
-0.128266	0.375457	0.917921
0.158015	0.201287	0.966703
-0.0596791	0.275959	0.959315
0.337464	0.112955	0.934537
0.0844276	-0.0161368	0.996299
0.03058	-0.0412118	0.998682
0.396317	-0.534919	0.746186
0.210126	0.00814556	0.97764
-0.0443389	0.0335129	0.998454
-0.180561	-0.0107817	0.983505
-0.0752013	-0.17685	0.981361
-0.00356276	-0.0728391	0.997337
0.431616	0.0312331	0.901517
0.438968	-0.221192	0.870851
-0.129863	-0.288647	0.948588
0.115064	-0.0539444	0.991892
0.440217	-0.221206	0.870216
0.203436	-0.490094	0.847598
0.443904	-0.194288	0.874758
0.333262	-0.248777	0.909421
0.144847	0.049202	0.98823
0.311272	0.233888	0.92109
-0.0621938	-0.0408327	0.997228
-0.179576	-0.170743	0.968813
0.0921672	-0.273799	0.957361
0.347211	-0.249458	0.904
0.207847	-0.13384	0.968961
0.187698	0.254138	0.94878
0.343736	-0.326794	0.88037
0.171898	-0.145555	0.974302
0.771613	-0.0473582	0.634327
0.430025	-0.179872	0.884718
-0.219954	-0.022153	0.975259
0.24017	0.172783	0.95523
0.172075	-0.134219	0.975897
0.657227	-0.323172	0.680891
0.489577	-0.107275	0.865336
0.291505	0.0370406	0.955852
0.189908	-0.251015	0.949171
0.125847	-0.013599	0.991956
0.0308849	0.309891	0.95027
0.613766	-0.0776588	0.785659
0.172959	-0.214862	0.961207
0.244082	-0.144194	0.958975
0.506308	-0.197069	0.839533
0.621823	-0.326014	0.712075
0.447994	-0.220603	0.866392
-0.155219	0.251603	0.955303
0.214655	0.0424018	0.975769
-0.0107528	0.0040471	0.999934
-0.0731698	-0.241179	0.967718
0.340012	-0.0474555	0.939223
-0.0651407	0.183006	0.980951
-0.143234	-0.273983	0.951009
0.433863	0.301616	0.848994
0.565853	0.179387	0.804755
-0.00119091	0.107215	0.994235
-0.410267	0.155415	0.898625
-0.253189	0.0123535	0.967338
-0.181736	-0.261788	0.94786
-0.137732	0.23943	0.961095
0.529158	-0.116435	0.840497
0.654582	0.375577	0.656098
0.272431	-0.0353273	0.961527
0.240743	0.227273	0.943605
-0.328384	-0.00308978	0.944539
0.219722	-0.38357	0.896993
0.374355	0.351345	0.858146
0.263663	0.0971122	0.959714
0.14844	-0.195396	0.969426
0.0824813	-0.193131	0.9777
0.656533	-0.0858607	0.749394
-0.106603	0.36509	0.924849
0.579695	-0.17555	0.795698
0.333151	-0.00747003	0.942844
0.0286801	0.183777	0.98255
-0.156884	0.133968	0.978489
0.267063	-0.0103979	0.963623
0.312623	0.26997	0.910705
0.0960092	0.160235	0.982399
0.145117	-0.220448	0.964543
-0.0498342	0.137132	0.989298
-0.301903	-0.00830172	0.953302
0.189036	0.155066	0.969649
-0.10389	0.160245	0.981595
-0.314443	-0.151154	0.937165
-0.126906	0.0686997	0.989533
0.182116	0.0133138	0.983187
0.519761	-0.334466	0.786117
0.208887	-0.179778	0.961273
0.289559	0.061848	0.95516
0.106819	-0.34679	0.93184
-0.212212	-0.183502	0.95984
0.473981	-0.0535585	0.878905
0.0657703	-0.720213	0.690628
-0.0930333	-0.223163	0.970331
-0.131513	-0.25141	0.958904
0.302311	-0.0423444	0.952268
0.492789	-0.180833	0.851151
0.182641	-0.289971	0.939446
0.662522	-0.171094	0.72924
0.203078	-0.336587	0.919494
0.0276612	-0.00792782	0.999586
0.261328	-0.245786	0.933433
0.141543	0.00487018	0.98992
0.347021	-0.141471	0.927126
0.526866	0.406061	0.746677
0.013853	-0.257866	0.966081
-0.00506317	0.00881311	0.999948
0.102197	0.0050661	0.994751
-0.0348288	-0.263186	0.964116
-0.544795	-0.136303	0.827417
0.0751645	-0.115725	0.990433
0.451744	-0.0123872	0.892062
0.227664	-0.0567888	0.972082
0.42472	-0.0751837	0.902197
0.438418	0.450048	0.777976
-0.346896	-0.0937557	0.933206
-0.0754327	-0.223664	0.971743
-0.0575959	-0.391473	0.918385
0.0626501	-0.285659	0.956281
0.195263	-0.0386924	0.979987
0.22376	0.147069	0.963484
0.333234	0.331271	0.882731
-0.191965	-0.269884	0.943564
0.22995	0.294613	0.927538
0.413226	0.349941	0.840706
0.163065	-0.28706	0.943931
-0.0246113	-0.232119	0.972376
0.216952	-0.113069	0.969612
0.137087	0.328426	0.934528
0.275144	0.141372	0.950952
0.0978897	-0.351067	0.931219
0.22543	-0.256016	0.94002
0.106987	0.027811	0.993871
-0.0991283	-0.306845	0.946583
0.0170513	0.130267	0.991332
0.229618	0.0898043	0.969129
0.16185	0.12461	0.978916
0.331317	0.200415	0.921989
0.343472	0.139435	0.928754
0.055119	-0.114227	0.991924
-0.0443168	0.130417	0.990468
-0.0613558	-0.247299	0.966995
0.288338	-0.188914	0.938708
0.0975998	0.344967	0.933527
-0.392106	0.0479	0.918672
-0.0473348	-0.428794	0.902161
0.327069	0.194565	0.924754
-0.0334959	0.189832	0.981245
0.262089	-0.131928	0.955983
0.0832845	-0.360611	0.92899
0.329425	-0.362811	0.871692
0.468271	-0.0770691	0.880217
0.4081	-0.528605	0.744333
0.280876	-0.24252	0.928597
0.144607	0.081345	0.98614
-0.189447	0.208286	0.959545
-0.137356	-0.0076338	0.990492
-0.0322297	0.219295	0.975126
0.661667	0.205535	0.721077
0.386388	-0.267896	0.882574
0.422224	-0.0303806	0.905982
0.608202	-0.344239	0.715255
0.36634	0.153436	0.917743
0.0908699	-0.255091	0.962638
0.533863	-0.105031	0.839023
0.261718	-0.521544	0.812094
0.338368	0.122343	0.933027
0.369748	-0.0336636	0.928522
0.107796	0.00166272	0.994172
0.1742	0.665593	0.7257
-0.329125	-0.437627	0.836756
-0.162009	0.166403	0.972658
0.00108986	-0.350509	0.936559
-0.108854	-0.0141343	0.993957
0.412371	-0.344357	0.843427
0.243057	0.087891	0.966022
0.172619	-0.111304	0.97868
0.0588263	0.210636	0.975793
0.0133391	-0.72817	0.685267
-0.420086	0.228563	0.878229
-0.102141	0.0257083	0.994438
0.359815	-0.191574	0.913144
-0.211824	-0.0551049	0.975753
-0.384925	0.153861	0.910033
-0.269464	-0.382303	0.883874
-0.126436	0.323602	0.937708
-0.219694	-0.14431	0.964836
0.257044	0.0417048	0.965499
-0.108968	0.372088	0.921779
0.088046	-0.126257	0.988083
0.351105	0.211599	0.912113
0.164214	-0.0710681	0.983861
0.135412	-0.182052	0.97392
-0.109168	-0.274191	0.955459
0.223119	0.0436064	0.973815
-0.382644	-0.0928557	0.919218
-0.181983	0.125279	0.975288
0.0543133	0.0482178	0.997359
-0.363398	0.112321	0.924838
0.0698682	-0.0942492	0.993094
-0.258264	-0.0673478	0.963724
0.268629	0.0411041	0.962366
0.405008	0.0412258	0.913383
-0.540491	0.0733084	0.83815
0.270167	-0.148251	0.951332
0.318278	-0.309446	0.896071
0.0784679	-0.65521	0.75136
0.246355	-0.219206	0.944064
-0.0156709	-0.312895	0.949659
-0.192565	-0.00949532	0.981238
-0.0212887	-0.0152503	0.999657
0.347549	-0.299471	0.888553
0.576522	-0.146133	0.803908
0.341792	-0.171147	0.92406
0.293132	-0.470345	0.832376
0.170893	-0.0993255	0.98027
-0.0543474	-0.170359	0.983882
-0.0846613	-0.0334345	0.995849
0.0679175	-0.583288	0.809421
0.0447097	-0.132216	0.990212
0.391575	-0.457161	0.798544
0.160999	-0.335272	0.928263
-0.110072	0.245285	0.963182
-0.214272	-0.300177	0.929506
-0.326652	0.245019	0.912833
-0.351033	-0.274403	0.895254
0.273398	-0.380169	0.883587
0.0309965	-0.357122	0.933543
-0.0840731	0.0994513	0.991484
-0.204116	-0.0692293	0.976496
0.0746404	-0.488253	0.869505
0.164692	0.379405	0.910455
-0.213157	-0.321085	0.922751
0.258556	0.165186	0.951768
-0.0348802	-0.331637	0.942762
0.0749654	-0.093182	0.992823
0.349898	-0.62205	0.700447
-0.111938	-0.269544	0.95646
0.280761	-0.150678	0.947876
-0.063035	0.313939	0.947348
0.222908	0.221671	0.949302
-0.0835408	0.132844	0.98761
0.37125	-0.0985387	0.923289
-0.319067	-0.227586	0.92
0.379676	-0.085044	0.921202
0.160146	0.385723	0.90861
-0.112867	-0.120887	0.986229
-0.0774894	-0.0164785	0.996857
-0.0667297	-0.160231	0.984821
-0.22599	0.331319	0.916055
0.317871	0.188783	0.92915
0.0654738	-0.0342961	0.997265
0.305198	0.0953727	0.947501
-0.15191	0.222808	0.962954
0.0379719	0.418529	0.907409
0.0443717	0.0755345	0.996155
0.372498	0.115144	0.920862
0.0287728	-0.0110225	0.999525
0.562537	0.219812	0.797016
0.307353	-0.0273724	0.951202
-0.304185	-0.248873	0.919529
0.552795	-0.00708897	0.833287
-0.401412	-0.267747	0.875888
0.0238693	0.498114	0.866783
-0.0766911	0.408648	0.909464
0.255732	0.067456	0.964392
0.166295	0.293553	0.941368
-0.0830675	0.123599	0.988849
0.221325	-0.315547	0.922738
0.311649	0.0272474	0.949807
0.26013	0.406932	0.875636
0.240393	-0.184426	0.952994
0.277458	-0.382183	0.881449
0.403718	0.447432	0.798008
0.389161	-0.243013	0.888537
-0.10653	-0.453416	0.88491
0.518821	0.213246	0.827859
0.259579	-0.227264	0.9386
0.0790991	-0.0355056	0.996234
0.190436	-0.123894	0.97385
0.0142212	-0.195691	0.980562
0.476882	-0.270473	0.836318
0.291595	-0.0539725	0.955018
0.310266	0.20149	0.929052
0.112039	-0.366155	0.923784
0.407333	-0.396253	0.822838
0.532847	-0.172241	0.828497
-0.435468	-0.0164936	0.900053
0.0943403	-0.0896066	0.991499
0.443703	-0.126172	0.887248
0.314624	-0.506974	0.802489
0.290081	0.247371	0.924478
0.0132404	-0.560279	0.828198
0.549508	-0.496753	0.671772
-0.0730576	0.0113609	0.997263
0.345291	0.1367	0.928487
0.578913	0.202623	0.789812
-0.146404	0.129127	0.980761
-0.0557521	-0.250336	0.966552
-0.204043	0.317716	0.925971
0.0694196	-0.50756	0.858815
0.0205404	-0.0516728	0.998453
-0.355924	0.0608371	0.932533
0.0695997	-0.234065	0.969726
-0.0826663	-0.108544	0.990649
0.316198	-0.503363	0.804142
-0.0408207	0.340605	0.93932
-0.251942	-0.359601	0.89845
0.225424	0.119369	0.96692
0.0746857	-0.293099	0.95316
-0.193064	0.043634	0.980215
-0.0142221	-0.275362	0.961236
0.263362	0.428299	0.864408
-0.0214583	0.276348	0.960818
0.0724165	-0.381836	0.921389
0.195898	-0.130242	0.971937
-0.0565516	0.235886	0.970134
0.343279	-0.175811	0.922632
-0.206381	0.170048	0.963582
-0.137258	-0.229189	0.963656
-0.200186	0.538005	0.818826
0.0278924	-0.552425	0.833096
0.225501	-0.12526	0.966157
0.101261	0.139608	0.985016
-0.0294998	-0.0565768	0.997962
-0.280088	0.106455	0.954054
-0.151332	0.0140334	0.988383
0.395649	-0.15885	0.90456
0.329464	-0.208724	0.920808
-0.0802306	-0.134038	0.987723
0.690499	0.036063	0.722434
0.0356332	-0.102336	0.994111
0.41041	-0.0113858	0.91183
0.269173	0.351753	0.896558
0.0894594	0.168142	0.981695
0.0308705	-0.204158	0.978451
0.0363113	0.085362	0.995688
-0.318753	-0.333785	0.887121
0.325874	0.0791767	0.942092
-0.318179	-0.0362221	0.947338
0.0714118	0.288462	0.954825
0.0751302	0.127649	0.98897
0.0781834	-0.00137578	0.996938
0.154943	0.0446375	0.986914
-0.291615	-0.435385	0.851705
0.203129	-0.231807	0.951317
0.0504979	0.264827	0.962973
-0.192618	0.128324	0.972847
0.254145	-0.276047	0.926935
0.102311	0.228444	0.968166
0.464845	-0.14038	0.874193
0.459511	-0.16075	0.873504
0.120056	-0.190941	0.974232
-0.148834	0.461573	0.874528
0.11195	-0.258961	0.959378
0.118759	0.325678	0.937993
0.423587	0.11572	0.898434
0.117353	-0.192595	0.974236
0.42704	0.0550943	0.902553
0.139057	-0.142567	0.979968
-0.121564	0.278404	0.95274
0.3104	-0.122368	0.942697
-0.321099	-0.2373	0.916834
0.404182	0.179744	0.896844
-0.118883	0.0984725	0.988013
-0.0565089	0.13651	0.989026
-0.0483726	0.0488228	0.997635
-0.0726883	0.0851581	0.993712
0.292876	0.150571	0.94422
-0.0414009	-0.0840766	0.995599
0.0235493	0.207082	0.97804
0.2443	-0.0228278	0.969431
0.318376	-0.500829	0.804865
0.466418	-0.0474988	0.883288
0.0809211	-0.057726	0.995047
-0.192203	-0.182433	0.964249
0.0558448	0.0799465	0.995234
-0.109137	-0.053077	0.992609
0.00892916	0.134674	0.99085
-0.0500832	0.145598	0.988075
-0.0766733	0.0463333	0.995979
0.255972	-0.238388	0.936829
-0.0531084	-0.0922416	0.994319
0.207565	0.280265	0.937213
-0.0493177	-0.0997353	0.993791
0.144005	-0.0141957	0.989475
0.465435	-0.395937	0.791584
0.386236	0.532035	0.753499
0.307168	-0.221613	0.925492
-0.146923	-0.206993	0.967247
0.416075	-0.14941	0.896972
0.323718	-0.173646	0.930083
0.383849	0.0482393	0.922135
0.444544	-0.152306	0.882714
0.165896	0.206457	0.964289
0.117294	0.0902215	0.988991
0.387202	-0.247764	0.888081
0.11191	-0.0429025	0.992792
0.274004	-0.228209	0.93426
-0.25295	-0.199899	0.946603
-0.0843245	0.037025	0.99575
0.172922	-0.026937	0.984567
0.135939	0.0442565	0.989728
0.117362	0.129185	0.984651
0.0557206	-0.371004	0.926958
0.105166	-0.230694	0.967326
0.243899	-0.032439	0.969258
0.459653	-0.478009	0.748483
0.484608	-0.310325	0.817835
0.176737	-0.308283	0.934733
0.188228	-0.0136035	0.982031
0.176277	-0.344554	0.922068
0.527413	0.0408207	0.848628
0.48643	-0.479288	0.730527
0.50906	-0.120976	0.852187
0.410337	-0.310815	0.857331
-0.288279	0.620683	0.729142
-0.0899372	-0.0998176	0.990933
0.325162	0.169912	0.930269
0.111149	0.146849	0.982894
0.227049	-0.304749	0.924974
0.407964	-0.248735	0.878462
0.266459	-0.13333	0.95458
-0.127501	0.282456	0.950769
-0.328598	-0.505709	0.797673
0.0231896	-0.186183	0.982241
0.024249	0.243811	0.969519
0.143017	-0.0416224	0.988845
0.399774	-0.0265533	0.916229
0.268664	-0.217402	0.938379
0.0251396	-0.0536717	0.998242
0.498059	-0.297416	0.814544
0.0531797	-0.359494	0.931631
0.22551	0.11724	0.967161
0.0398845	-0.0721443	0.996596
0.0241251	-0.230665	0.972734
-0.0391617	-0.345794	0.937493
0.251611	-0.137053	0.958075
0.393848	-0.326975	0.859052
0.554887	-0.620147	0.554544
0.59689	-0.114575	0.7941
0.520934	-0.316312	0.792827
0.160553	-0.299502	0.94049
-0.0535637	-0.0932389	0.994202
0.388688	0.288626	0.874996
0.28734	-0.214491	0.933504
0.48525	0.125045	0.865388
-0.0551385	0.265816	0.962446
0.349623	-0.200481	0.915189
0.189084	0.0356541	0.981313
0.405358	-0.391614	0.826028
-0.290037	0.0615153	0.955036
0.231781	0.22362	0.946716
0.658077	-0.572511	0.489045
-0.19986	0.083595	0.976252
0.661084	-0.232541	0.713367
0.0999787	0.102121	0.989735
-0.0487823	-0.185042	0.981519
0.0942734	0.112207	0.989203
0.245502	0.0405937	0.968546
0.216879	-0.267454	0.938846
-0.0901966	0.0978003	0.99111
0.0291749	0.296589	0.954559
0.088356	-0.327655	0.940657
-0.253114	0.0356435	0.96678
-0.0296119	-0.140369	0.989656
0.0197596	0.312436	0.949733
0.155936	-0.0828452	0.984287
-0.179343	0.090549	0.979611
0.412012	0.334004	0.847755
0.552451	0.178083	0.8143
0.17246	0.0874236	0.981129
0.204612	0.201403	0.957899
0.247299	0.52297	0.815687
0.227999	-0.115419	0.966796
0.118602	0.160434	0.979895
0.0431234	0.184401	0.981905
0.23249	0.223162	0.94665
0.501145	-0.00653277	0.865339
0.0142959	0.0736649	0.997181
-0.194339	-0.0960475	0.976221
0.156289	0.0461078	0.986635
-0.386202	0.218781	0.896093
-0.0714925	0.0809805	0.994148
-0.183903	0.119184	0.975692
0.332328	-0.137948	0.933021
0.511392	0.023606	0.859023
0.422457	-0.317379	0.849
0.571742	0.181111	0.800194
0.218949	-0.476728	0.851347
-0.0286922	-0.0382116	0.998858
-0.323539	-0.0885524	0.942062
0.193639	0.0501128	0.979792
0.208454	-0.400577	0.892236
-0.0478957	-0.211771	0.976145
0.765363	-0.363649	0.531016
0.166007	0.207001	0.964154
0.241388	-0.437066	0.866432
0.211195	-0.216428	0.953182
0.396888	-0.159084	0.903976
0.348935	0.0836202	0.933409
0.267011	0.142094	0.95316
0.50613	-0.468392	0.724183
0.189224	0.243879	0.951166
0.336982	-0.318714	0.885926
0.593552	-0.363956	0.717797
0.352142	0.17199	0.920008
0.384837	0.220087	0.896361
-0.0999376	0.00570607	0.994977
0.12959	-0.1268	0.983427
-0.156237	-0.026118	0.987374
0.318792	0.0663806	0.945497
0.542995	-0.13316	0.829111
-0.00589871	-0.0349689	0.999371
0.583736	0.405693	0.703324
0.0491069	-0.001373	0.998793
-0.364339	0.125637	0.922752
0.67033	0.0577534	0.739813
0.440861	-0.235031	0.866258
0.140127	-0.346654	0.927467
0.0734105	0.687632	0.722338
0.118926	0.0643939	0.990813
0.258751	-0.100684	0.960682
0.198813	0.23857	0.950556
0.325242	-0.19219	0.925894
0.500771	-0.144219	0.853481
0.030959	-0.14293	0.989249
0.350176	-0.0560385	0.935006
-0.0401564	-0.173624	0.983993
0.086476	-0.156739	0.983847
-0.256025	-0.272278	0.927532
0.488001	0.35482	0.79747
0.144219	0.0305094	0.989075
-0.126639	0.125837	0.983935
0.166658	0.398008	0.902117
-0.285285	-0.208032	0.935593
-0.242691	0.204028	0.948406
-0.0830969	0.102853	0.99122
0.443471	0.0721368	0.893381
-0.0638075	0.152713	0.986209
0.407718	-0.253971	0.877078
0.0159357	-0.397624	0.91741
-0.0363217	-0.204291	0.978236
-0.00520048	0.314203	0.949342
0.070948	0.0631001	0.995482
0.557576	0.0955414	0.824609
-0.207526	0.199918	0.957583
-0.271411	-0.129818	0.953669
0.00510331	0.53733	0.843356
0.441613	0.0826304	0.893393
0.373295	0.0128473	0.927624
0.144991	-0.0940229	0.984955
0.275094	-0.143642	0.950626
0.0482519	-0.17506	0.983375
-0.13076	0.225755	0.965369
-0.36746	-0.610618	0.701511
-0.414448	-0.250166	0.875014
0.368354	0.187307	0.910621
0.441373	0.302733	0.844715
0.117678	-0.0633326	0.99103
0.21941	-0.338528	0.915018
0.514596	0.0975582	0.851865
0.0933754	-0.290122	0.952423
0.15133	0.352567	0.92347
0.200464	-0.139632	0.9697
-0.0302507	-0.342425	0.939058
0.511289	0.202931	0.835106
0.298643	-0.524722	0.797169
0.361202	0.177278	0.915481
0.417037	0.0578203	0.907049
-0.231012	-0.196545	0.952892
0.210302	0.376754	0.902125
0.0999281	-0.336259	0.936453
0.106416	-0.297673	0.948718
-0.0012743	-0.0472412	0.998883
0.511431	-0.264036	0.817755
0.0965585	0.0822458	0.991923
0.246527	-0.22893	0.941709
0.109654	0.25725	0.960103
0.0629252	0.228961	0.9714
0.327181	0.0197289	0.944756
0.194026	-0.388399	0.900833
-0.0952655	-0.0245875	0.995148
-0.0374608	0.30955	0.950145
0.478971	0.0565755	0.876006
0.415269	0.140579	0.898771
0.127755	0.210808	0.969143
-0.191757	0.0752108	0.978556
0.052579	-0.144554	0.988099
0.0484231	0.215415	0.975321
0.219443	-0.467731	0.856197
0.241034	-0.398631	0.884871
0.0595693	0.37082	0.926792
-0.199493	-0.0338826	0.979313
0.393214	0.0979171	0.914218
0.161856	-0.331446	0.929487
0.547068	-0.28015	0.788817
-0.237505	0.109405	0.965206
0.309532	-0.194922	0.930696
0.200523	0.161225	0.966332
0.38385	0.371046	0.845567
0.617415	-0.0775043	0.78281
0.0791393	-0.409097	0.909052
0.548528	-0.362066	0.753675
-0.515332	-0.265235	0.814913
0.376752	-0.42139	0.824917
0.356941	-0.246267	0.90108
0.308646	-0.228881	0.923229
0.208606	-0.132908	0.968927
0.541499	-0.224918	0.810056
0.313967	0.0347793	0.948797
-0.285927	-0.0849484	0.954479
0.303234	-0.496283	0.813482
0.243319	-0.36331	0.899334
0.798631	0.367023	0.476951
0.681782	-0.404554	0.609515
-0.206847	-0.396478	0.894438
-0.0350818	-0.408152	0.91224
0.0797385	-0.0943683	0.992339
-0.0540361	0.018713	0.998364
0.211128	0.43745	0.874107
0.0100344	0.585835	0.810368
0.204784	-0.187872	0.960608
-0.182054	-0.494209	0.850067
-0.150318	0.0306586	0.988162
-0.00620006	-0.368613	0.929562
0.0638755	0.262299	0.96287
-0.0111143	0.315877	0.948735
0.510555	0.199858	0.836296
0.247385	0.321422	0.914051
0.0945759	-0.0129378	0.995434
0.13174	-0.103633	0.985852
0.184234	-0.402854	0.89653
0.313827	0.354512	0.880814
-0.198388	-0.0811365	0.976759
0.111719	0.227938	0.967245
0.633589	-0.0373199	0.772769
0.3566	-0.224955	0.90677
0.178686	-0.239258	0.954373
0.321716	0.178463	0.929866
0.142933	0.301475	0.9427
0.207712	0.315698	0.925846
0.433559	0.271913	0.859122
0.175644	0.387746	0.904877
0.525462	-0.432447	0.73272
0.0144322	-0.102987	0.994578
0.517711	0.214039	0.828349
-0.0216404	0.427778	0.903625
0.200348	0.341409	0.918314
-0.00508855	0.333672	0.942676
0.0672294	0.639785	0.765608
0.376676	-0.368272	0.849994
0.0426439	0.449609	0.892207
0.378866	-0.0313399	0.924921
-0.0764082	-0.299531	0.951022
-0.219617	0.0380185	0.974845
-0.145052	-0.113007	0.982949
0.369156	-0.0487306	0.928089
0.446374	-0.244467	0.860805
-0.245941	-0.157912	0.956335
-0.195001	-0.15436	0.96858
0.043336	0.275087	0.960442
-0.037084	0.282738	0.95848
0.231338	0.118911	0.965579
0.166298	-0.483935	0.859158
0.161724	-0.028152	0.986434
0.0216724	0.263651	0.964375
0.0189119	-0.234019	0.972048
-0.0906818	-0.345924	0.93387
0.180098	-0.175425	0.967879
0.266356	0.0489773	0.96263
0.249015	-0.207585	0.945992
0.155714	-0.0870802	0.983956
0.259891	-0.352475	0.899009
0.206103	-0.088251	0.974543
-0.156239	0.0877344	0.983815
0.224877	0.193084	0.955065
0.116282	0.112785	0.986792
-0.0997759	0.111622	0.988729
0.236616	-0.141875	0.961189
0.301591	0.330952	0.894155
0.64583	-0.166886	0.745019
0.0573387	0.0208522	0.998137
0.0622959	-0.211353	0.975423
0.175886	0.00284213	0.984406
0.20496	0.0786813	0.975603
0.177515	0.262267	0.948527
0.390039	0.245748	0.887399
0.213524	-0.179572	0.960292
0.0224147	-0.212425	0.97692
0.529043	0.352826	0.771769
0.416051	0.345716	0.84106
0.524229	0.185046	0.831229
0.316187	0.345998	0.883352
0.396696	0.206845	0.894342
0.0534929	-0.308403	0.949751
-0.275405	-0.251864	0.927748
-0.357173	0.011753	0.933964
0.579986	0.347119	0.73697
0.280798	-0.205719	0.93746
0.066944	-0.108798	0.991807
0.426145	0.0864397	0.900516
0.206015	-0.234743	0.949976
0.546503	0.259335	0.796291
-0.516501	-0.0228326	0.855982
0.360909	0.0847294	0.928744
0.211877	-0.132833	0.968227
0.104445	-0.345346	0.932645
-0.190661	0.474552	0.859331
0.231602	0.468394	0.852624
0.413669	-0.125247	0.901771
-0.0138772	0.107684	0.994088
0.32485	-0.459995	0.826363
0.634099	-0.142508	0.760006
0.0335726	0.268418	0.962717
-0.290503	-0.0208154	0.956648
-0.169746	-0.0295944	0.985043
-0.239014	-0.125058	0.962929
-0.41318	-0.0743742	0.907607
-0.00618344	0.0989282	0.995075
0.557114	-0.281615	0.781228
0.338267	0.397957	0.852763
-0.116904	-0.00204333	0.993141
0.808303	0.0363156	0.587645
0.196782	0.55121	0.81083
0.290319	-0.341461	0.893935
-0.154656	-0.209229	0.965559
0.42463	-0.126089	0.896544
0.219063	0.168666	0.961022
0.292671	-0.0813813	0.952744
0.320791	-0.41739	0.850223
0.39992	-0.0592725	0.914631
0.427289	-0.128283	0.894968
0.0295265	0.150505	0.988168
0.234835	0.0238269	0.971743
0.0788871	0.0997255	0.991883
0.346022	-0.325817	0.879836
0.244268	-0.104512	0.964059
0.105999	0.379143	0.919247
0.0601808	-0.0475681	0.997053
0.121366	0.544772	0.829755
-0.15357	-0.174277	0.972648
0.0777665	-0.250708	0.964934
0.457545	0.0914746	0.884469
-0.194646	-0.163403	0.967167
-0.164175	0.298966	0.940035
0.39343	-0.398648	0.828428
0.0805384	0.214817	0.973328
0.12449	0.368761	0.92115
-0.277506	-0.094785	0.956037
0.375237	-0.362757	0.852998
0.159286	0.58136	0.797902
0.338082	-0.349033	0.874
0.157178	0.35319	0.922254
0.038812	0.0388293	0.998492
0.608212	-0.0863501	0.789064
0.357602	0.00233845	0.933871
0.0668387	0.0730396	0.995087
0.509232	-0.0693036	0.857835
-0.256424	-0.11954	0.959144
0.292269	0.360841	0.885648
-0.0161491	0.224416	0.97436
0.6375	0.00853122	0.770403
0.270414	-0.449394	0.851423
0.0461758	-0.0208068	0.998717
0.426007	-0.119703	0.896766
-0.00432396	-0.188188	0.982124
0.462086	-0.116026	0.879212
0.0277009	-0.404762	0.914002
0.17988	-0.215469	0.9598
-0.150302	0.291205	0.94478
0.151883	-0.6967	0.7011
0.215233	-0.157496	0.963779
0.201613	-0.048171	0.97828
0.306878	0.283972	0.908397
0.56028	-0.0856683	0.823861
0.108265	0.334491	0.93616
-0.210521	-0.0221829	0.977338
-0.174945	0.0116575	0.984509
0.345891	-0.304492	0.887493
0.217122	-0.200431	0.955346
-0.0715653	-0.755934	0.650724
0.208349	-0.014683	0.977944
-0.161479	-0.0358389	0.986225
0.194828	0.115805	0.973977
0.529666	0.0546512	0.846444
0.0687253	0.139478	0.987837
0.208525	-0.0595297	0.976204
-0.263332	0.434229	0.861453
0.433673	-0.097539	0.895776
0.241003	0.0832955	0.966943
0.381189	0.208954	0.900574
-0.0965132	0.17833	0.979226
0.158682	0.114306	0.980691
-0.251579	-0.0972443	0.962939
0.524196	0.0845566	0.847389
0.0775209	0.156718	0.984596
-0.102615	0.0999928	0.989683
0.179644	0.108875	0.977688
0.308601	0.382273	0.870996
0.128381	0.608836	0.782839
0.175617	-0.103091	0.979046
-0.0150097	0.144742	0.989356
-0.422038	0.0224426	0.9063
0.369513	-0.182282	0.911171
0.269407	0.0756395	0.960051
-0.131397	-0.295844	0.946156
0.228304	0.0847534	0.969894
-0.0693621	-0.0195787	0.997399
-0.190571	-0.370843	0.908932
-0.163251	-0.0962226	0.981881
0.114264	-0.109491	0.987398
0.364769	-0.0905544	0.926684
0.47984	0.146609	0.86502
0.072577	-0.317456	0.945492
0.105928	-0.333234	0.936875
0.168818	-0.377563	0.910465
0.235263	-0.326267	0.915533
0.613167	-0.00928646	0.789898
0.126898	-0.128857	0.983511
0.517598	0.399922	0.756409
0.0663001	-0.459671	0.885611
-0.206174	-0.348036	0.914529
-0.223201	-0.178471	0.958295
-0.203308	-0.668382	0.715494
0.046471	-0.0962685	0.99427
0.130194	0.0383261	0.990748
0.400085	-0.0186319	0.916289
-0.0761038	-0.0621867	0.995159
-0.080385	-0.40419	0.911136
-0.0574804	-0.180718	0.981854
-0.399873	-0.401622	0.823894
0.309483	0.137046	0.940977
0.080837	-0.239125	0.967618
0.593219	-0.0688744	0.80209
0.245603	-0.288286	0.925511
0.0776601	0.699674	0.710229
-0.240654	-0.214198	0.946681
-0.325273	0.193503	0.92561
0.156464	0.166568	0.973537
0.294586	-0.433774	0.851504
0.069799	0.287953	0.955097
0.128911	-0.384194	0.914209
0.305441	-0.162423	0.938256
-0.0276663	0.159881	0.986749
0.360438	-0.484459	0.79711
0.0189482	-0.026287	0.999475
0.163606	-0.164429	0.972726
-0.283838	-0.0431979	0.957899
-0.15396	-0.0596726	0.986273
-0.0658462	-0.353118	0.933259
0.148896	0.173027	0.973597
0.0512586	-0.0444755	0.997695
0.114597	-0.090199	0.989309
-0.0718989	-0.0922745	0.993134
0.153568	0.600325	0.784874
0.058304	-0.190145	0.980023
0.723882	0.155694	0.672127
-0.0919846	0.268586	0.958854
0.0315436	0.333647	0.94217
0.0587078	0.129127	0.989889
-0.337742	0.342526	0.876702
0.389431	0.468131	0.793219
0.570045	0.0544248	0.819809
0.208823	0.266088	0.941058
-0.467622	0.221868	0.855631
0.103395	-0.0120681	0.994567
0.413892	0.430493	0.802103
0.419884	0.143857	0.896104
0.491764	-0.130895	0.860834
0.0473584	0.140232	0.988985
0.345848	0.0693553	0.935724
0.0746597	0.165937	0.983306
0.291303	0.258008	0.921181
0.162725	0.227436	0.960101
0.413935	0.021394	0.910055
0.496561	0.122939	0.859251
0.292571	-0.127397	0.947719
0.0478947	-0.0242904	0.998557
0.0658601	-0.0350526	0.997213
-0.209517	0.00740899	0.977777
0.342215	0.0757456	0.936564
0.223927	-0.204235	0.952966
0.355213	-0.330938	0.874245
0.403535	-0.0837167	0.911126
-0.190967	-0.314072	0.929995
0.0195278	-0.0627657	0.997837
-0.164134	-0.206359	0.964612
0.180528	0.235293	0.955011
0.467931	-0.228076	0.853828
-0.299504	0.0133877	0.954001
-0.0322009	-0.106611	0.993779
0.167964	-0.414931	0.894215
0.387229	-0.276915	0.879415
0.30179	-0.146571	0.94204
0.0315755	0.0254734	0.999177
0.00755492	-0.0246976	0.999666
0.08813	-0.540721	0.836572
0.332784	0.100717	0.937609
-0.0321807	0.0526417	0.998095
-0.106853	-0.0574933	0.992611
0.060282	0.0871396	0.994371
0.470442	-0.326032	0.819992
-0.0929337	0.0937401	0.99125
-0.232866	0.0227699	0.972242
-0.00189758	0.179872	0.983688
0.227992	-0.0941626	0.969099
0.395705	-0.156835	0.904887
-0.083879	-0.120507	0.989162
0.210389	-0.517432	0.829458
-0.111194	-0.131433	0.985069
-0.164825	-0.0938262	0.98185
0.435537	-0.488985	0.755778
0.253676	-0.0127407	0.967205
-0.280612	-0.0772214	0.95671
0.191355	0.179144	0.965034
0.0226191	0.400446	0.916041
-0.0256607	-0.226254	0.97373
0.150816	-0.45214	0.879104
-0.0826888	0.401471	0.912131
0.298179	0.465207	0.83347
0.109809	-0.181026	0.977329
0.0616797	0.4392	0.89627
0.100648	0.481007	0.87092
0.110089	0.360306	0.926316
0.214514	0.188326	0.958393
0.1322	-0.274525	0.952449
-0.0105852	0.356592	0.9342
-0.153617	-0.152	0.97637
0.13241	0.12818	0.982872
0.37849	-0.481047	0.790784
0.206135	-0.146634	0.967475
0.412599	0.0888881	0.906565
0.545247	0.298978	0.783146
0.0756107	0.241869	0.967358
0.176761	0.228464	0.957371
-0.212835	0.0643997	0.974964
-0.421413	0.345651	0.838413
0.408348	-0.320391	0.854752
0.408164	-0.066711	0.910468
-0.0747119	0.0530882	0.995791
-0.0721726	0.35051	0.933774
0.0551088	-0.119957	0.991248
0.269016	0.414069	0.869585
-0.403042	-0.22724	0.886521
0.659055	-0.376704	0.650954
0.28093	0.0975333	0.954759
0.634991	0.296643	0.713295
-0.228105	-0.124842	0.9656
0.0489523	-0.0712566	0.996256
0.264076	0.340959	0.902225
-0.0503975	-0.502938	0.862852
0.125323	0.193573	0.973049
0.332419	-0.478859	0.812522
0.484018	-0.0225245	0.874768
0.51614	-0.258346	0.816613
0.131919	0.0230183	0.990993
0.202152	0.335002	0.920276
0.293747	0.0135754	0.955787
0.0294637	-0.126947	0.991472
-0.111047	-0.344214	0.932301
-0.0841185	-0.247941	0.965116
0.631367	-0.19257	0.751194
-0.038315	0.328191	0.943834
0.537858	-0.0503222	0.841532
0.127183	-0.268841	0.954751
0.00915528	0.0764123	0.997034
0.219412	-0.127556	0.967258
0.487887	-0.246332	0.837429
0.197772	-0.0183257	0.980077
-0.228907	0.00308235	0.973443
0.0566631	0.00545702	0.998378
-0.0543955	-0.350946	0.934814
-0.0871774	-0.159313	0.983371
-0.193588	-0.101013	0.975869
0.38901	-0.310732	0.867247
-0.23957	-0.0313719	0.970372
0.163975	-0.195686	0.96686
0.298778	0.35582	0.885508
-0.0308613	0.180224	0.983141
-0.0282813	0.103951	0.99418
-0.0716537	-0.00662666	0.997408
0.456753	-0.341425	0.821466
-0.353952	-0.172071	0.919299
0.501301	-0.160184	0.850316
0.105099	-0.277094	0.955078
-0.296701	-0.137915	0.944959
-0.00915995	0.336831	0.941521
-0.214847	-0.374321	0.902067
0.32036	-0.145749	0.936016
-0.0336007	-0.29128	0.956048
0.530661	-0.131173	0.837373
0.270814	-0.0780815	0.95946
0.121556	-0.277323	0.953056
0.504875	0.182392	0.843703
0.394836	-0.124592	0.910264
-0.0528386	0.0896004	0.994575
0.0145991	0.587049	0.809419
-0.00215903	-0.0103983	0.999944
0.0569941	-0.00252106	0.998371
0.215629	0.463209	0.859617
0.574023	-0.0564702	0.81689
0.0777242	-0.563392	0.822526
0.441808	-0.451898	0.77498
0.651994	0.0801246	0.753979
0.199256	0.453729	0.868578
-0.226674	0.0371541	0.973262
0.414847	0.147916	0.897788
0.258641	0.128364	0.957407
0.19107	-0.12073	0.974124
0.473726	-0.25211	0.843815
0.530921	-0.219072	0.818615
0.124027	0.158042	0.979612
-0.0511593	-0.466832	0.882865
0.0472194	-0.102037	0.993659
0.549725	0.229936	0.803077
-0.205202	0.00947174	0.978674
0.406232	-0.178503	0.896166
-0.134863	-0.464057	0.875479
0.0463188	0.23604	0.970639
0.287745	-0.105417	0.951888
-0.124145	-0.0582104	0.990555
-0.249525	-0.13103	0.959463
0.111303	0.0612894	0.991895
0.233486	-0.575178	0.783999
0.321612	-0.00187578	0.94687
0.170043	0.0590219	0.983667
0.0233838	0.0452931	0.9987
0.430241	-0.294496	0.853326
0.102618	-0.215102	0.971185
0.405595	-0.286334	0.868047
0.00427434	-0.213179	0.977004
0.365447	-0.189193	0.911402
0.0491212	-0.362099	0.930844
-0.00846561	-0.317912	0.948082
0.086352	-0.0629802	0.994272
-0.0890075	-0.252951	0.963376
0.276069	-0.212683	0.937311
0.210549	-0.274677	0.938201
0.0104115	0.0576283	0.998284
-0.0555141	-0.0416389	0.997589
0.180842	-0.390659	0.902597
0.0758608	-0.167457	0.982956
-0.127978	-0.0394502	0.990992
0.223457	0.123632	0.966841
0.331828	0.20026	0.921838
0.312798	-0.402812	0.860175
0.384568	-0.0667087	0.920683
-0.144945	-0.722543	0.675961
-0.239284	-0.197867	0.950575
0.0533814	0.352622	0.934242
0.319929	-0.540472	0.778162
0.230633	0.0986072	0.968032
0.788638	-0.0573278	0.612179
-0.691072	0.101783	0.715584
-0.0465522	-0.14215	0.98875
0.239637	-0.109353	0.964684
0.264441	-0.105939	0.958565
0.185823	0.396796	0.898901
-0.455672	-0.189224	0.869803
0.0106874	0.0418175	0.999068
-0.407289	-0.158958	0.89936
0.374274	0.398691	0.837236
-0.256597	-0.155646	0.953904
-0.0113973	-0.0344104	0.999343
0.689888	-0.16005	0.706002
-0.354184	0.596752	0.720028
-0.472309	0.195453	0.859489
0.242548	0.107571	0.964157
0.267573	-0.265093	0.926353
0.274302	0.0438253	0.960644
0.0929044	-0.247583	0.964402
-0.0836367	-0.149144	0.985272
0.11136	-0.822917	0.557142
0.220181	-0.461989	0.85912
-0.171821	-0.110013	0.978966
-0.341638	-0.0731332	0.936982
-0.266477	0.526596	0.807271
0.311506	-0.471807	0.82484
0.340555	-0.269004	0.900921
0.576139	0.170696	0.799329
0.601139	-0.293956	0.743116
0.230898	-0.133221	0.963814
-0.618177	-0.134113	0.774514
0.173239	0.180874	0.968129
0.0567576	-0.172356	0.983398
0.523669	0.392712	0.756008
-0.0469913	-0.14644	0.988103
0.552104	-0.485328	0.677966
0.554492	-0.254296	0.792384
0.0799116	-0.366066	0.927152
-0.677323	-0.0209818	0.735387
0.434236	-0.175321	0.883574
-0.546493	0.524086	0.653207
0.521808	-0.419214	0.742951
0.365225	0.253071	0.89586
0.159258	0.428613	0.889341
-0.019013	-0.00862652	0.999782
0.0613233	0.140316	0.988206
0.264742	-0.186558	0.946101
0.400453	0.316575	0.859894
-0.23409	0.671738	0.70283
0.47206	0.22866	0.851395
-0.427469	-0.153104	0.890971
0.127795	-0.352809	0.926927
0.792505	-0.0118017	0.609751
-0.307261	-0.123713	0.943549
0.601188	-0.256271	0.756901
-0.334106	0.437247	0.834978
0.905402	-0.0916607	0.414542
0.760197	0.104393	0.641251
-0.36105	-0.0138497	0.932443
0.473619	-0.26205	0.840842
0.461946	-0.142495	0.875386
0.424064	-0.411337	0.806828
0.322533	-0.149799	0.93463
-0.017419	-0.0213383	0.999621
0.47297	0.0540349	0.87942
0.175625	0.204338	0.963017
-0.223286	0.0244142	0.974447
0.179833	-0.573638	0.799124
-0.0569486	-0.227111	0.972202
0.0483295	0.143133	0.988523
-0.11938	-0.0611723	0.990962
0.440367	-0.0623298	0.895651
0.372443	-0.043395	0.92704
0.368311	0.331863	0.868455
-0.311571	-0.0133553	0.950129
-0.157506	0.0273303	0.98714
-0.0508176	0.24848	0.967303
0.58939	0.127443	0.797733
0.257139	-0.79308	0.552181
0.036859	0.21092	0.976808
-0.0919525	-0.157096	0.983293
0.206265	0.217072	0.954114
-0.181608	0.0719492	0.980735
0.208113	-0.130834	0.969315
0.178122	0.022921	0.983741
0.736035	0.0727149	0.673027
0.263133	-0.330781	0.906281
0.178512	-0.0126125	0.983857
-0.145354	0.293255	0.94492
0.393734	0.030896	0.918705
0.219883	-0.30102	0.927922
0.0337196	0.19054	0.9811
0.742571	-0.324037	0.586164
0.218139	0.226963	0.949159
0.590207	-0.200968	0.781836
0.289801	-0.378039	0.879262
-0.000124037	-0.263773	0.964585
0.548782	-0.425655	0.719483
0.570858	0.249074	0.782357
0.775987	-0.208091	0.595435
0.633199	0.335156	0.69766
-0.0719788	0.189333	0.979271
0.673402	0.0542422	0.737284
-0.0414759	-0.683402	0.728863
0.0651314	-0.31165	0.947962
0.719513	-0.113958	0.685065
0.390683	0.0368647	0.919787
0.690147	-0.174339	0.702356
0.745718	0.584474	0.319835
-0.309723	0.162225	0.936886
-0.00139825	-0.292966	0.956122
0.334513	0.0475735	0.941189
0.088783	-0.0315763	0.99555
0.469281	-0.326974	0.820282
0.281533	-0.159043	0.946279
-0.00309677	-0.113402	0.993544
0.0153738	-0.131472	0.991201
-0.166659	0.121789	0.978464
0.233299	-0.133357	0.963217
0.675349	-0.186679	0.713481
0.404535	0.00261727	0.914519
0.0248939	-0.290764	0.956471
0.515497	0.497792	0.697472
-0.541989	-0.325361	0.774847
-0.0333118	0.0928405	0.995124
0.353688	-0.331947	0.87448
0.00713468	0.544387	0.838804
0.00446116	0.143531	0.989636
0.250983	0.00157732	0.96799
-0.177759	-0.0498705	0.98281
-0.178434	-0.621321	0.762969
0.570098	-0.387596	0.724402
0.568287	0.13092	0.812348
0.546696	-0.367678	0.752288
0.0457126	-0.886794	0.459899
-0.533371	-0.23426	0.812796
0.380743	-0.586222	0.715107
0.322597	0.0339473	0.945927
-0.0255275	-0.287007	0.957588
-0.549991	0.00249559	0.835167
0.368875	-0.325111	0.870767
0.147573	0.178758	0.972763
0.0587642	-0.217748	0.974234
0.246378	-0.322733	0.913861
-0.301483	0.451699	0.839688
0.0540387	0.305567	0.950636
0.22908	-0.368551	0.90094
0.245127	-0.32038	0.915024
0.285378	0.153828	0.94599
-0.170216	-0.182895	0.968285
0.130771	-0.181982	0.974567
0.144985	-0.484956	0.862437
-0.0850466	-0.244647	0.965875
0.191855	0.349055	0.917252
0.603981	0.218232	0.766538
-0.184817	0.173972	0.967252
0.208813	0.260681	0.942572
0.0180424	0.0502196	0.998575
0.0993725	0.204323	0.973847
0.798099	0.17121	0.57769
0.222355	0.650775	0.725982
0.706968	0.237096	0.66632
0.224644	0.0534065	0.972976
0.275714	-0.266199	0.923645
-0.088396	-0.188964	0.977997
0.653117	-0.0220792	0.756935
0.322009	0.385533	0.864682
0.686761	0.0369065	0.725946
-0.0197321	-0.606202	0.795066
0.472057	-0.0369693	0.880792
0.330299	-0.13522	0.93414
-0.343012	0.66232	0.666089
-0.580706	0.101562	0.807754
-0.186593	-0.511399	0.838841
0.526297	-0.482059	0.70045
0.193521	0.060723	0.979215
0.367879	-0.33455	0.867607
-0.0887818	-0.437376	0.894886
-0.107023	-0.410451	0.90558
0.498278	0.134012	0.856598
-0.1751	-0.662738	0.728093
-0.274605	0.391455	0.878268
-0.0553062	0.329642	0.942485
0.340167	-0.677925	0.651693
0.0150968	0.0294819	0.999451
0.579541	-0.0723407	0.811726
0.666111	0.321103	0.673193
0.109747	-0.120337	0.986648
-0.368357	-0.324537	0.8712
0.503217	0.225892	0.834114
-0.526833	-0.437091	0.728971
0.230625	-0.127877	0.964603
0.62993	0.211825	0.747208
0.0962831	0.0058934	0.995337
-0.421463	-0.0459396	0.905681
0.733169	0.00377076	0.680036
0.461992	-0.274626	0.843293
0.226505	0.0883192	0.969998
0.328142	0.0705033	0.941994
-0.0803604	0.0763114	0.99384
0.410565	-0.280338	0.867667
0.461515	-0.1373	0.876443
0.57502	-0.0834813	0.813869
0.566937	0.536745	0.62489
-0.332299	-0.413692	0.847606
-0.154093	-0.272349	0.94978
0.448727	0.0728799	0.890692
0.0929399	0.307998	0.946837
0.363074	-0.0248228	0.93143
-0.195067	0.0456346	0.979728
0.159518	-0.260393	0.952234
0.185899	-0.213641	0.959062
0.278822	-0.380346	0.881813
0.317504	-0.0441047	0.947231
-0.382338	-0.423573	0.821221
0.608797	0.191296	0.769917
-0.0510449	0.166392	0.984738
0.150899	0.0110696	0.988487
0.613591	0.0677936	0.786708
0.203641	-0.488387	0.848533
0.367455	-0.0784481	0.926727
0.236589	0.366058	0.900015
0.00849514	0.0944365	0.995495
0.168977	0.0614623	0.983702
0.465545	-0.116875	0.877273
-0.149673	0.215388	0.96499
-0.413763	0.316418	0.853628
-0.106134	0.159713	0.981441
0.324662	0.00455463	0.945819
-0.203342	-0.544501	0.813739
0.4891	-0.130347	0.862433
-0.375203	-0.100568	0.921471
-0.19015	0.389734	0.901083
0.045507	0.074433	0.996187
-0.0531415	0.0184334	0.998417
0.565119	0.405668	0.718383
-0.374959	-0.160106	0.913111
-0.0232499	-0.241401	0.970147
0.235672	-0.10438	0.966211
0.137582	-0.265292	0.954302
0.720891	-0.210587	0.66028
0.204735	0.14462	0.968075
0.131478	-0.208245	0.969199
0.865005	-0.0113769	0.501634
0.335311	0.20903	0.918626
0.030744	-0.205204	0.978236
0.227992	-0.556174	0.799181
0.191953	-0.148309	0.970133
0.245548	-0.76862	0.590703
-0.211979	0.28704	0.93417
0.488072	-0.0502262	0.871357
0.169355	-0.521013	0.836579
-0.161457	-0.248991	0.954953
-0.438105	-0.803557	0.40294
-0.00875657	0.242776	0.970043
0.580793	0.0127672	0.813951
0.105862	-0.0613343	0.992487
-0.0865747	-0.388134	0.917527
0.136693	-0.467488	0.873367
-0.195386	-0.0175108	0.98057
0.633423	-0.58164	0.510363
0.395779	0.638741	0.659825
-0.14511	0.0398275	0.988614
0.336856	-0.394646	0.854858
0.196922	-0.0164192	0.980282
0.608066	0.136783	0.782014
-0.049342	0.343113	0.937997
0.293392	-0.0714384	0.953319
-0.234026	0.25892	0.937119
0.0276887	-0.834798	0.54986
0.220854	0.0589324	0.973525
0.246616	0.161401	0.955578
0.482439	0.430856	0.762637
0.400611	-0.16929	0.900473
-0.353682	0.230934	0.90641
0.24679	-0.292263	0.923946
0.041618	0.469528	0.881936
0.698264	-0.0294113	0.715236
0.261093	-0.151393	0.953368
0.79431	-0.0312575	0.606708
0.166266	0.117852	0.979013
0.204938	-0.0233588	0.978496
0.231477	0.00318402	0.972835
0.764754	0.20396	0.611189
0.255433	0.0153049	0.966706
0.0029699	0.275827	0.961203
0.292792	0.182661	0.938567
0.631444	-0.0948346	0.769601
0.66492	-0.599445	0.445586
0.136644	-0.0287415	0.990203
-0.424018	-0.186261	0.886293
0.0437995	0.225722	0.973207
0.283917	0.3803	0.880206
-0.314203	-0.0278371	0.948948
-0.079747	-0.0146055	0.996708
-0.359451	0.0708128	0.930473
-0.098352	-0.04738	0.994023
-0.221321	-0.191661	0.956181
-0.173432	0.423078	0.88934
-0.00412662	-0.334715	0.94231
0.619336	-0.201483	0.758833
-0.329947	-0.149791	0.932039
0.177597	-0.743042	0.645251
-0.0304892	-0.371707	0.927849
0.202374	0.188819	0.960933
0.369674	0.54974	0.749084
0.125198	0.107633	0.986276
-0.0178089	-0.357976	0.933561
-0.279169	0.106695	0.954296
-0.106125	0.292281	0.950426
0.0420044	0.797094	0.602393
0.531054	-0.152299	0.833539
0.317014	-0.582284	0.74863
-0.108881	-0.0860192	0.990326
-0.147633	0.224305	0.963271
-0.0493578	0.144539	0.988267
0.489233	-0.0527683	0.870555
-0.008659	-0.203178	0.979104
-0.197396	0.182583	0.963171
-0.522475	0.51259	0.681374
0.546854	0.340739	0.764753
-0.184478	0.442736	0.877469
0.0933171	0.103587	0.990233
0.015696	0.528562	0.84875
0.206786	-0.189673	0.959825
-0.00637863	0.395895	0.918274
-0.679465	0.0208338	0.733412
0.536636	0.463913	0.704846
-0.12258	-0.115212	0.985749
0.605806	0.21287	0.766606
-0.0042332	-0.0613354	0.998108
0.0319496	0.181683	0.982838
-0.0178202	0.0517015	0.998504
0.116816	0.211272	0.970422
-0.0274614	0.338617	0.940523
0.278296	-0.265345	0.923116
-0.2179	-0.075474	0.973049
-0.0335693	-0.528912	0.848012
0.317037	-0.26794	0.909778
-0.250439	-0.054518	0.966596
-0.0880802	-0.437107	0.895086
0.497461	-0.39628	0.771683
-0.346583	0.0402667	0.937155
0.284515	-0.81596	0.503249
0.743708	-0.130681	0.655607
0.612628	-0.486714	0.622733
0.0982691	-0.340118	0.935234
0.278713	-0.407802	0.869492
0.131555	-0.385376	0.913334
0.0619766	-0.0440341	0.997106
0.334949	0.0795347	0.938874
-0.435129	0.38888	0.812056
0.215199	0.0891592	0.972492
0.276187	0.264386	0.924024
0.296757	-0.0469561	0.953798
0.136455	-0.380192	0.914786
0.228163	0.310612	0.922747
-0.0647423	-0.27939	0.957992
0.287052	0.1829	0.940292
0.0690468	-0.273019	0.959527
-0.435971	-0.116199	0.892428
0.514022	0.0339286	0.857106
0.249511	-0.317904	0.914703
0.0260274	0.103359	0.994304
-0.3578	0.312765	0.879862
-0.0376698	-0.37304	0.92705
0.0267235	-0.183968	0.982569
0.221137	-0.3677	0.903269
-0.189931	0.0242375	0.981498
-0.269697	-0.431161	0.861025
-0.576829	-0.00168827	0.816863
0.397869	0.0182201	0.917261
0.176687	0.136355	0.974776
-0.557292	0.391358	0.732301
0.394406	0.117537	0.911389
-0.335462	-0.0631337	0.939936
0.180248	-0.356235	0.916847
-0.186693	-0.707456	0.681654
0.0864766	0.39561	0.914338
0.0179392	0.149836	0.988548
0.363205	-0.37085	0.854724
-0.395256	-0.543741	0.740351
-0.302798	-0.431892	0.849578
0.472599	0.375221	0.797408
0.351534	-0.0180638	0.936001
0.682315	0.140275	0.717474
-0.0327957	0.136468	0.990101
-0.159891	-0.563212	0.810695
0.177439	0.103884	0.978633
0.0206697	-0.148378	0.988715
-0.164374	-0.317976	0.933741
0.229083	0.354665	0.906495
