3400
0.063547	-0.3186	0.945757
0.206488	0.51708	0.830657
-0.0714222	-0.071644	0.99487
-0.0981492	-0.17355	0.979922
0.193789	-0.171789	0.965885
0.336751	-0.176483	0.924907
0.0572276	-0.0804134	0.995117
0.259513	-0.356929	0.89736
-0.256418	0.414583	0.873138
0.420359	0.276651	0.864154
0.233822	0.390099	0.89059
0.0713853	-0.466599	0.881583
0.175937	-0.324002	0.929553
0.507462	-0.661952	0.551636
0.217924	-0.345585	0.912732
0.221944	0.144541	0.964287
-0.211412	-0.0574872	0.975705
0.450154	-0.127647	0.883781
-0.0629492	-0.120673	0.990694
0.359739	-0.248225	0.899429
-0.147683	0.296815	0.943446
-0.129278	-0.368592	0.920558
0.0906425	0.0497146	0.994642
0.170204	-0.856528	0.487227
-0.291088	-0.142233	0.946064
-0.628147	0.558631	0.541629
0.403231	-0.176271	0.897961
0.615787	0.286245	0.734077
0.176652	-0.0282775	0.983867
0.0753565	0.391722	0.916992
0.386039	0.254312	0.886735
-0.0867071	-0.0359726	0.995584
-0.150386	-0.623779	0.766996
0.282755	-0.645267	0.709705
-0.235115	-0.2874	0.928505
-0.341137	-0.608474	0.716509
0.0213121	-0.143139	0.989473
-0.253547	-0.184974	0.949473
0.461573	0.364852	0.808599
0.32186	-0.28567	0.902662
-0.0312636	-0.864092	0.502363
0.249021	-0.0114978	0.96843
0.375947	0.504053	0.777557
0.757602	0.498686	0.42113
-0.15246	-0.0985979	0.983379
-0.00724653	-0.278805	0.96032
0.0152695	-0.0249651	0.999572
0.443947	-0.103618	0.890042
-0.418368	-0.557027	0.717418
0.798164	-0.209981	0.564661
0.427082	-0.182188	0.885668
0.279949	0.312922	0.907584
0.401341	-0.0832259	0.91214
0.142111	-0.00717746	0.989825
-0.0718074	0.285807	0.955593
-0.15378	-0.0731926	0.98539
0.679276	0.315964	0.662383
0.00220771	-0.151017	0.988529
0.560669	-0.479929	0.674773
-0.279579	0.443705	0.851446
-0.21405	-0.243566	0.945969
-0.151392	-0.445122	0.882579
-0.403502	-0.182354	0.896623
0.431062	-0.0179406	0.902144
0.136875	-0.293126	0.946225
0.444943	-0.169843	0.879306
0.470914	-0.546609	0.692429
-0.379895	-0.361673	0.851394
0.195014	0.296001	0.935068
0.0748403	-0.257647	0.963336
-0.261265	0.45036	0.853766
-0.16731	0.339355	0.92566
-0.084404	-0.433429	0.897226
0.063067	-0.191826	0.9794
0.144558	0.0267712	0.989134
-0.051048	-0.10108	0.993568
-0.374146	-0.256384	0.891225
0.636524	-0.558234	0.532177
0.497747	-0.330359	0.801942
0.381678	-0.228044	0.895722
0.264049	-0.517363	0.814011
-0.359779	0.152203	0.920539
-0.204474	0.0504232	0.977572
-0.398276	-0.267751	0.877317
0.510273	0.137994	0.848869
0.646576	0.446948	0.618205
0.206436	-0.000671555	0.97846
0.208567	0.263244	0.941914
-0.147688	-0.453538	0.878915
0.314313	0.923978	0.217881
-0.656893	0.337559	0.6742
0.568491	0.156847	0.807599
0.643369	0.0731861	0.76205
-0.106417	-0.550155	0.828254
-0.103458	-0.110745	0.988449
-0.121056	-0.776673	0.618162
-0.149543	-0.102416	0.983437
-0.000411226	-0.383432	0.923569
0.0219668	-0.330601	0.943515
0.569505	0.350972	0.743292
0.846816	0.0121224	0.531749
-0.0909953	-0.294752	0.951231
0.0230639	-0.233085	0.972183
0.170161	-0.343225	0.923711
-0.0566917	-0.18579	0.980953
0.187229	-0.539455	0.820935
0.0427256	0.168809	0.984722
-0.480492	0.50375	0.717888
-0.0917793	-0.470216	0.877766
0.119464	-0.180193	0.97635
0.45275	-0.307101	0.837082
0.139755	-0.330075	0.933552
0.618778	0.0225403	0.785243
0.132989	0.42381	0.895935
0.359054	-0.412184	0.837367
0.463457	-0.132626	0.876138
0.433023	-0.448619	0.781813
0.293949	0.219399	0.9303
0.460652	0.395428	0.79463
0.368771	0.567808	0.735936
-0.253427	0.858318	0.446167
-0.683194	-0.514904	0.517803
-0.589112	0.136937	0.796364
0.0732212	0.344546	0.93591
-0.138654	-0.749752	0.647029
-0.147539	0.672477	0.725263
0.2258	0.648361	0.727078
-0.0248735	0.0648887	0.997582
-0.481077	-0.0718892	0.873726
0.349755	0.0014017	0.93684
0.556102	-0.106786	0.824225
-0.327494	-0.0222255	0.944592
0.188136	-0.434028	0.881036
0.015881	-0.259791	0.965534
-0.353289	0.243756	0.9032
-0.702383	-0.15925	0.693756
-0.210971	0.292787	0.932613
-0.13873	0.180071	0.973822
0.501947	-0.299946	0.811222
0.00785262	0.108256	0.994092
0.531817	-0.0550491	0.845068
-0.161409	-0.061977	0.98494
0.0490516	-0.239323	0.9697
0.142978	-0.340496	0.929311
0.3818	-0.501308	0.776478
0.355394	0.686108	0.634784
0.406232	0.330728	0.851819
0.124514	0.327691	0.936544
0.159639	-0.448926	0.879194
0.747812	-0.150474	0.646633
-0.234495	-0.177571	0.955762
0.62884	-0.47385	0.616462
0.197023	-0.017443	0.980244
0.338663	0.104564	0.93508
0.345708	-0.287849	0.893101
0.223446	-0.316838	0.921784
0.651219	0.0260064	0.758444
-0.090704	0.0930536	0.991521
0.387404	-0.579442	0.717053
0.0306048	0.275546	0.9608
0.441257	0.0608494	0.895316
0.486095	-0.27017	0.831096
-0.1815	-0.264038	0.947281
0.524213	0.230529	0.819791
0.0457063	0.0851633	0.995318
0.151641	0.444249	0.882977
-0.0742078	-0.265771	0.961176
0.841853	-0.130859	0.523602
0.607512	-0.173687	0.775089
-0.356195	-0.568555	0.741533
0.803085	0.291145	0.519894
-0.222691	-0.399624	0.889219
-0.225836	0.167627	0.959635
0.0846894	-0.200306	0.976066
-0.500888	-0.49204	0.712045
-0.414923	-0.136242	0.899598
-0.274468	-0.148977	0.949986
0.52538	-0.297345	0.797222
0.37371	0.483812	0.791371
0.345514	-0.316281	0.883508
0.140519	0.572837	0.807535
-0.156519	0.987563	0.0148464
-0.406129	0.0556873	0.912117
-0.169342	-0.0564375	0.98394
0.30053	-0.667025	0.681732
0.117861	-0.0677852	0.990714
0.787486	0.611465	0.0773061
0.122787	0.0894764	0.988391
0.319703	0.10174	0.94204
-0.126744	-0.309169	0.942523
-0.0948937	-0.353129	0.93075
-0.229255	-0.159686	0.960178
-0.161424	0.681335	0.71395
-0.286154	-0.0335103	0.957597
0.529597	-0.453103	0.717095
0.547209	-0.0173874	0.836815
0.0249518	-0.162289	0.986428
0.145716	-0.112119	0.982953
0.283029	-0.0551535	0.957524
0.163268	-0.207552	0.964503
0.300697	-0.67024	0.678498
-0.221988	0.0694515	0.972573
-0.00423101	0.650508	0.759487
0.347414	-0.141032	0.927046
-0.000532876	-0.00979125	0.999952
0.0191643	-0.00498039	0.999804
-0.246941	-0.574119	0.780646
-0.37235	-0.290981	0.881297
0.268982	0.214292	0.939004
0.0552601	-0.142008	0.988322
0.0749384	0.0830625	0.993723
-0.202581	0.0222592	0.979013
-0.417668	0.27527	0.865898
0.258447	-0.0960686	0.961237
0.515986	-0.088052	0.852059
0.631564	-0.039542	0.774315
-0.00598189	0.378028	0.925775
0.494102	-0.383233	0.780382
-0.422151	-0.376997	0.824416
0.182436	-0.00678151	0.983194
0.277822	0.228288	0.933113
0.334126	0.161506	0.928588
0.49847	-0.259601	0.827125
-0.178031	-0.051019	0.982701
0.700197	-0.192583	0.687485
-0.127455	0.222637	0.966534
-0.286427	0.246319	0.925898
0.425851	-0.089382	0.900368
-0.0364306	0.344501	0.938079
0.676564	-0.195886	0.709853
-0.0344996	-0.0174493	0.999252
-0.597181	-0.0929051	0.796708
0.0188693	0.167782	0.985643
0.241748	-0.0942831	0.965748
0.603445	0.398712	0.690567
0.0922932	0.0297242	0.995288
0.127937	-0.426296	0.895491
-0.278112	-0.0799152	0.957218
0.302223	-0.525104	0.795567
0.142053	0.0407155	0.989021
0.0710874	0.528306	0.846073
0.264453	0.177054	0.948006
-0.0955392	-0.0388252	0.994668
0.455457	0.00623911	0.890236
-0.0968049	-0.321525	0.94194
0.182856	0.3953	0.900168
0.834333	-0.0642987	0.547497
-0.232675	-0.156415	0.959894
0.629904	-0.112401	0.768496
0.153159	0.0639025	0.986133
-0.340371	-0.047634	0.939084
-0.272052	0.43007	0.86083
-0.297481	0.132159	0.945536
0.0559547	-0.203936	0.977384
-0.0823969	-0.178829	0.980424
0.376961	0.0719907	0.923427
-0.0381402	0.0134632	0.999182
0.217004	0.473651	0.85356
0.315626	0.235988	0.91907
-0.113855	0.508085	0.853748
-0.0132307	0.080177	0.996693
-0.187998	-0.650643	0.735745
-0.171173	0.150116	0.973738
-0.111776	0.143258	0.983353
-0.379586	0.161858	0.910887
0.4109	-0.386132	0.825871
0.466541	-0.265285	0.843779
0.00372901	-0.220718	0.975331
-0.361787	0.462966	0.80918
0.255165	-0.379376	0.889362
0.530401	-0.461249	0.711284
0.201972	0.0806081	0.976068
0.0295521	-0.0660458	0.997379
0.119281	-0.274001	0.954304
0.0557492	0.0473171	0.997323
0.268489	-0.138706	0.953244
0.0204865	0.0251411	0.999474
0.371937	-0.128179	0.919365
-0.361615	0.713729	0.599854
0.667707	-0.210082	0.714166
-0.404627	-0.00207483	0.91448
-0.459234	-0.0845517	0.884282
-0.179606	0.179487	0.967226
0.132579	0.0888167	0.987185
-0.131227	-0.130523	0.982722
-0.0361238	0.180422	0.982926
0.320779	0.521686	0.790534
0.317091	-0.23608	0.918542
0.412666	-0.379862	0.827896
0.801238	0.269805	0.534063
0.456321	-0.248127	0.85452
-0.569281	-0.168171	0.80476
-0.726856	0.0250147	0.686334
0.587592	0.592203	0.551391
0.00765207	0.328468	0.944484
0.323371	-0.00926492	0.946227
0.521575	-0.352411	0.777024
0.482477	-0.0730869	0.872854
-0.315075	0.447018	0.837199
0.244306	0.0299293	0.969236
-0.216513	-0.395589	0.892542
0.293107	-0.374122	0.879841
-0.260447	-0.248476	0.932967
0.317812	-0.30664	0.8972
-0.106384	-0.0619621	0.992393
-0.181588	0.474054	0.861568
0.243303	0.293643	0.924434
-0.133145	0.31615	0.93932
0.242379	-0.148672	0.958722
0.459642	-0.0973113	0.882757
0.510782	0.0401347	0.858773
0.391871	-0.644025	0.657015
0.451476	0.0950691	0.887204
-0.111096	0.30539	0.945724
0.524826	-0.0578615	0.84924
-0.127088	0.386193	0.913621
0.0858052	-0.0838162	0.99278
0.41888	0.136049	0.897792
0.715253	-0.0233413	0.698475
0.403168	-0.456256	0.793276
-0.367569	-0.0869914	0.925919
-0.190129	-0.037021	0.981061
0.323399	-0.0190887	0.94607
-0.261242	-0.0160276	0.96514
0.378943	0.262574	0.887388
0.387634	-0.277822	0.878951
0.533036	-0.0192425	0.845874
0.523192	-0.364391	0.770382
0.405432	-0.351116	0.844004
0.369251	0.412055	0.832985
0.156984	0.0679751	0.985259
-0.287019	0.00986602	0.957874
0.117521	0.577232	0.808079
-0.0441096	-0.0627961	0.997051
0.183855	0.172835	0.967639
0.197587	-0.778884	0.59523
-0.124198	-0.204488	0.970958
-0.395785	0.414104	0.819678
0.153904	0.813649	0.560615
-0.158129	-0.0936555	0.982967
-0.206528	0.716475	0.666341
0.290605	-0.387993	0.874649
-0.208914	0.416662	0.88473
-0.021887	-0.346568	0.937769
0.104191	0.421087	0.901016
0.0129299	0.436364	0.899677
-0.0844556	-0.304749	0.948681
-0.0987706	0.17717	0.979211
-0.000630042	-0.776772	0.629782
0.0518984	0.552636	0.831805
0.0683891	0.106946	0.99191
0.365402	-0.422188	0.829602
-0.147311	0.452734	0.879392
-0.20573	0.352579	0.912887
-0.77361	0.345117	0.531433
0.408875	0.0223453	0.912317
0.0118472	0.258828	0.965851
0.183101	0.205429	0.961391
0.16185	-0.298383	0.940623
0.090127	-0.0604466	0.994094
-0.485549	0.229933	0.843429
0.311316	0.506716	0.803941
0.110389	-0.253814	0.960933
0.0016949	-0.0633074	0.997993
-0.34943	0.0839577	0.933193
0.398398	0.414155	0.818386
-0.0231787	-0.315705	0.948574
0.198425	-0.198042	0.959899
0.302761	-0.128151	0.944411
0.636567	0.0821544	0.766833
0.587597	0.141786	0.796635
-0.198471	0.056039	0.978503
-0.123032	0.514705	0.848494
-0.381765	-0.67085	0.635779
0.365604	-0.154646	0.917833
-0.0305531	0.137816	0.989987
0.0563028	-0.0587062	0.996686
0.793871	-0.168736	0.584207
0.214269	-0.02825	0.976366
0.331806	0.308038	0.891638
0.658038	-0.1597	0.735855
0.034303	-0.343008	0.938706
-0.041022	0.119503	0.991986
0.0128196	-0.187556	0.98217
0.111465	-0.0860517	0.990036
-0.338155	-0.227983	0.913058
0.240393	0.0258952	0.97033
0.0200889	-0.687664	0.725751
-0.0247289	0.129575	0.991261
0.119934	-0.0359348	0.992131
0.180948	0.374332	0.909469
0.232604	-0.391911	0.890113
-0.452186	-0.213813	0.865917
0.181177	-0.174528	0.96784
-0.0176857	0.0934404	0.995468
0.422314	0.23027	0.876714
0.430702	-0.145788	0.890641
0.780813	0.407802	0.473316
0.22575	-0.0221431	0.973934
-0.179806	0.682292	0.708624
0.438482	0.594286	0.674209
0.255087	-0.599695	0.758483
-0.542571	0.16182	0.824276
0.249133	-0.0930891	0.963985
0.481074	-0.550789	0.682055
-0.105066	-0.300065	0.948115
0.448864	-0.155117	0.880034
0.0299109	0.229965	0.972739
-0.224702	0.211598	0.951176
0.00040051	-0.237969	0.971273
-0.266853	0.510711	0.81729
-0.123795	-0.0244357	0.992007
0.242854	-0.308609	0.919664
0.297679	-0.383431	0.874281
-0.229023	-0.112003	0.966956
-0.0626432	0.0595046	0.996261
-0.302245	0.12102	0.945517
0.705015	-0.361659	0.610046
0.346267	0.400454	0.848373
0.367698	0.177976	0.912755
0.432019	0.312401	0.846029
0.335163	-0.062971	0.940054
-0.180317	0.0869004	0.979762
0.15543	-0.314846	0.93633
-0.118541	0.158094	0.980283
0.663192	-0.217995	0.715999
-0.0583411	0.0801261	0.995076
0.459623	0.690648	0.558348
0.285268	0.110903	0.95201
0.196271	0.016706	0.980407
0.314793	-0.182948	0.931362
0.00843626	0.341574	0.939817
0.0977494	0.465778	0.879486
-0.192944	-0.150445	0.969608
-0.0497794	0.0518088	0.997416
-0.476392	-0.298091	0.82716
-0.163144	-0.212512	0.963443
0.413756	-0.439517	0.797265
-0.184998	0.204603	0.961204
0.643561	-0.0400151	0.764348
0.724874	0.214987	0.654476
0.417672	0.859147	0.295664
-0.018551	0.421267	0.906747
0.165038	-0.108452	0.980307
0.318478	0.614165	0.722061
-0.434156	-0.252309	0.864782
-0.35495	-0.224786	0.907459
0.621028	-0.364536	0.693857
0.556164	0.228463	0.799054
-0.335815	0.808877	0.482644
0.00635902	0.292527	0.956236
-0.121414	0.297014	0.947123
-0.198632	0.104238	0.974515
-0.107933	0.250787	0.962007
0.234896	-0.386346	0.891942
0.253781	-0.193577	0.947693
-0.092376	0.0630814	0.993724
-0.0431459	0.488825	0.871314
-0.215777	0.128405	0.967963
0.681214	0.50616	0.528913
0.229879	-0.313537	0.921331
-0.59684	-0.0494874	0.800833
0.271651	-0.443043	0.854353
-9.89947e-05	0.157438	0.987529
-0.617328	-0.348234	0.705436
0.0719803	-0.264428	0.961716
0.415083	0.330451	0.847649
0.571424	0.0295479	0.820123
0.847919	-0.0569085	0.527062
0.262288	-0.121799	0.957272
-0.229266	0.125733	0.965209
0.27832	-0.161946	0.946737
0.587882	0.0961075	0.803218
0.267331	-0.468304	0.842155
-0.557313	0.195809	0.806883
0.264405	-0.382527	0.885304
0.058621	-0.34306	0.937482
-0.202495	0.276558	0.939421
0.660671	-0.384602	0.644667
0.120961	-0.349768	0.928995
0.559477	-0.465621	0.685699
0.280409	-0.619716	0.733023
0.383827	-0.372639	0.844877
0.257229	-0.618427	0.74255
-0.0304124	-0.725727	0.68731
0.00251293	-0.157351	0.987539
0.292806	0.12421	0.94807
0.224502	-0.502084	0.835171
-0.307678	-0.0798586	0.948133
0.459145	-0.13511	0.878027
-0.00947283	0.235991	0.971709
-0.575981	-0.1845	0.79637
-0.249114	-0.240929	0.938028
-0.160288	0.193202	0.967978
0.0121554	-0.0939268	0.995505
0.335051	0.236255	0.912099
0.514179	-0.404289	0.75642
-0.102789	-0.64993	0.753011
-0.463097	-0.386435	0.797627
0.467754	-0.201044	0.86069
0.0496849	0.40732	0.911933
0.126386	-0.466842	0.875263
0.639649	0.124917	0.758449
0.800375	0.127517	0.585781
0.569054	0.150307	0.808446
0.491454	0.0339055	0.870244
0.52241	0.0946513	0.847425
0.206421	-0.141239	0.968216
-0.218061	-0.127578	0.96756
0.233696	0.0691639	0.969847
0.192612	0.0585733	0.979525
0.498483	-0.0894596	0.862271
0.533254	-0.447848	0.717685
0.338275	0.502691	0.795533
-0.0124638	0.134036	0.990898
-0.303944	0.167515	0.937847
0.364973	0.396635	0.842304
-0.191518	0.719576	0.667481
0.0807072	-0.110836	0.990556
0.623904	-0.082926	0.777089
0.246534	-0.270497	0.930619
0.545951	0.244569	0.801326
0.273842	-0.469019	0.839661
0.371815	-0.345438	0.861642
-0.0824131	-0.120831	0.989246
0.298506	0.0535288	0.952906
-0.528276	-0.0576318	0.847114
0.528711	0.0704955	0.845869
0.0505887	-0.61288	0.788555
-0.0814711	-0.349471	0.933398
0.586617	0.0264598	0.809432
-0.0601776	-0.37506	0.925045
0.173	-0.0915382	0.980659
0.301524	-0.104707	0.947692
0.353723	-0.158957	0.921745
0.118081	0.0691349	0.990594
-0.611677	-0.0142157	0.79098
0.481012	0.0240297	0.876385
-0.713618	0.515666	0.47417
0.482444	-0.239138	0.842651
-0.0642389	-0.676107	0.733998
0.133884	-0.092265	0.986693
0.0771648	-0.210724	0.974495
0.258835	-0.370194	0.892166
0.144721	-0.134003	0.980357
0.500057	0.0613557	0.863816
-0.0374891	0.18263	0.982467
0.182707	-0.229358	0.95604
0.449112	-0.463732	0.763709
-0.306215	-0.206211	0.92936
0.153036	-0.36464	0.918487
-0.0209091	-0.127659	0.991598
0.572812	-0.0749676	0.816252
0.0133682	0.279921	0.95993
0.167544	-0.0714493	0.983272
0.752995	0.118884	0.647198
-0.115718	-0.0757591	0.990389
0.292224	0.167626	0.941545
-0.319737	-0.401894	0.85805
0.368768	0.0262013	0.929152
0.208138	0.3278	0.921534
0.525055	-0.568927	0.632961
0.0333406	-0.359367	0.9326
0.845907	0.508495	0.160857
0.504481	0.018917	0.863216
-0.154007	0.432027	0.888614
0.528263	0.487096	0.695468
0.153254	0.72576	0.670661
-0.325911	-0.432347	0.840749
-0.076589	0.0934816	0.992671
-0.0987404	-0.312231	0.944861
0.391099	0.197459	0.898917
0.337032	-0.309833	0.889052
0.381996	-0.408776	0.828843
0.0976814	-0.353089	0.930476
0.290192	-0.265857	0.919298
0.506197	-0.151411	0.849022
0.648133	0.0202434	0.761258
-0.051385	0.00855519	0.998642
0.384119	0.261019	0.885619
0.136458	-0.569329	0.810706
0.307959	-0.302271	0.902105
-0.471649	-0.81856	0.327882
0.0274051	-0.38181	0.923834
0.299456	-0.114792	0.94718
-0.0538889	-0.657394	0.751618
0.392866	0.477298	0.78603
0.403751	-0.391047	0.827084
0.214468	-0.386906	0.896832
0.122926	0.203122	0.971407
-0.137937	0.159204	0.977562
0.329762	-0.321034	0.887803
-0.48352	-0.271124	0.832286
0.798923	-0.122002	0.588929
0.359209	0.137287	0.923104
0.0821338	0.0861477	0.992891
0.319837	0.167919	0.932474
-0.583834	0.526334	0.618151
0.412548	0.192035	0.890465
-0.341331	-0.275783	0.898575
0.158319	0.107882	0.981477
0.685217	-0.563812	0.461079
0.444223	-0.539201	0.715492
0.126297	-0.279939	0.951674
-0.518467	0.286862	0.805545
-0.017601	-0.274198	0.961512
0.178109	-0.469449	0.864809
0.327267	0.103546	0.939241
-0.0455414	0.0562796	0.997376
0.437726	-0.708471	0.553593
0.576149	-0.419485	0.701488
-0.360343	0.648802	0.67023
0.799048	-0.0688027	0.597317
-0.193345	-0.37049	0.908491
0.466121	0.283044	0.838223
0.0311411	-0.448423	0.893279
0.0576236	-0.429804	0.901081
0.113652	-0.585845	0.802415
-0.335829	-0.272702	0.901583
0.137106	0.155509	0.978274
-0.323338	-0.377115	0.867892
0.761957	-0.426283	0.487549
0.232339	-0.256385	0.938235
-0.2902	0.0411285	0.956082
0.389853	0.466386	0.79404
0.487101	0.511296	0.708031
-0.153902	0.439428	0.884996
0.657305	0.172115	0.733708
-0.136117	0.0817466	0.987314
0.533205	0.197515	0.822606
-0.0577785	-0.063937	0.99628
0.556211	-0.332001	0.761843
0.88259	0.308459	0.354807
-0.00806126	0.291445	0.956554
-0.00292835	-0.216457	0.976288
0.569912	0.701847	0.427331
0.0180337	0.0701024	0.997377
-0.0342025	0.281101	0.959068
0.126157	-0.304319	0.944179
-0.0900612	0.641673	0.761672
-0.152913	-0.202387	0.967294
0.441985	0.0750545	0.893877
0.0415217	0.560229	0.827296
0.286125	-0.334176	0.898031
0.1062	-0.37167	0.92227
0.307267	0.131974	0.942428
-0.180678	0.0249757	0.983225
0.121979	0.237134	0.963789
0.251994	0.254854	0.933568
0.328649	-0.133454	0.934976
-0.0327508	0.18544	0.98211
0.289435	0.52901	0.797732
0.478578	-0.12236	0.869478
0.0317111	-0.358975	0.932808
-0.0790051	-0.521278	0.849722
0.589781	-0.416594	0.691815
-0.497754	0.0994487	0.861598
-0.134004	0.260309	0.956181
0.285856	-0.0616659	0.956286
0.0558768	-0.181034	0.981888
0.40744	0.379845	0.830488
0.0498086	0.300472	0.952489
0.00337858	-0.325089	0.945677
0.404951	-0.0657363	0.911972
-0.227812	-0.322635	0.918699
-0.00957763	0.136243	0.990629
0.168795	0.32875	0.92921
0.0995514	0.0672204	0.992759
0.20633	0.00726988	0.978456
-0.164246	-0.220277	0.96151
0.331819	0.109087	0.937014
-0.0113677	-0.393422	0.919288
-0.752287	0.0275642	0.658259
0.865632	0.282245	0.413545
-0.21255	-0.685409	0.696446
0.194576	-0.434436	0.879435
0.193317	-0.0606922	0.979257
0.519629	0.277538	0.808058
0.17207	-0.369295	0.913243
-0.369181	0.376133	0.849841
0.342211	-0.0753144	0.9366
0.0908025	-0.101937	0.990638
0.297543	-0.269561	0.915863
0.180909	0.169902	0.968713
0.436096	0.00624913	0.899879
0.286482	-0.322169	0.902294
0.443689	0.436721	0.782569
0.193156	0.475321	0.858348
0.49043	-0.0606398	0.869368
0.0255863	-0.266519	0.96349
-0.191843	0.0862431	0.977629
0.161184	-0.332051	0.929388
-0.422852	-0.179444	0.888254
0.0390746	0.220986	0.974494
0.151046	0.0862772	0.984755
0.0475819	-0.204542	0.977701
0.0671069	0.047456	0.996617
-0.240859	-0.0163066	0.970423
0.597659	0.38367	0.703989
0.31856	-0.406494	0.856319
0.511187	0.140473	0.847912
0.000701045	0.515148	0.857101
0.513168	-0.493231	0.702411
0.252803	0.0534728	0.966039
-0.240214	0.33458	0.911237
-0.0125872	0.128805	0.99159
0.464333	-0.144428	0.873805
0.192442	0.336963	0.921641
0.625521	0.172736	0.760846
0.484254	-0.0543547	0.873237
0.0924437	0.110883	0.989525
0.54927	-0.307505	0.777009
0.673295	0.718061	0.176247
-0.116676	0.0219115	0.992928
0.255388	-0.299105	0.919409
0.292007	0.104205	0.950723
-0.348853	-0.438867	0.828068
0.660321	0.455158	0.597334
-0.0714863	-0.0248338	0.997132
0.645432	-0.214794	0.732995
0.0848492	-0.414871	0.905916
0.295526	-0.0437926	0.95433
-0.581976	0.336166	0.74047
-0.191112	0.303348	0.933518
0.122815	0.0654071	0.990272
-0.00135897	0.0205511	0.999788
0.208295	0.253217	0.944719
0.37649	-0.23721	0.895537
0.141212	-0.527588	0.837681
-0.203706	0.702165	0.682252
-0.394005	0.0799533	0.915624
0.114999	0.355176	0.927699
0.0487338	0.11549	0.992112
-0.370988	0.130414	0.919434
0.111226	0.104424	0.988294
0.26659	0.612464	0.744189
0.104363	-0.411275	0.905517
-0.118273	0.106936	0.987206
0.175011	0.345114	0.9221
-0.317733	-0.407382	0.856204
-0.06412	0.26165	0.96303
0.30512	0.315001	0.898708
0.034283	0.00883455	0.999373
0.151031	-0.41489	0.897249
0.0488649	-0.225832	0.97294
0.425629	0.33025	0.842481
0.406216	-0.133352	0.903994
0.594605	0.00866559	0.803972
0.681529	0.126611	0.720755
0.198743	-0.487287	0.850325
0.18721	-0.116674	0.975367
-0.134576	-0.271674	0.952934
0.0472361	0.237889	0.970143
-0.172169	0.18478	0.967582
-0.0535397	0.215846	0.974958
0.12148	-0.12913	0.984159
-0.214924	0.123148	0.968835
0.270465	0.204537	0.940751
0.423339	-0.541813	0.726101
0.255573	0.498488	0.828367
0.0563264	0.134883	0.989259
-0.0854949	-0.271785	0.958553
0.196649	0.159331	0.967441
0.642868	-0.15535	0.750058
0.065045	0.56364	0.823455
0.00866854	0.361485	0.932338
-0.135894	0.0687571	0.988335
-0.354	0.338373	0.871887
-0.00576086	0.00266428	0.99998
0.739796	-0.117828	0.662434
0.399361	-0.498084	0.76969
0.606385	-0.485203	0.62998
0.315668	-0.425894	0.84792
0.249395	0.367071	0.896137
0.53036	0.354269	0.770203
0.060344	-0.0470607	0.997068
-0.0839367	0.197344	0.976734
0.026161	0.161009	0.986606
-0.341429	0.25262	0.905323
0.517699	0.454454	0.724886
0.084646	0.298926	0.950515
0.457258	-0.30003	0.837196
-0.0377326	0.0288289	0.998872
0.058355	-0.148123	0.987246
-0.399553	0.266574	0.877095
-0.15501	-0.328611	0.931658
0.15037	-0.38164	0.911998
0.505718	0.179236	0.843874
-0.141866	-0.0585436	0.988153
0.41756	0.241331	0.876015
-0.177042	-0.261225	0.948903
0.261273	0.329031	0.907455
-0.274137	-0.60483	0.747683
0.0476316	-0.565287	0.823518
0.126292	0.831372	0.541176
0.195085	-0.240919	0.950737
0.301544	0.320729	0.897889
0.506131	-0.357602	0.784827
0.682391	-0.115159	0.721859
0.39038	-0.00519272	0.920639
0.425841	-0.0400676	0.90391
0.450307	0.176286	0.875298
0.117682	-0.271836	0.955121
0.00231746	0.300639	0.953735
0.362773	-0.156581	0.918628
0.513461	-0.0477371	0.856784
0.411451	-0.541512	0.733125
0.863044	-0.141833	0.484807
0.162787	0.508856	0.84532
0.443226	-0.227173	0.867147
0.140118	-0.0377505	0.989415
-0.0366342	-0.118878	0.992233
-0.281176	0.0741902	0.956784
0.482261	-0.621789	0.617092
-0.0292019	0.00912882	0.999532
0.58603	0.320868	0.744051
-0.0224663	0.360208	0.932602
0.125169	0.328999	0.935998
-0.138649	-0.0520812	0.988971
-0.011899	-0.0236688	0.999649
0.31679	-0.261025	0.911872
0.0698462	0.215069	0.974098
-0.0425108	0.202143	0.978433
-0.0913254	0.38308	0.919189
0.350214	-0.330815	0.876306
0.10595	0.367217	0.924081
0.179651	-0.032938	0.983179
-0.0567364	-0.150771	0.986939
-0.0639608	-0.463816	0.88362
-0.256369	-0.56637	0.783262
-0.268062	0.50972	0.817513
0.127594	-0.158434	0.979091
0.3573	0.47637	0.803373
0.162933	-0.235666	0.958078
0.0547094	-0.211282	0.975893
-0.263988	-0.638842	0.722628
0.351313	0.362765	0.863123
0.298696	0.239553	0.923794
0.11437	0.319948	0.940507
0.320354	-0.066425	0.944966
0.382697	-0.249888	0.889437
0.00918941	0.187685	0.982186
0.0138341	0.314209	0.949253
0.235926	-0.07924	0.968535
-0.297148	-0.212548	0.930874
0.749098	-0.119404	0.651609
0.398983	-0.43405	0.807721
0.263778	-0.0731639	0.961805
-0.303036	-0.0982533	0.947901
-0.233143	0.153075	0.960319
0.572363	-0.0103661	0.819935
0.133024	-0.129753	0.982583
-0.0959951	-0.328809	0.939505
0.670995	-0.0922561	0.7357
0.0116656	-0.24239	0.970109
0.589929	0.0246792	0.807078
-0.155926	-0.102586	0.982427
0.130773	-0.119811	0.984146
0.481621	-0.635545	0.603427
-0.181446	0.329274	0.926637
0.338731	0.550677	0.7629
0.570589	0.264546	0.77746
-0.163856	0.591918	0.789167
0.411111	0.0505681	0.910181
0.315933	0.0349599	0.948137
-0.0499266	-0.121217	0.99137
0.124757	-0.17943	0.975828
-0.0869082	-0.624568	0.776119
0.319643	-0.0343967	0.946913
0.110969	-0.145156	0.983166
0.261711	-0.0264067	0.964785
0.338578	-0.746835	0.572366
0.102175	0.354896	0.929306
0.401612	0.432232	0.807393
0.361188	-0.12285	0.924365
0.271681	-0.24609	0.930392
0.121329	-0.495478	0.860105
0.855288	0.000716408	0.518152
0.131816	-0.0398162	0.990474
0.178715	0.410471	0.894189
0.257547	0.018218	0.966094
0.0213317	0.247053	0.968767
-0.00703375	0.230731	0.972992
-0.143786	-0.30392	0.941784
0.510524	0.486897	0.708728
0.0521866	0.00465056	0.998627
0.19026	-0.395084	0.898727
0.115286	0.0323712	0.992805
-0.0857103	0.376574	0.922413
0.0403113	-0.558595	0.828461
-0.120392	-0.136348	0.983318
-0.0826934	0.0268821	0.996212
0.510929	-0.36982	0.776005
-0.241908	0.336565	0.910058
0.367228	-0.512878	0.775951
0.310729	0.105111	0.944669
-0.0417959	-0.303337	0.951966
0.421612	-0.07645	0.903548
-0.123542	0.0585608	0.99061
0.294021	-0.323939	0.89923
-0.407803	-0.114386	0.905877
-0.233154	-0.334366	0.913148
0.488979	-0.445818	0.749763
0.214442	-0.244118	0.945739
-0.196184	-0.0778254	0.977474
0.263076	0.0783489	0.961588
0.09097	-0.413194	0.906088
-0.239178	-0.232046	0.942841
0.117443	0.112776	0.986655
0.422389	-0.405415	0.810695
0.708551	0.129424	0.693689
0.643386	-0.439873	0.626552
0.0778404	-0.141675	0.986848
0.0635768	-0.167912	0.98375
0.399698	-0.0771315	0.913396
0.47297	-0.492663	0.730468
-0.322342	0.160925	0.932844
-0.0147856	-0.327806	0.944629
0.56391	0.318759	0.761838
-0.258674	0.215001	0.941734
-0.409433	-0.0215791	0.912085
0.567352	-0.572758	0.591658
0.0147674	-0.0349036	0.999282
-0.48704	-0.219061	0.845461
0.3768	0.242171	0.894078
0.23005	0.448839	0.863493
-0.543874	0.217781	0.810415
0.134489	-0.0726675	0.988247
0.139613	-0.150135	0.978758
0.282796	-0.374191	0.88318
-0.444371	-0.312609	0.83953
0.211486	0.0893537	0.973288
0.0241622	-0.234618	0.971787
-0.627022	-0.06045	0.776653
0.0608604	-0.163555	0.984655
-0.420468	0.270987	0.865894
0.123505	0.0676019	0.990039
0.516481	-0.211163	0.829854
0.500542	-0.31115	0.807863
-0.169151	0.659283	0.732621
-0.504293	0.235331	0.830848
0.198052	0.518849	0.831607
0.276629	0.0394698	0.960166
0.100253	0.0762151	0.992039
0.0503596	-0.339086	0.939407
-0.0965196	0.16421	0.981692
0.305579	0.55269	0.775342
-0.146231	-0.510377	0.847427
-0.482345	0.0520132	0.874436
0.148102	0.678765	0.719266
-0.405573	0.0377982	0.913281
0.127389	-0.253177	0.958996
-0.150557	0.101064	0.983422
-0.386672	0.0723004	0.919379
0.0355507	0.0788406	0.996253
0.0465853	-0.45069	0.891464
-0.18378	-0.251112	0.950351
-0.305105	0.263453	0.915152
-0.143573	0.494641	0.857157
0.413253	-0.394501	0.820726
0.0781311	-0.0812327	0.993628
-0.333585	-0.940241	0.0683185
0.138029	-0.364285	0.921002
-0.372402	0.212663	0.903378
0.412373	0.134716	0.900999
0.206087	-0.311453	0.927645
-0.0314017	0.139646	0.989703
0.696247	-0.343975	0.630017
-0.364806	0.100389	0.925656
0.393065	-0.0462142	0.918349
-0.349434	-0.0680434	0.934487
0.267617	-0.0148684	0.963411
0.0814397	-0.355394	0.931162
0.43586	0.498384	0.749426
-0.359108	-0.23971	0.901987
0.142889	0.068751	0.987348
-0.433402	-0.162409	0.886446
0.292227	-0.652173	0.699481
0.0580675	-0.376135	0.924744
-0.10875	-0.127566	0.98585
0.175183	-0.42643	0.887394
-0.0612549	-0.397592	0.915515
0.333345	-0.197077	0.921977
0.193569	-0.219814	0.956145
0.106063	0.00748376	0.994331
0.209837	-0.0864034	0.973911
0.63867	-0.290727	0.712445
0.552193	0.0287681	0.83322
-0.30791	-0.114789	0.944466
0.094147	0.228529	0.968974
-0.124805	-0.270068	0.954718
0.0516564	0.15878	0.985962
0.686677	-0.239977	0.686212
0.607256	0.226627	0.761499
0.0697146	0.132713	0.9887
0.404799	0.140319	0.903575
0.49119	0.189647	0.850157
0.684719	-0.444095	0.577874
0.0392573	0.199605	0.97909
0.253408	-0.212561	0.943717
-0.150683	-0.270884	0.950745
0.406756	0.399057	0.821768
0.352042	-0.140317	0.925407
0.139582	0.275492	0.951116
0.506449	-0.340069	0.792378
0.316661	-0.167094	0.933705
0.182103	-0.256726	0.949173
0.496485	-0.409205	0.765542
0.0381498	-0.0955931	0.994689
0.393424	-0.645813	0.654326
0.656984	-0.287509	0.696929
0.0979474	0.0928091	0.990855
0.406888	0.309467	0.85946
0.0973309	0.182891	0.978303
0.431017	-0.115941	0.894864
0.281529	0.0136447	0.959456
-0.381907	0.0723322	0.921366
0.214898	0.217202	0.952178
0.430801	-0.0541989	0.900818
0.209116	0.124654	0.969913
0.390209	0.20276	0.898123
0.398972	0.455853	0.795625
0.189842	-0.811223	0.553063
0.333714	-0.596304	0.730107
-0.103295	-0.259477	0.960209
0.22319	-0.603016	0.765871
-0.0276036	-0.260244	0.965148
0.260322	0.402279	0.877727
0.0540997	0.0142784	0.998433
0.319981	-0.41169	0.853302
-0.346155	0.339653	0.874536
0.681608	-0.503542	0.530902
0.420645	-0.144776	0.895599
0.213408	-0.282039	0.935367
0.266294	-0.0457706	0.962805
-0.0634764	-0.287601	0.955645
0.197857	-0.484723	0.851996
0.25258	0.048257	0.966372
0.186058	-0.440383	0.878319
-0.149171	0.486122	0.861065
-0.128323	0.455479	0.880949
0.441999	0.448915	0.776603
0.366339	-0.703157	0.609398
0.326062	-0.137459	0.935301
0.46335	0.298616	0.834347
-0.259003	0.0650446	0.963684
0.440203	-0.383138	0.812051
0.489421	0.484712	0.724928
0.184197	-0.584269	0.79038
0.128356	0.0183621	0.991558
-0.428244	-0.381334	0.819263
0.871862	0.414277	0.26121
0.300797	0.0703482	0.95109
0.0105072	-0.168064	0.98572
-0.270969	0.613866	0.741448
0.182271	0.210396	0.960474
0.622849	0.57177	0.533984
-0.105803	-0.302339	0.94731
0.549525	0.051545	0.833886
-0.274831	-0.512171	0.813726
-0.57004	0.0642408	0.819102
0.244895	0.0267856	0.969179
0.26824	0.123759	0.95537
0.478593	-0.469642	0.741879
0.121597	-0.773599	0.621899
0.00841295	0.19589	0.98059
0.218016	0.459863	0.860811
-0.216307	-0.120177	0.968901
0.464172	0.481142	0.743671
-0.440386	0.0341918	0.897157
-0.233344	-0.173539	0.956784
-0.261582	-0.327658	0.907863
0.177882	-0.112095	0.977647
0.0816222	0.0258217	0.996329
0.0442803	0.116636	0.992187
0.128549	-0.248441	0.960079
0.0599699	-0.506681	0.860045
0.258969	-0.145056	0.954931
-0.237227	-0.198819	0.950891
0.0973672	-0.0184325	0.995078
0.267457	-0.0739237	0.96073
0.0512122	-0.524164	0.850076
0.109658	-0.168853	0.979522
0.13414	-0.317453	0.938738
0.00266763	0.257615	0.966244
0.234132	-0.238835	0.942412
0.083513	0.306024	0.948354
0.23398	-0.461411	0.855776
0.173849	0.208715	0.9624
0.0147383	-0.141045	0.989893
0.794969	0.0206674	0.606298
-0.104272	-0.215726	0.97087
0.572077	0.227872	0.78791
0.509428	0.317727	0.799708
-0.356976	-0.69618	0.622818
-0.174382	-0.35192	0.919643
0.703968	0.411739	0.578706
0.271477	0.0913934	0.958096
0.0617891	0.0667348	0.995856
0.145387	-0.0454094	0.988332
0.225094	0.157595	0.961507
-0.0497652	-0.732581	0.678859
-0.107985	-0.327936	0.938508
0.211562	0.265385	0.940645
0.0158971	-0.484577	0.874604
0.101108	0.084101	0.991314
-0.4222	0.150047	0.893998
-0.447339	0.337237	0.828347
0.0769258	0.0192901	0.99685
-0.179744	-0.100582	0.978558
0.0605652	0.0408381	0.997328
0.187307	0.296852	0.936373
0.205232	-0.0164269	0.978575
0.765052	-0.41738	0.490397
0.35579	0.367561	0.859251
-0.140855	-0.155232	0.977785
-0.10186	-0.385812	0.916937
0.066918	-0.101168	0.992616
0.528447	-0.392996	0.752528
-0.233	0.41735	0.878368
0.234216	-0.295088	0.926318
0.12648	-0.159234	0.979105
-0.274855	0.23307	0.932809
0.212904	-0.493625	0.843212
0.322854	0.751447	0.575406
0.633262	-0.0382837	0.77299
0.195517	0.388377	0.90052
0.553288	-0.15964	0.81755
0.731531	0.090847	0.675729
-0.358473	-0.367142	0.858315
0.702356	-0.0425865	0.71055
-0.33696	-0.109209	0.935164
0.112657	0.15654	0.981226
0.0476172	0.506419	0.860972
0.217319	0.0562724	0.974477
-0.0474563	-0.597189	0.800695
0.559776	-0.0645968	0.826122
0.11793	-0.186898	0.975275
0.172204	-0.1432	0.974597
-0.356936	-0.368241	0.858485
0.0240685	-0.716526	0.697145
0.196795	-0.15728	0.967747
0.336862	-0.461935	0.820451
0.0533636	0.0394526	0.997795
0.0248117	-0.710127	0.703636
0.268754	0.140289	0.952938
0.430624	0.346738	0.833268
0.0221165	-0.856508	0.515659
0.469509	0.0718904	0.879996
-0.214004	0.070272	0.974302
-0.221878	0.407851	0.885679
0.269574	-0.1217	0.955259
0.423091	0.257976	0.868586
0.367839	-0.13991	0.919304
0.335542	0.00333117	0.942019
0.256808	0.368474	0.893463
0.143793	-0.436772	0.888006
0.118747	0.416483	0.901355
0.423612	-0.00805707	0.905808
0.653394	-0.180014	0.735303
0.335248	0.420908	0.842879
-0.103522	0.301917	0.947697
0.291726	0.0914115	0.952124
0.577759	0.12164	0.807092
0.322279	0.474602	0.819078
-0.120094	-0.465642	0.876787
0.343711	-0.617282	0.70769
0.592271	0.123184	0.796266
0.102034	0.573934	0.81252
0.365371	0.104477	0.92498
0.689197	0.0138236	0.724443
0.67497	0.30006	0.674077
-0.035151	-0.071667	0.996809
0.234709	0.261524	0.936225
0.621811	0.0465353	0.781783
0.447019	0.336775	0.828708
0.552218	-0.29919	0.778165
0.42139	-0.0574273	0.90506
-0.227226	-0.441425	0.868051
0.118082	-0.11119	0.986759
0.0277457	0.163268	0.986192
0.32544	-0.216283	0.920495
0.150959	-0.576963	0.802699
0.325791	-0.438962	0.83736
-0.0610249	0.649496	0.757912
0.446108	-0.0964915	0.889762
0.175506	-0.031595	0.983971
0.323864	-0.22816	0.91818
0.129612	-0.457463	0.879732
0.178547	0.10319	0.978505
0.67023	0.196147	0.715764
-0.217651	0.116454	0.969055
-0.0878634	0.0788797	0.993005
-0.341883	-0.168598	0.924495
-0.25456	-0.0452409	0.965998
0.105713	-0.0505445	0.993111
0.301892	-0.0950692	0.94859
0.0282492	-0.347403	0.93729
0.540613	-0.308414	0.7827
0.423653	0.20606	0.882076
-0.324304	0.349989	0.878826
0.632162	0.431117	0.643823
-0.0777246	-0.178234	0.980914
0.44111	-0.112707	0.890348
0.0952153	0.371316	0.923612
-0.061415	0.0125137	0.998034
0.204923	-0.342267	0.916984
0.435333	0.123196	0.8918
0.053508	0.638254	0.767964
-0.0337034	0.184504	0.982254
0.11686	-0.330158	0.936664
-0.211543	-0.390797	0.895839
0.379571	-0.35766	0.853232
0.187737	-0.574705	0.796536
0.316119	-0.329924	0.889505
0.325938	0.202178	0.92352
-0.313216	0.195458	0.92935
0.161696	-0.138497	0.977074
0.199622	-0.356132	0.912864
-0.360608	-0.427086	0.829192
0.455016	-0.0526562	0.888925
0.494406	-0.269058	0.826541
0.439168	0.403984	0.802451
0.390377	0.290146	0.87374
-0.570754	-0.378715	0.72857
-0.0920734	-0.113308	0.989284
0.574578	0.238803	0.782837
-0.0249884	-0.330768	0.943381
0.233838	0.287234	0.928879
0.590265	-0.162812	0.79062
0.458177	0.228461	0.858999
0.553753	-0.264379	0.789596
-0.00638133	0.389785	0.920884
0.498895	0.4539	0.738294
0.117255	-0.15318	0.981217
0.589497	-0.204477	0.781462
0.127122	-0.0101589	0.991835
-0.181038	-0.0621428	0.981511
0.354217	0.231271	0.906115
0.0540133	-0.038726	0.997789
0.62203	0.0461755	0.781631
-0.000576751	0.751063	0.66023
0.266477	-0.305393	0.91418
-0.143041	-0.249054	0.957868
0.234504	-0.2549	0.938101
-0.00138159	-0.106068	0.994358
0.273213	0.845308	0.45914
-0.175759	-0.268843	0.947012
-0.325415	-0.424394	0.844982
0.294834	-0.281986	0.912993
-0.272803	-0.213489	0.938084
0.467515	0.0644286	0.881634
0.60176	-0.0550155	0.79678
0.541776	0.0582647	0.838501
0.144773	0.543652	0.826731
-0.049082	-0.432876	0.900116
0.508911	0.475621	0.717492
0.331169	-0.0110061	0.943507
-0.0545114	0.324062	0.944464
-0.167856	0.165408	0.971836
0.137117	-0.183969	0.973321
0.243498	0.0041695	0.969892
-0.134505	-0.200715	0.970372
-0.127541	0.26808	0.954917
0.0979825	-0.0109499	0.995128
0.211845	-0.231991	0.949369
0.462003	-0.0606446	0.884803
0.67995	-0.409966	0.607945
0.109249	-0.206198	0.972392
0.486073	-0.23292	0.842307
0.272549	-0.0979999	0.957138
0.588746	0.235526	0.773244
0.0210762	-0.440375	0.897566
0.545311	-0.213763	0.810519
0.137134	-0.42531	0.894598
0.37644	0.724505	0.577395
-0.0133152	0.428099	0.903634
-0.399345	0.110673	0.910096
-0.0415449	-0.0541084	0.99767
0.403918	0.343611	0.84781
-0.0671354	0.00529523	0.99773
0.191482	-0.183026	0.96428
-0.312589	0.180484	0.932584
0.388015	0.179203	0.904063
0.61485	-0.0127924	0.78854
0.80612	0.408422	0.428207
0.0943799	-0.311191	0.945649
0.127078	-0.100573	0.986781
0.0508492	0.253826	0.965912
-0.205268	0.364127	0.908447
-0.201955	-0.369062	0.907197
0.23851	-0.0825351	0.967626
0.231178	-0.238458	0.943236
0.0454867	-0.458955	0.887294
-0.26587	0.0813151	0.960573
-0.186664	-0.632599	0.751649
0.450497	0.352026	0.820445
-0.0686052	0.151986	0.985999
0.350949	-0.165809	0.921598
0.200232	-0.155435	0.96734
-0.200937	-0.0136057	0.97951
0.226806	0.0379618	0.9732
0.672015	-0.221319	0.706692
0.448456	0.404189	0.797194
0.196341	0.25795	0.945998
0.247594	0.0649047	0.966688
0.435899	0.456785	0.775461
0.551894	0.16504	0.81742
0.0256803	-0.413518	0.910134
0.46298	0.532996	0.708213
0.434415	-0.440735	0.785516
0.398256	0.0065954	0.91725
0.360206	-0.371999	0.855493
0.0829137	-0.139647	0.986724
0.230644	-0.247419	0.941056
0.443759	-0.524423	0.726677
-0.254568	0.0420792	0.966139
-0.0559003	0.0153254	0.998319
0.0439367	-0.696858	0.715862
0.325717	-0.327371	0.886982
0.283651	-0.164985	0.944628
0.356934	-0.082635	0.930467
0.381619	-0.412625	0.827108
-0.337991	0.112777	0.934368
0.256808	0.188893	0.947823
-0.449066	-0.694865	0.561696
-0.00251497	-0.0926864	0.995692
0.401826	0.176965	0.898454
-0.070886	0.103308	0.99212
0.21415	-0.185374	0.95905
0.386046	-0.0889172	0.918184
0.187782	0.167452	0.967831
-0.00807222	-0.226773	0.973914
-0.221049	0.036767	0.974569
-0.0480706	-0.472814	0.87985
0.213061	0.26897	0.939287
-0.236391	-0.116118	0.964695
0.0968921	-0.0403631	0.994476
0.381824	-0.269312	0.884128
0.403971	0.0651968	0.912446
0.531404	-0.565294	0.630914
-0.0334922	-0.281546	0.958963
0.0621514	0.302861	0.951006
-0.0445748	0.18914	0.980938
0.302622	0.292129	0.907238
-0.0224806	-0.216424	0.976041
0.0403804	0.213354	0.97614
0.461929	-0.152108	0.873776
-0.28787	-0.311282	0.905668
0.604136	0.341218	0.720132
0.028379	-0.438912	0.898082
-0.300096	-0.474678	0.827419
0.161288	0.573722	0.803013
0.317912	0.127647	0.939488
0.566782	-0.381042	0.730456
-0.188582	-0.329381	0.925173
0.18377	0.437706	0.880137
0.152137	-0.071425	0.985775
0.271669	0.0109056	0.962329
0.208448	0.542021	0.814103
-0.035268	0.150551	0.987973
0.219865	0.735618	0.640722
-0.09495	0.185175	0.978108
-0.0205262	0.114147	0.993252
0.42451	-0.182912	0.886755
-0.0651137	-0.38752	0.919559
0.0830439	0.595546	0.799018
0.236336	-0.0476088	0.970504
0.31291	-0.110029	0.943388
0.249844	-0.306645	0.918448
0.309087	0.0906139	0.946707
0.0920794	-0.193134	0.976842
-0.0465575	-0.39364	0.918085
0.0307692	0.290903	0.956258
-0.347796	-0.564493	0.748589
0.234589	0.00649552	0.972073
0.340091	-0.0520928	0.938949
0.0922728	0.533951	0.840465
0.349171	-0.290773	0.890803
0.344221	-0.145288	0.927579
0.464775	-0.5066	0.726182
0.114163	0.0367272	0.992783
0.485723	-0.397381	0.778564
0.286905	0.221693	0.931953
-0.0320126	-0.200082	0.979256
0.0220452	0.181043	0.983228
0.211165	0.077148	0.974401
0.303701	-0.41258	0.858803
-0.371853	-0.211535	0.903869
-0.232072	-0.348744	0.908031
0.0848717	0.605397	0.791385
0.0142975	-0.242152	0.970133
0.308521	-0.155542	0.938414
0.44506	-0.29782	0.844526
-0.387985	0.279893	0.878139
0.0868698	-0.148117	0.985147
-0.355128	-0.233819	0.905104
0.0986303	0.308542	0.946084
0.287806	0.348531	0.892016
0.273458	-0.35683	0.893249
0.465823	-0.186014	0.865106
0.437624	-0.053971	0.897537
0.449482	-0.52952	0.719427
-0.252774	0.021231	0.967292
0.699472	-0.00392629	0.71465
0.625549	-0.362098	0.691067
0.256025	-0.0528808	0.965223
0.284146	0.0128834	0.958695
0.0321553	0.232989	0.971948
0.689885	-0.150382	0.708127
0.490985	-0.0245471	0.870822
-0.392107	-0.188794	0.900338
0.595741	-0.163846	0.786287
0.332444	-0.247833	0.909978
-0.343761	-0.00753478	0.939027
0.105219	0.419875	0.901462
0.119104	-0.289808	0.949645
-0.0100826	-0.700161	0.713914
-0.204829	0.141665	0.968492
0.424999	0.341264	0.8384
0.404096	-0.203041	0.891897
0.27553	-0.144309	0.950399
0.442775	0.281214	0.851393
0.0231207	-0.190358	0.981442
0.403864	-0.407673	0.818961
-0.315179	0.0249471	0.948704
-0.181774	-0.133289	0.974265
-0.00681337	-0.539614	0.841885
0.501555	-0.154201	0.851273
0.31674	0.170995	0.932972
0.410379	-0.24968	0.877068
0.437595	0.257852	0.861407
-0.153494	-0.190839	0.969546
0.171842	0.180334	0.968478
-0.00653963	0.0138001	0.999883
0.525571	-0.454545	0.719141
-0.439563	0.231781	0.867791
-0.132244	0.0367604	0.990535
0.165837	-0.374249	0.912379
-0.128934	-0.228645	0.964934
0.526275	0.0848013	0.846075
0.07211	-0.491551	0.867858
-0.599911	-0.318243	0.734049
0.0268885	-0.0329499	0.999095
0.316677	-0.455162	0.832192
-0.340672	-0.0526847	0.938705
0.0766063	0.311547	0.947138
0.456633	-0.337128	0.823305
0.589545	-0.365255	0.720434
0.02103	0.0459425	0.998723
-0.165483	0.250793	0.953792
-0.000686214	0.808301	0.588769
0.175245	0.125754	0.97646
0.0284451	-0.0820608	0.996221
0.213005	-0.485665	0.847796
0.0642218	-0.728192	0.682358
-0.12186	0.252674	0.959847
0.389986	1.53329e-05	0.920821
0.49182	0.197242	0.848062
0.142377	0.0560918	0.988222
0.191906	0.704819	0.682937
-0.154705	-0.161188	0.974723
0.397521	0.0906322	0.913106
0.571663	-0.056846	0.818517
0.669039	-0.410945	0.619283
0.823818	-0.166593	0.541822
-0.194102	0.532061	0.824158
0.309942	0.606335	0.732321
0.481872	0.0604504	0.874154
0.799938	-0.0135339	0.599929
0.49583	-0.0282728	0.867959
0.082777	-0.311268	0.94671
0.345831	0.0666436	0.935927
0.72309	0.261929	0.639167
0.156926	-0.562545	0.811738
-0.00336316	-0.793958	0.607963
0.59782	-0.512732	0.616212
0.136792	-0.385861	0.912359
0.30533	-0.00805851	0.952213
-0.173522	-0.164073	0.971067
0.79098	-0.147776	0.593728
0.703377	0.0236197	0.710425
-0.281669	-0.522117	0.80502
0.182967	-0.0811172	0.979767
0.614469	0.130767	0.778028
0.427033	0.339943	0.837903
0.0708612	0.118449	0.990429
0.317204	0.0799372	0.944982
-0.142343	-0.0512143	0.988492
0.542787	-0.587503	0.600185
-0.321703	-0.135793	0.937053
-0.127971	0.161587	0.978526
0.240722	-0.620791	0.746104
-0.439105	-0.219281	0.871265
-0.585828	-0.0712348	0.807299
0.164714	-0.0651633	0.984186
-0.323578	-0.548388	0.771082
-0.506232	-0.189976	0.841212
0.32718	0.0495245	0.943663
0.425633	-0.0704377	0.90215
0.431272	0.192821	0.881376
0.463854	0.062379	0.883713
-0.0467793	-0.284612	0.957501
-0.343016	-0.274701	0.898265
-0.165986	-0.101991	0.98084
0.577239	0.0766681	0.812968
0.486882	-0.175878	0.855578
0.39153	0.389287	0.833763
0.24414	0.146555	0.958602
0.281604	-0.0529857	0.958067
-0.33857	-0.371773	0.864381
0.056726	-0.0545365	0.996899
0.0819214	0.188288	0.978691
-0.279715	-0.506652	0.815514
0.244926	0.654754	0.715058
0.0588121	-0.310848	0.948638
-0.230806	-0.435889	0.869902
0.596112	-0.322822	0.735144
0.708404	-0.350416	0.612677
0.552858	-0.0306926	0.83271
0.213475	0.0151536	0.976831
0.0222376	0.189009	0.981724
0.36846	0.490925	0.789449
-0.0773281	-0.0346542	0.996403
0.0733817	0.0670957	0.995044
0.290667	0.202156	0.935225
0.858089	-0.400217	0.32173
0.206869	-0.421764	0.882791
0.483615	-0.507153	0.71338
0.499543	-0.0397021	0.865379
0.171669	0.0881513	0.981203
0.410501	0.0602113	0.90987
-0.251785	-0.123227	0.959906
0.411775	0.1059	0.905112
0.586503	0.197199	0.785575
0.499674	0.490604	0.713886
0.511705	-0.227257	0.828561
-0.129742	-0.0580052	0.98985
0.618592	-0.184077	0.763845
0.35642	0.129819	0.925263
0.235305	-0.335692	0.912109
0.437936	0.153186	0.885859
0.146308	-0.171311	0.974293
0.0954193	-0.338601	0.936079
0.138776	-0.27223	0.952172
0.429433	-0.230523	0.873182
0.370237	-0.395267	0.840648
-0.246652	0.410214	0.878002
0.358084	-0.273138	0.892844
-0.252642	0.100369	0.96234
-0.21423	-0.789088	0.575714
-0.219778	-0.172155	0.96024
-0.153509	-0.0764473	0.985186
0.475625	-0.240517	0.846128
-0.277816	-0.167883	0.945851
0.4334	0.100861	0.895539
0.0408197	-0.0717371	0.996588
0.152851	-0.277682	0.948435
0.0362259	0.309199	0.950307
0.00545412	-0.495859	0.868386
-0.279671	0.35054	0.893815
0.118323	0.219226	0.968473
-0.280872	0.281091	0.917659
0.114829	0.284236	0.951853
-0.000734847	-0.427704	0.903919
0.247261	-0.533212	0.809041
0.195089	-0.302381	0.933009
0.633417	-0.159168	0.757264
0.509592	0.395177	0.764298
0.711902	-0.00572955	0.702255
0.513667	-0.142273	0.846112
0.0397587	0.238966	0.970214
-0.344555	0.243483	0.906641
0.252871	-0.320701	0.912802
-0.136347	-0.263804	0.954891
0.131368	-0.00607127	0.991315
0.267318	0.356024	0.895426
0.228868	0.0423848	0.972534
-0.19423	0.164351	0.96709
0.1527	0.0272887	0.987896
0.222109	0.0757047	0.972078
0.347965	-0.0357804	0.936824
0.368156	0.0342581	0.929133
0.507986	-0.168319	0.84476
0.551816	-0.202928	0.8089
0.552282	-0.164471	0.817272
0.0866155	-0.113198	0.98979
0.542936	-0.23558	0.806054
-0.162005	-0.489678	0.856721
0.0709614	-0.469947	0.879838
-0.24692	0.664771	0.70506
0.490694	0.081926	0.867472
0.673755	-0.207081	0.709346
0.487646	0.287887	0.82421
-0.185403	-0.0398014	0.981856
0.231344	-0.464979	0.854561
-0.121572	0.31591	0.940968
0.548495	0.0501849	0.834646
0.124507	0.40071	0.907706
0.432768	0.205546	0.87776
0.164262	-0.337364	0.926932
0.206273	-0.545328	0.812446
-0.0569611	0.37412	0.925629
0.243411	-0.0222596	0.969668
0.665655	-0.228202	0.710512
-0.085085	-0.213465	0.973238
-0.206027	0.365894	0.907565
-0.00876652	0.199715	0.979815
-0.0325089	0.509598	0.859798
0.348316	0.152126	0.924951
0.637566	0.1716	0.751041
-0.408833	0.267088	0.872651
-0.101677	-0.202195	0.974053
0.22708	0.318565	0.920299
-0.570447	-0.017659	0.821145
-0.0461587	0.0197568	0.998739
-0.0918524	0.186786	0.978097
0.479135	0.166795	0.861748
0.253983	-0.302431	0.91871
-0.341434	-0.598343	0.724851
0.646932	0.116338	0.753621
-0.0392478	-0.609066	0.792148
0.225142	0.285185	0.931655
0.720881	-0.176988	0.670079
0.461339	-0.12466	0.878423
-0.268617	0.0540517	0.961729
0.374923	0.517481	0.769186
0.488153	0.0920204	0.867893
0.314465	-0.0634459	0.947146
0.429393	-0.210601	0.878219
0.0389173	-0.00709377	0.999217
0.715505	0.199159	0.669619
0.831667	0.406172	0.378623
0.162899	-0.0750954	0.983781
0.136736	0.070916	0.988066
0.561476	-0.580722	0.589497
0.197257	-0.413973	0.88866
0.0259925	-0.141628	0.989579
0.112468	0.494751	0.861726
0.738897	0.1492	0.657092
0.0904873	0.0600185	0.994087
0.0119917	0.574599	0.818347
0.118786	0.273047	0.954639
-0.225122	-0.635972	0.738146
0.484255	-0.0548399	0.873207
0.245519	0.0464322	0.968279
0.250328	0.439677	0.862566
0.422624	-0.385106	0.820416
0.230044	0.489043	0.841378
-0.208922	-0.119576	0.970594
-0.129363	-0.341953	0.93077
-0.2071	-0.169765	0.963478
-0.221344	-0.350938	0.909862
-0.0238136	0.298744	0.954036
0.353519	0.0812583	0.931891
0.0435412	0.0800033	0.995843
-0.469974	0.10076	0.87691
0.135221	-0.401795	0.905691
0.327995	-0.105864	0.938729
-0.461343	0.137301	0.876534
0.0389884	0.144411	0.988749
0.0687343	0.849218	0.52355
0.383583	-0.213276	0.898542
0.0307427	0.031438	0.999033
0.139612	-0.432334	0.89084
0.127142	0.0132113	0.991797
0.288629	-0.118788	0.950044
0.00113669	0.245536	0.969387
-0.269102	0.361929	0.89252
0.757781	0.193795	0.623067
0.222907	-0.172064	0.959534
-0.195837	-0.638456	0.744326
0.0421761	0.18815	0.981234
0.0826032	0.257579	0.96272
-0.231895	-0.566698	0.790619
0.0262866	-0.144312	0.989183
-0.18801	0.142396	0.97179
0.305482	-0.0772576	0.949058
-0.39754	0.305138	0.865363
0.582095	-0.020901	0.812852
-0.138061	0.174156	0.974992
0.271895	0.403539	0.87363
0.37635	0.00319391	0.926472
0.0567645	-0.400442	0.914562
0.183761	0.177169	0.966873
-0.0380036	-0.478513	0.877258
0.55093	-0.596355	0.583813
0.189618	-0.423263	0.885942
0.163423	0.152229	0.974741
0.205058	-0.248884	0.946577
-0.237055	-0.141206	0.96118
0.00758081	-0.0177038	0.999815
-0.168077	0.448838	0.877665
0.248129	0.399078	0.882705
0.208376	0.101872	0.972729
0.160695	-0.0753938	0.98412
0.721286	0.00643017	0.692608
-0.266575	-0.194275	0.944031
0.568308	-0.360665	0.739558
0.167166	0.536166	0.827395
0.17868	0.191511	0.965089
-0.119719	-0.299545	0.946541
0.158427	-0.514059	0.842997
0.114679	0.169787	0.978786
0.105913	0.508952	0.854254
0.832708	0.43588	0.341476
0.338049	0.0739504	0.938219
-0.0499412	0.578499	0.814153
-0.220402	-0.51868	0.826071
0.47568	-0.190302	0.858786
0.31536	-0.242339	0.917507
-0.0991794	0.845979	0.523912
0.143133	-0.470906	0.870494
0.374159	-0.62219	0.687666
-0.280128	0.362565	0.888861
0.0996196	-0.163925	0.98143
-0.266692	0.478696	0.836496
0.115612	0.66472	0.738093
-0.134197	-0.0757193	0.988058
0.275218	0.0985313	0.956319
0.226228	-0.21471	0.950116
-0.201228	-0.653519	0.729672
0.267887	0.0590594	0.961639
0.178386	0.305301	0.935398
0.00409238	-0.433341	0.901221
-0.112526	0.431343	0.895143
0.401916	-0.127173	0.906803
0.538563	0.301748	0.7867
0.340047	0.41274	0.844993
0.350787	-0.377228	0.857116
-0.277698	0.238481	0.930597
0.412941	-0.511394	0.753629
0.588919	-0.315788	0.743944
0.596128	-0.308163	0.741395
-0.0871912	0.527173	0.845273
0.558122	0.399148	0.727448
0.308995	0.259492	0.914978
0.387569	-0.142149	0.910815
0.147442	-0.562418	0.813601
-0.111056	-0.598229	0.793592
0.165526	-0.162319	0.972756
0.491153	0.111444	0.863915
0.177637	0.0228308	0.983831
0.111355	0.0309824	0.993298
0.274639	-0.0423272	0.960615
0.498652	-0.0711992	0.863873
0.25127	0.00461014	0.967906
-0.014042	-0.0322621	0.999381
0.900052	0.0783929	0.428674
0.0033602	-0.00990695	0.999945
0.440535	0.155173	0.884223
0.0559794	0.630271	0.774354
0.430621	-0.177669	0.884873
0.571995	-0.177953	0.800721
-0.142632	0.40569	0.902813
0.122585	0.0717396	0.989862
0.574024	-0.367336	0.73182
-0.292174	-0.0572538	0.95465
0.299335	0.0214335	0.953907
-0.0712096	0.0354698	0.996831
0.236891	-0.180849	0.954556
0.492817	0.597787	0.632283
0.323783	0.157396	0.932947
-0.155474	-0.2345	0.959603
0.438314	0.196182	0.877151
0.351511	-0.289403	0.890329
-0.0243231	-0.157739	0.987181
0.476043	-0.253383	0.842128
0.050206	-0.133386	0.989792
0.447177	-0.0637064	0.892174
0.456512	0.554446	0.695835
0.265014	-0.199322	0.943419
-0.0302243	0.384513	0.922624
-0.175945	0.184187	0.967015
-0.221237	0.112136	0.968752
-0.403259	-0.208187	0.89109
-0.00476959	-0.0991888	0.995057
-0.065132	0.0712048	0.995333
0.16854	-0.153529	0.973665
-0.029004	0.355522	0.934218
-0.274739	-0.141389	0.951067
0.388694	-0.302462	0.870306
-0.130544	-0.547498	0.826562
0.0931208	-0.0575451	0.99399
0.157978	0.111775	0.981096
0.484955	0.167013	0.858443
-0.287016	0.152539	0.945703
-0.181352	0.147714	0.972261
-0.0922437	0.124452	0.987929
-0.0258113	-0.31263	0.949524
0.271992	-0.488006	0.82938
0.171106	0.0736798	0.982494
0.512302	0.217439	0.830823
0.125521	-0.0441202	0.991109
0.0793772	0.777986	0.623248
0.0424104	0.147368	0.988172
0.0363336	0.230574	0.972376
-0.274754	-0.0106588	0.961455
0.223542	0.447906	0.865684
0.196995	-0.0547321	0.978876
-0.303365	0.23437	0.923602
0.480259	-0.225835	0.847555
-0.0849515	0.150659	0.984929
0.269159	0.444729	0.854265
0.403489	0.0706512	0.912253
0.0257162	0.496506	0.867652
-0.290361	0.147793	0.945435
-0.294239	0.445422	0.84559
0.139856	-0.652479	0.74479
0.446055	-0.0918961	0.890275
0.172907	-0.477777	0.861297
0.515402	0.0835812	0.852863
-0.261554	0.160177	0.951805
0.112963	0.216144	0.969805
0.21529	-0.0450568	0.97551
0.353139	0.499667	0.790965
0.06489	-0.000345256	0.997892
0.197654	-0.458357	0.866511
0.171405	-0.767949	0.617151
0.377134	-0.097862	0.920974
0.267101	-0.0883649	0.959609
-0.187677	-0.28299	0.940582
-0.185207	0.329714	0.925736
0.0246079	-0.234835	0.971724
0.0831328	0.00998361	0.996488
-0.0290958	0.623375	0.781381
0.498059	0.015796	0.867
0.103735	0.0932715	0.990222
-0.216077	0.139868	0.966306
0.204997	0.345779	0.915649
0.37369	-0.0103488	0.927496
-0.314615	0.475193	0.821711
-0.487081	0.478392	0.73068
0.513489	-0.521542	0.681413
-0.207597	-0.112554	0.971718
0.264688	0.440315	0.857941
0.354648	-0.317822	0.879326
0.152245	0.112321	0.98194
0.541851	-0.0521278	0.838857
-0.1694	-0.300164	0.938725
-0.349964	-0.180865	0.919137
0.473867	0.149124	0.867878
-0.425069	-0.573082	0.700638
0.220141	-0.317587	0.922321
-0.189017	0.176901	0.965908
0.397003	-0.0585506	0.915948
-0.549388	-0.0191718	0.835348
0.38158	0.0363926	0.923619
-0.182542	-0.0594379	0.9814
-0.310145	-0.323579	0.893928
0.67789	0.329464	0.657206
0.219287	-0.0961105	0.970915
0.350961	0.201299	0.914497
-0.0473864	-0.0846461	0.995284
-0.485969	-0.230157	0.843126
0.256945	-0.114035	0.959675
0.153838	0.208198	0.965913
0.552098	0.261755	0.791626
0.420714	0.0413425	0.906251
0.334635	0.0616008	0.940332
-0.0648733	-0.0176855	0.997737
0.0781251	0.141936	0.986788
-0.463908	0.290751	0.836811
-0.10436	-0.025637	0.994209
-0.0518578	-0.321167	0.945602
0.424126	-0.0980282	0.900282
0.0750143	0.0669932	0.99493
0.6845	0.279235	0.673414
0.460676	0.22104	0.859604
-0.146911	0.0572669	0.987491
0.282545	-0.463432	0.83988
0.275717	-0.136094	0.951556
-0.144042	0.120322	0.982229
0.157664	-0.393806	0.905571
0.130032	-0.183132	0.974451
0.181529	0.297798	0.93721
0.158858	-0.50089	0.850807
0.407485	-0.0204014	0.912984
0.281519	-0.302786	0.910532
0.141625	-0.223901	0.964267
-0.0668087	0.0163202	0.997632
0.574057	-0.000491113	0.818815
0.375022	-0.31766	0.87089
-0.296635	0.476086	0.827859
0.216941	0.186721	0.95816
0.14332	0.566348	0.811609
-0.374386	0.343891	0.861147
-0.510602	0.0800346	0.856084
-0.275361	0.339186	0.899516
-0.497567	0.306593	0.811436
-0.110776	-0.273461	0.955483
-0.0369285	-0.572192	0.819288
0.266965	0.327724	0.906271
-0.235864	0.294405	0.926118
0.0546187	0.192327	0.97981
-0.357222	-0.104817	0.92812
0.200774	-0.00661249	0.979615
0.272815	0.0544869	0.960522
0.0128233	0.109332	0.993923
0.371371	0.475959	0.797212
0.657381	-0.0580508	0.751319
0.464961	0.214368	0.858987
0.11322	-0.383255	0.916677
0.330449	0.318168	0.888579
0.537574	-0.422656	0.729641
0.636829	-0.359818	0.681895
0.189328	-0.415661	0.889596
0.269835	-0.0455156	0.96183
-0.075481	-0.148144	0.986081
0.252513	0.325237	0.911295
-0.143407	-0.0189743	0.989482
0.408786	0.164974	0.897596
0.323446	-0.107566	0.940113
0.381085	-0.210825	0.900182
-0.12907	0.199749	0.971309
-0.270339	0.133143	0.953514
0.179134	-0.0492217	0.982593
0.213281	-0.235293	0.948234
-0.045862	-0.706307	0.706418
0.271462	-0.149627	0.950747
0.161362	-0.00466785	0.986884
-0.116317	-0.363893	0.92415
0.579469	-0.255482	0.773915
-0.487126	0.079631	0.869694
0.354678	0.187777	0.915938
0.350392	0.0536425	0.935066
-0.266834	0.0752389	0.960801
0.353945	-0.53128	0.769717
0.68573	-0.154024	0.711372
0.267139	-0.566925	0.779252
0.31211	0.306342	0.899301
-0.124166	-0.508492	0.852067
0.122842	-0.265731	0.956189
0.118264	0.121392	0.985534
-0.0914274	0.157365	0.983299
0.190611	0.0509596	0.980342
0.306595	0.12915	0.943038
0.632271	-0.211106	0.745431
-0.238537	0.216272	0.946745
0.531029	-0.387667	0.753473
-0.555035	-0.103454	0.825369
0.231675	-0.164855	0.958723
0.058345	0.251275	0.966156
0.0544178	0.37778	0.924295
-0.154612	-0.216565	0.963947
-0.0104691	-0.022482	0.999692
0.101275	0.246368	0.96387
0.025477	0.00812593	0.999642
0.178474	-0.568723	0.802933
-0.460809	0.308235	0.832254
0.506606	-0.0194509	0.861958
0.243938	-0.561574	0.790651
0.334333	0.14475	0.931273
0.214579	-0.399319	0.891347
-0.480944	-0.404442	0.777894
0.0959488	0.328471	0.939628
0.566357	0.00953391	0.824105
0.324023	0.344904	0.880937
-0.0829613	0.241319	0.966893
0.607162	0.319313	0.727594
0.576868	0.21362	0.78841
0.540332	-0.0309307	0.840883
0.212896	-0.232646	0.948974
0.0597323	0.136184	0.988881
-0.197102	-0.345502	0.917485
-0.135511	-0.190327	0.972323
0.0216228	0.271745	0.962126
0.0243017	-0.282522	0.958953
0.361604	-0.0269228	0.931943
0.203281	0.189656	0.960577
0.125282	-0.0589444	0.990369
0.469263	-0.0117503	0.88298
-0.468597	-0.0734022	0.880357
-0.113993	-0.257001	0.959665
0.0506869	0.17156	0.983869
0.409238	0.0524695	0.910918
-0.331493	0.456549	0.825636
-0.36191	-0.0625936	0.930109
0.350613	0.3117	0.883127
0.394931	-0.395163	0.829383
0.00122326	0.54122	0.84088
-0.202857	-0.554744	0.806913
0.471175	0.453053	0.756794
0.0271922	-0.638388	0.769235
-0.172036	-0.445068	0.878816
0.708355	0.299503	0.639164
0.610979	-0.302433	0.7316
0.066892	-0.282853	0.956828
0.532379	-0.0600538	0.844373
0.104584	0.286812	0.952261
-0.111192	-0.553772	0.825211
0.22412	-0.618813	0.752889
0.307986	-0.489602	0.815741
-0.124197	0.189484	0.973997
0.330561	-0.542326	0.772406
0.507959	-0.340484	0.791232
0.832846	-0.114033	0.541631
0.297789	-0.0954297	0.94985
0.0133216	0.0953852	0.995351
0.54007	-0.171237	0.824016
0.071779	0.105991	0.991773
0.590365	-0.0927304	0.801792
-0.166964	0.0613316	0.984054
0.482371	-0.0534987	0.874332
0.112613	-0.50097	0.858107
-0.0479794	0.0543992	0.997366
0.705761	-0.0119612	0.708349
0.115195	-0.441682	0.889746
-0.071912	0.268387	0.960623
0.499633	-0.0101469	0.866178
-0.178137	-0.42387	0.888033
0.221204	-0.272275	0.936448
0.376521	-0.142542	0.915376
0.691	0.160677	0.704771
0.332112	0.0841956	0.939475
0.420929	0.00495982	0.90708
0.0601602	-0.695508	0.715995
0.0276162	0.128862	0.991278
-0.0399868	-0.460287	0.886869
-0.0404645	0.629908	0.775615
0.304907	-0.224355	0.925579
0.111417	-0.0349721	0.993158
0.117621	0.091093	0.988872
0.105338	0.225337	0.96857
-0.0413928	0.0555284	0.997599
0.03702	-0.113246	0.992877
0.0286414	-0.0406218	0.998764
0.197652	-0.258589	0.94555
-0.298335	0.571463	0.764477
-0.0680625	0.207648	0.975833
0.549121	-0.079229	0.831979
0.032485	0.0466645	0.998382
0.359725	0.337212	0.869992
0.0412088	0.197374	0.979462
-0.0408686	-0.602676	0.796939
0.111107	0.358302	0.926971
-0.0386001	-0.59713	0.801215
0.119159	-0.471528	0.873763
0.419214	0.133948	0.897952
-0.191293	0.136936	0.971934
0.155562	0.234069	0.959694
-0.310451	-0.00987513	0.950538
-0.258974	-0.0870459	0.961954
0.422737	-0.315532	0.849549
0.0690129	-0.337093	0.938939
0.0586478	-0.184957	0.980995
0.661277	0.077448	0.746133
-0.0522585	0.235003	0.970589
0.291233	0.099698	0.951443
-0.0933706	-0.326392	0.940612
0.340902	0.509932	0.789782
0.0314027	-0.130826	0.990908
-0.245637	0.407914	0.879357
-0.0084504	0.149773	0.988684
-0.55851	0.438223	0.704292
-0.113646	0.240729	0.963916
-0.642628	-0.283304	0.711877
0.499868	-0.408356	0.763791
0.328339	-0.0864119	0.940599
-0.0142874	-0.147527	0.988955
0.532034	0.250295	0.808883
0.16839	0.403677	0.899272
0.0243976	0.183431	0.98273
-0.117541	-0.356995	0.926682
0.303966	-0.0489405	0.951425
0.051059	0.383766	0.922018
0.319347	-0.155811	0.934741
0.495387	0.213359	0.842063
-0.276671	0.37275	0.885726
0.620711	0.713723	0.324526
0.651598	0.62839	0.424908
0.167911	0.117564	0.978767
-0.309092	0.464822	0.829701
0.603095	0.516456	0.607906
0.493989	-0.423156	0.759548
0.472523	0.162994	0.866115
0.258242	0.208707	0.943267
0.358546	-0.0498162	0.932182
0.443127	0.431035	0.786033
-0.294413	0.190727	0.936453
-0.163943	-0.504327	0.847807
0.264744	-0.190603	0.945294
-0.126029	-0.052544	0.990634
-0.09006	0.667515	0.73913
0.397458	0.241576	0.88525
-0.199535	-0.294537	0.934577
0.0805528	0.054599	0.995254
0.403031	-0.264358	0.876174
0.285674	-0.279578	0.916639
-0.21196	0.186682	0.959283
0.373529	0.0644368	0.925378
0.00942657	0.38462	0.923027
-0.33077	0.0169896	0.943559
-0.299491	-0.0470261	0.95294
-0.158601	-0.0188202	0.987163
0.0772389	-0.225215	0.971243
0.43509	0.106013	0.894124
-0.102195	-0.803902	0.585916
0.137091	-0.00523791	0.990545
-0.81237	-0.0211451	0.582759
-0.255827	-0.242871	0.935717
0.174099	-0.185169	0.967162
-0.466271	-0.165905	0.868946
0.0947044	-0.639874	0.762622
0.0404273	-0.462445	0.885726
0.200864	0.24147	0.949392
0.194167	-0.234561	0.952513
-0.125153	0.427546	0.895288
0.417911	0.295888	0.858953
0.183686	0.236004	0.954233
0.30532	-0.0497118	0.950951
0.248396	-0.541489	0.803174
0.0857246	-0.227595	0.969975
0.561326	-0.0381756	0.826714
0.090294	-0.141501	0.985812
0.338434	0.044037	0.939959
-0.0565855	0.287407	0.956136
-0.176726	-0.198298	0.964078
0.578991	0.0768774	0.811701
0.46669	-0.234088	0.852879
-0.288415	0.108826	0.951301
0.624203	-0.323277	0.71124
0.491821	0.649543	0.579833
0.0488193	0.478243	0.87687
0.0140318	-0.261107	0.965208
0.379328	-0.219203	0.898922
-0.385267	0.124308	0.914394
0.457985	-0.308021	0.83389
-0.104067	-0.00508791	0.994557
0.246541	-0.0249197	0.968812
0.53594	-0.709534	0.457525
0.379095	-0.285389	0.88025
0.950187	0.254137	0.18044
-0.126722	-0.472805	0.872007
0.446699	0.154544	0.881235
0.28081	0.0181264	0.959592
-0.12724	-0.267406	0.955146
0.352754	-0.544508	0.760971
0.269393	-0.434171	0.859606
0.150418	0.25648	0.954774
0.717136	-0.38328	0.582076
0.403663	0.150467	0.90245
0.467682	-0.373605	0.801058
0.200462	0.791245	0.577708
0.195369	0.458005	0.867215
-0.308307	-0.140825	0.940806
0.648517	-0.33577	0.683143
0.16604	0.226154	0.959836
-0.155449	0.0389197	0.987077
0.148495	0.36494	0.919113
-0.27757	-0.412891	0.867454
0.157548	-0.300697	0.940617
0.50398	0.154412	0.8498
0.268162	-0.162451	0.949578
-0.734248	-0.0314622	0.678152
-0.169195	-0.294609	0.94052
-0.102964	-0.0623369	0.99273
0.343725	-0.177281	0.922185
0.123616	0.210003	0.969855
0.195029	-0.266951	0.943769
0.499448	0.125577	0.857194
0.334476	0.268846	0.903243
0.0409112	-0.264096	0.963628
0.293591	0.41912	0.859152
0.00249857	0.0912517	0.995825
0.343126	-0.282662	0.895749
0.453222	-0.0172092	0.891231
0.474347	-0.19069	0.859437
-0.120524	-0.529339	0.839806
0.289155	-0.104931	0.951514
0.052411	-0.214965	0.975214
0.374203	-0.193386	0.906959
0.687902	0.432368	0.582966
0.109741	-0.153512	0.982034
-0.525554	-0.384805	0.75876
-0.111888	0.068559	0.991353
0.315487	0.460086	0.829933
0.234781	-0.00638658	0.972027
0.17832	-0.26549	0.947479
0.682192	-0.356654	0.638289
0.0745319	-0.00394841	0.997211
-0.185672	0.295881	0.937006
0.26254	-0.0609699	0.962993
-0.0787124	-0.410872	0.908289
0.227186	0.49053	0.841289
0.235106	-0.578663	0.780944
0.0344423	-0.168343	0.985127
0.217914	0.0808204	0.972616
0.250431	0.470414	0.846165
-0.0864648	0.0922756	0.991972
-0.564514	-0.203929	0.799835
0.333198	-0.551567	0.764691
-0.0536364	-0.132047	0.989791
0.179796	0.0730821	0.980985
0.479359	0.0484842	0.876279
0.0612267	-0.435428	0.898139
-0.0218202	0.336114	0.941569
0.201087	0.21124	0.956526
0.329676	-0.665605	0.66954
0.196202	0.244372	0.949625
0.123979	0.122585	0.984684
0.539755	0.397324	0.742158
-0.154596	-0.871635	0.465138
-0.369541	0.184361	0.910742
0.363071	0.273881	0.8906
0.621906	-0.46338	0.631278
-0.0476092	0.479871	0.876046
0.826024	0.467755	0.314468
0.203589	0.26757	0.941784
0.164038	-0.381899	0.90953
0.334667	-0.0376603	0.941584
0.346768	0.116813	0.930648
0.538674	-0.186946	0.821512
0.067783	0.0349912	0.997086
-0.00348206	0.0710026	0.99747
0.411402	0.57264	0.709107
0.0656671	0.470153	0.880139
0.255198	0.215871	0.942483
-0.160041	-0.201097	0.966409
-0.402667	0.327232	0.854856
-0.151858	-0.626909	0.76415
0.0190582	0.27622	0.960905
-0.120709	0.173681	0.977376
-0.043578	-0.122081	0.991563
0.627105	0.0796766	0.774849
0.148523	0.319	0.936045
0.0424147	-0.216814	0.975291
0.122112	0.0233892	0.992241
0.0991371	-0.181017	0.978471
-0.291516	0.800118	0.524241
0.124204	0.154722	0.98012
0.0668344	0.126458	0.989718
0.340705	0.139054	0.92983
-0.0621986	-0.0781239	0.995002
0.267768	0.256881	0.928608
0.375122	-0.206495	0.903683
0.0613059	0.449533	0.891158
-0.0920771	0.305565	0.947709
0.96275	0.173829	0.207113
-0.0292235	-0.729555	0.683298
0.203766	-0.154243	0.966793
-0.0428068	0.166378	0.985132
0.143826	0.0195619	0.98941
0.234514	0.162666	0.958407
-0.112448	0.0973561	0.988877
0.409063	0.39321	0.82344
0.776045	-0.103991	0.622045
0.246325	-0.0124384	0.969108
-0.244014	-0.0703192	0.967219
0.534358	0.280113	0.797495
0.188732	0.355942	0.915252
0.161238	0.173681	0.971513
0.0238309	0.0256364	0.999387
0.440777	-0.357684	0.823273
-0.436916	0.146165	0.887547
-0.0851067	-0.222662	0.971174
0.172041	-0.0524235	0.983694
0.422183	0.254218	0.870135
0.250282	0.324229	0.912269
0.520774	0.19474	0.831186
0.224375	-0.195251	0.954742
-0.076018	0.176397	0.981379
0.443466	0.380757	0.811395
0.54252	-0.613738	0.573583
0.408225	0.0837359	0.909033
0.28504	-0.277337	0.917516
0.206738	0.107686	0.972452
0.090464	-0.337164	0.93709
0.253243	-0.313263	0.915278
-0.211082	-0.0631827	0.975424
0.420603	-0.35092	0.836629
0.205081	-0.242685	0.94818
-0.133903	-0.133948	0.9819
-0.0620361	-0.405109	0.912161
-0.165163	0.233557	0.958213
0.0166702	0.0121077	0.999788
-0.0990745	-0.265437	0.959024
0.685194	0.0870688	0.723137
-0.0771419	-0.000148655	0.99702
0.640062	0.106643	0.760886
0.412134	-0.3293	0.849533
0.480959	0.529655	0.698673
0.0162732	0.217552	0.975913
0.21022	-0.39995	0.892103
-0.101475	0.357094	0.92854
0.197984	0.474189	0.857874
0.170391	0.217968	0.960967
0.672526	-0.18853	0.715657
0.635858	-0.165639	0.753823
0.58799	0.315946	0.744612
0.0776119	-0.0650663	0.994858
0.213164	0.10275	0.971598
0.491045	-0.0931747	0.866137
0.714811	-0.141452	0.684862
-0.214974	-0.233137	0.948385
0.0684106	-0.149575	0.986381
0.213535	-0.000309474	0.976935
0.637142	-0.537621	0.55228
0.611254	-0.449335	0.651511
-0.010659	-0.044985	0.998931
0.39846	-0.0352515	0.916508
0.0838993	0.258964	0.962236
-0.00350375	-0.321327	0.946962
0.0619577	-0.106938	0.992333
-0.0332256	-0.415683	0.908903
0.336046	-0.248605	0.908443
-0.0130189	0.0657277	0.997753
0.304827	0.389173	0.869267
0.307786	0.291958	0.905554
-0.0814221	-0.719487	0.689717
-0.685838	0.506918	0.522169
0.341473	-0.175181	0.923422
-0.151117	0.127169	0.980302
-0.0714157	0.115293	0.990761
0.402021	0.0494844	0.914292
0.22688	0.0860246	0.970116
0.30766	0.410066	0.858598
0.143583	0.0678422	0.98731
-0.481543	-0.0788027	0.872873
0.0458936	0.28751	0.956677
0.294197	0.384661	0.87492
0.139783	-0.0195852	0.989988
-0.0673136	-0.13936	0.987951
0.283261	-0.773324	0.567215
0.00228222	0.0993541	0.99505
0.365953	-0.508877	0.779181
0.379404	0.0189682	0.925036
0.408708	-0.198186	0.890887
-0.0785363	0.0123765	0.996834
0.572749	-0.369933	0.731511
0.511567	-0.256942	0.819927
0.0829137	-0.0756277	0.993683
0.38919	0.0231225	0.920867
-0.189661	0.0114831	0.981783
0.272976	-0.166098	0.947574
0.212491	-0.539622	0.814651
0.296304	0.281252	0.912744
0.34434	0.099014	0.933609
0.176233	-0.46383	0.868219
0.290791	-0.144269	0.945847
0.285791	0.448019	0.847114
-0.216874	0.112431	0.969704
-0.126073	0.398661	0.908391
0.232541	0.0389952	0.971805
0.0343674	-0.0500915	0.998153
0.367722	-0.180502	0.91225
-0.166487	0.148406	0.974812
0.452585	-0.233356	0.860646
-0.800728	-0.459431	0.384392
-0.0105426	0.0142963	0.999842
0.483614	-0.360301	0.797685
-0.0174905	-0.281745	0.95933
-0.106625	-0.464053	0.879367
0.273535	-0.203555	0.940076
0.2626	0.261777	0.928716
0.313933	0.483283	0.817241
0.384836	0.153863	0.91007
0.380222	-0.05492	0.923263
-0.0279611	-0.294685	0.955185
0.535668	0.300432	0.789177
-0.0729844	-0.566078	0.821115
-0.542056	-0.0289382	0.839844
0.700715	0.00812944	0.713395
0.152248	0.413111	0.897864
0.625245	-0.233103	0.744803
0.354297	-0.0182584	0.934955
0.106218	0.543381	0.832739
0.319631	-0.406433	0.855948
0.144435	0.187494	0.971589
-0.270906	0.288829	0.918253
-0.34672	-0.565187	0.748565
0.0411361	0.391379	0.919309
-0.0342141	0.373476	0.927009
0.115601	0.40463	0.907144
-0.17839	-0.295022	0.93869
0.207761	-0.186563	0.960224
-0.4017	0.267936	0.875698
-0.293374	-0.00827105	0.955962
0.0617476	-0.0693496	0.99568
0.730985	-0.393986	0.557167
-0.0881629	-0.133666	0.987097
-0.164616	-0.0387506	0.985596
0.0338276	0.0197712	0.999232
0.0815381	-0.00786422	0.996639
0.348667	-0.551232	0.758007
-0.734062	-0.0628646	0.676167
-0.0961037	0.636775	0.765037
0.401308	-0.153761	0.902945
-0.300394	0.229635	0.92576
-0.0513984	-0.421552	0.905346
-0.095828	0.452997	0.886347
0.458481	-0.385579	0.800703
0.210552	-0.627183	0.749873
-0.00325164	0.107874	0.994159
0.56171	-0.226353	0.795767
0.0602149	0.389653	0.918991
0.54748	0.410221	0.729373
-0.256533	0.608913	0.75061
0.360149	0.0549701	0.931274
0.192128	0.224544	0.955336
0.586902	0.31055	0.747733
0.193814	-0.325752	0.925376
-0.349761	0.199724	0.915302
0.417559	0.0877385	0.904404
-0.0558873	-0.404401	0.912873
-0.0484651	-0.130807	0.990222
0.193256	-0.109715	0.974995
-0.220969	-0.269932	0.937182
0.123269	-0.131473	0.983626
0.70506	-0.064127	0.706243
-0.338633	-0.590112	0.732868
0.503327	-0.341213	0.793874
0.133975	0.0919412	0.98671
-0.307953	-0.358404	0.881312
-0.172584	0.274714	0.94591
0.301182	-0.487309	0.819646
0.0890259	0.138329	0.986377
-0.484688	0.0142275	0.874571
-0.114286	-0.0706028	0.990936
-0.423321	0.327259	0.844808
-0.0362434	-0.631639	0.774415
0.381416	0.0646518	0.92214
0.327507	0.0204461	0.944628
0.346361	0.33483	0.876312
0.634539	0.30976	0.708103
-0.0226504	0.072382	0.99712
0.172997	-0.00495015	0.98491
-0.18942	-0.13363	0.972761
0.605163	0.141863	0.78336
0.346467	-0.322056	0.881045
0.399599	0.255888	0.880251
0.0167623	0.260265	0.965392
-0.0900647	0.16858	0.981565
-0.0458254	0.404925	0.913201
-0.694237	-0.300667	0.653937
-0.114165	0.551037	0.826635
0.00966779	0.577281	0.816489
-0.151344	0.436402	0.886932
-0.0992122	0.987691	-0.120929
0.509264	-0.195783	0.838045
0.402025	-0.0366804	0.914894
0.445819	-0.137527	0.884495
-0.10454	0.272602	0.956431
-0.0715265	0.635452	0.76882
-0.27579	0.408649	0.870026
-0.0133752	-0.0773092	0.996917
0.465764	-0.171359	0.868159
-0.222281	0.152675	0.962955
-0.00506893	-0.155003	0.987901
-0.285831	0.326173	0.901061
0.790594	0.449158	0.416196
0.248367	-0.137138	0.958909
-0.259592	-0.100915	0.960431
0.382406	0.225481	0.89606
0.0381726	-0.189173	0.981202
-0.232133	0.0616536	0.970728
0.218027	0.720517	0.65827
-0.4289	-0.0140006	0.903243
-0.469224	0.0252173	0.882719
-0.160701	0.0530891	0.985574
0.206544	-0.144405	0.967722
-0.114123	-0.382156	0.917024
-0.52039	-0.0477239	0.852594
0.31474	-0.202557	0.927313
0.0242031	-0.194025	0.980698
0.0523716	-0.0392176	0.997857
0.0565758	0.13551	0.989159
-0.0681532	-0.48097	0.874084
0.102422	-0.324255	0.940409
0.47781	-0.0582877	0.876527
0.492431	-0.499885	0.71248
-0.55078	-0.258615	0.793574
0.608893	0.364046	0.704784
-0.0663536	0.108832	0.991843
0.313141	-0.204003	0.927537
0.0617327	-0.0726529	0.995445
-0.214786	-0.0956561	0.971966
-0.152249	-0.575275	0.803666
0.608282	0.408734	0.680389
0.114545	0.230248	0.966367
-0.524545	0.00575573	0.851363
0.061975	-0.302056	0.951274
-0.214396	-0.58495	0.78222
0.559614	0.0839085	0.824494
0.17036	-0.154436	0.973205
0.142606	0.512075	0.84702
0.248002	0.38099	0.890698
-0.294454	0.197119	0.935115
-0.273617	0.295808	0.915222
-0.3722	-0.2236	0.900816
-0.0329165	-0.106703	0.993746
0.730005	-0.277376	0.624623
0.276645	-0.724623	0.631181
0.244356	-0.118806	0.96238
0.154272	-0.0265096	0.987673
0.319707	0.409912	0.85426
0.27011	-0.2314	0.934609
-0.347875	0.424835	0.835762
-0.416303	0.286238	0.862995
-0.514938	0.164782	0.84124
0.0210561	0.407652	0.912894
0.106072	-0.33399	0.936589
0.318613	0.373563	0.871169
0.178788	0.150699	0.972278
0.256056	0.562615	0.786066
0.0439599	0.152413	0.987339
-0.156039	-0.0451486	0.986719
0.047709	-0.346366	0.936885
0.0920411	-0.166961	0.981658
0.703136	0.252752	0.664618
0.255432	0.312161	0.915047
-0.038518	0.31439	0.948512
0.512016	0.27966	0.812176
0.268374	-0.642981	0.717322
0.0357772	0.433609	0.900391
0.227944	0.707979	0.668437
0.705917	-0.000922392	0.708294
0.0314816	0.363655	0.931002
0.327233	0.119598	0.937345
-0.126723	0.593928	0.794475
0.0877941	0.239518	0.966914
-0.0126436	-0.419523	0.907657
0.168282	-0.474795	0.863858
0.396584	-0.186969	0.898757
-0.0904121	-0.0226351	0.995647
0.668938	-0.50401	0.546348
0.687119	-0.615447	0.386125
-0.182836	0.196822	0.96324
0.187548	0.655502	0.731534
0.0876915	0.34027	0.93623
-0.221778	-0.388783	0.894238
0.216968	-0.354934	0.909366
0.137587	-0.191459	0.971809
0.264462	0.206549	0.942018
0.458789	-0.166701	0.872768
0.315645	0.152276	0.936579
0.0941366	0.225802	0.969614
-0.371029	0.385793	0.84469
-0.222573	-0.108189	0.968894
0.0749967	0.816509	0.57244
-0.0205321	-0.0644777	0.997708
0.144269	0.0916542	0.985285
-0.145899	0.0756137	0.986406
0.536975	0.414456	0.734768
0.602796	0.218643	0.767354
-0.0695604	0.0159083	0.997451
0.435856	0.31787	0.842014
-0.440738	-0.219287	0.870438
0.146086	0.322309	0.935295
0.285371	0.214509	0.934103
0.420971	0.148034	0.894913
0.596958	0.368812	0.712474
0.236862	-0.0325381	0.970998
0.59027	-0.142604	0.79451
0.329036	-0.167927	0.929267
-0.233686	0.221638	0.946714
-0.214618	0.22746	0.949843
0.274629	-0.0400258	0.960717
-0.104328	-0.133121	0.985593
0.204968	0.49866	0.842215
-0.4393	0.0897647	0.893844
0.424233	-0.207712	0.881409
0.343673	0.288896	0.893548
-0.0651491	0.0729195	0.995208
0.583475	-0.100854	0.805844
-0.575567	0.55192	0.603413
0.303651	-0.0136365	0.952686
0.0293944	0.382876	0.923332
0.142637	-0.135766	0.980419
-0.12871	-0.246878	0.960461
-0.0662042	-0.250881	0.965751
0.245163	-0.0139967	0.969381
0.00917386	-0.485843	0.873998
0.304174	-0.53449	0.788542
0.597698	-0.00143479	0.80172
0.246397	0.783635	-0.570267
0.28065	-0.51039	0.812858
-0.147868	-0.0110736	0.988945
0.322381	0.350542	0.879313
0.133393	0.277095	0.951538
0.153145	0.107143	0.982378
0.378138	-0.200528	0.90377
-0.0686704	0.00837585	0.997604
-0.123995	-0.623072	0.772273
-0.059712	-0.339827	0.93859
-0.114398	0.540426	0.833578
0.112076	0.108489	0.98776
0.236506	-0.0576139	0.96992
0.295979	-0.106519	0.949236
0.184316	0.0972696	0.978042
0.219348	-0.14766	0.964408
-0.254986	-0.104989	0.961228
0.295888	0.0935817	0.950627
0.406187	0.053973	0.912195
0.403629	-0.58333	0.704847
-0.0751981	-0.637212	0.767012
0.386923	-0.00548394	0.922096
0.138399	0.0461325	0.989302
0.298235	0.301226	0.905715
0.171966	0.350748	0.920545
-0.34613	-0.0974742	0.933109
0.841264	-0.194101	0.504579
-0.188722	0.000486687	0.98203
0.423083	-0.641813	0.639591
0.25768	-0.257161	0.93138
0.123342	0.447701	0.885636
0.659268	0.577339	0.481711
0.54429	-0.198109	0.815169
0.569591	-0.0490084	0.820466
0.274907	-0.126429	0.953122
0.631923	-0.266488	0.727775
-0.192991	-0.0791044	0.978007
0.631367	0.0902798	0.770211
0.553463	-0.557772	0.618521
0.0938792	-0.581912	0.807815
0.665116	-0.630011	0.400883
0.61412	-0.527765	0.586789
-0.241852	-0.0759932	0.967333
-0.414373	0.142108	0.898944
0.445858	-0.445758	0.776215
0.428607	0.037992	0.902692
0.307987	0.0945583	0.94668
0.115448	0.126115	0.985275
-0.434793	-0.0878287	0.896237
-0.30588	-0.0222329	0.95181
0.483456	-0.0728484	0.872332
0.0653937	-0.308	0.949136
0.0969735	-0.0463285	0.994208
0.402203	0.195556	0.894422
0.104392	-0.416329	0.903201
-0.318183	0.126526	0.939548
0.435525	0.080081	0.896608
0.0683517	-0.243799	0.967414
0.493762	-0.445685	0.746702
0.269687	-0.204576	0.940966
0.460717	-0.21251	0.861731
-0.356464	-0.924312	0.136311
0.471327	-0.178019	0.863806
0.0180454	-0.303995	0.952503
-0.286362	0.121823	0.950345
0.0344957	0.476847	0.878309
0.107904	-0.353673	0.929124
0.0335005	-0.173432	0.984276
0.164473	-0.596292	0.785738
-0.37116	-0.0894342	0.924252
-0.302837	-0.108445	0.946852
-0.394825	0.0113936	0.918686
0.680373	-0.269273	0.681604
-0.746184	0.155548	0.647313
-0.227966	-0.551012	0.802756
0.0504899	0.155161	0.986598
0.253087	0.136529	0.957761
-0.109898	-0.303165	0.94658
0.35908	-0.142258	0.922401
-0.157655	0.503063	0.849749
-0.60998	0.226522	0.75935
0.572335	0.383685	0.72472
0.108437	-0.446495	0.888191
0.166783	0.14605	0.975117
0.22242	-0.451775	0.863961
0.156493	-0.0237956	0.987392
0.469054	0.368755	0.802501
-0.108405	0.23625	0.965626
0.728726	-0.11111	0.675731
0.295009	0.293718	0.90923
0.0768729	0.190388	0.978694
0.589143	-0.396659	0.703968
0.0787992	0.131817	0.988137
0.0865301	0.216647	0.972408
-0.585231	0.399504	0.705621
-0.0700551	0.00888584	0.997504
0.571506	-0.635995	0.518548
0.104092	0.100233	0.989504
0.237411	0.128017	0.962937
-0.168801	0.253746	0.952428
0.336528	0.0348358	0.941029
0.642068	0.483338	0.595091
-0.442984	-0.250698	0.860765
0.169666	-0.11432	0.978848
0.260534	0.436377	0.861219
0.00123881	0.430245	0.902711
0.0811547	-0.11572	0.989961
-0.439951	-0.232253	0.867469
-0.0268155	0.361119	0.932134
-0.168764	-0.556015	0.813859
0.281517	0.168547	0.944637
-0.171425	-0.0882319	0.981238
-0.231045	0.382696	0.894518
0.326974	-0.287805	0.900142
-0.368981	0.578943	0.727103
0.632392	0.020561	0.774375
-0.0651885	0.0896985	0.993833
0.510753	-0.0431474	0.858644
0.0724407	-0.605094	0.792852
-0.085912	0.165151	0.982519
0.0549338	-0.0118869	0.998419
0.100679	0.411019	0.90605
0.336507	0.475208	0.812983
-0.438092	-0.411509	0.799209
0.681612	0.182273	0.708648
0.784106	0.115378	0.609808
-0.169229	-0.382343	0.908392
-0.183862	0.43016	0.883831
-0.187838	-0.566518	0.802355
-0.37875	0.0414119	0.924572
-0.274558	0.520509	0.80851
-0.0367084	0.190154	0.981068
0.542369	0.249361	0.802281
0.247726	-0.5348	0.807849
0.308171	0.448274	0.839095
-0.4683	0.305875	0.828936
0.334495	0.0829242	0.938742
0.637187	0.205285	0.742867
-0.0153942	0.175447	0.984369
0.109882	-0.549443	0.828274
0.41418	0.0450943	0.909077
0.0493817	0.0506091	0.997497
0.370656	0.432284	0.822037
0.153591	0.783235	0.602456
-0.224574	0.558372	0.798616
-0.037612	-0.00513302	0.999279
0.123561	0.0508346	0.991034
0.110561	-0.313738	0.943051
0.916627	-0.0240156	0.399022
-0.0437944	0.140735	0.989078
-0.082415	0.383964	0.919663
0.372484	0.165849	0.913099
-0.19192	0.534029	0.823396
-0.468849	-0.301018	0.830403
-0.105602	-0.24554	0.963617
-0.151303	0.186476	0.970739
-0.0618909	-0.714944	0.696437
0.231873	-0.205356	0.950823
0.539674	-0.222194	0.812023
0.0875015	0.0187431	0.995988
0.656236	0.293386	0.695183
0.488467	0.116666	0.864748
0.297176	-0.449922	0.842173
0.635616	0.124633	0.761878
-0.335488	-0.18433	0.923835
0.614368	0.547596	0.568058
0.432821	0.0454155	0.900335
-0.0435431	0.26463	0.963366
0.397894	-0.0776737	0.914137
0.306624	-0.168759	0.936751
0.350774	-0.344337	0.870856
0.262439	0.200373	0.943915
0.0194665	0.721278	0.692372
0.0164955	-0.28285	0.959022
-0.0562221	0.17926	0.982194
0.276748	0.225001	0.93423
0.264957	0.109337	0.958041
0.189245	0.0980103	0.977026
0.296395	-0.103024	0.949493
0.505328	0.0875364	0.858476
0.628168	-0.405561	0.664022
-0.0120418	0.455993	0.889902
-0.0805783	-0.0988557	0.991834
-0.115	-0.274199	0.954772
0.0221712	0.396927	0.917583
-0.360789	-0.284631	0.888154
0.854347	0.426148	0.297471
0.0249535	-0.517267	0.85546
-0.0178104	0.45938	0.888061
-0.103429	0.110237	0.988509
0.0593343	-0.331163	0.941706
0.146623	-0.232852	0.961396
-0.0143386	0.19426	0.980845
0.00968185	0.208666	0.977939
0.439486	-0.291299	0.849704
0.15668	0.0994446	0.98263
0.120819	-0.0504061	0.991394
0.536589	0.103353	0.837491
-0.461803	0.414893	0.783965
0.44818	-0.416272	0.791109
0.138213	0.248393	0.958748
0.155605	-0.288795	0.944661
0.36618	-0.392094	0.843904
-0.0549144	0.0717335	0.995911
0.371366	-0.776056	0.509729
0.121362	-0.302515	0.945387
0.366558	-0.411131	0.83463
0.564092	-0.215928	0.796979
-0.170689	-0.00857775	0.985288
0.306885	0.0563936	0.950074
-0.0217525	-0.80912	0.587241
0.0305174	-0.663845	0.747247
0.469072	0.725635	0.503413
-0.0840444	0.0938755	0.99203
-0.0321965	-0.534897	0.844304
0.617286	-0.323633	0.717091
0.0496807	0.320603	0.94591
-0.420465	-0.795226	0.436835
0.060886	-0.61563	0.785679
0.106391	0.0992887	0.989355
-0.255437	-0.08274	0.963279
0.449384	0.693515	0.563109
-0.0863871	-0.162256	0.98296
0.0183231	0.266111	0.963768
-0.168732	-0.226552	0.959273
0.265754	0.92274	0.279152
-0.0908666	-0.712913	0.69534
0.198336	-0.208479	0.957705
0.331952	-0.0918329	0.938815
0.773812	0.148953	0.615652
0.408353	-0.403094	0.819002
0.20559	-0.440932	0.873677
0.774823	-0.513003	0.369428
-0.423581	0.224054	0.877713
0.396463	-0.00611633	0.91803
0.0514342	-0.291912	0.955061
0.582459	0.459661	0.670414
0.505436	-0.105586	0.85638
-0.164527	-0.2672	0.949492
-0.0962843	0.206128	0.973776
0.0880241	0.326078	0.941236
0.163451	0.085073	0.982877
0.253689	-0.146693	0.956098
0.454914	0.442403	0.772873
-0.30765	-0.858937	0.409363
0.249065	-0.419935	0.872709
0.57665	-0.578691	0.576707
-0.287824	-0.00900526	0.957641
0.601851	-0.154675	0.783487
0.190503	0.204572	0.960135
0.023609	0.337267	0.941113
0.0475073	0.149958	0.98755
0.645851	0.288727	0.706763
0.38615	0.327061	0.862507
0.510327	-0.237115	0.826645
0.48781	0.1102	0.865966
0.272422	0.0187538	0.961995
-0.222962	-0.380901	0.897331
-0.314764	0.475587	0.821426
0.644939	-0.234856	0.727252
-0.656654	0.205913	0.725538
0.753703	-0.317179	0.575612
-0.0102191	0.836622	0.547686
0.304877	-0.381916	0.872462
-0.37811	0.683183	0.624735
-0.211702	-0.0986891	0.972339
0.151869	-0.740785	0.65435
0.534166	-0.0783353	0.841742
0.373371	-0.154034	0.914805
0.264503	-0.0622526	0.962374
-0.264383	-0.345905	0.900251
0.511985	0.0800908	0.855253
0.0318572	-0.299669	0.953511
0.492508	-0.282703	0.823113
-0.0228259	-0.0499188	0.998492
0.543535	-0.231298	0.806889
0.101041	0.0881015	0.990974
0.599132	-0.213059	0.771781
0.710119	-0.121323	0.69355
0.152347	-0.563746	0.811776
0.330326	-0.124099	0.935673
0.0887945	0.557406	0.825478
0.153634	0.069481	0.985682
0.601058	-0.00416925	0.799195
0.370527	-0.506727	0.77842
0.482672	-0.444506	0.754614
0.270697	-0.355524	0.894609
0.718808	0.0575537	0.692822
0.261708	-0.337174	0.904335
0.55661	0.161037	0.815017
-0.0327228	0.381722	0.923698
0.611798	0.0414969	0.789925
0.232015	-0.180269	0.955862
0.0534548	-0.258468	0.96454
0.173499	0.069501	0.982379
-0.130935	-0.587873	0.798286
0.619569	0.0854216	0.780281
0.256816	0.0927768	0.961997
0.613004	0.135822	0.778317
0.321357	0.524582	0.78838
0.125922	-0.0176252	0.991884
0.599155	-0.374566	0.707611
0.15455	0.00683229	0.987961
0.0740783	0.278651	0.957531
0.361589	0.355908	0.861733
0.310663	0.102851	0.944939
-0.000249126	0.205673	0.978621
0.559394	-0.0543337	0.827119
0.22086	-0.394789	0.891831
-0.0468572	-0.166329	0.984956
0.581765	0.205612	0.786939
-0.0631931	0.352712	0.933596
0.801722	0.0608011	0.594597
0.568091	-0.196862	0.799073
0.0415263	0.485611	0.873188
0.500415	0.243831	0.830741
-0.0902711	-0.566272	0.81926
0.313685	-0.439675	0.841598
-0.303049	0.0632637	0.950873
0.100731	-0.767167	0.633488
-0.191567	-0.220787	0.956324
0.189496	0.362484	0.912522
0.0053946	-0.0832819	0.996511
-0.0943833	-0.214117	0.972237
0.329247	0.0179105	0.944074
-0.227734	-0.35004	0.908631
-0.035309	-0.102394	0.994117
-0.105261	-0.163767	0.980867
0.369779	-0.198631	0.90764
0.69865	-0.212081	0.683308
0.35751	0.082014	0.930301
0.294329	0.0797985	0.952367
0.3902	0.0236518	0.920426
0.47438	-0.0580438	0.878405
-0.0203241	-0.0672773	0.997527
-0.439289	-0.615083	0.65475
0.162195	0.248145	0.955048
-0.0354687	-0.186299	0.981853
0.191419	0.0764599	0.978526
0.427904	-0.0534464	0.902243
0.42438	0.198524	0.883453
-0.150722	0.652438	0.742703
0.00687005	0.347812	0.937539
0.533194	0.376826	0.757434
0.172561	0.204109	0.963619
0.573681	-0.282375	0.768866
-0.192902	0.446828	0.873575
0.385269	0.619314	0.684118
0.218357	-0.116075	0.968941
0.433113	-0.16707	0.88572
0.421615	0.258239	0.869226
-0.0412033	-0.208419	0.977171
0.435474	-0.382679	0.814812
0.11188	-0.289385	0.950652
0.589052	0.226181	0.775796
0.22306	0.218423	0.950019
0.369505	0.232876	0.899575
0.594149	-0.0327668	0.803687
-0.199716	0.312173	0.928796
-0.320474	0.455326	0.830647
0.016338	-0.267806	0.963334
0.462737	0.512089	0.723629
0.44707	0.0635205	0.892241
0.347577	-0.0123186	0.937571
0.309873	0.399213	0.862906
0.308065	-0.101483	0.945937
-0.734975	-0.187904	0.65154
0.183429	0.178275	0.966733
0.543261	-0.274374	0.793465
0.589453	-0.615131	0.523602
0.154882	-0.44268	0.883202
-0.000560104	-0.0865942	0.996244
0.228729	-0.25916	0.93836
-0.751631	0.226065	0.619633
0.324143	-0.216525	0.920895
0.210429	0.0302978	0.977139
0.378216	-0.236108	0.895101
0.522997	0.538593	0.6606
-0.298734	-0.380642	0.875139
0.718407	-0.388382	0.577106
0.0268559	-0.301834	0.952982
-0.0290642	-0.138302	0.989964
0.807175	0.0925996	0.583004
0.03387	0.188299	0.981528
0.602429	0.333205	0.725295
-0.0477868	0.0281663	0.99846
0.434723	0.20868	0.876053
0.315768	0.0473311	0.947655
0.321225	0.100454	0.94166
0.667037	0.035176	0.744194
-0.108804	0.127775	0.985817
0.331042	0.289963	0.89796
0.330485	-0.0450282	0.942737
-0.143531	-0.636428	0.757864
0.369559	0.515051	0.7734
0.571575	-0.29327	0.766352
-0.0392368	0.18803	0.981379
-0.5695	-0.138075	0.810312
0.449949	0.245895	0.858534
-0.457786	-0.0614486	0.886936
0.0419709	0.0419572	0.998237
0.266264	0.267139	0.926142
0.0827819	0.398519	0.913416
-0.123077	0.0603446	0.990561
0.262866	0.340201	0.902865
-0.288177	0.624136	0.726229
0.335255	0.0504831	0.940774
-0.421365	0.0224219	0.906614
-0.161389	-0.175576	0.971147
0.203533	0.0566961	0.977425
0.285964	-0.307766	0.907471
-0.185009	0.282058	0.94139
0.673351	-0.204846	0.710378
0.694598	0.312637	0.647913
-0.310055	0.342218	0.886991
-0.1262	-0.461278	0.878234
-0.321173	0.0467878	0.945864
0.131095	-0.00655863	0.991348
0.293732	0.0409053	0.955012
0.650775	0.333795	0.681963
0.592366	0.0885958	0.800783
-0.178598	0.444202	0.877945
0.276722	0.111962	0.954405
-0.380953	0.0839088	0.920779
-0.0432374	-0.0837034	0.995552
-0.0889301	0.0583401	0.994328
0.327791	0.156907	0.931629
0.52965	0.404747	0.74542
-0.0498387	0.521368	0.851875
-0.153638	-0.542612	0.825813
0.237849	-0.106225	0.965476
0.156705	0.569711	0.806767
0.0664176	-0.666777	0.742292
0.145616	0.221757	0.964168
-0.130137	0.506396	0.852424
0.616039	-0.343756	0.708751
-0.136692	0.217734	0.966389
0.203797	0.152404	0.967078
0.573901	0.118075	0.810368
-0.109842	-0.0313716	0.993454
-0.132905	-0.706581	0.695039
0.295226	0.839668	0.45585
-0.686671	0.184366	0.703201
0.288606	-0.550619	0.783278
0.712674	-0.482644	0.509068
-0.0649897	0.124286	0.990116
-0.464798	0.0394846	0.884536
0.0629464	0.332667	0.940941
0.317809	-0.680196	0.660553
-0.450604	-0.357935	0.817826
0.0953016	-0.721809	0.685499
-0.316262	-0.123926	0.940543
0.35328	0.0383081	0.934733
0.196769	0.120739	0.972987
0.202601	0.558551	0.804347
0.128277	-0.321819	0.938071
0.0925095	0.298916	0.949785
0.83864	-0.544141	-0.0243568
0.187905	-0.369096	0.910198
-0.573442	0.530784	0.624045
0.549192	-0.0235776	0.835363
0.28314	0.256861	0.924042
0.337517	-0.273868	0.900599
-0.138419	0.242648	0.960189
0.587216	0.195357	0.785502
0.182838	0.0627649	0.981138
0.326431	-0.00569908	0.945204
0.642017	0.35464	0.679738
0.349636	-0.1831	0.918819
0.0326112	-0.532702	0.845674
0.569781	-0.60651	0.554522
0.189401	-0.283163	0.940184
0.203757	-0.358622	0.910974
0.54212	-0.10865	0.833247
-0.369051	-0.642323	0.671732
-0.0379613	-0.131207	0.990628
0.0162656	0.310228	0.950523
-0.216057	-0.542275	0.811947
0.538203	-0.115161	0.83491
0.0446897	-0.111131	0.9928
0.840198	0.531892	0.105632
-0.242801	-0.227505	0.943021
0.227281	0.661789	0.714408
0.468392	-0.300931	0.830692
-0.160913	-0.330629	0.929942
0.664865	-0.278714	0.693018
-0.460872	-0.678027	0.572604
0.254574	0.131144	0.958119
-0.0761747	0.369269	0.926195
0.658703	0.255093	0.70784
-0.445407	-0.275704	0.851821
0.130182	0.425974	0.895321
-0.139068	0.01645	0.990146
0.134149	0.567961	0.812049
-0.0700959	-0.218819	0.973245
-0.229113	-0.191185	0.95444
0.674048	-0.0467646	0.737206
0.723032	-0.0363968	0.689855
0.101219	0.505309	0.856982
0.761356	-0.390113	0.517831
-0.341682	0.275407	0.898557
0.362986	-0.867235	0.340801
0.416927	0.211173	0.884069
0.206351	0.196752	0.958493
0.216959	0.411536	0.885193
0.55754	-0.21422	0.802034
0.110353	-0.728843	0.675729
-0.165525	0.504317	0.847505
0.654503	0.316472	0.686638
-0.421788	0.266296	0.866707
0.420402	-0.547469	0.723561
0.330297	0.000392919	0.943877
-0.0989577	-0.663708	0.741417
0.550801	-0.719014	0.423836
-0.615132	0.0669661	0.785575
-0.107225	-0.564611	0.818363
-0.163194	-0.54775	0.820572
0.138672	0.461701	0.876129
-0.15856	-0.303394	0.93958
0.464598	-0.136025	0.875012
-0.162935	-0.226341	0.960324
0.00907714	-0.542788	0.839821
-0.0814161	-0.329651	0.940586
0.197238	0.439123	0.876509
-0.587059	-0.376261	0.716791
0.0966631	-0.867983	0.487096
-0.0768835	0.0427084	0.996125
0.725272	0.290886	0.623991
0.0544842	0.289009	0.955775
-0.268229	0.349226	0.897828
0.135732	-0.723795	0.676534
0.0197955	0.189605	0.981661
-0.31916	-0.21338	0.923367
0.407674	-0.227935	0.884222
-0.0538278	-0.0938573	0.994129
0.325757	-0.144785	0.934302
-0.325633	-0.522285	0.788151
0.562654	0.321	0.761826
-0.143164	-0.907589	0.394699
-0.161901	-0.529258	0.832871
-0.354147	0.227796	0.907022
0.403499	-0.340743	0.849166
0.46934	0.353499	0.809171
0.254442	-0.375787	0.891091
0.473462	0.167617	0.864719
0.440218	-0.368872	0.818622
0.619798	-0.435373	0.652917
0.507033	-0.224822	0.832089
0.525208	-0.352916	0.774343
0.142181	-0.404661	0.903346
0.0403834	-0.761444	0.646972
-0.226305	-0.00360525	0.97405
-0.0793419	-0.00369362	0.996841
-0.144084	-0.365016	0.919784
-0.365919	0.910382	-0.193154
-0.0159813	-0.229854	0.973094
0.198653	-0.392339	0.898113
0.619344	-0.122076	0.775571
-0.255545	0.526068	0.811141
0.329928	0.509341	0.794808
-0.115578	-0.146206	0.982479
0.237197	-0.294944	0.925605
0.715039	-0.100989	0.691752
0.346784	-0.235479	0.907904
0.476223	0.279212	0.833818
0.375378	-0.321911	0.869174
0.0382448	-0.160452	0.986302
0.785124	-0.305677	0.538649
-0.142348	-0.704314	0.69547
0.360677	0.0272188	0.932294
-0.326541	-0.210444	0.921458
0.629648	0.330756	0.702954
0.512604	-0.213719	0.831602
0.590651	0.367692	0.718286
-0.128403	0.0117101	0.991653
0.401416	-0.17582	0.898862
0.0759853	-0.623062	0.778473
0.759809	-0.0109299	0.650055
0.623994	0.323275	0.711424
0.182472	-0.340686	0.9223
0.241284	0.145397	0.959501
0.40656	-0.0114064	0.913553
0.361283	-0.702763	0.612861
-0.171482	-0.525081	0.833597
0.329232	0.0635487	0.942108
-0.207895	-0.459949	0.863265
0.0544277	0.113983	0.991991
-0.293954	-0.537441	0.79041
0.641702	0.365254	0.674394
0.0551254	-0.246584	0.967552
-0.47299	0.204989	0.85689
-0.298778	-0.592026	0.74849
0.187606	-0.0146792	0.982135
0.152483	0.219342	0.963659
0.159468	-0.575355	0.802207
-0.240494	-0.0308707	0.970159
0.499597	-0.427425	0.753466
0.414677	-0.424062	0.805118
0.367409	0.464612	0.805697
-0.151899	-0.96689	0.205063
0.394882	0.602905	0.693234
0.186165	0.360004	0.914188
0.259446	-0.462901	0.847591
-0.651846	-0.426657	0.626945
0.349075	-0.206312	0.914102
0.781781	0.234993	0.577578
0.072523	-0.259107	0.963122
0.496873	0.156695	0.85356
0.37665	0.197647	0.905025
-0.463077	-0.17062	0.869741
0.0989501	0.234836	0.966985
0.0321785	0.339232	0.940152
0.254719	0.216757	0.942409
0.270066	0.695473	0.66587
-0.451938	0.096091	0.886859
-0.482962	0.497726	0.720428
-0.287953	0.471972	0.833262
0.658036	0.408471	0.632566
0.308364	-0.233315	0.922213
0.287139	-0.391328	0.874308
0.666526	0.613167	0.423993
0.422927	0.625566	0.655591
0.632695	-0.432817	0.642157
0.775738	-0.345539	0.528047
-0.877071	-0.207239	0.433358
-0.338473	0.0726318	0.938169
-0.136976	-0.231492	0.963146
0.554362	-0.467571	0.68852
-0.383756	-0.596523	0.704906
-0.100106	0.0559246	0.993404
0.0700867	-0.503371	0.861223
0.411073	0.173532	0.894933
0.243595	0.19262	0.950557
0.542188	-0.126981	0.830607
0.307018	0.0608999	0.949753
-0.47253	0.0355047	0.880599
0.480651	0.47581	0.7366
0.530309	-0.632843	0.564165
0.378819	0.558902	0.737648
0.581609	-0.108781	0.806163
0.380802	-0.324475	0.865855
-0.310636	-0.168452	0.935483
0.453901	-0.424102	0.783652
0.432334	0.546616	0.717146
0.123313	-0.0697379	0.989914
0.629028	0.0649697	0.774663
0.592397	-0.280928	0.75508
0.691735	0.154533	0.705423
0.0182144	0.164932	0.986137
0.128307	-0.572821	0.809576
0.697088	0.0771565	0.712822
-0.510515	0.246474	0.823787
0.538678	0.606239	0.585065
0.0928781	0.176036	0.979992
0.646231	0.401041	0.64927
0.293671	-0.064499	0.953728
-0.0548249	0.378242	0.924082
0.283735	0.374028	0.882948
-0.276952	0.0873017	0.95691
0.136885	-0.0669107	0.988325
0.0706559	0.304792	0.949795
-0.399585	0.244013	0.883623
-0.00941422	0.303758	0.952703
-0.336492	-0.172868	0.925683
-0.434652	0.0144367	0.900483
0.202611	0.192991	0.960054
0.434176	-0.418762	0.797578
-0.0161446	0.450282	0.89274
-0.460725	-0.259773	0.848676
-0.0327488	0.261681	0.964599
0.276174	-0.102064	0.955673
0.030587	0.053189	0.998116
0.708811	-0.145057	0.690323
0.14692	-0.0921367	0.984848
0.157418	-0.507596	0.847092
0.765977	0.176564	0.618146
0.399532	-0.0274712	0.916308
0.969514	-0.164185	-0.181895
-0.117893	-0.155845	0.980721
0.0857747	-0.619625	0.780197
0.13283	-0.335118	0.932766
0.0921161	-0.4712	0.877203
0.43852	-0.25732	0.861096
-0.507344	-0.751512	0.4217
0.446655	-0.500165	0.741845
0.0566228	-0.894935	0.442589
0.582083	-0.00334311	0.813123
0.434425	0.13317	0.890809
0.586417	0.704645	0.399488
0.410658	-0.0215723	0.911534
0.0999591	0.00872778	0.994953
0.488522	-0.229105	0.841937
0.424396	0.724682	0.542884
-0.442845	-0.300862	0.844613
0.14683	0.85804	0.492146
0.0833537	0.00186742	0.996518
0.629066	0.0340852	0.776604
0.0551075	0.193616	0.979528
0.337784	-0.180304	0.923792
0.102731	0.158325	0.982028
-0.131756	-0.629985	0.765349
0.391364	0.0385198	0.919429
0.343916	0.243457	0.906891
-0.34209	0.0291238	0.939216
0.392424	0.429892	0.81314
-0.372828	-0.595606	0.711514
-0.497712	0.0787349	0.863761
-0.187684	0.0275625	0.981843
0.488736	-0.589778	0.642883
0.153722	-0.63131	0.760143
-0.182457	0.216463	0.95909
0.287553	-0.0756195	0.954775
0.522972	0.301682	0.797175
0.363234	0.487337	0.794081
0.355651	0.458771	0.814274
-0.234635	0.281261	0.930505
-0.075063	0.366737	0.927291
0.365906	0.067823	0.928177
0.171427	0.327655	0.929115
0.585528	-0.215683	0.781433
-0.321412	-0.694335	0.643889
-0.0779403	0.513187	0.854731
-0.0202121	-0.304925	0.952162
-0.444596	-0.198483	0.873464
0.533806	-0.742305	0.405011
0.417295	-0.090405	0.904263
0.16154	-0.356178	0.920349
0.803826	0.221802	0.551967
0.60778	-0.0468072	0.792725
0.785194	0.365386	0.499964
-0.0620978	-0.0375383	0.997364
0.196866	-0.263717	0.944297
0.106335	-0.544924	0.831716
0.0256144	0.221166	0.9749
0.0559921	0.194174	0.979368
0.0475963	-0.274755	0.960335
0.555302	0.21231	0.804092
0.701968	-0.0135816	0.712079
0.312144	0.37323	0.873651
0.748163	0.23745	0.619572
0.137017	0.129291	0.982095
0.359074	-0.401153	0.842699
0.455158	0.589811	0.667048
0.133345	0.323622	0.936743
0.503731	0.13032	0.853974
0.17065	-0.0333366	0.984768
0.626264	-0.435097	0.646904
-0.105192	0.633319	0.766708
-0.0840771	-0.252109	0.964039
-0.000308818	-0.679914	0.733292
0.164096	0.616634	0.769958
-0.485317	0.790256	0.374117
-0.0922072	0.336282	0.937236
0.2677	0.271113	0.924573
0.389589	-0.249999	0.886409
-0.423163	0.0922949	0.901341
-0.125843	-0.201336	0.971405
-0.278178	-0.284171	0.917531
0.0332469	0.194905	0.980258
0.817569	-0.185238	0.545223
0.452467	0.188651	0.871599
0.442209	0.621328	0.64684
-0.0418069	-0.413951	0.909339
0.350834	-0.369359	0.860517
0.688411	0.16355	0.706642
-0.339619	0.389918	0.855934
0.720237	0.624216	0.302677
0.295312	-0.349152	0.889317
-0.0644759	0.447618	0.891897
0.0374432	-0.177492	0.98341
0.596708	0.329618	0.731637
0.27281	0.518956	0.810098
0.26166	-0.434703	0.861723
0.307151	-0.53975	0.783791
-0.397442	-0.189684	0.897808
0.528436	0.208423	0.822992
0.0264577	0.0661915	0.997456
0.709817	-0.172336	0.682979
-0.195335	0.282194	0.939261
0.289182	-0.0452124	0.956206
0.710754	0.585618	0.389718
0.565985	0.20499	0.798523
0.0958997	-0.0845041	0.991798
0.0407081	0.149611	0.987907
0.699626	-0.556767	0.44781
0.115999	-0.0357874	0.992604
0.230295	0.163346	0.959313
-0.193042	-0.32075	0.927283
-0.182319	0.319384	0.929921
-0.611379	-0.348924	0.710259
0.182663	-0.314987	0.931352
0.274188	0.313098	0.90928
0.270633	0.0421544	0.961759
-0.260816	-0.28358	0.922799
0.301674	0.475137	0.826582
0.538983	0.00230656	0.842314
0.24559	0.0341565	0.968772
-0.288621	-0.264998	0.92004
-0.500532	-0.598904	0.625125
0.250063	0.557391	0.791697
-0.0305108	0.344064	0.93845
-0.0808321	-0.553751	0.82875
0.539309	-0.528474	0.655638
-0.331486	0.0813257	0.939949
-0.308126	0.529887	0.790113
0.0217371	-0.134151	0.990722
0.567305	-0.306192	0.764468
-0.329856	-0.395675	0.857109
-0.115917	-0.465404	0.877475
-0.0928114	-0.345347	0.933874
0.290586	0.941156	0.172585
0.795872	-0.255492	0.548918
-0.0661083	-0.0264077	0.997463
-0.341809	0.0181863	0.939594
0.566971	-0.218161	0.794323
-0.153885	-0.82248	0.547582
0.584245	0.305753	0.75178
0.906538	-0.062492	0.417474
0.417753	0.0270589	0.908158
0.455852	-0.048003	0.88876
0.456673	0.0841841	0.885643
0.416603	0.535192	0.734855
0.0520854	-0.028411	0.998238
0.0999429	-0.189667	0.976749
0.23626	0.3419	0.909552
