3400
0.434627	0.299541	0.849337
0.355295	-0.395055	0.84717
0.892233	0.161434	0.421734
0.637352	0.31847	0.701683
0.358566	-0.851149	0.383376
0.00497652	-0.390332	0.920661
0.127236	-0.274566	0.953113
0.955486	0.0675659	0.287195
0.0871018	0.523223	0.847733
-0.151339	0.61969	0.770117
0.394033	-0.893917	-0.21366
0.343801	-0.0890602	0.93481
0.646712	-0.334371	0.685536
0.340374	-0.173944	0.924061
-0.305657	0.501935	0.809095
0.121361	-0.468534	0.87507
0.610293	-0.145039	0.778785
0.910403	0.407005	-0.0742531
0.793442	0.149427	0.590018
0.524866	0.0917635	0.846224
0.614154	-0.248139	0.749161
0.689573	-0.214406	0.69175
0.0766297	0.374546	0.924036
0.502442	0.833061	0.231435
-0.241391	-0.480545	0.843094
-0.133159	0.902174	0.410306
0.558958	0.193838	0.806221
0.0998512	0.130178	0.98645
0.0906322	-0.390411	0.916169
0.771666	0.295112	0.563418
0.990679	-0.0282957	0.133247
0.353207	-0.652816	0.670131
0.0497263	0.0418996	0.997884
-0.0234243	-0.280054	0.959698
-0.19252	-0.215963	0.957234
-0.0464605	0.379116	0.924182
-0.271781	0.422531	0.86464
-0.00951072	-0.0425234	0.99905
-0.309481	-0.174473	0.934762
-0.247228	0.196908	0.948739
-0.958331	0.150487	0.242807
0.124921	0.0362484	0.991504
-0.0894032	0.632012	0.769785
0.0573562	-0.0446655	0.997354
-0.175751	-0.452976	0.874028
-0.48783	0.871994	0.0406
-0.0737752	0.532493	0.843213
0.18331	-0.202629	0.961945
0.478667	0.0866081	0.873715
0.0376727	0.0577139	0.997622
0.367581	0.482641	0.794947
-0.257087	0.580209	0.772828
0.034775	0.417426	0.908045
0.751799	-0.44649	0.485227
0.253403	-0.831654	0.494104
0.628807	0.370503	0.683615
-0.112976	0.0790235	0.99045
-0.262005	0.562968	0.78385
0.898925	-0.157885	0.408665
0.379853	-0.188944	0.905545
-0.195313	-0.151908	0.968905
0.00602655	-0.52535	0.850865
0.386156	0.652374	0.652144
0.836213	0.00880183	0.548335
-0.187278	-0.295497	0.936808
0.952742	0.138583	0.270328
0.275065	0.33756	0.900218
0.203547	-0.0783344	0.975926
0.491671	-0.20434	0.846466
0.202245	0.353368	0.913361
-0.372218	-0.0757365	0.92505
0.5387	0.659695	0.524027
0.752535	-0.0557911	0.656185
-0.15795	0.938896	0.305821
0.0799304	-0.425066	0.901626
0.150273	-0.152272	0.976848
0.659213	-0.569604	0.490907
0.595235	-0.575077	0.561232
0.413325	0.217899	0.884128
0.642907	0.553549	0.52939
0.317787	-0.459835	0.829194
-0.0220107	0.0609855	0.997896
-0.758116	-0.083888	0.646702
0.538159	0.100347	0.836848
0.0222584	0.679499	0.733339
-0.11939	-0.572654	0.811057
0.334428	0.36118	0.870464
0.681441	0.435303	0.588345
0.100374	0.158865	0.982185
-0.02931	0.988912	-0.145583
-0.73513	-0.108025	0.669264
0.412306	0.413006	0.812053
0.49405	0.779492	0.385107
-0.562355	-0.025233	0.826511
-0.0588795	0.778633	0.624712
0.232265	0.841318	0.488096
0.182657	-0.350327	0.918644
-0.353993	-0.285075	0.890742
-0.689143	0.375186	0.619933
0.107618	-0.984001	0.141985
-0.16769	-0.325534	0.930542
0.524777	0.617207	0.586229
0.584784	0.213895	0.782481
0.16127	-0.117879	0.979845
-0.492522	-0.722385	0.485368
-0.327497	0.271052	0.905139
-0.163623	-0.553445	0.816656
0.257537	0.0758222	0.963289
0.0834166	0.43147	0.898263
0.901453	-0.216508	0.374842
0.0277309	0.394511	0.918473
-0.258926	-0.205386	0.943808
0.0330093	0.131985	0.990702
-0.823983	0.0285989	0.565892
-0.184902	-0.767621	0.613652
0.555249	0.24131	0.795907
0.623891	-0.504596	0.596777
-0.830442	0.360098	0.425083
0.553744	-0.554243	0.621436
-0.0252406	-0.032572	0.999151
-0.419657	-0.567893	0.708085
0.689619	-0.357775	0.629621
0.665266	-0.60554	0.436741
-0.522741	0.0496054	0.851047
-0.376841	-0.0774047	0.923038
0.999492	-0.00825609	-0.0307798
0.654064	0.517464	0.551753
0.667397	0.559464	0.491509
0.664251	0.609341	0.432983
0.568437	-0.0138779	0.82261
0.0197814	0.0995981	0.994831
0.315647	-0.586419	0.745975
0.490492	-0.691534	0.530282
0.207259	-0.0364053	0.977609
0.436496	-0.148474	0.887371
0.610202	0.673075	0.41788
-0.273941	-0.424775	0.862857
0.277184	-0.945588	0.17039
0.464512	0.837323	0.288305
0.532558	-0.105947	0.839737
-0.12829	-0.869609	0.476782
0.73785	0.0608954	0.672212
0.802545	-0.544776	0.243188
-0.0511743	-0.72714	0.684579
-0.0793197	-0.0823042	0.993446
-0.0371706	0.759397	0.649565
0.3308	0.283823	0.900009
-0.54133	0.0913407	0.835834
0.381863	-0.354269	0.853624
-0.0511677	-0.652771	0.755826
-0.0421863	0.619306	0.784015
-0.214379	0.309311	0.926482
0.722206	-0.0357788	0.690752
0.518188	-0.287215	0.805598
0.345071	0.818444	0.45943
-0.324107	-0.304305	0.895742
0.532382	-0.633673	0.561274
0.60897	0.788923	0.0821891
-0.679789	0.0826023	0.728741
0.504026	-0.142847	0.851794
0.0376424	0.425849	0.904011
-0.0817594	0.656945	0.749492
-0.940453	0.0585607	0.334841
-0.500564	-0.159894	0.850805
0.580779	0.262048	0.770732
0.36359	0.9231	0.125252
0.0260265	-0.899738	0.435654
-0.220189	-0.146557	0.964385
0.32247	-0.915123	0.241997
0.0140836	0.506538	0.862103
0.122808	-0.318218	0.94003
0.727034	0.0526088	0.684583
-0.900073	-0.278972	0.334727
0.222265	-0.268931	0.937163
0.202635	-0.786048	0.58401
0.834197	-0.405062	0.374219
0.00707405	-0.177774	0.984046
-0.257644	0.466971	0.845906
0.755434	0.236237	0.611156
-0.842858	0.405786	0.353451
0.143357	-0.259056	0.955164
0.970463	0.220872	-0.0970371
-0.561641	0.170858	0.809547
0.939095	-0.0490832	0.340135
0.953683	-0.295003	0.0588448
-0.0673753	0.290474	0.954508
0.131236	0.000768401	0.991351
0.350738	-0.71407	0.605877
-0.406057	-0.36018	0.839874
-0.561957	0.193969	0.804102
0.704062	-0.563971	0.431548
0.558908	0.348781	0.752312
0.408817	0.438614	0.800304
0.154571	-0.569017	0.807668
-0.717522	-0.0499226	0.694745
-0.397346	-0.749112	0.530045
0.156972	0.263178	0.951891
0.363527	-0.710838	0.602128
0.391374	-0.654083	0.647303
-0.127953	-0.388811	0.912389
0.763166	-0.449757	0.464
0.0264897	-0.123605	0.991978
-0.238632	-0.848137	0.472989
0.690131	-0.506327	0.517061
0.389853	0.328221	0.860399
-0.0728536	0.205822	0.975874
-0.627433	-0.331771	0.704454
0.108679	0.40118	0.909529
-0.762318	0.325225	0.559553
-0.762282	0.0227128	0.646847
-0.258016	0.958133	0.124135
-0.0324008	-0.184127	0.982368
0.290969	0.543899	0.78709
-0.297332	-0.00762458	0.954744
-0.411851	0.0507288	0.909838
0.334916	0.267798	0.903391
-0.321471	0.906522	0.273632
-0.22972	0.168328	0.95859
0.213302	0.686629	0.695013
0.35562	0.362848	0.861322
-0.0663847	0.123792	0.990085
0.00475082	0.489691	0.871883
-0.403557	0.41986	0.812933
-0.163714	0.439047	0.883423
0.607622	-0.018679	0.794006
-0.237932	-0.356481	0.903499
-0.495466	0.283553	0.821042
0.378617	-0.531054	0.758044
0.0781521	0.514092	0.854167
0.0375034	0.196469	0.979793
0.457324	0.62729	0.630367
0.138348	-0.29631	0.945019
-0.507792	0.710709	0.486867
0.538603	-0.420595	0.730073
0.874094	-0.325154	0.36088
0.107843	-0.52282	0.845594
-0.869066	-0.29723	0.395448
0.854692	-0.135893	0.501034
0.498471	-0.000578252	0.866906
-0.595309	0.158144	0.78778
0.0642691	-0.348657	0.935044
-0.572707	0.446473	0.687508
-0.303139	-0.623723	0.72047
0.367311	0.108974	0.923692
0.797619	-0.472852	0.374453
0.502789	0.660905	0.557143
0.613237	0.0463498	0.788538
0.800767	-0.591414	-0.0948799
0.592303	0.255867	0.764008
-0.249557	-0.802048	0.542624
-0.206381	-0.200925	0.95762
-0.00253115	0.554262	0.832338
0.171244	0.413248	0.894372
0.216915	-0.745076	0.630721
0.287174	0.060854	0.955944
0.458362	-0.668562	0.585602
-0.0369974	0.4781	0.877526
0.403448	-0.48048	0.778697
-0.182731	0.182409	0.966093
0.701614	0.708441	0.0764764
-0.0201355	-0.49399	0.869234
-0.268323	0.267649	0.925401
0.752667	0.0477074	0.656671
0.614095	-0.0293523	0.788686
0.869389	0.466485	0.162956
-0.627118	0.453726	0.633131
0.634538	0.537592	0.555298
0.108863	0.787901	0.606104
-0.685945	0.507095	0.521856
0.383128	0.0435568	0.922668
0.797405	0.226288	0.559409
0.556674	0.826801	-0.0807125
-0.31662	-0.471586	0.823018
0.687813	0.0696522	0.722538
0.103305	-0.209061	0.972431
-0.177586	-0.800234	0.57279
0.910684	0.134242	0.390684
0.467739	0.316369	0.825306
-0.160446	0.464848	0.870732
0.481216	-0.331421	0.811536
0.728562	0.416504	0.543802
-0.0141752	0.981685	0.189982
0.0922948	0.631675	0.76972
-0.0897729	0.22787	0.969544
0.594632	0.0341525	0.803273
-0.477979	0.702562	0.527202
0.361786	0.0464679	0.931102
0.296581	0.0478411	0.953809
-0.00403366	-0.301607	0.953424
0.261764	-0.147856	0.953739
-0.280133	0.169547	0.94487
0.194126	0.177883	0.964714
-0.380777	0.503923	0.775288
-0.138105	0.161602	0.977145
0.239566	0.667845	0.704692
-0.360396	-0.0459735	0.931666
-0.486672	0.269255	0.831055
-0.105852	-0.269385	0.957198
0.503801	0.747615	0.432731
0.902509	0.142084	0.406558
0.26097	0.798737	0.542139
0.962739	-0.256171	-0.0866578
0.296307	-0.0565717	0.953416
-0.0816984	0.0829456	0.9932
-0.272523	0.322668	0.906431
-0.00872079	-0.0646332	0.997871
0.104382	0.0101372	0.994486
0.0401281	0.620791	0.782948
0.934148	0.0299727	0.355624
0.879591	-0.310434	0.360485
0.408999	-0.677866	0.610915
0.220642	0.25303	0.941962
0.659315	0.738349	0.141934
-0.703402	-0.265149	0.659486
0.989483	-0.141491	0.0300569
0.872215	-0.309049	0.379117
0.235361	0.452261	0.86027
-0.296462	-0.954445	0.0338479
0.267239	0.505382	0.820471
-0.101653	-0.438945	0.892745
0.129214	-0.799946	0.585995
0.783201	0.588032	-0.202026
0.362219	-0.0333381	0.931496
0.346075	-0.151738	0.925855
-0.123586	0.135199	0.983081
0.711714	0.571945	0.407851
0.491951	0.165163	0.854813
0.0236327	-0.767942	0.640084
-0.203502	0.12472	0.971098
0.195427	0.904205	0.379764
-0.279026	0.738906	0.61332
-0.0900051	0.398255	0.912848
0.151488	0.704348	0.693502
-0.377304	0.62526	0.683148
-0.100258	-0.582465	0.806649
0.240901	0.0923212	0.966149
0.782987	0.328952	0.527941
-0.389669	-0.418234	0.820511
-0.255427	0.183649	0.949226
0.607271	-0.409909	0.680586
-0.721591	0.27243	0.636465
0.534213	-0.209266	0.819038
-0.542692	0.542296	0.641405
0.468693	-0.524125	0.711069
0.0796409	-0.101317	0.991661
0.209898	0.518793	0.828732
-0.151328	-0.46032	0.87476
-0.0954833	0.533054	0.840676
0.665472	0.315339	0.676542
-0.571529	-0.418725	0.705708
-0.0734279	-0.460529	0.884602
0.632677	-0.0714857	0.771109
0.49764	0.324032	0.804585
0.572863	-0.0886024	0.814848
0.470142	-0.537506	0.700038
0.933802	0.350437	0.0721621
-0.111734	0.703673	0.701683
0.942545	0.238051	0.234393
0.234327	-0.661809	0.712109
0.229112	0.228441	0.946215
-0.0262469	-0.526513	0.849762
-0.790508	0.00548286	0.612427
0.369277	0.820577	0.436221
0.592561	0.0778261	0.801757
0.406725	0.075087	0.910459
0.0783434	-0.0490997	0.995717
-0.190125	0.258667	0.947071
0.451779	-0.0260231	0.89175
-0.467752	-0.632933	0.61693
0.646192	0.0398775	0.762132
0.971141	-0.236987	0.0268656
0.142766	0.190879	0.971176
0.0716131	-0.371999	0.925466
0.175938	-0.207358	0.962314
0.565686	0.45671	0.686597
-0.330402	-0.65207	-0.682378
0.590641	0.0586239	0.804802
0.663015	0.7279	-0.17485
0.964044	-0.255075	0.0745435
0.681319	-0.263593	0.682879
0.64208	-0.244607	0.726568
-0.443485	0.895987	-0.0229951
0.524564	-0.765319	0.372988
0.29726	-0.20919	0.931599
-0.669671	-0.109915	0.734479
0.117948	0.127159	0.984844
-0.054145	-0.191503	0.979997
0.522243	-0.039117	0.851899
-0.0677248	0.912736	0.402897
0.364348	-0.531729	-0.764536
0.589117	-0.718919	0.368913
-0.0765188	0.16981	0.982502
0.250821	0.451907	0.856077
0.370145	-0.184051	0.910559
-0.604714	0.638513	0.476049
-0.278246	0.768147	0.576654
0.610446	0.392267	0.688101
-0.747841	-0.0691733	0.660264
0.691064	0.558109	0.459287
0.470513	0.0202066	0.882162
-0.341707	-0.350327	0.872071
-0.0654019	0.129428	0.98943
-0.158654	0.151697	0.975611
0.612905	0.78043	0.123598
-0.202292	0.0959604	0.974612
0.851088	0.0323114	0.524028
0.594779	-0.426671	0.681315
-0.190448	0.536207	0.822321
0.628524	0.469258	0.620286
0.266132	-0.451577	0.851617
0.707387	0.331053	0.624506
0.0359791	-0.484981	0.873784
0.344603	0.27838	0.896523
-0.0936247	0.660949	0.744567
-0.355317	-0.289255	0.888865
0.412679	-0.0796908	0.907384
-0.684122	0.467088	-0.560184
-0.16398	0.682646	0.712113
0.159512	-0.593176	0.789112
0.506725	-0.140782	0.850536
0.926123	0.158518	0.342299
0.412243	-0.588052	0.695881
-0.131872	0.976109	0.17269
-0.368584	-0.00750413	0.929564
-0.0514874	-0.131595	0.989966
-0.223722	-0.413379	0.882647
0.887644	-0.442971	0.125955
0.191683	-0.494269	0.847913
0.757706	-0.0925645	0.645998
0.145309	0.106384	0.98365
-0.539621	-0.708616	0.454612
0.704073	-0.294181	0.646327
0.655165	-0.0999588	0.748844
0.451602	0.113961	0.884912
0.0744075	-0.677938	0.731344
-0.00376324	0.300817	0.953675
0.725607	-0.247108	0.642209
-0.26565	0.269524	0.925628
0.980576	0.0453409	-0.190828
0.190622	0.269833	0.94385
0.596484	-0.76617	0.239147
0.698984	-0.712171	-0.0650735
0.299584	0.164622	0.93976
0.920485	-0.203809	-0.33342
0.227871	-0.131147	0.964819
0.873352	-0.451796	0.182033
0.1616	0.621383	0.766661
-0.33267	0.312665	0.889703
0.206088	0.722211	0.660256
-0.0556645	0.454841	0.888832
0.45061	-0.205487	0.868749
-0.576552	-0.419254	0.701294
0.0115044	-0.180661	0.983478
0.0776196	0.286782	0.954846
0.122265	0.887683	0.443925
0.918824	-0.378885	-0.110494
0.6825	-0.385916	0.620695
0.615732	0.159616	0.77162
-0.0649909	-0.317325	0.946087
0.0214377	0.0560446	0.998198
0.201344	0.169993	0.964657
-0.702033	-0.0627959	0.709371
-0.45958	0.2466	0.853214
0.895602	0.0897728	0.435703
0.405355	-0.154746	0.900967
0.237073	0.444782	0.863693
0.808632	-0.249125	0.532965
-0.0443143	-0.508947	0.859657
0.796825	0.168363	0.580279
0.437138	0.288672	0.851809
0.495214	-0.406026	0.768053
0.181738	0.402455	0.897218
0.880558	0.418895	0.221688
0.183492	-0.916969	0.354258
0.174878	-0.797203	0.577828
0.59888	0.0254227	0.800435
-0.246893	-0.825174	0.508066
0.0608422	-0.609451	0.790486
-0.831664	0.155326	0.533113
0.298481	0.785951	0.54147
0.872484	0.03738	0.487211
0.270521	-0.0993422	0.957575
0.637379	0.00443876	0.770538
0.18987	0.132707	0.972799
0.720271	-0.512353	0.467657
0.561182	0.250444	0.788894
-0.877655	0.0774075	0.473001
-0.355351	0.224472	0.90738
0.0628781	-0.537161	0.841133
-0.159854	0.141956	0.97688
0.551507	0.194318	0.811221
-0.511445	-0.212208	0.832701
-0.0855429	0.162034	0.98307
0.264135	-0.554206	0.78936
-0.0555388	-0.245838	0.967719
0.229109	-0.336413	0.91342
-0.436803	-0.505658	0.743984
-0.0739747	-0.487837	0.869795
-0.0998665	0.124127	0.987228
0.466003	0.143043	0.873144
0.385313	0.502138	0.774204
0.327105	0.8562	0.399904
0.930385	0.342942	-0.129518
-0.186496	-0.087616	0.978541
0.725719	0.156027	0.670066
0.771747	0.521093	0.364511
0.668102	-0.480395	0.568208
0.986484	-0.152795	0.0591942
0.518775	0.146451	0.842273
0.2399	-0.77983	0.578198
-0.35067	-0.696408	0.626137
0.88659	-0.161465	0.43346
0.185461	-0.484576	0.854863
0.590819	-0.297246	0.750052
0.420004	0.113059	0.900452
-0.150539	0.125331	0.980627
-0.6318	-0.598779	0.492232
0.0410797	0.00817381	0.999122
0.00957668	-0.848305	0.529421
-0.0371157	0.632805	0.773421
0.327749	-0.187055	0.926062
-0.111429	0.79801	0.592253
-0.492891	0.00756194	0.870058
0.214922	-0.494216	0.842354
-0.084376	-0.0274273	0.996056
0.529476	-0.548238	0.647371
0.0162243	-0.742999	0.669096
-0.053311	0.138795	0.988885
0.13824	0.285986	0.94821
-0.45946	-0.0104553	0.888137
0.553791	0.266736	0.788776
-0.13351	-0.65493	0.743802
0.739257	0.0218099	0.67307
0.194989	-0.134157	0.971587
-0.752411	0.236277	0.614858
0.130084	0.392027	0.91071
-0.28509	-0.493738	0.821552
0.432237	-0.189208	0.881687
0.562547	-0.219957	0.796969
0.381222	-0.261748	0.886655
0.56918	-0.340147	0.748555
0.391912	-0.899543	-0.192945
0.0381603	-0.420391	0.90654
-0.0290247	0.442893	0.896105
0.537474	-0.434792	0.722549
0.183336	0.283878	0.94117
-0.220119	-0.0683965	0.973072
0.560193	0.596316	0.57497
0.802015	0.422506	0.422209
-0.525765	-0.0151478	0.850495
0.182643	-0.63335	0.752004
-0.198146	-0.294716	0.934816
-0.175309	-0.797006	0.577969
-0.0183424	0.197795	0.980072
-0.772949	0.549844	0.316578
0.861159	-0.459913	0.216529
0.560576	-0.543194	0.625056
-0.732586	-0.022884	0.68029
0.115682	0.920805	0.372471
-0.664771	0.35803	0.655663
0.465875	-0.0673695	0.882282
0.240595	-0.660196	0.711516
0.844675	0.003301	0.53527
0.362921	-0.557405	-0.746718
-0.928576	0.300936	0.217218
0.705019	0.695761	0.137346
-0.200447	-0.437313	0.876686
0.971293	-0.126648	0.201372
0.190867	-0.941328	0.278336
0.149889	-0.0743159	0.985906
0.923944	-0.267168	0.273768
0.041828	-0.0994363	0.994164
0.133075	0.419689	0.89786
0.165766	-0.180569	0.969493
0.433516	0.0979506	0.895807
0.775342	0.449326	0.443792
0.791753	-0.013784	0.610686
0.0938268	0.0866074	0.991814
-0.719718	0.670799	0.178982
0.515402	0.855341	0.0524664
0.396141	-0.222046	0.890937
-0.236729	0.216967	0.94704
0.00750861	0.196922	0.98039
-0.437368	0.504183	0.744653
0.0308993	0.131411	0.990846
-0.63706	-0.220241	0.73868
0.20451	0.509739	0.835669
-0.383638	-0.183478	0.905073
0.350635	-0.39401	0.849595
-0.0341601	-0.0637539	0.997381
-0.524966	-0.827765	-0.198029
-0.319162	0.0171932	0.947544
-0.336661	0.118579	0.93413
0.980398	0.161473	0.112902
-0.0523375	-0.390442	0.919139
0.54285	-0.610915	0.576278
0.311183	0.169729	0.935071
0.190568	0.0330993	0.981116
-0.0507714	-0.556934	0.829004
0.18999	0.268812	0.944269
0.544576	0.614102	0.571241
-0.165346	-0.651029	0.740825
-0.0495276	-0.186477	0.98121
0.299866	-0.400994	0.865612
-0.0943924	0.517061	0.850728
0.14223	0.404897	0.903233
-0.402683	-0.531874	0.744954
0.102471	0.262798	0.959394
-0.0132435	-0.881023	0.472888
-0.384731	0.0895832	0.918671
0.812797	-0.308348	0.494248
-0.0469952	0.569823	0.820422
0.126367	0.607434	0.784255
0.240488	0.0170271	0.970503
0.0870796	-0.5546	0.827548
0.367939	-0.758828	0.537401
-0.299893	0.605234	0.737399
0.711738	0.628421	0.313873
0.531194	0.367562	0.763368
-0.0758611	0.637699	0.766541
0.405131	0.0199182	0.914042
0.309032	-0.47671	0.82295
-0.347668	-0.0206454	0.937391
0.683396	-0.303175	0.66412
0.078504	0.175703	0.981308
0.601576	0.0129373	0.798711
-0.191946	-0.413405	0.890086
-0.386932	0.0793963	0.918684
0.356845	-0.107459	0.927962
0.571151	-0.569235	0.591403
0.427796	0.42596	0.797213
0.277948	0.584957	0.761951
-0.267292	0.464126	0.844477
0.212479	-0.635163	0.742577
-0.425363	-0.904578	-0.0283768
0.920939	-0.372853	0.113365
0.276347	0.091286	0.956713
-0.22707	0.271285	0.935331
0.221279	0.475032	0.851693
-0.0020525	0.333519	0.942741
0.32282	-0.172624	0.930585
0.0404645	0.0264132	0.998832
-0.287893	0.119247	0.950209
0.253493	0.184059	0.949665
-0.309929	0.191336	0.931308
0.134035	0.478751	0.867659
0.0473884	-0.0718742	0.996287
-0.0187694	-0.478633	0.877814
0.415007	0.202287	0.887045
0.234214	-0.078215	0.969034
0.486675	0.475667	0.732727
0.361723	-0.194737	0.91172
0.5634	0.536417	0.628361
0.633957	-0.290793	0.716616
0.0237611	0.404024	0.91444
-0.363204	0.528181	0.767533
0.169751	0.0872678	0.981615
0.626265	0.0154638	0.779457
0.57679	-0.129681	0.806533
0.0339826	0.221157	0.974646
0.709907	0.477525	0.517689
0.592248	0.336074	0.732323
0.271	0.757102	0.594437
-0.550993	-0.205951	0.808697
0.0786917	-0.149506	0.985624
-0.216633	0.446811	0.868004
-0.273957	0.531998	0.801202
-0.0841584	0.129532	0.987997
0.535001	-0.270115	0.800507
-0.147872	0.575261	0.804493
-0.295095	0.463896	0.835296
0.448765	-0.254009	0.85679
0.0678881	0.37038	0.926396
0.343056	0.386395	0.856161
0.965601	-0.0234164	0.258973
0.0168514	-0.718555	0.695266
-0.698333	0.444464	0.561055
0.383549	0.599132	0.702802
-0.119457	0.743012	0.658531
0.455405	-0.361751	0.813475
-0.186702	-0.287786	0.93932
0.296582	0.57892	0.759533
0.64395	-0.418565	0.640416
-0.413297	0.713925	0.56524
0.0437307	-0.216038	0.975405
-0.902328	0.0478297	0.428387
0.557235	0.456256	0.693772
0.150758	-0.0795036	0.985369
0.654931	-0.375516	0.655785
0.126925	0.318178	0.939496
0.311365	-0.399092	0.862425
-0.0709369	-0.234364	0.969557
0.368197	-0.0517952	0.928304
-0.441739	0.607732	0.659946
0.83527	-0.416307	0.359183
0.322505	0.0517258	0.945153
0.315433	-0.535488	0.783425
0.297391	0.230057	0.926624
0.365258	-0.0207246	0.930675
0.254097	0.426683	0.867973
0.22055	0.291027	0.930946
-0.361435	-0.015345	0.932271
-0.199165	0.100641	0.974785
0.0245518	-0.204577	0.978542
0.291338	-0.542234	0.788102
0.548215	-0.147567	0.823216
-0.463152	-0.24634	0.851356
0.328262	0.477798	0.814833
0.475263	-0.496502	0.726368
0.20927	-0.578919	0.788072
0.365565	-0.892072	0.265649
0.334276	-0.297271	0.894365
-0.0216382	0.0663775	0.99756
-0.155486	-0.635714	0.756103
0.0910299	-0.631469	0.77004
0.748008	0.166831	0.64238
0.429836	-0.410699	0.804094
0.107925	-0.284464	0.952592
-0.249515	-0.192474	0.94905
0.485018	0.242533	0.840199
0.115467	-0.00299371	0.993307
-0.0838363	-0.0560864	0.9949
0.677466	0.538949	0.500573
0.788753	0.163319	0.592617
-0.112377	-0.586406	0.802184
0.0665214	-0.431681	0.89957
0.81417	0.0786499	0.575275
0.345012	-0.331256	0.878201
0.582072	0.0701759	0.810104
0.655224	-0.26147	0.708742
0.761663	0.28465	0.582103
0.205335	0.536925	0.81826
-0.829822	-0.114443	0.546167
0.462364	-0.314104	0.829191
0.120682	-0.77762	0.617044
0.540928	-0.0299316	0.840536
0.565064	-0.629164	0.533718
0.400297	-0.678475	0.615982
0.412675	0.355799	0.838515
-0.243858	0.224079	0.943569
0.81662	0.52219	0.245866
0.764669	0.043856	0.64293
0.241628	-0.33415	0.911021
0.877411	0.46886	0.101592
0.568957	-0.379357	0.729642
0.639157	0.174646	0.748984
0.520306	0.787655	0.329971
0.235292	0.0889896	0.967842
-0.196466	-0.195877	0.960746
-0.297896	-0.399913	0.866792
0.0413109	-0.743078	0.667928
0.717276	-0.356531	0.598666
0.0795261	-0.727289	0.681708
0.0931573	-0.338959	0.936178
0.720883	-0.00206467	0.693053
-0.267462	-0.301652	0.915134
0.828178	0.032641	0.559514
0.565769	0.287324	0.772884
0.144423	-0.305316	0.941236
-0.22359	-0.0175348	0.974526
0.368916	0.921046	0.124802
-0.0707888	0.240929	0.967958
-0.286541	-0.0947863	0.953368
-0.0694495	0.273537	0.959351
0.748964	0.143894	0.646798
-0.470078	-0.523222	0.71082
-0.315325	0.362364	0.877076
-0.107316	0.068375	0.991871
-0.00988685	0.262457	0.964893
-0.130101	0.439913	0.888566
0.65568	0.277436	0.70222
-0.607289	-0.593892	0.527723
-0.496658	-0.0443412	0.866813
-0.0481619	-0.163503	0.985367
-0.359748	0.384872	0.849974
-0.630308	-0.0811985	0.772087
-0.134447	0.447444	0.884148
0.511652	-0.14535	0.846809
0.766136	-0.469475	0.438895
-0.00480665	-0.56812	0.822932
0.596741	-0.327873	0.732393
0.747351	-0.205172	0.631958
0.466884	-0.383083	0.797036
0.489451	-0.416195	0.766302
0.857643	-0.366623	0.360606
-0.422921	-0.167905	0.890475
-0.575801	-0.311221	0.756038
0.383338	-0.287022	0.877878
0.104435	-0.26437	0.95875
-0.434378	-0.0469932	0.899504
0.0719283	-0.45176	0.889235
0.899363	0.287269	-0.32958
0.30514	-0.599412	0.739996
0.293508	-0.0306777	0.955464
8.20536e-05	-0.394156	0.919043
0.795592	0.0847812	0.599872
-0.272309	-0.133113	0.952958
-0.228513	0.00707866	0.973515
-0.279867	-0.109285	0.953798
0.519957	-0.700638	0.488621
0.433515	-0.362792	0.824892
0.651958	-0.449919	0.610347
0.105901	-0.240873	0.964762
0.352135	-0.39537	0.848342
0.0294789	-0.0465284	0.998482
-0.486058	-0.575586	0.657608
-0.419326	-0.257191	0.870643
0.688018	-0.0983258	0.719002
0.1851	-0.266009	0.946032
0.0714299	0.0733627	0.994744
0.328283	-0.131652	0.93536
-0.0993855	-0.357095	0.928766
0.108594	-0.410138	0.905535
-0.121024	0.043601	0.991692
0.0658759	0.378447	0.923276
0.351085	-0.249758	0.902419
0.226074	-0.306994	0.92447
0.0222552	0.427268	0.903851
0.319966	-0.227845	0.919624
-0.0219977	-0.242653	0.969864
-0.0276359	-0.658047	0.75247
0.0247553	0.527664	0.849092
0.111111	-0.367272	0.923453
0.143829	-0.647971	0.747962
0.158863	-0.53321	0.830933
-0.468463	0.0974657	0.87809
-0.251351	-0.270357	0.929371
-0.458026	0.278765	0.844099
-0.364581	-0.395557	0.84298
-0.302592	0.0689791	0.950621
-0.576406	0.0796194	0.813275
0.476371	0.0726522	0.876238
-0.676563	0.047825	0.73483
0.568811	-0.724922	0.388513
0.346764	0.276927	0.89614
0.75156	-0.474727	0.45803
0.197187	-0.359984	0.911882
-0.106159	-0.0309047	0.993869
0.488473	0.555426	0.672976
-0.103016	-0.639973	0.761461
0.589025	0.0973705	0.802227
0.461503	-0.186663	0.867278
0.788871	0.286661	0.543606
0.246314	0.317539	0.915696
-0.635353	0.097626	0.766026
0.692376	-0.064871	0.718615
0.0968814	0.252179	0.962819
0.280994	0.183863	0.941933
0.703962	-0.297683	0.644843
0.357194	-0.0837853	0.930265
0.0549763	0.158526	0.985823
-0.287326	-0.478355	0.829832
-0.59904	-0.606247	0.523082
0.687426	0.575226	0.443351
0.502448	-0.743786	0.440826
0.864792	-0.162032	0.47527
-0.0479125	-0.0410568	0.998007
0.100904	0.052945	0.993486
0.661166	-0.527009	0.533967
-0.134561	-0.0197465	0.990709
-0.0825518	-0.0927445	0.992262
-0.665859	-0.611546	0.427368
0.441808	-0.261345	0.858199
-0.0730517	-0.305051	0.94953
0.508897	0.0171018	0.860657
-0.13967	-0.0856043	0.986491
-0.151901	-0.594489	0.789626
0.668099	-0.239758	0.704386
0.710381	-0.113507	0.694604
0.723824	-0.345537	0.59723
0.376086	-0.750492	0.543434
0.296681	0.0929194	0.950445
-0.293998	-0.391605	0.8719
0.939762	-0.0302267	0.34049
0.417312	0.0851582	0.904764
-0.0956241	0.0931848	0.991046
0.250077	0.831192	0.496569
0.563024	-0.146368	0.813376
0.781593	0.420682	0.460586
-0.418268	-0.268409	0.867761
0.216658	-0.0879998	0.972273
0.194315	0.228006	0.954073
0.193983	0.385974	0.901884
-0.143976	-0.449356	0.881674
0.464686	-0.519392	0.717146
0.0619291	0.566069	0.822028
-0.149424	-0.520446	0.840719
-0.451268	-0.0166277	0.892233
0.217626	0.653087	0.725339
0.580674	0.037213	0.813286
-0.428173	-0.478345	0.766716
-0.00157003	-0.684218	0.729276
0.276456	0.761518	0.586228
-0.355281	0.55617	0.751299
0.683329	-0.032433	0.72939
0.436363	0.365262	0.822297
0.323992	0.825475	0.462191
0.140113	0.782255	0.606998
0.218736	-0.747275	0.627483
-0.695073	0.374304	0.613816
0.128262	0.246039	0.960736
0.105876	0.0987498	0.989464
0.215446	-0.0393266	0.975723
0.297936	0.427201	0.853659
0.208363	-0.195819	0.958248
-0.318753	0.360737	0.876507
0.735671	0.47015	0.487593
-0.170172	0.422962	0.890025
-0.446283	0.0149553	0.894767
0.117645	0.612626	0.781568
0.0432908	0.690345	0.722184
0.453778	-0.0220312	0.890842
-0.416628	0.366243	0.832038
-0.241605	0.330846	0.912232
-0.551799	0.0887144	0.829245
0.191574	0.514721	0.835681
-0.203553	0.54353	0.814335
0.751638	-0.195888	0.629816
0.279471	0.295536	0.91354
-0.0110309	-0.320264	0.947264
-0.352345	-0.160049	0.922083
-0.51608	0.534038	0.669675
0.495703	-0.613498	0.614735
0.372694	0.0710556	0.92523
-0.033039	0.122269	0.991947
0.0584649	-0.0887277	0.994339
0.521837	0.690759	0.500538
0.0345656	-0.410421	0.911241
0.698356	-0.19093	0.689815
0.902418	0.145096	0.405695
0.828331	0.336184	0.44816
-0.631135	0.279929	0.7234
0.994674	-0.0155151	0.101893
0.2858	0.841358	0.458732
0.196541	0.0569613	0.97884
0.726508	-0.0242906	0.686729
0.639677	0.00166644	0.768642
0.0968943	0.692473	0.714908
0.0219466	0.271079	0.962307
-0.148004	0.0140178	0.988887
0.532981	-0.155066	0.831797
-0.221166	-0.0612826	0.973309
-0.0333623	-0.115562	0.99274
-0.413379	-0.742959	0.526431
0.310129	0.935555	0.168988
0.0900372	0.400661	0.911792
0.011097	-0.449304	0.89331
-0.552974	0.40919	0.725799
-0.0540677	-0.480905	0.875104
0.556655	0.423035	0.714966
-0.410458	0.528892	0.742831
0.721226	0.48592	0.493675
0.107788	0.301092	0.947484
-0.0511044	-0.208672	0.976649
0.521404	0.48937	0.699038
-0.26555	-0.0589901	0.962291
0.419853	0.844814	0.331681
-0.076521	-0.214384	0.973747
0.403981	0.794227	0.453875
0.195541	-0.0536688	0.979226
0.695094	0.172503	0.697916
0.500669	1.29351e-05	0.865639
-0.213407	0.20402	0.955423
0.660138	-0.589948	0.464951
-0.621513	-0.212868	0.753929
0.356448	-0.124089	0.926038
0.535736	0.507257	0.675039
0.778337	0.281589	0.561159
0.0145281	0.365864	0.930555
-0.00743082	-0.389474	0.921008
-0.0371356	0.671962	0.739654
-0.0465974	0.597959	0.800171
0.245492	-0.778236	0.577998
0.0158916	-0.086882	0.996092
0.325117	0.0844297	0.941897
-0.0358354	-0.29115	0.956006
-0.0350172	0.076967	0.996419
0.38779	0.469725	0.793081
0.517116	0.244504	0.820249
-0.232251	-0.715676	0.658686
0.104468	-0.618647	0.778693
0.131994	-0.320413	0.938037
0.383179	0.443648	0.810154
-0.0478315	0.595969	0.801581
0.428419	-0.369531	0.824563
-0.297144	0.439524	0.847658
0.727729	-0.310807	0.6114
0.665889	-0.429941	0.609707
0.358811	0.198165	0.912132
0.327076	-0.202611	0.923022
0.22441	-0.0218506	0.97425
-0.0897412	-0.480874	0.872185
0.602906	0.419054	0.678894
-0.225058	-0.0370733	0.97364
0.062946	0.434553	0.898444
0.0396822	0.843932	0.534981
0.306718	0.864216	0.398816
0.233527	-0.508548	0.82876
0.00160957	-0.0796141	0.996824
0.330939	0.530233	0.780597
0.358119	-0.10956	0.927226
0.107251	0.285417	0.952383
0.0986908	-0.219878	0.970523
0.109249	-0.247768	0.96264
-0.49612	0.453795	0.740226
-0.32246	-0.869862	0.373308
0.40837	0.117696	0.905197
0.337467	-0.113546	0.934464
-0.25139	-0.429464	0.867389
0.15502	0.432527	0.888195
0.591122	0.380124	0.711393
-0.0885871	0.478074	0.873841
0.0542158	-0.40667	0.911965
-0.347041	0.41299	0.842023
0.364304	-0.0305436	0.930779
-0.589601	-0.215774	0.77834
0.108094	0.294459	0.949531
-0.0101784	0.282286	0.959276
-0.0618445	0.621988	0.780581
0.208998	0.157913	0.965082
0.190453	0.512543	0.837274
0.299057	0.0351885	0.953586
0.819539	0.535322	0.204414
0.820485	0.455776	0.345069
0.676517	-0.0100764	0.736358
0.164834	0.380037	0.910166
-0.157483	-0.0812501	0.984174
0.399705	0.57053	0.717448
0.733827	-0.343571	0.586052
0.0857862	-0.430478	0.898515
0.435376	-0.380205	0.816022
0.635057	0.0312009	0.771835
0.206065	-0.583302	0.785682
-0.464111	0.00395583	0.885768
0.629892	0.239801	0.738736
-0.489862	0.503949	0.711386
0.203557	-0.432652	0.87828
0.420547	-0.0447976	0.906164
0.000597033	0.303183	0.952932
0.476557	0.253954	0.841666
0.99192	-0.00306997	0.126827
0.177965	-0.107834	0.978111
0.603133	0.135392	0.786066
0.312749	-0.0312564	0.949321
-0.258497	0.15205	0.953971
0.844982	-0.206754	0.493212
0.412151	0.223601	0.883252
0.630733	-0.502701	0.591158
0.493845	0.397527	0.773362
0.615807	0.367331	0.69703
0.704595	0.60423	0.372091
0.212968	0.549588	0.807835
0.174187	0.0990043	0.979723
0.625723	-0.112695	0.771862
-0.00749271	0.33157	0.943401
-0.0144391	0.62158	0.783217
-0.277163	-0.473059	0.836299
0.398916	-0.497849	0.770073
-0.302754	0.0247041	0.952748
-0.780107	-0.563616	0.271606
0.149055	0.269901	0.951281
0.658156	-0.240563	0.713415
0.0474411	-0.0783743	0.995795
0.724076	0.0609624	0.68702
0.0341113	-0.446079	0.894343
-0.518476	0.525346	0.674681
0.230918	0.0163009	0.972837
0.385545	0.0110974	0.922622
-0.129621	0.536874	0.833645
0.551507	0.440738	0.70823
0.770151	-0.383643	0.509594
-0.0476469	0.370762	0.927505
0.648427	0.694355	0.312112
0.0567174	-0.686768	0.724661
-0.317949	-0.687113	0.653287
0.0658906	0.480512	0.874509
-0.00439478	0.548657	0.836036
0.58382	0.248007	0.773076
0.199496	0.487079	0.850268
0.0335483	0.271145	0.961954
0.642067	-0.543151	0.541052
-0.0334759	0.0132923	0.999351
-0.0933997	0.464863	0.880442
-0.443414	-0.168619	0.880313
0.916166	0.399606	0.0309046
0.530228	0.380717	0.75757
0.0723389	0.187123	0.979669
-0.119786	-0.169832	0.978166
0.626403	0.0815717	0.77522
0.310587	0.0241598	0.950238
-0.298485	0.271152	0.915087
0.310426	-0.106466	0.944617
0.771157	-0.473017	0.426113
0.283173	0.331621	0.899911
0.117378	0.134606	0.983923
0.137537	0.358292	0.923423
0.190237	-0.264763	0.945363
0.068602	0.188049	0.979761
-0.472421	-0.00363958	0.881365
0.212909	0.69706	0.684673
-0.0840333	0.149968	0.985113
0.907126	-0.324687	0.267769
0.154039	0.464015	0.872331
0.714784	-0.599778	0.359653
0.841877	0.253698	0.47632
0.922025	-0.331381	0.20014
0.19764	-0.686171	0.700077
0.418178	0.15467	0.8951
0.409432	0.145781	0.900618
-0.11057	-0.350344	0.930072
0.727689	0.0585656	0.683402
0.529155	0.322403	0.784889
0.263029	-0.0431032	0.963825
0.347548	-0.327337	0.87867
0.373135	-0.359441	0.85532
0.011952	0.999929	1.05385e-05
0.644383	0.0946236	0.758826
0.431721	-0.182356	0.883382
0.853291	0.176677	0.490592
0.270715	-0.269973	0.924028
-0.0881725	-0.385474	0.918496
0.641482	-0.0313247	0.766499
0.6802	-0.213359	0.701289
0.842942	-0.01035	0.537905
0.332235	0.550177	0.76611
0.180114	-0.251897	0.950845
0.0129976	-0.166506	0.985955
0.167715	0.878974	0.446404
0.317881	0.142592	0.937347
0.348741	0.798536	0.490632
-0.0432292	0.958484	0.281851
0.268355	0.343602	0.899957
-0.00472979	0.00438094	0.999979
-0.185783	-0.50165	0.844886
0.10262	-0.197493	0.974918
-0.139349	0.096503	0.98553
-0.209066	0.488935	0.846897
-0.212207	0.732192	0.647196
0.720391	0.102655	0.685929
0.65476	0.0346232	0.755044
0.258528	0.0575996	0.964285
0.415323	-0.642183	0.644288
0.128431	0.870702	0.474746
-0.280166	0.138698	0.949879
0.157971	0.0447559	0.986429
-0.33546	-0.172983	0.926037
0.0264962	-0.34987	0.936424
0.0617361	-0.0911547	0.993921
0.276709	0.018145	0.960782
0.124552	0.367724	0.921556
-0.0661782	-0.232059	0.970448
-0.0404954	0.809303	0.585993
0.229365	-0.10653	0.967493
0.1519	-0.856966	0.492479
0.051393	-0.379506	0.923761
0.566578	-0.755445	0.329078
0.131759	0.219831	0.966599
-0.0365458	-0.230015	0.972501
0.111236	-0.132857	0.984873
0.622514	-0.28653	0.72827
-0.225004	-0.0363155	0.973681
0.513318	-0.364911	0.776753
-0.325868	0.409127	0.852306
-0.0459932	0.686903	0.725293
0.451347	0.266338	0.851675
0.0953267	-0.343146	0.934432
0.239939	-0.662064	0.71
-0.514497	0.118569	0.849255
0.101557	-0.11516	0.988142
0.612486	-0.216123	0.760363
0.271851	0.911785	-0.307806
0.80115	0.0529595	0.596115
-0.0852115	-0.263593	0.960863
0.635315	-0.232602	0.736391
0.0721822	0.607874	0.790746
-0.469977	-0.130476	0.872982
0.681049	0.0419733	0.731034
0.917542	-0.258646	0.302025
0.228294	0.585889	0.777571
0.612391	0.45173	0.648782
0.86069	0.275476	0.428166
0.27217	0.249669	0.929295
-0.218877	0.839897	0.496654
0.736956	0.0532088	0.673843
-0.206101	0.143815	0.967905
0.145813	-0.083252	0.985803
0.161767	0.624675	0.763946
0.672317	0.491303	0.553725
0.419786	0.676459	0.60513
-0.546571	0.234808	0.803819
-0.0844903	0.623612	0.777155
0.0256523	0.135065	0.990505
0.21419	0.0219474	0.976545
0.127324	0.191493	0.9732
0.321724	-0.694905	0.643118
0.477192	-0.199741	0.855799
0.374678	0.354716	0.856617
0.65632	0.402425	0.638199
-0.141003	0.0714767	0.987426
0.0489199	0.213515	0.975714
0.466518	0.647925	0.602124
-0.587746	0.180705	0.788606
0.1422	0.488926	0.860657
-0.216132	-0.31671	0.92357
-0.102564	-0.551976	0.827528
0.190903	-0.0235476	0.981326
0.36562	-0.0321949	0.930207
0.1568	0.143113	0.977206
0.0137827	-0.194813	0.980743
0.205182	0.432859	0.8778
0.204509	-0.0236619	0.978579
-0.272527	-0.438995	0.856162
0.616742	0.125198	0.777145
0.133484	-0.423819	0.895857
0.287408	0.36517	0.885464
0.632659	-0.0148485	0.774288
0.289736	0.265718	0.919482
-0.192089	-0.496977	0.846236
0.916798	-0.317429	0.242324
0.483112	-0.0932017	0.870584
-0.350193	0.574488	0.739817
0.236482	-0.567612	0.788602
0.78601	0.23433	0.572083
0.615731	0.255246	0.745469
0.583058	-0.292532	0.757937
-0.315661	-0.560078	0.765944
0.204116	-0.194714	0.959387
0.3722	0.217335	0.902348
0.0795713	-0.0706743	0.994321
0.183815	-0.663733	0.725032
0.650047	0.299246	0.698491
0.33772	-0.480825	0.809168
0.533643	-0.564433	0.629794
0.678464	-0.520975	0.517949
0.370287	-0.351816	0.859717
-0.11906	0.439479	0.890327
-0.447439	-0.153926	0.880968
0.233834	0.810173	0.537532
0.388249	0.0541982	0.919959
0.780998	0.269396	0.563443
0.229706	0.373634	0.898684
0.0813852	0.26606	0.960515
-0.106879	-0.465055	0.878806
-0.26783	-0.532204	0.803135
0.339579	-0.925693	0.166668
0.934393	0.131005	0.331282
0.399282	-0.0347992	0.916168
-0.195661	0.516337	0.833734
0.544215	-0.102407	0.832672
0.514571	-0.0777535	0.853915
0.35588	0.455063	0.816252
0.514606	0.12836	0.847765
0.738403	0.309168	0.599313
0.336184	0.410435	0.847658
0.22628	-0.406335	0.885262
-0.263477	-0.143615	0.953915
0.504887	-0.26903	0.820191
0.318691	0.0294352	0.947401
-0.145278	-0.191851	0.970612
-0.460756	-0.0105458	0.887464
-0.242472	0.168036	0.955495
0.0485182	-0.389259	0.919849
0.0516656	0.62502	0.778897
-0.00494266	0.179951	0.983663
-0.140412	0.72078	0.678793
0.15235	0.760354	0.631388
0.264448	-0.226172	0.937504
-0.460175	0.163359	0.87267
0.777654	-0.260625	0.572127
0.49435	0.535953	0.684377
-0.174623	-0.339452	0.924272
0.441214	0.367047	0.818905
-0.357437	-0.275416	0.892404
-0.130064	-0.24425	0.96095
-0.138118	-0.33467	0.932159
0.439634	0.150831	0.885422
0.697516	0.116911	0.706968
0.179103	-0.0931877	0.979407
0.371483	0.560883	0.739872
-0.867277	0.0731366	0.492424
-0.0301509	-0.187556	0.981791
0.519246	0.0113934	0.854549
0.467877	0.04902	0.882433
0.035091	0.437772	0.898401
0.454352	0.665607	0.592057
0.540999	-0.300002	0.785696
0.358598	0.128672	0.924582
0.284537	-0.349134	0.892829
0.163295	0.423482	0.891066
0.846745	-0.0476404	0.529862
0.496435	0.264711	0.826729
-0.198527	0.839477	0.505832
0.108305	0.183885	0.976963
0.50825	-0.367087	0.779057
0.355061	-0.26416	0.896745
0.690872	-0.0477739	0.721397
0.429402	-0.27955	0.858758
-0.640062	0.145426	0.754435
0.493532	-0.0127475	0.869634
0.192252	0.506159	0.840739
0.164591	0.556911	0.814101
0.859311	0.124039	0.496184
0.750072	-0.196756	0.63141
-0.426552	-0.616519	0.661783
-0.200594	0.0199528	0.979471
-0.162987	0.349707	0.922573
-0.0794921	0.14173	0.986709
0.379519	-0.265289	0.886334
0.0124958	-0.38099	0.924495
0.421029	0.2306	0.877245
0.371921	0.146498	0.916632
-0.0742394	0.0724951	0.994602
0.0601265	-0.283935	0.956957
0.657529	-0.304188	0.689293
-0.039663	-0.248733	0.96776
-0.446571	0.143888	0.883103
-0.504546	-0.467251	0.726024
-0.0607688	0.21171	0.975441
-0.241759	0.120509	0.962824
0.794029	0.031181	0.60708
0.0605648	0.845424	0.530651
0.494548	0.222349	0.840228
0.121615	0.00460976	0.992567
0.916156	-0.0977441	0.388722
-0.436343	-0.770299	0.46502
0.159774	0.573685	0.803342
0.290985	-0.410746	0.864069
0.28882	0.461831	0.838627
0.174461	-0.0131001	0.984577
-0.0632962	-0.39006	0.918612
0.716141	-0.593531	0.367236
0.508655	-0.186915	0.840436
0.548832	0.375661	0.746768
0.493747	0.519476	0.697394
0.471027	-0.514924	0.716231
0.262988	-0.8768	0.402566
0.168952	-0.279705	0.945103
0.185487	-0.431084	0.883041
0.292923	-0.172949	0.940364
0.142721	-0.299588	0.943334
0.614775	-0.0147975	0.788564
0.50341	-0.357067	0.786817
-0.342535	-0.519271	0.782961
0.639004	0.0409857	0.76811
0.121481	-0.122622	0.98499
0.307064	0.659943	0.685701
0.347017	0.684571	0.641047
0.644573	-0.726064	0.239493
0.568313	0.0749724	0.819389
0.269289	0.917056	0.294094
0.988022	-0.0482014	0.14659
0.751979	-0.090753	0.65291
0.334708	-0.11054	0.935816
0.717048	0.0818816	0.692197
0.760781	0.0116676	0.648904
-0.224636	0.550245	0.804219
-0.200032	0.446399	0.87219
0.612343	0.62631	0.482464
0.125839	-0.52113	0.844149
0.144452	0.192181	0.97067
0.349788	0.407447	0.843585
0.251362	0.257442	0.933028
0.556612	0.405348	0.725173
0.405123	0.401159	0.821552
0.238577	-0.233582	0.942614
-0.457116	-0.371513	0.808098
-0.380465	0.692108	0.613378
0.345962	-0.102356	0.932649
0.363203	0.137493	0.921509
0.198095	-0.726541	0.657948
-0.234896	0.169301	0.957163
0.0102707	0.107437	0.994159
-0.586254	0.296334	0.753984
-0.337108	-0.428689	0.838203
-0.47601	0.0372557	0.87865
0.758348	-0.0903512	0.645557
0.873518	-0.270868	0.404471
0.064721	0.567777	0.820634
0.467482	0.0211832	0.883749
0.53375	0.0295343	0.845126
0.859449	-0.280652	0.427297
0.610433	0.613391	0.501122
-0.40235	-0.779548	0.48002
0.317408	0.0444961	0.947245
0.679478	-0.477415	0.557122
0.443638	-0.132293	0.886388
0.734065	0.125069	0.667463
0.872325	-0.0512861	0.486229
0.100066	0.715717	0.691184
-0.170806	-0.376296	0.910619
0.324927	-0.113712	0.938878
-0.341294	-0.325486	0.881803
-0.276904	0.158098	0.947802
0.257968	0.714435	0.650412
0.165266	-0.525899	0.834337
-0.0721872	0.193269	0.978487
0.271202	0.326307	0.905524
0.0385609	-0.998728	0.0325024
-0.126107	0.0732955	0.989305
0.758437	0.0936191	0.644987
0.4324	-0.120108	0.893647
0.574671	-0.337283	0.74565
0.914197	0.162443	0.371289
0.0874726	-0.367837	0.925767
-0.552025	0.144335	0.82124
0.554034	0.0665131	0.829833
0.352284	-0.23736	0.905293
0.777059	0.0498333	0.627453
0.384173	0.116719	0.915854
0.45847	-0.184521	0.869343
0.701452	0.272504	0.658564
-0.581794	-0.0778407	0.809602
0.267647	-0.457567	0.847937
-0.160888	0.411924	0.896902
-0.0995197	-0.39678	0.912503
0.49286	0.138785	0.858969
-0.245655	-0.504885	0.827493
0.207683	0.329263	0.921116
-0.160864	0.819942	0.54938
0.239697	0.0150287	0.970731
0.081945	0.649231	0.756164
-0.262987	0.366886	0.892318
-0.136227	0.149151	0.979386
0.160144	-0.769516	0.618222
-0.46701	0.576512	0.670475
-0.202985	0.579424	0.789345
0.888353	-0.00319123	0.45915
0.524413	-0.0110289	0.851393
-0.163366	-0.124457	0.978684
-0.338928	0.140364	0.930282
0.308467	-0.395039	0.865328
0.571288	0.442428	0.691294
0.293725	0.181733	0.938456
0.0582708	-0.00543762	0.998286
0.828281	0.282569	0.483844
0.603092	-0.200215	0.772136
0.332995	-0.78698	0.519401
0.842405	0.399941	0.361111
0.652878	-0.111014	0.749284
-0.362949	-0.0734327	0.928911
-0.0118346	-0.492124	0.870444
0.328212	0.125278	0.93626
0.062305	0.427209	0.902004
0.255291	0.552254	0.793626
0.423261	-0.60883	0.670951
0.392178	0.457942	0.7978
0.135194	0.215994	0.96699
-0.365751	0.397941	0.84135
-0.0391457	-0.0481605	0.998072
0.434935	0.45418	0.77753
0.188213	0.523576	0.83093
0.0240692	-0.252145	0.96739
-0.197406	-0.100763	0.97513
0.408775	-0.0278502	0.91221
-0.363966	0.43946	0.821221
-0.555702	-0.0334239	0.83071
0.966455	0.253677	0.0401578
0.14068	0.00506892	0.990042
0.879983	0.0507338	0.472289
-0.373781	-0.20204	0.905245
0.315468	-0.485658	0.81524
0.109569	0.26267	0.958645
0.732453	0.0723524	0.676962
0.157985	-0.0518188	0.986081
0.560141	-0.0311459	0.827811
-0.379029	-0.396754	0.836016
0.170753	-0.465105	0.868632
0.43408	-0.44333	0.784241
0.180492	-0.936865	0.299509
0.595374	-0.379785	0.70802
0.50131	-0.380242	0.777241
0.360865	0.255559	0.896921
0.541948	0.0305448	0.839856
-0.373209	-0.760796	0.530947
-0.0725269	0.0657536	0.995197
0.0766076	-0.0593664	0.995292
-0.159797	-0.913194	0.37489
0.487075	0.0263571	0.872962
-0.132647	0.377921	0.916286
0.132883	0.711413	0.690097
0.363986	-0.789141	0.494742
0.0356577	0.489491	0.871279
0.783847	0.149124	0.602782
-0.609743	-0.210479	0.764141
0.434385	0.0524274	0.8992
0.628094	-0.443455	0.63941
0.296534	0.0153787	0.954899
0.405948	-0.412073	0.815722
0.563176	-0.616044	0.550746
0.201359	0.0810418	0.976159
-0.251002	0.0290107	0.967552
0.501891	0.342455	0.794248
0.27095	-0.663652	0.697246
-0.386125	0.00434568	0.922436
0.0553428	0.83399	0.548997
0.121823	-0.55581	0.822334
-0.251318	0.547635	0.798082
0.0486928	0.036328	0.998153
0.188159	0.610003	0.769735
0.433104	0.307904	0.847122
-0.357888	0.381163	0.852427
0.518742	-0.145851	0.842398
-0.129002	0.259052	0.95721
0.472359	0.440007	0.763722
-0.520931	-0.439518	0.731748
0.183543	-0.0290768	0.982581
0.0738519	0.563613	0.822731
-0.379311	-0.339572	0.860705
0.202959	0.0336506	0.978609
0.0529936	0.819657	0.570398
-0.0383022	-0.364707	0.930334
0.244349	0.260673	0.933993
0.357416	0.720152	0.594672
0.111237	0.422847	0.899348
0.653065	0.162149	0.739739
0.366862	0.0314466	0.929744
0.332616	0.628388	0.703203
-0.0772666	-0.250796	0.964951
0.140595	-0.192438	0.971185
-0.252197	0.00642325	0.967655
0.331565	-0.199852	0.922022
0.407126	0.136419	0.903127
0.783108	0.249576	0.569608
0.44405	0.574397	0.687668
0.314514	-0.074608	0.946316
0.564543	-0.180288	0.805473
0.425725	-0.447444	0.786481
0.54835	0.372963	0.748473
-0.252199	-0.490325	0.834252
0.786809	0.616695	-0.0248808
0.325307	0.199583	0.924306
0.448422	-0.623403	0.640536
0.806982	0.0397153	0.589239
0.204107	-0.0805852	0.975626
0.499279	0.0618362	0.864232
0.0413026	-0.470569	0.881396
0.79898	-0.209687	0.563616
0.459529	-0.194864	0.866522
-0.34444	-0.11681	0.931513
-0.439577	0.212052	0.872815
0.381623	-0.281394	0.880444
-0.238069	0.355923	0.903683
0.555796	0.345273	0.756226
-0.670557	-0.452464	0.587902
0.640697	0.387707	0.662715
-0.614552	0.0830428	0.784494
0.737528	0.303703	0.603172
0.64889	0.464757	0.602447
0.645507	-0.366566	0.670037
0.213922	0.177213	0.960642
0.175371	-0.494262	0.85144
-0.47983	0.247009	0.841873
0.0713768	0.568805	0.81937
-0.526544	0.383568	0.758701
-0.25407	0.486723	0.835793
0.71611	0.189944	0.671646
0.279631	-0.442314	0.852153
-0.171923	0.910699	0.375592
0.175745	0.566401	0.805173
-0.116101	-0.0744914	0.99044
0.412061	-0.206487	0.887451
-0.0822584	-0.247691	0.965341
0.199037	0.852094	0.484065
-0.225806	-0.698428	0.679124
0.45811	0.00400482	0.888887
0.132252	0.310297	0.941395
0.135233	0.0104761	0.990758
-0.117917	0.0630527	0.99102
0.0434349	0.688561	0.723876
0.335777	0.250948	0.907898
-0.487401	-0.356086	0.797272
-0.243943	-0.411388	0.878209
-0.429291	0.486975	0.760634
0.054784	0.00491138	0.998486
0.683722	0.275592	0.675702
0.308334	0.659743	0.685324
0.795215	0.105602	0.59706
0.0260738	0.03171	0.999157
0.632524	0.349716	0.691095
0.121026	-0.22184	0.967543
0.255772	-0.475567	0.841675
0.13654	-0.0268667	0.99027
0.53979	-0.160831	0.826293
0.578122	-0.0182666	0.815746
0.297604	-0.120884	0.947005
0.279202	0.431433	0.857853
0.143079	0.368443	0.918574
0.0884622	0.844483	0.528226
0.375041	-0.709128	0.597061
0.949724	0.0900295	0.299865
0.120029	-0.900946	0.417001
0.382267	-0.509563	0.770855
-0.176308	0.69725	0.694808
0.56898	-0.585547	0.577405
-0.360599	-0.194024	0.912317
-0.00923872	-0.119958	0.992736
0.421103	-0.140067	0.896132
0.253712	0.0373122	0.96656
0.179208	0.473933	0.862132
0.446812	0.128242	0.885389
0.755688	0.0166012	0.654722
0.0198412	0.0197887	0.999607
-0.0565524	-0.0604948	0.996565
0.899598	0.391557	-0.193408
0.467088	-0.354237	0.810151
-0.0540384	-0.281058	0.958168
0.95024	0.0830777	0.300237
-0.663745	0.11772	0.738637
0.570415	-0.425386	0.702619
0.0841914	-0.620609	0.779587
0.403861	-0.171376	0.898625
0.312673	-0.512188	0.799937
0.351627	-0.180941	0.918487
0.339546	0.492542	0.801318
-0.116104	0.319332	0.940503
-0.143377	0.311083	0.939505
0.0577815	0.883921	0.464053
0.348783	0.506713	0.788411
0.525176	0.0650238	0.848506
0.303276	0.604129	0.73692
0.331634	0.466149	0.820197
-0.23622	-0.240086	0.941572
-0.218915	0.452822	0.864308
-0.0075706	0.40758	0.913138
0.333786	0.65027	0.682448
0.903805	-0.217664	0.368455
0.198307	0.00878314	0.980101
0.67996	0.647915	0.343307
0.533793	-0.588801	0.606942
0.543046	0.37497	0.751331
0.275618	0.714385	0.643187
-0.0160501	0.161732	0.986704
0.280225	-0.193775	0.940173
0.353316	0.314018	0.881227
-0.167097	0.800093	0.576133
0.331263	-0.193294	0.923527
0.21255	0.603176	0.768766
-0.763706	0.402096	0.505046
-0.148597	0.907517	0.39285
0.79544	0.427608	0.42945
0.272051	0.507355	0.817667
-0.298784	0.705399	0.642761
-0.352835	-0.439829	0.825868
0.401076	0.665481	0.629502
0.204718	0.329122	0.921829
0.995469	0.0901747	-0.030169
0.0293246	-0.483043	0.875106
-0.0957546	0.211208	0.972739
0.00129896	0.43236	0.9017
0.180498	0.676379	0.714096
0.965133	0.0740254	0.251075
0.214805	0.710177	0.670454
0.327012	-0.286019	0.900698
0.135647	-0.593477	0.793338
-0.107485	-0.0505071	0.992923
0.0407396	0.264995	0.963389
0.620158	-0.119378	0.775341
0.674171	-0.175045	0.717533
0.327279	0.242309	0.913332
-0.0174197	-0.772687	0.634548
0.252681	-0.0442788	0.966536
0.518324	0.467865	0.715851
0.292242	-0.0447394	0.955297
0.341046	-0.432101	0.834851
-0.174938	-0.331527	0.927085
0.909785	0.156909	0.384279
0.798652	-0.400165	0.449471
0.542589	-0.507446	0.669399
-0.217426	-0.153819	0.96388
0.458647	0.180961	0.869998
0.739509	-0.273015	0.615297
0.657315	0.24032	0.714271
0.811413	-0.353685	0.465312
0.403213	-0.416037	0.815066
-0.0854065	-0.105938	0.990698
-0.199222	0.201681	0.958976
0.129652	0.594537	0.793547
0.0135746	0.383531	0.923428
0.146494	0.594359	0.790744
-0.133286	0.486116	0.86367
0.20415	0.0740038	0.976138
-0.00959986	0.7867	0.617261
-0.402409	0.238942	0.883727
0.316999	0.3954	0.862073
0.209848	-0.92648	0.312408
-0.20801	0.167721	0.96364
0.693324	0.307633	0.651662
-0.382903	0.197402	0.902451
0.0610061	-0.477939	0.876272
0.427733	-0.131655	0.894266
-0.335373	0.344127	0.876984
-0.207708	0.243823	0.947316
0.32141	0.0507459	0.945579
0.49126	0.374469	0.786408
0.644449	-0.252934	0.721602
0.209563	0.611843	0.762713
-0.203774	0.36216	0.909569
0.148504	-0.201756	0.968112
0.194328	-0.179455	0.964382
-0.0602273	0.179683	0.981879
0.595513	0.188607	0.780892
-0.0198748	0.556228	0.830792
0.777536	0.239436	0.581471
-0.251012	0.529287	0.810462
0.402552	0.38121	0.832245
0.460429	0.0608354	0.885609
0.384021	-0.158703	0.909583
0.272554	-0.359249	0.892555
0.971435	0.173966	0.161397
-0.118068	-0.201565	0.972333
0.401031	-0.290436	0.868804
0.948189	0.232711	0.216296
-0.138836	0.099795	0.985274
0.703962	0.122807	0.69954
0.425244	0.490639	0.760553
0.437493	-0.746066	0.501982
0.531024	0.274269	0.801742
-0.146895	0.75481	0.639283
0.135842	0.353394	0.925559
0.277489	-0.363466	0.889321
0.135547	0.268811	0.953608
0.647333	0.26276	0.715484
0.609739	0.26697	0.746288
0.852729	-0.444071	0.275055
0.162069	0.322968	0.93243
0.4236	-0.664843	0.615262
0.353678	-0.385256	0.852344
0.0375732	0.558717	0.828507
0.206605	0.204081	0.956904
0.243775	0.0252846	0.969502
-0.035886	0.512671	0.857835
0.103868	0.57438	0.811972
0.0650718	-0.279357	0.95798
0.347933	-0.472107	0.809974
0.145375	0.699254	0.699936
0.952733	0.144503	0.267244
0.0817833	0.112267	0.990307
0.0919014	0.291394	0.952178
-0.38024	-0.0361762	0.92418
-0.428714	0.0943627	0.898499
0.706793	0.0353298	0.706537
-0.238822	-0.567912	0.78768
-0.434771	-0.708845	0.55544
-0.606636	0.0875111	0.790149
0.0737087	0.467677	0.880821
-0.515854	0.55849	0.649603
-0.245402	0.784954	0.568881
0.0796011	0.0980205	0.991996
0.0803629	0.117914	0.989767
0.414622	0.115985	0.902572
0.840289	-0.302868	0.44965
0.135437	0.326142	0.935568
0.186312	0.13223	0.973552
0.312719	0.241425	0.918652
0.621623	-0.213403	0.753687
0.355734	-0.20919	0.910875
0.715244	0.477074	0.510711
0.609796	0.225563	0.759783
0.573033	-0.178587	0.799837
0.291579	0.173796	0.940626
0.746802	-0.131836	0.651849
0.160238	-0.35165	0.922316
0.566005	-0.0079209	0.824364
-0.0378876	0.457133	0.888591
0.0576096	-0.582307	0.810925
0.0826697	0.0798365	0.993374
0.758895	0.182378	0.625153
0.111542	-0.0660273	0.991564
0.248666	0.0461424	0.96749
0.704897	-0.243664	0.666144
0.722793	-0.194077	0.663253
0.683096	0.282485	0.673485
-0.391456	0.052394	0.918704
0.561852	-0.400902	0.723602
0.709586	-0.639073	0.296771
0.300691	0.141132	0.943221
-0.112413	0.737409	0.666026
0.750407	0.500801	0.431378
0.533474	0.600174	0.595983
0.291789	0.357552	0.887139
0.444202	0.323281	0.835568
0.0324237	0.181927	0.982777
-0.245589	-0.896636	0.368415
0.247662	0.441877	0.862211
0.558724	0.398822	0.727165
0.849412	0.11967	0.513984
0.452875	-0.326741	0.829545
-0.080418	0.150127	0.985391
-0.0511037	0.537212	0.841898
-0.196045	-0.183438	0.963284
0.786709	-0.0767218	0.612537
0.163071	0.394556	0.904286
-0.0651739	0.0862055	0.994143
-0.0843599	0.137734	0.98687
0.553336	-0.241749	0.797105
0.510904	0.392957	0.764566
-0.477543	0.338489	0.810788
0.348344	-0.683471	0.641502
-0.315695	0.21421	0.924365
-0.0191854	-0.788124	0.615217
0.391633	0.358646	0.847347
-0.202226	0.489598	0.848173
-0.348407	0.148469	0.92551
-0.124005	-0.460333	0.879043
-0.115792	0.338805	0.933704
0.335695	0.11319	0.935145
0.466628	-0.496279	0.732097
0.323836	0.227449	0.918367
0.538077	-0.266317	0.799718
0.705578	0.211722	0.676264
0.569555	-0.00924845	0.821901
-0.198432	-0.780841	0.592379
-0.0537016	-0.301131	0.95207
0.119733	0.517909	0.847015
0.682025	0.680613	0.267596
0.312391	-0.397739	0.862679
-0.169166	0.262392	0.950018
-0.25811	0.498495	0.827576
0.425211	0.0031106	0.905089
0.093018	0.403298	0.910329
0.557213	0.059795	0.828214
0.553652	0.803393	0.219156
0.345561	0.10252	0.932779
0.386493	0.540485	0.747329
0.254899	0.174216	0.951144
0.813856	-0.0167982	0.580824
0.0277059	-0.888935	0.457195
0.399739	0.223846	0.888877
0.64107	0.398874	0.655689
0.171917	-0.171816	0.970012
0.418494	-0.873379	0.249143
0.131325	-0.270672	0.953672
-0.614152	0.044206	0.787949
-0.0939749	-0.450805	0.887662
0.232045	-0.540248	0.80888
0.755395	0.499022	0.424683
0.449929	0.266033	0.85252
0.29839	-0.459697	0.836446
0.292167	-0.427473	0.855515
0.0348135	0.031785	0.998888
-0.551558	0.0743822	0.830814
0.351022	-0.9299	0.10986
0.209636	-0.00708249	0.977754
0.286637	0.351645	0.891171
0.139051	0.763737	0.630374
-0.175843	0.172519	0.969183
0.393745	-0.0431942	0.918204
0.469436	0.0382411	0.882138
0.0675692	0.083504	0.994214
0.0285449	0.31285	0.949374
0.0177348	0.114451	0.993271
-0.0140879	0.553185	0.832939
-0.251013	-0.105756	0.962189
0.562134	-0.459406	0.687715
-0.551892	-0.122657	0.824846
0.698041	0.466659	0.543109
-0.0407149	-0.379884	0.924138
-0.418263	-0.163179	0.893548
-0.624258	0.262251	0.735885
0.0320597	-0.198837	0.979508
0.190524	-0.197813	0.961546
-0.394557	-0.510171	0.764232
0.320137	-0.399804	0.858877
-0.297762	-0.677554	0.672501
-0.345081	-0.298426	0.889866
0.432162	-0.898996	0.0710086
-0.175741	0.396913	0.900874
0.270524	-0.0689987	0.960237
-0.141407	-0.45866	0.877289
0.200428	-0.0891843	0.975641
0.633784	-0.634051	0.443055
0.518873	0.0467355	0.853573
0.196079	0.415872	0.888034
-0.909708	0.396893	-0.122099
0.121964	0.107531	0.986692
0.498555	-0.141255	0.855272
-0.547305	-0.0997808	0.830964
0.17635	-0.591203	0.787007
0.00735054	-0.0063267	0.999953
-0.3034	0.212244	0.928925
0.151578	-0.134438	0.97926
0.135734	-0.363899	0.921495
0.533637	0.545845	0.645976
0.228783	-0.252352	0.9402
0.115151	0.879623	0.461523
0.344677	-0.933899	0.0950298
-0.0356694	-0.739725	0.671963
0.452766	0.137731	0.880928
-0.209968	-0.0112783	0.977643
0.607421	-0.234332	0.759031
0.715888	-0.423908	0.554803
-0.188713	0.582361	0.790723
0.523658	-0.705434	0.477645
-0.0558813	-0.507716	0.85971
-0.12933	-0.42429	0.896243
-0.403316	-0.650025	0.644053
-0.118968	0.725631	0.677721
0.375876	-0.835731	0.400338
0.478092	0.27599	0.833821
0.715207	-0.101147	0.691555
-0.112782	-0.0449192	0.992604
-0.164795	-0.112838	0.979852
-0.0656361	0.330582	0.941492
0.0647453	0.0754563	0.995045
0.000522439	0.245838	0.969311
0.250597	-0.0402409	0.967255
0.384822	0.164624	0.908191
-0.59734	0.147438	0.788319
-0.191905	-0.120843	0.973945
0.31736	-0.665276	0.675789
0.438918	0.830055	0.344035
0.465297	-0.248553	0.849541
0.733996	0.660819	0.15674
0.169317	0.370008	0.913469
-0.659863	-0.297181	0.690119
0.732255	0.0481206	0.679328
0.732486	-0.642463	0.225181
0.465457	0.564696	0.681519
-0.0980307	-0.649066	0.75439
0.900889	0.330069	0.281876
-0.185495	0.153803	0.970534
0.840011	0.365494	0.400993
-0.0292998	0.958754	0.282722
-0.433058	-0.53353	0.726503
0.485584	-0.801471	0.349074
0.321187	-0.221044	0.920858
0.300586	0.173685	0.937807
0.745542	-0.518184	0.419109
0.334756	0.24007	0.911211
0.594922	0.00370781	0.803775
0.294538	-0.214938	0.931155
-0.169145	-0.430086	0.886801
0.616799	-0.59501	0.515289
0.546448	-0.410906	0.729761
0.465911	-0.357259	0.809501
-0.343311	0.0632133	0.937092
0.0809373	-0.323935	0.942611
0.703992	-0.608975	0.365438
-0.22173	-0.218804	0.950242
0.62199	-0.232437	0.747731
0.651049	-0.412429	0.637211
-0.471645	0.221349	0.853555
-0.581336	0.181802	0.793093
0.608462	0.10995	0.785929
0.155031	-0.0512621	0.986579
0.00592422	-0.282483	0.959254
-0.443374	0.269588	0.854834
0.389639	-0.00712683	0.92094
0.401885	0.234319	0.885203
0.0960805	-0.0486252	0.994185
0.449512	-0.161352	0.878581
-0.589216	-0.119495	0.799091
0.80417	0.251707	0.538474
0.401649	0.328557	0.854826
0.462643	-0.273236	0.843388
0.415622	0.355602	0.837141
0.415191	0.409891	0.812161
-0.302146	-0.317721	0.898755
-0.185487	-0.0710474	0.980075
0.258077	0.514288	0.817866
0.63551	0.681817	0.362289
0.792453	-0.152634	0.590526
0.485792	-0.0119203	0.873993
-0.218731	-0.197276	0.955635
0.370646	0.111562	0.92205
0.48066	0.106578	0.870406
0.83341	0.343057	0.433289
0.067187	0.939144	0.336889
0.46606	0.074848	0.881581
-0.58459	-0.0171477	0.811148
0.0920473	-0.595172	0.798309
-0.151646	0.131646	0.979629
0.0616528	-0.22729	0.971874
0.0919945	-0.476532	0.874331
-0.500673	-0.290611	0.815397
0.257402	-0.437388	0.861647
-0.0704027	-0.0276692	0.997135
0.0804602	-0.373144	0.924278
-0.234788	0.422028	0.875652
0.520461	-0.0172098	0.853712
0.667339	-0.521344	0.531845
0.224325	-0.628482	0.744774
0.424015	-0.21821	0.878974
0.582926	0.283468	0.761474
-0.0621356	0.308924	0.949055
-0.0368579	-0.0955938	0.994738
0.515212	0.322742	0.793974
-0.0512313	0.266978	0.96234
-0.0242812	-0.468956	0.882887
0.932033	0.326147	-0.157935
0.410411	-0.441855	0.797701
0.638925	-0.0415795	0.768145
0.942393	0.169713	0.288258
0.550146	-0.63445	0.542966
0.75786	-0.185962	0.625353
0.57753	-0.28601	0.764629
0.669327	0.167277	0.723892
0.385367	0.346726	0.855145
0.262719	0.325154	0.908435
-0.0382655	0.0888982	0.995305
-0.0311713	-0.517063	0.85538
0.37156	-0.183568	0.91008
0.332969	0.0925513	0.938385
-0.454242	-0.18144	0.872206
0.0211478	0.522211	0.852554
0.88286	-0.191311	0.428903
0.291008	0.362993	0.885184
-0.402515	-0.49374	0.770845
-0.0127103	0.767815	0.640546
0.159085	0.187001	0.969393
-0.371961	-0.0609524	0.926245
0.195109	-0.279979	0.93997
0.451739	-0.186569	0.872424
0.0541088	-0.0615016	0.996639
-0.0590935	0.687449	0.723825
-0.0522199	0.134241	0.989572
-0.123012	0.907397	0.40187
-0.036096	-0.0405671	0.998525
-0.320496	0.419096	0.849495
0.111081	0.295992	0.94871
0.687812	0.336394	0.643237
-0.390537	0.190353	0.900692
0.348783	0.595132	0.723995
0.520371	0.781724	0.343687
-0.518565	-0.176766	0.836567
-0.231824	0.244574	0.94151
-0.328292	-0.252765	0.910129
0.108837	0.307273	0.945377
0.521467	0.184607	0.833062
0.0138673	0.384219	0.923138
0.737846	-0.653539	0.16873
-0.336955	-0.648502	0.682573
0.517953	0.616916	0.59257
-0.0486912	0.315031	0.947832
0.504198	0.272895	0.819337
0.239976	0.418042	0.876158
0.638526	0.0460186	0.768223
0.108266	-0.717305	0.688297
0.407557	0.233116	0.882924
-0.0362061	0.0818233	0.995989
0.606719	0.572584	0.551398
-0.21619	-0.556877	0.801966
0.606363	0.563507	0.561056
0.166808	0.752113	0.637574
0.637056	-0.486403	0.597972
-0.845587	0.306289	0.437229
-0.212511	0.350252	0.912229
0.250153	-0.131447	0.959242
-0.156988	-0.307973	0.938353
-0.091981	-0.235591	0.96749
0.345255	-0.267359	0.899621
0.888203	-0.184381	0.420831
-0.139771	-0.204063	0.968929
0.654821	-0.348761	0.670504
0.0039055	0.643542	0.765401
0.80504	-0.427993	0.410771
0.570062	0.455807	0.683571
0.477945	-0.619493	0.622733
0.314059	0.282411	0.906428
0.196051	-0.442699	0.874975
-0.264819	-0.561468	0.78398
-0.220207	0.496065	0.839898
0.638901	0.360176	0.679764
0.548156	0.110866	0.828996
-0.221921	0.517855	0.826183
-0.429939	0.458957	0.777503
-0.340299	0.393764	0.8539
-0.299667	0.211241	0.930364
0.459462	-0.148689	0.875663
0.543813	-0.256096	0.799176
-0.686087	0.724296	0.0684056
-0.176101	0.542078	0.821669
-0.470923	-0.12963	0.872598
0.4256	-0.406087	0.808676
-0.197983	0.261276	0.944742
0.510337	-0.332691	0.793015
0.278372	0.72921	0.625109
-0.189622	0.55551	0.8096
-0.0256951	0.489495	0.871628
0.0843015	-0.251662	0.964137
-0.00284964	-0.153675	0.988117
0.989041	-0.131293	0.0675229
0.0762935	-0.729301	0.679926
0.433226	0.305031	0.848098
-0.161652	0.00295927	0.986843
0.439257	0.0928421	0.893551
-0.415212	0.4974	0.761703
0.235386	-0.21472	0.947886
0.495802	0.616199	0.611947
0.281601	0.011069	0.959468
-0.192346	0.777803	0.598353
0.417814	0.149785	0.8961
0.179309	0.188885	0.96549
-0.139671	0.0904958	0.986054
0.214597	-0.228472	0.949604
0.199626	-0.0270867	0.979498
-0.484052	0.0752274	0.8718
-0.217921	0.975887	0.0124085
0.590349	0.427844	0.684425
-0.10113	-0.741192	0.663631
0.161031	0.473454	0.865974
0.167509	0.462045	0.870893
0.454303	0.338091	0.824199
-0.104594	0.296743	0.949212
0.230667	0.204103	0.951386
0.139814	0.256355	0.956417
0.538055	0.673439	0.506929
0.636448	0.0957422	0.765354
0.931814	0.254605	0.258647
-0.0199486	-0.256794	0.96626
-0.142731	0.00276695	0.989758
0.136789	0.0564815	0.988989
-0.401476	0.493712	0.771405
-0.147548	-0.162871	0.975552
-0.135113	-0.260909	0.955861
0.563998	0.547922	0.617809
-0.0563908	0.200538	0.978062
0.502507	-0.250639	0.827446
0.541724	0.613353	0.574747
-0.689333	0.478012	0.544357
0.630422	-0.00532615	0.776234
0.38337	0.156519	0.910236
-0.366379	0.358122	0.858787
-0.577308	0.554762	0.599129
0.237945	0.0777712	0.96816
0.493079	0.353703	0.794838
-0.36067	0.440382	0.822181
0.270457	-0.0761388	0.959717
0.0185299	-0.205153	0.978555
-0.255528	0.299707	0.919174
-0.86271	-0.423964	0.275656
0.483916	0.0918183	0.870284
0.948117	0.162593	0.273199
-0.718996	0.0117891	0.694914
0.360726	-0.576934	0.732819
0.318293	0.206093	0.925319
0.914585	-0.165765	0.368858
-0.0364462	-0.0770154	0.996364
0.0709557	0.789596	0.609511
-0.0640354	-0.197533	0.978203
0.0212802	0.0851736	0.996139
0.604394	-0.460321	0.65024
0.828679	0.167095	0.534201
-0.332333	0.0595601	0.94128
-0.581909	-0.0548409	0.811403
-0.141569	0.295669	0.944742
0.256729	-0.807157	0.531589
0.545979	0.2129	0.810297
-0.344669	-0.232247	0.909541
-0.43663	-0.239448	0.86719
-0.451347	0.0577896	0.890475
0.4003	0.513209	0.759195
-0.237955	0.638558	0.731861
-0.248441	0.483848	0.839147
0.430308	0.492354	0.756586
0.282079	0.26214	0.922884
-0.0943553	-0.657564	0.747467
0.0944467	0.0144175	0.995426
-0.0754297	0.495745	0.865186
0.480884	0.757601	0.441351
0.415493	0.0463633	0.908414
-0.155419	0.0796668	0.984631
0.384917	0.624678	0.679424
0.527967	0.427532	0.733803
-0.587834	0.299381	0.751546
0.752567	0.4191	0.507935
0.239172	-0.356109	0.903318
0.0281536	0.584784	0.8107
0.604238	0.168109	0.778869
0.522274	0.783905	0.335743
0.867169	0.340215	0.363693
0.231459	0.851483	0.470535
0.993547	0.00795001	0.113142
0.243024	0.348397	0.905295
0.150347	0.574003	0.804932
0.544332	-0.313973	0.777897
0.0190312	0.701203	0.712708
0.646587	-0.257839	0.717944
-0.268778	-0.0185442	0.963024
0.106079	-0.238709	0.96528
0.924151	-0.0150656	0.381729
-0.0868432	0.135681	0.986939
0.514845	0.611777	0.600553
0.416725	0.198918	0.887002
0.769982	-0.420862	0.479586
0.123564	-0.774819	0.61999
0.193183	0.299342	0.934385
0.36166	-0.0436448	0.931288
0.626068	0.461251	0.628718
0.446535	0.10172	0.888965
0.643959	-0.451413	0.617692
0.507919	0.102297	0.855309
-0.246349	-0.732575	0.634544
0.526012	0.208092	0.824627
0.953491	0.0809231	0.290356
-0.0131915	-0.427276	0.904025
0.213494	0.712102	0.668828
0.673812	0.0883004	0.733608
0.111526	-0.100619	0.988655
0.307454	0.66148	0.684044
0.225632	0.399842	0.888379
0.504908	0.58035	0.638954
-0.298879	0.229441	0.926298
0.196086	-0.410759	0.890408
0.372104	-0.230322	0.899161
0.241324	0.369338	0.897414
0.403634	0.681733	0.61018
0.228549	0.272127	0.934726
-0.0803987	-0.0576101	0.995097
0.0150228	-0.00770451	0.999857
0.164752	0.0538738	0.984863
0.100612	-0.475948	0.873699
0.305623	0.169301	0.93698
0.282315	-0.0165618	0.959179
0.509577	0.739536	0.439793
0.333891	-0.0745729	0.939657
0.795302	0.399896	0.455606
0.293747	0.018237	0.955709
0.0879809	-0.279089	0.956226
0.324271	0.380897	0.86589
-0.0887945	-0.30215	0.949116
0.713469	0.0403656	0.699523
0.365397	-0.34116	0.86608
-0.578167	0.254335	0.775265
0.383289	-0.373976	0.84453
0.104973	0.289491	0.951407
0.205929	0.611334	0.76411
-0.0761148	-0.195346	0.977776
0.300274	0.203582	0.931874
-0.74279	0.4133	0.526731
0.773085	0.235466	0.588978
0.159923	-0.552257	0.818191
-0.441669	0.152518	0.884119
0.365498	0.167464	0.915624
0.66671	0.0728214	0.741751
0.724157	-0.479698	0.495466
-0.642242	0.118483	0.757289
0.414337	-0.133739	0.900243
0.323561	0.290614	0.900473
0.547838	0.288124	0.785403
0.882819	-0.40885	0.23124
-0.238012	-0.0817333	0.967817
0.790437	-0.0358914	0.611491
-0.15206	0.428955	0.890436
-0.711186	0.466206	0.526181
0.368147	0.613735	0.698425
0.248191	0.29127	0.923885
0.205362	-0.275791	0.939024
0.332524	0.385856	0.860548
0.592721	-0.507177	0.625662
0.799427	-0.535045	0.27321
-0.248218	-0.721801	0.646058
0.245131	-0.0531912	0.96803
0.123402	0.403964	0.906413
0.20297	-0.176561	0.963135
-0.360151	-0.147352	0.921183
0.896026	-0.442777	0.0329561
0.398977	-0.452356	0.797616
0.411202	-0.350698	0.841382
0.654635	0.550112	0.518489
0.576835	-0.731212	0.364129
0.356511	-0.00949426	0.934243
0.475233	-0.0205411	0.87962
0.232201	0.0703106	0.970123
0.870997	-0.259232	0.417328
0.408564	-0.490032	0.770028
0.583087	0.156097	0.797272
0.177405	-0.385109	0.905659
-0.588607	-0.731756	0.343619
-0.126485	0.387769	0.913037
-0.200912	-0.7231	0.660878
0.938267	0.271242	0.214667
-0.00959344	0.419974	0.907485
-0.469508	0.176421	0.865123
-0.277561	0.233653	0.931862
0.167956	0.0628436	0.983789
0.196377	0.764292	0.614243
-0.803528	-0.438898	0.402133
0.733181	-0.218782	0.643879
0.500076	0.0203417	0.865742
-0.484015	0.782882	-0.390929
0.773911	-0.108252	0.623974
0.689214	0.126696	0.713394
0.0783557	-0.190787	0.978499
0.0346685	0.162241	0.986142
-0.383302	0.271759	0.882738
-0.0688869	-0.491046	0.868406
-0.537772	-0.555853	0.633899
0.509089	0.0667868	0.858119
0.171216	0.741555	0.648676
-0.658392	0.137529	0.740004
-0.140046	0.530014	0.836344
-0.0472312	-0.286548	0.956901
0.380964	-0.339355	0.860061
0.0438875	0.274391	0.960616
0.370386	0.262378	0.891051
-0.309278	0.404938	0.860449
0.136918	0.349909	0.926724
0.0202337	-0.0130537	0.99971
0.96147	-0.265979	0.0695096
0.202505	0.524234	0.827146
0.00563306	-0.0219507	0.999743
-0.0440549	0.212073	0.97626
-0.141598	0.666683	0.731767
0.306863	0.713291	0.63012
0.520958	0.466312	0.714952
0.576177	0.043573	0.816163
0.224555	0.463409	0.85722
0.849588	0.407083	0.335385
0.530136	-0.267142	0.80473
0.888205	0.361143	0.284019
0.781855	-0.615845	0.0971439
0.248838	0.477143	0.842861
0.527176	-0.0910845	0.84486
-0.156326	0.511061	0.84521
0.652994	-0.0104691	0.75729
0.453482	-0.362271	0.814318
0.705275	0.319217	0.632999
0.283441	0.177759	0.942371
0.343553	-0.437821	0.830834
0.917099	-0.0191143	0.398201
-0.375079	0.0976244	0.921838
0.242436	-0.116272	0.963175
0.63588	0.352618	0.686525
-0.0290423	0.0957492	0.994982
0.33846	0.103267	0.935297
0.734857	-0.0541257	0.676059
0.0507794	0.996777	-0.0620988
0.393704	0.882334	0.257845
0.65726	-0.329907	0.677621
0.372137	-0.277178	0.885825
0.13783	0.635753	0.759488
-0.0616748	-0.216787	0.974269
0.6525	0.0715142	0.754407
0.785017	-0.179993	0.592748
0.725884	0.133821	0.674673
0.0884836	-0.492699	0.865689
-0.418154	0.513641	0.749213
0.185859	0.113533	0.975995
-0.266607	0.493177	0.828068
-0.206966	0.32306	0.92347
0.871242	0.0372113	0.489442
-0.0997894	0.505941	0.856777
0.78135	-0.0963162	0.616616
0.145539	-0.635751	0.75805
0.450212	-0.352275	0.820495
0.913244	0.0168446	-0.407066
0.709015	-0.383182	0.592005
0.760558	-0.187171	0.621706
-0.366905	-0.0697973	0.927636
0.313617	-0.492438	0.81188
0.0138241	0.1038	0.994502
0.682458	-0.152198	0.714904
-0.137437	0.906874	0.39836
0.0240061	0.378838	0.925152
0.364727	-0.211696	0.90673
-0.244606	-0.424499	0.871762
0.639961	-0.264471	0.72146
0.166291	-0.368416	0.914668
0.697371	0.238336	0.675921
0.123341	0.838063	0.531448
0.189828	-0.093188	0.977385
0.321666	0.30482	0.896446
0.69471	0.109716	0.710873
0.695119	-0.290668	0.657512
-0.0680149	-0.124615	0.989871
0.924144	0.214298	0.316283
-0.0437898	-0.408545	0.911687
0.207333	-0.18493	0.960632
0.88472	0.0230437	0.465553
0.550776	-0.160391	0.819097
-0.38651	-0.512426	0.766831
0.845178	0.230132	0.482404
0.607092	0.105766	0.787561
0.19641	-0.4199	0.886063
0.775372	0.067798	0.627855
0.238814	-0.376782	0.894988
0.524755	-0.291788	0.799683
0.872906	-0.182364	0.452525
0.339491	0.715274	0.610842
0.275166	-0.172572	0.945782
0.349316	0.633221	0.690659
0.784445	0.44916	0.42767
0.126808	-0.216658	0.967977
0.393056	-0.520182	0.758233
0.539774	0.29306	0.789152
0.170249	-0.322264	0.931215
-0.662587	0.736688	0.135166
0.326761	0.389707	0.86102
0.205062	0.464601	0.86145
-0.0821687	0.603015	0.793487
-0.0334885	0.0445566	0.998445
0.07381	0.227625	0.970948
0.55333	0.238133	0.798197
0.116665	-0.323858	0.938885
0.728801	0.293532	0.618617
0.320378	-0.155488	0.934442
-0.100679	-0.0622169	0.992972
-0.386966	-0.178755	0.904601
-0.46142	0.794859	0.39407
0.471293	0.289831	0.832995
0.270569	0.503333	0.820639
-0.699605	-0.423487	0.57551
-0.45663	0.657218	0.599627
0.17525	-0.233736	0.956376
0.292091	0.0867601	0.952447
0.346359	-0.654937	0.671634
-0.156541	0.0370905	0.986975
0.0327219	0.110947	0.993288
-0.83333	-0.123295	0.53885
-0.699563	0.584239	0.411432
0.474747	0.37875	0.794459
0.33299	-0.881049	0.335961
0.0292471	-0.806588	0.590391
-0.49725	-0.464719	0.732652
0.146133	0.77807	0.610944
-0.147507	0.159719	0.97608
-0.548601	-0.200462	0.811697
0.36534	0.157655	0.917426
-0.436298	-0.350363	0.828788
0.467825	0.318483	0.824444
0.0974579	0.276598	0.956031
0.461256	0.228073	0.857453
0.781611	-0.611936	0.120908
-0.0117503	-0.737369	0.675388
0.153151	0.813749	0.560675
0.197718	-0.694591	0.691701
0.903819	-0.416733	-0.0971878
0.468509	0.592147	0.655638
0.627367	0.312524	0.71326
0.942272	-0.266302	0.202992
0.655585	-0.143644	0.741333
0.974573	0.219384	-0.045583
0.303366	-0.866878	0.395591
0.673028	-0.139848	0.726276
-0.116527	-0.273992	0.954646
-0.405256	-0.223572	0.886444
0.459043	0.0194077	0.888202
0.532126	-0.804978	0.262396
0.57516	-0.684534	0.447889
0.812749	-0.580338	-0.0514447
0.842951	-0.0236874	0.537469
0.24253	-0.954788	0.171927
0.49363	0.136873	0.858834
0.206476	0.312458	0.92722
0.134797	-0.354685	0.925218
0.767493	-0.192496	0.611474
-0.0361454	0.413811	0.909645
0.34037	0.370583	0.864186
0.402023	-0.128419	0.906579
-0.0940624	-0.536253	0.8388
0.464823	-0.303929	0.831605
-0.278515	0.152595	0.948232
0.57238	-0.0841648	0.815658
-0.074005	0.579786	0.811401
-0.602886	0.463815	0.649157
0.327196	-0.104725	0.939136
0.391129	-0.267593	0.880575
0.582554	0.381945	0.71746
0.159058	-0.0376388	0.986552
-0.357426	-0.446086	0.820521
0.0528471	0.228899	0.972015
0.498012	-0.228124	0.836626
0.245449	0.398703	0.883624
-0.191901	-0.268474	0.943979
-0.172508	0.169913	0.970242
0.208291	0.570171	0.794682
0.215221	-0.295971	0.930635
-0.2895	0.492567	0.820712
-0.86788	0.20386	0.453018
0.110848	-0.0855962	0.990144
0.158841	-0.20962	0.964795
0.202267	0.41516	0.886978
-0.168812	0.302787	0.937989
0.0588359	-0.167949	0.984038
0.174337	0.909315	0.377827
-0.755488	-0.183944	0.62881
-0.414851	0.350533	0.839658
0.156191	0.336014	0.928816
0.419273	0.345492	0.839551
0.697296	-0.013959	0.716648
-0.479045	0.309	0.821605
-0.198122	0.780752	0.5926
0.674695	-0.619046	0.401957
0.727485	-0.68266	0.0688501
0.832699	-0.0552762	0.550959
0.722531	-0.637962	0.266371
-0.00395716	0.670188	0.742181
0.946811	-0.296213	0.125721
-0.508796	-0.338456	0.791564
0.44523	0.563723	0.695691
-0.602578	-0.10734	0.790809
-0.848892	-0.491405	0.194689
0.268042	-0.196504	0.943154
-0.0767649	0.837714	0.540687
0.547984	-0.224091	0.805914
0.496279	0.303037	0.813557
0.132347	-0.0233996	0.990927
0.0094694	0.707347	0.706803
-0.489634	-0.471543	0.73342
0.0405969	-0.780924	0.623305
0.684821	-0.191983	0.702967
0.405264	-0.491999	0.770518
0.360154	0.294335	0.885244
0.267971	0.808174	0.524449
-0.630027	0.475586	0.613909
-0.160099	0.487595	0.858265
-0.0423397	-0.173607	0.983904
-0.275618	-0.100768	0.955971
0.884431	0.364489	0.291426
-0.0382448	0.165112	0.985533
-0.0317558	-0.325114	0.945142
0.871775	-0.468461	0.143363
0.894451	0.434886	-0.10408
0.183119	0.602529	0.776805
0.807751	0.117707	0.577654
0.454923	0.301476	0.837948
-0.535941	0.00178994	0.844254
-0.0304094	0.767099	0.640808
0.438334	-0.420863	0.79419
0.5287	0.307215	0.791261
-0.639044	0.137869	0.756714
0.0426854	0.467584	0.882917
0.419599	0.0254358	0.907353
0.239906	0.566751	0.788187
0.356294	0.832401	0.424456
-0.0832217	0.0463773	0.995451
0.265463	0.298751	0.916667
-0.325807	0.29586	0.897951
0.0417064	-0.00760034	0.999101
0.21058	-0.626122	0.750751
-0.115441	0.802835	0.584918
-0.243349	0.110869	0.963582
-0.247789	-0.381666	0.890467
0.176982	0.293285	0.939501
0.120254	0.4742	0.872166
0.32348	-0.046834	0.945075
-0.139583	-0.310919	0.940131
-0.522673	0.226012	0.822029
-0.0398308	-0.157424	0.986728
-0.446937	-0.706672	0.548509
-0.0210961	-0.097382	0.995023
0.138123	-0.0135488	0.990322
0.594825	-0.0970456	0.797976
0.84698	0.0254232	0.531016
0.394822	0.22743	0.890164
-0.340271	-0.35378	0.871238
-0.626921	-0.440097	0.642872
0.6759	-0.670258	0.306454
0.681968	0.358632	0.637419
0.653782	-0.243553	0.716416
0.70417	-0.348357	0.618701
0.729507	0.170029	0.662502
0.0837802	-0.115386	0.989781
-0.348537	-0.123108	0.929175
0.500482	-0.367792	0.783739
0.201342	-0.417134	0.886262
0.203904	0.00664015	0.978968
0.199757	-0.60264	0.772607
-0.748565	0.0456736	0.661486
0.157468	0.0469488	0.986407
-0.460132	-0.425928	0.779015
-0.0293369	0.937398	0.347022
0.468601	0.0984299	0.877909
0.602354	0.115576	0.789818
0.744108	0.0739966	0.663948
-0.0845588	-0.0392762	0.995644
-0.393537	0.0784317	0.915957
0.469206	0.452456	0.758373
0.435667	0.667381	0.603985
0.502919	-0.154237	0.850461
0.144881	0.691541	0.707658
0.445483	-0.58221	0.68013
0.0318415	-0.150099	0.988158
0.186743	0.550218	0.813872
-0.0523551	0.31213	0.948596
0.0572864	0.123294	0.990715
0.249141	0.557515	0.7919
0.0621439	0.378259	0.923611
0.72883	-0.589356	0.348519
0.115955	-0.367481	0.922774
-0.596863	0.800237	-0.0580959
-0.627466	0.389647	0.674137
0.0373556	0.257442	0.965572
0.312574	0.0521832	0.948459
0.66409	-0.231167	0.711018
0.177016	-0.483295	0.857375
0.875137	0.087169	0.475959
-0.0596878	0.1103	0.992104
0.620415	-0.182146	0.762829
0.40758	0.175423	0.896161
-0.0217501	0.0656672	0.997605
0.237684	-0.253218	0.937756
-0.430688	-0.609873	0.665254
0.855141	-0.317988	0.40941
-0.46695	0.342278	0.815355
0.386066	0.121553	0.914427
-0.191701	0.0476042	0.980298
-0.173721	0.381876	0.90774
-0.432245	0.250311	0.866319
-0.735351	0.058402	0.675165
0.0716348	0.154525	0.985388
-0.892347	-0.391611	0.224403
-0.0252064	0.273884	0.961432
0.0220744	-0.569898	0.821419
0.319629	0.549633	0.771842
0.446112	0.401773	0.799726
0.50203	0.432771	0.748782
0.51116	0.745737	0.427308
-0.148292	-0.179212	0.97257
0.478299	-0.41722	0.77276
0.396926	-0.726686	0.560693
-0.0459364	-0.850018	0.524748
-0.250555	-0.186215	0.950024
0.649254	-0.206192	0.732089
0.0514416	-0.155735	0.986459
0.733556	0.566867	0.37491
0.322518	-0.022697	0.946291
0.158337	0.150774	0.975806
0.561366	-0.314845	0.765337
0.43859	0.199549	0.876253
-0.835653	0.0119349	0.549129
-0.084431	-0.961481	0.261585
0.0204364	-0.661835	0.749371
-0.576375	-0.0463607	0.815869
0.880136	0.141406	0.453172
0.622009	-0.235845	0.746647
0.0397046	0.12372	0.991523
-0.322013	-0.0534537	0.945225
0.117041	0.17112	0.978274
0.552951	0.00528862	0.833197
0.615002	0.0405851	0.787481
0.794644	0.443227	0.414837
0.180323	0.519141	0.83545
0.215525	0.618972	0.755263
0.396746	-0.520582	0.756034
0.13527	0.19432	0.971567
0.141387	-0.851856	0.504333
-0.835072	0.0885536	0.542967
0.711164	-0.702417	0.0292594
-0.0225527	0.630733	0.775672
-0.26431	0.800537	0.537848
-0.205988	-0.104266	0.972984
0.206367	0.155956	0.965966
0.173502	-0.519373	0.836749
-0.111104	0.470381	0.875441
0.164813	-0.0142206	0.986222
0.233817	-0.0550304	0.970722
-0.14804	0.359161	0.921459
0.416558	0.5588	0.717093
0.347996	-0.0166839	0.937347
0.565605	0.195855	0.801082
-0.0954906	-0.495487	0.86335
0.226713	0.568117	0.791104
0.20006	-0.31179	0.928851
0.0576402	-0.629329	0.774998
0.449735	-0.499901	0.74016
-0.00195786	-0.256143	0.966637
-0.0673726	0.525338	0.848222
0.0522099	-0.101657	0.993448
0.618274	0.738338	0.269433
0.167942	-0.304965	0.937439
-0.163036	-0.533732	0.829789
0.349963	-0.760136	0.547466
0.76086	0.358179	0.54111
0.807197	-0.315997	0.498577
0.0877066	-0.0524903	0.994762
0.9826	0.0277184	0.183655
0.136897	0.841135	0.523212
0.658471	0.045709	0.751217
0.795562	-0.533718	0.28675
0.752376	-0.164025	0.637986
0.782239	0.509313	0.358751
0.0401868	-0.0373529	0.998494
0.283464	0.34009	0.896653
-0.0697172	0.0222398	0.997319
0.324191	0.644303	0.692657
0.634013	-0.422171	0.64792
0.541532	0.301046	0.78493
0.813518	0.314613	0.489088
0.282141	-0.0543909	0.95783
0.685597	-0.0595499	0.725541
0.628238	0.0547816	0.77609
0.36809	0.438668	0.819805
0.0452639	-0.193552	0.980045
0.752533	-0.350623	0.557456
-0.256218	0.334127	0.907034
0.143653	-0.284136	0.947961
0.998097	0.0389257	-0.0478155
-0.501463	-0.508445	0.700013
0.00232259	0.275177	0.961391
0.0241839	0.0280893	0.999313
0.725145	0.288835	0.625091
-0.448355	0.448499	0.773192
0.106419	0.321994	0.940742
0.647221	-0.0499905	0.760662
-0.0348892	0.0860166	0.995683
-0.149742	-0.114608	0.98206
0.0378038	-0.358036	0.932942
-0.42346	-0.711822	0.560349
0.241294	-0.541388	0.805404
-0.492438	0.775424	0.39525
0.257116	-0.684166	0.682501
0.0280745	0.533952	0.845049
0.964867	-0.0872364	0.247833
0.828769	0.24102	0.505027
0.68498	-0.694239	0.220984
0.416448	0.028344	0.908717
0.290673	-0.225939	0.929764
0.295001	0.46894	0.832508
0.676446	-0.303417	0.671088
0.750571	0.351063	0.55982
0.767392	-0.210184	0.605749
0.47414	-0.402538	0.783042
0.585683	-0.0942099	0.805046
0.280602	0.356261	0.891258
0.468762	-0.128608	0.873912
0.418624	-0.189076	0.888259
-0.266835	-0.62296	0.735336
-0.00337783	0.411474	0.911415
0.733372	0.122432	0.668712
-0.0739532	-0.279341	0.95734
0.0725957	-0.19983	0.977137
-0.455254	0.371563	0.809126
-0.11792	0.176228	0.977261
0.390662	-0.242978	0.887888
-0.864474	0.186047	0.466981
0.290556	0.189579	0.93789
0.667676	0.201641	0.716623
0.421861	-0.567532	0.707065
0.404248	0.614379	0.677585
0.236505	-0.498325	0.834109
0.973923	-0.146428	-0.173302
-0.3847	-0.559892	0.733844
0.452232	0.531313	0.716375
0.900594	0.0287931	0.433707
0.800107	0.524313	0.291417
0.522555	0.487164	0.699719
0.526075	-0.107737	0.843586
0.239064	-0.238841	0.941171
-0.091149	0.00943861	0.995793
0.55086	0.622806	0.555577
0.499037	0.292303	0.815795
-0.103152	0.725468	0.680482
0.13936	-0.0494821	0.989005
0.565988	-0.543792	0.619635
-0.285988	0.331867	0.89893
0.289894	0.69884	0.653899
0.503761	-0.251908	0.826298
0.4872	0.211163	0.847376
0.836576	0.352154	0.419677
-0.323761	0.208113	0.922967
0.0707677	-0.154927	0.985388
-0.410718	0.210506	0.887129
0.375993	-0.0224009	0.926352
0.327723	-0.379152	0.865356
0.423632	0.584708	0.691847
0.850597	-0.198581	0.486877
-0.416608	-0.404648	0.814063
0.0990429	-0.538735	0.836633
0.368223	0.176263	0.912876
0.236706	-0.341739	0.909497
0.99191	0.0367646	0.121504
0.26102	0.576218	0.774494
-0.0918264	0.275256	0.956976
0.345001	0.314322	0.884407
0.67937	0.509266	0.528303
0.110879	0.49734	0.860441
0.531986	0.32412	0.782264
0.897098	0.205755	0.390999
0.213613	-0.217362	0.95243
0.516508	0.373369	0.770594
0.619153	0.482052	0.619899
-0.0579111	0.623495	0.779679
0.0480113	0.0361737	0.998192
0.585157	-0.587061	0.55942
0.551409	0.576535	0.602956
-0.325861	-0.688477	0.647931
0.0386898	0.157942	0.98669
-0.0518607	0.544306	0.837282
-0.284038	-0.0496137	0.957529
-0.427432	-0.181051	0.885732
0.550905	0.0828883	0.830441
0.473651	0.56903	0.672205
0.596991	-0.524063	0.607421
-0.531853	0.730999	0.42752
0.461762	0.496848	0.734791
0.596437	-0.109926	0.795097
0.027087	-0.186037	0.982169
0.601321	0.0811552	0.794875
0.472329	0.525946	0.707309
0.137183	0.743126	0.654938
0.17057	0.694329	0.699152
0.244926	0.423556	0.87213
0.647273	-0.238026	0.724141
0.510039	-0.0340981	0.859475
0.183234	0.760531	0.62291
0.178859	0.530274	0.828746
0.648749	0.594169	0.475487
0.346168	0.882294	0.318944
0.0877996	0.164442	0.982471
0.0681329	0.651332	0.755727
0.243926	0.150131	0.958103
0.751882	-0.118081	0.648637
0.655969	0.230207	0.718825
0.274828	-0.61522	0.7389
0.181476	0.821055	0.541234
0.0927954	-0.0903336	0.991579
0.448286	-0.253009	0.857337
0.285289	0.137789	0.948485
0.822713	-0.405603	0.398282
0.570674	0.436498	0.695558
-0.108365	-0.758461	0.642646
-0.590364	0.179372	0.786953
0.000137406	0.0875549	0.99616
0.884168	-0.119249	0.451692
0.362659	0.729521	0.579895
0.361139	0.666808	0.651879
-0.621166	0.502395	-0.601459
0.205168	-0.0108028	0.978667
0.394459	-0.401028	0.826788
-0.167314	0.601643	0.781045
-0.457703	0.535145	0.710019
0.101367	-0.858771	0.502233
0.533407	0.0223511	0.845563
-0.395541	0.790998	0.466764
-0.239942	0.691097	0.681772
-0.364613	0.0948249	0.926318
0.410052	-0.223956	0.884138
0.118062	0.379597	0.917588
-0.232785	-0.533514	0.813126
-0.0275312	-0.998072	0.0556291
0.250509	-0.253641	0.934297
-0.384568	-0.894226	0.229057
-0.811448	-0.573557	0.112181
0.00580441	-0.283663	0.958906
0.487949	-0.00225398	0.872869
-0.127158	0.0935286	0.987463
0.210265	-0.455734	0.864925
-0.147359	0.490214	0.859055
-0.454813	0.880286	0.135063
-0.693275	-0.163103	0.701974
-0.441409	-0.586608	0.679006
0.201943	-0.745268	0.635448
-0.295564	-0.742269	0.601397
0.196904	-0.00348273	0.980416
-0.122117	-0.784557	0.607912
0.536848	0.540025	0.648203
-0.473051	0.0675991	0.878438
0.246427	0.332825	0.91022
0.0606699	-0.305611	0.950222
-0.617122	-0.47714	0.625698
0.815915	0.259676	0.516576
0.664371	-0.417383	0.620002
0.067947	0.348878	0.934702
0.133367	0.779681	0.61181
0.51095	-0.1337	0.849149
0.626101	-0.176259	0.759559
-0.598095	0.313122	0.737724
0.820469	0.269858	0.503991
0.742103	-0.320545	0.588671
0.211443	0.158394	0.96447
0.027821	0.231151	0.97252
-0.113406	-0.173444	0.978292
0.644866	-0.0245532	0.763901
0.263708	0.32189	0.90931
0.495203	-0.657863	0.567442
0.434302	-0.731826	0.525179
0.817446	-0.113123	0.564788
-0.0281637	0.670067	0.741766
0.356015	0.616342	0.702408
0.0166951	-0.384105	0.923138
0.261995	-0.0904759	0.960819
0.0939634	0.244453	0.965098
0.291448	0.609265	0.737465
0.180819	-0.643573	0.743719
0.41728	0.142258	0.897575
0.118994	0.649253	0.751206
-0.381594	-0.147308	0.912516
0.12824	0.27789	0.952014
-0.328493	-0.0769779	0.941364
-0.238699	0.103553	0.965557
0.111666	-0.246312	0.962736
-0.115782	0.467574	0.876338
-0.029022	-0.332072	0.942807
0.297736	-0.310698	0.902674
0.97402	0.0918131	0.207013
0.110854	0.382682	0.917206
-0.243509	-0.473206	0.846628
0.299886	-0.0663911	0.951662
-0.391053	-0.700556	0.596908
-0.375181	0.451993	0.809285
0.810435	-0.0117633	0.585711
-0.19481	-0.885403	0.422032
0.42916	-0.0910588	0.898627
-0.0567889	0.138754	0.988697
-0.435477	-0.133031	0.890316
-0.390934	-0.193739	0.899798
-0.0455927	0.599144	0.799342
0.335039	0.058298	0.940399
0.134991	-0.413355	0.900508
-0.184446	0.256329	0.948828
0.0673861	-0.0147173	0.997618
0.135887	0.564273	0.814329
-0.285413	0.152403	0.94621
0.377686	0.220498	0.899296
0.627215	0.0175048	0.77865
0.466882	0.376113	0.80035
-0.415972	-0.250556	0.874179
-0.00261699	0.169719	0.985489
0.272356	0.153495	0.949875
-0.0473895	0.498793	0.865424
0.617182	-0.183425	0.765142
0.217019	-0.789494	0.574109
-0.100726	-0.00051844	0.994914
-0.125206	-0.310877	0.942167
-0.107446	-0.0783082	0.991122
0.472022	-0.396304	0.787489
0.0102791	0.722297	0.691506
0.255784	0.00778505	0.966703
0.740776	0.328723	0.585827
-0.130402	-0.879934	0.456851
0.281842	-0.0257982	0.959114
0.0901636	-0.79907	0.594439
0.0423629	0.325913	0.94445
0.536862	-0.255882	0.80393
0.941053	0.273799	0.198629
-0.493806	0.340712	0.800044
-0.203579	0.566984	0.798176
0.0170872	0.203075	0.979014
-0.074821	0.103819	0.991778
0.134106	0.938552	0.318018
0.852473	0.39602	0.341259
0.136781	0.390748	0.910279
-0.831662	0.4354	0.344623
0.122267	0.391061	0.912207
0.667404	-0.139143	0.731581
0.694574	0.0841357	0.714485
0.842385	-0.124784	0.524229
0.25488	-0.00158692	0.966971
-0.178803	-0.108964	0.977832
-0.363033	-0.803406	0.47196
0.174051	0.177952	0.968524
0.901427	-0.18843	0.389775
-0.0254146	0.217084	0.975822
-0.538217	0.784304	0.308529
0.0444341	0.217116	0.975134
0.474462	0.0250547	0.879919
0.708883	-0.139072	0.691479
0.098846	0.547711	0.830808
0.539369	-0.459277	0.705795
-0.142434	-0.0869044	0.985982
0.173273	-0.0822282	0.981435
0.277207	0.453593	0.847
-0.377171	-0.841322	0.387195
0.387708	-0.323458	0.863167
0.210446	0.112901	0.971064
0.671153	-0.203359	0.71288
0.705607	0.182812	0.684616
0.0341797	0.716888	0.69635
-0.120436	0.130642	0.984087
0.218059	0.0705347	0.973383
0.366006	0.101995	0.925006
0.349625	-0.436073	0.829218
-0.182742	0.09304	0.978749
0.347655	-0.170299	0.922027
-0.686385	0.52358	0.504716
0.865221	-0.0745195	0.495822
0.752637	0.259974	0.604938
0.887149	0.458233	0.0546697
0.621441	0.476244	0.622095
-0.230225	-0.960309	0.157489
0.0465128	-0.526046	0.849183
0.029387	0.291252	0.956195
0.916257	0.0881369	0.390776
0.312485	0.549505	0.774853
0.795464	0.259952	0.547414
0.305386	0.548338	0.778502
0.263702	-0.291467	0.919515
0.392166	0.907469	0.150683
-0.0916729	0.130593	0.987189
0.682363	0.269225	0.679631
0.508695	-0.203026	0.836666
0.74173	0.389395	0.546084
0.040171	-0.393433	0.918475
-0.106923	0.968609	0.224421
0.862987	0.205751	0.461433
0.335783	-0.0938989	0.937247
-0.575755	0.129538	0.807296
-0.246866	0.665423	0.704464
-0.0357094	0.779961	0.624808
0.289247	0.489583	0.822584
0.0277507	0.245124	0.969094
0.307067	0.746535	0.590251
0.551624	0.0416668	0.833052
0.0509244	0.524565	0.849846
0.28468	0.706276	0.648175
0.208518	-0.199575	0.957439
0.490491	0.37492	0.786673
-0.460063	0.846406	0.268215
-0.697657	0.0445041	0.715048
-0.618083	0.300763	0.726302
0.801552	0.262065	0.537435
0.448996	-0.651946	0.611039
-0.597828	-0.61447	-0.514809
-0.73465	-0.0927694	0.672073
-0.0826425	0.0732623	0.993883
0.624153	-0.0701256	0.778149
-0.797924	0.213863	0.563542
-0.978144	-0.141654	0.152212
-0.694279	-0.676477	0.245673
0.370108	-0.127014	0.920265
-0.181402	0.850577	0.493571
-0.282369	0.722885	-0.630639
-0.214056	-0.496022	0.841512
-0.338145	-0.630069	0.69905
0.490448	-0.190354	0.850427
0.227099	0.965682	0.126034
0.557357	0.069291	-0.827376
0.748185	-0.424243	0.510134
0.623743	-0.741504	0.247216
0.634449	-0.57756	0.513711
0.28328	0.561834	0.777235
0.295893	0.480641	0.825488
0.189438	-0.0256398	0.981558
0.0821593	-0.994564	0.0639749
0.808489	0.258619	0.528642
-0.103579	-0.568966	0.815812
0.196938	0.952161	0.233677
-0.388044	-0.611067	0.689941
0.534258	-0.0818429	0.84135
0.697037	-0.65457	0.292707
0.477057	-0.422686	0.770554
0.384807	0.734851	0.558496
0.694192	0.416554	0.587009
0.10267	-0.937119	-0.333567
0.297161	-0.582081	0.756886
0.885392	-0.432878	0.169402
0.0656426	-0.722323	0.688433
0.20992	0.945215	0.250004
0.0527996	-0.195075	0.979366
0.426006	-0.254776	0.868106
-0.585989	0.392467	0.708933
-0.0685813	-0.223862	0.972205
-0.86346	-0.0622893	0.500557
0.564887	-0.419392	0.710643
0.54371	-0.0650076	0.836752
-0.727796	0.685786	0.00322609
0.776397	-0.607607	-0.167398
0.588918	0.369539	0.718761
-0.547364	-0.520845	0.655067
0.626171	0.0968866	0.773643
0.980993	-0.158648	-0.111728
0.666575	-0.247939	0.702996
0.856202	0.183382	0.483
-0.242832	-0.0669906	0.967753
0.833029	0.382938	0.399276
0.601619	0.439075	0.667284
-0.276846	-0.347643	0.895824
0.670748	0.211968	0.710751
-0.146683	-0.538003	0.830082
0.908769	0.273714	0.31499
0.841861	-0.454841	0.290498
-0.255878	-0.430856	0.865384
-0.994785	0.0819053	-0.0607801
-0.299173	0.59435	0.746488
0.707992	-0.476592	0.52116
0.464304	-0.868921	0.171457
-0.484877	0.11948	0.866382
0.0525322	0.0109676	0.998559
-0.841071	-0.368203	0.396266
0.00449704	-0.359735	0.933044
0.255313	0.152563	0.954746
-0.731968	-0.645662	0.217586
0.250325	-0.468735	0.847128
0.0750938	0.805798	0.58741
0.178795	-0.703507	0.68783
0.547058	-0.224077	0.806546
-0.0768125	-0.700481	0.709525
0.632863	0.521932	0.571901
-0.22788	0.829279	0.510262
-0.749932	0.147496	0.644862
-0.423231	-0.61617	0.664237
-0.0828241	0.269131	0.959536
-0.873962	-0.482665	-0.0567895
0.219361	-0.42376	0.87881
0.0404186	-0.698734	0.714239
-0.0901868	-0.529359	0.843591
-0.9739	0.175456	0.143992
0.594777	-0.0308336	0.803299
-0.168896	-0.93811	0.302364
0.750794	-0.249716	0.611515
-0.531703	0.781003	0.327606
0.23377	0.595906	0.768275
0.464044	0.589795	0.660912
-0.212284	0.764476	0.608696
0.107489	-0.194997	0.974896
-0.197871	0.957245	0.21102
-0.036336	0.947672	-0.317172
0.44421	0.894924	0.0422827
-0.966135	-0.0218555	0.257108
0.796719	-0.458662	0.393531
-0.772487	0.600147	0.207575
0.822039	-0.544851	0.165497
0.460095	-0.186457	0.86807
0.225315	-0.314431	0.922153
-0.238208	-0.25321	0.937626
-0.883509	0.264394	0.386662
0.643913	-0.59895	0.476062
0.535153	-0.54078	0.648975
0.227256	0.643529	0.730907
0.830867	0.375125	0.411024
0.535797	-0.725192	0.432455
0.917387	-0.35131	0.187034
0.12851	-0.58611	0.799975
0.675051	0.586212	0.447953
0.581784	0.798452	-0.154923
0.626247	-0.35707	0.693048
-0.251684	0.569408	0.782579
-0.727295	0.363733	0.582015
0.885594	-0.288451	0.364032
0.24386	0.151241	0.957945
0.578276	0.450091	0.680452
-0.179549	-0.488839	0.853697
0.554134	0.420181	0.718598
0.331799	-0.4659	0.820272
-0.566617	-0.262899	0.780916
0.602291	-0.398914	0.691458
-0.946673	0.232071	0.223501
0.523546	-0.748029	0.407863
0.359133	-0.793341	0.491562
-0.231738	-0.715783	0.65875
0.394179	0.0913717	0.91448
-0.503697	-0.380049	0.775791
-0.435447	0.385557	0.813469
0.101216	-0.908021	0.406513
0.606719	0.194319	0.7708
0.52372	0.0463162	0.85063
0.380265	0.369391	0.847908
0.238542	0.0126023	0.97105
-0.564066	-0.709106	0.423082
0.850932	-0.50529	0.143516
0.248694	-0.927827	0.278008
0.420629	-0.573577	0.702909
0.802392	-0.335659	0.493458
-0.07803	-0.777543	0.623969
-0.259496	0.187025	0.947462
0.205488	-0.545541	0.812502
-0.0906164	-0.335923	0.93752
0.155754	0.211947	0.96479
0.478887	-0.150316	0.864912
0.221291	-0.240042	0.945204
0.236831	0.27856	0.930761
0.858464	0.444336	0.256135
0.25859	0.160054	0.952635
0.582796	-0.457332	0.671711
0.977782	0.180577	0.106461
-0.381474	-0.781147	0.494254
0.195426	-0.850453	-0.488404
-0.643045	-0.282622	0.711771
-0.625118	-0.171576	0.761439
0.468965	0.862585	0.189788
-0.0527627	-0.457868	0.887453
0.861853	-0.200321	0.465919
0.493595	0.867597	0.0603317
-0.546061	-0.13167	0.827333
0.844398	0.166544	0.509172
0.07383	-0.306268	0.949078
-0.0608448	-0.575058	0.815847
0.359953	0.296041	0.884756
-0.196144	0.281573	0.939279
-0.462423	0.215736	0.860013
-0.367806	0.110262	0.923342
0.445742	-0.259029	0.856865
0.700155	-0.10749	0.705853
-0.957417	-0.285075	0.0456505
-0.182095	0.313906	0.931828
0.246463	0.445815	0.860526
-0.225055	-0.200225	0.953551
0.63429	-0.261967	0.727358
-0.561313	0.781358	-0.272779
0.996537	-0.0764895	0.0326004
-0.687639	-0.53177	0.494341
0.947304	-0.0909128	0.307165
0.986771	-0.119098	0.109994
-0.628055	0.557455	0.542946
0.517936	-0.427823	0.740749
0.333877	-0.73917	0.584939
0.295291	-0.940492	-0.168163
0.435429	-0.290006	0.852231
0.605323	-0.567032	0.558622
0.740109	0.453601	0.496472
0.00922201	-0.756922	0.65344
-0.737584	0.675118	0.0136216
0.623582	0.766062	0.155865
0.957959	0.124227	0.258616
0.723784	0.601734	0.337717
-0.50738	-0.156924	0.847314
-0.370038	-0.0646791	0.926762
-0.441773	-0.508236	0.739278
0.231503	-0.954757	0.186672
0.645171	-0.216916	0.732599
-0.256288	-0.217534	0.941804
0.27431	0.696729	0.662814
0.237465	0.093132	0.966921
0.534842	-0.599482	0.595454
0.766936	-0.305548	0.564313
-0.332076	0.778326	0.532854
0.673283	-0.110861	0.731027
0.103887	0.6348	0.765661
-0.327908	-0.795208	-0.510021
0.995015	-0.0974707	-0.0211046
-0.504997	-0.0134644	0.863016
0.746255	0.156135	0.64709
0.644932	0.358914	0.674717
-0.80812	-0.539572	0.236228
0.734153	-0.617258	-0.282865
0.342851	0.14367	0.928338
0.438048	-0.628266	0.642959
0.883153	-0.241246	0.402296
-0.909166	0.3438	-0.234987
-0.087656	0.732989	-0.674569
0.360972	0.41353	0.835878
0.794717	-0.400079	0.456467
0.552442	0.348518	0.757194
0.69322	-0.496114	0.522797
-0.0462992	0.972634	0.227681
-0.412995	-0.353941	0.839143
-0.325029	-0.624486	0.710193
0.156995	-0.367496	0.916679
-0.236343	-0.330409	0.913768
0.217219	-0.0818013	0.972689
0.389309	-0.277597	0.878282
-0.0326096	-0.731424	0.681143
0.334868	-0.331978	0.881847
0.118818	0.37167	0.92073
0.0205155	0.441357	0.897097
-0.476292	-0.737849	0.478252
0.129629	0.181189	0.974868
-0.372951	0.136987	0.917683
-0.785397	-0.0645413	-0.615618
0.661096	-0.0602258	0.747881
-0.668553	-0.581175	0.463975
0.823251	-0.052021	0.565289
-0.0587911	-0.017893	0.99811
0.354094	-0.338827	0.871673
0.345038	0.893637	0.286989
0.697764	-0.612559	0.371345
0.579947	-0.573519	0.578564
0.772086	0.357631	0.525341
-0.293251	-0.651206	0.699953
0.982721	0.117874	0.14271
-0.0140143	0.13144	0.991225
-0.588441	0.0390561	0.807596
0.759904	-0.504111	0.410387
-0.345547	0.0521692	0.93695
-0.261392	0.0856126	0.961428
0.952258	0.0777632	0.295226
0.102881	-0.864779	0.4915
0.50259	0.0558367	0.86272
0.641758	0.567985	0.515306
0.865835	0.495444	0.0697498
-0.0430884	0.185992	0.981606
-0.23803	0.793014	0.560776
-0.44575	0.880755	0.159928
0.925205	0.276171	0.260242
-0.0620611	0.888941	0.453798
0.230072	-0.178306	0.9567
0.442149	0.726644	0.525826
0.717938	0.400695	0.569217
0.0469385	0.205112	0.977612
-0.474992	-0.78844	0.390826
0.146524	-0.977239	0.15341
0.682026	0.434804	0.588035
0.453868	-0.132948	0.881095
0.721735	-0.0301454	0.691513
0.0911321	0.33872	0.936463
-0.182279	-0.983213	0.0081379
-0.300369	0.664164	0.684591
0.309866	-0.420143	0.852914
0.7209	0.439061	0.536217
0.824411	-0.436557	0.36023
-0.750608	-0.636857	0.176072
-0.706899	-0.249446	0.661869
0.205415	0.0681863	0.976297
0.173407	-0.622454	0.763205
-0.177899	-0.571413	0.801149
-0.990843	0.0875197	-0.102811
-0.406691	-0.265179	0.874232
0.774976	0.00641557	0.631958
-0.305357	-0.348248	0.886273
0.292415	-0.883929	0.364915
0.222433	0.572333	0.789277
0.715467	0.19454	0.671015
0.53754	0.433795	0.723099
-0.131456	0.580969	0.80324
0.725243	0.688493	-2.11898e-05
-0.949387	-0.275238	-0.151353
-0.152894	-0.0291727	0.987812
0.554297	-0.397224	0.731415
-0.278176	0.0124421	0.960449
0.765261	0.594202	0.247587
0.867786	0.353108	0.349661
0.630461	-0.745638	0.215737
-0.4532	-0.173673	0.874327
-0.032094	-0.356797	0.93363
-0.597979	0.554609	0.578645
-0.144006	0.976145	0.162489
0.238095	-0.213044	0.947588
-0.56599	0.242186	0.788036
0.743232	-0.168798	0.64739
0.0329738	-0.32394	0.945503
0.881516	-0.00376932	0.47214
-0.282648	-0.556053	0.781611
0.245765	-0.521962	0.816796
0.225222	0.970915	0.0812335
0.08785	-0.124093	0.988374
-0.739208	-0.548714	0.390493
-0.0214051	-0.321976	0.946506
0.360644	0.39017	0.847174
0.814136	0.387443	0.432516
0.396791	0.39353	0.829271
0.241378	0.710473	0.661033
0.245852	-0.689181	0.681606
0.204471	-0.331615	0.92099
0.540542	-0.607605	0.581919
0.475647	0.434354	0.764916
0.837644	0.285733	0.46552
0.0456219	0.98557	0.163005
0.994079	0.104548	-0.0296006
-0.273274	-0.792004	0.54594
0.228184	0.231229	0.945762
-0.0976091	-0.059152	0.993465
0.0296931	-0.335921	0.941422
-0.461876	0.809216	0.363097
0.290147	0.475118	0.830709
0.838615	0.509691	0.192197
-0.374	-0.231467	0.89808
0.653477	-0.0356317	0.756107
-0.864007	-0.228042	0.448875
-0.0392313	-0.788219	0.614143
-0.132946	-0.456319	0.879829
0.153427	-0.247775	0.956592
0.689009	0.377253	0.618827
-0.312417	-0.383289	0.869187
0.0148962	0.4098	0.912054
0.290041	-0.394436	0.87195
0.208139	-0.639202	0.740337
0.265415	-0.489094	0.830868
0.397767	0.273564	0.875754
0.614062	-0.0938903	0.783653
0.837836	-0.349543	-0.419346
0.346663	0.935797	0.0641056
0.632085	0.0145129	0.774763
-0.0758861	-0.20342	0.976146
0.041293	0.0853786	0.995493
-0.00561155	0.587109	-0.809488
0.311258	0.157895	-0.937117
0.496871	-0.424372	0.756986
-0.712706	0.0919592	0.695409
0.809601	-0.0452406	0.585234
0.668526	-0.548682	0.502017
0.589986	-0.785996	-0.184733
-0.476123	0.674026	0.564797
-0.177237	0.377076	0.909066
0.839531	0.368869	0.398903
-0.281337	-0.397577	0.873374
0.259222	-0.596268	0.759782
-0.499363	0.583378	0.640551
-0.080725	0.224052	0.971228
0.272744	-0.312761	0.90983
-0.267807	0.0780464	0.960306
-0.234341	0.387002	0.891804
0.319654	0.284293	0.90388
0.682522	-0.162164	0.712648
0.690653	0.0845381	0.718228
0.336784	-0.710111	-0.61832
0.940405	0.208244	0.268836
0.296414	0.908256	0.295313
0.371438	0.446877	0.81384
-0.170745	0.601377	0.780508
0.028919	0.925461	0.377737
-0.409338	0.629482	0.66045
0.454504	0.350967	0.818687
0.974002	0.134998	-0.181922
0.387546	0.0257221	0.921491
0.37322	0.304211	0.876449
0.667131	-0.223273	0.710693
0.403448	0.361177	0.840703
0.663649	0.734941	0.139399
0.873008	-0.211407	0.439504
0.353422	0.404371	0.84355
0.265957	-0.34735	0.89923
-0.98492	0.0293928	-0.170494
0.468868	0.382375	0.796211
-0.302407	0.828782	0.470819
0.623409	-0.289791	0.726211
0.0471166	-0.17221	0.983933
-0.671043	0.669792	-0.31793
0.669402	-0.488806	0.559437
