3400
0.509967	0.0167341	0.860031
-0.919039	-0.185276	0.347907
0.0368544	-0.702427	0.710801
0.194246	0.037935	0.980219
0.515995	0.139183	0.845208
0.277739	-0.119746	0.953164
-0.384629	0.317888	0.866607
-0.155083	0.424648	0.891977
-0.355517	-0.68089	0.640309
-0.459025	0.732627	0.502547
0.10914	0.0250409	0.993711
-0.519087	0.130926	0.844634
-0.023148	0.0474989	0.998603
0.166949	-0.415366	0.894203
0.591016	-0.127276	0.796555
-0.556491	0.0549453	0.829035
-0.746721	-0.127384	0.652826
0.0737981	-0.182153	0.980497
-0.132133	0.0353307	0.990602
-0.168394	0.676525	0.716908
-0.649221	-0.684155	0.332331
-0.196597	-0.507431	0.838965
-0.568555	-0.0599302	0.820459
-0.0689455	0.0653366	0.995479
-0.00599111	0.948599	0.316425
0.316224	0.503245	0.804206
-0.513804	-0.0752692	0.854599
-0.198085	0.250256	0.9477
0.374516	0.435663	0.818496
-0.369133	0.275107	0.887726
-0.553069	-0.382857	0.739956
0.280887	0.23533	0.930442
-0.490543	0.209699	0.845809
-0.834292	-0.274678	0.478026
0.252207	0.138463	0.957716
0.598128	0.31678	0.736134
0.143941	0.0108439	0.989527
0.369915	-0.757125	0.538446
-0.619778	0.152581	0.769802
-0.311696	0.358337	0.880023
-0.194021	-0.741552	0.642227
0.224289	-0.387375	0.894223
-0.369573	-0.448737	0.813665
0.005111	0.210659	0.977546
0.25904	0.00249866	0.965863
0.16126	-0.0486096	0.985714
-0.153496	0.728934	0.667154
-0.372682	-0.0797528	0.924526
-0.497122	0.207507	0.842502
-0.114717	-0.517862	0.847738
-0.0560018	0.119772	0.991221
0.283001	0.324705	0.902484
0.250887	0.324479	0.912014
-0.124803	-0.132317	0.983319
-0.133455	-0.472448	0.871196
-0.451823	0.30173	0.839533
-0.529117	0.034962	0.847829
0.00665655	0.0244914	0.999678
0.259847	-0.615393	0.744158
-0.0180273	-0.594108	0.804184
-0.122218	0.074568	0.989698
-0.0873059	-0.480615	0.872575
-0.0189247	-0.954958	0.296138
-0.471101	-0.215747	0.855287
-0.377697	-0.428819	0.820646
-0.801866	-0.232494	0.550415
-0.278592	-0.0522098	0.958989
0.190136	0.251606	0.948969
-0.500847	0.706034	0.500667
-0.184484	-0.510669	0.839751
-0.551118	0.539134	0.63687
-0.201141	0.100721	0.97437
-0.521012	0.365854	0.771166
-0.492366	-0.232531	0.838752
-0.149902	-0.712079	0.685911
-0.85024	-0.178932	0.495051
-0.0397758	-0.907348	0.418493
-0.281087	-0.223856	0.933209
-0.649579	0.157148	0.743877
0.380694	-0.185121	0.905981
-0.164833	0.432605	0.886388
0.0902519	-0.858488	0.504829
-0.600239	0.0671728	0.796995
-0.271688	-0.0114967	0.962317
0.0946377	0.323796	0.941382
0.134899	-0.956769	0.257673
-0.274009	-0.0873011	0.957757
0.126905	0.0558044	0.990344
-0.00188193	0.0704452	0.997514
0.270237	0.607276	0.747119
0.114303	0.657541	0.744698
0.42499	-0.0737279	0.90219
-0.42576	-0.160397	0.890506
0.533669	0.610842	0.584867
-0.302916	0.215783	0.928267
-0.598096	0.246529	0.762565
-0.275356	-0.0670611	0.959
-0.316755	0.108539	0.942277
-0.338469	0.149865	0.928967
0.202106	0.242351	0.948904
0.375215	0.853806	0.360872
-0.918909	0.0578589	0.390203
0.240805	0.562428	0.791004
0.665164	-0.364637	0.651611
-0.5339	0.141148	0.833683
-0.361014	-0.381454	0.850977
0.247205	-0.541613	0.803458
0.207676	0.491451	0.845782
0.715914	0.148821	0.682143
-0.553122	0.210533	0.80606
-0.167721	-0.166114	0.971739
-0.383326	-0.155186	0.910483
-0.313134	-0.629531	0.711082
0.701367	0.160082	0.694592
-0.279857	0.211102	0.936545
0.595702	-0.181435	0.782445
-0.310632	0.948876	0.0560492
-0.364068	-0.83818	0.406091
-0.716578	-0.236572	0.656163
-0.293827	0.231035	0.927517
-0.510761	-0.318949	0.79837
-0.291098	-0.19554	0.936497
-0.67596	0.051481	0.735138
0.501208	-0.287339	0.816228
0.139115	-0.125534	0.982287
-0.0500257	0.333062	0.941577
0.440328	0.539106	0.717967
-0.149912	0.722493	0.67493
0.278747	0.359702	0.890458
-0.668472	-0.539836	0.511588
-0.820569	-0.350011	0.45184
0.00736838	-0.205757	0.978575
-0.370808	-0.703751	0.606001
0.509814	-0.281511	0.812921
0.0289018	0.0609736	0.997721
-0.712514	-0.289856	0.638989
-0.422528	-0.563501	0.709886
-0.68614	0.194973	0.700854
-0.304344	0.379254	0.873809
-0.100771	-0.0781199	0.991838
-0.00568482	0.126384	0.991965
-0.12145	-0.365177	0.922982
-0.0749257	0.624795	0.777186
-0.347763	-0.53061	0.77299
-0.0581879	-0.432929	0.899548
-0.463964	0.238921	0.853027
0.37086	-0.402908	0.836736
0.0293358	0.0325801	0.999039
-0.651138	-0.570992	0.499987
-0.454464	-0.227857	0.86113
0.0552874	-0.122163	0.990969
0.346263	-0.195028	0.917641
0.657888	-0.0910081	0.747597
-0.0599438	0.24857	0.966757
-0.547151	0.662235	0.511929
-0.0554244	0.200291	0.978167
-0.602889	-0.128314	0.787439
0.732707	0.0311317	0.679832
0.191222	0.0619052	0.979593
-0.534483	0.0307223	0.844621
0.204344	-0.0863796	0.975081
-0.252982	0.476934	0.841745
-0.0611414	0.247901	0.966854
-0.227328	-0.372897	0.899594
0.566757	-0.131183	0.813374
0.284147	-0.197017	0.93832
-0.543229	-0.0542154	0.837832
0.579033	-0.000219892	0.815304
-0.644062	-0.616196	0.453306
0.408731	-0.711732	0.571294
0.810485	-0.496447	0.310893
-0.53529	-0.301785	0.788917
0.273109	-0.392728	0.878166
-0.407798	-0.831485	0.377271
-0.418014	-0.427018	0.801823
-0.723317	0.0882912	0.684848
-0.553867	-0.135521	0.821502
0.431272	-0.666169	0.608461
-0.642451	0.496882	0.583408
0.470384	-0.136349	0.871865
-0.227685	0.372509	0.899664
-0.382026	-0.541358	0.748991
0.64869	0.180062	0.739445
0.150959	0.708256	0.689627
-0.921521	0.0606725	0.38356
-0.184922	-0.767413	0.613907
0.372762	-0.476104	0.796476
-0.374736	0.394983	0.838786
-0.175295	0.814813	0.552586
0.386437	-0.0839446	0.918488
0.478788	-0.18278	0.858693
-0.105165	0.309759	0.944981
0.571746	-0.471507	0.671407
-0.601478	0.255364	0.756976
0.503565	-0.281779	0.816715
0.407627	0.282724	0.868278
0.0459171	-0.040858	0.998109
-0.450875	-0.565245	0.690804
0.0560086	-0.232598	0.970959
0.179411	-0.49175	0.852053
-0.113463	-0.965641	0.233802
-0.844033	-0.0526651	0.5337
0.664214	0.253456	0.703263
0.0263529	0.214953	0.976269
-0.599537	-0.70448	0.379822
-0.257015	-0.462077	0.84878
-0.421313	-0.804976	0.417744
0.70651	0.239644	0.665894
0.238891	-0.311534	0.919716
0.114807	-0.810236	0.57475
0.00683159	-0.185949	0.982536
0.276176	-0.384322	0.880922
0.125692	0.498297	0.857847
0.268592	-0.725706	0.63341
-0.0807538	-0.0228821	0.996471
-0.564471	-0.0207896	0.825191
0.0471653	-0.16791	0.984673
0.758667	0.262493	0.596257
-0.729704	0.251485	0.635836
-0.183322	0.0431429	0.982106
-0.34521	-0.864115	0.366245
-0.381324	-0.221881	0.897419
0.105272	0.0492199	0.993225
0.154763	-0.371502	0.915443
-0.412489	-0.0827522	0.907196
-0.492261	0.183558	0.850874
-0.221248	-0.415208	0.882412
0.166056	0.0216604	0.985878
-0.0943728	0.604446	0.791036
0.261114	0.265814	0.927988
-0.627811	0.374824	0.682173
-0.00526808	-0.569088	0.82226
-0.353959	-0.756662	0.549706
0.662154	0.135661	0.736986
0.0228281	-0.177985	0.983768
0.862302	0.0140963	0.506198
-0.659046	0.0189485	0.751864
-0.544722	-0.523972	0.654776
-0.657772	-0.216203	0.721521
-0.190786	-0.026235	0.981281
-0.496057	0.59181	0.635365
-0.798535	0.0576984	0.599176
0.195764	-0.152604	0.968705
-0.487288	-0.623074	0.611824
0.233182	-0.417435	0.878279
-0.535885	0.758642	0.370527
0.515707	-0.411134	0.751675
-0.440464	0.488507	0.753228
-0.265448	0.211147	0.94072
-0.318065	-0.854509	0.41067
0.501991	0.275482	0.819826
0.00367538	0.628903	0.777475
0.109591	0.259237	0.959576
0.449288	-0.56745	0.69003
-0.246588	-0.268593	0.931156
-0.305441	0.480543	0.822061
0.563826	0.0505374	0.824346
0.0702716	-0.226468	0.97148
-0.0339877	0.72483	0.688089
-0.0368035	0.105039	0.993787
0.00535206	0.46552	0.885021
0.150096	-0.138486	0.978924
-0.33929	0.116809	0.933401
0.548916	-0.433225	0.714847
0.394854	-0.732782	0.554184
-0.219904	-0.631481	0.743555
0.00491059	-0.330143	0.943918
-0.426532	0.406464	0.807996
-0.839346	-0.472875	0.268119
-0.442699	0.759687	0.476333
-0.259	0.069598	0.963367
-0.30721	-0.128592	0.942914
0.214241	-0.42979	0.877144
-0.176423	-0.0464958	0.983216
-0.0495045	0.160835	0.985739
-0.265873	-0.347213	0.899308
-0.624084	-0.0836888	0.776862
-0.0380247	0.0697034	0.996843
-0.115184	-0.554533	0.824151
-0.714916	-0.338292	0.611926
-0.563253	0.109338	0.819019
0.182897	0.295721	0.937602
-0.0142564	-0.0520142	0.998545
-0.0178915	-0.336298	0.941586
-0.529089	0.263823	0.806513
-0.453884	0.159789	0.876617
-0.820616	-0.0659769	0.567658
-0.264088	0.0635006	0.962406
0.0500077	-0.0108024	0.99869
0.543799	-0.434749	0.717827
-0.0752259	0.131734	0.988427
-0.351548	0.295042	0.888462
-0.156798	0.40948	0.898744
0.126994	0.0937279	0.987465
-0.133758	-0.164677	0.977236
0.124245	-0.0313868	0.991755
-0.567178	-0.357029	0.742185
-0.0978557	-0.0819202	0.991823
-0.524738	0.60288	0.600987
0.478576	-0.300984	0.824848
-0.168602	0.577772	0.798594
0.721554	-0.117808	0.682261
-0.310241	-0.350465	0.8837
0.0531987	-0.723035	0.68876
-0.647187	0.266602	0.714193
0.156465	0.0555095	0.986122
0.941185	0.0680227	0.330973
-0.311897	0.571793	0.758797
0.45024	0.280779	0.847613
0.118273	-0.452437	0.883919
-0.303598	0.102925	0.947225
0.240423	-0.618248	0.748309
0.247008	0.142305	0.958507
0.428888	0.247361	0.868831
-0.611299	-0.00909955	0.791347
-0.250067	-0.345719	0.904403
0.101226	-0.0134157	0.994773
-0.081879	0.953727	0.289309
-0.716027	-0.0537159	0.696003
-0.625407	-0.244581	0.740977
0.397663	0.0673205	0.915059
-0.406169	-0.133406	0.904007
0.0150152	0.152191	0.988237
0.0273714	0.790446	0.61192
-0.548195	-0.472921	0.689803
0.0792284	-0.260816	0.962132
-0.158484	-0.559154	0.813775
0.381785	0.154002	0.911331
-0.587978	0.701952	0.401926
-0.42405	-0.405527	0.809771
0.0421331	-0.0752673	0.996273
-0.622653	0.330499	0.709277
-0.169362	0.558653	0.811925
-0.468996	-0.150197	0.870335
0.432833	0.0691393	0.898819
0.10335	-0.456749	0.883572
-0.258166	0.177235	0.949704
-0.0622543	-0.106123	0.992402
-0.240362	-0.381577	0.892539
-0.239459	-0.711258	0.660887
0.339523	-0.665128	0.665078
-0.346608	0.393951	0.851273
0.169364	-0.0898955	0.981445
-0.708669	-0.138477	0.691818
0.375746	0.118746	0.919083
-0.630301	0.120136	0.766999
0.152445	-0.115835	0.9815
0.0899959	-0.41643	0.904702
0.339626	-0.457539	0.821774
0.370172	0.0038849	0.928955
0.494384	0.208521	0.843862
-0.0352746	0.0377727	0.998664
-0.646366	0.224598	0.729223
0.0568063	-0.00667203	0.998363
-0.639647	-0.353501	0.68256
-0.328026	-0.787892	0.521176
0.550319	0.0478153	0.833584
-0.440565	0.479104	0.759185
-0.068405	0.0618437	0.995739
-0.0135965	0.12858	0.991606
-0.0226431	-0.2744	0.961349
0.763582	-0.225031	0.60523
-0.101374	-0.0619002	0.992921
0.356835	0.146793	0.922562
0.136489	0.132002	0.981808
-0.431146	-0.578387	0.692518
0.072926	0.341988	0.93687
-0.367963	0.100828	0.924357
0.763716	0.606785	0.22034
-0.0448132	-0.0119403	0.998924
-0.162207	0.60982	0.775763
0.551418	0.344175	0.759922
0.459297	-0.0725373	0.885316
-0.533721	-0.169907	0.828416
-0.034515	0.629857	0.775944
0.30595	0.628947	0.714717
-0.52689	-0.380192	0.760159
0.326834	0.170773	0.929525
-0.174378	0.230424	0.957339
0.588858	0.605667	0.535175
0.154765	0.0276611	0.987564
0.138363	0.173238	0.975112
0.00764954	0.753932	0.656908
-0.393779	-0.322029	0.86095
0.124427	-0.538929	0.83311
-0.174566	-0.802325	0.57079
0.519697	0.744159	0.419693
-0.338971	0.665096	0.665392
0.474529	-0.0433205	0.879173
-0.172833	0.169751	0.970213
0.145325	0.135992	0.979993
0.398277	-0.0291184	0.916803
-0.980902	-0.136841	-0.138223
-0.0827151	-0.839003	0.537804
-0.329199	0.326874	0.885879
-0.639011	0.498065	0.58617
-0.394153	0.570249	0.720735
0.178343	-0.522984	0.833476
-0.596774	0.400776	0.695154
-0.394331	-0.211212	0.894367
0.125827	0.53012	0.838534
-0.33904	-0.121584	0.932882
-0.000839352	-0.386445	0.922312
0.412008	-0.661196	0.626953
0.513603	0.438088	0.737761
0.365203	0.507761	0.78026
-0.422158	-0.0243409	0.906196
0.130259	0.142226	0.981226
-0.714325	0.543446	0.440916
-0.15112	0.23435	0.960335
-0.226091	-0.662541	0.714088
0.135247	-0.158136	0.978111
0.484459	-0.0026711	0.87481
-0.572901	-0.221865	0.789025
0.460495	-0.208194	0.862902
-0.162697	0.494545	0.853789
-0.620415	-0.296537	0.726051
-0.154455	0.272042	0.949809
-0.119535	-0.0928657	0.988477
-0.190003	0.426724	0.884197
-0.460046	-0.521	0.718969
0.104368	-0.0205741	0.994326
-0.403536	-0.125316	0.906341
-0.367438	0.918902	0.143557
-0.657976	-0.752462	-0.0294796
-0.269546	0.0254707	0.962651
-0.17463	0.454905	0.87325
0.0112674	-0.939852	0.341397
-0.339308	0.174101	0.924424
-0.420061	-0.184596	0.888523
-0.241605	0.495878	0.834105
-0.0224802	0.391898	0.919734
0.504286	-0.356477	0.786524
0.177464	0.602175	0.77839
0.693904	0.267356	0.668594
0.0927192	-0.358523	0.928905
-0.0975542	0.142977	0.984906
-0.330125	-0.0468391	0.942774
0.00483552	0.727899	0.685667
-0.193229	-0.173771	0.965643
0.0642418	0.317999	0.945912
-0.671094	-0.441899	0.59528
-0.137828	0.128868	0.982037
-0.0790162	0.52996	0.844334
-0.360082	-0.44142	0.821882
0.307943	0.181818	0.93387
-0.564553	0.00944374	0.825343
0.759463	0.0480305	0.648776
-0.570996	-0.258749	0.77911
-0.139368	0.139851	0.980315
-0.287632	-0.541881	0.789704
0.193282	0.945279	0.262849
-0.61354	0.713278	0.338826
0.145527	-0.541885	0.827758
0.00768765	0.0726848	0.997325
0.174979	0.391784	0.903265
0.838733	0.144018	0.525153
0.221361	0.45517	0.86245
-0.121968	-0.747936	0.652469
-0.264353	-0.264016	0.927585
0.475053	0.139301	0.868862
0.668559	-0.235381	0.705425
0.0567768	-0.358839	0.931671
-0.00687056	0.321124	0.947012
0.270829	0.16602	0.948203
0.014074	-0.15285	0.988149
0.707246	0.0127242	0.706853
-0.390475	0.346688	0.85284
0.551812	0.255126	0.793987
0.125748	-0.357363	0.925462
0.127137	0.0523668	0.990502
0.0741072	0.363948	0.928467
-0.276411	-0.303921	0.911718
-0.129796	0.477503	0.86899
0.239334	0.668868	0.703801
-0.0632114	0.142229	0.987813
0.240411	0.650935	0.72006
-0.0858898	-0.429756	0.898851
-0.242866	0.0323032	0.969522
0.078509	0.644129	0.760877
-0.444599	-0.164604	0.880476
-0.276869	0.214287	0.936709
0.354103	-0.0642927	0.932994
0.259298	0.10917	0.959608
0.0632948	0.0974998	0.993221
-0.472091	-0.0578661	0.879649
-0.24196	-0.46036	0.854122
-0.116471	0.663117	0.739399
-0.255417	-0.290926	0.922022
0.379136	0.450279	0.808397
0.216205	-0.104397	0.970751
0.0283112	0.115688	0.992882
-0.275927	-0.0522646	0.959757
-0.326772	-0.221763	0.918717
0.0348431	-0.258566	0.965365
-0.462459	0.718918	0.518931
-0.359253	-0.549796	0.754097
-0.0390565	0.29105	0.95591
0.471446	0.300043	0.829285
-0.479634	0.467743	0.742407
-0.325402	0.114683	0.938595
-0.481043	-0.181453	0.857713
-0.675977	-0.0637417	0.734161
0.0992022	0.356191	0.929132
0.578372	0.528275	0.62162
0.109157	-0.312093	0.94376
-0.181798	0.118539	0.976165
0.225826	0.51239	0.828528
-0.0711361	-0.455009	0.887641
-0.262049	-0.210447	0.941829
-0.276583	0.184268	0.943158
0.680264	0.371737	0.631706
-0.625409	-0.471058	0.622068
0.408625	0.612516	0.676646
-0.254306	0.361513	0.897016
-0.0985216	-0.247441	0.963881
0.453328	0.489131	0.745148
-0.216231	0.247184	0.944534
-0.276062	0.209342	0.938065
-0.0973722	0.346863	0.932848
0.858904	-0.123454	0.497035
-0.339052	0.470765	0.814508
-0.497668	0.023808	0.867041
-0.339334	0.501843	0.795616
0.461936	0.652752	0.600442
-0.260089	-0.595816	0.75984
0.521038	0.0622675	0.851259
0.276855	-0.0604451	0.959009
0.000293572	-0.161079	0.986942
-0.0582502	0.576012	0.815363
-0.291655	0.377116	0.879046
0.260877	0.183938	0.947687
0.380373	-0.30983	0.871391
0.668283	0.330865	0.666278
-0.637266	0.382917	0.66878
0.782903	-0.0156016	0.621949
-0.58752	0.215023	0.780119
0.0115043	-0.0407807	0.999102
0.074253	-0.179386	0.980973
0.228479	0.372904	0.8993
0.543355	-0.159322	0.824246
0.0453438	0.714011	0.698665
0.532184	0.406522	0.742644
-0.86292	0.122933	0.490159
0.779925	-0.0639961	0.622592
-0.307344	0.103448	0.945959
-0.589145	0.384773	0.710533
0.121086	0.517521	0.84706
-0.344453	-0.0479712	0.937577
-0.0891131	-0.110757	0.989844
0.195782	-0.104786	0.975033
0.491629	-0.403407	0.771728
-0.17214	-0.235643	0.956473
-0.00178009	-0.244084	0.969752
-0.112328	0.262287	0.95843
0.206051	0.369224	0.90621
0.105016	-0.594277	0.797375
0.257831	-0.189459	0.947433
-0.710971	0.0422451	0.701951
0.481419	0.216488	0.849334
-0.070197	-0.0659419	0.995351
-0.823207	0.461093	0.331246
-0.0234585	0.318396	0.947668
0.315523	-0.333444	0.888403
-0.570972	-0.0403649	0.819976
-0.254986	-0.0638951	0.964831
0.300567	0.576397	0.759886
0.0169061	0.535413	0.844421
-0.404169	0.245992	0.880985
0.469344	-0.0833296	0.879075
0.031519	-0.454047	0.89042
0.170933	-0.246967	0.953829
-0.16057	-0.299376	0.940527
-0.254059	0.506691	0.823844
0.845366	-0.308088	0.436392
0.400073	-0.761052	0.510629
0.232357	-0.867281	0.440266
-0.546717	0.47355	0.690544
0.711703	0.317815	0.626476
0.0339484	0.316112	0.948114
-0.279683	-0.591866	0.755957
0.650771	0.361192	0.66786
0.667581	-0.24148	0.704289
0.546673	0.0122402	0.837257
-0.317554	0.467277	0.825113
-0.168765	-0.418661	0.892323
0.0956037	0.0668736	0.993171
0.64137	-0.151158	0.752194
0.486441	0.302141	0.819809
0.586628	-0.210194	0.782104
0.104821	-0.0175004	0.994337
-0.0156037	0.28063	0.959689
-0.798654	-0.52368	0.2965
0.220802	0.17479	0.959529
0.349488	0.695912	0.627347
0.31436	0.0516231	0.947899
-0.688249	-0.546014	0.477683
-0.0686553	0.41408	0.907647
-0.308551	0.697092	0.647193
0.022458	0.14391	0.989336
0.678062	-0.160882	0.717181
-0.214998	0.0508258	0.975291
-0.12183	-0.491213	0.862477
0.249153	-0.0235177	0.968178
-0.349192	0.309787	0.884362
-0.0246223	0.297812	0.954307
-0.519062	0.267544	0.811785
0.283946	-0.0214988	0.958599
0.254132	0.157365	0.954282
-0.403547	-0.424574	0.810485
-0.311049	-0.198755	0.929379
-0.488716	0.297269	0.820236
-0.619155	0.0368821	0.784402
-0.153022	0.22475	0.962326
-0.287125	0.163994	0.943751
0.00777283	-0.318466	0.947902
0.143016	-0.239129	0.960398
0.150653	-0.0676653	0.986268
-0.0216735	-0.342076	0.939422
-0.813433	-0.181524	0.552608
-0.272445	0.167059	0.947557
-0.402098	-0.351985	0.845236
-0.0369154	-0.0721812	0.996708
-0.510136	-0.141627	0.848353
-0.410503	0.0193061	0.911655
0.398196	0.643642	0.653578
-0.0162904	-0.560064	0.828289
-0.238399	-0.109851	0.964935
-0.684522	-0.213577	0.697004
-0.461522	-0.362668	0.809611
0.267654	-0.181114	0.94634
-0.232086	0.251784	0.939543
-0.0062199	0.07761	0.996964
-0.0684156	-0.484063	0.872355
-0.0410136	0.472868	0.880178
0.120759	0.305453	0.944519
-0.0276833	0.519959	0.853743
0.19665	-0.228057	0.953582
-0.373499	0.585953	0.719137
-0.0574261	0.154834	0.98627
-0.725023	-0.172476	0.666779
-0.0871143	-0.0152749	0.996081
-0.722041	0.436622	0.536673
-0.181419	-0.516173	0.83705
-0.790356	-0.355644	0.498853
0.199958	-0.0511258	0.97847
-0.0502785	0.304006	0.951343
-0.146906	-0.340236	0.928794
0.269454	-0.270056	0.924372
-0.0573362	0.618247	0.78389
-0.227432	-0.067307	0.971465
-0.260013	-0.432348	0.863405
0.260348	0.241832	0.934739
0.628849	-0.442128	0.639587
-0.323693	0.107637	0.94002
0.28703	0.0261802	0.957564
0.503957	0.616513	0.604929
0.102428	-0.0509451	0.993435
0.0475317	-0.437236	0.89809
0.0181854	-0.137115	0.990388
0.692261	0.346027	0.633277
0.104515	0.0542197	0.993044
-0.128409	-0.25142	0.959322
-0.152345	0.326204	0.932942
0.260404	-0.0935492	0.960957
0.204969	-0.0715783	0.976148
-0.770183	-0.173666	0.613725
-0.505108	0.131437	0.852989
0.356774	-0.34529	0.868036
-0.508598	0.160424	0.845927
0.34855	0.251656	0.902874
-0.0996995	-0.356705	0.928882
-0.522429	0.247638	0.815931
-0.499892	-0.112053	0.858809
-0.64335	-0.510057	0.570914
-0.373716	0.244902	0.894628
-0.346606	-0.0125986	0.937926
-0.660786	0.395627	0.63784
-0.166224	-0.633949	0.7553
-0.0975876	-0.297143	0.949833
-0.629606	0.115506	0.76828
-0.486554	-0.67674	0.552528
-0.306691	0.213092	0.927649
-0.86099	0.0438602	0.506727
-0.270889	-0.74778	0.606172
-0.167568	-0.431441	0.886442
-0.610781	-0.442249	0.656782
-0.59026	0.22556	0.775058
-0.398357	-0.445057	0.80202
-0.164583	-0.58914	0.791092
0.527274	-0.308439	0.791737
-0.329117	0.0451557	0.943209
0.239593	0.166156	0.95655
0.0665484	0.302673	0.950768
-0.631945	-0.525711	0.569451
-0.284533	-0.568519	0.771898
-0.456283	-0.661901	0.594721
0.834941	-0.0559445	0.547489
-0.585039	-0.11777	0.802409
-0.399036	-0.0714431	0.914148
0.204399	0.0390358	0.978109
-0.103751	-0.385853	0.916708
-0.293626	-0.489989	0.820789
0.0135082	-0.478928	0.87775
-0.145075	0.0343036	0.988826
-0.730609	-0.359648	0.5804
-0.0973993	-0.227046	0.969001
0.14111	-0.0965659	0.985273
-0.765163	-0.367174	0.528875
-0.362637	-0.722653	0.588444
-0.134077	-0.072511	0.988314
0.494843	0.492507	0.715938
0.798838	-0.108199	0.591736
0.330354	-0.354236	0.874862
-0.0602099	-0.322219	0.944749
0.605286	0.00691718	0.795978
-0.452339	-0.048638	0.890519
0.236257	0.0615293	0.969741
0.404872	-0.307554	0.861098
0.28126	-0.00024263	0.959632
-0.145308	-0.492801	0.857923
0.0921932	-0.201455	0.975149
0.236013	-0.635033	0.735548
0.380495	-0.304109	0.873351
-0.310347	-0.166335	0.935958
-0.566659	0.0947646	0.818485
-0.4513	0.432955	0.780306
0.0320664	-0.0373485	0.998788
-0.0389266	0.342832	0.93859
-0.355443	-0.0836414	0.930948
-0.000375781	-0.471597	0.881814
0.379456	0.516868	0.767373
-0.339404	0.343152	0.875815
-0.395217	-0.16759	0.903171
-0.700919	-0.255196	0.666023
0.136534	-0.784814	0.604505
-0.261423	-0.490937	0.831047
-0.434935	0.0884101	0.896111
-0.457207	-0.4618	0.760068
-0.595188	0.19224	0.780254
-0.311062	-0.894968	0.319801
-0.563029	0.127206	0.816589
-0.0103999	0.0176642	0.99979
-0.727422	0.466569	0.503161
-0.449323	0.0605284	0.891316
-0.439283	-0.670582	0.597788
-0.579212	0.470275	0.665849
-0.966405	-0.195039	0.167398
0.0615697	0.182293	0.981315
0.0146866	0.117743	0.992936
0.280422	0.000573374	0.959877
0.538286	0.0578704	0.840773
-0.255809	-0.257043	0.931928
-0.24779	0.562936	0.788482
-0.345018	-0.350626	0.870646
-0.255942	-0.44627	0.857518
0.365491	-0.0332552	0.930221
-0.374738	0.0120178	0.927053
0.0461258	0.239996	0.969677
0.0491869	-0.120185	0.991532
0.321485	-0.113202	0.940124
-0.283635	0.40086	0.871127
-0.229775	-0.169984	0.958284
-0.235877	0.563775	0.79153
-0.39295	-0.251817	0.884408
-0.10463	-0.347549	0.931806
-0.090757	-0.409986	0.907565
-0.314358	0.065633	0.947033
0.14507	0.122415	0.981819
0.410194	0.108909	0.905472
-0.0565734	-0.0902744	0.994309
0.114992	-0.18462	0.976059
-0.983601	-0.0482038	0.173795
0.0979401	-0.181065	0.978582
-0.42759	0.00282384	0.903968
0.653142	-0.476558	0.588471
-0.512213	0.0721782	0.85582
0.0140894	-0.754329	0.656346
-0.260325	-0.264817	0.928495
-0.458952	0.317314	0.829864
0.263382	-0.098492	0.95965
-0.624202	-0.582319	0.520842
0.035883	0.039578	0.998572
0.0950168	0.109646	0.989419
0.705716	0.347887	0.617203
0.396132	-0.213125	0.893117
0.089179	-0.20514	0.974661
0.334721	0.243326	0.910359
-0.700358	-0.175608	0.691853
-0.766683	-0.239424	0.595713
0.327612	-0.0153001	0.944688
-0.028654	0.294336	0.955272
-0.0371921	-0.368019	0.929074
0.335877	0.0424847	0.940947
0.678764	0.483491	0.552735
-0.525989	-0.52156	0.671797
-0.136444	0.525269	0.839926
-0.0366453	0.396028	0.917507
0.358433	-0.150811	0.921293
0.314111	0.342885	0.885304
-0.475468	-0.0647184	0.877349
0.280039	0.133767	0.950623
0.107878	0.566402	0.817038
-0.642449	-0.3939	0.657344
0.0180075	-0.335475	0.941877
0.130751	-0.736299	0.663904
-0.626516	-0.238084	0.742155
0.030503	-0.360543	0.932244
0.52801	-0.349926	0.773794
-0.296593	0.555173	0.777056
-0.451895	0.485993	0.748065
-0.556413	-0.369803	0.744077
0.15708	-0.260216	0.952688
0.035864	-0.0502926	0.99809
0.164048	-0.782721	0.600363
0.122004	-0.147286	0.981541
-0.0706523	-0.495559	0.865696
-0.0503758	0.232756	0.97123
-0.721471	-0.344227	0.600823
0.213602	-0.330835	0.919197
0.332673	0.693572	0.638973
-0.620338	-0.226578	0.750895
-0.810903	-0.00776201	0.585129
-0.17919	-0.153356	0.971788
0.0986889	0.302279	0.948097
-0.205857	0.517321	0.830664
-0.691819	-0.594298	0.410117
-0.461039	0.400269	0.791977
-0.334406	-0.333158	0.881577
-0.172226	-0.235551	0.95648
0.315073	0.158038	0.935817
0.138547	0.690449	0.70999
0.0329376	0.0739479	0.996718
0.276859	-0.258739	0.925421
0.587437	-0.273763	0.761559
-0.0856847	-0.614257	0.78444
0.174957	0.5488	0.81744
-0.0632839	-0.11241	0.991645
0.420799	-0.396796	0.81577
-0.12127	-0.0334621	0.992055
0.485137	0.0480677	0.873116
-0.634831	-0.0970081	0.766537
-0.273263	-0.721209	0.636542
-0.384006	0.426563	0.818891
-0.478732	0.363493	0.79918
-0.11467	-0.326373	0.93826
-0.115831	0.00114303	0.993268
-0.0275355	0.476441	0.878775
-0.478851	-0.328862	0.813973
0.160007	-0.664444	0.730008
-0.0760858	0.527595	0.846082
0.523039	-0.455659	0.720282
0.0647928	-0.254811	0.964818
-0.178877	-0.202471	0.962813
-0.26931	-0.324682	0.906672
-0.379605	-0.352766	0.855252
0.475812	-0.63348	0.61017
-0.083218	0.531107	0.843208
-0.0244219	0.432067	0.901511
-0.504619	0.250772	0.82612
0.269999	-0.44071	0.856082
-0.300908	-0.486504	0.820225
0.138877	0.209589	0.967877
0.653471	-0.293081	0.697911
0.581022	0.746387	0.32453
0.0140739	0.00558717	0.999885
0.113321	-0.457898	0.881753
0.664001	-0.493823	0.561464
0.0174741	-0.419184	0.907733
-0.0616202	-0.318279	0.945992
-0.321056	-0.616643	0.718801
-0.0522187	0.651026	0.757257
-0.233096	0.235453	0.943519
-0.0940607	-0.295468	0.950711
0.152916	0.194905	0.968828
-0.446769	-0.450898	0.772715
-0.179201	0.22385	0.958007
-0.245712	0.146473	0.958213
-0.451121	-0.0359888	0.891737
0.133732	-0.602359	0.786943
0.0148941	0.750948	0.660193
0.075148	-0.100427	0.992102
-0.306363	0.497794	0.811383
0.393545	0.0876032	0.915122
0.146305	-0.368551	0.918022
0.0452134	0.562414	0.825618
-0.319985	0.0133994	0.947328
-0.280417	-0.30009	0.911763
-0.0457283	0.326398	0.944126
-0.222655	0.00324819	0.974892
-0.178513	0.0939755	0.97944
-0.199139	-0.648576	0.734637
0.614084	-0.104623	0.782275
-0.658205	-0.193021	0.727674
-0.0926994	0.673685	0.733182
0.0210498	-0.252753	0.967302
0.0356393	-0.394202	0.918333
-0.102863	0.0526718	0.9933
0.176343	-0.951268	0.252969
0.396912	-0.369825	0.840054
0.379535	-0.628084	0.679311
-0.0827016	0.519868	0.850234
0.454716	-0.0937618	0.885687
0.150491	-0.165852	0.9746
0.911199	-0.254862	0.323669
-0.00916161	0.389054	0.921169
-0.0892316	-0.0374616	0.995306
0.112712	0.0862312	0.989879
-0.228846	0.203415	0.951973
-0.136949	-0.589605	0.795996
-0.123628	-0.379702	0.916811
0.231678	-0.439576	0.867812
-0.715549	-0.311805	0.625114
0.228316	0.274162	0.934188
-0.579687	0.269075	0.76913
-0.667642	0.178605	0.722741
-0.177626	0.331173	0.9267
-0.544948	0.279446	0.790532
-0.162959	-0.0835341	0.98309
-0.721932	0.381833	0.577077
0.033533	0.521354	0.852681
-0.105735	-0.236484	0.965865
-0.00273647	-0.0326757	0.999462
-0.376672	0.240451	0.894596
0.607439	0.101598	0.787842
-0.084464	-0.0881743	0.992518
0.63439	0.112824	0.764736
-0.303649	-0.650256	0.696394
-0.453007	-0.339791	0.824213
0.206041	-0.581046	0.787358
0.394998	-0.505158	0.767328
-0.299643	-0.180278	0.936864
-0.572684	0.0149354	0.81964
0.233213	0.482855	0.844075
0.0797367	0.234946	0.968732
-0.30093	0.257048	0.91835
0.0262328	-0.321619	0.946506
0.32359	-0.530915	0.78321
0.123736	-0.179086	0.976021
-1.11378e-05	0.184557	0.982822
-0.0806257	0.41361	0.906877
0.196745	-0.0341	0.979862
-0.215541	-0.274175	0.937214
0.364272	-0.468679	0.804765
-0.0527459	-0.675458	0.735509
-0.307981	0.203566	0.929359
-0.268096	-0.167836	0.94866
0.116964	-0.0829781	0.989664
-0.346506	-0.00180115	0.938046
-0.564225	-0.117711	0.817186
0.643803	0.186044	0.742229
0.0179033	-0.264961	0.964093
-0.334864	-0.292048	0.895865
-0.0178255	0.602984	0.797554
-0.174088	-0.541941	0.822188
-0.171293	0.259618	0.950398
0.433871	0.0799759	0.897418
0.788158	0.393261	0.473447
-0.211003	0.216623	0.95318
0.674309	-0.258704	0.69165
0.183725	0.447259	0.875331
-0.0157921	0.71736	0.696523
-0.994159	0.0187479	0.106288
-0.560672	0.508707	0.653349
-0.141374	-0.192553	0.971049
-0.20824	-0.448528	0.869171
-0.575431	0.334528	0.746304
-0.411995	-0.0847099	0.90724
-0.277705	0.213281	0.936691
0.0824776	0.525613	0.846716
0.32317	0.254704	0.91142
0.0366075	-0.0367698	0.998653
-0.116126	0.342864	0.93218
-0.0520926	-0.22586	0.972766
0.0490622	-0.275685	0.959995
0.589626	0.277244	0.758602
-0.119939	-0.0808761	0.989481
-0.120601	0.0422111	0.991803
0.224277	-0.18859	0.956103
-0.148875	0.436841	0.887134
-0.963713	0.0168139	0.266409
0.386659	-0.187848	0.902889
0.510371	0.216212	0.83233
-0.129745	0.0922907	0.987243
0.445054	0.144236	0.883812
-0.294092	-0.660041	0.691271
0.211102	0.509334	0.834275
0.415977	0.0613641	0.907302
0.480667	0.295122	0.825749
-0.057759	-0.194089	0.979282
0.630094	0.110326	0.768641
-0.233209	0.434863	0.869774
0.191885	0.534073	0.823375
0.496812	0.202878	0.843812
-0.342214	0.265176	0.901428
-0.630696	0.502817	0.591099
0.342305	0.51746	0.78426
0.448119	-0.449475	0.772762
-0.0227647	0.135096	0.990571
0.128204	-0.292003	0.947786
-0.231326	-0.227189	0.945978
-0.809751	0.0374523	0.585577
-0.166488	-0.0145492	0.985936
0.357493	-0.153694	0.921182
-0.128162	-0.729368	0.672009
-0.14317	0.1663	0.975626
0.318476	-0.0638922	0.945775
0.0966717	-0.284974	0.953648
0.0656054	-0.566945	0.821139
-0.170033	0.337202	0.92595
-0.164808	-0.258767	0.951776
-0.139905	0.922755	0.359097
-0.188189	0.391012	0.900941
-0.265057	-0.249495	0.931395
0.137225	0.0159029	0.990412
-0.339301	0.0455629	0.939574
-0.641547	0.403777	0.652213
0.0826297	0.52073	0.849713
0.0973661	0.23159	0.967929
-0.286927	0.029004	0.957513
-0.0419274	0.73477	0.677019
0.316107	0.796628	0.515229
-0.212773	0.656873	0.723357
-0.15363	-0.112186	0.981739
-0.0354942	0.0654731	0.997223
0.0426705	-0.377208	0.925145
-0.0960629	-0.510793	0.85432
0.222068	0.310635	0.924225
-0.225494	0.366319	0.902753
-0.183567	0.615348	0.766583
0.583715	-0.426957	0.69064
-0.172504	-0.145673	0.974178
0.0861162	-0.0584823	0.994567
-0.262098	-0.110351	0.958711
-0.581258	0.49156	0.648466
0.223716	0.191304	0.955696
-0.100713	-0.41809	0.902805
-0.186192	-0.447577	0.874647
-0.0460822	0.190477	0.980609
-0.679638	0.353295	0.642865
0.263401	-0.262304	0.928341
-0.734646	0.340139	0.587027
0.0640096	-0.262742	0.962741
0.526012	-0.490205	0.69499
0.0515927	0.0788982	0.995547
-0.642489	-0.246288	0.725638
-0.249217	0.252554	0.934937
0.343551	-0.333228	0.878027
-0.179412	-0.659675	0.729822
-0.384842	0.132202	0.913465
-0.555441	0.547691	0.625715
0.263742	0.0210445	0.964364
-0.443398	0.309214	0.8413
-0.316323	0.335761	0.887245
0.184184	-0.0293702	0.982453
0.00121334	-0.0639838	0.99795
0.35713	-0.141872	0.923217
-0.715335	-0.135616	0.685495
0.120006	-0.0848159	0.989144
0.241745	-0.046196	0.969239
0.135397	0.525263	0.840099
-0.0272959	-0.876437	0.480742
-0.47018	0.611131	0.636749
-0.288827	-0.361656	0.886445
-0.735149	-0.364341	0.571674
-0.119934	-0.302106	0.9457
-0.0762191	-0.127574	0.988896
0.421714	0.209759	0.882133
-0.0921729	0.0915632	0.991524
0.104822	-0.479711	0.871143
-0.120957	-0.211998	0.969756
0.310052	-0.177924	0.933922
-0.614805	-0.554743	0.560602
-0.153241	-0.0498845	0.986929
-0.11347	-0.0402642	0.992725
-0.0852999	0.313604	0.945715
-0.00672631	-0.775099	0.631804
-0.529745	-0.0231016	0.847843
-0.0592221	-0.378706	0.92362
-0.286326	0.263393	0.921217
-0.00385486	0.0965426	0.995321
0.320829	0.165677	0.932534
-0.611704	0.313268	0.726417
-0.681831	0.000237125	0.73151
-0.306389	0.173416	0.935977
0.585583	-0.117992	0.801979
0.187656	-0.0277304	0.981843
-0.217337	-0.110599	0.969811
0.492935	0.145855	0.857754
-0.221148	0.319323	0.92148
-0.286917	-0.0511641	0.956588
-0.611482	-0.580944	0.53721
-0.581188	-0.265539	0.769226
0.235386	0.251295	0.938853
0.25976	-0.0839709	0.962015
0.571634	-0.289079	0.767898
-0.733608	0.0214625	0.679234
-0.0140431	0.0798478	0.996708
-0.354837	0.128269	0.926087
0.156221	0.059106	0.985952
-0.354867	0.754259	0.552415
0.235969	0.73382	0.637045
-0.343479	-0.389513	0.854577
-0.263815	0.0748981	0.961661
-0.81796	0.174363	0.548214
0.418752	-0.63294	0.651179
-0.0207288	-0.627266	0.778529
-0.42789	-0.194902	0.882567
0.115104	0.17429	0.977944
0.16052	-0.314187	0.935692
0.000243919	-0.604841	0.796346
-0.709046	0.352915	0.610495
0.265822	0.330455	0.905615
0.393823	-0.696157	0.600224
0.570696	-0.40747	0.712934
-0.383663	0.0853094	0.919524
-0.117131	0.136403	0.983704
0.143244	0.355198	0.923751
-0.0817993	-0.26658	0.960335
0.0833571	0.57999	0.810348
0.259281	0.274856	0.925866
0.0612807	0.237267	0.96951
-0.463875	-0.0509894	0.884432
-0.268392	-0.258975	0.927846
-0.125614	-0.0868931	0.988266
0.275466	-0.129569	0.952539
0.144328	0.225674	0.963452
-0.0184129	0.0300652	0.999378
0.0582209	0.242587	0.968381
0.405839	0.453454	0.79352
-0.452724	0.712499	0.536084
0.489813	0.434223	0.755998
0.0967362	0.951772	0.291156
-0.225991	-0.80634	0.546574
-0.179636	-0.0584978	0.981992
-0.270558	0.131279	0.953711
-0.484188	-0.146473	0.862617
-0.105916	0.285625	0.95247
0.471741	0.472814	0.74425
-0.644595	-0.501698	0.576885
-0.696036	0.461535	0.550017
-0.692919	-0.106277	0.713139
-0.785254	-0.343163	0.515379
-0.0420169	0.309186	0.950073
-0.281419	0.250389	0.926342
0.180895	-0.115375	0.976712
0.0131087	0.592652	0.805352
-0.409336	-0.521496	0.748656
-0.520691	-0.261773	0.812623
-0.283757	0.41948	0.862275
0.0892084	0.282813	0.955018
0.467433	-0.122848	0.875451
0.213087	0.829998	0.515459
-0.303979	-0.234471	0.923374
0.178485	0.0392705	0.983159
0.0852798	0.118881	0.989239
-0.385931	-0.294738	0.874178
-0.389248	0.573186	0.721071
-0.511201	0.37406	0.773791
-0.61959	0.320709	0.716418
0.568795	-0.3035	0.764434
0.189479	0.0617734	0.97994
-0.0903144	0.3045	0.948221
-0.501697	0.51365	0.696034
0.589071	-0.222448	0.776861
-0.133148	-0.189393	0.972832
0.114448	0.39338	0.912225
-0.344459	-0.413322	0.842919
-0.661719	-0.0811432	0.745348
0.186133	0.20417	0.961077
-0.209083	-0.0469576	0.97677
-0.303253	-0.20485	0.930631
-0.300283	-0.496428	0.814487
0.0367472	0.192891	0.980532
-0.0253083	0.0227428	0.999421
-0.216424	-0.465344	0.858263
-0.201701	-0.0408104	0.978597
-0.118765	-0.523364	0.843792
-0.0782223	-0.500702	0.862078
0.438443	0.197883	0.876704
-0.294107	0.0886193	0.951655
0.466954	-0.283674	0.837546
0.0738475	0.283712	0.956062
-0.0559723	0.239565	0.969266
0.19567	-0.102163	0.975334
-0.381742	-0.190377	0.90445
0.41974	-0.0351744	0.906963
0.387268	-0.179235	0.904377
0.0548369	-0.844121	0.533342
-0.0254954	-0.964158	0.264102
-0.077921	-0.55605	0.827488
0.434483	-0.493092	0.753714
-0.371717	0.127385	0.919565
0.357341	0.250948	0.899629
0.136156	0.168892	0.976185
-0.364259	-0.257584	0.894967
0.000644439	-0.225093	0.974337
0.216927	-0.393363	0.893425
0.0964323	-0.399724	0.911549
-0.100317	0.127237	0.986786
0.291309	0.516833	0.804999
0.388855	0.776571	0.495711
-0.635867	-0.680607	0.363934
0.594362	0.111253	0.796465
0.491806	-0.0524383	0.869124
-0.276385	-0.805546	0.524126
-0.17423	-0.257377	0.950474
0.110659	0.623509	0.773945
-0.129838	-0.0267328	0.991175
-0.532029	-0.823702	0.196114
-0.439195	-0.87844	0.188286
0.146113	0.281872	0.948261
-0.0236626	0.175793	0.984143
-0.513623	0.405139	0.756343
-0.297985	0.480661	0.824724
-0.538081	0.350192	0.766704
-0.414056	0.388629	0.823119
0.00689999	-0.344877	0.938622
-0.805919	-0.263923	0.529942
0.170927	0.285423	0.943037
-0.285365	0.503778	0.815337
0.0125058	0.0848878	0.996312
-0.45874	-0.143251	0.876947
-0.493192	-0.108558	0.86312
-0.365555	0.0749339	0.927768
0.158468	0.536636	0.8288
0.0725025	0.263912	0.961818
-0.124187	0.21851	0.9679
0.200698	-0.169055	0.964956
0.895732	-0.424256	-0.132932
0.029246	-0.352804	0.93524
0.429517	-0.217801	0.876401
-0.0627037	-0.496258	0.865908
-0.458903	0.477817	0.749065
-0.495262	-0.192233	0.847209
0.412179	-0.140025	0.900278
0.252364	-0.438021	0.862815
-0.0148569	-0.793803	0.607994
0.378392	-0.722474	0.578663
-0.2961	0.0382809	0.954389
0.145344	0.729636	0.668211
-0.166974	0.373344	0.912543
0.100666	-0.389418	0.915543
0.0587963	-0.403403	0.913131
-0.141373	-0.337527	0.930639
0.0120638	-0.326355	0.94517
0.0090065	0.229624	0.973238
-0.514085	-0.0813023	0.853877
-0.0348556	-0.423219	0.905357
0.789163	0.0372266	0.613054
0.603724	-0.60725	0.516493
-0.157366	-0.498547	0.852459
0.274143	-0.496167	0.823811
0.51163	-0.243859	0.823873
0.266906	-0.300505	0.915673
-0.123242	0.427747	0.895457
0.0605059	0.293274	0.954112
0.0329352	0.0499382	0.998209
-0.628905	-0.525646	0.572866
-0.252177	-0.375888	0.891692
0.638412	0.16894	0.750926
0.146322	-0.238631	0.960024
0.147196	-0.593026	0.791615
0.28259	0.177086	0.942753
-0.621129	0.554853	0.553477
0.4127	0.177536	0.893398
-0.784625	-0.153352	0.600705
-0.027703	-0.505047	0.862647
-0.257247	0.37237	0.89172
-0.122129	0.495456	0.860005
-0.458914	-0.0527404	0.886914
0.269569	0.179601	0.946085
-0.171397	-0.166998	0.970945
-0.119158	-0.197681	0.972997
-0.258801	-0.014813	0.965817
-0.29042	-0.469455	0.833827
0.0512503	-0.128011	0.990448
0.156069	-0.0963561	0.983035
-0.197755	-0.832874	0.516927
-0.201731	0.51044	0.835916
-0.081039	-0.69251	0.716842
0.581761	-0.0953376	0.807753
-0.42192	0.650558	0.631473
-0.218522	0.482987	0.847922
-0.364949	-0.24251	0.898889
-0.0432934	-0.505199	0.861916
-0.697575	-0.251972	0.670746
0.243169	-0.0141437	0.969881
-0.35625	-0.661172	0.660256
-0.0406575	0.42067	0.906302
-0.0897552	0.0958087	0.991345
-0.530998	-0.589901	0.608324
0.104639	-0.205939	0.972954
-0.252225	-0.0692092	0.96519
-0.56328	-0.29656	0.771212
-0.404742	0.281299	0.870089
0.000301592	0.670711	0.741719
-0.0626467	0.077783	0.995
0.23411	-0.187972	0.953865
-0.285851	0.150305	0.946413
-0.518388	0.39921	0.756244
0.0681476	-0.151894	0.986045
-0.764688	-0.152554	0.626083
-0.358794	-0.0206807	0.933188
-0.484412	6.99347e-05	0.87484
-0.162229	-0.252134	0.953997
0.397111	0.063208	0.915591
0.0378216	0.222434	0.974214
-0.00818942	-0.399865	0.916537
-0.0676846	-0.410273	0.909447
-0.219837	0.386699	0.89562
-0.376505	0.176945	0.909359
-0.239901	-0.206969	0.948479
-0.108827	-0.608191	0.786296
-0.457112	-0.176423	0.871736
0.331372	0.0985516	0.938339
0.52793	0.644365	0.553248
-0.166954	-0.303179	0.938195
0.102779	-0.0430102	0.993774
-0.367054	-0.133094	0.920629
-0.210036	0.258137	0.943
0.30115	-0.0414955	0.952674
-0.238944	0.281642	0.929292
-0.557487	0.240325	0.79464
0.236797	0.189094	0.95298
-0.42449	0.303546	0.853035
-0.820898	-0.0396334	0.569698
-0.237743	-0.0525125	0.969908
0.113496	-0.344754	0.931807
-0.542677	-0.412776	0.731518
-0.675817	0.0369725	0.736141
-0.596951	0.0877907	0.79746
-0.607255	-0.294956	0.737728
-0.797339	0.322674	0.510031
0.0821344	-0.0541183	0.995151
-0.265957	-0.235946	0.934664
-0.142921	0.586566	0.797191
-0.645423	-0.185659	0.740919
-0.142442	0.136672	0.980322
-0.20282	0.76687	0.608912
-0.474385	-0.186574	0.860319
-0.805093	0.119165	0.581055
-0.203416	-0.0392602	0.978305
-0.483644	-0.337759	0.80747
0.356713	0.390861	0.848518
0.0765489	-0.232784	0.969511
-0.411084	-0.433236	0.80207
-0.662675	-0.273355	0.697237
-0.325282	0.565604	0.757815
0.154613	0.0682978	0.985612
-0.691942	0.380083	0.613802
-0.605199	0.324299	0.727024
0.0939304	0.330183	0.939232
-0.077136	-0.520178	0.850567
-0.175587	0.253639	0.951229
0.39759	0.240695	0.885431
-0.086551	-0.899176	0.428942
-0.234612	-0.57041	0.78714
-0.0289125	0.271307	0.962059
0.30951	-0.0297498	0.950431
-0.462056	-0.786694	0.409411
-0.147803	0.113255	0.982511
0.0422484	-0.165418	0.985318
0.431807	0.172222	0.885371
-0.325505	0.393363	0.859833
0.0691298	0.187539	0.979822
-0.275548	-0.0299929	0.960819
-0.28175	-0.344109	0.89566
0.283796	-0.106131	0.952993
0.0296749	-0.155768	0.987348
0.209056	0.12258	0.97019
0.292184	-0.162236	0.942501
0.0147225	0.336821	0.941454
-0.362594	-0.143779	0.92079
-0.0133495	-0.484292	0.874804
-0.110492	-0.300628	0.947319
-0.7038	-0.185951	0.685629
0.0494394	0.245507	0.968133
-0.230034	0.512386	0.827372
0.479783	-0.27669	0.832617
0.11554	0.144907	0.982676
-0.582135	-0.32199	0.746619
-0.305037	-0.110621	0.945894
0.161024	-0.0099152	0.986901
-0.746171	0.377211	0.548581
-0.159131	-0.237612	0.958237
-0.192312	-0.232979	0.953277
0.157281	-0.233527	0.959546
-0.351586	-0.51895	0.779152
-0.200129	-0.500742	0.842144
-0.0506211	-0.344309	0.937491
0.196932	-0.0788434	0.977242
0.359169	0.10208	0.927673
0.350036	0.745866	0.566708
-0.539984	0.279994	0.793739
0.135864	0.680203	0.720323
0.358236	-0.519365	0.77584
0.553156	0.0977884	0.827318
-0.503664	-0.0687592	0.861159
0.20991	-0.219365	0.952794
0.442229	-0.535456	0.719528
-0.0659636	0.103841	0.992404
-0.0787025	0.373859	0.92414
-0.0984363	0.0981739	0.990289
0.520832	0.707219	0.478096
-0.0472785	-0.0463784	0.997804
0.228022	-0.0772308	0.970588
-0.448328	-0.213848	0.867912
0.230031	-0.00912524	0.973141
-0.493246	-0.350998	0.795932
-0.304905	-0.538749	0.785355
0.499996	0.437127	0.747612
-0.146795	0.482615	0.863443
-0.169592	0.364837	0.915496
-0.152417	0.15577	0.975964
0.154632	0.0160926	0.987841
-0.435461	-0.213857	0.874436
-0.526631	-0.0592793	0.848024
0.167754	0.405152	0.898727
0.297882	0.168325	0.939645
-0.286493	0.077846	0.954915
-0.0953686	-0.297336	0.949998
0.183003	-0.161848	0.969699
-0.634591	0.290236	0.71628
-0.469312	0.0432168	0.881974
-0.0108985	-0.300935	0.953582
-0.189119	0.501366	0.844314
0.0930827	0.0303474	0.995196
-0.357686	-0.119538	0.926159
0.214658	0.371611	0.903231
-0.493335	-0.622316	0.607736
-0.754166	-0.213399	0.621043
-0.630212	-0.223318	0.743614
-0.085563	-0.0840717	0.992779
-0.256234	-0.118122	0.95937
0.285718	0.611722	0.737673
-0.785701	-0.093169	0.61155
0.738111	0.421763	0.5266
-0.112506	0.252776	0.960961
-0.596289	0.207284	0.775547
-0.330725	0.42243	0.843904
-0.244396	0.366519	0.897738
0.0861916	-0.288486	0.953597
0.251953	0.176067	0.951588
-0.443255	0.263074	0.856923
-0.188612	-0.510016	0.839231
-0.0609123	-0.445225	0.893344
-0.214545	0.00274313	0.97671
-0.29569	-0.2382	0.92511
-0.593861	-0.0235484	0.804223
0.143471	-0.0878527	0.985747
-0.0208555	-0.610229	0.791951
-0.108078	0.419238	0.901421
-0.235375	-0.542649	0.806307
-0.0706124	0.302164	0.950637
0.0348977	0.181597	0.982754
0.433914	-0.162679	0.886146
0.691252	0.296847	0.658827
0.404604	0.825358	0.393802
-0.0203136	0.0658321	0.997624
-0.11938	0.0107322	0.992791
-0.0581418	-0.591726	0.80404
-0.831164	-0.388623	0.397667
-0.228226	-0.323811	0.918183
0.0743949	-0.20806	0.975283
0.184757	0.0356702	0.982137
-0.0389867	-0.4105	0.911027
-0.208519	0.667994	0.714355
-0.32965	-0.547305	0.769278
-0.367244	0.156767	0.916819
-0.0910913	0.453455	0.886612
-0.189712	-0.667735	0.719819
0.0820118	-0.214837	0.9732
0.305634	0.0890142	0.947979
-0.112067	0.38374	0.916616
-0.250918	-0.0159891	0.967876
-0.482845	-0.116005	0.867988
-0.513735	-0.78897	0.33705
-0.327909	-0.763201	0.556777
-0.0987153	0.125646	0.987152
-0.269351	0.0939745	0.958446
-0.166296	0.184176	0.968723
-0.546235	-0.385911	0.743438
0.50262	0.31376	0.805561
0.307991	0.886101	0.346361
-0.126402	-0.483863	0.865967
-0.228285	0.307412	0.923788
-0.100675	0.400319	0.910829
-0.471752	-0.567695	0.674665
0.322419	-0.463559	0.825324
-0.553524	0.0466025	0.831529
-0.126771	0.00478817	0.99192
0.417818	-0.27882	0.864689
-0.27045	0.326566	0.905655
0.555496	0.205243	0.805791
0.222851	-0.150558	0.963156
-0.0418499	-0.381192	0.923548
-0.536387	0.533363	0.654074
-0.0344168	0.187241	0.981711
-0.108086	0.353073	0.929331
0.130726	-0.340539	0.931098
-0.133087	-0.793895	0.593312
-0.363818	0.497278	0.787624
-0.0260518	-0.177007	0.983865
-0.127442	0.726103	0.675673
0.0680153	-0.541099	0.838204
0.409442	0.585041	0.70006
-0.403333	0.0355604	0.914362
-0.694377	-0.406724	0.593646
-0.317768	0.514944	0.796151
0.261117	0.0983484	0.960284
-0.176405	0.601528	0.779132
-0.2302	-0.0697465	0.970641
0.114987	0.43239	0.894325
-0.2948	-0.189667	0.936546
-0.202301	-0.254338	0.94572
-0.490596	-0.203138	0.847379
0.329399	-0.619246	0.712763
-0.251365	0.30149	0.919739
-0.374394	0.00256159	0.927266
0.383968	-0.114512	0.916218
-0.4473	-0.124756	0.88564
0.164702	0.00826119	0.986309
0.0303376	-0.693936	0.719397
-0.455499	-0.786314	0.41741
-0.616885	-0.468817	0.632189
-0.114225	-0.165811	0.97952
0.336156	0.0532194	0.940302
-0.232277	0.347768	0.908353
0.231199	-0.0560543	0.97129
-0.0312905	-0.168783	0.985156
-0.397421	-0.450846	0.799246
-0.0844666	0.471579	0.877769
0.10238	0.307131	0.946144
-0.299803	0.233977	0.924864
-0.649207	0.322987	0.688629
-0.536176	-0.00523797	0.84409
-0.199864	0.374937	0.90525
-0.118788	-0.223087	0.967534
-0.0989907	0.336947	0.936305
0.234768	0.152906	0.95995
-0.414713	-0.1915	0.889573
-0.369312	-0.284482	0.884691
-0.234134	0.0936375	0.967685
-0.12857	0.0496042	0.990459
-0.0118379	0.535816	0.844252
0.115247	0.576742	0.808756
-0.090572	-0.671695	0.73527
0.211815	-0.285187	0.934774
-0.0841257	-0.192504	0.977683
-0.480099	-0.412308	0.774278
-0.494312	-0.0464942	0.86804
-0.0829466	0.30228	0.949603
0.182177	0.469601	0.863879
-0.403988	0.341885	0.848474
0.414192	-0.652962	0.634103
-0.196452	0.627221	0.753658
-0.085081	-0.404604	0.910526
-0.294386	-0.464895	0.834991
0.533272	-0.126143	0.836486
-0.0153602	0.586811	0.809578
-0.151037	-0.620787	0.769293
0.241321	0.95132	0.191714
0.543373	-0.432777	0.719339
0.286058	0.210959	0.934702
-0.369977	-0.568374	0.734893
-0.372871	0.0852913	0.923955
0.120208	0.0270335	0.992381
-0.367118	-0.687517	0.626534
-0.237295	0.687014	0.686806
-0.112809	-0.372521	0.921142
0.0717213	0.471717	0.878828
0.0446649	0.602668	0.796741
-0.454316	0.102266	0.884951
-0.374667	-0.483625	0.791032
-0.211105	-0.254216	0.943827
-0.31926	0.134407	0.938087
-0.631503	-0.172369	0.755971
-0.158755	-0.150366	0.975801
0.177584	0.384338	0.905951
-0.365995	-0.181392	0.912767
0.078646	-0.121535	0.989467
-0.0624652	0.215074	0.974598
-0.236676	0.125576	0.963439
-0.096674	0.27568	0.956376
-0.0411768	-0.0922696	0.994882
0.00440423	-0.858961	0.512021
-0.236042	-0.162537	0.958053
-0.870976	0.105037	0.479967
-0.523333	0.137025	0.841039
0.151607	-0.572787	0.805562
-0.171464	-0.0725877	0.982513
-0.112839	0.231855	0.966184
0.0185642	-0.230425	0.972913
-0.549411	0.513921	0.658811
-0.683349	-0.199452	0.70232
-0.242348	-0.261335	0.934329
-0.0568191	-0.460568	0.885804
-0.150557	-0.119356	0.98137
-0.413784	-0.100926	0.904763
0.185	0.0437516	0.981764
0.18883	0.169463	0.967277
-0.505545	-0.143874	0.85072
0.00963556	-0.21505	0.976555
-0.394911	0.333012	0.856241
-0.382206	-0.569143	0.728007
-0.0990584	0.426893	0.898861
-0.406593	0.568995	0.714791
0.302256	0.870209	0.389072
0.80891	-0.146109	0.569487
-0.40763	-0.0948825	0.908204
0.0996479	-0.561471	0.821475
-0.0955823	-0.158764	0.982679
-0.0637091	0.311442	0.948127
-0.54744	0.0310478	0.836269
-0.173399	0.457372	0.872206
-0.0729867	-0.00609695	0.997314
0.476693	-0.0462488	0.877853
0.302002	-0.262894	0.916341
0.0630201	0.583999	0.809305
0.507777	-0.584041	0.633293
-0.213047	-0.399856	0.891474
-0.133086	0.0481127	0.989936
-0.434982	-0.208917	0.875868
-0.972558	0.00755369	0.232538
-0.667547	0.358767	0.652432
-0.116972	0.217145	0.969106
0.139817	-0.645827	0.750573
-0.225693	0.537116	0.812754
0.102677	-0.543842	0.832882
0.162536	0.388148	0.907151
-0.493242	0.48704	0.720767
0.278323	0.0915048	0.956119
0.162903	-0.841738	0.514723
-0.373917	0.0299213	0.926979
-0.526893	0.230792	0.817997
-0.0576919	-0.171127	0.983558
-0.574196	0.439734	0.690603
-0.0340055	0.692429	0.720684
-0.743718	0.25882	0.616357
0.0689127	0.785041	0.615599
0.403794	-0.25092	0.879766
-0.0951935	-0.0727699	0.992795
0.199447	0.377514	0.90427
-0.29869	-0.249989	0.921026
-0.109687	-0.0899305	0.989889
-0.644476	0.321489	0.693755
0.650835	-0.123759	0.749065
-0.0425302	-0.237339	0.970495
-0.681442	-0.369188	0.631932
-0.579225	-0.178278	0.795434
-0.17779	0.252338	0.951166
0.462497	0.750551	0.471985
-0.299087	0.110019	0.947862
0.00659421	-0.337028	0.941472
0.619284	-0.134372	0.773584
-0.0771444	-0.0311587	0.996533
-0.157782	-0.498908	0.852171
-0.376703	0.0958051	0.921366
-0.32304	0.31245	0.89332
0.0697836	0.629762	0.773647
-0.0679456	0.416878	0.906419
-0.00485511	0.940264	0.340412
-0.202637	0.0146518	0.979144
-0.613906	0.10989	0.781693
-0.303723	-0.477862	0.824257
-0.614693	-0.471223	0.632536
0.228433	0.48767	0.842613
-0.537739	-0.175223	0.824702
0.0141829	0.245578	0.969273
0.174215	0.306181	0.935897
0.0107243	0.0290051	0.999522
-0.302864	0.0565728	0.951353
-0.0852583	-0.844421	0.528851
-0.11199	-0.627599	0.77044
-0.213336	-0.0955056	0.9723
-0.549121	0.058429	0.833698
-0.164513	-0.443998	0.880796
0.0293014	0.135486	0.990346
-0.045472	-0.279948	0.958938
-0.266348	-0.276825	0.92327
0.418038	0.146029	0.896616
0.0104439	-0.0171677	0.999798
0.219082	-0.87731	0.427001
-0.419498	-0.369711	0.829057
-0.662899	-0.0141701	0.748575
0.821393	0.0729404	0.565679
-0.398432	0.0493489	0.915869
-0.404332	-0.221435	0.887402
0.431634	-0.190752	0.88165
-0.912723	-0.00358913	0.408563
0.215034	0.282873	0.934743
-0.234079	0.427425	0.873221
-0.823585	-0.456227	0.336994
-0.185796	0.320306	0.928916
0.000280745	-0.0800227	0.996793
0.44202	0.27538	0.853689
-0.638609	0.525535	0.562131
-0.438401	-0.0184015	0.898591
-0.292912	-0.337829	0.894469
-0.119208	0.563717	0.817321
-0.270964	-0.141617	0.952115
-0.258978	-0.530713	0.807016
0.1493	0.615043	0.77423
0.249688	-0.0524336	0.966906
-0.190539	0.202902	0.960482
0.121723	-0.330616	0.935883
-0.378317	0.901579	0.209838
-0.601448	-0.199599	0.773577
-0.0408265	-0.234179	0.971336
-0.213851	-0.298113	0.930267
0.353884	-0.181787	0.917453
-0.143646	-0.727806	0.67057
0.448272	-0.302974	0.840987
0.0680717	0.460478	0.885057
0.376676	0.431438	0.819742
-0.127569	-0.164671	0.978064
0.510434	0.594807	0.621017
-0.587496	-0.232659	0.77506
-0.259275	-0.333971	0.906223
0.331481	-0.0418846	0.942532
-0.160892	0.0563292	0.985363
-0.526826	0.294808	0.797209
-0.17586	0.0260307	0.984071
0.401057	-0.397735	0.825203
0.421304	0.0793566	0.903441
-0.318253	-0.512387	0.797606
0.345012	0.348817	0.871374
-0.150351	-0.439439	0.885601
0.0840909	0.301947	0.949609
-0.0875586	-0.361992	0.92806
0.0397954	0.461845	0.886067
0.218946	-0.0296137	0.975287
-0.0201393	-0.12129	0.992413
0.439699	-0.111361	0.891215
-0.0209594	0.137054	0.990342
0.0606328	-0.643499	0.763042
-0.644783	-0.474507	0.599247
0.446273	0.117922	0.887093
-0.508449	-0.177483	0.842603
-0.378726	0.241011	0.893577
0.00385757	-0.181479	0.983387
-0.757642	-0.0661835	0.649305
-0.155316	-0.185258	0.970338
-0.192829	0.980907	0.0252755
-0.302857	-0.232175	0.924323
-0.595926	0.306754	0.742141
-0.132951	-0.303964	0.943361
-0.0179465	0.00461008	0.999828
0.290585	0.308189	0.905859
-0.274058	0.0699426	0.959167
-0.703453	-0.303286	0.642784
0.423419	0.674073	0.605261
0.0580401	-0.0189719	0.998134
-0.264903	-0.0866057	0.960378
-0.12126	0.11532	0.985899
-0.0512717	0.278513	0.959063
-0.675601	-0.451524	0.582828
0.534885	-0.1043	0.838462
0.119921	-0.19605	0.973233
-0.787204	0.385487	0.481362
-0.601332	-0.339801	0.723142
0.293645	0.112779	0.949238
0.149606	0.458107	0.876217
-0.226571	-0.0597996	0.972157
-0.125201	0.182268	0.975245
0.209616	-0.0879933	0.973816
-0.141349	-0.446675	0.88346
-0.265185	-0.38018	0.886081
-0.478778	0.47627	0.737522
0.191314	0.263074	0.945617
-0.227264	-0.803372	0.550404
-0.22183	-0.310304	0.924393
0.192442	0.584146	0.788505
0.563408	-0.341965	0.752084
-0.269039	0.00807021	0.963095
-0.320454	-0.230905	0.91869
-0.102046	-0.0854245	0.991105
-0.663311	0.290088	0.689832
0.53079	-0.130495	0.837397
0.243674	-0.016701	0.969713
0.156446	-0.16634	0.973579
-0.0238918	0.315145	0.948743
0.142037	0.0819791	0.986461
-0.25779	-0.383677	0.886756
0.153804	-0.212998	0.964871
0.294351	-0.004965	0.955684
0.474137	-0.0114754	0.880376
0.194915	0.0859133	0.97705
-0.388659	-0.0492669	0.920064
-0.0377986	-0.628005	0.777291
-0.442498	0.0757285	0.893566
0.334891	-0.315494	0.887869
0.69467	-0.314432	0.646967
-0.317518	0.420283	0.850026
0.408998	0.104033	0.906586
0.240922	0.506185	0.82809
0.444214	0.627267	0.639695
-0.104269	-0.251084	0.962333
0.521288	-0.439812	0.731316
-0.142384	-0.751562	0.644113
-0.56984	0.168572	0.804279
0.164646	0.238782	0.957014
0.201314	-0.440516	0.874882
-0.795213	0.160131	0.584803
0.0172829	-0.160614	0.986866
0.335008	-0.230437	0.913602
-0.23995	0.361827	0.900836
0.0327804	0.256384	0.966019
0.0984844	0.327889	0.939569
-0.130994	-0.587826	0.798311
-0.527239	-0.0937334	0.844531
-0.294519	-0.136313	0.945874
0.18627	-0.270679	0.944477
-0.0355939	0.633752	0.772717
-0.22762	-0.208765	0.951108
0.374461	0.240479	0.895516
-0.0268014	-0.243689	0.969483
0.0567642	-0.8	0.597309
-0.509597	-0.377582	0.773138
0.0624252	0.726645	0.684171
0.252009	0.452406	0.855465
0.368442	0.430856	0.82378
-0.332979	0.0568254	0.94122
-0.0649265	0.380299	0.922582
0.459081	0.285255	0.841353
-0.315413	-0.645198	0.69587
-0.0868685	0.459384	0.88398
0.44597	-0.232087	0.864434
-0.124259	-0.327709	0.936572
-0.667319	-0.148247	0.729868
-0.197959	-0.121108	0.9727
-0.18123	0.0450823	0.982407
-0.355049	-0.0822181	0.931225
-0.115434	-0.028752	0.992899
0.0118712	0.0707795	0.997421
0.265241	0.555372	0.788168
0.513447	-0.172097	0.840687
-0.369988	0.713156	0.595414
-0.393896	-0.433117	0.810713
-0.213201	-0.52227	0.8257
-0.2407	-0.0411272	0.969728
-0.0301555	0.591862	0.805475
-0.0419174	-0.261411	0.964317
-0.154598	0.499557	0.852375
-0.0744536	-0.481051	0.873525
0.148053	-0.438847	0.886281
-0.0478115	0.256674	0.965315
-0.0897068	-0.381293	0.920091
-0.210925	-0.425343	0.88011
-0.263709	0.353451	0.897513
0.1278	0.0440069	0.990823
-0.302299	-0.346115	0.888155
-0.439971	-0.664734	0.603783
0.109506	0.403809	0.908266
-0.1916	-0.177981	0.965201
-0.448239	-0.13319	0.883936
-0.30495	0.0859968	0.948478
0.0610363	-0.0313244	0.997644
-0.310553	-0.35145	0.883199
0.409715	0.340909	0.846118
0.390152	-0.322136	0.86256
-0.422048	-0.465397	0.777998
0.305891	0.12805	0.943416
0.413409	0.543399	0.730623
-0.290614	0.327552	0.899029
-0.587119	0.410427	0.69774
0.48878	-0.0742464	0.869242
-0.0671574	-0.0628362	0.995762
0.326773	-0.441029	0.83589
-0.247683	0.0940039	0.96427
-0.0474057	-0.00947713	0.998831
0.241505	0.12268	0.962614
0.0125786	0.716733	0.697235
0.0858863	-0.0955984	0.991708
0.132464	-0.0348668	0.990574
-0.0830911	-0.220954	0.971738
0.388741	0.837764	0.383448
0.0544492	-0.0927143	0.994203
-0.42405	0.513729	0.745831
0.71117	0.116328	0.693329
-0.477997	-0.152402	0.865039
-0.562759	0.467816	0.681506
-0.125568	-0.52166	0.843862
0.693883	0.0133509	0.719964
-0.247299	0.296137	0.922576
0.176676	-0.719329	0.671827
-0.14036	0.0264351	0.989748
-0.8959	0.310514	0.317716
0.0335106	0.141057	0.989434
-0.12765	0.0863739	0.988051
-0.212215	-0.328387	0.920395
0.0197967	-0.0635793	0.99778
-0.106454	0.218309	0.970056
-0.410979	-0.254318	0.875454
-0.453646	0.102392	0.88528
-0.329425	-0.405813	0.852523
0.0713537	0.123091	0.989827
0.576311	-0.0292165	0.816708
-0.17667	0.378413	0.908621
0.697811	0.165702	0.696852
-0.493162	0.0549197	0.868202
-0.554082	0.0981243	0.826659
0.124862	-0.26074	0.957301
-0.515185	0.624216	0.587314
-0.0129418	-0.278286	0.960411
-0.00261131	0.034031	0.999417
0.099673	-0.308379	0.946027
-0.285593	-0.347318	0.8932
0.181445	0.0906524	0.979214
0.112677	-0.110934	0.98742
-0.329979	0.591013	0.736083
-0.457811	-0.393403	0.797272
0.431259	0.885088	0.17503
-0.180036	0.339825	0.923096
0.637301	-0.0955536	0.764668
0.0921696	0.747499	0.657838
0.0373415	-0.295962	0.95447
0.00913005	0.277624	0.960646
-0.575197	0.313395	0.7556
-0.323332	0.628522	0.707401
0.01745	-0.760131	0.649535
-0.691804	0.166975	0.702514
-0.0365423	-0.221882	0.974389
0.0412025	-0.0897963	0.995108
-0.366177	-0.405185	0.837699
-0.169176	-0.598792	0.782833
-0.595553	-0.385622	0.704707
0.0993946	-0.652283	0.75143
-0.453677	-0.444477	0.77241
-0.504246	-0.676136	0.537193
-0.222724	-0.374083	0.900253
-0.389958	-0.287269	0.874877
-0.204149	0.292565	0.9342
-0.00404968	0.10793	0.99415
0.224358	-0.0251914	0.974181
0.0120339	0.159717	0.98709
0.0877431	0.397605	0.913352
-0.169339	-0.131234	0.976781
-0.18428	-0.271694	0.944576
-0.615433	0.148162	0.774138
-0.481802	-0.236907	0.843648
0.0946776	0.404147	0.909781
0.0956837	0.224079	0.969862
-0.0917389	-0.465422	0.880322
0.0380243	0.554135	0.831558
0.44843	-0.484216	0.751295
-0.260877	-0.10006	0.960173
-0.538389	-0.291244	0.790768
-0.72718	0.172062	0.664533
-0.394889	-0.374359	0.838998
-0.288103	0.837366	0.464559
0.528457	0.0166893	0.848796
-0.149202	-0.133266	0.979785
-0.679576	0.0708626	0.730174
-0.177078	-0.178427	0.967888
0.283663	-0.479029	0.830703
-0.420232	0.14743	0.89536
-0.393505	0.0811292	0.915736
0.058396	0.0430177	0.997366
0.169026	0.287794	0.942658
-0.573238	-0.216238	0.790341
-0.13757	-0.446919	0.883933
0.172749	-0.249677	0.952795
-0.403127	-0.00803061	0.915109
-0.163703	-0.258565	0.952022
-0.406998	0.246356	0.879581
0.0540084	-0.165742	0.984689
0.0457045	-0.38839	0.920361
-0.412946	0.0576766	0.908927
0.595284	-0.014889	0.803377
0.301484	-0.763125	0.571619
-0.025026	-0.337791	0.940889
-0.213531	0.0285141	0.97652
-0.64166	0.141051	0.753907
-0.531538	0.357637	0.767831
-0.161829	0.142903	0.976417
-0.694182	-0.184653	0.695712
-0.0962739	-0.153111	0.983508
-0.079718	0.481658	0.872726
0.434519	0.832336	0.344108
0.106423	-0.244266	0.963851
-0.495563	0.63668	0.59081
0.244004	-0.0275713	0.969382
-0.141506	0.179538	0.973521
-0.981037	0.1426	0.131272
0.172705	0.320729	0.931293
0.0967447	-0.253835	0.962397
0.285804	-0.403868	0.869026
-0.198237	0.159349	0.967114
-0.319956	-0.664159	0.675663
0.275225	0.021707	0.961135
0.066822	0.0232695	0.997494
-0.19439	-0.676646	0.710185
-0.435696	0.333785	0.835916
-0.244199	0.211705	0.946334
-0.111314	0.333049	0.936316
-0.486224	0.0125165	0.873745
0.135646	-0.291869	0.946791
-0.190117	-0.0244762	0.981456
-0.644676	0.392935	0.65574
-0.717843	0.252941	0.648632
-0.556241	0.0508507	0.829464
0.548649	-0.446542	0.706813
-0.770544	-0.335598	0.541881
-0.0230148	0.281509	0.959283
0.0489703	-0.445061	0.89416
-0.130521	0.990411	0.0452785
-0.657768	-0.270238	0.703074
-0.681895	0.280501	0.675528
-0.251174	-0.269954	0.929536
-0.535463	0.209091	0.818267
-0.0553227	0.280147	0.958362
-0.0321342	-0.779558	0.625505
0.341347	0.277394	0.898073
0.0287397	0.0171232	0.99944
0.290705	0.308863	0.905591
-0.0208715	0.0391018	0.999017
-0.482306	-0.336451	0.808815
-0.475915	-0.196155	0.857338
-0.215696	-0.246575	0.944816
0.0813141	0.189811	0.978448
0.23307	-0.424684	0.874827
-0.49129	-0.489439	0.720474
0.520575	0.0579911	0.851845
-4.8452e-05	-0.564366	0.825525
0.141194	0.0127503	0.9899
-0.460794	0.607722	0.646794
-0.743888	0.233476	0.626194
-0.355442	-0.404637	0.842573
0.236541	0.104071	0.966032
0.108556	-0.127709	0.985853
-0.39786	0.241051	0.885213
-0.329168	-0.270816	0.904603
0.23837	-0.485322	0.841215
-0.547284	-0.270701	0.79196
0.201849	0.212128	0.956169
0.0753357	0.483132	0.872301
-0.169534	0.34721	0.922336
0.081579	0.297685	0.951172
0.0107788	-0.0738848	0.997209
-0.678932	-0.160693	0.7164
0.108514	-0.311951	0.943881
0.103151	-0.20338	0.973651
-0.375058	-0.252344	0.891995
0.515049	-0.284935	0.808416
-0.0390201	-0.558579	0.828533
0.600156	0.213091	0.770977
-0.109557	-0.102023	0.988731
-0.472016	0.106028	0.875191
-0.373662	-0.257051	0.891236
-0.744	-0.389124	0.543182
0.00180521	0.382317	0.924029
-0.259028	-0.09762	0.960924
-0.338345	0.811142	0.477043
-0.00989236	0.386738	0.922137
-0.160009	0.164242	0.973356
-0.354821	0.405726	0.842311
-0.532352	0.0817133	0.84257
-0.678038	-0.286946	0.676703
0.0496845	-0.179569	0.98249
-0.257796	0.897923	0.356757
-0.0806216	-0.60756	0.790171
-0.101129	0.633221	0.767335
-0.791123	0.256231	0.555401
-0.0864288	-0.0286821	0.995845
0.123536	-0.291109	0.94868
-0.0627607	0.0830573	0.994567
0.0511342	0.234423	0.970789
-0.273413	0.00741665	0.961868
-0.0312712	0.222765	0.97437
0.126535	-0.135828	0.982619
0.134138	0.135675	0.981631
0.202865	0.319547	0.9256
-0.197487	0.260369	0.945096
-0.699849	-0.061369	0.71165
-0.73652	-0.193854	0.648042
-0.245482	0.273778	0.929938
-0.240627	-0.785621	0.569999
0.376307	-0.32397	0.868007
-0.00702625	0.0671636	0.997717
0.718092	0.119778	0.685564
0.201325	-0.18466	0.961961
0.373001	-0.303294	0.87686
-0.564365	0.140341	0.813508
-0.818358	-0.285492	0.498783
0.123074	0.341125	0.931926
-0.561549	0.298672	0.771659
-0.310328	0.610006	0.729102
-0.595332	-0.115229	0.795174
-0.22685	0.492651	0.84014
-0.269086	0.287833	0.9191
-0.242157	0.313807	0.918088
-0.31506	0.161077	0.935303
0.125472	0.252218	0.959501
0.392775	-0.175474	0.902739
0.453969	0.0129985	0.890923
-0.00675742	-0.147979	0.988967
0.31113	-0.330836	0.890924
0.0142964	-0.413146	0.910552
-0.287413	-0.508845	0.811462
0.488376	0.0546795	0.870918
0.730918	0.0756938	0.678255
0.0741835	0.247434	0.966061
0.160819	-0.820728	0.548217
0.22279	0.118257	0.967667
-0.282455	0.219175	0.933907
-0.370608	-0.909327	0.18914
-0.260595	0.782042	0.566128
0.403844	0.173183	0.898286
0.180642	-0.304796	0.93513
0.190373	-0.959454	0.207861
0.422228	0.370534	0.827302
0.0212091	0.827578	0.560951
-0.633512	-0.4398	0.636583
0.209272	-0.243358	0.947092
-0.274231	-0.269859	0.923024
0.444136	-0.119414	0.887966
-0.175732	-0.379497	0.90835
0.213166	0.224749	0.950815
0.436598	-0.172332	0.882997
0.108152	0.0185268	0.993962
0.338584	0.152095	0.928563
-0.44215	0.199504	0.874472
0.18697	-0.0684734	0.979976
-0.477492	0.459772	0.74874
-0.201835	-0.629049	0.750706
-0.3417	0.0828225	0.936152
-0.503656	-0.104322	0.857583
0.565171	-0.180295	0.805031
0.0100705	0.888878	0.458033
-0.330747	-0.503047	0.798468
-0.800187	-0.242612	0.548489
0.615007	0.321335	0.720077
-0.339463	-0.187347	0.921773
-0.36402	0.176634	0.914489
0.668853	0.179974	0.72128
-0.0156361	0.476579	0.878993
-0.646042	-0.0822956	0.758852
0.0548918	0.284524	0.957096
0.379848	-0.0878377	0.920869
-0.298976	0.260382	0.918049
0.183279	0.0950529	0.978455
0.190817	-0.107462	0.975726
0.495627	-0.182801	0.849081
0.0224351	-0.767454	0.640711
-0.220905	0.551192	0.804605
-0.621729	0.315202	0.717009
-0.709278	0.447261	0.54487
0.145062	0.247968	0.957846
-0.412008	0.295419	0.861961
-0.572385	-0.223206	0.789021
-0.533119	-0.272767	0.800863
0.213321	0.0828128	0.973466
-0.376789	-0.31831	0.86989
0.231445	-0.651258	0.722701
0.660403	0.683601	0.310736
-0.27386	-0.666885	0.693012
0.112469	-0.567998	0.815309
0.469481	-0.757491	0.453645
0.644848	-0.542216	0.538676
-0.278689	0.797586	0.534967
-0.182427	-0.228365	0.956331
0.289779	0.31589	0.903461
0.109627	-0.121322	0.986541
-0.869179	0.171046	0.463974
-0.753445	0.158609	0.638093
0.38291	0.295513	0.875244
-0.851772	0.50985	0.120568
-0.319605	-0.458455	0.82926
-0.188171	-0.0570057	0.980481
0.102487	-0.16714	0.980592
-0.649481	-0.283623	0.705501
0.0693934	-0.215278	0.974084
0.730115	0.212612	0.649406
0.209493	0.447637	0.869329
-0.387722	-0.628507	0.674278
-0.311626	0.0506776	0.948852
-0.0755749	0.286054	0.955228
-0.920256	-0.238691	0.31009
-0.337036	-0.176926	0.924718
0.081601	0.215426	0.973105
0.572916	-0.0431781	0.818476
0.238624	0.134014	0.96182
-0.507521	-0.0971043	0.85615
0.170803	-0.586824	0.791495
-0.542629	-0.327487	0.773503
-0.078756	-0.357529	0.930575
0.325543	-0.570423	0.754082
0.472717	-0.141949	0.869706
-0.423502	-0.0461151	0.904721
0.232822	-0.528093	0.816647
0.00871676	0.0181097	0.999798
-0.435163	-0.38667	0.813092
-0.726652	0.0831323	0.681957
-0.394689	0.468644	0.790312
0.549303	0.691986	0.468424
0.559538	0.159008	0.813409
-0.383909	0.0946205	0.91851
-0.209881	0.267013	0.94056
-0.079223	-0.301994	0.950012
0.0131235	0.23564	0.971752
-0.253433	0.0310183	0.966855
0.0774652	0.158062	0.984386
0.281488	0.00429474	0.959555
-0.198342	0.794321	0.574208
0.0908805	0.184857	0.978554
-0.264298	0.114247	0.95765
0.612466	-0.463257	0.640529
0.390346	0.22907	0.891716
-0.0987874	0.551141	0.828544
0.634862	0.118205	0.76353
0.0378379	0.157094	0.986859
0.22407	0.381473	0.896812
-0.366189	-0.564179	0.740005
-0.577393	-0.314929	0.753284
0.415138	-0.187016	0.890329
0.326594	0.112746	0.938416
-0.635804	-0.185464	0.749237
-0.293351	-0.0490517	0.954746
-0.185057	-0.434921	0.881248
-0.17378	-0.185828	0.967093
0.000292583	0.482192	0.876066
0.00798756	-0.176271	0.984309
-0.0662908	-0.356383	0.931985
0.168803	0.345439	0.923134
0.0651165	-0.836986	0.543337
0.0301451	-0.327604	0.944334
0.139547	0.00574239	0.990199
-0.102251	0.249299	0.963013
0.00628405	0.290326	0.956907
0.0737765	-0.678415	0.730965
-0.218039	-0.137911	0.966147
0.0190174	-0.0976439	0.99504
0.0459816	0.285751	0.9572
0.233141	-0.0922918	0.968053
-0.336847	0.116439	0.934332
-0.0154505	0.221096	0.97513
-0.452105	-0.153372	0.87868
-0.405277	-0.290593	0.866779
-0.222934	0.0569078	0.973171
-0.346135	0.242264	0.906365
-0.538109	-0.197234	0.819474
-0.537191	0.134569	0.832657
0.525892	-0.22899	0.819147
-0.381458	-0.565166	0.731489
-0.67593	-0.0674178	0.733875
0.0157783	-0.293962	0.955687
-0.22753	-0.191609	0.954733
0.260701	-0.497611	0.827296
-0.0462576	0.159923	0.986045
-0.566236	0.00913312	0.824192
0.318484	-0.519093	0.793165
-0.510421	-0.205631	0.834977
-0.325974	0.070219	0.942767
0.291891	-0.409436	0.864385
-0.140079	-0.477968	0.867136
-0.292977	0.313156	0.903381
-0.268695	-0.0391851	0.962428
0.383649	-0.358974	0.850853
-0.648323	0.0705956	0.758085
-0.0125774	0.192834	0.981151
-0.181049	-0.0878126	0.979546
-0.364909	0.435449	0.822937
-0.842489	-0.166493	0.512341
0.111649	0.305358	0.945669
-0.251193	0.268348	0.929995
-0.624369	0.283522	0.727859
-0.302398	-0.788121	0.536117
-0.0505456	-0.452634	0.890263
-0.229014	-0.645925	0.72824
-0.791423	-0.277444	0.544678
-0.268212	0.316543	0.90987
-0.685213	0.0132016	0.728224
-0.202847	0.0976787	0.974326
-0.152213	-0.0882499	0.9844
-0.640098	-0.664155	0.38623
-0.122429	-0.0816239	0.989115
-0.224723	0.58892	0.77632
-0.0957525	0.204439	0.974185
-0.543883	-0.502955	0.671735
0.161648	-0.261429	0.951591
-0.605155	-0.589976	0.534524
-0.361336	-0.906752	0.217338
0.413394	0.265078	0.871113
0.252988	0.230766	0.939545
0.533944	0.114518	0.837729
-0.455518	0.302947	0.837094
0.410655	-0.282383	0.866961
-0.165931	0.552721	0.81668
0.154415	-0.29791	0.942022
-0.287267	-0.278366	0.91651
0.0701796	0.447719	0.891416
0.206358	0.0302243	0.97801
-0.225159	0.608738	0.760751
-0.0246495	-0.255994	0.966364
-0.0615056	0.5914	0.804029
0.0565361	-0.285132	0.956819
-0.0697975	0.412078	0.908471
0.0376486	-0.628974	0.776514
0.129392	0.214271	0.968166
0.0514008	-0.358275	0.9322
-0.202199	-0.336512	0.919715
-0.284601	0.176869	0.942189
-0.48882	0.281049	0.825873
-0.154657	-0.229291	0.960993
0.187213	-0.411323	0.892057
0.165388	-0.413198	0.895496
-0.532388	-0.015727	0.846354
0.269975	-0.0486997	0.961635
0.443809	0.225482	0.86729
-0.14355	0.0763868	0.986691
-0.0146148	-0.0712689	0.99735
-0.705887	-0.602948	0.371722
0.246457	-0.204701	0.947289
-0.299421	0.513561	0.804116
-0.112453	0.397291	0.910777
0.392548	0.0254773	0.919378
-0.0383139	0.367318	0.929306
0.509261	0.586329	0.629977
0.210686	-0.412837	0.886102
-0.580462	0.366786	0.727002
0.28328	-0.392115	0.875213
0.254781	-0.473835	0.842952
-0.294274	-0.45685	0.839459
-0.305077	0.338321	0.890206
0.000143302	0.41526	0.909703
-0.105563	0.482097	0.869735
-0.378298	0.0743045	0.922697
-0.570659	-0.46112	0.679497
-0.48813	-0.440629	0.753376
-0.602879	-0.185334	0.776008
-0.160258	-0.00149904	0.987074
0.186621	-0.16831	0.967907
-0.311423	-0.430993	0.846912
-0.834101	-0.339417	0.434823
0.712146	-0.41866	0.563535
0.251146	0.59188	0.765901
-0.0281939	0.0412983	0.998749
-0.193485	-0.426442	0.883578
-0.43096	0.171294	0.885964
0.491571	0.405007	0.770926
-0.615691	-0.099859	0.781635
-0.220169	0.28277	0.933577
-0.154522	-0.526738	0.835865
-0.253959	0.928374	0.271343
-0.12632	0.536506	0.834389
-0.32005	0.094795	0.942646
0.803481	-0.227141	0.550296
-0.350773	0.0945266	0.931677
-0.101588	-0.340992	0.934561
-0.267082	0.404544	0.874649
0.261194	0.537243	0.801965
-0.135017	0.0736909	0.988099
0.367761	-0.312879	0.875705
0.789865	0.0169438	0.613046
-0.333218	0.0633297	0.940721
0.453404	-0.595532	0.66315
0.448707	0.260029	0.855013
0.252863	0.238476	0.937651
0.201094	-0.335884	0.920186
-0.426692	-0.543322	0.723004
0.399291	0.0182054	0.916643
-0.375044	-0.163694	0.91244
0.563456	-0.350889	0.747926
-0.0705335	0.00830152	0.997475
0.0675868	0.674495	0.735179
0.317882	-0.169134	0.932923
-0.174156	0.0344068	0.984117
0.310366	0.388622	0.867551
-0.271925	0.514525	0.813217
0.33588	0.33617	0.879872
0.468578	-0.379059	0.797966
-0.426687	0.181065	0.886089
0.133096	0.147807	0.98002
0.238481	-0.0431476	0.970188
0.285575	-0.00646149	0.958335
0.146546	0.90576	0.397646
0.416788	-0.11194	0.902085
-0.212366	0.105077	0.971524
-0.15207	0.412792	0.898041
0.307161	0.11165	0.945085
-0.640891	-0.143607	0.754079
0.572266	0.147156	0.806757
-0.282285	-0.100416	0.954061
0.0343137	-0.038012	0.998688
-0.199017	0.237039	0.950897
0.0563928	-0.149576	0.987141
-0.301265	-0.122731	0.945609
0.437818	-0.558459	0.704584
0.0566012	-0.855102	0.515361
-0.499194	0.283675	0.818739
-0.286416	-0.425568	0.858404
0.0946196	0.26577	0.959382
0.0257404	-0.346499	0.937697
-0.0184878	-0.292866	0.955975
-0.0569801	-0.304198	0.950903
0.329045	-0.69826	0.635738
0.284354	-0.0321313	0.958181
-0.833332	0.0011126	0.552771
-0.570424	-0.175143	0.802459
-0.0108865	-0.61328	0.789791
-0.182229	0.12402	0.975403
0.367499	0.207636	0.906549
0.30911	0.260866	0.914549
-0.296527	0.577222	0.760846
0.558126	-0.0166483	0.829589
0.542083	-0.775424	0.323826
-0.521197	0.496467	0.694172
-0.158393	0.238821	0.958059
-0.150007	-0.672974	0.724296
0.287224	-0.0810632	0.954427
-0.647453	-0.282168	0.707945
0.120898	-0.00925373	0.992622
0.362346	0.0902365	0.927665
-0.304756	0.372897	0.876397
-0.100846	-0.0604253	0.993065
-0.0209405	0.405944	0.913658
-0.222093	-0.463524	0.8578
0.05149	-0.787562	0.614081
0.326186	-0.16917	0.930045
-0.632065	-0.251061	0.733119
-0.179873	0.318866	0.930575
0.250036	0.350772	0.902464
-0.0852994	0.157926	0.98376
0.306566	-0.867319	0.392141
0.547671	-0.242576	0.800758
0.109074	0.638512	0.761844
0.195826	-0.419084	0.886578
-0.0586072	-0.282038	0.957612
-0.486589	0.244924	0.838596
0.241919	0.406369	0.881101
-0.529393	-0.720563	0.447807
-0.238329	-0.267609	0.933587
-0.312808	-0.605084	0.732137
0.226636	0.0772336	0.970913
-0.29314	0.561409	0.773879
-0.519136	-0.0903453	0.849903
0.33556	-0.428398	0.838972
-0.203455	0.419715	0.88456
-0.355081	0.585915	0.728437
0.247438	-0.602041	0.759158
0.00489578	-0.0993696	0.995039
-0.0321683	0.393181	0.918898
-0.39641	-0.0448754	0.916976
-0.166556	0.288361	0.942925
-0.314215	-0.542556	0.779039
0.097553	0.508273	0.855653
0.167298	0.724213	0.668974
-0.0171391	0.226213	0.973927
0.269662	0.0923465	0.958517
-0.414691	-0.0159157	0.909823
0.29647	0.205827	0.932599
0.449084	0.352418	0.821051
-0.333291	0.271308	0.902945
0.251761	0.0411193	0.966916
-0.00225265	0.122348	0.992485
-0.0924529	-0.174341	0.980336
-0.20601	-0.3603	0.909804
-0.533344	-0.151874	0.832153
0.281795	-0.0939372	0.954865
0.336893	-0.125625	0.933124
0.373601	0.0820179	0.923956
-0.739011	-0.506698	0.443983
-0.0208464	0.328045	0.944432
0.423498	0.223758	0.877828
0.374838	-0.111392	0.920374
0.693706	-0.479747	0.537228
0.218797	0.291401	0.931243
0.804297	-0.293548	0.516659
-0.0501365	-0.420917	0.905713
-0.126897	-0.143274	0.981514
0.474163	-0.046855	0.87919
-0.0557067	-0.195449	0.979131
-0.133632	-0.489991	0.861424
-0.587764	-0.35508	0.726947
0.219605	0.574703	0.788346
-0.33467	-0.388453	0.858545
-0.515203	-0.27763	0.810856
-0.393165	0.303885	0.867799
0.240301	0.0503962	0.969389
0.231915	-0.272969	0.933651
-0.137865	0.0614093	0.988545
0.132671	0.627504	0.767227
-0.234251	0.747341	0.621779
0.106544	-0.501138	0.858783
-0.471807	0.646942	0.599052
-0.162213	0.453904	0.876161
-0.125754	0.335194	0.933719
0.114446	0.469051	0.875725
-0.308722	0.00778358	0.95112
0.0185563	0.0513114	0.99851
-0.495299	0.437482	0.750525
0.238473	0.123649	0.963245
-0.719017	0.188504	0.66894
-0.260223	0.0660545	0.963286
-0.249643	0.252602	0.93481
-0.327529	-0.156654	0.931764
-0.251638	-0.295094	0.921736
-0.0781096	0.200711	0.976532
-0.0628664	-0.482638	0.873561
-0.00724195	0.0539009	0.99852
-0.211404	-0.00427854	0.977389
-0.351545	-0.874192	0.334971
-0.0453321	0.568764	0.821251
0.114813	0.0820055	0.989996
-0.640179	0.00948009	0.768168
-0.528455	-0.356449	0.770506
-0.63529	0.234186	0.73591
-0.0974573	-0.498124	0.861611
0.885075	-0.436641	0.161204
-0.187983	-0.80277	0.565883
0.0265543	0.66834	0.743382
-0.121981	-0.400546	0.908121
-0.225577	-0.721207	0.654962
0.507442	0.0641657	0.859293
-0.230133	0.262601	0.937059
-0.263274	-0.124564	0.956646
0.100991	0.336935	0.936096
0.242349	0.886375	0.394471
0.444106	0.340335	0.82882
-0.269629	0.0929005	0.958473
0.582846	0.243086	0.77537
-0.198967	0.813191	0.54693
-0.177044	-0.00629186	0.984183
-0.638626	0.400756	0.656926
-0.701984	-0.108374	0.703899
-0.393584	-0.542746	0.741969
0.183428	0.454807	0.871496
-0.107506	0.290647	0.950772
-0.478455	-0.523505	0.704999
0.583795	-0.552963	0.594488
-0.0720562	-0.199693	0.977206
-0.31025	0.46052	0.831665
-0.0645307	-0.0356755	0.997278
0.661222	-0.0720164	0.746725
-0.279104	0.72157	0.633591
-0.758084	0.0915493	0.645699
-0.731653	-0.028287	0.68109
0.476543	-0.073274	0.876092
-0.109049	0.472273	0.874681
0.161463	0.091273	0.982649
0.475517	-0.108341	0.87301
-0.149469	0.0896631	0.984693
-0.373458	0.589747	0.71605
-0.243503	0.263687	0.933368
0.0448999	0.0734684	0.996286
-0.42998	0.0759755	0.899636
0.587779	-0.171121	0.790717
-0.0561063	0.272892	0.960407
-0.222887	0.278007	0.934363
-0.474449	0.779323	0.409332
-0.121952	0.120069	0.985247
-0.0878468	0.103033	0.990791
-0.409783	0.321335	0.853711
0.0297376	0.411306	0.911012
-0.00610944	0.408137	0.9129
-0.47807	0.035646	0.877598
0.0151345	-0.137082	0.990444
0.0265199	-0.257595	0.965889
0.0647919	0.28696	0.955749
0.0109101	-0.064885	0.997833
-0.175337	-0.358104	0.917071
0.194827	0.378083	0.905039
-0.147733	0.708675	0.689895
-0.594378	0.0168327	0.804009
0.522575	-0.746484	0.411919
0.0496891	-0.327924	0.943396
-0.163371	0.025467	0.986236
-0.535979	-0.816319	0.215292
-0.406064	-0.704388	0.582194
-0.410568	0.292592	0.863611
-0.248768	0.351909	0.902372
-0.968851	-0.128052	0.211969
-0.36347	0.198485	0.910216
0.049493	0.330499	0.942508
0.0236714	0.0705523	0.997227
0.278039	-0.245123	0.928767
0.460116	-0.0208939	0.887613
0.0400969	0.369833	0.928233
-0.431109	-0.0523026	0.900783
0.221423	0.653191	0.724095
-0.207511	0.336321	0.918601
0.906348	-0.283978	0.312872
0.223907	-0.0370446	0.973906
-0.75923	-0.443291	0.476511
0.445471	-0.422721	0.789216
-0.0990274	-0.262318	0.959887
0.014128	0.999615	0.0238597
-0.901448	0.156188	0.403729
-0.0882396	-0.112872	0.989684
-0.184504	0.0918613	0.978529
-0.799327	-0.130942	0.586456
-0.161937	0.179645	0.970311
0.14168	-0.374407	0.916376
0.390261	-0.322966	0.8622
-0.161942	-0.0196748	0.986604
0.043309	0.275782	0.960244
0.147757	0.583389	0.798639
0.3223	0.328956	0.887643
-0.048622	0.764808	0.642421
0.299791	0.10027	0.948721
-0.0326742	0.0359316	0.99882
0.118279	0.215192	0.969383
0.403886	0.0607659	0.912789
0.121506	0.412854	0.902656
0.323938	-0.31543	0.891946
-0.384566	-0.16908	0.90748
-0.164607	0.397753	0.902606
0.099243	-0.578435	0.809669
-0.00122425	-0.440667	0.89767
0.227881	0.426484	0.875318
0.193583	-0.0664097	0.978834
0.507087	-0.3452	0.789747
-0.633927	0.466812	0.616622
-0.511707	0.30004	0.805066
-0.974133	-0.137245	0.179524
-0.0543199	0.00125871	0.998523
0.0687489	0.296226	0.952641
-0.117631	0.00368582	0.993051
-0.338496	0.534875	0.774164
0.0884072	-0.480852	0.872333
-0.00389179	-0.121027	0.992642
-0.679802	0.163349	0.714973
-0.124096	-0.409757	0.903714
-0.364589	0.176118	0.914362
0.154854	0.160909	0.974745
-0.498946	0.0484192	0.865279
-0.334202	0.294665	0.895255
-0.661055	-0.289237	0.69235
-0.486377	0.147329	0.861238
-0.257175	-0.433063	0.863897
0.612806	-0.485338	0.623632
-0.0447064	-0.130856	0.990393
-0.264776	-0.399192	0.877804
0.42083	0.542427	0.7271
0.490673	0.0127352	0.871251
-0.382978	-0.0955099	0.918807
-0.367869	-0.160625	0.9159
-0.381912	0.369368	0.847178
0.00478296	-0.0964986	0.995322
-0.757492	-0.215947	0.616095
0.07781	0.262864	0.96169
-0.141469	0.360918	0.921805
-0.47975	-0.152993	0.863964
0.0860803	-0.07611	0.993377
-0.0572142	-0.324325	0.944214
-0.554733	0.738373	0.383506
-0.966888	0.135702	0.216131
-0.330525	-0.615282	0.715669
0.407419	0.118993	0.905456
-0.970424	-0.230258	-0.0725142
-0.59565	-0.322355	0.735722
-0.399333	0.0110751	0.916739
-0.432191	0.421104	0.797422
-0.158266	0.399052	0.903166
-0.645097	-0.243272	0.72434
-0.00876065	-0.462061	0.886805
-0.237039	0.248752	0.939114
0.151639	0.0288898	0.988014
-0.379081	-0.0766823	0.922181
-0.0407386	0.283037	0.958243
-0.651794	0.209704	0.728827
-0.575568	-0.313795	0.755152
0.162502	0.0420173	0.985813
0.55494	-0.0724782	0.828727
-0.154462	-0.0260253	0.987656
-0.0579153	0.266484	0.962098
0.247807	-0.112314	0.962277
-0.241644	-0.0538024	0.968872
-0.0753485	0.636886	0.767268
-0.138157	0.450223	0.882163
-0.194785	0.30017	0.933786
-0.00515532	-0.0392335	0.999217
-0.0138701	0.0924378	0.995622
-0.591279	-0.0542576	0.80464
-0.579434	0.10103	0.808733
-0.609371	0.312318	0.728783
0.15099	0.687766	0.710056
-0.512843	-0.0949993	0.85321
-0.198862	-0.63223	0.748825
-0.299161	-0.343163	0.890361
-0.417847	0.0394693	0.90766
-0.280527	-0.0736672	0.957015
-0.509398	-0.181048	0.84127
0.205861	-0.632882	0.746379
-0.578701	-0.0224373	0.815231
0.0833242	-0.515279	0.852963
-0.106271	-0.290852	0.950848
0.135803	0.561625	0.816171
-0.620207	-0.399535	0.675067
-0.436774	0.0384105	0.898751
-0.516056	-0.18902	0.835439
-0.435931	-0.271909	0.857921
-0.0632086	0.462318	0.884458
-0.219424	0.20648	0.95353
-0.2881	0.133058	0.948311
0.03079	0.609138	0.792466
0.823984	-0.398109	0.403187
0.011199	-0.0883663	0.996025
-0.373042	0.334243	0.865518
0.109639	-0.274088	0.955434
-0.214525	-0.51547	0.82962
0.0213468	0.126422	0.991747
-0.649356	-0.0992165	0.753985
0.451299	0.00410837	0.892363
-0.457807	0.0679913	0.886448
0.143025	-0.627438	0.765419
-0.442826	-0.0562951	0.894839
-0.385122	-0.533316	0.753163
-0.637118	-0.255408	0.727219
-0.347839	0.856313	0.381755
0.0634836	0.0873594	0.994152
-0.70257	0.281375	0.653623
-0.662623	-0.606837	0.438953
0.570016	0.0620331	0.819289
-0.835834	-0.291496	0.465201
-0.00556366	-0.807981	0.589183
0.14553	-0.148691	0.978117
0.404621	-0.162564	0.89992
0.393453	-0.0392292	0.918507
-0.561199	0.348129	0.750907
0.846496	0.427271	0.317622
0.137627	-0.0901003	0.986378
-0.213633	-0.36742	0.905187
-0.685148	-0.282592	0.671352
0.179877	0.148197	0.972462
-0.120917	-0.0499824	0.991403
-0.402801	0.133114	0.905556
0.704296	-0.00934576	0.709845
0.199279	-0.444123	0.873523
0.181021	-0.175033	0.967778
-0.350298	0.522207	0.777555
-0.176495	0.113832	0.977697
-0.539297	-0.52418	0.659085
0.0327948	-0.0448319	0.998456
-0.380674	0.220389	0.898062
-0.275568	-0.37612	0.884644
-0.569498	-0.649626	0.503645
-0.408175	0.267532	0.872823
-0.569963	0.698703	0.432385
-0.198491	0.349438	0.915693
-0.328123	-0.483747	0.811372
-0.20792	0.351339	0.912869
-0.614476	0.60185	0.510094
0.0425981	-0.579489	0.813866
-0.497022	0.13214	0.857618
0.176764	0.239213	0.954742
0.349277	-0.127525	0.928301
-0.139043	-0.363276	0.921248
-0.443413	-0.292154	0.847367
0.160226	-0.14523	0.976338
-0.0993258	-0.248581	0.963505
-0.226219	0.624468	0.747573
0.134395	-0.0790619	0.987769
0.363107	0.00457403	0.931736
-0.351357	-0.26245	0.898704
-0.109228	0.390076	0.914281
0.312083	-0.140604	0.939593
-0.0759131	0.177141	0.981253
-0.474415	-0.830689	0.291353
0.321126	0.663569	0.675688
-0.344574	-0.383814	0.856712
0.363499	-0.315919	0.876393
-0.223904	0.294869	0.928935
0.0433377	-0.664223	0.746278
-0.345533	0.470312	0.812043
-0.25282	-0.0703454	0.964953
0.141835	0.119827	0.982611
-0.031154	0.0823239	0.996119
-0.0034311	0.137895	0.990441
0.51635	-0.0506978	0.854875
-0.284027	-0.528984	0.79969
-0.174788	-0.831347	0.527552
0.120699	-0.781088	0.612644
0.0410931	0.439899	0.897107
0.427756	-0.454933	0.781064
-0.435341	-0.175685	0.882957
-0.225001	0.0390847	0.973574
-0.350172	0.185385	0.918157
0.407908	-0.379643	0.830351
-0.133663	0.193522	0.971948
0.039341	0.328598	0.94365
0.0511846	-0.0100634	0.998639
0.0123872	-0.259091	0.965774
0.395717	0.537301	0.744792
-0.384001	0.78595	0.484588
-0.421538	0.150485	0.894237
0.092783	-0.037004	0.994999
-0.581765	0.228446	0.780616
0.368338	-0.289348	0.883519
0.112073	-0.044259	0.992714
0.367255	-0.521333	0.770283
-0.256791	0.542224	0.800032
0.0424983	0.0309122	0.998618
-0.663286	0.425104	0.615904
-0.615485	0.313251	0.723224
-0.825044	-0.480557	0.297265
-0.327477	-0.117355	0.937543
-0.746873	0.401031	0.530429
-0.403926	0.493039	0.770556
0.170452	0.540255	0.824057
0.16438	0.164152	0.972642
-0.328353	0.542329	0.773346
-0.430554	0.273613	0.860093
0.16998	-0.210494	0.962704
-0.578478	0.438154	0.688029
0.643398	-0.242115	0.726236
0.491864	-0.537421	0.685017
-0.846003	0.487915	0.214984
-0.28146	-0.184872	0.941596
-0.688063	0.294346	0.663273
-0.207077	-0.305716	0.929331
-0.322248	-0.391343	0.861978
-0.0773651	0.702589	0.707378
0.75554	0.385332	0.529791
-0.401351	-0.287368	0.869677
0.0723137	0.00656719	0.99736
-0.0496863	-0.228048	0.972381
-0.140765	-0.787819	0.599605
0.391692	-0.0409224	0.919186
0.295507	-0.742575	0.601047
-0.493096	-0.538547	0.683245
0.314965	0.67828	0.663878
0.23663	-0.277737	0.931058
0.916383	0.171192	0.36185
0.0205384	-0.355319	0.93452
0.339525	0.278898	0.898298
-0.285665	-0.176525	0.941931
0.353247	0.323943	0.877655
0.3865	0.181284	0.904297
0.346164	-0.0436078	0.93716
0.149177	-0.426958	0.891882
-0.178302	0.339293	0.923628
-0.439322	0.411784	0.798392
0.330163	-0.222452	0.917337
0.755225	-0.15265	0.637443
0.361756	0.289535	0.886173
0.387035	-0.543249	0.74504
-0.604908	-0.194971	0.772057
0.00313838	0.0668615	0.997757
0.284783	0.522741	0.803518
0.00683412	-0.364602	0.931138
-0.033816	0.243487	0.969315
0.0660585	-0.716993	0.693944
0.338511	-0.485735	0.805898
-0.0865573	-0.49888	0.862338
0.542329	0.436876	0.717649
0.226018	-0.852816	0.470766
-0.227873	-0.640329	0.73352
0.159836	0.484873	0.859855
-0.596668	-0.153901	0.787592
0.101519	0.100154	0.989779
-0.51334	-0.613931	0.599642
0.0196627	-0.287293	0.957641
0.539981	0.454814	0.708212
0.268026	-0.376781	0.886678
0.0143488	-0.138884	0.990205
-0.23284	-0.0991601	0.967447
-0.348426	0.259385	0.900732
-0.281458	0.00437208	0.959564
-0.0736036	0.102361	0.992021
-0.334706	0.305713	0.891353
0.277088	-0.234136	0.931881
0.84466	0.204778	0.494586
0.0263962	0.00169398	0.99965
-0.59499	0.034303	0.803001
-0.443698	0.0594127	0.894205
0.554078	-0.427559	0.714276
-0.724753	-0.241229	0.645401
0.107594	-0.485478	0.867603
-0.264201	0.204963	0.942437
-0.0930959	0.113748	0.989138
-0.555995	-0.228177	0.799253
0.384559	-0.178836	0.905611
0.197928	-0.483268	0.852805
-0.195227	0.289966	0.936913
-0.636859	-0.477543	0.605279
0.302849	0.858349	0.414149
-0.402276	-0.738756	0.540753
0.182044	0.194235	0.963915
0.260445	-0.314269	0.912909
0.051047	-0.53232	0.845002
-0.0138807	-0.271841	0.962242
-0.177152	0.306477	0.935248
-0.886805	-0.053733	0.45901
-0.595324	-0.0245378	0.803111
-0.0344971	0.18673	0.981805
0.639887	-0.511945	0.573112
0.0380412	-0.323327	0.945523
-0.663434	0.27686	0.695129
-0.334253	-0.0931258	0.937871
-0.11057	-0.302951	0.94657
0.283447	0.344252	0.895069
0.0305293	0.17827	0.983508
0.0903472	0.775783	0.624498
0.34686	0.512187	0.785718
0.123691	-0.111887	0.985993
-0.184598	-0.12894	0.974319
-0.0530916	0.555487	0.829828
-0.021039	-0.252798	0.96729
-0.273471	-0.308251	0.91115
0.65535	-0.0132629	0.755209
0.371022	-0.276449	0.88652
0.414983	-0.217184	0.883527
-0.358245	0.691005	0.627831
-0.101289	0.260425	0.960166
0.354987	0.00297146	0.934867
-0.461368	-0.195109	0.86549
0.113643	-0.0849428	0.989884
-0.487402	-0.101225	0.867291
-0.624484	-0.0284118	0.780521
-0.0224469	0.336352	0.941469
-0.0961842	0.677753	0.728971
-0.542048	-0.246528	0.803373
-0.463181	0.0705161	0.883454
-0.0811454	0.0622311	0.994758
-0.314776	-0.187578	0.930446
0.0370569	-0.866764	0.497341
-0.490955	-0.329749	0.806368
0.328301	0.029918	0.944099
0.070426	-0.593992	0.801383
0.199867	-0.409231	0.890272
0.234035	-0.502756	0.832144
0.439496	0.0993791	0.89273
0.106395	-0.568436	0.815819
0.175665	-0.325534	0.929069
0.628728	-0.135789	0.765678
-0.195351	0.0898806	0.976606
-0.154514	-0.428363	0.890298
-0.298149	0.433886	0.850206
0.188851	-0.433461	0.881162
0.536972	-0.365441	0.760338
-0.507268	-0.213401	0.834949
0.196737	-0.294353	0.935228
-0.274814	-0.00476899	0.961485
-0.535187	-0.794743	0.286284
0.230368	0.717223	0.657663
0.142121	0.574729	0.805908
-0.173882	0.714107	0.678098
-0.104537	-0.0261145	0.994178
-0.11759	0.179335	0.976735
0.0432029	0.0878507	0.995196
0.269898	-0.439459	0.856756
0.241132	-0.13427	0.961159
-0.345602	0.745865	0.569425
-0.0966846	0.685296	0.721818
-0.504847	-0.2602	0.823059
-0.123524	0.939631	-0.319118
-0.256077	-0.332779	0.90757
0.230987	-0.380791	0.895345
0.475553	-0.14772	0.867196
-0.43114	0.790267	0.435427
-0.482848	-0.0330879	0.875079
-0.896126	0.0128641	0.443613
-0.311368	0.193915	0.930294
-0.731976	-0.432417	0.526523
0.214686	0.505979	0.835401
-0.114649	-0.216783	0.969464
-0.313006	0.164274	0.935436
-0.766361	-0.634303	0.101736
-0.647347	0.382621	0.659199
-0.147464	-0.439317	0.886146
0.332083	0.288087	0.89818
0.161447	0.380327	0.910651
0.251404	-0.192409	0.948565
0.209905	0.0838326	0.974121
-0.580494	-0.0548627	0.812414
-0.384648	0.135432	0.913074
0.534383	-0.106973	0.838446
-0.395047	-0.620099	0.677802
0.393599	0.515673	0.761027
-0.591438	0.107939	0.799093
-0.13231	-0.00524506	0.991195
0.0208988	-0.0351568	0.999163
0.461327	-0.0803666	0.883583
-0.40138	0.00418667	0.915902
-0.0434327	0.0853193	0.995407
-0.349778	0.0515728	0.935412
0.307467	-0.011239	0.951492
-0.197847	0.10942	0.974107
-0.105874	0.44316	0.890168
0.0546753	-0.355343	0.933136
0.712189	0.240368	0.659552
0.291151	0.542919	0.787699
-0.561544	-0.504471	0.655879
0.00343009	0.477059	0.878865
0.607073	-0.0563189	0.792648
0.363106	-0.323767	0.873687
-0.530927	-0.648601	0.545374
0.0851889	0.349996	0.932869
0.239168	-0.525004	0.816805
-0.324841	-0.564185	0.759061
0.0638737	-0.417207	0.906564
0.296357	0.197113	0.934515
0.0989743	0.273774	0.956688
-0.389245	0.398682	0.830386
-0.260386	0.178395	0.948881
-0.247643	-0.0106814	0.968792
-0.616107	-0.570949	0.542613
0.836935	0.541699	0.0781151
0.440145	-0.348673	0.827466
-0.267258	-0.213905	0.939584
-0.552455	0.599658	0.578968
-0.233741	0.525377	0.818134
0.156259	-0.0621709	0.985757
-0.601063	0.306935	0.737912
0.127759	-0.398523	0.908216
0.293674	-0.456538	0.839839
0.271124	0.623413	0.733382
-0.642008	-0.261514	0.72072
-0.198962	-0.320263	0.9262
-0.582403	0.0963665	0.807168
0.0786119	0.0536986	0.995458
-0.172823	-0.0706301	0.982417
-0.610746	-0.0934057	0.786298
-0.962814	-0.252057	0.097243
-0.0783611	-0.52759	0.845877
-0.808564	-0.0269017	0.587792
-0.366478	0.229453	0.90169
0.482398	0.790255	0.377875
-0.263607	0.839866	0.474485
0.761498	0.354133	0.542873
-0.275967	-0.0624353	0.959137
-0.308608	-0.847158	0.432532
0.482274	0.533299	0.694985
0.165124	0.0492581	0.985042
-0.349631	-0.655351	0.669532
0.373149	0.108327	0.921425
0.214955	0.0655037	0.974425
-0.595691	0.557819	0.577918
-0.178717	-0.331212	0.926476
-0.382374	-0.184879	0.905323
-0.456784	-0.603761	0.653315
0.010913	0.898293	0.439262
0.165632	0.390739	0.905477
0.0883106	0.723442	0.684713
-0.14864	-0.181073	0.972172
-0.591984	-0.0944111	0.800401
-0.197483	0.0401227	0.979485
-0.140983	0.499153	0.854968
0.602248	-0.365913	0.70951
-0.403224	0.773352	0.48922
0.384225	0.0709733	0.920507
0.540217	-0.719581	0.436312
-0.399754	-0.226967	0.888078
-0.161349	0.958188	0.236308
0.0916709	0.322876	0.941991
0.0409407	-0.320735	0.946284
0.198976	0.303181	0.931928
0.0666325	-0.788507	0.611405
0.762937	0.304973	0.570017
0.259878	-0.409175	0.874665
-0.22263	0.197994	0.954586
0.318762	-0.655924	0.684218
0.638643	0.486884	0.595886
-0.459507	0.692436	0.556225
0.187645	-0.533981	0.824411
-0.282602	0.422098	0.861376
-0.169132	-0.665981	0.726542
-0.511533	-0.295568	0.806829
-0.619583	-0.77066	0.149
-0.489582	0.613186	0.619929
-0.223963	-0.0119371	0.974525
-0.986045	0.134072	0.0986964
0.709809	-0.205731	0.673681
-0.435367	-0.675664	0.594924
0.28375	0.924056	0.256139
-0.122009	-0.595729	0.793864
-0.383276	-0.911403	0.149811
0.723673	-0.676899	0.134556
-0.292872	0.591679	0.751094
0.570684	-0.0300715	0.820619
-0.637383	0.626544	0.448537
-0.709924	0.127302	0.692678
-0.17516	0.467174	0.866642
-0.695675	-0.717347	-0.0380738
0.0967359	0.39152	0.91507
-0.600835	0.351929	0.717734
0.0484857	-0.244824	0.968354
0.242292	-0.0713577	0.967576
-0.146598	-0.386626	0.91051
-0.209365	0.356956	0.910357
0.430504	-0.77378	0.464684
0.480168	-0.115914	0.869484
0.00301171	0.0561365	0.998419
-0.846364	-0.233866	0.478513
-0.0259093	-0.531742	0.84651
-0.647581	0.329126	0.687252
-0.00690233	0.0191166	0.999793
0.199447	-0.203511	0.958543
0.444546	0.0894091	0.891283
0.335707	0.795679	0.504178
0.0842606	0.435722	0.896129
0.0162598	0.565725	0.824433
-0.152346	-0.446702	0.881617
-0.606084	-0.0750959	0.791847
0.426195	-0.235756	0.873371
0.466262	0.351082	0.811999
0.372038	-0.157502	0.914757
0.113624	0.627472	0.770304
-0.538629	-0.167364	0.825753
0.621867	-0.311889	0.718336
0.654167	-0.261575	0.709679
0.304336	0.899094	0.314658
0.130992	-0.40991	0.902671
-0.130132	0.674346	0.726858
0.638796	-0.351149	0.684569
-0.429078	0.223021	0.875302
0.464632	-0.0694892	0.882773
-0.081506	-0.761432	0.643101
0.209297	0.520218	0.82799
-0.567167	0.811831	0.138747
-0.527739	-0.0353661	0.84867
0.0459644	-0.157646	0.986425
-0.995155	0.0478568	0.0858869
0.333084	0.173439	0.926809
0.25872	-0.306906	0.9159
-0.592758	-0.620618	0.513294
0.288427	-0.354715	0.889375
0.641144	0.551104	0.534058
-0.298192	0.394078	0.869358
0.504554	-0.848048	0.161985
-0.420412	0.726291	0.543834
-0.940929	0.134556	0.310721
-0.449116	-0.827423	0.337145
-0.339993	0.713158	0.613033
0.0957019	-0.88985	0.446103
-0.328694	-0.222924	0.91775
-0.666878	-0.126113	0.734418
-0.0210871	-0.315457	0.948706
0.678343	0.73138	0.0702416
-0.418409	0.377277	0.826194
-0.444235	-0.558911	0.700196
0.221167	-0.11522	0.968406
-0.474854	-0.142338	0.868478
-0.429001	-0.335201	0.838808
-0.203153	-0.374446	0.904721
0.0764104	-0.101821	0.991864
0.393719	-0.638984	0.660821
0.570523	0.487633	0.660846
-0.023531	0.746707	-0.664737
-0.377408	-0.232926	0.896275
-0.0131559	0.487075	0.873261
-0.0317431	0.274797	0.960978
-0.141821	0.289972	0.946469
0.279558	0.231235	0.931868
-0.134557	0.0701156	0.988422
-0.0643605	0.00286119	0.997923
0.0242577	-0.340564	0.939908
0.333205	0.514633	0.790018
0.670217	0.108773	0.734151
0.242027	0.405661	0.881398
0.00190553	-0.740888	0.671626
0.0448418	0.159495	0.98618
-0.400166	0.352009	0.846142
-0.411518	-0.755318	0.510047
0.838799	0.104059	0.534405
-0.399121	0.392212	0.828777
0.466038	0.206624	0.8603
0.846991	-0.118989	0.518119
-0.28681	0.416198	0.862855
-0.330569	0.0142798	0.943674
-0.46667	-0.0398255	0.883534
-0.995892	0.0696997	0.0578013
-0.716706	0.563693	0.410589
-0.251397	0.571458	0.781176
-0.713521	-0.231642	0.661234
0.066427	0.279778	0.957764
-0.319018	-0.371771	0.871788
-0.32816	0.695123	0.639621
-0.520697	0.0266341	0.853326
0.618799	0.2665	0.738963
0.362732	0.173916	0.915521
-0.404736	0.627789	0.664884
0.607563	0.0914652	0.788988
-0.261041	-0.691954	-0.673095
0.168189	0.623732	0.763329
-0.992813	-0.0547134	0.106434
0.0579789	-0.132267	0.989517
-0.0164869	0.269951	0.962733
0.458092	0.0301776	0.888392
-0.619314	-0.337906	0.70871
-0.99069	0.0870333	-0.104685
-0.67529	0.585459	0.448577
-0.227365	-0.500916	0.835098
0.470196	-0.463981	0.750758
0.379284	-0.47287	0.795322
-0.086225	0.245151	0.965643
-0.801739	-0.0388866	0.596408
-0.323348	-0.704555	0.631703
0.140537	0.0879062	0.986165
0.757501	0.374288	0.534884
0.488464	0.553344	0.674694
-0.0983984	-0.0465655	0.994057
0.221921	0.638772	0.736696
-0.0215281	-0.0486825	0.998582
-0.00812478	-0.258537	0.965967
0.496766	-0.254635	0.829689
-0.961698	-0.260689	0.0847216
0.686556	0.129706	0.715414
-0.770334	0.0203804	0.637315
-0.793903	-0.343489	0.501729
-0.900027	-0.124592	0.417646
-0.461074	-0.0379455	0.88655
-0.498526	-0.496575	0.710553
-0.408483	0.0468195	0.911564
-0.436348	0.898036	0.055961
-0.744379	-0.667715	0.00750158
-0.372062	0.688543	0.622478
0.0538145	-0.996697	0.0608163
0.0234044	0.38686	0.921842
-0.239012	-0.202516	0.949663
-0.356961	-0.900233	0.249317
-0.834396	0.0811119	0.545164
-0.915717	-0.256549	0.309264
-0.00338482	-0.327399	0.94488
0.134279	0.109604	0.984864
-0.302303	-0.798812	0.520108
-0.801197	-0.316141	0.508073
0.398827	-0.149537	0.904752
0.0638739	-0.101583	0.992774
0.0263564	0.638336	0.769307
0.637795	-0.25919	0.725285
-0.221433	-0.674897	0.703904
-0.16112	-0.355543	0.920668
-0.333077	-0.155588	0.929974
-0.210467	-0.130683	0.968827
-0.372697	-0.216021	0.902459
-0.0811125	-0.327536	0.941351
-0.237929	-0.150244	0.959592
-0.08736	-0.810764	0.578817
-0.197305	0.582174	0.788761
-0.513733	0.142181	0.846087
-0.0819175	0.297125	0.951318
0.148548	0.433484	0.888834
-0.460612	0.581242	0.670817
-0.121323	-0.083278	0.989114
0.0781794	-0.461797	0.883534
0.659647	-0.528418	0.534453
-0.301869	0.224751	0.926478
0.606943	0.12233	0.785274
-0.271392	-0.807528	0.523684
-0.244571	-0.153028	0.95748
0.983014	0.096942	0.155838
0.286549	-0.190136	0.939009
0.0226833	0.78041	0.624856
-0.928248	0.2791	0.245884
-0.472362	0.412562	0.778888
-0.434598	-0.584434	0.685246
-0.849526	-0.432279	0.302389
0.0807393	0.79313	0.603677
-0.0215762	0.773122	0.633891
0.146645	-0.461432	0.874972
-0.305403	-0.0187222	0.952039
-0.293516	-0.706549	0.643924
-0.239431	-0.335053	0.91127
0.0731969	0.145939	0.986582
-0.242603	0.484187	0.840658
-0.600047	0.456757	0.656747
0.459084	0.629127	0.627249
-0.226241	0.11774	0.966929
-0.170331	-0.311548	0.93484
0.114911	0.20149	0.972727
-0.612637	0.567	0.550623
0.812482	-0.399813	0.42429
0.101172	-0.540095	0.835501
-0.197533	-0.487941	0.850232
0.716183	-0.139947	0.683738
0.506616	-0.520954	0.686984
-0.0647212	-0.289391	0.95502
0.204821	-0.368866	0.906635
-0.588996	-0.27042	0.761549
0.165731	0.218013	0.961771
0.415797	0.392718	0.820296
-0.198059	-0.529517	0.824854
0.154361	0.864482	0.478376
-0.980993	0.050887	0.187249
-0.390641	-0.738166	0.55001
0.203257	-0.207859	0.956808
-0.654655	-0.190179	0.731614
0.0908287	-0.0840988	0.992309
0.263071	0.261567	0.928642
-0.33071	0.518224	0.788717
0.712644	0.0144995	0.701376
0.510152	-0.643109	0.571101
0.363425	0.0690052	0.929064
0.315148	0.020725	0.948816
0.497119	-0.1613	0.852558
0.420668	0.32304	0.847752
-0.722485	-0.161146	0.672345
-0.0831626	-0.230992	0.969395
-0.423793	0.592632	0.684972
0.0672281	-0.659398	0.748782
0.509493	0.245494	0.824712
0.932317	-0.0441839	0.358932
0.734114	0.639501	-0.228287
-0.0556019	0.150726	0.987011
0.188675	0.388994	0.901713
-0.651997	-0.0661376	0.755332
0.243483	0.549477	0.799244
-0.900321	-0.394187	-0.184496
0.362246	0.630396	0.686571
0.199016	0.214058	0.956332
-0.132458	-0.267775	0.954333
-0.312	-0.0654522	0.947825
0.251292	0.638604	0.72735
0.27681	0.295716	0.914291
-0.556807	0.587909	0.586796
-0.717539	-0.21491	0.662534
-0.1737	0.437093	0.882484
0.111445	-0.470581	0.87529
-0.668852	-0.0447225	0.742049
0.290428	0.370769	0.882146
-0.547981	-0.189398	0.814767
-0.209028	-0.528959	0.822502
0.466323	0.235376	0.852726
-0.340108	0.149887	0.928364
-0.771442	0.393423	0.500095
-0.718918	0.167217	0.674682
-0.215492	-0.0857024	0.972737
-0.0524111	0.409191	0.910942
-0.563513	0.775843	0.283761
-0.084485	-0.246881	0.965356
0.569323	-0.788494	0.232698
0.111683	0.301582	0.946876
0.475759	0.410025	0.77816
0.135891	0.245966	0.959705
-0.0439156	0.802578	0.594928
-0.340747	-0.358178	0.869253
0.824657	0.188715	0.533224
0.658394	0.352588	0.664981
0.741569	-0.170537	0.64884
0.426177	0.660575	0.618073
-0.0351276	0.292754	0.955542
0.334139	0.0040137	0.942515
0.136096	-0.392228	0.909745
-0.29884	0.057274	0.952583
-0.526587	-0.0700985	0.847226
-0.328248	-0.730541	0.598801
0.231223	0.676056	0.699632
0.509692	-0.321522	0.798021
-0.269334	0.198905	0.942282
-0.262543	-0.779302	0.568999
-0.0153654	-0.977066	0.21238
-0.0211853	0.497009	0.867487
-0.364092	0.627569	0.688182
-0.389294	-0.0413723	0.920184
-0.135062	-0.710191	0.690932
0.659092	0.660511	0.359614
-0.315229	-0.397174	0.861907
0.00471546	-0.382164	0.924082
0.55647	0.257697	0.789894
-0.559844	-0.0596023	0.826452
-0.34907	0.634242	0.689845
0.458421	-0.348326	0.81763
0.777906	0.591763	0.211373
-0.597723	0.400245	0.694645
0.0714953	0.554335	0.829217
0.09929	0.687172	0.719678
-0.0362423	0.463021	0.885606
-0.382184	0.102716	0.91836
-0.370441	-0.0977934	0.923693
0.414259	0.718883	0.558209
-0.484302	-0.525846	0.699241
0.0792948	0.0204355	0.996642
-0.495302	-0.842194	0.213038
0.70637	0.707415	-0.0246004
-0.0413264	0.0219514	0.998905
0.253995	-0.444309	0.859113
-0.17311	0.660459	-0.730634
0.451087	-0.511446	0.731399
0.123039	0.231766	0.964959
-0.888547	-0.402995	0.219268
-0.132334	0.25716	0.957265
-0.464988	0.00920108	0.885269
-0.067394	-0.421466	0.904336
-0.132907	0.174448	0.975656
0.153056	0.325676	0.933011
0.354113	0.695951	0.624705
-0.41345	-0.587938	0.695261
-0.204446	0.756127	0.62167
0.307137	-0.0735448	0.948819
-0.670553	-0.237666	0.702761
-0.186982	0.024356	0.982061
-0.595993	0.00744437	0.802955
-0.18561	-0.642741	0.743259
-0.291881	0.561307	0.774429
-0.432711	-0.377799	0.818553
-0.465259	-0.698349	0.543914
-0.810329	-0.582618	0.0626345
-0.582544	0.260658	0.76987
0.436702	-0.293479	0.850389
-0.0665737	-0.554396	0.829586
-0.558706	-0.416604	0.717139
0.44318	-0.13743	0.885835
0.0565705	0.18423	0.981254
0.811373	-0.110073	0.574072
-0.546065	0.0627191	0.835392
-0.775086	-0.164778	0.609991
