3400
-0.397371	-0.242634	0.885
-0.299155	0.294718	0.90755
-0.0516502	-0.423327	0.904503
0.530064	0.725936	0.438234
0.543475	0.207461	0.813385
-0.130262	-0.211387	0.968683
-0.151338	-0.334914	0.930016
0.137645	0.0235273	0.990202
-0.590066	-0.0402587	0.806351
-0.258839	-0.213101	0.94212
0.25621	0.062817	0.964578
-0.857172	0.125641	0.499471
0.0221208	-0.0516731	0.998419
0.106331	-0.819966	0.562449
-0.0117687	-0.223454	0.974643
-0.79585	0.442341	0.413469
-0.955372	-0.0159366	0.294974
0.267337	0.20259	0.942066
0.388422	-0.655305	0.647846
0.143002	0.10359	0.984286
0.450127	0.0630117	0.890739
-0.117664	-0.596679	0.793807
-0.212957	0.655453	0.72459
0.182429	-0.0753391	0.980328
0.0501811	0.225009	0.973064
-0.102288	-0.00504528	0.994742
0.184699	-0.163597	0.969083
-0.0274172	0.248358	0.96828
-0.0190202	-0.0992356	0.994882
0.401742	0.395722	0.825837
-0.678412	-0.242536	0.693494
-0.611277	-0.455846	0.64695
0.236705	0.0677786	0.969215
-0.495286	-0.513666	0.700599
0.433177	-0.549078	0.714753
-0.270165	0.53926	0.797627
-0.0291181	-0.293537	0.955504
-0.774953	-0.247651	0.581478
-0.230388	0.411513	0.881804
0.00443409	-0.595519	0.803329
0.208734	0.674773	0.707892
0.665988	0.443805	0.599581
0.381982	0.433797	0.816033
0.000723697	-0.158323	0.987387
0.0377111	0.145823	0.988592
-0.768379	0.103966	0.631494
-0.0665751	-0.549642	0.832743
-0.540794	0.355094	0.762529
-0.367976	0.360371	0.857162
0.2044	0.583093	0.786272
0.19902	-0.0598662	0.978165
-0.232416	-0.427389	0.873682
0.227853	0.00373255	0.973688
-0.288435	0.143031	0.946756
-0.146176	-0.509185	0.848153
-0.810835	-0.387419	0.438695
0.490527	0.696306	0.523967
0.263931	-0.00105876	0.964541
0.313764	-0.752519	0.579023
0.0789916	-0.288377	0.954253
0.418292	0.561827	0.71371
-0.42243	0.0762885	0.903179
-0.247838	0.0893365	0.964674
-0.00350947	-0.50082	0.865544
0.397593	-0.277222	0.874682
-0.0345699	-0.238083	0.970629
0.146789	-0.182636	0.972161
-0.284117	0.674603	0.681314
-0.303927	0.417577	0.856305
-0.045362	0.0941208	0.994527
-0.257714	-0.150227	0.954471
0.468134	-0.091106	0.878948
0.604404	-0.193021	0.772942
0.101364	0.654409	0.749316
-0.134227	0.87945	0.456674
-0.823135	-0.487602	0.29102
0.400261	0.179521	0.898646
-0.180712	0.571616	0.800374
-0.716623	0.36588	0.593787
0.731801	-0.0929443	0.67515
-0.408389	0.128264	0.903751
0.295565	-0.502981	0.812189
0.173959	0.297903	0.938612
-0.29947	0.370613	0.879183
0.335452	0.0363736	0.941355
-0.15297	-0.0306191	0.987756
-0.298524	0.870837	0.390545
0.066657	-0.0433627	0.996833
0.0852773	-0.355625	0.93073
-0.0357495	-0.642608	0.765361
0.38659	0.368489	0.845437
-0.326823	0.723298	0.608298
0.224367	-0.0982392	0.96954
0.227534	0.341929	0.911764
0.301698	0.351348	0.886303
0.170193	-0.620159	0.765792
-0.193342	0.316737	0.928599
0.379572	0.418737	0.824976
0.0676898	-0.047429	0.996578
-0.70815	-0.283526	0.646635
-0.0478307	-0.557627	0.828713
0.25227	0.545658	0.799135
-0.308689	0.396634	0.864519
-0.0909821	-0.219488	0.971364
0.119829	0.552062	0.825148
0.014372	-0.694433	0.719414
-0.0403142	-0.153268	0.987362
-0.48593	0.130057	0.864267
-0.268499	-0.0369885	0.96257
-0.626978	-0.208201	0.7507
-0.105551	0.0905841	0.990279
0.261741	-0.128455	0.956552
-0.0160864	-0.135874	0.990596
0.550089	-0.426805	0.717802
-0.316177	-0.00305476	0.948695
-0.0951064	-0.362531	0.927106
-0.383179	-0.150872	0.911269
-0.743191	-0.281952	0.60677
0.121814	0.462484	0.87822
-0.266394	0.0348478	0.963234
0.0862552	-0.335745	0.937995
-0.392213	0.76435	0.511798
-0.520081	0.215015	0.82661
-0.123431	0.659	0.741946
-0.438637	0.0243718	0.898334
0.289572	-0.439712	0.850177
-0.495043	0.0132816	0.868767
0.0740583	-0.465645	0.881868
-0.659554	-0.43752	0.6112
-0.549519	0.030781	0.834914
0.0263888	-0.0289862	0.999231
-0.235492	-0.0937654	0.967342
-0.70445	-0.204293	0.679716
-0.256428	0.343776	0.903362
0.28635	-0.106389	0.9522
0.145958	0.0247539	0.988981
-0.36211	0.127982	0.923308
-0.138817	-0.0319423	0.989803
-0.540672	0.0414209	0.840213
0.485739	-0.126308	0.86493
0.680338	-0.140126	0.719378
0.150927	0.100011	0.983473
-0.210593	0.627656	0.749465
0.59657	0.198837	0.77754
-0.794851	0.0650974	0.603302
0.12466	-0.0529978	0.990783
0.310896	-0.059029	0.948609
-0.160613	0.0352736	0.986387
-0.322339	-0.810864	0.488465
0.548213	-0.0494556	0.834875
0.0722999	0.337484	0.938551
0.315718	-0.01047	0.948795
0.334825	0.488931	0.805505
0.701234	-0.468432	0.53744
0.33478	-0.408182	0.8493
0.0201234	0.75766	0.652339
-0.135894	0.795666	0.590295
-0.0373643	0.975121	0.2185
-0.542965	-0.446953	0.71093
-0.290964	0.259733	0.920803
0.458559	-0.467868	0.755528
-0.881722	0.173276	0.438796
-0.060224	0.382608	0.921946
-0.501769	0.00345275	0.864995
0.458391	0.141594	0.877399
0.554732	0.270981	0.786665
0.675096	0.226182	0.702202
-0.0328651	0.755925	0.653833
-0.471476	0.233235	0.850477
0.144674	-0.218802	0.964985
0.520074	-0.244189	0.818471
0.217352	0.112964	0.969535
0.0541863	-0.0942605	0.994072
0.634404	0.0592949	0.770724
0.560393	0.633683	0.533296
-0.2685	0.313975	0.910674
0.191534	0.181717	0.964517
0.397321	-0.619806	0.676739
0.409733	-0.164162	0.897313
-0.0436999	-0.164555	0.985399
0.265278	0.000770545	0.964172
0.106114	0.0925328	0.990039
-0.0188022	-0.238117	0.971054
0.141597	0.382145	0.91319
-0.523895	-0.252226	0.813582
0.175158	-0.246112	0.953283
0.0622418	0.308059	0.949329
0.293879	-0.446811	0.844982
0.0114306	0.71395	0.700104
0.0642523	0.145301	0.987299
-0.0638821	0.185533	0.980559
0.280149	0.145467	0.948871
-0.33559	0.341641	0.877873
0.668067	0.0203695	0.743823
-0.870284	-0.141758	0.471711
-0.701795	-0.0736006	0.708567
-0.318972	0.149067	0.935968
0.321968	0.66001	0.678766
0.190553	-0.0827509	0.978183
0.0629319	0.309035	0.948966
0.0600366	0.252443	0.965747
-0.392246	-0.411993	0.822439
-0.547114	-0.102886	0.830711
-0.278897	0.103059	0.954775
0.546923	0.607646	0.575883
0.313654	0.280208	0.907251
-0.0979164	-0.610114	0.78624
0.318975	0.0123633	0.947682
-0.362264	0.100561	0.926635
-0.0976813	0.100268	0.990154
-0.0773207	-0.0972394	0.992253
0.0643747	0.592099	0.80329
0.0184597	0.211226	0.977263
0.347096	-0.0399521	0.936978
-0.198153	0.195069	0.960564
0.558528	0.828818	-0.0332694
0.0965381	-0.284343	0.95385
-0.573919	0.245593	0.781218
0.139648	0.338583	0.930516
-0.448432	0.569855	0.688603
0.207485	-0.615518	0.760321
-0.0821462	-0.207416	0.974798
0.22937	0.0741505	0.970511
0.135533	0.458489	0.878304
-0.312797	0.451481	0.835657
-0.539592	0.445651	0.714308
0.840974	0.393095	0.371805
-0.431372	0.184584	0.883089
0.197309	0.431328	0.880355
-0.509182	-0.682759	0.523999
0.0233456	-0.207452	0.977967
0.212073	0.381999	0.899501
-0.067599	-0.298841	0.951906
-0.159504	0.812967	0.560039
-0.231339	-0.32887	0.915602
-0.176651	-0.401169	0.898809
0.770378	0.208125	0.602662
-0.399149	-0.796389	0.454362
0.548602	0.297875	0.781221
0.304442	0.0614991	0.950544
0.00808903	-0.337898	0.941148
-0.15277	0.309601	0.938514
-0.607752	-0.0231815	0.793788
-0.848513	-0.445777	0.285146
0.366686	-0.218995	0.904203
0.438473	0.149338	0.88625
-0.164595	-0.0921938	0.982043
0.670996	0.521903	0.526671
0.445491	0.730398	0.517742
-0.486283	0.323596	0.811674
-0.360353	0.167029	0.91774
-0.658962	0.495983	0.565482
-0.736973	0.0567733	0.673534
0.0871311	-0.171223	0.981372
0.127347	0.367511	0.921259
-0.0148589	-0.355624	0.934511
-0.371201	0.836466	0.403156
-0.723125	-0.156748	0.672696
-0.258325	-0.284146	0.923325
-0.760985	0.210819	0.613561
-0.0741374	0.630854	0.772352
0.0859518	-0.398287	0.913225
-0.0266794	0.29266	0.955844
-0.463907	0.0221194	0.885608
0.282878	0.949164	0.138088
0.310124	0.0805164	0.94728
0.0598924	0.223407	0.972883
-0.610674	-0.262013	0.747279
0.180332	-0.549751	0.815631
-0.167211	0.706689	0.687481
-0.180602	0.0281422	0.983154
-0.368842	0.170539	0.913713
-0.392382	0.41901	0.81882
-0.0750861	-0.027244	0.996805
-0.393823	-0.654772	0.645118
-0.204528	0.467287	0.860123
0.654984	-0.0542603	0.753692
0.455253	0.207967	0.865733
0.141003	0.610119	0.779662
-0.233095	0.434715	0.869879
0.714129	-0.0699919	0.696506
-0.20762	-0.383755	0.899792
-0.118756	0.606027	0.78653
0.0497196	0.952368	0.300871
-0.221282	0.824826	0.520285
-0.275365	0.455075	0.846806
-0.835871	0.446177	0.31976
-0.381085	0.919103	0.100117
-0.313263	0.232396	0.920792
0.184377	0.712717	0.676786
0.162968	0.183622	0.969394
0.162564	0.225226	0.960649
-0.420963	0.490453	0.76305
-0.439212	0.499369	0.746809
0.528381	0.687419	0.498266
-0.477192	0.371929	0.796214
-0.540656	0.0575151	0.839275
0.841275	0.146533	0.520369
-0.0837108	-0.404741	0.910592
-0.246501	0.928979	0.276108
-0.0066059	0.852194	0.523184
-0.720594	0.135164	0.680055
0.048181	0.845487	0.531818
-0.505393	0.390402	0.769522
-0.33523	0.697673	0.633146
0.371599	0.0185045	0.928209
0.00613463	-0.709766	0.70441
0.00627956	0.910153	0.414225
-0.0875827	-0.122022	0.988656
0.326055	0.748241	0.577775
-0.334743	-0.733082	0.592062
-0.0688328	-0.107242	0.991847
-0.402319	-0.139135	0.904865
-0.695168	0.0316939	0.718148
-0.385588	0.524553	0.759056
-0.358749	0.229965	0.904663
-0.0553652	-0.0063254	0.998446
-0.0959545	-0.0328758	0.994843
-0.164149	0.00415057	0.986427
-0.178588	-0.73258	0.656835
0.2629	0.123582	0.956876
-0.440697	0.888945	0.124751
-0.496106	0.192447	0.846666
-0.26526	0.27565	0.923934
0.81762	0.29849	0.492343
-0.0879952	0.273916	0.957719
-0.0463983	-0.353974	0.934103
-0.338671	0.382443	0.859674
0.0154591	-0.0901507	0.995808
-0.0956519	-0.22124	0.970517
-0.126992	-0.0750356	0.989062
-0.428023	0.437358	0.790895
-0.482796	0.43964	0.75738
-0.132444	-0.9288	0.346107
0.579446	0.802587	-0.141762
0.45967	0.207692	0.863462
-0.0670763	-0.265224	0.961851
-0.0791424	-0.404926	0.910918
0.0805793	0.528854	0.844879
0.150253	-0.248997	0.956778
-0.289397	0.0865513	0.953288
0.634622	-0.0449638	0.771514
0.70209	-0.431225	0.56667
-0.569185	-0.0774485	0.818554
0.315772	-0.505868	0.802736
0.245398	0.688582	0.682374
-0.633533	0.0411583	0.77262
0.257957	0.123016	0.958293
-0.54423	0.632848	0.550743
0.154882	-0.326477	0.932429
0.296489	-0.463146	0.835219
-0.0580252	0.490546	0.869481
-0.324845	0.652863	0.684285
-0.834368	-0.0053087	0.551182
-0.790272	0.312505	0.527077
-0.772609	0.279617	0.569991
-0.435318	0.23313	0.869568
0.622501	0.744944	0.239896
-0.0164449	0.0956018	0.995284
0.00219162	0.55979	0.828632
-0.400329	0.0717242	0.91356
-0.175471	0.147451	0.97338
-0.293561	0.162028	0.942109
-0.17548	0.554221	0.813662
0.314267	0.942535	0.113422
0.0572397	-0.0211543	0.998136
-0.483934	0.331862	0.809738
0.0580875	-0.161544	0.985154
0.0207569	-0.26055	0.965237
0.380217	0.553811	0.740762
-0.483981	-0.0264739	0.874678
0.248077	-0.409937	0.87773
0.382008	0.49393	0.781091
0.103506	0.287118	0.952287
-0.382634	0.132364	0.914369
-0.207459	0.13687	0.968621
-0.802009	-0.0823649	0.591606
-0.671718	-0.411579	0.615953
-0.0388956	-0.752019	0.657993
-0.213918	0.357704	0.909003
-0.743726	-0.529148	0.408501
-0.0432813	-0.408042	0.911937
0.333069	0.308668	0.890948
-0.128766	0.685405	0.716687
-0.37854	0.237908	0.894487
-0.26631	0.245792	0.932022
0.501398	0.222809	0.836036
-0.221588	0.190685	0.956315
-0.302768	0.38633	0.871252
-0.149073	0.286187	0.946506
-0.492436	0.297669	0.817863
-0.18064	0.0451256	0.982513
0.329282	-0.616979	0.71478
-0.504528	0.360188	0.784676
-0.0588631	0.332199	0.941371
0.219284	0.39016	0.894254
-0.0137282	-0.41287	0.910686
0.63662	-0.00644417	0.771151
0.171198	0.87967	0.443703
-0.143956	-0.480833	0.864914
-0.306324	0.939824	0.151313
-0.554351	0.182952	0.811926
0.512766	-0.438672	0.737996
0.297812	0.159779	0.941158
0.856971	-0.229365	0.46151
0.154542	0.804369	0.573679
0.344804	0.330948	0.878398
-0.177005	-0.0736042	0.981454
0.394122	0.170756	0.903056
0.190901	-0.449313	0.87274
-0.586112	0.222591	0.779054
0.61444	-0.139221	0.776582
-0.41095	-0.197129	0.89009
-0.0816964	0.452294	0.888119
-0.469974	-0.489255	0.734679
0.236547	0.90271	0.359388
-0.227358	0.0429177	0.972865
-0.0749046	0.650473	0.755827
0.320124	0.785654	0.529404
0.90386	0.115987	0.411806
0.93134	-0.362364	-0.0360211
-0.00734539	0.237428	0.971377
-0.36895	0.58069	0.725723
-0.461082	0.366715	0.808037
-0.429352	0.181466	0.884719
-0.223335	0.227343	0.947859
-0.689157	0.623662	0.368929
0.0173296	-0.512028	0.858794
-0.807087	0.00198427	0.59043
0.368552	0.145983	0.918073
0.516206	-0.512295	0.686356
-0.0954325	0.820514	0.563604
0.202533	0.862511	0.46374
0.0804951	-0.0581604	0.995057
-0.480901	0.0586172	0.874813
-0.0331768	0.403541	0.91436
0.0901277	0.411561	0.906915
-0.065136	0.52354	0.849507
0.402642	0.678701	0.614202
-0.329358	0.32787	0.885452
-0.74754	-0.291202	0.59698
0.212086	0.502708	0.838036
-0.0551452	-0.260736	0.963834
0.0480453	-0.0141821	0.998744
-0.0655076	-0.672747	0.736967
-0.350894	0.445618	0.823588
0.118527	-0.382279	0.916414
-0.276349	0.510981	0.813959
-0.0840287	-0.851224	0.518032
0.494229	0.0879032	0.864876
-0.0330712	0.393823	0.918591
0.398738	-0.157821	0.903383
-0.219848	-0.403043	0.888382
-0.23643	-0.272843	0.932554
-0.13015	0.0986973	0.98657
-0.764672	-0.121132	0.632932
0.291712	-0.431288	0.853753
-0.596873	0.112154	0.794459
-0.365036	0.35529	0.860533
-0.159146	0.617391	0.77039
-0.278304	-0.221004	0.934721
-0.714405	-0.154141	0.682544
-0.7385	-0.00675917	0.67422
-0.317906	-0.230392	0.919704
-0.423014	0.162005	0.891523
-0.117213	-0.239322	0.963839
0.576686	-0.0920475	0.811764
0.376226	0.153646	0.9137
-0.286673	0.607611	0.740694
-0.286691	0.0188968	0.957837
0.262299	0.347417	0.900278
0.319326	0.251056	0.913784
-0.222729	0.746366	0.62716
0.778958	-0.112836	0.616841
0.0734912	0.00728655	0.997269
-0.0857787	0.531733	0.842557
0.309907	0.0673462	0.948379
-0.607095	0.562454	0.561321
-0.136317	0.487398	0.862474
-0.16367	0.120138	0.979173
-0.191414	0.373398	0.907708
0.24969	0.369725	0.894963
0.739545	-0.315031	0.594835
-0.726217	0.494313	0.477769
0.284779	0.758696	0.585902
-0.502287	0.581376	0.640086
0.293747	0.396435	0.8698
-0.250066	-0.069305	0.965745
0.0195974	0.483008	0.875397
0.217844	-0.105121	0.970306
-0.18233	0.900598	0.394562
-0.0253221	0.426362	0.904198
0.0919392	-0.201948	0.975071
0.339973	0.849641	0.403149
0.120515	0.294353	0.948068
0.10899	-0.290357	0.950691
-0.556742	-0.00542741	0.830668
0.961114	0.252915	0.110875
0.272164	0.534401	0.800214
-0.422592	-0.00513405	0.906305
0.138229	-0.839814	0.52498
-0.179078	-0.169787	0.969073
0.148285	-0.155531	0.976638
-0.37382	0.311447	0.873647
-0.232299	-0.256716	0.938155
-0.108143	-0.40661	0.907179
-0.353057	0.571134	0.741051
0.148235	-0.161629	0.975655
0.192695	-0.620095	0.760493
-0.0574705	0.163556	0.984859
0.053697	-0.573708	0.817298
0.312129	0.0830639	0.946401
0.782376	-0.49396	0.379329
-0.623042	-0.343823	0.70257
-0.0261446	-0.619399	0.784641
0.00643435	-0.256196	0.966604
-0.544194	-0.197831	0.815301
0.0819265	0.426182	0.90092
0.129048	0.152724	0.979807
-0.131515	-0.00740697	0.991286
-0.401394	0.289582	0.868922
-0.26108	0.493909	0.829392
-0.291398	0.19213	0.937109
0.551677	-0.364393	0.750246
-0.410543	0.176266	0.894642
0.339792	0.0753234	0.937479
-0.46615	0.117237	0.876904
-0.0926746	-0.285267	0.953957
0.339097	-0.268974	0.90148
0.131181	-0.511466	0.849232
0.0632006	-0.0791567	0.994857
-0.310884	0.436885	0.844087
-0.295304	0.425055	0.855643
0.165479	0.314103	0.934856
-0.071065	0.66664	0.741985
-0.0904067	0.510174	0.855307
-0.241081	-0.137847	0.960665
0.328479	0.407384	0.852138
-0.283915	0.23365	0.929946
-0.757291	0.360234	0.54474
-0.739133	-0.574591	0.351464
-0.720171	-0.686415	0.100934
-0.421497	-0.289563	0.859356
0.443373	-0.0177735	0.896161
0.545815	0.259157	0.796821
-0.2483	0.294881	0.922709
0.672285	0.00112968	0.740292
0.063533	0.945689	0.318803
-0.238268	-0.59142	0.770357
-0.166596	0.426953	0.888795
0.402637	-0.661966	0.632206
0.164427	-0.393903	0.904325
0.0675177	-0.174506	0.982338
0.268717	0.254396	0.929018
0.0234006	0.174302	0.984414
0.388611	-0.47933	0.786908
0.016098	0.494632	0.868953
-0.192918	0.0116307	0.981146
-0.214305	-0.0339539	0.976176
-0.620581	0.472969	0.625444
0.262463	0.52208	0.811508
-0.667129	0.407989	0.623285
-0.596497	-0.243638	0.764743
-0.0387108	0.497508	0.866595
0.44039	-0.473569	0.762751
-0.698058	0.0735497	0.712254
-0.321222	0.295424	0.899745
0.0201891	-0.575978	0.817216
-0.151902	-0.112427	0.981981
0.117243	-0.251306	0.96078
-0.464505	-0.462557	0.755166
0.234239	-0.536726	0.810591
0.455438	-0.0103698	0.890207
0.142444	0.532293	0.83449
0.323524	0.0989614	0.941031
0.193265	-0.387192	0.901516
-0.38409	0.1558	0.910056
0.298942	0.0867716	0.950318
-0.0215166	0.985439	0.168662
-0.119209	-0.0715917	0.990285
0.0569394	0.147644	0.9874
-0.675538	0.140163	0.723881
-0.580952	0.602828	0.546895
-0.468142	0.384572	0.79558
0.0904882	-0.0953822	0.991319
-0.272182	0.663922	0.696509
-0.287789	0.713384	0.638952
-0.174786	-0.725698	0.665442
0.255486	0.50923	0.821834
-0.00321547	0.732878	0.680352
0.114705	0.652037	0.74946
-0.252253	-0.229921	0.939949
0.579883	-0.280587	0.764857
-0.00818106	0.719665	0.694273
-0.858966	0.315025	0.403654
0.859065	-0.044747	0.509907
0.335817	-0.285496	0.897618
0.402935	0.30245	0.86381
-0.460074	0.72253	0.516025
-0.585294	-0.297099	0.754429
0.368317	-0.355576	0.859016
0.405449	0.0426461	0.913122
-0.967286	-0.0175098	0.253083
-0.219084	-0.348995	0.911156
0.230287	0.052628	0.971699
-0.156722	0.0936414	0.983193
-0.0909418	-0.368041	0.925352
0.751206	0.0892279	0.65401
-0.255707	0.569341	0.781322
-0.229929	-0.0679632	0.970831
-0.220293	-0.0487229	0.974216
0.367238	-0.237147	0.899387
-0.410122	0.358746	0.838511
-0.42071	0.125181	0.898517
0.479166	0.254111	0.840136
0.26793	0.405326	0.874028
-0.360403	-0.312733	0.87881
-0.263903	0.264368	0.927613
-0.328356	-0.629993	0.703769
-0.17344	0.419442	0.89106
-0.2615	-0.245244	0.933527
-0.0145805	-0.294644	0.955496
0.0471695	0.142095	0.988729
-0.491183	-0.0696832	0.868264
-0.159839	0.0599786	0.985319
-0.452485	-0.108258	0.885176
-0.205615	0.256756	0.944351
-0.402073	0.124347	0.907125
0.185156	0.393102	0.90066
0.137609	-0.524195	0.840407
-0.145018	-0.544365	0.826218
-0.0696447	-0.418487	0.905549
-0.0102553	-0.216284	0.976277
0.42843	0.511637	0.744765
-0.495994	0.0483883	0.866977
-0.199205	0.457959	0.866367
-0.473441	0.769406	0.428798
0.557822	-0.0301051	0.829415
0.664671	-0.235574	0.709026
-0.0804957	-0.0624344	0.994798
0.308487	-0.0856505	0.947364
0.743894	0.259879	0.615699
0.0445735	0.203275	0.978107
-0.526082	-0.420046	0.739459
-0.0978075	0.600133	0.793898
0.604895	-0.12903	0.785782
-0.391431	0.0551309	0.918555
0.557639	0.271437	0.784449
0.497316	-0.580476	0.644767
-0.201136	-0.146337	0.968571
0.199446	0.309125	0.929873
-0.390017	0.356883	0.848835
0.098202	0.501765	0.859411
-0.158263	0.585131	0.795346
-0.149489	0.726311	0.670914
0.567901	-0.175832	0.804096
0.535266	0.197589	0.821249
0.190073	-0.391505	0.900331
0.404629	-0.174678	0.897643
0.0817302	0.440848	0.893853
-0.384422	-0.275818	0.88099
-0.301741	-0.0707086	0.950764
-0.0304817	-0.184249	0.982407
-0.240783	0.744195	0.623055
-0.0579818	0.417266	0.906933
0.27344	-0.666392	0.693651
0.612107	0.0354109	0.789982
-0.513355	-0.657385	0.551644
-0.227084	0.00924267	0.973831
0.202072	0.0706954	0.976816
0.457201	0.231526	0.858698
0.295472	0.0202479	0.955137
-0.654133	-0.371859	0.658658
0.225187	0.0205794	0.974098
0.34046	0.0378023	0.939499
-0.182124	-0.251756	0.9505
-0.427971	-0.425401	0.797418
-0.177395	0.690968	0.700782
-0.197722	-0.266369	0.943374
-0.0243924	-0.0995115	0.994737
0.00610113	-0.0339144	0.999406
0.0606159	0.315658	0.946935
0.385659	0.0111032	0.922574
-0.165639	-0.46545	0.869437
0.00458519	-0.383437	0.923556
0.12544	-0.304733	0.944141
-0.404668	-0.174384	0.897682
0.220159	0.603811	0.766121
-0.215369	-0.386204	0.896919
-0.0155931	0.361178	0.932367
0.422608	-0.220991	0.878957
-0.352018	0.50594	0.78747
0.258838	-0.372966	0.89101
-0.202823	0.619986	0.757945
0.66253	-0.568484	0.48773
0.112414	-0.355003	0.928082
0.641991	0.35067	0.68182
0.237091	-0.224581	0.945173
-0.69516	-0.00175005	0.718853
-0.0074783	-0.752585	0.658452
-0.294851	-0.245129	0.923566
-0.185493	0.145894	0.971755
0.538542	-0.0950675	0.837219
0.142176	0.535985	0.83217
-0.0617475	0.127914	0.989861
0.399258	-0.23095	0.887274
-0.0163815	0.0518338	0.998521
0.26497	0.20004	0.943279
0.441899	0.340718	0.829841
0.0573008	-0.0705461	0.995861
0.296231	-0.365934	0.882236
-0.451367	0.297248	0.841375
0.0693196	-0.78871	0.610845
-0.287476	0.12918	0.949036
-0.147636	-0.260622	0.954086
-0.179282	0.136223	0.974321
0.213694	-0.137062	0.967238
0.453816	0.00763929	0.891062
-0.542123	0.721135	0.431356
-0.16981	0.230396	0.958166
-0.804972	0.0888777	0.586618
-0.331965	0.182028	0.925562
0.156046	-0.268706	0.950498
0.237238	-0.257215	0.936781
-0.0324466	0.238659	0.970561
0.000800295	0.0228967	0.999738
0.341669	-0.161135	0.925904
0.422436	-0.0363678	0.905663
0.390596	0.530588	0.75227
0.0102179	0.20148	0.979439
-0.0899255	0.360025	0.928599
0.764253	0.420852	0.488672
0.0537316	-0.105796	0.992935
-0.351009	0.0940156	0.93164
-0.113341	0.433607	0.893946
-0.609686	-0.660475	0.438242
0.299237	-0.0425238	0.953231
0.643748	-0.022128	0.764918
0.468022	0.381564	0.797097
0.213481	-0.421991	0.881107
-0.635085	0.719783	0.280319
-0.263121	0.341659	0.90224
-0.374407	-0.674361	0.63644
0.323123	-0.393474	0.86068
-0.14554	-0.792024	0.592888
0.171132	0.682629	0.710444
-0.0776263	-0.323232	0.943131
-0.354617	-0.587434	0.727439
-0.44229	0.34845	0.826415
0.242147	0.41861	0.875289
0.509386	0.200415	0.836875
-0.0802837	-0.510746	0.855975
0.498512	0.104195	0.860598
0.0885256	0.74949	0.65607
0.614621	-0.160293	0.772364
0.319575	0.476831	0.818843
0.502135	0.634896	0.58717
0.608116	-0.233799	0.758639
0.463218	0.312848	0.829189
0.248338	0.660353	0.708704
0.0477515	0.919213	0.390854
0.287643	-0.214434	0.933424
0.655875	0.417042	0.629209
-0.148268	-0.737046	0.659378
0.314277	-0.193824	0.929334
0.263613	-0.170923	0.949365
0.406203	0.231933	0.883859
0.295287	-0.775134	0.558545
0.018502	-0.335843	0.941736
-0.469761	-0.305768	0.828149
0.0984097	-0.256419	0.961543
-0.443988	0.0455265	0.894876
0.808554	-0.0518102	0.586137
0.188168	-0.174316	0.966544
-0.0456787	-0.0699285	0.996506
-0.356746	0.0339795	0.933583
-0.282556	0.26412	0.922173
-0.0557062	-0.0717967	0.995862
-0.166317	-0.241871	0.955948
-0.170529	-0.0818002	0.981951
0.187774	-0.224884	0.956122
0.515816	0.0268926	0.856277
-0.0191063	-0.226581	0.973805
0.241824	0.432881	0.86841
-0.399048	0.295606	0.867973
-0.445689	0.514856	0.732315
-0.526905	0.686531	0.501045
0.349833	0.752621	0.557833
-0.202498	-0.650232	0.732252
-0.0772958	0.0673668	0.99473
-0.0642136	-0.226084	0.971989
-0.163511	0.29745	0.940632
0.156384	-0.0360285	0.987039
0.0654667	0.612339	0.78788
-0.0633436	0.6787	0.731678
-0.48742	-0.0956258	0.867916
0.622946	0.429484	0.653821
-0.229815	0.149279	0.961718
-0.551007	0.0324665	0.833869
0.167833	-0.313051	0.934789
-0.493907	0.507471	0.706066
-0.0987473	0.24012	0.965708
-0.38516	0.0119564	0.922772
0.310756	0.249452	0.917172
-0.000398914	0.219091	0.975704
-0.0746349	-0.284414	0.955792
0.537869	0.14858	0.829832
0.599776	-0.267603	0.754093
0.00881011	0.0157574	0.999837
0.0834183	0.267857	0.959841
0.127836	-0.11932	0.984592
-0.740983	0.645779	0.184153
0.165072	0.00185162	0.98628
0.656873	0.126626	0.743293
0.062218	-0.593684	0.80229
0.30752	0.526027	0.792923
0.609499	0.78505	0.110492
-0.217526	-0.0479132	0.974878
-0.443196	0.205964	0.872442
-0.410035	-0.11877	0.904303
0.145702	0.849345	0.50733
-0.211632	-0.180025	0.960626
0.664327	-0.310558	0.67987
0.482916	-0.239159	0.842375
0.785776	0.208265	0.582394
-0.797481	-0.168732	0.57927
-0.784208	0.250344	0.567755
0.0766749	0.0577836	0.99538
-0.243732	0.55002	0.798795
0.480462	-0.223009	0.848188
-0.512376	0.231138	0.827071
-0.0945191	0.388853	0.916439
-0.307781	-0.55582	0.772227
-0.548699	0.714069	0.434782
0.186209	0.127451	0.974209
0.490724	-0.36582	0.790801
0.0643726	0.873984	0.481671
0.0602886	-0.146628	0.987353
-0.499309	-0.415945	0.760052
0.0459235	-0.119978	0.991714
-0.017038	0.441899	0.896903
0.28441	-0.632837	0.720159
0.378161	-0.233473	0.895815
0.132889	0.0772378	0.988117
0.578162	0.421382	0.698689
-0.337487	0.386244	0.858439
-0.163431	0.283478	0.94495
0.318522	0.728878	0.606037
-0.331853	0.469253	0.818337
-0.0821308	0.140213	0.986709
0.21311	-0.847734	0.485727
0.584095	-0.19175	0.788711
0.267581	-0.30157	0.915126
-0.0467437	0.35025	0.935489
0.217209	0.0275381	0.975737
-0.799835	0.459108	0.386631
0.493379	0.127375	0.860437
-0.526191	-0.25657	0.810737
-0.229192	-0.181623	0.956287
-0.290728	0.492427	0.820361
-0.393842	-0.324283	0.860075
0.574777	0.0735845	0.814995
0.13438	0.824571	0.549568
-0.263651	0.469591	0.842598
0.404854	0.276082	0.871706
0.187792	0.297904	0.935942
0.339465	0.431421	0.835846
0.230347	-0.185923	0.955182
0.412471	0.154302	0.897808
0.0764493	0.00501042	0.997061
-0.0240954	0.186553	0.982149
-0.410689	-0.405577	0.816604
-0.710029	0.0914842	0.698204
-0.204124	0.0979855	0.974029
-0.00206963	-0.754066	0.656795
0.0116321	-0.0356713	0.999296
0.0166865	0.195703	0.980521
-0.463782	-0.153285	0.872588
-0.502753	0.231156	0.832951
-0.26231	0.259074	0.929556
-0.119948	0.284058	0.951275
0.225914	-0.58372	0.779893
-0.49969	-0.104396	0.85989
0.255479	0.0365387	0.966124
-0.332632	-0.296745	0.895153
0.0389165	-0.454392	0.889951
-0.210272	0.699478	0.68302
-0.640651	0.215475	0.736978
-0.0898988	0.668198	0.738532
-0.151857	0.102575	0.983065
-0.988995	0.111628	0.0971031
-0.521421	0.119072	0.844951
-0.603233	0.0706176	0.794433
-0.464533	0.307691	0.830382
-0.345565	-0.609734	0.713309
-0.236918	-0.138962	0.96154
-0.588721	0.197455	0.783849
0.46896	0.200621	0.860132
-0.147339	0.0463917	0.987998
-0.0975838	0.59169	0.800238
-0.182568	0.573406	0.798671
-0.74771	0.184781	0.637798
0.0257	0.299517	0.953745
-0.367892	0.532015	0.762637
-0.399306	0.222718	0.889355
-0.330071	-0.5149	0.791158
0.189914	-0.190504	0.963141
-0.897354	0.0833185	0.433375
-0.0428402	-0.225187	0.973373
0.400337	0.0248443	0.916031
-0.199885	0.266166	0.942975
-0.290406	0.585703	0.756714
-0.232899	0.150064	0.960853
-0.0969057	0.426754	0.899161
-0.00887774	0.108758	0.994029
0.23464	0.255598	0.937877
-0.527145	0.578171	0.622765
-0.319789	-0.472203	0.821437
0.0535589	0.129084	0.990186
-0.236636	-0.14385	0.960891
0.168808	-0.386329	0.906782
-0.126359	-0.510155	0.85075
0.316731	-0.616014	0.721254
0.386442	-0.0642579	0.920073
-0.436768	0.20869	0.875033
-0.633584	-0.354449	0.687705
-0.149375	0.313168	0.937877
-0.0539855	0.332821	0.941443
0.507187	-0.028385	0.861368
0.759396	0.108218	0.641566
-0.0713294	0.0386719	0.996703
0.162433	0.435532	0.885397
-0.341526	0.330022	0.880026
-0.0720533	-0.156126	0.985106
-0.437441	0.214718	0.873237
0.382624	0.268627	0.88399
0.412713	-0.260455	0.872829
-0.45272	-0.304259	0.838135
0.446252	-0.214306	0.868868
-0.498751	-0.0760016	0.863407
0.417359	-0.442259	0.793863
-0.664051	0.473325	0.578791
0.333372	0.681253	0.651734
-0.00796274	-0.363968	0.931377
-0.242257	-0.0694937	0.96772
0.22754	0.28053	0.932485
-0.98626	-0.0108931	0.16484
0.228838	0.192044	0.954333
-0.173182	0.538451	0.824669
-0.226584	0.562213	0.795347
0.291643	-0.142775	0.945812
0.458821	0.349388	0.816952
0.60777	0.0775437	0.790318
-0.824616	-0.0166032	0.565449
-0.32856	0.472145	0.818002
0.28959	0.441818	0.849079
-0.315021	0.134888	0.93945
-0.0459784	-0.315292	0.94788
-0.061717	-0.38512	0.920801
-0.476042	0.25826	0.840646
-0.10271	0.119595	0.987496
-0.415628	0.573539	0.705908
0.101363	0.808982	0.579028
0.394248	0.00484918	0.918991
0.393684	0.0722196	0.916405
-0.0847983	-0.52583	0.846352
-0.65213	0.0615023	0.755608
0.159826	0.211799	0.964156
-0.326516	0.328141	0.886404
-0.633314	-0.161802	0.756792
0.110988	0.252486	0.961214
-0.197831	-0.359633	0.911881
0.182143	-0.539077	0.822326
-0.301755	-0.241464	0.922301
0.177832	-0.114114	0.977422
-0.591162	0.217108	0.776783
0.247357	0.728129	0.639252
0.0218707	-0.0835813	0.996261
0.151546	-0.303265	0.940779
0.529724	-0.55031	0.645408
-0.180594	0.377612	0.908182
0.236412	-0.615256	0.752044
0.0156613	-0.35547	0.934556
0.446077	-0.366564	0.816484
0.160206	0.335068	0.928474
-0.235749	-0.519458	0.821332
0.042699	-0.0153733	0.99897
0.628135	-0.57342	0.525962
-0.318759	-0.27255	0.907805
-0.0519642	-0.491303	0.869437
-0.477054	-0.584142	0.656657
0.224371	0.404491	0.886592
0.346503	0.663331	0.66327
-0.195227	0.330047	0.923556
-0.231587	-0.518225	0.823293
0.254155	-0.0793015	0.963907
0.269016	-0.426848	0.863383
-0.255792	-0.137683	0.956877
-0.280935	-0.36385	0.888082
-0.509715	-0.256287	0.821284
0.190185	0.201743	0.960796
-0.295147	0.195263	0.935287
0.0174741	0.1136	0.993373
0.505112	0.307286	0.806497
0.494023	-0.00102723	0.869448
0.40132	0.112864	0.908958
0.285209	-0.0584484	0.956682
-0.18982	0.38892	0.901504
0.731861	-0.138102	0.667314
-0.395375	-0.686337	0.610426
-0.195531	0.202669	0.959527
0.372599	0.226157	0.900012
-0.281365	0.032053	0.959065
0.391101	-0.241283	0.888157
0.281886	0.480345	0.830547
-0.0968722	0.227649	0.968913
0.739092	0.0839277	0.668355
0.167916	-0.338105	0.926007
-0.226067	0.163138	0.960354
-0.291611	0.401752	0.868077
-0.174494	0.426137	0.88767
0.603468	0.491663	0.627769
-0.300914	0.343075	0.889804
0.0351669	-0.996386	0.0773172
0.0234203	-0.593535	0.804467
-0.174593	0.350788	0.920035
0.345162	0.694032	0.631809
-0.366096	0.345679	0.86399
-0.516936	0.693882	0.501304
-0.286071	-0.103244	0.95263
-0.549651	-0.341255	0.762515
-0.36543	-0.0226722	0.930563
-0.475449	0.506103	0.719589
-0.106282	0.429607	0.89674
0.475716	0.792848	0.380901
0.440535	0.0685666	0.895113
-0.258374	-0.13331	0.956803
-0.0775556	-0.158886	0.984246
0.407362	-0.569136	0.714241
-0.672943	0.0350358	0.738865
0.609448	-0.571588	0.549418
0.534762	0.304032	0.788413
-0.0228279	0.0937178	0.995337
-0.497634	-0.54492	0.67485
0.608248	0.215429	0.763953
-0.0713695	0.293548	0.953277
0.67197	0.415095	0.613313
-0.357317	-0.461021	0.812271
0.089591	0.00372764	0.995972
-0.102513	-0.616764	0.780444
-0.739245	0.259307	0.621511
0.131595	-0.38674	0.912751
0.0191326	-0.295557	0.955133
0.381509	-0.430529	0.817982
0.270412	-0.486235	0.830935
-0.313643	-0.129081	0.940726
-0.220069	-0.748307	0.625785
-0.174426	0.110241	0.97848
0.181874	-0.0904683	0.979151
-0.100253	-0.11744	0.988007
0.182311	-0.327379	0.927139
-0.107779	-0.0921886	0.989891
0.605058	0.0353217	0.795397
-0.196242	0.582648	0.788676
0.0315799	0.704979	0.708524
-0.439374	0.0371754	0.897534
-0.362766	0.0345254	0.93124
-0.184139	-0.338388	0.922814
0.290235	-0.26382	0.919871
0.18491	0.293279	0.937974
0.46963	0.16363	0.867567
-0.16753	0.361476	0.917207
-0.641057	0.196345	0.741953
-0.427431	-0.274015	0.861521
0.0314941	-0.12462	0.991705
0.110459	0.696109	0.709388
0.282222	0.0203131	0.959134
0.221346	0.190117	0.956484
0.305489	0.722994	0.619642
-0.297148	-0.10427	0.949121
0.0602157	0.485448	0.872189
0.0264522	0.329198	0.94389
0.313895	0.471192	0.824286
0.110604	0.090216	0.989762
-0.183712	-0.0110813	0.982918
0.242345	-0.0741915	0.967349
-0.554315	-0.125096	0.822853
-0.0534182	0.487979	0.871219
-0.342973	0.348648	0.872247
-0.662384	0.1337	0.737137
-0.128708	0.484003	0.865549
-0.510156	0.695577	0.50588
-0.340452	-0.423476	0.8395
-0.396327	-0.426399	0.813086
0.430355	0.231442	0.872484
0.114202	-0.392963	0.912435
0.497134	-0.217556	0.839956
0.284057	-0.546482	0.787825
-0.306731	-0.612596	0.728452
-0.614901	0.392766	0.683836
0.549984	0.580289	0.600652
-0.026993	-0.46273	0.886088
-0.208534	-0.492807	0.844781
0.247325	-0.673182	0.69689
0.245039	-0.318242	0.915794
0.101937	-0.0453778	0.993755
0.394287	0.381469	0.836074
0.405346	0.772856	0.48825
-0.374598	-0.436835	0.817833
-0.15152	0.35904	0.920941
-0.166561	-0.172716	0.970787
0.093915	-0.26919	0.958497
-0.0970158	-0.433853	0.895745
-0.567342	0.286093	0.772188
0.653903	0.39087	0.647789
0.597412	-0.0890192	0.796978
0.223505	-0.303161	0.926358
0.114885	0.284677	0.951714
-0.386993	-0.288129	0.87591
-0.444306	0.282937	0.850023
-0.180607	-0.0635063	0.981503
-0.6826	-0.069013	0.727527
-0.125391	0.298038	0.946283
-0.0216789	-0.0805107	0.996518
-0.0074378	0.227308	0.973794
-0.066932	-0.621839	0.78028
-0.361985	0.209687	0.908294
0.0825915	-0.295388	0.951801
-0.217927	0.829877	0.513626
0.473155	0.437384	0.764735
0.760244	-0.00880046	0.649579
-0.186373	0.470913	0.862268
0.0674866	0.436876	0.896986
0.119807	0.00121014	0.992796
-0.647893	-0.0206419	0.761452
0.286639	0.394082	0.873234
-0.316143	0.313951	0.895259
0.297019	0.126987	0.94639
0.347326	0.125605	0.929294
-0.316949	-0.154315	0.935805
0.353544	0.613573	0.70607
0.413886	0.286544	0.864055
0.176854	-0.10972	0.978102
-0.25314	0.718713	0.64759
-0.222362	0.50239	0.835559
0.440029	0.417535	0.795009
0.0110601	0.685616	0.72788
-0.100726	0.0975056	0.990125
-0.348337	0.250336	0.903323
0.273925	0.318551	0.907464
-0.272789	0.0410302	0.961199
0.144642	0.325143	0.934538
0.105503	-0.639046	0.761898
0.291923	0.57421	0.764895
-0.397033	0.362581	0.843149
0.164478	0.115911	0.979547
0.0960921	0.329558	0.939232
-0.394332	-0.344903	0.851789
-0.197545	-0.340163	0.919383
-0.290962	-0.822346	0.488967
0.223518	-0.480662	0.847941
0.0249738	0.430667	0.902165
-0.147829	0.320052	0.935796
-0.0197782	0.580206	0.81423
0.537806	-0.196643	0.819814
-0.077943	0.128427	0.988651
0.844899	-0.0815585	0.528672
0.205435	-0.371002	0.905624
0.44526	-0.29299	0.846109
-0.48419	-0.457097	0.746071
-0.860439	0.0762591	0.503815
0.182388	0.0588658	0.981463
-0.19099	-0.380154	0.904989
-0.0242536	-0.10517	0.994158
-0.11864	0.478573	0.869996
0.138907	-0.0679877	0.987969
0.117184	-0.0657223	0.990933
-0.434597	0.394075	0.809833
-0.37903	-0.0600205	0.923436
0.337324	-0.61161	0.715643
0.425545	0.438176	0.791779
-0.359247	0.74933	0.556279
-0.142429	0.824407	0.547784
0.177558	-0.158317	0.971292
-0.177099	0.00727225	0.984166
0.418827	-0.034543	0.907409
0.183434	0.588911	0.787106
0.0887931	-0.567117	0.818837
0.653466	-0.0288833	0.756405
-0.304839	-0.0411017	0.951517
-0.0293367	0.585286	0.810296
0.364206	0.490758	0.791524
-0.549151	-0.283772	0.78607
-0.331693	0.0639877	0.941215
0.244788	0.221824	0.943861
-0.411486	0.0563762	0.909671
0.0164168	-0.405779	0.913824
-0.719183	0.579096	0.383958
-0.292062	0.683545	0.668929
0.29078	0.201833	0.93526
-0.254915	-0.391125	0.88433
0.488886	-0.573133	0.657654
-0.214974	0.26039	0.941267
0.306909	-0.727417	0.613736
0.339299	0.194688	0.920311
-0.0955225	0.256314	0.961862
0.054214	0.205828	0.977085
0.0607958	-0.119749	0.990941
0.0978104	-0.17012	0.980557
0.188138	0.192369	0.963119
0.195997	-0.0818385	0.977184
-0.265707	-0.187208	0.945702
0.639001	0.0726885	0.765763
-0.052377	0.216628	0.974848
0.112602	-0.237897	0.964741
-0.00990012	-0.195513	0.980651
-0.41201	0.296028	0.861751
0.483824	-0.254367	0.837384
0.174239	0.184044	0.967351
-0.254807	0.790682	0.556682
-0.00768608	0.0188919	0.999792
0.1829	0.539715	0.821739
-0.0554095	-0.178781	0.982327
-0.275966	0.322437	0.905471
-0.712481	0.313228	0.627901
0.102453	0.520243	0.84785
-0.361865	-0.0456855	0.93111
-0.059783	-0.213139	0.975191
0.579595	0.419522	0.69862
-0.347465	0.368309	0.862332
-0.0674965	-0.0843994	0.994143
0.525526	-0.00917007	0.850728
-0.0891046	0.76905	0.632948
0.0923564	-0.0328063	0.995185
0.0889921	0.142182	0.985832
-0.473991	0.454898	0.753923
0.235685	-0.137475	0.962057
-0.136177	-0.117662	0.983672
0.0023813	-0.283052	0.959102
-0.0418889	0.713595	0.699305
0.327585	0.384321	0.863125
0.0281538	-0.161549	0.986463
-0.432036	-0.692501	0.577743
0.0488848	0.136691	0.989407
0.280586	-0.365892	0.887353
0.708839	-0.0443621	0.703974
0.0519149	0.708029	0.704273
0.333383	0.0394345	0.941967
0.262817	0.000735039	0.964845
0.640167	-0.207593	0.739656
0.327716	0.168666	0.929599
0.193878	-0.445038	0.874273
0.307268	0.479417	0.822037
-0.276245	-0.312271	0.908942
-0.0920621	-0.988824	0.117264
0.160399	0.736344	0.65732
0.396512	-0.0829886	0.914271
-0.136749	0.353412	0.925419
-0.0800165	0.669072	0.738877
-0.244196	0.588215	0.770955
-0.381064	0.229351	0.895649
0.00673503	0.762405	0.647065
-0.563589	-0.362224	0.742402
-0.292739	0.304186	0.906518
-0.145927	0.965394	0.216147
-0.39058	0.394184	0.831905
0.114905	0.203301	0.97235
-0.532277	-0.326676	0.781002
0.802927	-0.321007	0.502258
0.223075	-0.391851	0.892575
-0.322176	0.074115	0.943774
-0.469749	-0.255379	0.845055
-0.155222	0.0345758	0.987274
0.115289	0.136369	0.983927
-0.639443	-0.00065281	0.768838
0.42156	-0.341213	0.840155
0.518682	0.310599	0.796553
0.361786	-0.087746	0.928122
-0.152364	-0.397765	0.904748
-0.558021	-0.281235	0.780718
0.279686	0.783933	0.554278
-0.666755	-0.0823382	0.740714
-0.591122	0.0102045	0.806518
-0.335925	-0.111493	0.935267
0.165272	0.360729	0.91791
0.0629051	0.212827	0.975063
-0.0919795	-0.019422	0.995571
-0.70824	-0.181794	0.682163
-0.399854	0.574515	0.714177
-0.441845	-0.249826	0.861603
-0.390373	-0.284904	0.875465
0.135285	-0.0822355	0.987388
-0.0761497	0.0293791	0.996663
0.469792	-0.259137	0.843886
-0.582624	0.316557	0.748559
-0.0959207	-0.0671533	0.993121
0.394905	0.114426	0.911568
0.267732	0.326516	0.906481
0.779397	-0.251926	0.57365
0.238322	0.166922	0.956734
-0.0778225	0.0239049	0.996681
-0.442707	-0.0891652	0.892222
0.0546465	0.535843	0.842547
0.187191	-0.0868481	0.978477
-0.0969648	0.142085	0.985094
0.755466	0.255086	0.603492
0.510843	0.26133	0.818991
-0.534791	-0.273668	0.79944
-0.407307	0.143637	0.901926
-0.154999	0.0125982	0.987834
0.0739698	0.205784	0.975798
0.0652829	-0.141151	0.987833
0.59601	-0.74963	0.287796
0.506005	0.394125	0.767219
0.165136	-0.14605	0.975397
-0.392294	0.0746277	0.916808
-0.207057	-0.120419	0.97089
0.473061	0.226995	0.851285
0.067786	-0.194058	0.978645
0.19891	-0.204503	0.958443
0.367223	0.601272	0.709661
-0.160561	0.153611	0.974999
-0.303765	-0.329073	0.894113
0.171221	0.685412	0.707738
-0.508405	-0.23151	0.829414
0.150849	-0.0336518	0.987984
0.321589	0.173871	0.930779
0.0653863	0.130546	0.989284
0.676394	0.402616	0.616759
-0.215412	-0.558371	0.801136
0.628454	0.283232	0.724448
0.29779	0.137386	0.944694
0.0780964	-0.118342	0.989897
0.649605	0.283897	0.705277
-0.333597	-0.383375	0.861241
0.182317	-0.17937	0.96674
-0.423977	-0.0351498	0.90499
-0.552718	-0.482395	0.679557
0.58309	-0.325039	0.74455
0.456992	-0.158474	0.87524
-0.0926619	-0.750146	0.654748
-0.529901	-0.4916	0.691038
-0.0584588	-0.335758	0.940132
0.0341486	0.425827	0.90416
0.0912263	-0.394983	0.914148
0.0900986	-0.12971	0.98745
-0.0418289	-0.0671392	0.996866
-0.31999	-0.646488	0.692575
0.446954	-0.206833	0.870317
-0.0624597	-0.748369	0.660335
-0.0436774	0.0287411	0.998632
-0.591171	-0.269891	0.76005
0.18675	0.368759	0.910572
0.226952	0.735222	0.638703
-0.466306	0.121528	0.876236
0.394537	0.296641	0.869681
0.192793	0.229833	0.953943
-0.37111	-0.343012	0.862914
0.205059	-0.465014	0.861227
-0.113242	0.167142	0.979408
0.388281	0.17337	0.905086
0.359695	-0.213359	0.908349
0.360772	0.737568	0.570821
0.205597	0.542969	0.814196
-0.451384	-0.336915	0.826281
0.514081	-0.402192	0.757603
0.0225887	0.317864	0.947867
0.0747463	0.13043	0.988636
0.135197	0.556479	0.819788
0.702067	0.508709	0.498314
-0.351893	0.382931	0.854128
-0.257054	-0.00954179	0.96635
-0.0432646	0.369199	0.928343
-0.355757	-0.615203	0.703536
0.309862	0.0846341	0.947007
-0.162653	-0.0988052	0.981724
-0.309326	0.19707	0.930312
0.000655428	0.159777	0.987153
0.270376	0.353518	0.895501
-0.245529	0.240688	0.939034
-0.116522	0.29094	0.949619
0.272415	0.273771	0.92241
-0.00789099	0.567024	0.823663
-0.394441	-0.117228	0.911413
-0.128561	0.425462	0.895798
-0.0946694	0.244356	0.965053
0.0172901	-0.121567	0.992433
0.696764	0.519114	0.495016
-0.0889592	-0.0171589	0.995887
0.147218	-0.0484019	0.987919
-0.136757	-0.0355391	0.989967
0.0996169	-0.0416364	0.994154
0.13364	-0.218708	0.966596
-0.115107	-0.368582	0.922441
0.0715832	0.222565	0.972286
0.549478	0.414548	0.725413
0.641078	0.436314	0.631387
-0.305691	0.456577	0.835518
-0.305453	0.0975926	0.947193
0.370465	-0.456148	0.809126
-0.222105	0.166982	0.960618
0.229901	0.771981	0.592614
0.407651	-0.133037	0.903395
-0.120324	0.224618	0.96699
-0.375815	0.290403	0.880016
-0.367471	-0.0664571	0.927657
0.139874	0.119759	0.9829
-0.152746	0.10017	0.983176
0.0354079	0.0750772	0.996549
0.536874	0.0312905	0.843082
0.136201	0.265576	0.954421
-0.677024	0.291412	0.675809
0.0824168	0.426298	0.90082
0.102894	-0.140736	0.984686
-0.0921672	0.152774	0.983954
0.95667	0.106429	0.271028
0.182645	0.795174	0.57822
0.305855	-0.212448	0.928073
-0.196047	0.457046	0.867568
0.312626	0.871017	0.37894
-0.319015	-0.0588795	0.945919
-0.113349	-0.0179421	0.993393
0.403768	-0.149568	0.902553
0.173097	-0.175402	0.96916
-0.383801	-0.0671714	0.92097
-0.578318	-0.107928	0.808641
-0.257185	-0.0376332	0.965629
-0.297493	0.0942945	0.950056
-0.249569	0.588005	0.769393
-0.175219	-0.276328	0.944956
-0.106206	0.747092	0.656181
0.239581	0.347815	0.906436
-0.247505	0.142947	0.958284
-0.475814	-0.096386	0.874249
-0.413356	0.0527635	0.909039
-0.617673	-0.495696	0.610545
-0.295382	-0.02758	0.954981
-0.106113	0.169708	0.979765
-0.591923	-0.0417291	0.804913
-0.535698	-0.0537231	0.842699
-0.117381	0.161916	0.979798
-0.614434	-0.130915	0.778031
0.248376	0.0662669	0.966394
0.482547	0.364286	0.79652
0.22287	0.111649	0.968434
-0.04395	-0.475445	0.878647
0.214423	-0.217019	0.952326
0.29534	0.0862878	0.951488
0.0230525	0.191179	0.981284
-0.0887136	0.142221	0.985851
-0.141197	0.126952	0.981808
0.581865	-0.00113368	0.813284
-0.559827	0.597042	0.574573
0.060991	-0.284729	0.956666
-0.212086	-0.430825	0.87716
0.194519	0.21469	0.957116
0.331507	0.266888	0.904916
0.324889	-0.236051	0.915821
0.288917	0.638624	0.713223
-0.303773	0.451002	0.839237
-0.00135976	0.574361	0.818601
0.327182	-0.326692	0.886693
-0.26543	0.356979	0.895607
-0.305722	0.252794	0.917948
0.5449	0.377437	0.748749
-0.281431	0.231288	0.931291
-0.762595	0.0936118	0.640068
0.0140697	-0.0479362	0.998751
-0.651761	0.196831	0.732438
0.031578	0.268785	0.962682
-0.0404085	0.0903467	0.99509
-0.319928	-0.206152	0.924742
0.0327998	-0.758822	0.650472
-0.152602	-0.0714054	0.985705
-0.342302	0.576301	0.742096
0.00917553	0.108874	0.994013
-0.189896	0.616302	0.764272
0.509927	0.392478	0.765464
-0.143971	-0.0344943	0.988981
-0.422988	-0.241964	0.873232
0.290859	-0.234958	0.927467
-0.552116	0.359576	0.752246
0.131506	0.279023	0.951237
-0.20069	0.517552	0.831784
0.229095	-0.328291	0.916373
0.4231	-0.0159418	0.905943
0.248046	-0.0371672	0.968035
0.323697	0.495112	0.806278
-0.62412	-0.278256	0.730102
-0.172541	0.274665	0.945933
-0.351091	0.356545	0.8658
0.482693	0.538035	0.691032
-0.204584	0.288894	0.935247
-0.542134	-0.161243	0.824677
-0.417375	0.282331	0.863763
-0.633823	0.194899	0.74852
0.473089	0.0371477	0.880231
-0.321785	-0.011806	0.946739
-0.0598556	0.104532	0.992719
0.344451	-0.252649	0.90417
0.259207	0.438884	0.860344
-0.125743	0.613499	0.77962
-0.635169	0.209101	0.74353
-0.223608	0.581732	0.78204
-0.349946	0.539522	0.765802
0.0269169	-0.131467	0.990955
0.783115	0.155319	0.602168
-0.44727	0.629962	0.6349
0.368963	0.180123	0.911824
0.0896631	0.242287	0.966053
-0.0885629	-0.0521118	0.994706
0.0389946	-0.453574	0.890365
0.0958844	0.744815	0.660346
0.434155	0.011216	0.900768
-0.606181	0.238185	0.758823
0.288206	0.0926216	0.953078
-0.0796076	0.802941	0.590718
-0.290925	-0.217008	0.93181
-0.242143	0.0515634	0.968869
-0.190298	0.0864716	0.977911
0.323799	0.215175	0.921333
0.0276981	-0.323467	0.945834
0.0686662	-0.161018	0.98456
0.583044	-0.343495	0.736254
-0.702033	0.172406	0.69096
0.605713	0.00738458	0.795649
0.468416	0.721332	0.510163
-0.107122	-0.364715	0.924937
0.209193	-0.401777	0.891523
-0.143119	-0.207369	0.967737
0.15297	-0.518811	0.841091
0.153993	-0.226382	0.961789
-0.548476	0.148074	0.822951
-0.168827	0.136892	0.976093
0.170743	-0.174986	0.969653
0.220989	-0.33783	0.914896
0.445642	0.306319	0.841173
0.233342	-0.694105	0.681006
-0.00543643	-0.100998	0.994872
0.253854	0.263429	0.930679
-0.302904	-0.0793693	0.94971
0.19596	0.0632003	0.978573
0.402675	-0.138078	0.904869
-0.110178	-0.417365	0.902035
-0.196379	-0.14882	0.969169
-0.144966	-0.413533	0.898875
-0.0932801	0.467266	0.879182
0.0741371	-0.452697	0.888577
-0.360524	0.181139	0.914993
-0.223302	-0.280374	0.933556
0.0924406	-0.227925	0.969281
-0.293733	0.167328	0.941128
-0.405205	-0.208451	0.890144
0.0648947	-0.163939	0.984334
-0.0418066	0.1752	0.983645
-0.623254	-0.150107	0.767478
0.47441	-0.184765	0.860696
-0.353733	0.116628	0.928047
-0.0928973	-0.339838	0.935885
-0.414504	0.136424	0.899764
0.0917513	0.329004	0.939861
0.200907	0.481316	0.853212
0.559679	-0.455423	0.69235
-0.66459	-0.34187	0.664414
-0.631372	0.0858329	0.770716
0.495268	0.275757	0.823813
0.134428	-0.265732	0.954629
0.0933166	0.25684	0.961938
-0.456279	0.697927	0.552002
-0.85822	-0.0677054	0.508797
0.0400051	-0.294061	0.954949
-0.0675599	-0.0945434	0.993226
-0.58184	0.0108091	0.813232
-0.505182	0.328703	0.797963
-0.26676	-0.344633	0.900037
-0.364826	0.0625778	0.92897
-0.10162	-0.935358	0.33879
0.330049	-0.412791	0.848923
0.36678	-0.242286	0.898203
0.290291	-0.0177475	0.956774
0.498902	-0.417049	0.759715
-0.569316	-0.155099	0.807356
-0.0235333	0.06937	0.997313
-0.0792994	-0.133102	0.987925
0.0023839	0.307361	0.95159
0.0490576	0.0246182	0.998493
-0.0800525	-0.585416	0.806771
0.369951	0.400096	0.838486
0.398027	0.143837	0.906027
0.308592	-0.259692	0.915058
-0.354761	0.115981	0.927735
0.471133	-0.551905	0.688066
-0.145599	0.329254	0.932948
-0.344424	-0.311724	0.885551
-0.165827	-0.211863	0.963128
0.366498	-0.0268363	0.930032
0.202196	-0.445959	0.871916
-0.141853	0.177138	0.97391
0.316712	-0.0965997	0.94359
-0.262724	0.00628045	0.964851
0.250354	-0.335157	0.908291
0.157947	0.329425	0.930877
0.208658	-0.394671	0.894817
0.430539	-0.149328	0.890133
-0.171127	-0.270906	0.947273
-0.725599	-0.276182	0.630261
-0.0989965	0.347694	0.932367
0.464788	0.661305	0.588768
-0.187867	0.532241	0.825485
0.542086	-0.220161	0.81097
-0.0616416	-0.809412	0.583997
0.506099	-0.450839	0.735261
0.383773	-0.373028	0.84473
0.181188	0.822776	0.538711
0.384751	-0.0843522	0.919158
-0.217794	-0.312826	0.924503
-0.241036	-0.28713	0.92707
-0.481332	0.632945	0.606383
0.569528	-0.0894087	0.817095
0.34485	0.326415	0.880075
0.344865	-0.13861	0.928362
-0.111046	-0.174443	0.978386
-0.0475388	-0.438931	0.897262
0.00128671	-0.0361156	0.999347
0.108121	0.0387563	0.993382
-0.551876	0.178156	0.814673
-0.887249	-0.12248	0.444734
-0.442279	0.224216	0.868399
-0.0766198	-0.344986	0.935475
0.0448851	0.438887	0.897421
-0.555565	0.567566	0.607632
-0.0231141	0.874028	0.485325
-0.24601	0.301053	0.921328
-0.331293	0.398179	0.855394
0.0726114	0.289556	0.954403
-0.191007	-0.00758754	0.981559
0.358867	0.42788	0.829538
-0.357353	0.1861	0.915241
0.11039	-0.101492	0.988693
-0.185973	-0.44191	0.87757
-0.174036	0.17969	0.968206
-0.0735482	-0.444924	0.892543
0.0505346	-0.130959	0.990099
0.115892	-0.277231	0.953788
-0.104549	-0.165838	0.980595
0.129581	0.344975	0.929624
-0.00418198	-0.349266	0.937014
-0.396156	-0.418585	0.817219
-0.0965433	-0.0118243	0.995259
0.503912	0.152797	0.850133
0.104156	0.388122	0.915703
0.824382	0.304269	0.4773
0.157352	-0.0372361	0.98684
-0.672213	0.486086	0.558435
0.21884	0.295478	0.929947
0.187294	-0.0582055	0.980578
-0.0105958	-0.237971	0.971214
-0.0675343	-0.38224	0.921592
0.117339	0.0957708	0.988463
-0.0655305	0.398217	0.914948
-0.195093	-0.556189	0.807832
-0.634123	0.0393332	0.772231
0.609876	-0.00748292	0.792462
-0.198923	0.619935	0.75902
-0.186179	-0.485376	0.854253
0.563928	-0.359398	0.743517
0.161359	0.736614	0.656782
0.907598	-0.325465	0.265212
0.480779	-0.144915	0.864784
-0.062616	0.169439	0.98355
-0.371815	-0.18076	0.910538
0.0193669	0.400187	0.916229
-0.337403	-0.768642	0.543459
0.223724	0.211054	0.951527
0.107213	0.706949	0.699091
-0.0828844	-0.0822544	0.993159
-0.466794	-0.143636	0.872624
-0.849073	0.262616	0.458374
-0.0102552	0.229081	0.973353
-0.041309	0.0550529	0.997629
-0.16322	0.677873	0.716831
-0.293089	0.133624	0.946701
-0.504828	-0.0536463	0.861551
-0.508176	-0.219063	0.832927
-0.282329	0.205818	0.936979
0.719808	-0.197621	0.665449
-0.908787	0.302951	0.286926
-0.506932	0.535053	0.675824
-0.843712	-0.320855	0.430352
0.0840771	0.13646	0.987071
-0.0880174	0.350516	0.932412
0.0680134	-0.040153	0.996876
-0.160688	-0.371604	0.914379
-0.679453	0.342465	0.648892
0.443129	-0.235076	0.865087
-0.689262	0.267561	0.673297
-0.0288264	-0.453052	0.891018
-0.00592502	-0.207591	0.978198
0.229191	-0.097715	0.968464
-0.514419	-0.300263	0.803253
-0.483353	0.570366	0.664118
0.657667	-0.331224	0.676583
-0.0801894	-0.0123406	0.996703
0.356887	-0.343078	0.868867
0.292463	0.204993	0.934047
0.200131	0.319916	0.926068
0.37518	0.193682	0.906492
0.43975	-0.182216	0.879441
0.304134	-0.228196	0.924894
0.280676	0.179324	0.942902
-0.138106	0.589751	0.795689
-0.0517124	0.211173	0.97608
0.341547	0.612255	0.713084
0.406001	-0.328978	0.852606
0.326023	-0.518702	0.790353
0.511771	0.372533	0.774151
-0.102927	0.237796	0.965846
-0.526083	0.0976599	0.844807
0.142402	-0.00563904	0.989793
0.0982787	0.318358	0.942862
0.387495	-0.251938	0.886778
0.0944072	0.189693	0.977294
0.785038	-0.197813	0.587013
-0.414092	-0.801507	0.431409
0.333026	0.440587	0.833653
0.159985	-0.0532869	0.98568
0.443088	-0.0504462	0.895058
0.234865	0.411344	0.880701
-0.298612	-0.152046	0.942185
0.127914	-0.349663	0.928102
-0.685564	-0.618834	0.383466
0.196797	0.186829	0.962479
-0.192258	0.638433	0.745278
-0.267528	0.441413	0.856495
0.172322	-0.284799	0.942971
0.386671	0.212264	0.897457
-0.869626	-0.455667	0.190048
-0.258865	0.0037738	0.965906
-0.403779	-0.322849	0.855997
-0.771236	0.0487516	0.634679
0.455848	-0.156748	0.876146
0.165512	0.370028	0.914158
0.190086	0.196332	0.961936
-0.256809	-0.211418	0.943055
0.459467	-0.199932	0.8654
-0.208043	-0.493069	0.844749
-0.287803	0.388232	0.875468
0.426262	0.409289	0.806711
-0.412973	0.529748	0.740824
0.069527	-0.664152	0.744358
-0.28859	0.0348543	0.956818
0.549145	0.14785	0.822545
-0.21387	-0.366076	0.905675
0.381423	-0.304642	0.87276
0.318412	0.646196	0.693574
0.0525277	-0.0419418	0.997738
0.449712	-0.299556	0.841442
-0.276449	0.094178	0.956403
0.378339	0.301261	0.875272
-0.0443927	0.125318	0.991123
0.141382	-0.0543907	0.98846
-0.257146	-0.518737	0.815345
-0.206941	-0.402994	0.891499
0.229046	-0.144424	0.962642
-0.281244	0.119812	0.952128
0.478491	-0.326514	0.815129
-0.725956	0.0819228	0.682844
0.252711	0.492505	0.832812
-0.471687	-0.0562259	0.879972
0.25494	0.208607	0.944187
0.591355	0.24867	0.767113
0.525603	0.0812251	0.846844
-0.518159	-0.312673	0.796082
-0.457992	0.295293	0.838478
-0.0490933	0.490833	0.869869
-0.0792588	0.281362	0.956323
0.437537	-0.7112	0.550233
0.34688	0.307332	0.886127
-0.845801	0.267831	0.461397
-0.157835	0.577991	0.800634
-0.530353	0.557575	0.63862
-0.0677335	0.400658	0.913721
-0.245284	0.149248	0.957894
-0.167571	0.304923	0.937519
-0.000535663	-0.148209	0.988956
0.601624	-0.327261	0.728662
-0.0878077	0.128241	0.987848
-0.0839882	-0.36036	0.929025
-0.256373	-0.236462	0.937208
0.480145	-0.385909	0.78774
0.791372	0.299235	0.533093
0.630385	-0.450118	0.632462
0.149947	-0.669089	0.727898
0.04146	-0.32961	0.943207
-0.825778	0.0679838	0.559882
-0.355151	0.0658384	0.932488
-0.0274889	-0.0237374	0.99934
0.468109	0.580326	0.666405
0.567435	-0.121542	0.814399
-0.246209	0.304105	0.920272
-0.117675	-0.0608959	0.991183
-0.325355	-0.00264298	0.945588
-0.0252875	0.443769	0.895784
-0.800542	-0.376235	0.466454
-0.209201	-0.099271	0.972821
-0.196256	0.119187	0.973282
0.178401	0.386247	0.904979
0.32265	0.611433	0.722528
-0.58235	0.00799329	0.812899
-0.682013	0.207971	0.701146
-0.303284	0.116962	0.945695
-0.607767	-0.429392	0.668013
-0.339781	-0.0520895	0.939061
-0.48024	-0.10251	0.871126
-0.0060373	0.517484	0.855671
-0.254161	0.346173	0.903087
-0.5306	0.0672229	0.844952
-0.0306556	0.754937	0.655081
0.433003	0.223759	0.873178
0.463396	-0.086604	0.881909
-0.195966	0.823157	0.532926
-0.244049	0.486581	0.838856
-0.495142	0.791789	0.357638
-0.399378	0.191896	0.896478
-0.450964	0.605879	0.655395
0.108878	0.015406	0.993936
-0.333378	0.301535	0.893272
-0.288976	0.191058	0.938078
0.20172	0.188739	0.961086
0.315894	-0.0202881	0.948578
-0.429458	0.116166	0.895584
-0.26009	0.0100627	0.965532
0.649378	-0.188039	0.736851
-0.147267	0.316322	0.937151
-0.0101229	-0.580541	0.814168
-0.233819	0.637099	0.734461
0.574761	0.342573	0.743165
0.137091	0.131474	0.981795
-0.122868	0.597882	0.792111
-0.286704	0.612497	0.736646
-0.562879	0.0059093	0.826518
-0.0144518	-0.0819853	0.996529
-0.579086	0.116742	0.806865
-0.15131	-0.0989103	0.983525
-0.237791	0.693289	0.680299
-0.401225	-0.243545	0.883009
0.558484	0.327698	0.762043
0.0783783	-0.535922	0.840622
-0.491365	0.22243	0.842072
-0.0179377	-0.16723	0.985755
0.367469	0.464148	0.805936
0.511892	-0.408564	0.755673
-0.567562	-0.128095	0.813305
0.252446	0.696757	0.671417
-0.0978542	-0.388909	0.916065
-0.188982	0.109289	0.97588
0.632825	0.0972598	0.768162
0.545995	-0.198881	0.81384
0.703746	0.349618	0.618473
-0.182366	-0.0658436	0.981024
-0.524968	0.586689	0.616607
-0.155976	-0.47914	0.863769
-0.147144	-0.396063	0.906357
-0.128869	-0.153562	0.9797
-0.0582193	0.731098	0.679784
0.130702	0.200035	0.971032
-0.0712614	0.300761	0.951033
0.163037	0.0321727	0.986095
-0.365678	0.511257	0.77775
-0.0829258	0.481389	0.872576
-0.629962	0.102426	0.769842
-0.0161328	0.213675	0.976772
-0.0633597	-0.239446	0.96884
0.00760915	0.790075	0.612962
0.15272	0.122274	0.980676
-0.351111	-0.227674	0.908232
-0.616336	0.383288	0.68791
-0.773291	-0.140409	0.618309
0.137436	0.0568186	0.98888
-0.190662	-0.116559	0.974711
-0.312137	-0.183058	0.932234
-0.118819	0.118115	0.985866
-0.810631	0.0914094	0.578379
-0.384169	0.317192	0.867066
-0.366923	0.189787	0.910686
0.300818	0.115623	0.946647
-0.418981	-0.191262	0.887622
0.264559	-0.149948	0.952641
0.623494	0.245513	0.74228
-0.385781	0.394751	0.833873
0.426612	0.361686	0.828966
-0.043937	0.914596	0.401975
-0.690079	-0.174717	0.702328
-0.309681	-0.530275	0.789244
0.228698	-0.679934	0.696697
0.0888334	-0.0299094	0.995597
-0.13746	0.513272	0.847146
0.296412	-0.110648	0.948629
0.00861731	0.450313	0.892829
0.35912	-0.0235744	0.932994
-0.777109	0.413771	0.47423
0.0451254	0.261143	0.964245
0.311744	0.0211887	0.94993
0.441356	-0.29784	0.846461
-0.685505	0.120365	0.71805
-0.438425	-0.764608	0.472397
0.724204	0.590365	0.356369
-0.706005	-0.350188	0.615569
0.0350687	-0.218091	0.975298
-0.410703	-0.476234	0.777511
0.508469	-0.0326855	0.86046
0.101644	0.553747	0.826458
0.452171	-0.162574	0.87699
0.585833	0.532349	0.611068
0.597948	-0.0342487	0.800803
-0.800872	-0.0831245	0.593038
0.162885	-0.149408	0.975267
0.140036	0.30883	0.940752
-0.0658846	0.268491	0.961026
0.21908	-0.471029	0.85448
-0.53148	0.442549	0.722274
0.102477	0.285272	0.952953
-0.0248665	-0.522479	0.85229
-0.0340074	0.326884	0.944452
-0.0784938	-0.18482	0.979633
-0.495222	-0.465028	0.733828
-0.188872	-0.219716	0.957106
-0.219848	0.219822	0.950445
0.0413619	-0.472174	0.880535
0.438513	0.224353	0.870271
0.410369	0.350488	0.841876
0.255467	0.764633	0.591669
-0.103236	0.390958	0.9146
-0.15189	-0.221417	0.963278
0.200576	0.454524	0.867858
-0.37157	0.162154	0.914134
0.176174	0.202861	0.963229
-0.544793	-0.414839	0.728772
-0.648538	0.115233	0.752409
0.259227	0.579384	0.772733
-0.538937	0.441335	0.717475
-0.630178	0.441285	0.638861
0.0247763	0.202248	0.979021
0.393388	-0.155473	0.906131
0.417706	0.141343	0.897521
-0.194846	0.262234	0.945129
0.0441247	-0.436768	0.898491
-0.175504	0.457326	0.871809
-0.184595	-0.0762111	0.979855
0.643599	0.495762	0.583095
0.310627	0.446071	0.839364
0.111933	0.552947	0.825664
-0.141847	0.322649	0.93583
0.311953	-0.497327	0.809538
-0.0698674	0.346972	0.93527
-0.0889682	-0.443962	0.891618
-0.0299168	-0.618988	0.78483
0.164211	-0.258471	0.95196
-0.150376	0.020186	0.988423
0.558428	0.399141	0.727217
-0.362004	-0.260411	0.895064
0.311428	0.378064	0.871826
0.458238	-0.354179	0.815215
-0.864869	-0.0835081	0.495003
-0.00327695	0.620138	0.784486
0.810289	0.418496	0.410235
0.386201	0.0278847	0.921993
0.10156	-0.196904	0.975148
-0.109711	0.0879654	0.990063
-0.48865	-0.0901549	0.86781
0.0794545	-0.174312	0.98148
-0.335518	-0.452979	0.825977
0.304492	-0.11613	0.945409
-0.175474	-0.18263	0.967396
0.539667	-0.0992908	0.836003
0.0974078	-0.346929	0.932819
0.632497	-0.62003	0.464231
-0.559959	-0.231126	0.79563
-0.242182	-0.117173	0.96313
0.0017884	-0.821657	0.56998
0.181896	-0.503591	0.844577
-0.249705	-0.609828	0.752169
0.184546	0.102053	0.977511
-0.0435288	0.257267	0.965359
-0.111519	0.432132	0.894888
0.38834	0.431046	0.814488
-0.724601	0.373029	0.579485
0.553748	-0.130932	0.822326
0.744139	0.229858	0.627234
0.24438	0.0637621	0.967581
-0.41903	0.01387	0.907867
0.0547074	0.241403	0.968882
0.0433526	-0.335395	0.941079
0.527568	0.219073	0.82078
-0.704945	0.142797	0.694738
0.245335	0.232764	0.94108
0.0144212	0.481797	0.876164
-0.237104	0.00242095	0.971481
0.50642	0.201498	0.838414
-0.275475	0.364474	0.889535
-0.0868308	-0.00302112	0.996218
0.318408	0.268105	0.90925
0.0562003	0.343457	0.937485
-0.78036	0.0929984	0.618376
0.277644	-0.420055	0.863984
0.0542271	-0.0596863	0.996743
-0.0758543	0.698417	0.71166
-0.312003	0.180461	0.932785
0.424467	-0.698258	0.576423
-0.220816	0.269349	0.937385
-0.127605	0.53075	0.837867
0.424771	-0.144938	0.893623
0.0285214	-0.401317	0.915495
0.6766	0.154415	0.719978
-0.160616	0.523301	0.836874
-0.250954	-0.0284468	0.967581
0.0896562	0.637033	0.765605
-0.239698	-0.152313	0.958825
0.571714	-0.247309	0.782292
0.115599	-0.422028	0.899182
0.918803	0.141629	0.368434
0.262436	-0.156533	0.952169
0.390097	-0.708731	0.587814
0.404713	-0.0106325	0.914382
0.096299	0.125519	0.987406
-0.026445	0.0467881	0.998555
0.628727	0.717489	0.299853
-0.383735	-0.758847	0.526211
-0.037559	0.340514	0.939489
-0.632121	0.298195	0.715194
-0.0960819	-0.315285	0.944121
-0.100953	0.892806	0.438983
0.496444	0.38758	0.77674
0.181473	-0.296751	0.937553
-0.117734	-0.0291986	0.992616
-0.304574	-0.15935	0.939065
-0.049485	-0.0842681	0.995214
-0.595801	-0.104057	0.796363
-0.260408	0.66768	0.697418
-0.427587	0.208521	0.879596
0.0691249	0.308211	0.948803
0.0748235	-0.295812	0.952311
0.44199	0.70713	0.551916
-0.2413	-0.275086	0.930646
-0.13569	-0.187749	0.972799
-0.628283	0.275806	0.727456
-0.534167	0.014982	0.845246
0.476097	0.0874198	0.875037
-0.489526	-0.627183	0.60581
-0.461512	0.571117	0.678846
-0.413394	0.376611	0.829017
-0.380723	0.038634	0.923882
0.284207	0.336576	0.897743
-0.603602	-0.341405	0.720491
0.0829366	-0.127508	0.988364
-0.141748	-0.722563	0.676616
-0.2556	0.30488	0.917451
-0.398206	-0.0736965	0.914331
0.208691	0.334839	0.918875
-0.419284	0.0850767	0.90386
0.108234	-0.231884	0.966703
-0.00449946	-0.00478894	0.999978
-0.0339607	0.505032	0.862433
0.41719	0.662251	0.622396
0.656686	-0.220046	0.721349
0.25826	0.580281	0.772383
0.446651	0.343148	0.826288
0.118197	-0.241898	0.963076
-0.557768	0.106701	0.82311
0.00322918	0.470226	0.88254
-0.248847	-0.331688	0.909977
0.138688	0.364256	0.920914
0.446989	0.36592	0.816274
0.360443	0.14711	0.921108
-0.347038	0.0255111	0.937504
0.18924	-0.0215605	0.981694
0.196775	0.541173	0.817564
-0.291799	0.900168	0.323342
0.284745	0.248676	0.925787
0.670366	0.646006	0.365084
0.627602	-0.493365	0.602251
-0.529675	-0.167347	0.831528
0.176078	0.206699	0.96243
0.765213	-0.125677	0.631391
-0.813945	0.382541	0.437215
0.146764	-0.544673	0.825707
0.700925	-0.0370895	0.71227
0.076718	0.242631	0.96708
0.376777	-0.0970871	0.921202
0.659567	0.429647	0.616745
0.30213	0.248938	0.920189
-0.352093	0.637752	0.685057
-0.516816	0.587067	0.6231
0.293193	-0.919039	0.263449
0.224674	0.273908	0.935145
-0.870335	-0.368823	0.326322
-0.563728	-0.523449	0.638914
-0.196816	0.0422086	0.979532
-0.0725199	0.525846	0.847482
-0.134493	0.792032	0.595481
0.443862	0.284918	0.849593
0.800454	-0.179605	0.571852
0.252848	-0.44829	0.857382
-0.555858	-0.225425	0.800128
0.277116	0.338459	0.899251
0.527934	-0.0334872	0.848625
0.242867	-0.290443	0.925559
0.608055	-0.256362	0.751364
-0.155271	-0.792285	0.590064
0.014514	-0.398792	0.916927
-0.324666	-0.644703	0.692062
0.0737567	0.414585	0.907016
-0.121529	-0.348012	0.92958
0.175392	0.635831	0.751636
0.107164	0.369107	0.923188
0.507125	-0.0765938	0.858462
0.458113	0.140882	0.877659
-0.132727	-0.794913	0.592027
-0.429012	0.274704	0.860515
0.0943047	0.138579	0.985851
0.115884	-0.0293433	0.992829
-0.603517	0.25505	0.755458
0.198781	0.196724	0.960097
0.147278	-0.0403187	0.988273
-0.230305	-0.192598	0.953869
0.16477	-0.675295	0.718907
-0.171722	-0.218491	0.960611
-0.249199	0.147856	0.957099
-0.48933	0.501184	0.713702
0.699926	0.0138366	0.714082
-0.00456739	-0.00152622	0.999988
-0.0192795	0.520222	0.853813
0.447016	-0.0363004	0.893789
-0.217229	0.376905	0.900419
-0.358966	-0.089066	0.929091
-0.30258	0.2822	0.910389
0.153158	0.316973	0.935987
0.958791	0.109648	0.262103
-0.169377	-0.0311427	0.985059
-0.0410999	-0.299473	0.953219
0.0732122	0.409377	0.909423
0.399591	0.211337	0.892
0.231334	-0.255255	0.938792
-0.474204	-0.124078	0.871628
0.84729	0.170924	0.502877
0.500285	-0.380651	0.777702
-0.218974	-0.330825	0.917935
-0.358964	-0.455365	0.814732
-0.0254712	-0.625478	0.779826
-0.138259	-0.529168	0.837177
0.116419	-0.451826	0.884477
0.891951	0.379351	0.246002
-0.313021	0.729471	0.608186
0.309349	0.0866026	0.946997
0.204315	-0.267334	0.941694
-0.0858658	0.0739356	0.99356
-0.215071	-0.0122727	0.976521
0.0240713	-0.0458318	0.998659
-0.951095	0.0806563	0.298183
0.0147594	0.26464	0.964234
0.64643	0.199362	0.736467
-0.434778	0.147939	0.888303
0.120702	0.0369359	0.992001
0.31869	-0.350903	0.880513
0.109718	-0.485653	0.867239
0.145783	-0.54226	0.827467
0.182569	-0.747175	0.63906
0.485114	-0.208764	0.849166
-0.0721092	-0.0106887	0.997339
-0.613909	0.141569	0.776579
-0.308304	-0.71353	0.629145
-0.431019	0.140606	0.89132
-0.00680561	0.0819764	0.996611
-0.381495	-0.0924761	0.919733
0.0704825	-0.130921	0.988884
0.205486	0.0725466	0.975967
-0.111687	0.0262101	0.993398
-0.509983	0.34981	0.785843
-0.791238	-0.314326	0.52454
-0.222367	-0.2764	0.934963
0.040898	0.258616	0.965114
0.325784	0.124219	0.937248
0.516654	-0.211923	0.829552
0.607001	-0.299833	0.735969
-0.153517	0.190122	0.969683
0.0227054	-0.611902	0.790608
-0.309697	-0.274581	0.910326
0.297039	-0.0943342	0.950194
-0.0187274	-0.51223	0.858644
-0.327415	-0.581617	0.744661
-0.0626745	-0.100359	0.992975
-0.216141	0.0123014	0.976285
0.124118	-0.112629	0.985855
-0.0256167	-0.00409197	0.999663
0.0971186	-0.019922	0.995073
0.216315	-0.508813	0.833257
0.141166	-0.337696	0.930609
0.580342	-0.219494	0.784236
0.367606	0.536443	0.759668
0.376159	-0.0048623	0.926542
0.0193332	-0.597564	0.801588
0.122979	-0.0814496	0.989061
-0.174806	-0.519756	0.836239
-0.331516	0.261565	0.906466
0.0649452	0.285372	0.956214
0.217084	-0.183269	0.958795
0.473655	-0.499147	0.725606
0.323911	-0.0690163	0.943567
0.215003	0.253014	0.943269
0.408483	-0.125939	0.904036
-0.29565	0.617775	0.72866
-0.167338	0.360621	0.917579
0.11048	-0.189498	0.975646
0.285446	0.0486344	0.95716
-0.272826	0.749513	0.603155
-0.172012	0.145126	0.974346
-0.0224392	-0.542643	0.839664
0.0404459	-0.422043	0.905673
-0.110721	-0.00434679	0.993842
0.538719	-0.121284	0.83371
0.640312	-0.499149	0.583825
0.126583	-0.00427783	0.991947
-0.325227	0.127305	0.937028
-0.196283	0.903049	0.382067
0.26909	-0.0732441	0.960326
0.152816	0.476937	0.865551
0.149788	-0.0637661	0.98666
-0.240861	-0.0379642	0.969817
0.0682897	-0.132368	0.988845
-0.352263	0.449196	0.821056
0.242702	0.771826	0.587691
-0.356823	-0.343143	0.868867
-0.698612	0.178603	0.692851
0.320278	0.3065	0.89637
-0.135748	0.00132646	0.990742
0.345711	-0.384646	0.85588
-0.358373	0.151103	0.921269
-0.254426	0.283234	0.924687
0.0163333	0.928349	0.371351
0.456207	-0.376397	0.806351
-0.696619	0.418472	0.582755
0.522095	0.138839	0.841511
-0.068798	-0.0938456	0.993207
0.33108	0.433247	0.838262
0.0864443	-0.128181	0.987976
-0.123704	-0.00755212	0.99229
0.465774	0.242678	0.850977
-0.0697527	-0.131014	0.988924
-0.215762	-0.111476	0.970062
-0.692151	0.391496	0.606348
-0.400132	-0.0328578	0.915868
0.203258	0.0126122	0.979044
0.210329	0.141604	0.967321
0.150309	-0.164172	0.974913
0.294869	0.0316702	0.955013
-0.335018	0.55408	0.762075
-0.714557	0.344167	0.609063
0.138623	0.0896555	0.986279
-0.0191506	0.266013	0.963779
-0.00869092	-0.160318	0.987027
0.477202	-0.178824	0.860407
-0.103637	0.485747	0.867934
-0.297271	-0.3412	0.891747
-0.205654	0.275343	0.939091
-0.139936	0.0854446	0.986467
0.975879	-0.200372	0.0866655
0.185886	0.11025	0.976366
-0.0392964	-0.222064	0.97424
0.136723	-0.0503529	0.989329
0.357561	0.10489	0.927981
-0.0180995	0.533171	0.845814
-0.113082	0.144093	0.983082
-0.288857	0.455922	0.841841
0.019196	0.361976	0.93199
-0.434683	-0.279729	0.856039
-0.0886959	-0.194999	0.976785
0.27036	0.737213	0.619211
-0.193164	-0.236734	0.952179
0.421868	0.403525	0.811908
-0.419726	-0.223536	0.879694
0.589302	-0.48772	0.64409
-0.170259	0.194273	0.966059
0.231186	-0.433845	0.870822
-0.247596	0.242934	0.937912
-0.770733	0.168532	0.614465
0.459387	-0.243758	0.854134
0.456456	0.194004	0.868338
-0.250816	-0.15406	0.955697
0.569855	0.244243	0.784609
-0.0398024	0.44205	0.896107
-0.000788256	-0.397453	0.917622
-0.0018593	0.867577	0.4973
-0.322666	0.661266	0.677211
0.0140125	0.140221	0.990021
0.607658	0.461915	0.646054
0.0653074	0.472393	0.878965
0.113861	0.395333	0.911454
0.335802	0.253598	0.907152
0.704852	0.250569	0.663626
0.246864	-0.126435	0.960767
-0.205298	0.147749	0.967483
-0.654583	-0.368149	0.660294
-0.0866337	-0.29188	0.952523
-0.425814	-0.089888	0.900335
0.24852	0.23538	0.939593
-0.314302	0.401215	0.860373
-0.0111349	0.0907918	0.995808
-0.145277	0.43437	0.888942
-0.460618	-0.374451	0.804747
-0.109317	-0.0144024	0.993903
0.0445231	0.563925	0.824625
-0.397693	0.138419	0.907017
0.152632	0.126206	0.980192
0.193605	0.451136	0.871202
-0.0652274	-0.501191	0.862875
-0.267729	0.522578	0.809465
0.262207	0.36611	0.892867
-0.0156359	0.145928	0.989172
-0.0845454	0.181816	0.979691
-0.341235	0.594124	0.728406
0.345275	0.246843	0.905458
-0.152943	0.44888	0.880407
-0.197833	0.314116	0.928543
-0.366488	-0.137815	0.92016
0.11831	0.288171	0.950242
0.482106	-0.0213647	0.875852
-0.40032	0.638402	0.657409
0.549938	0.0280078	0.834735
0.457272	0.868193	0.192725
0.441545	0.515325	0.734491
0.749843	-0.0290479	0.660978
0.358408	0.771666	0.525429
0.0136012	0.0972368	0.995168
-0.70615	-0.35774	0.611044
-0.350945	0.879772	0.320685
0.0132376	0.594111	0.804274
-0.0985512	-0.278358	0.955408
0.119497	0.138722	0.983095
0.0208838	0.192786	0.981019
0.255809	-0.0253823	0.966394
-0.464171	0.655028	0.596224
-0.158262	0.247154	0.955965
-0.272558	-0.57824	0.768993
0.15129	0.554222	0.818504
-0.674938	-0.286527	0.679971
-0.315611	0.160373	0.935238
0.338614	-0.646132	0.683999
-0.00773978	0.248158	0.968689
0.16094	0.0968559	0.9822
0.210997	-0.538012	0.816103
0.953791	0.242031	0.178057
-0.65451	0.523332	0.545656
-0.35625	-0.203369	0.911991
0.0510943	-0.460166	0.886362
0.0761488	0.165764	0.983221
0.173136	-0.0580327	0.983187
-0.0372592	-0.316743	0.947779
0.145554	0.687393	0.711551
-0.26922	-0.0551158	0.9615
-0.574676	0.0220452	0.818084
-0.383395	0.0254962	0.923233
-0.110077	-0.126214	0.985877
0.606459	-0.143743	0.782014
0.337313	-0.25179	0.907095
0.535115	-0.259954	0.803788
-0.566956	0.106557	0.816827
-0.159529	0.148912	0.975897
-0.680953	0.0102136	0.732256
-0.606256	0.099455	0.789026
-0.107477	-0.0286507	0.993795
-0.447734	-0.615211	0.648883
-0.108812	0.675098	0.729659
-0.500072	0.0660318	0.863462
0.112247	-0.149823	0.982321
0.251823	0.538646	0.804018
-0.0987283	0.319952	0.942276
-0.516106	0.278749	0.809897
-0.206546	-0.0454922	0.977379
0.293542	0.876024	0.382642
-0.457643	0.13074	0.879471
0.215574	0.601739	0.76905
-0.332406	0.701517	0.630381
-0.61845	0.431733	0.656602
0.483875	-0.0511596	0.873641
-0.124059	0.34427	0.930638
-0.272589	-0.11242	0.95554
-0.197592	-0.467762	0.861485
-0.41906	0.555445	0.718241
-0.630145	0.260362	0.731525
-0.117983	-0.579104	0.806672
0.210968	0.122296	0.969812
0.618502	0.78261	-0.0705525
-0.15969	-0.566975	0.808108
-0.302185	0.0139028	0.953148
0.150204	-0.0697675	0.98619
0.0331861	0.178322	0.983412
-0.1807	0.0665361	0.981285
-0.328554	0.298333	0.89613
0.229387	-0.388141	0.892596
0.155953	-0.281285	0.946867
-0.0874315	-0.176626	0.980387
-0.196025	-0.0846341	0.97694
0.225135	0.584646	0.779425
-0.0583268	0.0201014	0.998095
-0.33629	0.793396	0.507378
-0.47139	0.497197	0.728414
0.441594	0.0673003	0.894687
0.12276	-0.48456	0.866102
0.182768	-0.709578	0.680511
0.226507	0.652945	0.722743
-0.280381	0.153895	0.947472
-0.463334	-0.095213	0.881054
-0.675506	0.223721	0.702596
-0.181808	-0.556953	0.810401
0.000667926	0.668662	0.743566
-0.291397	0.0414645	0.955703
-0.290551	-0.0525985	0.955413
-0.835543	-0.172368	0.521687
-0.560612	-0.365636	0.742983
0.321114	0.731125	0.601949
-0.598433	0.176004	0.781602
-0.269819	0.41791	0.867495
0.194888	-0.474303	0.858519
0.0527036	0.865622	0.497917
0.48221	-0.179633	0.857441
-0.571508	-0.332614	0.750164
0.163382	-0.38425	0.908658
-0.551238	0.176343	0.8155
0.620663	0.250122	0.743113
-0.313519	0.204553	0.927289
0.125096	0.0220823	0.991899
0.0973801	-0.386576	0.917102
-0.304092	-0.0311257	0.952134
0.00717792	0.0864505	0.99623
-0.131455	0.0555276	0.989766
0.44987	0.52616	0.721646
0.362773	0.130594	0.922681
-0.510148	-0.544716	0.665607
-0.32158	0.944639	-0.0651403
-0.307389	0.532223	0.788828
-0.670407	0.142927	0.728098
0.05412	0.0402067	0.997725
-0.659495	-0.360577	0.659584
0.909327	-0.0318719	0.414859
-0.579194	-0.671351	0.462409
-0.232957	0.329218	0.915066
0.271668	0.100256	0.957155
-0.405869	0.231151	0.884217
0.277809	0.058894	0.958829
-0.144356	0.336454	0.93057
-0.40472	-0.556231	0.725816
-0.690072	-0.212283	0.691908
-0.071266	-0.032815	0.996917
-0.220767	0.152048	0.963402
-0.155573	-0.140029	0.977849
0.809696	0.204101	0.550214
-0.314854	0.43163	0.845318
0.232347	-0.9032	0.360895
-0.193261	-0.493548	0.847975
0.0817382	0.302569	0.949616
-0.0656054	-0.061841	0.995928
0.171784	0.47951	0.860558
-0.420046	-0.104332	0.901485
-0.159208	0.46694	0.869839
0.421632	-0.458613	0.78224
0.204933	-0.0503157	0.977482
-0.471771	0.162476	0.866622
-0.204677	-0.011741	0.978759
-0.812434	0.0584284	0.580119
-0.499353	-0.109021	0.859512
-0.241407	0.285107	0.927597
0.0304344	0.198221	0.979685
-0.479698	0.0151848	0.877302
-0.838138	-0.151804	0.523909
-0.445643	0.730566	0.517374
0.49452	-0.27443	0.824705
0.107188	0.660295	0.743318
-0.739304	-0.482369	0.469841
-0.261487	-0.0475463	0.964035
-0.652183	-0.210074	0.728373
-0.0200348	-0.247976	0.968559
-0.320584	0.0974796	0.942191
0.17874	0.33499	0.925113
-0.215927	0.386421	0.896691
0.218038	0.717251	0.661823
-0.0601721	-0.267454	0.96169
-0.381922	0.257456	0.88761
-0.205884	-0.769474	0.604583
0.166514	-0.247168	0.954558
-0.0829055	0.395987	0.914506
0.36693	0.287168	0.884815
0.398947	0.549443	0.734135
0.726504	-0.338748	0.597864
-0.0178415	0.266838	0.963576
-0.231354	0.382019	0.894727
-0.536497	-0.0343401	0.843203
-0.0700564	0.19217	0.978858
-0.464172	0.24399	0.851477
0.180843	0.737866	0.650268
0.715368	0.260087	0.648539
0.707108	0.18467	0.682565
0.483042	0.228847	0.845162
-0.416153	0.712325	0.565163
-0.354315	0.384887	0.852245
0.244636	-0.00596894	0.969597
-0.00295997	-0.0159918	0.999868
-0.10462	-0.329608	0.938303
0.237603	0.251874	0.938139
0.720109	0.140251	0.679539
0.00103935	-0.126495	0.991967
0.322182	-0.139499	0.936343
-0.754194	-0.448204	0.4799
-0.205372	-0.783256	0.586799
0.12637	-0.66435	0.736661
0.368397	0.444537	0.816499
0.372101	0.0866844	0.924136
-0.217182	-0.231504	0.948282
-0.173138	0.297402	0.938923
-0.176445	0.160381	0.971157
-0.606924	-0.786697	0.112923
-0.205261	0.18451	0.961158
0.42734	0.484452	0.763339
-0.157166	-0.0367977	0.986886
-0.0761387	0.269091	0.9601
-0.801303	-0.182289	0.56981
-0.243574	-0.031469	0.969372
-0.37532	-0.0732665	0.923995
0.79687	-0.0240524	0.603672
0.329223	0.237555	0.913882
-0.426463	-0.378136	0.82167
0.0420103	0.472017	0.880588
-0.227427	0.610627	0.758559
-0.146928	0.593316	0.791447
-0.399287	0.595314	0.69726
-0.216319	0.191103	0.957437
0.0680605	0.595372	0.800562
-0.276756	-0.512626	0.812786
-0.421487	-0.0440594	0.905763
-0.176276	0.826379	0.534812
0.230898	0.591429	0.772592
0.112749	-0.43224	0.894682
-0.606543	0.125828	0.785031
-0.322057	-0.154492	0.93403
-0.429023	-0.072412	0.900386
-0.274304	-0.133461	0.952337
0.235532	0.444437	0.864292
0.141294	0.0847084	0.986337
0.828781	0.364077	0.424935
0.353949	0.470818	0.808115
-0.421998	-0.487158	0.764588
0.226724	0.0802446	0.970648
0.186424	0.805305	0.562788
0.635746	-0.317679	0.703496
0.244296	0.212757	0.946073
-0.191279	0.270543	0.943514
-0.0271083	-0.142627	0.989405
0.270927	0.418625	0.866805
0.362556	0.183727	0.913672
-0.182562	0.265502	0.946668
0.138411	-0.430514	0.891908
-0.101144	0.388808	0.91575
0.248844	0.317159	0.915143
-0.196701	0.43493	0.878718
0.381793	0.491249	0.782885
-0.680489	-0.242346	0.691522
-0.385622	-0.130024	0.913449
-0.696924	0.524668	0.488898
0.0367308	0.474545	0.879465
0.347988	0.0417682	0.936568
0.233348	-0.345734	0.908854
0.616768	-0.115893	0.778566
-0.436417	-0.226446	0.870783
0.501476	-0.061539	0.86298
-0.326955	0.137433	0.934993
-0.807758	0.317197	0.496903
0.279673	-0.0890018	0.955961
0.00209694	-0.371426	0.92846
0.0131068	-0.291595	0.956452
-0.0903103	-0.146477	0.985083
-0.338507	-0.608423	0.717798
0.0852635	-0.412851	0.906799
-0.645497	0.304597	0.700396
-0.0476069	0.467656	0.882627
0.0307825	-0.171083	0.984776
-0.890211	-0.238964	0.38784
0.0430343	0.512489	0.857615
0.180827	-0.23284	0.955556
-0.618803	0.210181	0.756906
-0.527247	-0.168098	0.832919
0.437402	0.243135	0.865774
-0.240432	-0.337258	0.910192
0.540774	0.00905256	0.841119
-0.105918	-0.0763807	0.991437
-0.79045	-0.265368	0.552059
-0.0307246	0.633521	0.773116
0.279223	0.0672476	0.957869
0.278056	-0.181162	0.943326
-0.109827	0.404058	0.908116
-0.480985	0.221789	0.848212
0.238032	0.434304	0.868747
-0.351834	-0.299351	0.886906
-0.0545355	0.0768992	0.995546
-0.235608	0.253791	0.938125
0.0245554	-0.302642	0.952788
-0.281269	0.715308	0.639705
-0.0712949	0.410105	0.909248
0.100698	0.472398	0.875614
-0.21366	0.473839	0.854298
0.197227	0.805066	0.559438
0.597221	0.247048	0.763082
0.614498	0.25004	0.748246
0.132862	0.0319652	0.990619
-0.317783	-0.171562	0.932513
-0.0288984	0.744293	0.667228
0.193787	-0.331175	0.923455
0.0217872	0.726651	0.686661
0.186232	0.595147	0.78174
0.536839	0.414646	0.73476
0.369854	0.276751	0.886914
-0.716011	-0.235777	0.657067
-0.0712055	-0.248572	0.965993
0.188902	0.514215	0.836599
0.0802989	-0.509987	0.856426
-0.29855	0.565166	0.769061
-0.520064	0.0961037	0.848703
0.198354	-0.387415	0.900314
-0.175253	-0.094092	0.980017
-0.459996	-0.420107	0.782249
-0.0423924	-0.156438	0.986778
-0.307004	-0.244652	0.919725
0.429835	-0.241412	0.870036
-0.347058	0.151047	0.9256
0.240142	0.0549332	0.969182
-0.28645	0.201579	0.93665
-0.240512	-0.171527	0.95537
-0.4676	0.239116	0.850984
0.0781245	-0.64118	0.763403
-0.199462	-0.446437	0.872301
0.261924	-0.269304	0.926753
0.232388	0.0368964	0.971923
-0.19928	-0.615622	0.762428
-0.211169	-0.0446855	0.976428
0.415072	0.708586	0.570633
-0.0124627	0.487253	0.873172
0.319506	-0.0108979	0.947521
-0.00179145	0.408917	0.91257
-0.303715	0.0535901	0.951254
-0.1635	-0.457576	0.874009
-0.70431	-0.106363	0.70188
-0.66301	0.597699	0.450749
0.582065	0.37788	0.720005
-0.205897	-0.547697	0.810947
-0.706747	-0.494014	0.506417
-0.394671	0.0906693	0.914338
0.329475	0.00633684	0.944143
0.303526	0.0796603	0.949487
-0.532832	0.156865	0.831555
0.17768	-0.274187	0.94512
0.345259	-0.612558	0.711034
0.247211	0.0129996	0.968874
-0.90118	0.158797	0.403308
-0.278604	0.154079	0.947966
0.164617	-0.163382	0.972732
-0.362577	-0.101687	0.92639
-0.635879	0.140451	0.758901
-0.0696558	-0.25655	0.964018
0.274359	0.298746	0.914045
-0.969123	0.149837	0.19583
-0.155414	-0.0366929	0.987168
0.236833	0.35009	0.906282
0.0576409	-0.0780497	0.995282
0.404947	0.647517	0.645554
0.383714	-0.382364	0.840572
0.148024	-0.247334	0.957557
-0.860322	0.506193	-0.0601193
-0.20111	0.164879	0.965593
-0.0788135	0.763885	0.640522
-0.4127	0.565701	0.713906
-0.684234	0.558484	0.468956
-0.00226281	0.686161	0.727446
-0.133356	0.250742	0.958825
-0.693294	-0.354134	0.62764
-0.294464	-0.426869	0.855028
-0.878871	-0.326637	0.347697
0.0918982	0.582528	0.807599
0.14812	0.119175	0.981763
0.161008	-0.118709	0.979788
-0.528847	0.26143	0.80745
0.580205	0.687943	0.436
-0.524831	-0.164668	0.835127
-0.509014	-0.719093	0.473085
-0.207225	-0.0850211	0.974592
-0.657486	0.161801	0.735889
-0.284311	0.590368	0.755402
0.112101	0.370306	0.922121
-0.0570004	0.44715	0.892641
-0.804741	0.040467	0.592246
0.0553118	0.292225	0.954749
-0.66825	-0.456658	0.587286
-0.0524576	-0.555307	0.829989
-0.229558	-0.11222	0.966804
-0.466012	0.564205	0.681546
0.29926	-0.192857	0.934478
-0.0819515	-0.294887	0.952011
-0.560368	-0.141266	0.816107
-0.108534	-0.147577	0.983077
0.0731636	0.775474	0.627126
-0.145971	0.152884	0.977404
-0.541196	-0.061491	0.838645
0.0585286	-0.421839	0.90478
0.016378	-0.316858	0.948331
-0.0217841	-0.20014	0.979525
-0.785378	0.106366	0.609809
-0.0939714	0.688237	0.719375
0.0211783	-0.109972	0.993709
-0.334525	0.108921	0.936071
-0.244558	0.0202265	0.969424
-0.0668439	0.111766	0.991484
0.255745	-0.237778	0.937047
-0.579218	-0.239301	0.779257
-0.691939	0.128323	0.71046
0.0256036	0.0961386	0.995039
0.270564	-0.327258	0.905371
-0.340162	-0.461125	0.819545
0.15851	-0.284753	0.945405
-0.167575	-0.279226	0.94549
-0.326981	-0.789503	0.519392
0.139112	-0.357997	0.923302
-0.129493	0.427204	0.894834
0.571807	-0.00982334	0.82033
0.431801	0.364948	0.82484
-0.168459	0.950974	0.259365
-0.0148712	0.860895	0.508566
-0.244239	0.00272661	0.969711
0.586105	0.401161	0.703953
-0.337562	0.29925	0.892469
-0.0242694	0.398123	0.917011
-0.477344	-0.266625	0.837289
-0.465406	0.11402	0.877722
0.00466534	0.532654	0.84632
0.315798	0.524753	0.79051
0.0450379	0.500422	0.86461
0.153184	0.72004	0.676814
-0.205042	-0.0123443	0.978675
0.687139	-0.355873	0.6334
-0.397631	-0.364409	0.842078
-0.639506	0.176986	0.748137
0.125336	0.317392	0.939975
0.373011	-0.870629	0.320729
0.241287	0.354698	0.903311
-0.630023	0.162359	0.759415
-0.58679	0.189595	0.78723
0.242065	-0.232777	0.941923
-0.397888	-0.021999	0.91717
-0.309711	-0.409271	0.85824
-0.229938	-0.376853	0.89728
-0.0214148	0.30464	0.952227
-0.391163	0.276613	0.877768
-0.44692	0.47481	0.758168
-0.340824	-0.312839	0.88655
-0.170157	0.517092	0.838846
0.239536	-0.061461	0.96894
0.150206	-0.325472	0.933545
0.117716	0.722349	0.681436
-0.939975	-0.0887176	0.329508
-0.0762454	-0.0957414	0.992482
-0.140998	0.0985343	0.985094
0.101607	-0.00034715	0.994825
0.563221	0.421185	0.710905
0.410145	0.129286	0.90281
-0.593211	0.544043	0.593395
-0.0438686	0.0967258	0.994344
0.57239	-0.0701872	0.816972
0.279215	-0.148395	0.948693
-0.198016	-0.244136	0.949309
-0.14458	0.333259	0.931684
-0.0897888	0.290343	0.952701
-0.735848	0.182033	0.652221
0.490399	-0.385504	0.781598
-0.209963	-0.515392	0.830835
0.0938883	-0.101433	0.990402
-0.975109	0.0652673	0.211904
-0.138149	0.10606	0.984716
-0.0714784	0.535971	0.841205
0.081825	-0.353732	0.931761
-0.0938018	0.0838096	0.992057
-0.480737	-0.130253	0.867137
-0.168192	0.185385	0.968165
-0.174942	0.0157229	0.984453
-0.43927	-0.139885	0.887397
-0.550892	0.10592	0.827828
-0.59792	-0.468286	0.650539
0.325893	-0.143525	0.934449
-0.669096	-0.229526	0.706844
0.219299	-0.557088	0.800975
-0.262186	0.22815	0.93766
-0.455256	0.255901	0.852793
0.547774	0.0421293	0.835565
0.00502007	0.635112	0.772403
-0.297701	-0.273368	0.914682
0.0782715	-0.046017	0.995869
0.391011	0.783452	0.483024
0.359315	-0.275771	0.89154
-0.0385993	0.991968	0.120455
0.162069	0.164884	0.972906
-0.365844	0.362416	0.857212
0.646794	-0.31832	0.693058
0.196118	0.0110277	0.980518
0.405646	-0.111325	0.907225
-0.0386668	-0.190007	0.981021
-0.271697	0.725997	0.63175
0.0682889	0.327134	0.942507
-0.740282	0.0213132	0.671959
-0.372166	-0.335663	0.865345
-0.741804	-0.397107	0.540401
-0.278037	-0.457615	0.844561
-0.0780925	-0.383976	0.920035
-0.704059	-0.341086	0.622866
0.342377	-0.396898	0.851616
-0.51393	0.078055	0.854274
0.0789394	0.426395	0.901086
0.259371	0.0758767	0.962792
-0.380365	-0.203169	0.902244
-0.108836	-0.161401	0.980869
0.150001	-0.37914	0.913101
-0.0472832	-0.187461	0.981133
0.00312945	0.190216	0.981737
-0.211421	-0.117195	0.970343
0.0385138	-0.178665	0.983156
-0.261793	-0.258832	0.929769
0.315321	-0.180363	0.931688
0.517519	-0.169465	0.838723
0.453422	-0.0751366	0.888123
0.614771	0.556963	0.558434
0.0869716	0.350793	0.932405
-0.400813	0.262174	0.877846
-0.235494	0.1527	0.959805
-0.496856	-0.311474	0.810011
-0.249239	-0.380021	0.890766
-0.367465	-0.0853988	0.926108
0.323429	-0.110812	0.939742
-0.138153	-0.605494	0.783767
0.390486	-0.258107	0.883686
-0.152713	0.00299201	0.988266
-0.310449	-0.587729	0.747125
-0.726514	-0.0142001	0.687005
-0.518245	-0.157234	0.840654
0.534576	0.0286288	0.844635
0.305943	-0.638949	0.705793
-0.00412352	0.467664	0.883897
-0.323382	0.683477	0.654434
-0.325261	-0.154513	0.932915
-0.409704	0.127013	0.903333
0.0252031	-0.502785	0.864044
0.0671972	0.181044	0.981177
0.736665	0.344826	0.581738
0.706758	0.135232	0.69441
-0.0417743	0.00670453	0.999105
0.211617	0.22828	0.950319
0.410705	0.16603	0.896524
-0.309154	0.674498	0.67043
0.148163	0.0950224	0.984387
0.693682	0.696463	0.1837
0.205345	0.276986	0.938676
-0.928295	-0.318608	0.191721
0.0139136	0.918452	0.395287
0.088963	-0.0577554	0.994359
-0.337695	0.467272	0.81708
0.0792622	0.334237	0.93915
-0.396965	0.294701	0.869235
0.728783	-0.125219	0.673198
0.00232009	0.134065	0.99097
-0.0885871	0.264969	0.960179
-0.154921	0.190847	0.969318
-0.713271	0.241224	0.658069
-0.399028	0.228361	0.888047
0.0176649	-0.525355	0.8507
-0.0286151	0.352938	0.935209
0.491782	-0.527877	0.692457
-0.0554478	0.469127	0.881388
-0.155933	-0.000910637	0.987767
-0.513038	-0.332084	0.791526
0.628867	0.105842	0.770275
-0.56611	-0.458554	0.685016
0.640201	0.421632	0.64216
0.220141	0.0276476	0.975076
0.480043	-0.129555	0.867626
0.130961	0.243129	0.961113
0.353082	0.0450094	0.934509
0.338369	-0.203676	0.918707
0.241873	-0.0204798	0.970092
-0.240889	0.947436	0.210566
0.0199535	0.189617	0.981655
-0.980115	0.0276137	0.196497
-0.0683383	0.00137764	0.997661
-0.445528	0.407361	0.797221
0.300053	-0.202483	0.932185
0.133606	0.59046	0.795931
-0.820251	0.470085	0.325897
-0.0409952	-0.81904	0.57227
-0.718455	0.26525	0.643012
-0.0163397	0.102889	0.994559
-0.369535	-0.132518	0.919719
-0.614889	-0.326926	0.717657
0.521145	0.17466	0.835405
0.172789	-0.653278	0.737138
-0.623992	-0.0387496	0.78047
-0.326867	-0.0172421	0.944913
-0.51649	0.48339	0.706804
0.529558	-0.144684	0.835844
-0.143748	-0.132661	0.980682
0.364878	-0.222904	0.903979
-0.367588	0.173124	0.913733
0.0223879	-0.314709	0.948924
-0.328676	0.577214	0.747526
0.107805	0.884566	0.453786
-0.141581	0.863016	0.484932
-0.0744829	0.335594	0.939057
-0.18389	-0.322479	0.928543
0.540696	-0.338053	0.770304
-0.162812	-0.427313	0.889323
-0.0371421	-0.649322	0.759606
0.252063	-0.224071	0.941412
-0.665046	0.176754	0.725584
0.090546	0.626475	0.774164
-0.370116	0.226031	0.901068
-0.332637	0.0910646	0.938648
0.129871	-0.00761656	0.991502
0.295101	-0.116927	0.948285
0.121398	0.181668	0.975838
-0.0823731	-0.0630941	0.994602
0.0737991	0.680706	0.72883
0.690323	0.462903	0.556035
0.564834	0.127838	0.815243
-0.102051	-0.419165	0.902157
0.54892	0.257924	0.795086
-0.529712	-0.248804	0.810865
-0.572432	0.0183973	0.819745
-0.206884	-0.0639434	0.976274
0.395382	0.321044	0.860584
-0.204381	0.408691	0.889494
-0.0505579	-0.329586	0.942771
-0.686544	0.363967	0.629432
0.22559	-0.00475771	0.974211
0.025404	0.551501	0.833787
-0.580507	-0.203685	0.788368
-0.512147	-0.455445	0.7282
0.675487	0.269243	0.686459
0.144936	0.1203	0.9821
0.173126	-0.0686702	0.982503
0.0912641	0.29507	0.951107
-0.111785	-0.445769	0.888141
0.515976	0.281859	0.808903
0.309191	-0.179783	0.933852
0.452119	-0.00167131	0.891956
-0.435229	0.216902	0.873802
-0.305077	-0.138453	0.94221
0.522866	0.0757905	0.849039
-0.316333	0.309835	0.896625
0.218564	-0.235165	0.947063
0.154485	-0.234608	0.959736
0.228594	0.645632	0.728632
-0.441545	0.459357	0.770733
0.0538446	0.29277	0.954666
0.311344	0.0788726	0.947019
-0.891988	0.0181665	0.451693
0.406076	-0.407763	0.817821
0.130053	-0.0520033	0.990142
-0.0872731	-0.133935	0.98714
-0.175215	-0.186327	0.966738
-0.865951	-0.188952	0.463062
-0.331874	0.208375	0.920021
0.464396	-0.0641653	0.8833
0.0627302	0.423817	0.903573
0.170299	0.172878	0.970109
0.241199	0.0386954	0.969704
-0.469624	0.460295	0.75338
-0.424364	0.56236	0.709694
-0.649064	0.416622	0.636507
0.171689	0.0568619	0.983509
-0.212748	-0.0971139	0.972269
-0.123463	0.361711	0.924079
-0.159204	-0.228144	0.960523
-0.527171	0.211434	0.823035
-0.391913	0.299599	0.869853
-0.400316	-0.14486	0.904855
-0.885676	0.0146034	0.464075
-0.155874	-0.698024	0.698904
0.551836	-0.312261	0.773286
0.0417309	-0.162885	0.985762
0.205771	-0.508863	0.835893
-0.422439	0.0492653	0.905051
0.241776	-0.389711	0.888634
0.183128	0.290897	0.939065
0.0234095	0.159961	0.986846
-0.547544	-0.34956	0.760265
-0.134764	0.258948	0.956444
0.00829201	-0.185048	0.982695
-0.775673	0.0137984	0.630984
0.108892	-0.407427	0.906723
0.47526	-0.580913	0.660809
0.609524	0.655703	0.445571
-0.400214	0.479367	0.781048
0.614042	-0.0727906	0.78591
0.580261	0.060457	0.812184
0.0110325	0.613457	0.789651
-0.972969	-0.176195	0.149288
0.382068	-0.585266	0.715184
-0.661046	-0.467098	0.587229
-0.260507	0.573855	0.776419
-0.571998	0.0539959	0.818476
-0.715162	0.0504914	0.697133
0.370399	-0.376979	0.848935
0.628609	0.248576	0.736926
-0.372392	-0.253766	0.892708
-0.284786	0.877789	-0.385205
-0.747484	-0.334125	0.574132
0.372451	0.382449	0.845584
-0.249936	-0.81719	0.519358
0.15612	-0.131847	0.978899
0.689768	-0.0980581	0.71736
-0.311948	-0.697198	0.645449
0.225682	0.11163	0.967784
-0.522482	-0.437593	0.731795
-0.722252	0.457957	0.518293
-0.217899	-0.303459	0.927595
0.759078	-0.256108	0.598506
0.377107	0.50093	0.779012
-0.527718	0.729163	0.435701
-0.591606	-0.550637	0.588898
-0.301381	-0.248689	0.920502
0.214051	-0.11035	0.97057
0.33556	-0.109453	0.935639
0.277423	0.72257	0.633189
-0.499287	-0.108421	0.859626
0.602878	0.787304	0.129188
-0.760714	0.2943	0.578534
-0.0590217	-0.451934	0.890097
-0.360508	-0.418673	0.833515
0.342559	-0.63298	0.694254
-0.490444	0.172675	0.854194
-0.997482	0.006103	0.0706609
0.209686	0.0332761	0.977202
-0.449937	-0.479731	0.753269
-0.201127	0.886647	0.416419
-0.929298	-0.16786	0.328982
-0.899335	0.299368	0.318708
0.172841	0.686907	0.705893
-0.166084	0.0148615	0.986
0.480085	-0.042184	0.876207
-0.090793	-0.323527	0.941853
-0.102497	0.363713	0.925855
-0.611234	-0.363685	0.702941
0.108432	0.320809	0.940917
-0.396617	-0.535876	0.74534
0.23079	-0.681072	0.694893
-0.164684	-0.873558	0.458012
-0.0636761	-0.0809074	0.994686
0.217085	0.31628	0.923494
-0.576501	-0.174446	0.798257
0.682207	-0.650597	0.333644
0.27503	0.0750889	0.958499
-0.0197891	-0.574829	0.818034
-0.145966	0.616472	0.773729
0.39961	-0.316627	0.860267
0.311296	-0.374827	0.87327
0.130366	0.572352	0.809579
0.454656	-0.145453	0.87871
0.281884	-0.838012	0.467201
0.452735	-0.261029	0.852581
0.35246	0.511406	0.783732
0.0211183	0.574855	0.817983
-0.945942	0.208452	0.248476
0.378067	-0.192529	0.905538
-0.158951	-0.789726	0.592509
0.891892	-0.0372173	0.450715
-0.368066	0.390487	0.843829
-0.0708698	0.450892	0.889761
-0.0249471	-0.884598	-0.465686
0.229345	-0.471104	0.851741
-0.555409	0.566814	0.608475
-0.929697	-0.00304593	0.368313
-0.0453908	0.69387	0.718668
-0.577425	0.608109	0.544778
-0.0738049	0.144492	0.98675
0.220275	0.381928	0.897558
-0.460806	0.577757	0.673687
-0.916313	0.362112	-0.171013
-0.333447	-0.251219	0.908681
-0.249357	-0.262359	0.932196
-0.135804	0.892421	0.430282
0.60684	0.125705	0.784821
0.0345981	0.779915	0.624928
-0.201435	0.0409024	0.978648
0.560408	-0.556664	0.613244
0.0844222	0.346971	0.934069
-0.440236	0.621785	0.647746
-0.149081	-0.406594	0.901364
0.237367	-0.528048	0.815367
-0.160882	0.311114	0.936656
0.0752373	0.651371	0.75502
-0.563831	-0.0643165	0.823382
-0.266091	0.464309	0.844756
0.148995	-0.580373	0.800605
-0.570597	-0.00164149	0.821229
-0.389604	-0.222852	0.893614
-0.0182853	-0.615425	0.787983
0.881181	-0.213178	0.42199
-0.0987711	-0.71744	0.689582
-0.0396792	0.00881228	0.999174
0.192124	-0.380018	0.904807
-0.701676	-0.513912	0.493503
-0.906913	-0.275236	0.31899
-0.628334	-0.766702	0.131773
-0.163716	-0.144683	0.97584
-0.279736	-0.130387	0.951182
0.23369	-0.150737	0.960556
-0.387202	-0.832379	0.39651
-0.60049	-0.0716499	0.796416
0.378561	-0.905141	0.19342
0.257103	-0.421664	0.869539
-0.0165191	-0.994022	0.107925
0.0953152	0.99253	-0.0761576
-0.587133	0.31573	0.745379
0.792997	0.603147	0.0858426
-0.244806	0.800707	0.546752
-0.0940221	0.583646	0.806546
0.41541	0.448439	0.791414
0.0482629	0.0953218	0.994276
0.489129	-0.545708	0.680408
-0.209206	0.521784	0.827028
0.177286	-0.331913	0.9265
-0.435939	-0.358579	0.825456
-0.412642	0.579031	0.703171
0.168159	0.424487	0.889682
-0.488255	0.464121	0.739052
0.493743	0.580089	0.647854
-0.111259	0.836529	0.536508
-0.417785	0.497718	0.760088
-0.7838	0.237251	0.573907
-0.663444	0.362438	0.654584
0.0916368	0.153943	0.983821
0.653489	0.454032	0.605646
0.472601	0.779776	0.410606
-0.40151	0.173381	0.899293
-0.452929	0.229455	0.861514
-0.231911	0.283854	0.9304
0.10104	0.943284	0.316237
-0.912223	-0.0976715	0.397881
0.347575	0.843084	0.410366
0.517605	-0.334618	0.787475
0.312231	0.720653	0.619009
-0.618701	-0.753451	0.222532
0.132384	0.374519	0.91772
0.544555	0.774748	0.321287
0.0310234	0.0805086	0.996271
-0.456258	-0.418703	0.785185
0.598595	-0.349407	-0.720832
-0.203315	-0.153778	0.966962
0.343275	-0.254787	0.904017
-0.670734	-0.70984	0.215045
-0.387102	-0.215361	0.896533
0.321944	-0.0978714	0.941686
-0.101285	-0.392714	0.914066
0.978863	-0.0246568	0.203028
-0.304736	0.5187	0.798803
-0.0367335	0.647087	0.761531
0.148511	0.471156	0.869458
0.791981	-0.20891	0.573693
0.636117	0.235905	0.734645
0.0226577	-0.369925	0.928785
-0.490936	0.410957	0.768177
-0.143585	0.0204198	0.989427
-0.212279	-0.103069	0.971758
-0.24981	0.242322	0.937483
-0.129211	-0.676526	0.724994
0.501094	0.71042	0.494174
0.620248	-0.172042	0.765307
0.856164	0.104385	0.506051
-0.413807	0.652668	0.634657
0.078822	0.32096	0.943807
-0.389062	0.423795	0.817942
0.206173	-0.394597	0.895425
0.36724	0.722939	0.585229
0.0141373	0.0783719	0.996824
0.517781	-0.454246	0.724957
-0.212565	0.697891	0.683933
-0.351994	-0.367673	0.860765
-0.124734	-0.37373	0.919112
0.445629	-0.23738	0.863172
0.0890949	-0.214998	0.972542
0.118811	-0.326829	0.937585
-0.947714	-0.134687	0.289304
-0.373826	-0.124768	0.919069
-0.0712072	-0.345376	0.935759
0.711911	0.367101	0.598682
-0.253009	0.195357	0.947535
-0.636314	-0.666206	0.388941
0.0717543	-0.128236	0.989145
0.32964	-0.50455	0.797977
-0.249983	0.089937	0.964064
0.111295	0.295387	0.948873
-0.18316	0.0496156	0.98183
0.244558	0.827962	0.504649
0.338591	-0.777846	0.529444
-0.769565	-0.563325	0.300723
-0.764583	0.218094	0.606504
-0.107556	-0.505031	0.856373
-0.677507	0.699299	-0.22796
0.824417	0.199175	0.529779
-0.284785	-0.373434	0.882862
-0.083033	-0.00232885	0.996544
-0.707101	-0.423831	0.566018
-0.296951	-0.296838	0.907583
-0.0490352	0.0506739	0.997511
-0.154323	0.939431	0.306029
0.50174	0.02737	0.864586
0.0277298	0.702478	0.711165
-0.0781091	0.0607683	0.995091
-0.589102	-0.406248	0.698514
-0.453112	0.210739	0.866186
0.22825	-0.962923	0.14381
-0.335255	0.928951	0.157017
-0.147887	0.216207	0.965082
-0.651873	0.488653	0.579896
-0.176967	0.732846	0.656977
-0.161873	-0.179251	0.970395
-0.121794	0.241988	0.962605
0.0213038	-0.0235402	0.999496
-0.366563	0.927132	0.0778294
-0.347538	-0.549432	0.75983
0.0350202	-0.68871	0.724191
-0.444071	-0.604064	0.661746
0.125395	0.761414	0.636023
-0.65639	0.752577	0.0527203
0.344161	-0.151022	0.926685
0.23342	-0.0348801	0.97175
0.0486954	-0.338846	0.939581
-0.121805	-0.10941	0.986505
-0.438789	0.413007	0.798053
0.861922	0.438802	0.254053
-0.477517	-0.878432	-0.0182866
0.270478	-0.284196	0.919823
-0.738813	-0.0435189	0.672503
0.797488	-0.160777	0.581519
0.608365	0.343741	0.715356
0.0777881	-0.588277	0.804909
-0.701328	-0.527823	0.479106
-0.0179026	-0.0734573	0.997138
0.18493	-0.233017	0.954727
-0.432328	0.0566021	0.899938
0.094578	0.905908	0.412778
-0.901082	-0.278172	-0.332672
-0.038909	-0.573154	0.818523
-0.223917	0.499263	0.837017
-0.440409	0.447537	0.7783
0.118245	-0.0356648	0.992344
-0.683065	0.613646	0.396057
0.370024	-0.220577	0.902457
0.183155	0.53069	0.82754
0.849689	0.248436	0.46509
-0.262347	-0.453838	0.85159
0.145908	0.861916	0.485604
0.89296	-0.420142	0.161568
-0.332895	0.376906	0.864363
0.775458	-0.106187	0.622406
-0.0471692	-0.289006	0.956165
-0.573874	0.560685	0.59691
0.891976	0.382321	0.241267
-0.160963	0.831375	0.53189
-0.464082	-0.587947	0.66253
0.261267	0.952487	0.156549
-0.04555	0.722928	0.68942
-0.0903421	0.513017	0.853611
0.0895334	0.0415474	0.995117
-0.248783	0.326951	0.911707
-0.549326	-0.0568072	0.833675
0.501434	0.694271	0.516286
-0.0652434	0.636109	0.768836
-0.0118041	-0.131547	0.99124
-0.203481	-0.792589	0.574802
-0.124431	-0.0526051	0.990833
0.350768	0.395343	0.848921
-0.702399	0.693516	0.160221
0.452274	0.5525	0.700137
0.109117	-0.668879	0.735319
0.0236797	0.223196	0.974486
0.0828604	0.419572	0.903932
-0.0708907	-0.992638	0.0982103
-0.821075	0.157802	0.548575
0.307288	-0.601076	0.737754
0.998182	0.0117947	0.0591137
0.524706	0.0401905	0.850334
0.344679	-0.0732114	0.935862
0.0532929	0.923199	0.38061
-0.645032	0.0366209	0.763278
-0.0362352	-0.283685	0.958233
-0.0591566	0.474011	0.878529
0.0653778	-0.314501	0.947003
-0.691124	-0.186302	0.698312
-0.241438	-0.713853	0.657359
-0.447615	-0.177182	0.876497
0.432205	-0.316252	0.844502
-0.634603	-0.222268	0.740187
-0.316841	0.32622	0.890613
0.132388	0.259599	0.956599
-0.302081	0.57278	0.762018
0.596861	0.0400635	0.801344
-0.477638	0.644613	0.596939
0.710595	0.592355	0.379697
0.64762	-0.133685	0.750144
0.477693	0.303045	0.824605
-0.337826	-0.660211	0.670817
-0.792745	0.0939902	0.602263
0.0940923	0.553862	0.827275
-0.640377	0.573873	0.510478
-0.101636	0.239241	0.965626
-0.200986	0.723692	0.660208
0.202519	0.218047	0.954694
-0.498862	0.431453	-0.751654
-0.429303	-0.578995	0.693155
0.65462	0.194524	0.730502
0.485456	-0.573551	0.659827
-0.0958374	0.144155	0.984903
0.0785117	-0.682402	0.726748
0.118712	-0.341237	0.932451
0.133553	-0.178081	0.974911
0.670707	-0.0295038	0.741136
-0.892559	-0.166058	0.41924
0.708782	-0.275998	0.649194
0.12808	-0.503308	0.854562
0.203426	0.853671	0.479442
0.553558	0.704739	0.443753
-0.623109	-0.271934	0.73334
-0.417837	-0.488947	0.765731
-0.240637	-0.459847	0.854772
-0.514167	0.226869	0.827142
0.742144	0.475607	0.47225
-0.0253941	0.109616	0.99365
0.071707	0.00338266	0.99742
-0.58128	0.803413	0.129
-0.785764	-0.432984	0.441701
0.51111	0.337444	0.790505
-0.00915619	-0.533662	0.845648
0.0178992	-0.687057	0.726383
-0.888982	0.292026	0.352748
-0.373385	-0.0555171	0.926014
0.359437	0.903216	-0.234535
0.880227	0.0195002	0.474151
0.526543	0.536214	0.659717
-0.567714	-0.443074	0.69382
0.41193	-0.248546	0.876663
-0.278785	0.808682	0.517988
0.545574	0.0176357	0.837877
0.782838	-0.0552376	0.619769
0.0240983	-0.0879206	0.995836
-0.280045	-0.341232	0.897294
-0.556816	0.762415	0.329665
0.559045	-0.144645	0.816423
-0.00933918	-0.587484	0.809182
-0.30966	0.446723	0.839374
-0.0718529	0.624461	0.777744
-0.436854	-0.246755	0.865026
-0.231172	-0.0738185	0.970108
0.325115	-0.0244608	0.945358
0.572703	-0.565648	0.593341
0.0295813	0.547833	0.836064
-0.616792	-0.616963	0.488799
-0.882112	0.354223	0.310491
-0.237552	-0.362125	0.901352
0.198988	-0.108822	0.973941
-0.383619	-0.170157	0.90768
-0.178937	-0.156827	0.971281
-0.600581	-0.0277413	0.799082
0.602289	0.509157	0.614823
-0.0138906	-0.0236464	0.999624
-0.5025	-0.70794	0.496302
0.863007	-0.065526	0.500925
-0.423443	-0.865305	0.268224
0.338846	0.893907	0.29345
-0.318992	-0.0570763	0.946037
0.210961	-0.0619633	0.975529
0.117657	0.421203	0.899303
-0.444736	0.408144	0.797263
0.644937	-0.401167	0.650478
0.468602	0.392556	0.791399
0.216816	0.662193	0.71728
-0.195242	0.66966	0.716544
0.11773	0.330523	0.936426
-0.615826	-0.0290992	0.787345
0.840038	-0.536239	0.0823594
0.465898	-0.361283	0.807721
-0.618145	-0.311419	0.721745
-0.0238195	0.10911	0.993744
0.160838	0.0558729	0.985398
0.320612	0.610154	0.724514
0.439919	0.0447077	0.896924
-0.860022	0.0361214	0.508977
0.362271	0.293286	0.884728
-0.590365	0.081945	0.802966
