3400
-0.187279	-0.154046	0.970153
-0.182639	-0.156084	0.970711
0.132246	-0.18181	0.9744
-0.136638	0.119806	0.98335
0.132981	-0.209659	0.968689
0.666458	0.253308	0.701191
-0.566382	-0.00230688	0.82414
-0.290445	0.370711	0.882165
0.213047	-0.0873595	0.973129
0.456495	-0.17887	0.871561
-0.174016	0.506626	0.844422
-0.60306	-0.666757	0.437896
-0.455734	-0.583303	0.672357
0.184902	-0.111197	0.976446
-0.252994	0.090816	0.963196
0.603022	0.389449	0.696199
0.290358	-0.278047	0.915632
-0.364733	0.106327	0.925021
-0.497581	-0.504974	0.705277
0.507801	-0.443823	0.738349
-0.436838	-0.385597	0.812704
0.22776	0.78581	0.575002
-0.477264	-0.130113	0.869074
0.232123	-0.309216	0.922228
-0.561542	-0.498155	0.660691
-0.0321624	0.508789	0.86029
-0.0854485	0.588352	0.804078
0.182108	0.291569	0.939055
-0.294022	-0.172184	0.940162
-0.580282	0.254939	0.773485
0.083417	0.818614	0.568254
-0.641414	-0.766507	-0.0324805
-0.467975	0.0914821	0.878994
0.589722	-0.0595709	0.805406
-0.617449	-0.227667	0.752944
0.267106	0.222894	0.937535
-0.0569792	-0.506642	0.860272
-0.20152	0.0316844	0.978972
-0.355264	-0.0494837	0.933455
0.878496	-0.181518	0.441923
0.520253	-0.36314	0.772959
-0.572882	0.400612	0.715064
0.602653	0.220799	0.766849
-0.405257	0.336735	0.849927
-0.107689	-0.704608	0.701377
0.208456	-0.259678	0.942928
-0.458457	0.0447239	0.88759
0.0220712	0.132763	0.990902
0.678518	-0.321611	0.660439
0.0455271	0.352393	0.934744
-0.310367	-0.29806	0.902681
0.162472	-0.173429	0.971352
0.222098	0.0738904	0.972221
0.202837	0.314804	0.92723
0.304713	-0.358902	0.882235
0.291418	-0.00832643	0.95656
0.431194	0.0331447	0.90165
0.121608	0.304187	0.944818
-0.436318	0.591783	0.677805
0.0976138	0.194292	0.976075
-0.892856	0.449107	0.0333266
-0.568175	0.360492	0.739745
0.511194	-0.749274	0.421033
-0.0829548	0.498563	0.862875
0.308876	-0.519122	0.796937
-0.672828	-0.0609286	0.737286
-0.428382	0.559593	0.709468
-0.50202	0.0826114	0.860901
-0.44129	0.0965698	0.892153
-0.347556	0.173503	0.921467
0.310139	0.308904	0.899106
-0.073731	-0.385159	0.9199
-0.0790106	-0.213938	0.973647
0.0427436	-0.405564	0.913067
0.4956	-0.187898	0.847983
0.0814875	0.396503	0.91441
0.216587	-0.259561	0.941126
0.20483	0.0746336	0.975948
0.453035	0.655152	0.604595
0.116731	0.619421	0.776332
-0.378895	0.826206	0.41692
0.272424	-0.193574	0.942504
-0.159103	-0.0151498	0.987146
-0.128471	-0.0509058	0.990406
-0.506989	-0.17802	0.843369
0.317548	0.608258	0.727451
-0.50627	0.0352354	0.861655
-0.0982023	0.807717	0.581334
0.315381	-0.507933	0.801585
-0.0907639	0.423607	0.901287
0.299443	0.263291	0.917067
0.206573	-0.159276	0.96538
-0.0528653	0.566873	0.822107
0.209473	-0.547003	0.810499
-0.43999	-0.155414	0.884452
0.252279	-0.355588	0.899952
0.590282	-0.422064	0.688062
-0.447697	-0.232707	0.863374
0.287826	-0.363778	0.885902
-0.146679	-0.0667155	0.986932
0.106843	0.111725	0.987979
0.319388	-0.358436	0.87722
-0.141648	0.167075	0.975716
0.557655	-0.412607	0.720261
-0.481925	0.320006	0.815686
-0.464634	-0.0751182	0.882311
-0.380541	-0.86428	0.328951
-0.113171	-0.658381	0.744128
-0.158292	-0.307954	0.938141
-0.859847	-0.352506	-0.369326
-0.138604	0.0171996	0.990198
0.0943514	0.267101	0.959038
0.135566	0.0135844	0.990675
-0.240408	0.0108723	0.970611
-0.478598	-0.122898	0.869391
0.759937	-0.0987058	0.642458
-0.316939	0.742039	0.590701
0.920528	0.162208	0.35541
0.134062	-0.0959451	0.986317
-0.600035	-0.433589	0.672279
0.639321	0.0740923	0.765362
0.632193	-0.022544	0.774483
-0.59772	-0.758355	0.260056
-0.550501	-0.177671	0.81571
0.729945	-0.0615157	0.680732
0.182742	-0.367407	0.91193
0.0894879	0.871618	0.481947
0.292931	-0.106725	0.950158
0.775189	0.00173496	0.631727
0.749305	0.315829	0.58206
-0.311198	-0.780557	0.542113
0.517006	0.739187	0.431634
-0.00872534	-0.278957	0.960264
0.243739	0.577198	0.779381
0.638345	-0.102253	0.762929
-0.101122	-0.429115	0.897572
0.353567	-0.10671	0.929303
0.727003	-0.331798	0.601146
0.45821	-0.431492	0.777083
-0.247391	0.249085	0.936351
-0.476054	0.608292	0.635101
-0.187533	0.331679	0.924565
0.410288	-0.71512	0.565921
-0.352235	0.44253	0.82468
0.247957	0.0392376	0.967976
0.773051	-0.437793	0.459052
-0.343314	-0.494642	0.798414
-0.136274	0.428817	0.893054
-0.12361	0.0332042	0.991775
0.169704	0.32083	0.931809
0.225898	-0.371901	0.900367
-0.261163	-0.210388	0.942089
0.163554	-0.630695	0.7586
-0.5821	-0.357529	0.730296
0.00217926	0.620607	0.784118
-0.905235	0.169199	0.389771
0.231679	-0.191927	0.953671
-0.412095	-0.232276	0.881037
0.147938	-0.623603	0.767616
-0.334231	-0.798624	0.500489
0.498777	-0.408159	0.76461
0.388654	0.181499	0.903331
0.289473	-0.744775	0.601262
-0.214721	-0.523535	0.824503
0.000386703	-0.481984	0.87618
0.043988	0.0185817	0.998859
0.0626008	-0.376931	0.924123
0.717243	0.10692	0.688571
0.596382	-0.210491	0.774611
-0.5149	-0.842664	0.157466
0.301665	-0.484977	0.820851
-0.0964309	-0.713008	0.694493
0.00595239	-0.299752	0.953999
0.296202	0.177371	0.938511
0.324313	-0.183353	0.92801
-0.270975	-0.410952	0.870454
-0.405152	0.792285	0.45622
-0.62273	0.204912	0.755128
0.227033	0.304472	0.925069
-0.0398583	-0.125972	0.991233
0.121732	0.370773	0.920711
0.375034	-0.566251	0.733968
0.252906	0.0908387	0.963217
0.462384	-0.674161	0.575941
-0.423046	-0.0100413	0.906053
-0.251003	-0.456295	0.853693
-0.553088	0.343983	0.758795
-0.686075	-0.0593804	0.725103
-0.699498	-0.293477	0.651594
0.0549082	0.611197	0.789572
0.284979	0.291639	0.91309
-0.54182	0.18434	0.82003
0.866684	-0.314918	0.386891
-0.26941	-0.733642	0.623849
0.127678	-0.527252	0.840062
0.294611	0.0550577	0.95403
-0.285742	0.353832	0.890592
-0.549766	-0.202549	0.81039
-0.00424204	0.696685	0.717365
0.272009	0.312735	0.91006
-0.649101	-0.509779	0.564618
0.0840783	-0.229018	0.969784
0.122388	-0.571401	0.811493
0.0374673	0.199548	0.979171
0.211453	-0.0576804	0.975685
0.00183336	0.799257	0.600986
0.907542	0.206538	0.365663
0.324764	-0.650593	0.686482
0.383183	0.0532136	0.922138
-0.279015	0.158344	0.947142
-0.208009	-0.398047	0.893471
0.179274	-0.114038	0.977168
-0.358751	-0.0816117	0.929859
-0.433727	-0.124619	0.892385
-0.231964	0.0606134	0.970834
0.317041	0.324171	0.89129
-0.377013	-0.12347	0.917941
0.684756	-0.347975	0.64033
-0.184952	-0.0543401	0.981244
-0.261582	-0.203475	0.94349
-0.0314318	-0.468488	0.882911
-0.310167	-0.54721	0.777405
-0.193598	0.141982	0.970753
-0.0605302	-0.86373	0.500307
0.707275	-0.432149	0.559473
0.144034	-0.123602	0.981823
-0.817632	-0.396935	0.417038
-0.561151	-0.0707727	0.824683
-0.0727583	0.131758	0.988608
0.518106	0.0130026	0.855217
-0.799271	-0.52966	0.283948
-0.211783	-0.206934	0.955158
-0.01254	-0.251972	0.967653
-0.264712	-0.339677	0.902523
-0.17155	-0.657777	0.733417
-0.535312	0.0419944	0.84361
-0.156731	-0.615463	0.772425
-0.826745	0.105946	0.55251
0.34134	0.0482268	0.938702
0.268798	0.270184	0.924526
-0.619684	-0.48266	0.618895
0.325247	0.216948	0.920406
-0.364676	0.146172	0.919589
0.00688032	-0.302093	0.953254
0.50647	0.365504	0.780958
0.173836	-0.695773	0.696908
0.0899721	-0.460573	0.88305
-0.349075	-0.490561	0.798434
-0.0221134	0.992856	0.117251
0.459382	-0.885117	0.0744046
-0.426685	-0.545374	0.721461
-0.205864	0.582306	0.786473
-0.0315149	-0.0890841	0.995525
0.419948	-0.387795	0.820523
0.44848	-0.142202	0.882409
0.736288	-0.246298	0.630251
-0.0153513	0.0482138	0.998719
0.371922	-0.407979	0.833803
-0.0693054	-0.646502	0.759758
0.420455	0.133124	0.897494
0.28088	0.334666	0.899503
0.016511	0.283711	0.958768
-0.990992	0.13266	-0.0183459
0.568132	-0.667389	0.481475
0.774261	-0.362847	0.518519
-0.0594119	-0.226391	0.972223
-0.386908	0.120003	0.914277
-0.754431	0.371746	0.540961
-0.132042	0.768321	0.626297
0.266907	-0.00832373	0.963686
-0.147285	-0.283873	0.947483
0.182685	-0.155035	0.970871
0.153645	0.472155	0.868022
-0.752609	-0.105432	0.649973
-0.0198203	-0.795564	0.605546
-0.233669	0.257456	0.937611
-0.144981	0.454048	0.879103
0.142984	-0.52911	0.83642
0.055579	0.40478	0.912723
0.356009	-0.217291	0.908868
0.0369647	0.257769	0.965499
-0.326302	-0.0836919	0.941553
-0.286833	-0.300535	0.909618
0.0982944	0.777847	-0.620719
0.495715	0.276124	0.823421
0.0159242	0.122636	0.992324
0.0504791	-0.191993	0.980097
0.10617	0.324802	0.939804
-0.0913391	-0.707499	0.700786
-0.143932	-0.350918	0.925278
-0.646375	-0.0631469	0.760402
-0.0132977	0.311029	0.950308
-0.605852	-0.199835	0.770071
-0.837883	0.0635445	0.542139
0.379993	0.00413143	0.92498
-0.25494	-0.486522	0.835645
0.114287	-0.224108	0.96784
-0.513455	-0.156198	0.843781
-0.881039	-0.434373	0.187326
0.0559998	-0.0756766	0.995559
0.0827231	-0.350885	0.932758
0.648357	-0.737164	0.190322
-0.0107595	-0.529178	0.848442
-0.254338	0.610702	0.749904
-0.210389	-0.389645	0.896612
0.312999	-0.262064	0.912882
-0.303836	0.225999	0.925531
-0.47148	-0.40078	0.785545
0.294554	0.103663	0.949996
-0.285355	0.619734	0.731097
-0.0816432	0.883597	0.461076
-0.584244	-0.322933	0.744563
-0.558907	0.10054	0.823113
0.705745	0.216261	0.674652
-0.286233	-0.0702562	0.955581
0.167709	-0.913711	0.370144
0.347023	0.530765	0.773216
0.104935	0.321517	0.941071
-0.633714	0.149583	0.758968
0.444216	-0.391317	0.805942
-0.193527	-0.193789	0.961765
0.297228	-0.867818	0.398181
0.786254	-0.0260157	0.617356
0.227566	-0.605981	0.762234
0.835343	-0.160717	0.52571
-0.601119	0.527022	0.600753
0.401143	0.292483	0.868065
0.682494	0.018145	0.730666
0.218052	0.0325874	0.975393
-0.768372	0.530549	0.357942
-0.0456982	-0.548521	0.834887
0.494154	-0.774277	0.395357
0.510102	-0.837528	0.195814
-0.63474	-0.0107752	0.772651
0.670567	0.147604	0.727017
0.188439	0.159184	0.969098
0.022906	0.760708	0.64869
0.684758	0.15429	0.712251
-0.0773685	0.266802	0.960641
-0.391241	-0.721564	0.571206
0.671927	0.62986	0.389603
0.575776	-0.391432	0.717819
0.0242214	-0.0202257	0.999502
0.690821	0.560015	0.45733
0.461437	0.583183	0.668561
-0.527304	0.660728	0.534219
-0.900962	-0.231864	0.36675
0.509295	0.251278	0.823091
-0.659441	0.204845	0.723309
-0.831303	-0.205922	0.516266
0.193597	-0.669458	0.71718
0.508737	0.265886	0.818836
0.124937	0.0480209	0.991002
-0.495948	-0.0361935	0.867598
0.526941	-0.103202	0.843613
-0.4366	0.0963093	0.894486
-0.653711	-0.221541	0.72359
-0.290701	-0.634748	0.715953
-0.336132	0.251485	0.907618
-0.645293	-0.185997	0.740946
-0.127598	-0.136991	0.98232
-0.116021	-0.155983	0.980922
-0.959369	-0.269058	0.0849638
-0.675162	-0.0965007	0.73133
0.691037	-0.720694	-0.0553963
0.00583032	-0.0137068	0.999889
0.0713957	0.669291	0.739562
-0.365383	-0.213846	0.905961
-0.161136	-0.0140025	0.986833
-0.874779	0.059338	0.480874
-0.0546061	0.796396	0.602306
0.262282	-0.0892088	0.960859
-0.079177	0.0819705	0.993485
-0.402822	-0.066492	0.91286
-0.127168	0.101749	0.986649
0.628275	0.22491	0.744772
-0.131446	-0.0272168	0.99095
0.113655	-0.763951	0.635186
0.404541	0.103654	0.908627
-0.488689	0.553274	0.67459
0.21248	-0.401213	0.891
0.706081	0.0389754	0.707058
0.29778	0.713572	0.634147
-0.338348	-0.353296	0.872183
-0.278554	-0.378645	0.88263
-0.225937	0.355976	0.906771
0.237775	-0.535737	0.810215
-0.815017	-0.0636213	0.575934
0.121003	-0.157477	0.980081
0.372232	0.0976558	0.922988
0.0345967	0.0469198	0.998299
-0.543319	-0.195702	0.816398
0.21018	0.314068	0.925843
-0.0395565	-0.0541761	0.997748
-0.121208	0.107666	0.986771
-0.596838	0.200162	0.776994
-0.027429	0.198211	0.979775
-0.0124935	0.388237	0.921475
-0.710903	0.687935	0.146159
0.109724	0.222181	0.968812
0.00677923	-0.451317	0.892338
0.473969	-0.202612	0.856914
-0.548511	0.524646	0.651062
0.0864741	0.353663	0.931367
-0.580612	-0.343355	0.738239
0.282485	0.636367	0.717801
0.526635	0.146794	0.837322
-0.610677	-0.407384	0.679052
-0.218475	-0.141846	0.965478
-0.0962711	0.494361	0.863909
0.356835	0.459052	0.813597
-0.383359	0.55424	0.73882
0.0672807	0.14604	0.986988
-0.145262	0.280835	0.948699
0.395675	-0.116802	0.910933
-0.452783	0.474321	0.754988
-0.36557	-0.390769	0.844783
0.118144	-0.627965	0.769221
-0.36794	0.2987	0.880567
-0.229872	-0.0107946	0.973161
-0.157238	-0.30357	0.939746
-0.297913	0.479408	0.825479
0.166445	-0.718911	0.67488
0.235069	0.189216	0.953383
-0.327083	-0.254221	0.910159
-0.353008	0.328957	0.875884
0.0314994	-0.453339	0.890781
0.308686	0.323055	0.894622
-0.495768	0.820989	0.28318
-0.735846	0.0670137	0.673824
0.181257	0.182185	0.966413
0.0249299	0.741281	0.670732
0.449124	-0.398608	0.799624
-0.172845	0.0328501	0.984401
0.273559	0.686163	0.674051
-0.670253	0.200174	0.714627
-0.191313	0.128656	0.973061
0.128436	0.0911756	0.987518
-0.453419	0.492487	0.742878
-0.258284	-0.156294	0.953342
0.0736834	0.493063	0.866868
0.660842	0.225108	0.715971
-0.955802	-0.0730399	-0.284795
-0.283251	0.886937	0.364843
0.167832	0.229049	0.958837
-0.183248	0.732859	0.655239
-0.66356	0.311841	0.680032
0.331941	0.144259	0.932204
0.0184258	-0.221111	0.975075
-0.625989	-0.724099	0.289515
-0.51113	-0.697423	0.502342
-0.183591	0.0875943	0.979092
-0.80563	0.277357	0.523482
-0.0909343	-0.380921	0.920125
-0.743183	-0.201618	0.637988
-0.21718	0.335363	0.916714
-0.243194	-0.221195	0.94442
-0.0594784	0.0544995	0.996741
-0.396125	0.188987	0.898537
0.152046	0.101732	0.983124
-0.0942132	-0.141177	0.985491
-0.318499	0.203732	0.925771
0.684385	-0.666235	0.296225
-0.671047	-0.697016	0.252714
-0.670954	-0.481961	0.563502
-0.811262	-0.211967	0.544907
-0.123462	0.243354	0.962048
0.29077	0.395253	0.871337
-0.0849331	-0.0841436	0.992827
0.104986	0.153953	0.982485
0.339939	-0.0247327	0.940122
-0.134377	0.377652	0.916145
-0.361802	0.00212502	0.932253
0.548277	0.0703897	0.833329
0.283176	-0.271129	0.919946
-0.327142	-0.125951	0.936544
-0.828789	0.400871	0.390399
-0.399671	0.585212	0.705542
-0.41973	-0.569863	0.706458
-0.495808	0.0385409	0.867577
0.151945	-0.45381	0.878049
-0.593024	-0.0835098	0.800842
-0.458408	0.139918	0.877659
0.946767	-0.0370764	0.319778
-0.173611	-0.925452	0.336745
0.217683	0.0347239	0.975402
-0.0979948	0.363887	0.926274
-0.0238666	0.284283	0.958443
0.543932	-0.0162709	0.838972
-0.328246	0.252753	0.910149
0.437057	-0.31598	0.842103
-0.201446	0.0049032	0.979487
0.165325	-0.0264861	0.985883
-0.563115	-0.559808	0.607878
-0.54154	0.392664	0.743337
0.340509	0.213779	0.915616
-0.0388113	0.377719	0.925106
0.0662511	0.0959146	0.993182
-0.836781	-0.119438	0.534352
-0.578245	0.0593882	0.813698
-0.547759	0.0168038	0.836468
-0.304904	0.397924	0.865269
-0.427528	0.308243	0.849827
0.157899	-0.317747	0.934936
-0.223176	-0.167689	0.960246
-0.640449	-0.251738	0.725571
-0.607736	-0.391113	0.691149
0.276191	-0.0305842	0.960616
-0.969575	0.153175	0.190951
0.338129	0.00639772	0.941078
-0.294257	-0.50508	0.811361
-0.29862	0.238836	0.924004
0.266867	0.0923145	0.959302
-0.222097	-0.202843	0.953692
-0.319748	-0.1958	0.927051
0.298039	-0.6021	0.740708
0.267715	0.19015	0.944548
-0.762195	-0.351135	0.543841
0.987862	0.129279	-0.0861189
-0.154044	-0.0894341	0.984008
-0.423402	-0.152809	0.892961
-0.618249	-0.141576	0.773126
0.267068	-0.24947	0.930827
0.417461	-0.513502	0.749695
0.295407	0.159306	0.941996
0.0269937	-0.431886	0.901524
-0.745822	-0.367959	0.555298
0.430487	-0.529661	0.730849
-0.291826	-0.120314	0.948874
0.892844	0.12782	0.431847
0.0289925	0.110577	0.993445
-0.241477	-0.0129539	0.97032
0.0843821	-0.24598	0.965595
0.482791	-0.471805	0.737776
0.421362	0.130592	0.897441
0.135501	0.366422	0.920529
-0.228509	-0.119542	0.966175
-0.759528	0.0961327	0.643331
-0.208604	-0.320473	0.924003
-0.0416997	0.115364	0.992448
-0.127848	0.153226	0.979886
0.0718747	0.250149	0.965536
-0.565381	-0.0895823	0.819951
0.839143	0.531281	0.116536
0.320671	0.104406	0.941419
0.520328	0.0760917	0.85057
0.477709	0.534409	0.697281
-0.104225	-0.0138003	0.994458
0.289933	0.403937	0.867625
0.231968	0.407042	0.883464
0.305214	0.133492	0.942881
-0.235422	0.463374	0.854319
-0.662795	0.0245257	0.748399
0.533247	0.712873	0.455477
-0.141246	0.4129	-0.899757
-0.169001	0.118313	0.978489
-0.457649	-0.510411	0.728037
-0.149638	-0.0190249	0.988558
-0.025933	-0.0141126	0.999564
0.047562	-0.104645	0.993372
-0.862696	-0.0760574	0.499971
0.137731	-0.384711	0.912704
-0.0573511	0.155244	0.98621
-0.899308	0.115981	0.421656
-0.70556	-0.562689	0.430774
0.451841	-0.412506	0.790998
-0.519253	-0.429046	0.739118
-0.245151	0.487899	0.837768
-0.435856	-0.310117	0.844901
-0.291287	-0.0109837	0.956573
-0.473401	0.207794	0.855987
0.207828	-0.966811	0.148608
-0.0888084	-0.181709	0.979334
-0.121196	-0.272686	0.954439
0.205271	0.309958	0.928326
-0.394417	-0.160026	0.90489
-0.809455	-0.24714	0.53264
0.244154	0.0124684	0.969656
-0.249811	-0.236934	0.938859
-0.304336	-0.469897	0.828599
0.275561	0.427396	0.861045
-0.520462	-0.0332932	0.853236
-0.497587	0.217135	0.839797
0.272268	-0.676677	0.68409
-0.110417	0.165598	0.979993
0.234932	-0.452654	0.860181
-0.189823	-0.0546185	0.980298
0.35219	0.629536	0.692565
-0.0393614	-0.514126	0.856811
-0.288596	-0.312361	0.905065
0.558475	-0.516903	0.648781
0.498622	0.329318	0.801826
0.232944	0.0541292	0.970983
-0.307944	0.580603	0.753704
0.0798202	-0.294182	0.95241
-0.43511	0.00975566	0.900324
0.379604	-0.165908	0.910151
0.616315	-0.59459	0.516351
0.499428	0.144412	0.854235
-0.415051	-0.513996	0.750693
0.14154	-0.096138	0.985253
-0.349226	-0.0152027	0.936915
-0.636454	0.489032	0.596468
0.0303376	0.241187	0.970004
0.49929	-0.0989554	0.860766
-0.183666	-0.472055	0.862225
-0.487575	0.000666389	0.873081
-0.0421584	0.647402	0.760981
0.0538258	0.349089	0.935542
-0.160396	-0.0348702	0.986437
-0.17025	-0.594734	0.785689
0.176039	0.121532	0.976852
0.0714516	0.0506022	0.99616
0.641968	-0.492269	0.587834
-0.0970577	0.242479	0.965289
-0.103532	0.303123	0.947311
0.289794	0.264461	0.919826
-0.246099	-0.586851	0.771389
-0.40195	0.00880423	0.915619
-0.39537	0.0587977	0.916638
0.106304	0.15222	0.982613
-0.295891	0.0585027	0.953429
-0.194588	0.117065	0.973874
-0.157219	0.0476021	0.986416
-0.535033	-0.320732	0.781582
0.407908	-0.572576	0.711174
-0.581509	0.0661177	0.810849
-0.462214	-0.0391954	0.885902
-0.217599	0.445496	0.868438
-0.696676	-0.076756	0.713268
-0.224701	-0.132023	0.965443
-0.150063	0.212131	0.965651
-0.204323	-0.165251	0.964855
0.565088	0.422709	0.708514
0.461236	-0.418226	0.782527
-0.0947652	0.467888	0.878693
0.120275	0.148949	0.981503
0.28062	-0.285815	0.916276
-0.122199	0.109403	0.986458
-0.544991	-0.492709	0.678397
0.435159	0.0474814	0.899101
-0.0547051	0.54541	0.836382
0.16795	0.550012	0.818095
0.00996071	-0.102109	0.994723
0.0905496	-0.139092	0.986131
0.0758541	0.425009	0.902005
-0.339339	0.720608	0.604626
0.198299	0.3226	0.92553
0.668693	0.242341	0.702937
-0.518447	0.297423	0.801718
0.235228	0.108132	0.965906
-0.537804	-0.325994	0.777492
-0.204769	0.0546535	0.977283
-0.0672857	0.634271	0.770177
0.618783	0.319218	0.71778
-0.0433704	-0.406709	0.912528
0.399563	-0.0934527	0.91193
-0.205941	-0.148086	0.967295
0.104302	-0.1954	0.975162
-0.0715053	0.216419	0.973678
0.0790342	0.0705812	0.99437
0.116779	0.0465529	0.992066
-0.120458	-0.0603671	0.990881
-0.0373924	-0.162688	0.985969
-0.32895	0.292416	0.897934
0.501333	0.416355	0.758494
-0.140106	0.158895	0.977304
-0.430495	-0.131335	0.892987
0.28538	-0.0877077	0.954393
0.53259	-0.0576025	0.844411
0.229447	0.102465	0.967913
-0.0760301	0.559213	0.82553
-0.376098	-0.00857325	0.92654
0.0450396	0.326868	0.943996
-0.188634	0.0673791	0.979733
-0.485158	-0.0630949	0.872147
0.316835	-0.250786	0.914725
0.338618	0.0575725	0.939161
-0.36714	-0.351076	0.861367
0.429718	0.344422	0.834695
-0.149129	-0.147994	0.97768
0.46895	0.579725	0.666337
-0.748887	-0.256726	0.610951
0.164044	0.420191	0.892485
0.486591	-0.197126	0.8511
0.329197	0.300385	0.895209
0.829147	-0.278856	0.484515
-0.0984951	-0.243979	0.964766
-0.12994	0.183721	0.974352
-0.620974	0.00569445	0.783811
0.599499	-0.058846	0.79821
0.215321	0.0282686	0.976134
0.0050701	0.114236	0.993441
0.215017	-0.250058	0.944054
-0.935575	0.292856	0.197319
0.025477	0.34671	0.937626
-0.00586125	-0.309055	0.951026
0.202378	-0.394705	0.896243
-0.583447	-0.184279	0.790969
0.420341	-0.0159386	0.907226
-0.0965795	0.0786649	0.992212
-0.14403	-0.748472	0.647337
0.299503	0.128938	0.945343
0.463504	0.102071	0.880196
0.390156	-0.155684	0.907492
-0.23428	0.141646	0.961795
0.648076	-0.258875	0.716227
-0.37953	0.337124	0.861571
-0.0591417	0.576975	0.814618
0.198671	-0.080141	0.976784
0.676766	0.10851	0.728157
-0.50873	0.291375	0.81012
-0.558069	-0.292983	0.77635
0.0347286	0.384393	0.922516
-0.23839	0.104576	0.965523
-0.246938	0.280796	0.927456
0.17515	0.335794	0.925508
0.152402	0.176289	0.972469
0.433758	0.0267196	0.900633
-0.620412	-0.370578	0.691203
-0.500449	0.162256	0.850426
0.185954	0.294691	0.937325
-0.368137	-0.0736368	0.926851
-0.0524043	0.235614	0.970433
-0.444255	0.00631206	0.895878
-0.293331	-0.47221	0.831249
0.61561	0.432275	0.65891
-0.267254	0.0206539	0.963405
-0.589108	0.0154095	0.807908
-0.457585	-0.471474	0.753875
-0.0518675	-0.316097	0.947308
-0.364911	0.140788	0.920336
0.0463978	0.199971	0.978703
0.701816	-0.627752	0.336722
-0.139644	0.0764368	0.987247
0.215042	-0.182941	0.959317
0.0179025	0.39496	0.918524
-0.0853215	-0.3357	0.938097
0.047457	0.156342	0.986562
0.42602	0.477494	0.768444
0.351112	-0.0511362	0.934936
-0.241087	0.153856	0.95823
-0.427406	0.307629	0.850111
0.040809	-0.243779	0.968972
0.318349	-0.210587	0.924287
-0.613032	-0.445909	0.652194
0.894117	0.210735	0.395153
0.291943	-0.608024	0.738293
0.409555	0.06876	0.90969
0.294438	-0.0860616	0.951788
-0.314789	-0.540378	0.78032
-0.121511	0.515828	0.848031
-0.314028	-0.300866	0.900481
-0.0852155	-0.000772159	0.996362
-0.367877	0.13249	0.920387
0.184482	0.254143	0.949409
0.644428	-0.178375	0.743569
-0.606157	-0.175011	0.775851
0.26448	0.375433	0.888313
-0.0228592	-0.311922	0.949833
-0.186936	-0.395554	0.899217
0.0675774	-0.364811	0.928626
-0.0267721	0.645943	0.762916
0.0695036	-0.131376	0.988893
0.464861	0.25773	0.847042
0.501044	-0.487798	0.714848
0.0313551	-0.280868	0.959234
-0.299665	0.126166	0.945665
0.298673	-0.0321382	0.953814
-0.292929	0.36114	0.885308
-0.632703	-0.315733	0.707106
0.555478	-0.341027	0.758383
0.246715	-0.378807	0.891985
0.493198	0.322775	0.807819
-0.002998	0.0938842	0.995579
0.175675	-0.287438	0.941551
-0.334792	-0.27751	0.900501
-0.0469799	0.351015	0.935191
0.0213128	0.0965284	0.995102
-0.378037	0.296753	0.876941
0.560253	-0.0277133	0.827858
-0.680491	0.132942	0.720595
-0.427809	0.350106	0.83331
-0.85662	0.019193	0.515591
-0.0685933	0.500096	0.863249
-0.255661	-0.29539	0.920534
-0.305007	-0.30722	0.901436
0.463637	0.421732	0.779219
0.415966	-0.763142	0.494558
-0.673713	-0.201106	0.711102
-0.423325	0.344495	0.837926
-0.469523	0.577655	0.66773
0.294078	0.179755	0.938726
-0.482898	-0.317156	0.816224
0.418556	0.454309	0.786393
0.84934	0.269976	0.45358
-0.0676819	-0.426426	0.901987
-0.297556	-0.506873	0.809037
-0.238641	-0.193294	0.951676
0.379284	0.31668	0.8694
-0.0233868	-0.105767	0.994116
0.124617	0.562635	0.817259
0.333825	0.226292	0.91507
0.0307599	-0.0281115	0.999131
0.31182	-0.677605	0.666047
0.537896	0.0389652	0.84211
0.0189129	-0.0679325	0.997511
-0.315922	0.141226	0.938216
0.492771	0.587365	0.642012
0.160075	0.258922	0.952541
0.490545	-0.118356	0.863341
0.171213	-0.0707215	0.982693
-0.367293	0.528491	0.765371
-0.0878462	-0.498814	0.862246
0.704135	0.3156	0.636075
0.37118	0.0130041	0.92847
-0.461635	-0.465712	0.754987
0.467314	-0.0513304	0.8826
-0.215089	0.0145761	0.976486
-0.291409	0.782332	0.550488
0.262797	0.755632	0.599965
-0.199049	-0.158221	0.967133
-0.157265	-0.249886	0.955419
-0.519725	0.00210764	0.854331
0.432336	0.289071	0.854122
0.889833	-0.273006	0.365602
0.022482	0.127372	0.9916
0.169762	0.186407	0.967695
0.304414	-0.638051	0.707264
0.428298	-0.129496	0.894311
-0.274683	0.160714	0.948009
-0.0258213	-0.356698	0.933863
0.903559	-0.270271	0.332469
-0.319206	-0.667578	0.672642
-0.687952	0.0682199	0.722542
-0.119451	0.218281	0.968548
-0.186197	-0.573286	0.797919
0.356876	0.217394	0.908504
0.274296	-0.0187929	0.961462
-0.227976	0.207654	0.951266
0.502274	-0.048979	0.86332
-0.238571	0.1707	0.956005
-0.31195	-0.414489	0.854919
-0.288979	0.108575	0.951158
-0.318224	0.0363865	0.947317
-0.363692	-0.549961	0.751845
0.146225	-0.144096	0.9787
-0.761207	0.0217482	0.648144
-0.456778	0.340635	0.82178
0.528899	0.0861864	0.844297
-0.0458334	0.575992	0.816169
-0.039418	0.423159	0.905197
-0.131316	-0.757036	0.640041
0.161026	-0.302168	0.939556
-0.4287	0.176814	0.885976
-0.104525	-0.44116	0.89132
-0.331943	0.243916	0.911218
-0.261146	-0.438451	0.859979
0.760414	-0.628561	0.163343
-0.000749796	0.458822	0.888528
0.594543	-0.511221	0.620622
-0.268715	-0.819811	0.505671
0.47099	0.382429	0.794932
0.328238	-0.152813	0.932152
0.553902	0.082601	0.828475
0.348217	0.491788	0.798054
0.442325	0.124745	0.888137
0.515345	-0.0816916	0.85308
-0.0064616	-0.225016	0.974334
-0.337991	0.341771	0.876901
-0.304821	-0.101414	0.946995
0.848563	0.0261573	0.528448
-0.163265	0.103876	0.981098
-0.502302	-0.15493	0.8507
-0.140829	-0.0592122	0.988262
-0.527774	-0.291466	0.797811
-0.201569	-0.0446501	0.978456
0.118786	0.425285	0.89723
0.299663	-0.404921	0.863852
0.0312575	0.397684	0.91699
-0.589153	0.0271701	0.807564
-0.21601	0.369644	0.903716
-0.298792	0.4451	0.844162
0.59712	0.023245	0.801815
0.105123	-0.02467	0.994153
-0.214249	-0.668016	0.712637
-0.481841	0.296401	0.824606
0.348857	0.349711	0.869483
0.313868	0.0325728	0.948908
-0.614468	0.578852	0.536059
-0.214545	0.222078	0.951132
-0.748537	-0.457671	0.479823
0.128358	-0.0225922	0.991471
0.0508893	-0.44832	0.892423
-0.292262	-0.30018	0.908006
0.0661632	0.00222241	0.997806
0.0168319	-0.34859	0.937124
-0.147676	0.200654	0.968468
0.169167	-0.50783	0.844684
0.103551	0.269346	0.95746
-0.401658	-0.207399	0.891996
-0.33255	-0.557062	0.760981
0.175486	-0.0867052	0.980656
-0.00591123	0.20353	0.979051
-0.422392	-0.335988	0.841841
0.367005	0.120703	0.922355
0.264161	0.287015	0.920783
0.181282	0.378417	0.90771
0.166678	0.377758	0.910778
-0.64748	0.168643	0.743188
-0.20836	0.091355	0.973776
-0.105347	-0.243157	0.964249
-0.568345	-0.245067	0.785446
-0.223582	0.380873	0.897188
-0.0616145	-0.0978396	0.993293
-0.462035	0.610115	0.643648
-0.260134	0.110233	0.95926
0.498621	0.563393	0.65876
-0.0963659	-0.45268	0.88645
0.425146	-0.567161	0.705393
-0.100521	-0.135972	0.9856
0.715269	-0.156711	0.681053
0.549071	0.0722933	0.832643
-0.0335139	-0.15776	0.986909
-0.280762	-0.506019	0.815547
-0.290559	0.257451	0.921572
-0.0588229	0.671168	0.738968
0.138535	-0.314314	0.939157
0.234084	-0.0645366	0.970072
-0.00355347	0.122505	0.992461
-0.523758	0.404893	0.749493
0.248313	0.261058	0.932839
-0.092637	-0.120351	0.9884
-0.0557763	0.375446	0.925164
0.531456	0.00816339	0.847047
0.0116327	0.00516205	0.999919
0.700545	-0.156298	0.696282
-0.0247193	-0.315079	0.948744
0.338631	0.134796	0.931214
-0.283881	-0.387276	0.877171
0.364643	0.268253	0.89167
0.227661	0.559822	0.796724
-0.107752	-0.117795	0.987175
0.544074	-0.0166542	0.838872
-0.42959	0.0447984	0.901912
0.270027	-0.0488942	0.961611
-0.620248	0.00666201	0.784378
-0.358085	0.65028	0.670008
0.0828512	0.0638427	0.994515
-0.577549	0.509373	0.637947
-0.429205	0.462034	0.776085
0.201778	0.0878236	0.975486
-0.173281	0.231252	0.957338
-0.226719	-0.265628	0.937038
-0.635238	-0.686079	0.35464
0.173209	-0.653957	0.736436
-0.316947	-0.374226	0.871493
0.020176	-0.302123	0.953055
0.0682864	0.0484537	0.996488
0.088807	-0.269764	0.958823
0.410335	-0.00635382	0.911913
0.0457578	0.543909	0.837896
-0.841758	-0.344153	0.415936
0.0717905	0.220656	0.972706
0.208224	0.0971445	0.973245
0.146022	0.665853	0.731654
0.276268	-0.0939557	0.956477
-0.10292	0.501076	0.859261
-0.252997	0.670718	0.69723
-0.252073	0.760036	0.599003
0.0577236	0.568442	0.820696
0.102022	0.196494	0.975183
0.0248138	0.89536	0.444651
-0.0792884	-0.061517	0.994952
-0.136849	0.476479	0.86847
0.149926	0.216402	0.964724
0.308953	0.755899	0.577205
0.592171	0.0941734	0.800291
-0.087765	0.0350456	0.995525
-0.1679	0.347654	0.922468
-0.299855	-0.652274	0.696151
-0.107067	0.523583	0.84522
-0.162438	-0.193002	0.967659
-0.510758	0.455492	0.729146
-0.0248923	-0.157075	0.987273
-0.351379	-0.416794	0.838341
-0.086433	-0.0204185	0.996048
0.437037	-0.194571	0.878146
-0.0104477	0.16434	0.986348
0.127587	0.0154268	0.991707
0.410599	-0.0568524	0.910042
-0.140725	0.392134	0.909081
0.14254	0.283078	0.948446
-0.452205	0.141062	0.880688
0.290948	0.137156	0.946857
-0.802634	0.00113316	0.59647
-0.473797	-0.117409	0.872772
0.0539328	0.0393229	0.99777
0.519129	0.506678	0.688318
-0.203463	-0.437839	0.875728
-0.553082	-0.268496	0.788676
0.497812	0.214522	0.840335
-0.0523202	-0.59465	0.80228
-0.170026	0.122324	0.977818
-0.798793	-0.575727	0.174554
0.379116	0.157744	0.911805
0.589471	0.156101	0.792563
0.086143	-0.461235	0.883086
-0.612459	0.185167	0.76851
-0.721425	0.0143869	0.692343
-0.676911	0.130805	0.724349
0.0254711	-0.287948	0.957307
-0.398637	0.349715	0.847814
-0.230463	0.289655	0.928971
-0.116223	0.202329	0.972397
0.332121	0.245817	0.910643
-0.881924	0.355471	0.309598
0.536483	-0.433436	0.724099
-0.457686	-0.0226431	0.888826
0.0627788	-0.105548	0.992431
-0.134384	-0.10111	0.985757
0.202955	0.220727	0.953986
0.595214	0.0858428	0.798969
0.126546	0.462474	0.877556
-0.231339	0.312105	0.921451
-0.94776	0.298743	-0.111816
-0.508274	-0.0438929	0.860076
-0.133064	-0.094211	0.98662
0.495879	0.272317	0.824589
0.313948	-0.55231	0.772263
-0.456919	0.801368	0.386049
0.0967762	0.551018	0.828863
-0.0822233	-0.142684	0.986347
-0.661587	-0.000596311	0.749868
0.396975	0.343154	0.851267
-0.190651	0.516134	0.83502
0.0530682	0.13029	0.990055
0.665323	0.501117	0.553378
0.409235	0.503792	0.760736
-0.20316	-0.360748	0.910267
-0.439499	-0.418344	0.794877
-0.196258	0.0340057	0.979963
-0.32054	-0.286473	0.902877
-0.212255	0.857881	0.467962
0.0249089	0.0343653	0.999099
-0.609931	0.281868	0.740631
0.104556	0.287525	0.952049
0.559199	-0.360585	0.746509
-0.124966	0.105945	0.986488
-0.437667	-0.304237	0.846101
0.764278	-0.21237	0.608915
-0.911073	-0.247419	0.329742
-0.527073	0.18843	0.828667
0.253264	-0.264907	0.93042
-0.720378	-0.258238	0.643715
0.137007	-0.154139	0.978504
-0.159017	0.361709	0.91863
0.48785	-0.427254	0.76122
-0.666346	0.119576	0.735992
0.136425	-0.686779	0.713949
-0.170991	-0.566703	0.805984
0.169733	-0.179347	0.969033
-0.234155	0.377498	0.895917
-0.00293059	-0.0819133	0.996635
0.608784	-0.296617	0.7358
-0.703327	0.544781	0.456666
-0.695274	-0.0467327	0.717224
-0.0873159	0.61073	0.78701
-0.705927	-0.0699694	0.70482
-0.630978	0.145821	0.761973
0.175829	0.472432	0.86365
0.618459	0.0128694	0.785712
-0.298632	-0.0718958	0.951656
-0.414166	0.323099	0.850925
-0.424113	-0.502973	0.753091
-0.262545	-0.747522	0.610149
-0.0580363	0.108545	0.992396
0.184304	-0.323532	0.928095
-0.587725	-0.307013	0.748547
-0.220657	0.0405926	0.974506
0.403868	0.458727	0.791492
-0.587507	-0.295829	0.753207
0.199185	0.143033	0.969467
-0.0715027	-0.113071	0.991011
0.808165	0.504081	0.304585
0.207025	0.0340732	0.977742
-0.587066	0.107736	0.802338
-0.189201	0.0485507	0.980737
0.617214	0.544585	0.567869
-0.23901	0.470428	0.849454
-0.193352	-0.467723	0.862467
0.298757	-0.385016	0.873216
0.739537	-0.13316	0.659813
-0.414128	0.344953	0.842322
-0.247554	0.486463	0.837897
-0.034057	-0.260737	0.964809
-0.470322	0.0609373	0.880388
-0.886649	0.203841	0.415094
-0.23116	0.550906	0.801915
-0.280064	-0.184582	0.942069
0.154597	-0.556272	0.816493
-0.804581	-0.448591	0.389122
-0.554757	-0.0595057	0.829882
-0.824769	-0.413278	0.38595
-0.199784	0.00666697	0.979817
-0.0539005	0.640145	0.766361
-0.125988	0.305184	0.943923
0.591974	0.0710746	0.802817
-0.283724	0.0244239	0.958595
-0.496955	-0.146086	0.855392
-0.763649	0.239426	0.599596
-0.236878	0.101315	0.966242
-0.111657	0.300945	0.947082
-0.764235	-0.367259	0.530156
0.247311	-0.0516734	0.967557
-0.622813	0.252241	0.740593
0.389624	-0.0926497	0.916302
0.0260931	-0.512763	0.858134
-0.495073	0.0294668	0.868352
0.540101	-0.0663964	0.838977
-0.357447	-0.436898	0.82544
0.480577	-0.0537232	0.875305
0.0453524	-0.460856	0.886316
-0.406989	-0.123117	0.905098
0.133421	0.230315	0.963926
-0.320934	-0.0687316	0.944604
-0.438106	0.0494165	0.897564
0.396208	0.0107128	0.918098
0.336123	0.330219	0.88203
0.0170304	-0.319841	0.947318
-0.25588	0.382248	0.887926
-0.330018	-0.510448	0.79406
-0.00381389	0.354611	0.935006
-0.015577	0.115106	0.993231
-0.25084	-0.276547	0.927686
0.204173	0.258959	0.944062
-0.0685259	-0.2982	0.952041
-0.0254772	-0.45157	0.891872
0.463531	-0.159386	0.871628
-0.371534	0.246564	0.89508
0.434654	0.458251	0.775295
0.593123	0.00705806	0.805081
-0.549739	-0.0993995	0.829402
-0.496577	-0.644179	0.581761
0.171332	0.078622	0.982071
0.12528	-0.138831	0.98236
-0.0718528	-0.0328787	0.996873
-0.23843	-0.0770199	0.968101
-0.203439	-0.0362723	0.978416
0.0135312	-0.487684	0.872915
-0.112852	-0.116694	0.986735
0.0619881	-0.258279	0.96408
0.36979	0.111521	0.922398
-0.068381	0.285269	0.956005
0.374895	0.115648	0.919826
0.0608554	-0.575401	0.815605
-0.0583989	-0.0213576	0.998065
-0.369783	0.0802946	0.925642
-0.59266	-0.405306	0.696047
-0.243433	-0.633095	0.7348
-0.332933	0.0545081	0.941374
-0.354628	-0.220191	0.908711
-0.180078	0.159203	0.970683
-0.453097	-0.657761	0.601708
0.0286936	0.0945876	0.995103
0.233463	0.313597	0.920409
-0.268837	-0.363894	0.8918
-0.315267	0.803961	0.504235
-0.556847	-0.05117	0.829038
0.462011	0.328404	0.82383
0.269	-0.414583	0.869345
0.329606	-0.0764444	0.941019
-0.474685	0.631716	0.612869
0.343877	0.0976303	0.933926
-0.863271	-0.332789	0.379492
0.0114581	-0.0451091	0.998916
-0.0471333	-0.549859	0.833927
-0.274255	-0.279523	0.920136
0.751211	0.0880118	0.654168
-0.713006	0.052287	0.699205
0.144923	-0.0322788	0.988916
0.119874	0.366563	0.922639
0.201351	-0.392551	0.897419
0.340357	0.299853	0.891204
-0.139427	0.899132	0.414875
-0.424402	0.0857894	0.901401
-0.543469	0.175596	0.820858
-0.183731	-0.230023	0.955684
0.406077	-0.332511	0.851198
-0.307617	-0.201748	0.929876
0.172259	-0.24684	0.953623
-0.190944	-0.641785	0.742733
-0.0424488	0.0961875	0.994458
0.158397	0.13325	0.978343
0.161079	0.441137	0.882866
-0.392273	0.575158	0.717855
-0.616707	0.00978546	0.787132
0.901991	0.0631977	0.427104
0.0735147	-0.525352	0.847703
0.226935	0.114269	0.967183
0.597876	-0.275001	0.75294
0.114026	0.264121	0.957726
-0.0833024	0.836325	0.541868
0.628932	0.47055	0.618892
0.0700497	0.11584	0.990795
-0.371769	0.434226	0.820509
-0.274391	0.29275	0.915973
0.262904	-0.0320095	0.964291
0.0280749	0.120332	0.992337
-0.0514795	-0.35252	0.934387
0.167625	0.458923	0.87252
0.402514	0.404639	0.821127
-0.757716	-0.123416	0.640808
-0.813728	0.306433	0.493909
-0.160913	0.0265434	0.986612
0.532282	-0.668242	0.51974
-0.459136	-0.19926	0.865731
-0.0214675	0.198906	0.979783
-0.618115	-0.0385253	0.785143
0.00300296	0.0633437	0.997987
-0.231759	-0.242769	0.941993
0.173662	-0.166362	0.970652
-0.425533	-0.154999	0.89157
-0.27035	-0.031635	0.962242
0.217324	-0.308728	0.92599
-0.244353	-0.0872782	0.965751
-0.45908	-0.378265	0.803841
-0.550201	-0.526874	0.647828
-0.313941	0.167943	0.934471
-0.335197	0.393533	0.856023
-0.155437	-0.363148	0.918675
0.238324	-0.118544	0.963924
-0.220638	-0.344711	0.912411
-0.196694	-0.195305	0.960816
-0.258763	-0.128616	0.95734
0.571812	-0.00552263	0.820366
-0.526713	-0.0342764	0.849352
0.50897	-0.727035	0.460836
0.16375	-0.0592669	0.98472
-0.303826	0.136866	0.942846
-0.0836754	0.250299	0.964546
-0.463395	0.112577	0.878972
0.53843	0.764523	0.354398
-0.208751	0.163092	0.964274
0.149326	-0.12533	0.980813
0.462217	0.340899	0.818623
0.317374	-0.159095	0.93486
0.116386	-0.83335	0.540354
0.146638	-0.130833	0.9805
0.738477	0.160527	0.654891
-0.436209	0.6268	0.645634
0.143627	0.548227	0.823904
-0.258262	0.272139	0.926953
0.0820214	0.197041	0.976958
-0.000249341	0.0263333	0.999653
-0.0979062	0.088053	0.991293
0.708581	0.191683	0.679095
0.536306	-0.303404	0.787605
-0.110415	-0.272909	0.955682
-0.109189	-0.203399	0.972989
0.713329	-0.286562	0.639566
-0.167923	0.299304	0.939265
0.182473	-0.14922	0.971822
-0.689327	0.696651	0.19876
-0.0261611	0.554942	0.831477
0.0769818	0.537628	0.839661
0.392445	0.643199	0.657481
-0.00458862	-0.415582	0.909544
0.344995	0.156534	0.92546
-0.335423	-0.584559	0.738771
-0.310644	-0.534008	0.786343
-0.238939	-0.821239	0.518146
0.267511	0.506882	0.819456
-0.349989	0.15509	0.923826
0.350183	-0.139848	0.926183
0.248711	0.292564	0.923336
-0.567998	-0.104804	0.81633
0.366883	0.514967	0.774729
-0.380549	0.558828	0.736813
-0.662903	0.503537	0.554085
-0.60662	-0.45243	0.653696
0.0288916	0.171467	0.984766
0.184908	0.377115	0.90752
0.128019	0.437476	0.890071
-0.506208	0.049123	0.861011
0.182317	0.00793481	0.983208
-0.114223	0.00604437	0.993437
-0.147209	-0.0150856	0.98899
0.220767	-0.103876	0.969779
-0.384915	0.0683226	0.92042
-0.800726	-0.316842	0.508378
0.510745	0.12167	0.851079
0.227241	-0.357736	0.905752
0.262207	0.393429	0.88117
0.324528	-0.179474	0.928693
0.0336622	0.264511	0.963795
-0.163608	-0.306028	0.937859
-0.708229	-0.620267	0.337166
-0.153179	0.0367654	0.987514
-0.0992978	0.122333	0.987509
-0.0321313	-0.0893552	0.995481
0.297836	-0.430923	0.851821
0.295629	-0.0246943	0.954984
0.337242	-0.912907	0.229931
0.641202	-0.131458	0.756028
0.163794	-0.254876	0.953
-0.326291	-0.279654	0.902955
0.700858	-0.314202	0.640371
-0.556998	0.0634589	0.828086
-0.248737	-0.160883	0.955116
0.286886	0.361571	0.887109
0.170947	-0.280124	0.94462
0.196926	-0.0725055	0.977734
0.277488	-0.0395519	0.959915
-0.241207	0.232392	0.942238
-0.508002	-0.732669	0.452912
-0.576053	-0.0669169	0.814669
0.212726	-0.0550975	0.975557
0.593658	-0.0757209	0.801147
0.131352	0.25519	0.957927
-0.636778	0.759379	-0.133632
0.0491737	-0.250313	0.966915
0.213702	0.311967	0.925747
-0.269199	0.355718	0.894984
0.191052	0.0115617	0.981512
0.531519	0.666228	0.523095
-0.0713396	-0.463608	0.883164
-0.279774	0.500497	0.819286
0.230919	-0.204957	0.951141
0.283813	0.76958	0.572011
0.0546702	-0.445156	0.893783
-0.349921	0.00349656	0.936773
0.125503	-0.237742	0.963186
-0.396792	0.450041	0.800012
0.201686	0.0687341	0.977035
-0.00579527	-0.117873	0.993012
0.180244	0.250947	0.951072
-0.580533	-0.365164	0.727762
-0.400568	0.294603	0.867614
0.626386	0.00244188	0.779509
-0.340487	-0.0484447	0.939
0.014588	0.426756	0.904249
-0.355735	-0.380893	0.853448
0.025857	0.175921	0.984065
0.556476	-0.457247	0.693728
0.585411	-0.440558	0.68059
0.0602383	-0.234547	0.970237
0.301265	-0.397914	0.866547
0.388983	0.606953	0.693037
-0.239223	-0.116073	0.964002
-0.457168	0.243496	0.855399
-0.142653	0.124764	0.981878
-0.159591	-0.820781	0.548498
0.338645	0.0554212	0.939281
0.296469	-0.104997	0.949253
0.103345	-0.475284	0.873742
-0.402988	-0.368019	0.837951
-0.443511	-0.235708	0.86472
-0.186538	0.00884463	0.982408
-0.129875	-0.0248164	0.99122
0.748776	0.432316	0.502431
0.0888904	0.673751	0.733593
0.00319142	-0.237396	0.971408
0.253518	-0.549334	0.796216
0.196555	-0.442196	0.875117
0.542219	-0.326857	0.774057
-0.15913	-0.00123204	0.987257
0.110151	0.55745	0.822871
-0.0996414	0.391072	0.91495
0.658438	-0.0190769	0.752393
-0.219082	-0.403601	0.888318
-0.304831	-0.291446	0.906718
0.246975	-0.40425	0.880673
0.172564	0.510841	0.842178
-0.705773	0.267564	0.655969
0.163581	-0.404756	0.899674
0.267873	0.0962581	0.958634
-0.487402	-0.539465	0.686599
-0.270987	-0.168678	0.947689
0.408696	0.357801	0.839611
0.479692	-0.198823	0.854614
-0.0103415	0.12652	0.99191
-0.126236	-0.634422	0.76261
0.00620521	-0.0370151	0.999295
-0.449247	-0.0380559	0.892597
-0.42709	0.0202363	0.903983
-0.00872765	-0.231616	0.972768
0.130926	0.372596	0.918711
-0.186134	-0.134125	0.973327
0.0810753	-0.187228	0.978965
-0.331793	-0.428599	0.840367
-0.131829	-0.0335645	0.990704
0.43884	-0.616857	0.653381
-0.669804	-0.0150465	0.742385
0.389395	0.317786	0.864513
-0.286966	-0.479855	0.829089
0.196339	-0.614732	0.763908
-0.00117997	-0.468299	0.883569
-0.359262	-0.423819	0.831449
0.239621	0.384889	0.891315
-0.316952	0.25146	0.914499
0.869287	-0.332219	0.36602
0.32265	0.149484	0.93464
0.124685	-0.361756	0.923897
0.653214	0.55529	0.514747
-0.121453	-0.196049	0.973044
0.254832	0.40284	0.87908
0.218785	-0.721612	0.656818
0.528671	-0.0512647	0.847277
-0.235634	-0.185543	0.953966
0.635044	0.138073	0.760036
-0.284345	0.0934461	0.954157
0.0508407	-0.0683244	0.996367
-0.246971	-0.272209	0.930004
0.0807852	-0.665803	0.741741
-0.00769128	0.0142321	0.999869
0.167842	-0.103923	0.980321
0.724808	-0.459964	0.512919
-0.602796	0.140706	0.785391
-0.439156	-0.303513	0.84559
0.111274	0.137029	0.984297
0.838609	-0.522777	0.153098
0.0164543	-0.0249215	0.999554
0.479248	-0.276108	0.833118
-0.0753179	0.236901	0.96861
-0.165416	-0.371896	0.913417
-0.918376	0.100915	0.382624
-0.0974775	0.0902308	0.991139
-0.514718	-0.102628	0.851195
-0.090213	0.099594	0.99093
0.0861063	-0.10164	0.991088
-0.420868	-0.0671469	0.904633
0.559403	0.40272	0.72449
-0.244057	-0.123173	0.961907
-0.0637494	-0.561459	0.825045
0.0372305	0.641946	0.765845
-0.586003	0.200656	0.785072
-0.182596	-0.673082	0.716672
0.260661	-0.545436	0.79659
-0.105718	0.103385	0.989007
-0.354765	0.386412	0.851368
-0.296837	0.125674	0.946622
-0.560819	0.0542127	0.826161
0.323327	-0.13571	0.936505
-0.206105	-0.160228	0.965323
-0.476469	0.28049	0.833248
-0.331199	-0.30161	0.894057
0.33975	-0.00678002	0.940491
0.530962	-0.327605	0.781508
-0.0602952	0.511069	0.857422
0.741762	0.234064	0.628493
0.30173	-0.501747	0.810684
0.435008	-0.447759	0.781204
-0.538386	-0.0143861	0.842576
0.74248	-0.308898	0.594395
-0.540454	0.0435403	0.840246
0.144377	0.185469	0.971986
0.4098	0.266101	0.872499
0.293345	-0.0372944	0.955279
0.040618	-0.949607	0.310799
-0.0114728	-0.135531	0.990707
0.802537	-0.276115	-0.528863
-0.516078	-0.22946	0.825234
0.135244	-0.399857	0.906545
-0.319429	-0.768867	0.553904
-0.282553	-0.435128	0.854885
-0.711238	0.224034	0.666296
0.234526	0.124025	0.964166
0.603021	-0.694627	0.39225
-0.372384	-0.0348915	0.927423
0.408846	-0.65711	0.633287
-0.267634	-0.461757	0.845667
0.472802	-0.595737	0.649273
-0.0900032	0.221719	0.970948
0.323219	-0.434465	0.840696
-0.406902	-0.336463	0.849249
0.0657225	0.132981	0.988937
0.244198	-0.777448	0.579605
-0.309649	-0.222196	0.924525
0.305047	-0.288022	0.907739
-0.484282	-0.496233	0.720572
0.184712	-0.30311	0.934883
0.0373752	-0.81274	0.581427
0.0387816	-0.248212	0.967929
-0.119544	-0.167688	0.978565
-0.231122	0.447169	0.864073
-0.14776	0.269564	0.951579
0.0158059	0.237471	0.971266
-0.580919	-0.731863	0.356244
0.158014	-0.609293	0.777041
-0.249643	0.074429	0.965473
-0.35442	0.685277	0.636224
-0.715583	0.248568	0.652806
-0.461989	-0.500589	0.732104
-0.268934	0.032973	0.962594
-0.716704	-0.0740619	0.693434
0.0563063	0.353093	0.933892
-0.525076	-0.395207	0.753729
-0.722798	0.250319	0.644129
-0.0391562	0.163256	0.985806
0.337049	0.50746	0.793021
0.407179	0.409549	0.816379
0.314485	-0.509298	0.801071
-0.553989	-0.511112	0.657161
-0.373158	-0.589202	0.716655
0.655837	0.310286	0.688187
-0.15615	0.138813	0.977931
0.13651	-0.21898	0.966133
0.140104	-0.0305189	0.989666
0.605023	-0.148839	0.782173
-0.225486	0.1616	0.96075
0.0846834	-0.0703481	0.993921
-0.0799568	-0.416028	0.90583
0.298562	-0.237725	0.924309
0.457624	0.0101851	0.889088
-0.088506	0.161457	0.982903
0.739224	-0.512057	0.437431
0.289273	0.205398	0.934951
0.904193	-0.0262675	0.426317
-0.544917	-0.100996	0.832385
0.116996	0.247524	0.961792
-0.116081	-0.055103	0.99171
0.0656552	-0.508627	0.85848
-0.369054	-0.600523	0.709345
0.0335151	-0.571925	0.819621
0.347723	-0.595414	0.724273
-0.808151	-0.237092	0.539146
0.779252	0.0457624	0.625038
0.27658	0.438914	0.854903
-0.400818	0.674672	0.619809
-0.143807	-0.192755	0.970652
0.00083779	0.491612	0.870814
-0.240759	0.0485976	0.969368
0.490357	-0.116843	0.863654
0.153053	-0.251652	0.955639
0.162482	-0.0332636	0.986151
0.006891	0.511828	0.85906
0.068712	0.250511	0.965672
0.238453	0.212974	0.947514
0.273915	0.157099	0.948837
-0.480629	-0.696165	0.533245
0.394501	0.272857	0.87745
-0.083514	0.513563	0.853978
-0.341919	0.285748	0.895231
0.225392	-0.229254	0.946911
0.542022	-0.166861	0.823632
-0.0930953	0.300574	0.949204
-0.293968	-0.587001	0.754329
0.289966	0.444025	0.847798
-0.618749	0.331803	0.71208
-0.506451	-0.0822382	0.858338
0.113469	0.492674	0.862785
0.0392128	0.292162	0.955565
-0.217338	0.162443	0.962484
-0.683715	0.45001	0.574478
0.10418	0.0552951	0.99302
-0.561931	0.143271	0.814682
-0.707503	-0.185505	0.68193
0.621866	-0.101959	0.776458
-0.213963	0.0855375	0.973089
0.507477	-0.718993	0.474886
-0.0764999	0.0988855	0.992154
0.689953	0.223171	0.688593
-0.0345045	0.0496094	0.998173
-0.563423	0.078622	0.822419
-0.521916	-0.235832	0.819748
-0.223091	0.753964	0.617875
0.480107	0.0515009	0.875697
0.706491	-0.192801	0.680954
-0.142093	-0.533584	0.833725
0.583222	-0.0965477	0.806555
-0.186364	-0.505418	0.842509
0.130706	0.514469	0.847489
-0.146571	0.315855	0.937418
0.213471	0.166553	0.962648
0.292173	0.0566133	0.954688
0.322801	-0.173193	0.930486
-0.722384	-0.452353	0.523009
0.778271	0.421036	0.465858
-0.28064	-0.103233	0.954245
0.260834	0.606229	0.7513
0.0457915	-0.191056	0.980511
0.165059	-0.0420391	0.985387
0.158005	0.726217	0.669062
0.196908	-0.312303	0.929351
-0.221849	0.509304	0.8315
-0.35467	-0.504325	0.787315
-0.119625	0.305111	0.944774
-0.183853	-0.643444	0.743087
0.135698	-0.37595	0.91665
-0.767063	0.189088	0.613074
-0.440846	-0.0241389	0.897258
-0.220133	-0.182253	0.958293
0.197044	-0.611225	0.766537
-0.155911	-0.443265	0.882727
0.347032	-0.428812	0.83408
-0.0560674	-0.234269	0.970554
-0.225586	-0.166319	0.959921
0.0144292	0.326995	0.944916
-0.34501	-0.351747	0.870196
0.331788	-0.422415	0.843494
-0.29292	0.19257	0.936544
0.243108	-0.32374	0.91438
0.162609	0.434934	0.885658
-0.433301	-0.372318	0.82075
0.176456	0.645484	0.743111
0.446604	0.185255	0.875343
0.904615	-0.137294	0.403513
-0.126957	-0.405041	0.905441
-0.428591	0.28177	0.858438
-0.37745	0.193645	0.905557
0.0692146	-0.436202	0.897183
0.332879	0.332205	0.882514
0.446175	-0.0742046	0.891864
-0.16401	0.461417	0.871892
-0.546243	0.404736	0.733354
0.137713	0.938593	0.31635
-0.297424	0.702919	0.646099
0.0503045	0.42644	0.903116
-0.384785	-0.495449	0.778762
0.82882	0.305372	0.468833
-0.824088	-0.355421	0.441083
0.30541	-0.0925492	0.947713
0.525259	0.142666	0.838898
-0.388451	-0.292044	0.873966
-0.75169	-0.0400054	0.658302
-0.311329	0.543409	0.779603
-0.0545967	0.303873	0.951147
-0.343488	0.383378	0.857343
0.0926525	-0.304741	0.947918
-0.0385459	-0.833881	0.550596
0.361659	-0.0169269	0.932157
-0.403229	0.149852	0.902746
0.112318	0.00661194	0.99365
0.0911831	-0.16226	0.982526
0.0314775	-0.0409559	0.998665
0.213137	0.118912	0.969759
0.212464	-0.100555	0.971981
-0.27232	0.247432	0.929849
0.385978	0.247609	0.888657
0.601366	0.196435	0.774449
0.0889674	-0.117363	0.989096
-0.131965	-0.870424	0.474285
0.388335	-0.705667	0.592647
0.538814	-0.325116	0.777161
-0.301602	-0.276481	0.912466
0.177619	0.878322	0.443849
-0.403598	0.287503	0.868591
-0.280911	0.157801	0.946672
-0.354923	0.427213	0.831576
0.741206	-0.0588375	0.668694
0.713506	0.210033	0.668427
-0.30104	0.272126	0.91396
0.0840968	-0.545692	0.833755
-0.505777	0.0561908	0.860832
0.291866	0.608075	0.738281
0.0386221	-0.0935702	0.994863
0.229976	-0.213659	0.949453
0.269662	-0.0175377	0.962795
-0.140623	-0.581967	0.800962
0.220255	-0.0246583	0.975131
-0.486966	0.196056	0.851132
-0.327736	-0.345358	0.879384
0.0544188	0.0994637	0.993552
-0.272422	-0.245393	0.930359
0.442516	0.550698	0.707751
-0.0941621	0.284281	0.954106
0.0405124	0.328533	0.943623
0.649219	-0.158225	0.743962
0.133253	-0.0212881	0.990853
-0.0604543	-0.339086	0.938811
-0.161993	0.402762	0.900856
-0.159836	-0.388222	0.907599
0.187688	0.647383	0.738694
-0.0530473	-0.639847	0.76667
0.0343837	0.0398194	0.998615
-0.0597337	0.208039	0.976295
-0.562735	-0.69435	0.448561
0.0237796	-0.533345	0.845564
0.747395	0.366162	0.55437
-0.265548	0.358575	0.894935
0.452793	0.254347	0.854568
0.159249	0.291625	0.943183
0.121707	0.145527	0.98184
-0.397984	-0.253621	0.881638
-0.115134	-0.209001	0.971114
0.0279323	0.373763	0.927104
-0.236626	0.202173	0.950334
-0.033783	0.0130672	0.999344
-0.264335	-0.200606	0.943337
-0.350264	-0.122934	0.928549
-0.393074	0.151239	0.906984
0.672269	-0.4085	0.6174
-0.193788	0.295676	0.935426
-0.236086	0.19727	0.951498
-0.343947	0.293286	0.892011
-0.145927	-0.195749	0.969736
-0.235903	0.00617508	0.971757
-0.0780889	-0.666259	0.741621
0.162783	-0.712361	0.682674
0.263035	-0.352393	0.898127
-0.0218009	-0.0918252	0.995536
-0.197624	-0.870619	0.450519
0.228361	-0.459284	0.858434
0.228453	-0.112805	0.966998
-0.747602	-0.411609	0.521219
-0.403752	-0.463989	0.788479
-0.24231	0.516044	0.821574
0.505318	-0.00608931	0.862912
-0.446804	0.439469	0.779252
0.0593882	-0.382572	0.922015
0.0280342	0.774362	0.632122
0.0215603	-0.499003	0.866332
-0.248474	-0.216796	0.944066
0.457382	-0.207077	0.864824
0.613089	-0.108605	0.782514
-0.293703	-0.114022	0.949072
0.0953676	-0.0402088	0.99463
-0.149463	0.409104	0.900164
-0.0985458	-0.470528	0.876865
0.637861	0.51421	0.573342
-0.732855	0.0410329	0.679146
-0.246686	-0.197222	0.948815
-0.201375	0.221649	0.954107
-0.113212	0.417449	0.901621
-0.101258	0.480991	0.870858
-0.297267	-0.269892	0.915855
0.0470577	0.2991	0.953061
0.0391926	0.0863748	0.995492
0.0994924	0.773294	0.626193
-0.284724	0.504353	0.815206
0.255293	0.366005	0.894911
-0.446636	0.283718	0.84854
-0.272444	-0.312624	0.909967
0.182655	-0.335727	0.924081
0.398586	0.371486	0.838527
0.185863	0.115633	0.975748
-0.210343	0.0687639	0.975206
0.0104586	0.31489	0.949071
-0.0681097	-0.110287	0.991563
-0.0704367	0.0441084	0.996541
0.381378	0.139844	0.91378
-0.506406	0.123164	0.853454
0.464076	0.109812	0.878962
0.43917	0.0751114	0.895259
-0.146518	0.469581	0.870647
-0.192039	-0.500169	0.844365
0.0486331	0.287925	0.956417
0.0435745	-0.146226	0.988291
-0.607669	-0.118276	0.785334
0.161475	-0.649638	0.742897
0.216903	-0.696392	0.684099
0.500853	-0.495141	0.709917
0.0500424	0.0779941	0.995697
-0.221395	0.396144	0.891097
0.321627	0.396802	0.859712
-0.184123	0.76283	0.61983
-0.033868	-0.648801	0.760204
-0.123854	0.355758	0.926335
0.0599682	-0.162771	0.98484
-0.164591	-0.800355	0.576491
-0.0319164	-0.331066	0.943068
-0.0328892	-0.693549	0.719658
0.342849	-0.15453	0.926593
0.116689	0.0417112	0.992292
-0.13587	-0.491658	0.860123
-0.596747	0.036813	0.801585
-0.700227	-0.435249	0.565898
-0.376125	0.491882	0.785228
-0.480035	-0.075112	0.874028
-0.564861	-0.320363	0.76046
-0.0272688	-0.176778	0.983873
0.244309	-0.353749	0.90287
-0.209368	0.2422	0.947367
0.101675	-0.476581	0.873231
-0.29736	0.0290406	0.954324
-0.378879	-0.276183	0.883274
-0.695583	-0.344273	0.630587
-0.47543	-0.336618	0.812807
0.0229214	0.12631	0.991726
0.0153199	0.736408	0.676364
-0.349125	-0.104805	0.931197
0.898343	-0.253013	0.359116
-0.259316	-0.257688	0.93078
-0.148592	-0.011688	0.988829
-0.161555	-0.141794	0.976624
-0.27016	0.014717	0.962703
0.447965	0.746522	0.491968
0.0909291	0.610473	0.7868
-0.544715	0.545287	0.63714
-0.100296	0.133599	0.985947
0.0180532	0.274514	0.961414
0.0704363	-0.292381	0.953704
-0.161833	0.0671181	0.984533
-0.0156012	-0.706035	0.708005
-0.35973	0.254859	0.897575
0.40089	0.142998	0.904897
0.00714268	-0.0475448	0.998844
-0.799247	0.0449385	0.59932
-0.457632	0.369187	0.808872
-0.0691291	-0.162655	0.984258
0.299865	-0.227553	0.926445
-0.47568	0.0334939	0.878981
0.485561	-0.192143	0.852826
0.541165	-0.49905	0.676823
-0.132176	0.185854	0.973647
0.425615	-0.0959719	0.899801
-0.303749	-0.344772	0.888183
0.0457582	0.0994957	0.993985
0.212051	-0.134087	0.968016
-0.208282	0.219748	0.953063
-0.00416988	-0.456068	0.889935
-0.223032	-0.336303	0.914963
-0.15731	0.433083	0.88752
0.21487	-0.5483	0.808207
-0.123249	0.294651	0.947624
-0.238401	0.32314	0.915831
-0.152434	0.226872	0.961921
-0.111656	0.638094	0.76182
-0.228515	-0.491913	0.84012
-0.0932288	0.467342	0.879147
-0.241687	-0.330458	0.912351
-0.114254	-0.0801034	0.990217
0.433106	0.480127	0.762822
0.495929	0.34027	0.798919
-0.427096	0.45153	0.783396
-0.0717359	-0.850256	0.521459
0.490694	0.109136	0.86447
0.429001	-0.0970146	0.898079
-0.216618	-0.454392	0.864063
-0.227559	0.167524	0.959246
-0.138722	-0.328745	0.934175
0.0714785	0.0043487	0.997433
0.301786	0.00530162	0.953361
-0.219344	0.48497	0.846577
-0.212837	0.252688	0.943848
0.130661	0.63132	0.764436
-0.29452	0.406569	0.864846
0.189229	-0.232023	0.954127
0.0720928	-0.459243	0.88538
-0.102059	-0.550127	0.828821
-0.74336	0.20851	0.635562
-0.429152	-0.20896	0.878729
-0.384283	0.127769	0.914331
-0.963669	-0.0453281	-0.263226
0.348931	0.686299	0.638154
0.318427	-0.543296	0.77681
0.113227	-0.170346	0.978857
0.236221	0.0666377	0.969412
0.142414	-0.0111492	0.989744
-0.312821	-0.253152	0.915455
-0.129479	0.169333	0.977017
0.624751	0.55089	0.553359
0.437777	-0.0438229	0.898015
-0.0164881	0.335156	0.942018
-0.202573	0.0911729	0.975014
-0.113434	-0.214591	0.970095
0.532633	0.388299	0.752015
-0.399363	0.335848	0.853062
-0.129427	-0.0939811	0.987125
0.367517	0.208395	0.906368
0.0533728	0.342218	0.938103
-0.518285	-0.293554	0.803247
0.0381962	0.321866	0.946015
0.184961	0.383721	0.904736
0.258059	0.124238	0.958108
-0.127226	0.577827	0.806182
-0.374175	-0.374814	0.848238
-0.10319	0.41762	0.902743
0.699103	0.517382	0.493529
0.0529499	-0.575832	0.815852
0.209775	-0.365009	0.907062
-0.310833	-0.0606039	0.94853
-0.364344	0.138575	0.920897
0.0179253	-0.327491	0.944684
-0.23899	-0.333464	0.911968
0.426416	-0.670857	0.606729
0.322298	-0.1328	0.937277
-0.434419	-0.382009	0.815689
-0.0985722	0.278182	0.955457
0.492537	0.406705	0.769414
-0.0329652	0.260023	0.96504
-0.422179	0.0182316	0.906329
0.00958944	-0.626408	0.779436
-0.139681	-0.137406	0.980616
-0.597677	-0.181765	0.780861
-0.00377787	-0.914493	0.404585
-0.247578	0.0707473	0.966282
-0.184519	0.012271	0.982752
0.038733	0.362665	0.931114
0.735552	-0.391019	0.553233
-0.33324	-0.787047	0.519142
-0.188832	0.592346	0.783242
-0.592613	-0.229789	0.772015
0.174966	-0.476476	0.861602
0.0176686	0.380043	0.9248
0.164697	-0.588976	0.79119
0.560886	0.263748	0.784757
-0.317808	-0.062703	0.94608
-0.361898	0.434637	0.824694
0.623205	-0.0807927	0.777874
-0.363672	-0.221294	0.90486
-0.0540301	-0.725899	0.685676
0.254738	-0.172303	0.951536
0.506637	0.168704	0.845493
-0.173511	-0.633384	0.754134
-0.0306521	0.408399	0.912289
0.252253	0.478968	0.840808
-0.0444191	0.763394	0.644404
-0.416484	-0.287667	0.862432
-0.711824	-0.303584	0.633359
0.0551553	0.272953	0.960445
-0.632232	-0.257431	0.730761
-0.469656	0.571007	0.673331
-0.486339	-0.434787	0.757915
-0.317297	-0.0274261	0.947929
-0.280431	0.39412	0.87523
-0.0735938	0.578685	0.812224
0.0386639	-0.358763	0.932628
-0.180313	-0.110665	0.977364
-0.184693	0.460757	0.868096
-0.117654	0.171302	0.978168
0.401063	0.586971	0.703288
-0.46075	-0.0258086	0.887155
0.0225525	0.21433	0.976501
-0.225689	-0.559395	0.797585
-0.0158655	-0.405405	0.914
-0.506459	-0.320968	0.800299
-0.412588	0.216096	0.884915
0.12703	0.197733	0.97199
-0.843838	0.0278769	0.535874
0.406599	0.352401	0.842906
0.030263	-0.536119	0.8436
-0.0783249	-0.417588	0.905254
-0.0533754	-0.495825	0.866781
-0.529694	-0.693141	0.488856
-0.719051	0.277947	0.636954
0.269494	0.554473	0.787358
0.0234554	0.0669924	0.997478
0.285216	0.139604	0.948242
-0.311497	-0.0586697	0.948434
0.142604	-0.195936	0.970192
0.0493648	0.407651	0.911803
0.135408	0.106097	0.985093
0.962424	0.118043	0.244554
0.555544	0.0417013	0.830441
0.836072	-0.0597578	0.545355
-0.264912	0.370236	0.890363
-0.75877	-0.0147018	0.651193
0.0508369	0.360287	0.931455
-0.48254	0.235509	0.843617
-0.0411062	-0.541782	0.839513
0.130533	-0.453491	0.88165
-0.313056	-0.0102809	0.949679
-0.224084	0.432197	0.873494
0.223327	-0.260487	0.939293
0.476897	-0.135214	0.868497
-0.573357	-0.351332	0.740154
0.23011	-0.70766	0.668032
0.408656	0.0222809	0.912417
-0.184914	0.178158	0.966471
-0.261181	0.152704	0.953135
0.0743704	-0.172657	0.98217
0.531615	0.709787	0.462156
-0.0518773	-0.425677	0.903387
-0.0479486	0.186916	0.981205
0.119288	-0.273814	0.954357
0.252954	-0.514586	0.819277
0.17745	-0.158281	0.971318
-0.213602	-0.520045	0.826999
0.51751	-0.587067	0.622523
-0.18986	-0.5166	0.834912
0.166194	0.261019	0.95092
0.416656	-0.409865	0.811424
-0.65467	-0.0390706	0.754904
0.0070023	0.606827	0.794803
-0.279775	-0.191672	0.940738
-0.589417	0.616644	0.52186
0.402727	0.201699	0.892821
-0.122101	0.135286	0.983254
-0.421263	-0.472487	0.77414
0.651341	-0.175107	0.738304
-0.147487	-0.325493	0.933971
0.370733	0.146334	0.917139
0.401731	0.445718	0.799968
-0.360892	-0.11596	0.92537
0.403899	-0.0832388	0.911009
-0.605136	-0.586421	0.538444
-0.331586	0.499079	0.800606
-0.00719789	0.198183	0.980139
-0.12865	0.556095	0.821101
0.125804	-0.227638	0.965585
-0.219712	-0.0523047	0.974162
-0.109467	-0.0843962	0.990401
0.0950482	-0.317028	0.943642
-0.496197	-0.109521	0.861275
0.388451	-0.427724	0.816185
0.274372	0.206372	0.939218
-0.2897	-0.465741	0.836157
-0.738156	0.504012	0.44844
0.672209	0.195596	0.714057
0.0671677	-0.437913	0.896505
0.314512	0.146336	0.937906
0.834392	-0.215412	0.507334
0.353062	0.377381	0.856114
0.506198	-0.244555	0.827017
0.306734	-0.163898	0.937578
0.663	0.175326	0.727799
0.485966	0.175973	0.856079
0.213172	-0.244937	0.945813
0.23328	0.34672	0.908496
0.438058	0.302294	0.846596
0.671626	-0.229096	0.70458
0.335863	0.0291292	0.94146
-0.0768523	-0.894088	0.441248
0.517761	0.243214	0.820226
-0.490929	-0.148683	0.858418
0.0933576	-0.802872	0.588797
0.237599	-0.302162	0.923171
-0.429253	0.241807	0.870213
0.333202	-0.634342	0.697558
0.292454	0.111116	0.949802
-0.482244	0.285874	0.82808
-0.436279	-0.0589054	0.897881
-0.232477	-0.391714	0.890233
0.103389	0.234547	0.966591
0.256885	0.737912	0.624097
-0.368379	-0.390603	0.843639
-0.476778	-0.139409	0.867899
0.426668	0.0314237	0.903862
-0.0447203	0.00894824	0.998959
-0.506132	-0.0531059	0.860819
0.390507	0.577147	0.717221
-0.265981	0.775705	0.572307
-0.71223	0.623242	0.322953
0.597279	0.273037	0.754128
-0.49973	-0.730696	0.465139
0.184576	-0.69165	0.69825
-0.489767	-0.515531	0.703104
-0.642361	0.291904	0.708636
0.542104	0.117144	0.832106
-0.293604	0.0553371	0.954324
-0.245749	0.285698	0.926274
0.194202	0.162637	0.967385
0.0130806	0.514412	0.857443
0.557718	0.102682	0.823655
-0.370038	0.452876	0.811157
-0.190207	-0.822833	0.535507
-0.372813	-0.261793	0.890211
-0.365212	-0.173422	0.914628
0.0486114	-0.0573429	0.99717
0.722114	-0.22476	0.654244
0.204963	0.536563	0.818591
-0.438511	0.685933	0.580693
-0.299624	0.352005	0.886746
0.171479	-0.11309	0.978675
-0.221863	0.552495	0.803446
0.0254066	-0.88963	0.455974
0.589925	-0.0708452	0.804344
-0.0173168	-0.00190389	0.999848
-0.45093	-0.449006	0.771399
-0.152105	-0.31156	0.937974
0.362697	0.35956	0.859749
0.362488	-0.384443	0.849003
-0.675202	-0.0017627	0.737631
0.4665	-0.249824	0.848508
0.341015	0.44928	0.825746
0.164045	-0.138262	0.976715
-0.239904	0.251897	0.937547
-0.00756543	0.477233	0.878744
-0.485461	-0.658034	0.575603
0.231266	0.00934303	0.972846
-0.174156	-0.364373	0.914823
0.725692	0.344055	0.595816
0.788648	-0.584115	0.191946
-0.196211	-0.0727169	0.977862
0.575396	-0.0194827	0.817643
0.498847	-0.149715	0.853661
0.600533	-0.141837	0.78692
0.490818	-0.033703	0.87061
0.355344	0.0502375	0.933385
0.159566	-0.795456	0.584627
-0.0412458	0.0617551	0.997239
-0.457592	0.269791	0.847244
0.278076	-0.0699139	0.958011
0.540153	-0.403162	0.738712
-0.222769	-0.290687	0.930524
0.164081	0.722659	0.671447
-0.176445	0.217161	0.960056
0.267405	0.417742	0.868324
-0.778853	0.235193	0.58144
0.378715	-0.809398	0.448832
-0.326708	0.735482	0.593573
-0.549232	0.347326	0.760072
-0.186116	0.284841	0.940333
-0.531337	0.192666	0.824961
-0.356996	0.168442	0.918794
0.85549	0.344407	0.38668
-0.0722238	-0.408005	0.910119
-0.141126	-0.00685206	0.989968
0.0112373	-0.538445	0.842586
0.612482	0.11684	0.781802
0.333372	-0.699554	0.63205
0.560809	-0.1955	0.804533
-0.136257	0.26866	0.953549
0.0637034	-0.246076	0.967155
0.114001	-0.434235	0.893557
0.492396	0.510892	0.704653
0.0978663	-0.079378	0.992029
-0.164726	-0.446656	0.879411
0.233289	-0.425038	0.874596
0.0697967	-0.682411	0.727629
0.256916	0.148141	0.955012
0.554098	0.163419	0.816253
0.376402	0.0800668	0.92299
0.422471	-0.130095	0.896991
-0.676311	0.521102	0.52063
0.181754	0.390848	0.902332
0.335029	0.254939	0.907062
0.104805	-0.0191685	0.994308
0.305285	-0.00329159	0.952255
-0.0915225	-0.152517	0.984054
-0.443526	0.407573	0.798229
-0.130151	-0.0349865	0.990877
-0.349671	0.379926	0.85638
0.668892	0.292832	0.683252
-0.12395	-0.625468	0.770342
0.182195	-0.318159	0.930365
0.122773	0.300631	0.945805
-0.0277902	0.271483	0.962042
0.363233	-0.492246	0.791047
-0.788052	0.329164	0.520216
0.509029	0.109101	0.853807
-0.135758	0.229423	0.963813
-0.040636	0.331749	0.942492
-0.226793	0.0343459	0.973337
0.130925	0.0820014	0.987995
-0.154656	-0.396865	0.904754
-0.103958	-0.646011	0.756216
-0.175099	0.289293	0.94109
-0.403371	-0.227974	0.886182
0.465076	-0.287064	0.837436
-0.391463	-0.204784	0.897118
0.101502	0.359685	0.927537
-0.213673	0.0152404	0.976786
0.279033	-0.67106	0.686891
-0.075261	-0.047974	0.996009
-0.164749	-0.748965	0.641801
0.0628479	-0.501126	0.863089
-0.456818	-0.46713	0.757038
-0.425478	-0.476218	0.769536
0.566227	-0.365904	0.738581
-0.329816	-0.270512	0.904458
0.525799	-0.507295	0.682779
0.258765	-0.269301	0.927641
0.448359	0.0695381	0.891145
-0.337054	0.313822	0.887643
0.175189	0.156926	0.971948
-0.501303	0.112443	0.857935
0.236606	-0.452518	0.859794
-0.342586	-0.148855	0.927619
0.0837203	-0.357221	0.93026
0.306976	0.434556	0.846715
-0.338542	-0.0407402	0.940069
-0.322428	-0.535289	0.780709
0.311279	0.0764422	0.947239
0.254268	-0.671682	0.695839
-0.399039	0.258997	0.879596
0.0718001	-0.175737	0.981815
-0.293268	0.32645	0.898568
0.0876444	-0.638614	0.76452
-0.0280143	-0.700322	0.713277
-0.88159	0.0450918	0.469858
0.110249	0.416319	0.90251
-0.0293102	-0.520758	0.853201
0.0314314	0.0845232	0.995926
0.898748	0.242188	0.365511
-0.00920582	-0.312568	0.949851
-0.345999	-0.32392	0.880545
-0.469994	0.145155	0.870652
0.109745	-0.0456515	0.992911
-0.161421	-0.205289	0.965298
0.542668	0.427996	0.722725
-0.0875036	0.21872	0.971856
-0.217312	0.158121	0.96321
-0.383815	-0.806395	0.449903
-0.763544	-0.537312	0.358185
0.244451	-0.231872	0.94153
-0.153964	-0.317566	0.935653
0.279384	-0.0370777	0.959463
0.139438	0.780123	0.609889
-0.195745	-0.354112	0.914488
0.173518	0.57546	0.79921
-0.337843	-0.641692	0.688544
0.766308	-0.607511	0.209049
0.103857	0.287562	0.952114
-0.538008	-0.483448	0.690525
0.0433542	0.258603	0.96501
0.408409	0.303257	0.860951
0.48204	0.0350912	0.875446
-0.324594	-0.256405	0.910437
-0.249224	-0.858133	0.448882
0.447893	-0.759824	0.471232
0.0683273	-0.355129	0.932317
0.268259	-0.0234731	0.963061
0.437195	-0.232313	0.868845
-0.477462	0.484165	0.733222
-0.155535	-0.0780027	0.984746
0.39243	-0.135072	0.90981
-0.379889	0.0429795	0.924033
0.0875138	0.573896	0.814239
0.344979	-0.187394	0.919714
0.106187	-0.115022	0.987671
0.185916	-0.648335	0.738306
-0.0398827	0.439973	0.897125
-0.160503	-0.580421	0.798342
0.34091	-0.477733	0.809661
0.36561	-0.514055	0.775936
-0.158156	0.111296	0.981122
-0.0901604	-0.147923	0.984881
-0.0351173	-0.0467608	0.998289
-0.166435	-0.141901	0.975789
0.253339	0.464606	0.848505
0.249517	0.524561	0.813988
-0.361827	0.12252	0.924159
-0.0103143	0.645631	0.763579
0.250676	0.183511	0.950518
0.13568	-0.142232	0.98049
-0.0117725	-0.296924	0.954828
-0.232317	0.569768	0.788285
0.213329	0.792281	0.571649
-0.0234891	-0.0836101	0.996222
0.466762	0.315739	0.826101
0.0790727	-0.660047	0.747051
0.302668	0.414289	0.858345
-0.0243898	0.203627	0.978745
-0.0654647	-0.25975	0.963454
-0.23353	0.13589	0.962807
0.224229	0.037089	0.97383
0.155371	-0.427213	0.890701
-0.411768	0.157157	0.897635
-0.458056	-0.0762031	0.885651
0.208077	0.430951	0.878058
-0.256709	0.329233	0.908683
-0.0797693	0.330911	0.940285
-0.288747	0.635817	0.715795
-0.701277	-0.0494457	0.711172
-0.440608	-0.683111	0.582429
-0.130886	-0.571499	0.810097
-0.15456	0.400105	0.903342
0.247198	0.108701	0.962849
0.0563935	-0.0426987	0.997495
-0.112597	0.883026	0.455617
-0.0776988	-0.437423	0.895893
-0.850184	0.248601	0.464095
0.188831	0.12075	0.974558
0.545726	-0.0470074	0.836644
-0.284118	-0.606449	0.742628
-0.533808	-0.734136	0.419635
0.0498933	0.623683	0.780084
-0.0946372	0.5017	0.859849
-0.0569171	-0.0137577	0.998284
-0.0599725	0.57497	0.815973
0.0380032	0.0587342	0.99755
0.309476	-0.281772	0.908201
0.113679	-0.408618	0.905598
0.132058	0.57586	0.806812
-0.215199	-0.174204	0.960907
-0.347	-0.581939	0.735485
-0.42162	-0.227884	0.87767
-0.0729944	0.0386161	0.996584
0.100133	0.136743	0.985533
0.539212	0.0595164	0.840064
-0.0625677	0.181024	0.981486
-0.308954	0.0472944	0.9499
-0.165808	-0.493194	0.853972
0.735921	0.312417	0.600679
-0.256484	0.37008	0.892892
0.00478101	0.776974	0.629514
-0.585384	-0.144348	0.797803
-0.182971	0.674734	0.715021
-0.89632	-0.0270647	0.442581
-0.0553662	0.214771	0.975094
-0.720607	0.107991	0.684882
-0.363664	-0.38407	0.848669
0.0598349	-0.636951	0.768579
0.148109	-0.345658	0.926598
0.189269	-0.614828	0.765613
0.0374724	-0.497346	0.866743
-0.193507	-0.319244	0.927706
0.132627	-0.123122	0.983489
0.4976	0.394504	0.772503
0.297458	0.0709961	0.952092
0.260139	0.761932	0.593117
-0.715767	0.295984	0.632512
0.636442	0.0283185	0.770804
-0.883755	-0.231276	0.406803
-0.480818	-0.220323	0.848688
-0.157805	0.0790938	0.984298
-0.560771	-0.04836	0.826557
0.785475	-0.134482	0.604106
-0.510358	-0.57461	0.639811
0.434412	0.436401	0.787934
-0.149948	0.176227	0.972862
-0.649235	0.282892	0.706022
0.113379	0.31942	0.940806
-0.810849	0.332529	0.481611
0.0383245	-0.45278	0.890798
-0.505096	0.269096	0.82004
-0.272586	-0.0963071	0.957299
0.0134271	-0.244775	0.969487
0.330928	0.831514	0.446174
0.638957	0.0829533	0.764757
0.328005	-0.0886286	0.940509
0.00762367	0.203838	0.978975
-0.4123	-0.44328	0.795934
0.618057	-0.278642	0.735095
-0.41713	0.380711	0.825265
-0.262309	-0.586566	0.766247
-0.379495	0.588642	0.713782
0.0102415	-0.364353	0.931205
-0.675805	0.00979578	0.737015
-0.793221	0.160626	0.587367
-0.212724	0.31742	0.924118
-0.265719	0.168473	0.949215
-0.496915	0.587955	0.638267
-0.469598	0.802888	0.367218
-0.405335	0.369818	0.836025
0.671096	0.195461	0.71514
0.192134	0.957336	0.215852
-0.00344882	-0.12248	0.992465
-0.328435	0.238859	0.913825
0.494179	0.116281	0.861549
-0.0677155	0.798989	0.597521
-0.73787	0.554048	0.385459
0.628911	0.555698	0.543755
-0.337797	0.274486	0.900306
-0.304893	-0.566779	0.765377
0.438703	0.50545	0.743007
0.350954	0.342127	0.871654
0.0245573	0.118701	0.992626
-0.110072	0.113256	0.98745
0.528625	-0.690389	0.493881
0.460518	0.719293	0.520135
0.0973439	-0.588559	0.802573
0.116174	0.468075	0.876019
0.0968094	0.134153	0.986221
0.208067	-0.0379808	0.977377
-0.554397	-0.333913	0.762329
0.613147	-0.387317	0.688503
-0.43776	0.0868977	0.894883
-0.272337	-0.334442	0.902209
-0.6307	-0.608266	0.481901
0.0435383	-0.0317927	0.998546
0.202337	0.432798	0.878491
-0.0951233	0.0174045	0.995313
-0.621502	0.00983106	0.783351
-0.00546871	0.669144	0.743113
0.0976162	0.202798	0.974343
-0.205302	-0.760926	0.615502
-0.520549	-0.173111	0.836099
-0.115489	0.340416	0.933155
-0.000152924	-0.146139	0.989264
0.221197	-0.801146	0.556091
0.0139777	-0.673281	0.739255
-0.552285	0.129608	0.823518
0.0706483	-0.688334	0.721946
0.190349	-0.367878	0.910183
0.434405	0.54207	0.719342
-0.369826	-0.0180509	0.928926
0.271331	-0.00990187	0.962435
0.114779	-0.61022	0.783873
-0.374692	-0.242419	0.894896
-0.200111	0.554471	0.807786
0.322211	-0.0159713	0.946533
-0.604667	0.00845174	0.796433
0.108928	0.318034	0.941801
-0.782813	-0.000861494	0.622256
0.055622	-0.20411	0.977366
-0.0231095	0.307536	0.951256
-0.759717	-0.172266	0.62702
-0.897512	-0.379843	0.224035
-0.294949	-0.780833	0.550731
0.443881	0.484426	0.753857
-0.110936	0.0873994	0.989977
-0.214279	-0.42399	0.879953
-0.311435	-0.0207572	0.950041
-0.531911	0.0423306	0.845742
0.0299474	-0.110973	0.993372
-0.339838	-0.236239	0.91033
-0.55406	-0.153024	0.818292
-0.0334568	-0.114472	0.992863
-0.224923	-0.0314857	0.973868
0.263957	-0.394519	0.88016
-0.0192052	0.660534	0.75055
0.297439	0.112892	0.948043
0.161464	-0.00101254	0.986878
-0.1313	-0.234841	0.963125
-0.0187241	0.353622	0.935201
-0.373338	0.0895389	0.923364
0.322696	0.185099	0.928227
0.874114	0.484429	-0.0354063
-0.39709	-0.222521	0.890395
-0.200226	0.460026	0.865035
-0.109061	-0.156514	0.981636
-0.537427	0.000944157	0.84331
-0.600082	-0.497793	0.626183
-0.503562	-0.224589	0.834257
-0.0992419	-0.52649	0.844369
-0.254993	0.15257	0.95483
-0.198993	-0.634405	0.746948
0.538062	0.0125406	0.842812
-0.153351	-0.03593	0.987518
0.344094	-0.530206	0.774907
0.693169	0.328181	0.641727
0.374308	-0.135738	0.917316
0.0644696	-0.111183	0.991707
0.190723	-0.497645	0.846152
-0.67739	-0.206565	0.706027
-0.0146727	-0.0371832	0.999201
0.525497	0.537144	0.659795
-0.634266	0.547959	0.545387
0.420244	-0.145042	0.895744
0.621497	0.434863	0.651641
-0.164908	0.286563	0.943762
0.0455893	-0.0483563	0.997789
0.158352	-0.436	0.885906
0.113958	-0.150612	0.982003
0.0549639	-0.181964	0.981768
0.0133406	-0.00284628	0.999907
0.410265	-0.0781888	0.908608
0.184216	0.0908768	0.978676
-0.0417624	0.552474	0.832483
0.319521	-0.573563	0.754276
0.76554	0.167327	0.621249
0.235119	-0.0938953	0.967421
0.786728	-0.325551	0.524476
-0.117609	-0.116006	0.986261
0.345319	-0.650325	0.676633
0.208037	0.3553	0.911308
-0.402661	-0.149954	0.902983
0.552696	0.0612215	0.831131
0.552626	0.351831	0.755526
0.425583	-0.902389	0.0676184
0.194994	0.30578	0.931921
-0.311741	-0.104515	0.944401
-0.237226	-0.0473133	0.970302
-0.239163	-0.419083	0.875883
-0.429353	0.539281	0.724453
0.0693181	-0.236685	0.969111
-0.153754	-0.0417097	0.987228
0.10977	-0.0450032	0.992938
-0.273944	0.438958	0.855728
-0.0627918	-0.131889	0.989274
-0.555711	0.206147	0.805412
-0.894388	-0.309632	0.322798
0.685356	-0.228127	0.691553
-0.0542306	0.0217872	0.998291
0.212515	0.0567789	0.975507
0.456304	0.260968	0.850695
-0.0730139	-0.307402	0.948774
0.406188	0.563861	0.719077
-0.217525	-0.379747	0.899153
0.00373562	0.771226	0.636551
-0.875485	-0.238622	0.420222
-0.24459	0.160699	0.956217
-0.0299915	0.42255	0.905843
0.271983	-0.321337	0.907065
-0.338044	-0.280097	0.898483
-0.270343	0.166772	0.94821
0.369571	-0.0893411	0.924898
-0.869193	0.263914	0.418154
0.195975	-0.387909	0.900622
0.115984	0.207385	0.97136
0.133758	0.0795649	0.987815
-0.701629	0.414287	0.579726
-0.635475	0.732901	0.242955
-0.355179	0.31556	0.879926
0.54106	-0.507208	0.670816
0.338611	-0.318723	0.885301
0.248714	-0.801167	0.544309
-0.350523	-0.464676	0.813148
0.089984	-0.00221393	0.995941
0.427276	-0.254642	0.867521
-0.413365	-0.0142387	0.910454
-0.152871	0.16402	0.97454
0.47097	-0.655693	0.59013
0.232361	-0.207816	0.950169
-0.0107974	0.402824	0.915214
-0.458897	-0.162061	0.873585
0.0630448	0.297117	0.952757
-0.28184	-0.00245227	0.959458
0.803812	0.0412449	0.593452
0.174302	0.144923	0.973969
-0.634154	-0.573793	0.518275
-0.453538	0.7053	0.544845
0.69072	0.408434	0.596731
-0.0192988	0.776211	0.630178
0.59134	0.298758	0.749039
-0.167398	-0.651837	0.739653
0.756915	0.536682	0.372897
0.0172682	-0.154616	0.987824
0.153359	-0.287435	0.945443
0.280079	0.386558	0.878708
-0.0462738	0.67942	0.732289
0.325379	0.373286	0.868784
0.130285	-0.231902	0.963975
0.521432	0.0125858	0.8532
0.577364	-0.0782636	0.812727
-0.134904	-0.0160713	0.990728
-0.529673	-0.282114	0.799911
-0.168874	0.703902	0.689931
-0.301557	0.0733794	0.95062
0.00147826	0.0865803	0.996244
0.289128	-0.386158	0.875949
-0.0109268	-0.506305	0.862285
-0.530292	0.160803	0.832426
-0.494079	-0.715121	0.494457
0.614855	0.777061	0.134642
0.32457	0.161951	0.931894
-0.784291	-0.120636	0.608551
-0.361267	0.371979	0.855054
0.166239	-0.847268	0.504481
-0.0757336	0.131133	0.988468
-0.729798	-0.329629	0.598948
-0.244673	-0.278075	0.928875
-0.134129	0.220259	0.966176
-0.408657	-0.165062	0.897638
0.338496	-0.304505	0.890335
-0.212292	-0.34135	0.915649
0.00866091	-0.0369294	0.99928
-0.545573	0.0115074	0.837985
-0.806047	-0.294485	0.513388
-0.968614	0.0842328	0.233861
0.0546349	-0.423392	0.904298
0.160998	0.119506	0.979693
0.0537178	-0.166211	0.984626
-0.0293772	0.582982	0.811954
-0.147074	0.198867	0.968928
-0.141945	-0.189195	0.971626
0.523603	-0.43356	0.733393
0.0939113	-0.304506	0.94787
0.0820772	-0.059546	0.994846
-0.185524	-0.455154	0.870871
-0.506644	0.704492	0.496994
-0.344344	-0.344375	0.873403
-0.553873	0.68013	0.480259
0.342229	-0.273135	0.899042
-0.605487	-0.19182	0.772393
0.484266	0.0996905	0.869223
-0.548892	0.484633	0.681064
0.209134	0.41959	0.883293
-0.0185901	0.352679	0.93556
-0.689213	-0.190753	0.698999
0.190304	-0.595601	0.780413
0.427001	-0.486225	0.762401
0.0370329	-0.0169991	0.999169
-0.131757	-0.571568	0.809908
0.214379	-0.278307	0.936262
-0.235829	0.81113	0.535213
0.0752982	-0.430862	0.899271
-0.481634	-0.163336	0.861017
0.42736	-0.272394	0.86207
0.305384	0.222271	0.925925
0.253211	-0.664287	0.703283
0.868964	0.129887	0.477526
-0.462536	0.255634	0.848947
0.133918	-0.413915	0.900411
0.249668	0.749079	0.613634
0.353726	-0.463223	0.81259
0.0617637	0.44934	0.891223
-0.139964	-0.0898133	0.986075
-0.779511	-0.37757	0.499804
-0.189016	-0.134632	0.972701
0.332299	0.358115	0.872543
0.308573	-0.441021	0.842783
-0.192095	-0.679471	0.708109
-0.416524	0.0343931	0.908474
-0.0207637	0.269662	0.962731
-0.718069	-0.298936	0.628502
-0.796466	0.111899	0.594239
0.0551643	0.191284	0.979983
-0.904622	-0.0900901	0.416585
-0.62029	0.278087	0.733422
0.327105	0.51565	0.791901
-0.0331719	0.311403	0.949699
0.536408	0.843747	-0.0188846
-0.646778	0.241305	0.723498
-0.619601	0.7382	0.266749
0.0328761	-0.192612	0.980724
-0.591475	0.152976	0.791679
-0.292677	-0.466883	0.834482
0.188075	0.102405	0.976801
0.672664	0.514549	0.531754
0.532883	-0.140061	0.834517
0.179328	0.0131699	0.983701
0.11964	-0.293736	0.94837
-0.248338	0.0954081	0.963963
-0.248997	-0.107602	0.962508
0.282688	0.3715	0.88435
0.219517	0.126798	0.967334
0.344355	-0.271818	0.898629
0.195584	0.247837	0.948854
0.235701	0.636194	0.734645
0.0709374	0.318204	0.945365
0.037029	0.506546	0.861417
0.0857858	0.421582	0.902723
0.198712	-0.0607853	0.978171
0.252076	0.195055	0.947845
-0.531696	-0.612085	0.585365
-0.404575	-0.076124	0.911331
0.435409	-0.0487698	0.898911
-0.410551	-0.0772454	0.90856
0.369041	-0.182845	0.91125
0.82874	-0.143033	0.541047
0.141405	0.135939	0.980574
-0.615389	0.400892	0.678663
0.271226	-0.575902	0.771215
-0.0756766	0.0175612	0.996978
-0.0343761	-0.652045	0.757401
0.178801	-0.66518	0.724959
0.114823	0.032478	0.992855
0.258754	-0.507553	0.821849
0.809629	0.199474	0.552007
0.197194	-0.16878	0.965727
-0.392223	0.201716	0.897481
-0.32413	-0.590749	0.738888
-0.58387	-0.537745	0.608215
-0.365913	-0.347808	0.863213
0.490796	-0.404003	0.771946
0.561553	0.277751	0.779431
-0.3574	-0.103122	0.928241
-0.537404	0.415239	0.734011
-0.700492	0.580983	0.41445
-0.358133	0.602844	0.712965
-0.35257	-0.233269	0.906245
0.0487319	-0.319626	0.94629
-0.496137	0.673269	0.548231
-0.0865436	-0.436063	0.895745
-0.865017	-0.331906	0.376276
-0.395851	-0.121396	0.910255
-0.509677	-0.110229	0.853275
0.365312	-0.621042	0.693436
-0.0877494	0.0558555	0.994575
-0.366338	0.193195	0.910204
-0.442674	-0.190802	0.876147
-0.306337	0.951845	0.0121539
0.783583	-0.361036	0.505619
-0.16542	-0.0373068	0.985517
0.490567	-0.663451	0.564958
0.545746	0.373472	0.75012
0.11253	0.359555	0.926314
0.668959	-0.187504	0.71926
0.363478	-0.00784828	0.93157
-0.0129015	-0.275718	0.961152
0.530719	-0.153348	0.833559
-0.00234264	0.0275571	0.999617
0.284475	-0.272677	0.919087
0.281644	-0.0788299	0.956275
0.0335461	0.733684	0.678662
-0.649013	0.169389	0.74168
0.760593	0.172168	0.625984
-0.26988	0.12593	0.954624
-0.00162381	0.928738	0.370732
0.376899	-0.195915	0.905298
-0.17587	-0.0579163	0.982708
0.28374	0.49741	0.819802
-0.0761002	-0.164416	0.983451
-0.348566	-0.129184	0.928339
0.00988047	0.828376	0.560086
0.5268	0.747387	0.404839
0.113223	-0.114722	0.986924
-0.19925	-0.761551	0.616716
-0.263497	0.0495439	0.963387
0.310742	0.0970547	0.945526
0.294762	-0.483805	0.824044
0.330082	0.346606	0.878015
0.805543	-0.322897	0.496828
0.453358	-0.110128	0.884499
0.42418	-0.0177826	0.905404
-0.0969037	-0.0206408	0.99508
0.445229	0.049912	0.894025
0.736549	0.123273	0.665056
-0.0419824	0.571242	0.819708
0.326911	0.0881483	0.940935
-0.315187	0.540345	0.780182
-0.0573724	0.140552	0.98841
0.333131	-0.150819	0.93074
0.582421	0.577735	0.571845
-0.739395	0.136138	0.659364
-0.258642	0.266538	0.928473
-0.233631	0.227387	0.945363
0.359158	-0.0633204	0.931126
-0.9033	0.185547	0.38681
-0.0816215	0.54481	0.834577
0.00708968	-0.0903617	0.995884
-0.389521	0.316133	0.865062
-0.927935	0.118414	0.353434
-0.348368	-0.54328	0.763863
0.315014	0.553549	0.770941
0.294982	0.416415	0.859991
0.0483035	-0.315425	0.94772
-0.0614265	0.393125	0.917431
-0.0636003	0.0849272	0.994355
0.0701765	-0.296176	0.952552
-0.0828331	-0.385524	0.918972
0.540411	-0.688567	0.483561
-0.316474	0.149411	0.936761
0.22554	0.120509	0.966752
0.513258	-0.415361	0.751027
-0.00975246	0.00665139	0.99993
0.390546	-0.214303	0.895292
-0.178906	-0.541248	0.821611
0.468755	-0.28872	0.834811
-0.547608	-0.333259	0.767505
0.207812	0.0207308	0.977949
-0.430183	0.338556	0.836852
-0.219677	-0.220989	0.950214
0.413792	-0.661896	0.625036
0.197958	0.101689	0.974921
-0.366112	0.298188	0.881502
-0.586574	-0.246247	0.771552
-0.369906	0.0772811	0.92585
0.0851692	-0.707577	0.701485
-0.615248	0.114487	0.779976
0.760694	0.390898	0.518212
0.290592	0.194857	0.936796
-0.276543	0.835239	0.475289
-0.03049	-0.0601545	0.997723
-0.41318	0.172878	0.894089
0.349214	0.169602	0.921566
0.343784	0.394573	0.85213
0.565588	-0.0875921	0.820023
-0.057127	-0.433758	0.899217
0.0835325	-0.725325	0.68332
-0.469696	0.436371	0.767441
0.39899	0.146979	0.905099
-0.202023	0.677424	0.707307
0.327831	0.428423	0.84201
-0.134563	-0.424262	0.895486
0.10887	-0.164069	0.980423
0.531668	-0.621122	0.575792
-0.645043	0.20399	0.736416
0.526468	-0.136276	0.839202
0.206977	0.530405	0.82209
0.422361	0.65535	0.626201
-0.427541	-0.458291	0.779216
-0.794833	-0.205393	0.571012
-0.0971365	-0.13513	0.986055
0.0931822	0.824138	0.558671
0.40612	-0.177103	0.896494
0.0265793	-0.233658	0.971955
-0.069185	-0.215434	0.974064
-0.506402	-0.220742	0.833564
0.0934983	-0.189758	0.977369
0.341771	-0.0220717	0.939524
-0.220404	0.621569	0.751714
0.444175	0.220094	0.868486
0.175019	-0.538313	0.824371
0.353098	-0.0139685	0.935482
-0.505694	0.175948	0.84458
-0.111079	0.195716	0.974349
0.721619	0.104686	0.68433
-0.541586	0.0894027	0.835878
-0.551668	-0.145805	0.821221
-0.230118	0.421001	0.877385
0.0368852	0.558001	0.82902
0.564748	0.417003	0.712157
-0.0979798	-0.0595771	0.993404
0.416644	-0.498926	0.759921
-0.0244464	0.0678008	0.997399
-0.374329	0.767425	0.520516
-0.174051	-0.771326	0.612179
0.867499	0.167877	0.468254
0.417683	-0.00329215	0.908587
0.246257	-0.309463	0.918472
0.521403	-0.501001	0.690751
-0.217615	-0.202599	0.954776
0.194797	0.823282	0.533161
0.620214	0.595824	0.510224
0.161518	-0.332014	0.929343
-0.0316241	0.512927	0.85785
-0.707844	-0.496669	0.502272
-0.670702	-0.392166	0.629575
-0.404925	-0.00892035	0.914306
-0.0647116	0.408515	0.910455
0.791416	0.19252	0.58017
-0.109902	0.894106	0.434162
-0.106007	-0.482453	0.869484
0.32384	-0.277555	0.904484
0.0415237	-0.428732	0.902477
0.662657	0.116793	0.73976
-0.189517	0.218043	0.957361
0.165577	0.208815	0.963836
0.0162384	0.701772	0.712216
0.801	-0.141984	0.581584
-0.145449	0.00343967	0.98936
-0.305302	-0.453392	0.837393
-0.10517	-0.0721424	0.991834
-0.427248	0.595471	0.680348
-0.311504	-0.00312615	0.95024
-0.258695	0.0146652	0.965848
-0.34896	0.262098	0.89974
0.554786	0.592912	0.583668
-0.436593	-0.311849	0.843882
-0.129936	-0.196747	0.971806
-0.252346	0.234246	0.938856
0.256859	0.193637	0.946852
-0.140982	-0.122176	0.982444
-0.0329083	-0.549647	0.834749
-0.153831	0.407116	0.900329
-0.369754	0.51359	0.774278
-0.235093	0.0996481	0.966851
-0.587837	0.086513	0.80434
-0.176717	0.278811	0.943947
0.40233	0.679401	0.613632
0.54332	0.344873	0.765418
-0.553465	0.184769	0.812119
0.39035	0.123443	0.912353
0.458976	-0.088288	0.884051
-0.705914	-0.517542	0.483566
-0.341611	0.317812	0.884475
0.552962	-0.119917	0.824532
0.0223693	-0.139088	0.990027
0.361303	0.277983	0.890048
0.167424	-0.0132421	0.985796
0.642302	0.59262	0.486054
0.420219	-0.673996	0.607573
-0.214504	0.0427505	0.975787
0.511232	0.0879752	0.854928
-0.238328	0.00281612	0.971181
-0.135438	-0.310886	0.940748
0.403103	0.383408	0.830967
-0.66813	0.451581	0.591334
-0.152418	-0.803384	0.575623
-0.337579	0.152463	0.928868
-0.0313337	0.0961348	0.994875
0.118611	-0.569416	0.813448
0.0013348	-0.900399	0.435063
-0.497936	0.522065	0.692465
0.238859	0.799137	0.551658
0.466913	0.148049	0.871822
-0.0436835	0.335632	0.94098
-0.103621	0.665129	0.739504
-0.17922	0.233276	0.955752
-0.18132	-0.698688	0.692068
0.211359	0.82503	0.524073
-0.0370913	0.383204	0.922919
0.796648	0.126977	0.590956
-0.0163516	-0.161666	0.98671
-0.448544	0.29408	0.843994
-0.688194	0.499417	0.526282
0.260744	0.086211	0.961551
-0.306156	0.203432	0.929991
0.334021	0.565414	0.754147
0.581664	0.113575	0.805461
-0.186548	0.733137	0.653995
-0.597713	0.562826	0.570934
-0.34208	-0.166269	0.924844
0.0386368	0.349747	0.936047
-0.760187	0.25777	0.596381
-0.719272	0.0996151	0.68755
-0.183371	0.540205	0.821312
-0.418733	0.840097	0.344818
0.224556	0.663323	0.713847
-0.461379	0.375531	0.803807
-0.718342	0.693107	-0.0598949
0.455207	-0.180533	0.871892
-0.114835	0.875365	0.469627
-0.328286	0.303141	0.894614
0.00680933	0.566383	0.824114
0.0403518	-0.099398	0.994229
-0.7172	-0.189232	0.670683
-0.0187875	0.226245	0.973889
0.101821	0.248502	0.963265
0.4916	0.0442676	0.869695
-0.596464	0.42325	0.681975
0.105945	0.497379	0.86104
-0.0154381	-0.176606	0.984161
0.393385	-0.18843	0.899857
-0.466202	0.128588	0.875283
0.15796	0.41052	0.898066
0.40279	0.105287	0.909217
-0.447726	0.0586746	0.892244
-0.2699	-0.525424	0.806898
-0.383215	0.278598	0.880642
0.228309	-0.455819	0.860293
0.317516	0.139077	0.937999
0.0633996	0.390067	0.918601
0.10734	0.0786655	0.991105
-0.229669	0.418576	0.878662
-0.62694	-0.281245	0.726531
0.44339	-0.277371	0.852333
-0.526911	0.219846	0.820995
0.0549322	0.204668	0.977289
0.116397	0.737572	0.665161
-0.737341	-0.136862	0.661511
-0.512485	-0.103757	0.852405
-0.44673	-0.533066	0.718521
-0.509433	0.0957575	0.855166
-0.488748	-0.337662	0.804432
0.216429	0.382349	0.898314
-0.129891	0.138134	0.981859
0.0550488	0.403038	0.913526
0.474231	0.0687119	0.877715
0.498744	0.428167	0.753609
-0.684581	0.476627	0.551521
-0.469717	-0.386636	0.793649
0.2576	-0.0085408	0.966214
0.17607	0.351783	0.919374
-0.105314	0.554408	0.825555
-0.431886	-0.283153	0.856328
0.845495	-0.443945	0.296732
0.572114	0.354596	0.739559
0.276076	0.218195	0.936041
0.46048	-0.173051	0.870638
0.266515	0.495073	0.826966
-0.308384	0.83142	0.462211
-0.32118	-0.158266	0.9337
-0.380703	0.292164	0.877329
-0.457071	0.538591	0.707818
-0.17359	0.957671	0.229638
-0.913581	0.181326	0.363993
-0.915858	-0.375029	0.143379
-0.261766	-0.936795	0.23215
0.0291015	-0.553217	0.832529
0.383719	0.100026	0.918016
-0.480951	-0.0850476	0.872613
-0.124473	0.0130639	0.992137
-0.166154	-0.152857	0.97418
-0.741589	0.670789	-0.009374
0.225671	0.165704	0.960008
0.549232	0.274844	0.78918
-0.679695	0.201499	0.705275
0.158675	-0.228785	0.960458
0.071515	-0.561455	0.824411
-0.327118	0.544973	0.772009
0.188614	0.599981	0.777462
-0.37691	0.315953	0.870697
0.7624	0.0730226	0.642973
-0.0787598	-0.405676	0.910617
-0.205353	-0.522801	0.827351
0.456813	0.726051	0.513976
0.423893	0.317668	0.848176
0.101855	-0.445216	0.889611
-0.202194	0.375422	0.904531
0.286226	0.70218	0.651933
0.23074	0.176165	0.956935
-0.878334	-0.477575	-0.0212383
-0.42571	0.344465	0.836729
0.310914	0.462128	0.830524
-0.0351348	0.864826	0.500841
0.0613773	0.243959	0.967841
-0.852341	-0.227495	0.470916
-0.360184	-0.0079798	0.932847
-0.333357	0.199661	0.921416
0.097494	-0.280263	0.954959
0.00396716	0.614941	0.788563
-0.423701	0.455205	0.783113
0.211923	0.0575629	0.97559
-0.0680343	-0.207999	0.97576
-0.246275	0.421586	0.872705
-0.031123	-0.956297	0.290736
-0.0728392	0.146598	0.986511
-0.252545	-0.816313	0.519475
0.219156	0.670238	0.70905
-0.10062	0.808129	0.580348
-0.159667	0.348643	0.923556
-0.0502446	0.596608	0.800958
0.347025	-0.370125	0.861731
0.246806	-0.146224	0.957969
-0.0793249	0.0646696	0.994749
-0.397007	-0.0466545	0.916629
0.342571	0.457809	0.8204
-0.265762	-0.150533	0.952213
0.0747003	-0.697268	0.712907
-0.103257	0.530363	0.841459
-0.695586	-0.486273	0.528865
0.0212511	0.345261	0.938266
-0.19757	-0.113403	0.973707
-0.690848	0.262264	0.673756
-0.200103	0.220434	0.954656
-0.17684	0.724124	0.666612
-0.486295	-0.17185	0.856729
-0.676531	-0.149754	0.721027
0.0361233	-0.359485	0.932451
0.34249	-0.323431	0.882096
-0.148833	0.175116	0.973233
-0.126954	0.27341	0.953483
0.424017	-0.383903	0.820261
0.519215	-0.244773	0.818842
-0.248694	0.316946	0.915258
-0.306755	-0.52373	0.794738
-0.389362	-0.57017	0.723397
-0.307085	-0.627355	0.715629
-0.0870629	0.471956	0.877313
0.382616	-0.810076	0.444277
0.25326	-0.321958	0.912251
-0.468415	0.181369	0.864692
-0.101348	-0.13192	0.986066
0.110529	0.874047	0.473102
-0.337717	-0.484479	0.806986
0.410681	0.508788	0.756621
0.932279	0.256474	0.255101
0.0614277	-0.360678	0.930665
0.607921	-0.334859	0.719932
-0.218972	-0.203446	0.954286
-0.302465	-0.175038	0.936951
0.433479	0.188822	0.88116
-0.0399855	-0.243303	0.969126
0.519456	-0.803615	-0.290463
0.857022	-0.143338	0.494941
0.411288	-0.856828	0.310949
-0.165013	-0.0392943	0.985508
0.882127	-0.0752722	0.464957
-0.399668	-0.693218	0.599762
0.0664968	-0.253692	0.964997
0.483475	-0.0119304	0.875277
0.210007	-0.15216	0.965787
0.941789	-0.225546	-0.249323
-0.269118	0.288075	0.919015
0.570547	-0.298235	0.765201
0.0214167	0.173516	0.984598
-0.244217	-0.969721	0.000478775
-0.40444	0.62365	0.668946
-0.62185	0.0850628	0.778503
0.0329947	0.0231045	0.999188
0.0467702	-0.546151	0.83638
0.128651	0.566238	0.814139
-0.409333	-0.565976	0.715624
0.61549	-0.275277	0.738508
0.02278	0.289216	0.956993
-0.051099	-0.41693	0.907501
0.779259	-0.288923	0.556128
0.0724497	-0.993965	0.0823641
0.341924	0.0106336	0.939667
-0.257288	-0.598633	0.758578
0.675986	0.167085	0.717723
0.377196	-0.246592	0.892701
-0.225648	-0.641697	0.733013
0.461671	0.664849	0.587227
-0.972564	-0.204155	0.111533
0.581414	0.633715	0.510258
-0.919409	-0.199774	0.338788
-0.124069	-0.539548	0.832764
-0.084627	0.512051	0.854776
-0.944166	0.190674	0.26869
0.22279	0.0457335	0.973793
0.201166	-0.527266	0.825544
-0.696132	0.512705	0.502528
0.256387	0.0705144	0.963999
-0.0588665	-0.344474	0.936948
-0.542477	0.257023	0.799786
-0.244843	0.909463	0.336049
0.427227	0.322054	0.844842
0.344003	-0.692833	0.633754
-0.625198	0.179645	0.759509
-0.427286	0.587928	0.686853
-0.564259	0.0907965	0.82059
0.666337	0.165378	0.72708
0.423125	-0.846287	0.323671
-0.262071	0.0212636	0.964814
-0.0954137	-0.0392064	0.994665
0.273471	-0.489896	0.827777
0.440147	-0.519231	0.732578
0.345598	0.0356274	0.937706
-0.856497	-0.107789	0.504771
-0.136962	0.794843	0.591157
0.0519761	0.310102	0.949281
-0.326597	-0.885707	0.329936
0.430695	-0.164963	0.887293
-0.166059	0.623837	0.763709
0.284862	-0.586346	0.758322
-0.132273	0.627134	0.767598
-0.579994	-0.704719	0.408629
0.516506	-0.601793	0.609152
-0.266495	0.806993	0.527013
-0.224747	0.428612	0.875089
-0.683682	-0.0269495	0.729282
-0.314984	0.0623764	0.947045
0.316521	0.0909697	0.944213
-0.820118	-0.18287	0.542185
0.0945039	-0.357687	0.929048
-0.682145	-0.730433	-0.0338653
-0.271776	-0.486266	0.830472
0.274395	-0.00640191	0.961596
0.0868976	-0.0177326	0.996059
-0.639664	-0.539756	0.547259
-0.094583	0.106835	0.989768
-0.233805	0.796171	0.558074
0.644284	0.210811	0.735158
-0.891183	0.340879	0.299324
-0.128175	-0.2542	0.958621
0.620029	-0.00888832	0.784528
0.0257754	-0.287031	0.957574
0.340796	0.807874	0.480831
0.303494	-0.0824243	0.949262
0.106694	-0.00539784	0.994277
0.045918	0.226497	0.972929
-0.120893	-0.725316	0.677718
-0.278503	-0.73321	0.620354
0.385158	-0.376613	0.842506
-0.125493	-0.250406	0.959973
-0.245102	-0.00631896	0.969477
0.227726	-0.154713	0.961356
-0.66534	-0.114758	0.737667
0.359985	0.167886	0.917728
0.287558	0.704126	0.649243
0.751786	-0.652898	-0.0924211
-0.270456	0.281567	0.920638
-0.811963	-0.223472	0.539236
0.553082	-0.0434559	0.831993
-0.594963	0.685434	0.41976
0.024423	0.197973	0.979903
0.0820993	0.247355	0.96544
-0.419525	0.489499	0.764454
-0.316922	0.592812	0.740361
-0.951634	0.269163	0.148138
-0.39831	0.766703	0.503504
-0.222667	0.670546	0.707663
-0.0586807	0.842736	0.535119
-0.246489	0.110988	0.962769
0.301619	0.606713	0.735476
0.170722	0.395916	0.902278
-0.457639	0.211154	0.863701
-0.225736	0.802052	0.552952
-0.713464	-0.468317	0.521199
0.861784	0.447619	0.238674
0.0228559	0.225979	0.973864
-0.486234	0.803645	0.343121
0.207931	0.264093	0.941817
-0.679025	-0.671978	0.295584
0.771766	0.591615	0.233171
-0.109541	0.0110878	0.99392
-0.648524	0.738276	0.185381
0.485497	0.656178	0.577688
0.091353	0.0904485	0.991702
0.401553	-0.0214844	0.915584
-0.571555	-0.0332494	0.81989
-0.245835	-0.0813483	0.965892
0.252491	0.249189	0.934962
-0.199685	0.529651	0.824376
-0.334281	0.311858	0.889382
-0.115817	-0.189245	0.975076
0.832105	-0.433535	-0.345902
0.220311	-0.535231	0.81547
0.538643	-0.307698	0.784338
-0.430653	-0.463034	0.774685
-0.883237	-0.0590398	0.465195
-0.172404	-0.86719	0.467181
-0.0257989	-0.0528441	0.998269
-0.0829542	0.0561776	0.994969
0.389924	0.0510236	0.919433
-0.238565	0.108486	0.965048
-0.623019	-0.211832	0.752977
-0.600829	0.407239	0.687867
0.0276951	-0.505453	0.86241
-0.0777434	-0.164238	0.983352
-0.014609	0.00088291	0.999893
-0.862328	0.366273	0.349621
0.347612	0.687702	0.637363
0.0892891	0.266486	0.959694
-0.623745	-0.769545	0.1369
0.0952831	-0.392791	0.914678
-0.182233	-0.638434	0.747792
0.366747	-0.0812101	0.926769
-0.29574	0.918592	0.262159
-0.679735	0.653131	0.333736
0.345192	0.0657022	0.93623
-0.0209782	-0.0745504	0.996997
0.185031	-0.584137	0.790283
0.206862	0.748849	0.629629
0.957688	-0.280021	0.0664915
0.24996	0.0397425	0.96744
0.422661	-0.131811	0.896651
-0.222049	-0.254798	0.941155
-0.0248088	0.587665	0.808724
0.509288	-0.792067	0.336534
0.402277	0.717149	0.569096
0.136438	-0.526514	0.839147
-0.514424	-0.193396	0.835444
0.612283	-0.207856	0.762827
-0.342992	-0.0434511	0.938333
0.67363	0.254195	0.693979
0.253468	-0.386707	0.886686
0.222146	-0.19476	0.955364
0.649382	-0.616041	0.445866
0.0794467	0.285479	0.955086
-0.611101	0.623757	0.487323
0.229446	0.0533417	0.971859
-0.346791	-0.398422	0.849115
0.253117	-0.642105	0.723625
-0.6267	-0.684318	0.37277
-0.214875	-0.454446	0.86447
-0.35113	-0.29461	0.88877
0.13981	-0.103727	0.98473
-0.791727	0.108499	0.601163
-0.612133	-0.549649	0.568488
0.0505635	0.194614	0.979576
0.088488	0.185482	0.978655
0.3456	0.242763	0.906436
-0.446422	-0.0674032	0.89228
0.837608	-0.0801254	0.540364
-0.425422	0.184668	0.885954
0.197322	-0.23485	0.951793
0.0561175	-0.330677	0.942074
0.629045	0.0470609	0.775943
0.513514	0.414265	0.751458
0.146184	0.691931	0.707009
-0.177352	-0.585706	0.790883
0.244892	-0.00270154	0.969547
-0.61291	0.0293507	0.789608
-0.246889	0.0177011	0.968882
-0.301277	0.436091	0.847972
0.080287	-0.184167	0.97961
0.316774	0.251626	0.914516
-0.296409	0.577152	0.760945
0.629567	-0.6281	0.457314
-0.0458702	0.352952	0.934517
-0.233543	0.359863	0.903303
0.00996108	-0.430333	0.902615
0.259679	-0.247289	0.933496
-0.450044	-0.233658	0.861896
-0.413771	0.876117	0.247412
-0.259393	-0.402186	0.878044
-0.632729	-0.0324238	0.773694
0.838249	-0.0503142	0.542961
0.49059	0.1486	0.858627
0.300342	0.143274	0.943009
0.251572	-0.417882	0.872976
-0.639132	-0.0368142	0.768215
-0.504092	0.376733	0.777151
-0.453136	-0.486068	0.747266
0.53782	0.0166016	0.842896
0.112548	0.489125	0.864922
0.0679426	-0.30128	0.951112
0.540206	-0.227602	0.81017
-0.569	0.426474	0.703106
-0.2795	-0.21992	0.93462
0.287296	0.200687	0.936582
0.0290476	0.20142	0.979074
-0.98487	-0.0832027	0.152016
0.23193	0.339325	0.911629
-0.276489	-0.810675	0.516101
-0.245887	-0.391926	0.886529
0.18352	0.118937	0.975794
-0.730164	-0.210569	-0.650016
-0.352853	-0.145946	0.924226
0.176118	-0.596586	0.782986
0.090212	-0.859355	0.50336
-0.552063	-0.0828967	0.829672
-0.831463	-0.47839	0.282511
0.248341	0.93998	-0.234017
0.162486	-0.353831	0.921087
-0.0317709	-0.85325	0.520534
-0.311049	0.553765	0.772394
0.285733	0.218238	0.933128
-0.427965	0.792436	0.434615
-0.633957	-0.00592067	0.773346
-0.463112	0.0621802	0.884116
0.233386	0.275891	0.932424
0.533628	0.654183	0.535991
0.774195	0.0558087	0.630482
0.279509	-0.761007	0.585443
-0.593104	-0.706247	0.386579
0.0121714	-0.506161	0.862353
-0.541976	0.363311	0.757804
-0.204373	-0.118178	0.971733
-0.162825	-0.165341	0.972703
-0.33686	-0.103572	0.935841
-0.332799	0.21961	0.917069
0.00836911	0.302696	0.953051
0.12502	-0.410273	0.903353
0.146878	-0.187466	0.971228
0.433217	-0.00148799	0.901288
-0.0364089	-0.0486937	0.99815
-0.895418	0.386908	0.220294
-0.0579993	0.410481	0.910023
0.0778	0.0181601	0.996804
-0.473195	0.407307	0.781145
-0.266279	0.453115	0.850754
-0.131997	-0.951107	0.279234
-0.158332	-0.697044	0.699328
-0.189096	0.14052	0.971852
0.219599	0.252088	0.942458
-0.182681	-0.549464	0.815302
0.110783	-0.858053	0.501469
0.214966	0.1939	0.957179
-0.396857	-0.253211	0.882263
0.197805	0.473396	0.858352
0.0454986	-0.793914	0.606325
0.198603	-0.701693	0.68424
0.280265	-0.199247	0.939017
-0.1748	-0.0281515	0.984201
-0.49703	0.439993	0.747909
0.745136	-0.662733	0.0745447
0.429854	0.629631	0.64714
0.223522	-0.0670815	0.972388
-0.389175	0.0225089	0.920889
-0.16392	0.816659	0.553352
0.260382	0.778754	0.57074
0.0300282	0.539147	0.841676
-0.386742	0.20461	0.899203
-0.892853	-0.450286	0.00754695
-0.813352	0.476762	0.3334
0.107608	0.712687	0.693179
0.438787	0.0175065	0.898421
0.167576	0.442168	0.881139
-0.418827	0.705394	0.571842
-0.42132	-0.585164	0.692873
0.522423	0.563305	0.640127
-0.719535	0.498556	0.483436
0.522124	0.387227	0.759896
-0.110392	0.892691	0.436939
0.435381	0.593618	0.676802
0.656156	0.288767	0.697189
0.735438	-0.445027	0.510962
0.651955	0.0709741	0.754928
-0.458431	0.615684	0.640916
-0.169618	0.158185	0.972732
-0.818836	-0.232501	0.524835
0.489781	0.0874059	0.867453
-0.365146	0.110565	0.924361
-0.187286	-0.455406	0.870362
0.167147	0.100386	0.980808
-0.224807	0.309137	0.924065
0.64481	-0.0266074	0.76388
-0.292434	-0.350275	0.889826
-0.919459	0.203328	0.336529
0.872324	-0.33693	0.354301
-0.0910122	-0.0621929	0.993906
0.213064	0.735737	0.64288
-0.148802	0.895032	-0.420447
0.105042	0.188642	0.976412
0.0542825	-0.720374	0.691459
-0.263257	0.0241022	0.964425
0.479634	0.0253071	0.877104
-0.744051	0.625385	0.235121
0.833844	0.299465	0.463707
0.230639	0.165411	0.958877
0.181473	0.958162	0.221345
-0.690869	0.127012	0.711736
-0.0820899	0.67121	0.736708
0.0920792	-0.194776	0.976516
0.00908389	-0.855622	0.517521
-0.377254	0.900987	0.214249
-0.112772	0.989501	-0.0903935
0.243448	0.174247	0.954134
0.817655	0.287708	0.498662
0.12692	0.228455	0.965246
0.382483	-0.260607	0.886448
-0.761041	-0.645415	-0.0652318
-0.0331164	-0.773959	0.632369
0.354282	-0.125016	0.926744
0.217047	0.967954	0.126312
0.0841571	-0.108315	0.990548
0.610628	0.692578	0.384016
-0.17712	-0.80482	0.566474
-0.0430309	0.291818	0.955505
0.36258	0.183565	0.913696
0.499462	0.843536	-0.197446
0.0219912	-0.334068	0.942293
-0.195167	-0.185424	0.963082
-0.180597	-0.462408	0.86808
0.598135	0.105598	0.794407
0.0757107	-0.152275	0.985434
-0.113637	0.108527	0.987577
-0.377924	0.821542	0.426898
-0.22735	-0.757348	0.612156
-0.124103	-0.149841	0.98089
-0.650172	-0.244169	0.719484
0.226269	0.218273	0.949294
-0.167458	0.364911	0.915859
-0.061344	-0.821205	0.567326
0.049973	0.595858	0.801534
-0.0732744	0.101244	0.99216
-0.10044	0.326257	0.93993
-0.719152	0.667266	0.193845
0.116289	-0.862856	0.491892
-0.719847	0.15021	0.677686
-0.221372	-0.576818	0.786305
-0.339273	0.129883	0.931678
-0.557437	0.00242539	0.830216
-0.420338	-0.429661	0.799192
-0.724986	-0.144005	0.673542
0.576579	-0.0104343	0.816975
0.189968	0.305958	0.9329
0.304323	-0.219752	0.926875
0.593173	-0.741398	0.313807
-0.0357846	0.505693	0.861971
0.269343	0.325472	0.906379
0.40216	0.3834	0.831427
0.262411	0.465168	0.845434
-0.380506	-0.556087	0.738906
-0.162337	0.265903	0.950233
-0.26939	0.802824	0.531886
0.876578	0.0973782	0.471306
0.630211	0.261201	0.73117
0.287825	-0.0846056	0.953939
0.130719	-0.565031	0.814649
