3400
-0.164904	0.182269	0.969322
-0.116307	0.24562	0.962363
-0.167159	0.152795	0.974018
-0.128817	0.161176	0.978483
-0.153017	0.12823	0.979869
-0.134839	0.165821	0.976894
-0.150348	0.174862	0.973046
-0.154737	0.148304	0.976761
-0.146717	0.220231	0.964351
-0.15385	0.127863	0.979786
-0.144215	0.161311	0.97631
-0.150288	0.0999226	0.98358
-0.141199	0.0755213	0.987096
-0.143793	0.176384	0.973762
-0.143137	0.110637	0.983499
-0.132294	0.169062	0.976686
-0.137567	0.118502	0.983378
-0.13949	0.159255	0.977333
-0.12971	0.154313	0.979471
-0.118166	0.0872945	0.989149
-0.125894	0.165168	0.978197
-0.108236	0.102282	0.988849
-0.101897	0.14353	0.984386
-0.135853	0.0994925	0.985721
-0.128187	0.096606	0.987034
-0.107099	0.160347	0.981233
-0.0991325	0.113313	0.988602
-0.100683	0.138361	0.985251
-0.0823215	0.123383	0.988939
-0.0768249	0.147203	0.986118
-0.0661211	0.151618	0.986225
-0.102649	0.117993	0.987695
-0.0875533	0.180712	0.979631
-0.0741222	0.154742	0.98517
-0.0754178	0.123888	0.989426
-0.0715862	0.149758	0.986128
-0.0901028	0.168489	0.981577
-0.0471177	0.170614	0.984211
-0.097174	0.141663	0.985134
-0.0729835	0.208738	0.975245
-0.0717073	0.177332	0.981535
-0.0517135	0.115247	0.99199
-0.0420787	0.124983	0.991266
-0.125555	0.170327	0.977356
-0.0473456	0.172696	0.983837
-0.10711	0.169833	0.979635
-0.0651371	0.22813	0.971449
-0.0907596	0.189927	0.977594
-0.114572	0.189422	0.975189
-0.0631001	0.143181	0.987683
-0.145432	0.162522	0.975928
-0.0693417	0.179946	0.981229
-0.117905	0.192619	0.974164
-0.0600907	0.236523	0.969766
-0.0734456	0.24641	0.966379
-0.149973	0.179781	0.972207
-0.0933025	0.156617	0.983242
-0.150302	0.14826	0.97746
-0.100576	0.172183	0.979917
-0.154562	0.189458	0.969647
-0.174945	0.136645	0.97505
-0.148585	0.140153	0.978918
-0.170238	0.179212	0.96897
-0.103894	0.231625	0.967241
-0.176592	0.151766	0.972513
-0.150099	0.143136	0.978255
-0.156888	0.150303	0.976112
-0.166339	0.0972635	0.98126
-0.162878	0.13726	0.977052
-0.165096	0.136209	0.976827
-0.132878	0.200633	0.970613
-0.169204	0.114407	0.978918
-0.156979	0.0985588	0.982672
-0.142905	0.139347	0.979878
-0.143134	0.0706613	0.987178
-0.152345	0.134589	0.97912
-0.144403	0.100938	0.984357
-0.117048	0.150121	0.981715
-0.0958906	0.128162	0.987107
-0.136674	0.0889456	0.986615
-0.109304	0.131083	0.985327
-0.119196	0.0811781	0.989547
-0.135222	0.119975	0.983525
-0.11452	0.0809695	0.990116
-0.101045	0.0961095	0.990229
-0.0769657	0.128887	0.988668
-0.12269	0.087492	0.988581
-0.0778267	0.117583	0.990009
-0.104073	0.103351	0.989185
-0.11101	0.102137	0.988557
-0.0750885	0.0870596	0.993369
-0.0909574	0.133963	0.986803
-0.0789068	0.135681	0.987605
-0.109529	0.10507	0.988415
-0.0646486	0.125455	0.989991
-0.0825962	0.137682	0.987027
-0.0737126	0.16193	0.984045
-0.0434236	0.0925884	0.994757
-0.100813	0.159089	0.982104
-0.0666886	0.166767	0.983738
-0.103322	0.127556	0.986435
-0.052798	0.153213	0.986782
-0.0473314	0.193227	0.980012
-0.0833799	0.18547	0.979106
-0.0371447	0.098013	0.994492
-0.131769	0.174331	0.975831
-0.0680515	0.18259	0.980831
-0.107869	0.163309	0.98066
-0.118526	0.193322	0.97395
-0.0466712	0.22189	0.973954
-0.11682	0.193024	0.974215
-0.0723086	0.113962	0.99085
-0.1515	0.173527	0.973106
-0.0841647	0.19075	0.978024
-0.109058	0.163424	0.980509
-0.147584	0.195906	0.969453
-0.0650681	0.236822	0.969372
-0.161018	0.177703	0.970822
-0.115918	0.137094	0.983752
-0.166426	0.164118	0.9723
-0.172291	0.166145	0.970933
-0.168945	0.142317	0.975297
-0.193915	0.142094	0.970673
-0.152202	0.126916	0.980167
-0.166213	0.165367	0.972125
-0.123596	0.200308	0.971906
-0.141368	0.174185	0.974513
-0.177729	0.14103	0.973921
-0.16197	0.139457	0.976892
-0.176559	0.109117	0.978223
-0.163069	0.113561	0.980057
-0.167723	0.128039	0.977484
-0.152437	0.0968391	0.983557
-0.12172	0.134882	0.983357
-0.167019	0.110566	0.979735
-0.129086	0.116312	0.984788
-0.151626	0.0975111	0.983616
-0.150365	0.109181	0.982583
-0.13592	0.10579	0.985055
-0.134594	0.075681	0.988006
-0.0951708	0.117715	0.988476
-0.14675	0.0983987	0.984267
-0.0942801	0.0994932	0.990562
-0.130113	0.103457	0.986087
-0.122137	0.113701	0.985979
-0.106648	0.0905209	0.990168
-0.127119	0.0886567	0.987917
-0.0793041	0.113924	0.990319
-0.126734	0.0933262	0.987537
-0.068231	0.0775849	0.994648
-0.0595243	0.0812121	0.994918
-0.102567	0.132008	0.985928
-0.067234	0.0765462	0.994797
-0.11936	0.122511	0.985264
-0.0869669	0.113818	0.989688
-0.120209	0.0944261	0.988248
-0.122352	0.108367	0.986553
-0.0539042	0.108864	0.992594
-0.0941919	0.151913	0.983895
-0.0484613	0.0826587	0.995399
-0.116783	0.150161	0.98174
-0.079794	0.141617	0.9867
-0.0759137	0.16527	0.983322
-0.117018	0.148659	0.981941
-0.0565749	0.149906	0.98708
-0.104792	0.168218	0.980164
-0.0580599	0.0969974	0.99359
-0.141124	0.172888	0.974779
-0.166946	0.172601	0.970741
-0.0956988	0.17805	0.979357
-0.129188	0.175423	0.97598
-0.0676978	0.189163	0.979609
-0.118773	0.181574	0.976178
-0.0940644	0.111273	0.989328
-0.133793	0.131347	0.982266
-0.187736	0.163897	0.968449
-0.119528	0.15406	0.980805
-0.153282	0.181224	0.971423
-0.0921396	0.206842	0.974026
-0.152582	0.179485	0.971856
-0.161628	0.158477	0.974044
-0.129415	0.172802	0.976417
-0.156318	0.158293	0.97494
-0.1612	0.148329	0.975712
-0.196542	0.140884	0.970321
-0.150748	0.106378	0.982832
-0.154777	0.0998585	0.98289
-0.17156	0.121694	0.977629
-0.148467	0.142833	0.978548
-0.163412	0.13402	0.977413
-0.149846	0.138367	0.978979
-0.180735	0.118558	0.97636
-0.160887	0.117979	0.979896
-0.139797	0.0952111	0.985592
-0.159258	0.0922354	0.982919
-0.125929	0.121798	0.984534
-0.149229	0.116439	0.981923
-0.107207	0.117659	0.98725
-0.0793266	0.0972297	0.992096
-0.134679	0.120734	0.983506
-0.114791	0.103192	0.988015
-0.146872	0.0782521	0.986055
-0.105016	0.113693	0.98795
-0.138132	0.111195	0.984152
-0.132757	0.104837	0.985589
-0.0704367	0.0713624	0.99496
-0.124549	0.125613	0.98423
-0.0926749	0.100127	0.990649
-0.1387	0.0903672	0.986203
-0.0925721	0.116033	0.988922
-0.0989761	0.117341	0.988147
-0.121676	0.100859	0.987432
-0.0671913	0.0739703	0.994994
-0.115574	0.137641	0.983716
-0.0773683	0.094722	0.992493
-0.133246	0.116754	0.984182
-0.134166	0.149392	0.979633
-0.08833	0.133825	0.987061
-0.124525	0.112459	0.985823
-0.0619883	0.0961067	0.993439
-0.105991	0.146023	0.983587
-0.0692387	0.0968489	0.992888
-0.0702062	0.0970453	0.992801
-0.146114	0.170639	0.97444
-0.0822932	0.155236	0.984444
-0.121615	0.139875	0.982672
-0.0735977	0.128879	0.988926
-0.11463	0.15218	0.981683
-0.123034	0.165827	0.97845
-0.0994539	0.125572	0.987087
-0.174706	0.16935	0.969948
-0.0990391	0.158665	0.982353
-0.128587	0.155731	0.979394
-0.0883205	0.164411	0.98243
-0.0998733	0.181186	0.978364
-0.137641	0.17668	0.974597
-0.137633	0.147692	0.97941
-0.194913	0.161819	0.96738
-0.128943	0.138229	0.981971
-0.147569	0.166771	0.97489
-0.195687	0.153677	0.96855
-0.135047	0.0868771	0.987023
-0.149135	0.151234	0.977183
-0.115979	0.118081	0.986208
-0.144842	0.128359	0.981094
-0.135896	0.140344	0.980732
-0.126137	0.138241	0.982333
-0.176556	0.139359	0.974375
-0.128953	0.089184	0.987632
-0.156991	0.123856	0.979803
-0.1289	0.106023	0.985974
-0.143961	0.116265	0.98273
-0.131316	0.11278	0.984904
-0.0926988	0.130856	0.987058
-0.150576	0.132049	0.97974
-0.10993	0.0957719	0.989314
-0.144596	0.107827	0.983598
-0.116075	0.105294	0.987644
-0.1067	0.114375	0.987691
-0.123291	0.116146	0.98555
-0.0729036	0.113818	0.990823
-0.13	0.1301	0.982942
-0.0966093	0.10841	0.989401
-0.135979	0.103509	0.98529
-0.13364	0.107964	0.985132
-0.10219	0.128778	0.986394
-0.125078	0.125992	0.984115
-0.070582	0.0990918	0.992572
-0.112235	0.136024	0.984328
-0.0896121	0.120645	0.988643
-0.0910945	0.122348	0.988298
-0.121427	0.117586	0.985611
-0.100651	0.134951	0.985727
-0.118233	0.134027	0.983899
-0.0684451	0.108318	0.991757
-0.103995	0.147629	0.98356
-0.104211	0.152281	0.982828
-0.094223	0.126388	0.987496
-0.120126	0.142737	0.982444
-0.0884304	0.140719	0.986092
-0.113186	0.136298	0.984181
-0.0636882	0.118722	0.990883
-0.0704232	0.124371	0.989734
-0.113807	0.141491	0.983376
-0.0865644	0.12294	0.988631
-0.133851	0.165101	0.977152
-0.0854539	0.148928	0.985149
-0.112143	0.138072	0.984053
-0.117823	0.14527	0.982351
-0.0805171	0.127358	0.988583
-0.131918	0.143366	0.980838
-0.100818	0.133377	0.985924
-0.155091	0.165366	0.973961
-0.0925959	0.132247	0.986882
-0.11054	0.108385	0.987944
-0.132786	0.157145	0.978608
-0.0927253	0.124396	0.987891
-0.144505	0.13995	0.979557
-0.125369	0.14681	0.981188
-0.183034	0.16239	0.969602
-0.138131	0.125187	0.98247
-0.120677	0.115891	0.985904
-0.189699	0.171053	0.966827
-0.130699	0.0866243	0.98763
-0.116799	0.136703	0.983702
-0.108453	0.0903608	0.989986
-0.111897	0.0953929	0.989131
-0.139682	0.124699	0.982313
-0.115291	0.108545	0.987383
-0.154062	0.151486	0.976379
-0.125609	0.0975038	0.987277
-0.122396	0.125977	0.984454
-0.116623	0.125515	0.985213
-0.105007	0.104457	0.98897
-0.119038	0.130354	0.984296
-0.0916789	0.122127	0.988271
-0.129894	0.137853	0.981898
-0.103433	0.115078	0.987957
-0.0900939	0.128879	0.987559
-0.11295	0.12111	0.986192
-0.0978204	0.121587	0.987749
-0.112082	0.144207	0.98318
-0.0831103	0.12442	0.988743
-0.117306	0.13636	0.98369
-0.0994256	0.159171	0.982232
-0.0959305	0.139217	0.985604
-0.111442	0.125425	0.985824
-0.10284	0.144009	0.984218
-0.117158	0.156914	0.980639
-0.074157	0.124553	0.989438
-0.0643165	0.136315	0.988576
-0.085034	0.176729	0.980579
-0.106706	0.150343	0.982858
-0.0990105	0.136431	0.985689
-0.114609	0.156309	0.981036
-0.115196	0.176108	0.977607
-0.104337	0.1639	0.980944
-0.0661996	0.142554	0.987571
-0.0939917	0.1844	0.978347
-0.111331	0.151679	0.98214
-0.097099	0.152652	0.983498
-0.108108	0.152566	0.982362
-0.1023	0.147127	0.983813
-0.0934752	0.145074	0.984995
-0.0730929	0.127408	0.989153
-0.11089	0.160988	0.980707
-0.096958	0.138888	0.98555
-0.108598	0.165714	0.980176
-0.141892	0.180243	0.973334
-0.10097	0.123702	0.987169
-0.0963132	0.140592	0.985372
-0.0774381	0.103225	0.991639
-0.123729	0.140971	0.982252
-0.0944642	0.127159	0.987374
-0.102932	0.127977	0.986421
-0.176677	0.181637	0.967364
-0.115034	0.102129	0.988098
-0.103796	0.14591	0.983838
-0.0931959	0.0889931	0.991663
-0.141541	0.129602	0.981412
-0.0967856	0.136013	0.985968
-0.108881	0.0842078	0.990482
-0.12608	0.136266	0.982617
-0.114449	0.0946728	0.988908
-0.169553	0.169207	0.970887
-0.154986	0.119527	0.980659
-0.14909	0.125459	0.980832
-0.0920665	0.134804	0.986586
-0.112732	0.110459	0.987467
-0.132122	0.15162	0.979569
-0.110576	0.100307	0.988793
-0.138959	0.138267	0.980598
-0.126098	0.120014	0.984731
-0.117984	0.143863	0.982539
-0.0872505	0.145111	0.985561
-0.10764	0.12013	0.986905
-0.111772	0.159293	0.980884
-0.0934306	0.128	0.987364
-0.0891685	0.13311	0.987082
-0.109896	0.134348	0.984822
-0.0932557	0.154766	0.98354
-0.0918069	0.147402	0.984807
-0.108921	0.133758	0.98501
-0.106904	0.173089	0.979087
-0.116757	0.188665	0.975076
-0.0796789	0.133991	0.987774
-0.0918337	0.180122	0.979348
-0.100016	0.167761	0.980741
-0.0891846	0.145834	0.985281
-0.119848	0.149338	0.981496
-0.137112	0.163885	0.976904
-0.117405	0.20763	0.971136
-0.0684788	0.148892	0.98648
-0.0747226	0.208354	0.975195
-0.105935	0.17088	0.979581
-0.0701342	0.155487	0.985345
-0.0628392	0.169359	0.983549
-0.136613	0.165956	0.976625
-0.104009	0.188872	0.976478
-0.0763305	0.152587	0.985338
-0.0785298	0.198527	0.976944
-0.114402	0.161858	0.98016
-0.106302	0.14135	0.984236
-0.0787679	0.166896	0.982823
-0.128153	0.155843	0.979433
-0.0948153	0.146454	0.984663
-0.0856374	0.129455	0.98788
-0.0950755	0.164365	0.981807
-0.106884	0.138587	0.984566
-0.102947	0.124435	0.986873
-0.115776	0.178778	0.977054
-0.121408	0.129029	0.984181
-0.0934353	0.126573	0.987547
-0.0888759	0.09031	0.99194
-0.0994541	0.0698544	0.992587
-0.118918	0.127289	0.984711
-0.10452	0.108503	0.988586
-0.154181	0.182221	0.971094
-0.137501	0.123792	0.982735
-0.0944171	0.132386	0.986691
-0.147706	0.180664	0.972391
-0.192019	0.148363	0.970112
-0.09965	0.169966	0.980399
-0.104674	0.0871334	0.990682
-0.106792	0.15361	0.982344
-0.10636	0.110772	0.988138
-0.096716	0.119413	0.988123
-0.130322	0.13171	0.982684
-0.184303	0.147299	0.971769
-0.0845192	0.185359	0.979029
-0.109325	0.120761	0.986643
-0.118261	0.169064	0.978484
-0.10818	0.186785	0.976426
-0.0867581	0.146563	0.985389
-0.115043	0.113097	0.986901
-0.134177	0.165414	0.977054
-0.0853473	0.185965	0.978843
-0.110827	0.131392	0.985116
-0.117468	0.13712	0.983565
-0.108094	0.190705	0.975678
-0.0821369	0.151351	0.985062
-0.093274	0.152498	0.983892
-0.0908916	0.174393	0.980472
-0.0875921	0.178035	0.980118
-0.0764162	0.158896	0.984334
-0.122554	0.151012	0.980906
-0.116528	0.204631	0.971878
-0.0750737	0.147915	0.986147
-0.0748264	0.200127	0.976908
-0.079409	0.181249	0.980226
-0.0820646	0.172959	0.981504
-0.0540639	0.158076	0.985946
-0.126094	0.177566	0.975997
-0.114561	0.220613	0.96861
-0.0706243	0.161982	0.984263
-0.0645498	0.224847	0.972254
-0.0761492	0.212523	0.974184
-0.0852074	0.165288	0.982558
-0.048151	0.166402	0.984882
-0.127147	0.189578	0.973598
-0.109044	0.195515	0.97462
-0.0780802	0.152135	0.985271
-0.0832628	0.126569	0.988457
-0.0933802	0.16258	0.982267
-0.0942016	0.143966	0.985089
-0.0706618	0.163319	0.98404
-0.126553	0.177631	0.975926
-0.105669	0.147507	0.9834
-0.100394	0.133134	0.986
-0.0843548	0.0810481	0.993134
-0.105185	0.141621	0.984317
-0.10532	0.136096	0.985081
-0.103194	0.17661	0.978856
-0.128897	0.146878	0.98072
-0.15392	0.148462	0.976866
-0.102462	0.151537	0.983127
-0.0997489	0.0654451	0.992858
-0.107584	0.147089	0.983255
-0.107065	0.122699	0.986652
-0.135718	0.188307	0.972688
-0.0977186	0.167804	0.980965
-0.0830145	0.139263	0.98677
-0.1407	0.189842	0.971681
-0.193714	0.182023	0.964024
-0.11391	0.199775	0.973198
-0.105857	0.119892	0.987127
-0.117901	0.133588	0.983999
-0.105604	0.169187	0.97991
-0.082716	0.166692	0.982533
-0.131843	0.152419	0.979483
-0.193235	0.182567	0.964017
-0.101286	0.211661	0.972081
-0.100309	0.20689	0.973208
-0.110167	0.135001	0.984702
-0.111058	0.18178	0.977048
-0.0791243	0.188418	0.978896
-0.123343	0.134881	0.983155
-0.142492	0.17963	0.97336
-0.0840973	0.185235	0.979089
-0.104188	0.1827	0.977633
-0.114431	0.135759	0.984111
-0.108727	0.190204	0.975705
-0.0781598	0.178675	0.980799
-0.0908696	0.166099	0.981913
-0.0647843	0.207206	0.97615
-0.0550209	0.183041	0.981564
-0.0858348	0.15674	0.983903
-0.114128	0.163072	0.979991
-0.106831	0.191954	0.975572
-0.0744053	0.154519	0.985184
-0.0755796	0.147749	0.986133
-0.0522817	0.223291	0.973349
-0.0508462	0.171257	0.983913
-0.0601619	0.145779	0.987486
-0.113695	0.196096	0.973971
-0.0998599	0.20433	0.973795
-0.106519	0.194073	0.975187
-0.0781632	0.139615	0.987116
-0.0737759	0.207452	0.975459
-0.0515555	0.164132	0.98509
-0.059483	0.153044	0.986428
-0.120251	0.217998	0.968513
-0.122316	0.220152	0.967767
-0.119134	0.169339	0.978331
-0.0738986	0.11749	0.990321
-0.105965	0.169608	0.979798
-0.0628244	0.143743	0.987619
-0.0791855	0.160713	0.98382
-0.106178	0.18934	0.976154
-0.126697	0.1926	0.973064
-0.118557	0.165593	0.979042
-0.0734179	0.0987442	0.992401
-0.112474	0.151395	0.982053
-0.0824626	0.140791	0.986599
-0.0822784	0.134315	0.987517
-0.13488	0.196895	0.971102
-0.151742	0.183081	0.971316
-0.116061	0.190898	0.974725
-0.0957725	0.102822	0.990078
-0.104811	0.162775	0.98108
-0.137845	0.186072	0.972819
-0.116524	0.157968	0.980545
-0.119024	0.145087	0.982234
-0.0995386	0.172822	0.979911
-0.146689	0.187341	0.97128
-0.162363	0.219174	0.962082
-0.183018	0.210014	0.960416
-0.130477	0.185617	0.973921
-0.129421	0.165492	0.977682
-0.126493	0.13309	0.982999
-0.110268	0.190115	0.97555
-0.142889	0.153948	0.977692
-0.135139	0.128324	0.982482
-0.152503	0.181528	0.971489
-0.118732	0.172491	0.977829
-0.126862	0.157116	0.979398
-0.128275	0.130015	0.983179
-0.104597	0.196466	0.974916
-0.094397	0.188163	0.977591
-0.0923814	0.145908	0.984975
-0.09876	0.17351	0.979868
-0.126007	0.140736	0.981996
-0.125114	0.147801	0.981072
-0.109768	0.136981	0.984473
-0.10381	0.1518	0.982945
-0.0821848	0.162484	0.983283
-0.0603813	0.168314	0.983882
-0.0655871	0.174495	0.982471
-0.107289	0.128118	0.985939
-0.118112	0.171462	0.978085
-0.115081	0.210412	0.970816
-0.0867597	0.180819	0.979682
-0.0725608	0.142471	0.987136
-0.0500933	0.183207	0.981797
-0.049323	0.165504	0.984975
-0.0792586	0.128446	0.988544
-0.0698244	0.142466	0.987334
-0.108792	0.238517	0.965025
-0.0919471	0.194167	0.97665
-0.061091	0.125481	0.990213
-0.0750581	0.185591	0.979756
-0.0353657	0.169054	0.984972
-0.0355902	0.151346	0.98784
-0.0870562	0.164047	0.982604
-0.0998514	0.245815	0.96416
-0.10894	0.187692	0.976168
-0.061564	0.127404	0.989938
-0.115141	0.174389	0.977922
-0.12992	0.15549	0.979257
-0.0598063	0.15195	0.986577
-0.112746	0.190421	0.975207
-0.0973826	0.228675	0.96862
-0.11732	0.186201	0.975482
-0.0727258	0.136571	0.987957
-0.0925231	0.1502	0.984317
-0.121237	0.143331	0.982221
-0.0778057	0.157455	0.984456
-0.142672	0.198422	0.969677
-0.121418	0.221895	0.967481
-0.131049	0.188495	0.973291
-0.117421	0.173312	0.977842
-0.140806	0.136392	0.980597
-0.122111	0.163094	0.979025
-0.150189	0.164248	0.974918
-0.113108	0.216364	0.969739
-0.157419	0.148707	0.976271
-0.152026	0.135678	0.97902
-0.128917	0.177894	0.975569
-0.135603	0.114174	0.984163
-0.135778	0.169207	0.976183
-0.140191	0.146368	0.979246
-0.131301	0.19601	0.971772
-0.125308	0.163827	0.978498
-0.139291	0.128441	0.981886
-0.126043	0.171064	0.977164
-0.125557	0.0944277	0.987582
-0.129801	0.165844	0.977572
-0.128745	0.124896	0.983781
-0.105664	0.115912	0.987623
-0.100061	0.141712	0.984838
-0.134491	0.112902	0.984462
-0.112995	0.156077	0.981261
-0.111134	0.102722	0.988482
-0.110244	0.153829	0.981928
-0.0955875	0.137061	0.98594
-0.0808998	0.124176	0.988957
-0.0768935	0.135801	0.987748
-0.123825	0.104349	0.986802
-0.0935833	0.151247	0.984056
-0.0943965	0.122383	0.987984
-0.0860948	0.142969	0.985975
-0.0745046	0.125309	0.989316
-0.0704675	0.135071	0.988327
-0.0599633	0.141227	0.98816
-0.105171	0.112349	0.988087
-0.0724272	0.161562	0.984201
-0.0666525	0.179424	0.981511
-0.0832674	0.167716	0.982313
-0.0579989	0.123567	0.99064
-0.0874435	0.150462	0.984741
-0.0501511	0.148551	0.987632
-0.106645	0.128407	0.985971
-0.112566	0.146925	0.982722
-0.0675758	0.197865	0.977897
-0.0993953	0.171458	0.980165
-0.0571479	0.127278	0.990219
-0.112777	0.156428	0.98123
-0.0532196	0.165301	0.984806
-0.0670095	0.168711	0.983385
-0.123562	0.163597	0.978759
-0.0657595	0.205978	0.976345
-0.125979	0.179847	0.975594
-0.077083	0.146531	0.986198
-0.132153	0.157885	0.978574
-0.135893	0.149572	0.979368
-0.0966962	0.165264	0.981498
-0.144238	0.171474	0.974573
-0.0814834	0.218521	0.972424
-0.148794	0.17123	0.973931
-0.104348	0.158369	0.981851
-0.0980917	0.206395	0.97354
-0.164951	0.15623	0.97385
-0.134934	0.149673	0.979485
-0.157814	0.131016	0.978739
-0.137261	0.149248	0.979227
-0.152742	0.15811	0.975536
-0.149508	0.140916	0.978667
-0.117491	0.185569	0.975582
-0.160948	0.126264	0.978853
-0.139513	0.15216	0.97846
-0.150902	0.104657	0.982993
-0.14364	0.140013	0.979675
-0.138375	0.138955	0.980584
-0.134185	0.119929	0.983672
-0.111535	0.148917	0.982539
-0.148781	0.104294	0.983355
-0.126732	0.140636	0.981917
-0.130812	0.0866163	0.987616
-0.121597	0.0914642	0.988356
-0.121416	0.12018	0.985299
-0.112808	0.0997184	0.9886
-0.0925487	0.128013	0.987445
-0.129419	0.100456	0.986488
-0.0959867	0.127177	0.987225
-0.07459	0.121684	0.989762
-0.107065	0.110247	0.988121
-0.099892	0.108222	0.989095
-0.0963099	0.100891	0.990225
-0.0770012	0.120208	0.989758
-0.118843	0.0963357	0.988229
-0.114414	0.092573	0.989111
-0.0586385	0.124828	0.990444
-0.0930732	0.128379	0.987348
-0.0757272	0.101095	0.991991
-0.0875168	0.122174	0.988643
-0.068923	0.126034	0.989629
-0.0645245	0.139786	0.988077
-0.110732	0.107572	0.988011
-0.0534696	0.142052	0.988414
-0.088301	0.149811	0.984764
-0.0591272	0.107309	0.992466
-0.0932012	0.143691	0.985224
-0.111396	0.154545	0.981686
-0.0682548	0.166296	0.983711
-0.115336	0.140106	0.983396
-0.0565655	0.168387	0.984097
-0.0966853	0.161634	0.982103
-0.0620505	0.114735	0.991456
-0.0804416	0.126883	0.988651
-0.132115	0.164272	0.977528
-0.0829679	0.176878	0.98073
-0.127206	0.164686	0.978109
-0.0659903	0.189233	0.979712
-0.127041	0.1779	0.975814
-0.154427	0.1756	0.972274
-0.116176	0.138739	0.983491
-0.148512	0.154618	0.976748
-0.109091	0.168441	0.979656
-0.138916	0.171108	0.97541
-0.0836129	0.203704	0.975455
-0.135665	0.130776	0.982086
-0.149521	0.152402	0.976943
-0.108612	0.181197	0.977431
-0.162684	0.155966	0.974273
-0.154851	0.135902	0.978546
-0.170919	0.130842	0.976559
-0.16372	0.11164	0.98017
-0.142689	0.112835	0.983315
-0.150718	0.132807	0.979615
-0.123473	0.160045	0.979357
-0.163312	0.133186	0.977543
-0.142006	0.129964	0.981297
-0.117895	0.117917	0.986
-0.144698	0.100293	0.98438
-0.13413	0.105767	0.985303
-0.139506	0.105153	0.984622
-0.113018	0.130499	0.984986
-0.151784	0.109728	0.982304
-0.137467	0.102257	0.985214
-0.0874331	0.0996027	0.991178
-0.129319	0.102219	0.98632
-0.11761	0.0992438	0.988088
-0.125772	0.0883485	0.988117
-0.0905385	0.11381	0.989368
-0.0808589	0.110336	0.9906
-0.122689	0.0959001	0.987801
-0.0670687	0.0866655	0.993977
-0.120081	0.110421	0.986604
-0.0974694	0.0911338	0.991057
-0.11618	0.0917436	0.988982
-0.11263	0.114018	0.987074
-0.0792007	0.110745	0.990688
-0.117767	0.0882477	0.989112
-0.0609349	0.0865473	0.994382
-0.106447	0.120706	0.986965
-0.074362	0.0909074	0.993079
-0.0632922	0.0925304	0.993696
-0.107344	0.138482	0.98453
-0.0787683	0.125785	0.988926
-0.12224	0.0993683	0.987514
-0.0640113	0.107971	0.992091
-0.100563	0.139321	0.985128
-0.105486	0.147019	0.983493
-0.0717797	0.106876	0.991678
-0.124051	0.15633	0.979884
-0.0809037	0.15221	0.985031
-0.11928	0.127681	0.984617
-0.0715032	0.138839	0.98773
-0.0719551	0.165753	0.983539
-0.119326	0.172648	0.977729
-0.102765	0.118853	0.98758
-0.153153	0.160197	0.975131
-0.0992351	0.160731	0.981997
-0.128859	0.151296	0.980053
-0.137662	0.161328	0.977253
-0.0908277	0.186349	0.978276
-0.143088	0.174639	0.97418
-0.135334	0.125776	0.982784
-0.167471	0.151716	0.974133
-0.120205	0.152616	0.980948
-0.150686	0.139651	0.978668
-0.177484	0.135215	0.97479
-0.133473	0.107408	0.985215
-0.147046	0.143261	0.9787
-0.115609	0.148727	0.982097
-0.150091	0.139037	0.978847
-0.156473	0.12677	0.979513
-0.138365	0.130906	0.981692
-0.167164	0.112919	0.979441
-0.132161	0.0942789	0.986734
-0.149572	0.118318	0.981646
-0.129422	0.128179	0.98327
-0.124225	0.118016	0.985211
-0.144976	0.113477	0.982906
-0.106836	0.111361	0.988021
-0.150122	0.105323	0.983041
-0.122597	0.0881545	0.988534
-0.142129	0.0937176	0.985402
-0.140205	0.0819316	0.986727
-0.106961	0.112602	0.987866
-0.129907	0.105601	0.985887
-0.0832055	0.092328	0.992246
-0.127768	0.107869	0.985921
-0.105044	0.0916766	0.990233
-0.0903454	0.0922721	0.991627
-0.129626	0.0859303	0.987833
-0.0948332	0.111704	0.989206
-0.122705	0.105957	0.986771
-0.0781877	0.0801191	0.993714
-0.119985	0.115075	0.986084
-0.114074	0.122545	0.985885
-0.0819962	0.0966288	0.991937
-0.1246	0.110376	0.986049
-0.0947786	0.110466	0.98935
-0.114141	0.102238	0.98819
-0.0749347	0.0832332	0.993709
-0.073844	0.0990232	0.992341
-0.103809	0.133926	0.985539
-0.0804808	0.103435	0.991375
-0.124659	0.138816	0.982441
-0.0920854	0.122281	0.988214
-0.118193	0.107388	0.987167
-0.117749	0.122691	0.985435
-0.0821237	0.127626	0.988417
-0.108478	0.137471	0.984548
-0.0864407	0.11098	0.990056
-0.133128	0.155879	0.978764
-0.0904575	0.141208	0.985839
-0.09573	0.137353	0.985885
-0.12495	0.138567	0.982439
-0.088517	0.154384	0.984038
-0.125536	0.156546	0.97966
-0.112221	0.127687	0.985445
-0.158527	0.157481	0.974715
-0.172858	0.150142	0.973436
-0.120489	0.129145	0.984278
-0.136376	0.150596	0.979144
-0.100714	0.162417	0.981569
-0.135173	0.160264	0.977775
-0.141844	0.132483	0.980983
-0.107807	0.112908	0.98774
-0.137639	0.116241	0.983638
-0.136135	0.131869	0.981875
-0.170699	0.131499	0.976509
-0.119861	0.0903011	0.988675
-0.13785	0.12851	0.982081
-0.143395	0.115741	0.982874
-0.123202	0.100584	0.987271
-0.139383	0.108386	0.984289
-0.122274	0.124425	0.984666
-0.155869	0.115568	0.980994
-0.116267	0.0857037	0.989513
-0.107169	0.0887931	0.990268
-0.134954	0.102017	0.985586
-0.121187	0.0997483	0.987605
-0.126283	0.107943	0.986104
-0.101924	0.116994	0.987889
-0.139414	0.11056	0.984043
-0.12446	0.11308	0.98576
-0.0964351	0.0950143	0.990794
-0.12923	0.0983751	0.986723
-0.1103	0.109005	0.987903
-0.116126	0.111881	0.986913
-0.0861372	0.104413	0.990797
-0.0851053	0.0954147	0.991793
-0.108863	0.124164	0.986272
-0.0904782	0.105577	0.990286
-0.123013	0.107274	0.98659
-0.104004	0.120212	0.987285
-0.112779	0.125248	0.985695
-0.112626	0.128397	0.985307
-0.0799224	0.102003	0.991568
-0.101387	0.134364	0.985732
-0.093093	0.12	0.9884
-0.113328	0.122881	0.98593
-0.0998296	0.122639	0.987418
-0.09301	0.123198	0.988014
-0.10958	0.124892	0.986101
-0.07674	0.117912	0.990054
-0.10543	0.144775	0.983832
-0.0972932	0.13005	0.986722
-0.109916	0.141797	0.983774
-0.123066	0.156944	0.97991
-0.0901859	0.131757	0.987171
-0.108574	0.125143	0.98618
-0.0812764	0.127471	0.988507
-0.112466	0.138327	0.98398
-0.0970847	0.128928	0.98689
-0.105839	0.134024	0.98531
-0.145136	0.156935	0.976886
-0.0929953	0.121234	0.988258
-0.119494	0.131636	0.98407
-0.089756	0.128239	0.987673
-0.130944	0.136057	0.982009
-0.134051	0.129019	0.98254
-0.126805	0.137256	0.982385
-0.165462	0.145987	0.975351
-0.105758	0.104584	0.988877
-0.129101	0.135119	0.982383
-0.101051	0.123504	0.987186
-0.118779	0.0926736	0.988586
-0.116901	0.122227	0.985594
-0.111275	0.0922957	0.989494
-0.130936	0.108572	0.985428
-0.12601	0.109391	0.985979
-0.156682	0.132854	0.978673
-0.138189	0.120313	0.983071
-0.122193	0.0949492	0.987954
-0.119934	0.113975	0.986218
-0.114368	0.0950944	0.988877
-0.129307	0.108928	0.985604
-0.121889	0.104971	0.986977
-0.110417	0.109186	0.98787
-0.122961	0.116715	0.985524
-0.109054	0.103517	0.988631
-0.110655	0.11597	0.98707
-0.111981	0.102007	0.988461
-0.113322	0.119494	0.986346
-0.108157	0.134253	0.985027
-0.0990513	0.110132	0.988969
-0.111574	0.12091	0.986373
-0.0945257	0.117047	0.988618
-0.105111	0.118647	0.987357
-0.107921	0.114237	0.987574
-0.108855	0.128178	0.985759
-0.11021	0.149591	0.982587
-0.0876308	0.11254	0.989776
-0.100704	0.148455	0.983778
-0.0940637	0.129455	0.987114
-0.100441	0.129386	0.986494
-0.0940745	0.141471	0.985462
-0.111167	0.13543	0.984531
-0.108442	0.162969	0.980653
-0.0747236	0.128876	0.988841
-0.0918703	0.162708	0.982388
-0.10345	0.144744	0.984046
-0.104815	0.148165	0.983393
-0.0881948	0.151185	0.984563
-0.103611	0.133225	0.985655
-0.103117	0.155358	0.982462
-0.0766353	0.14052	0.987107
-0.100332	0.167242	0.980797
-0.109431	0.149837	0.982636
-0.100542	0.139879	0.985051
-0.102154	0.160369	0.981757
-0.0964307	0.128868	0.986962
-0.0964471	0.136799	0.985892
-0.0835495	0.129822	0.988011
-0.0877855	0.110615	0.989979
-0.11885	0.129057	0.984489
-0.10204	0.129284	0.986344
-0.130831	0.159066	0.978561
-0.099221	0.11432	0.988477
-0.103667	0.126433	0.986543
-0.108997	0.129046	0.98563
-0.103588	0.0961025	0.989967
-0.128217	0.113467	0.985234
-0.111641	0.117844	0.986737
-0.152045	0.149185	0.97705
-0.111968	0.0995609	0.988712
-0.121477	0.090897	0.988424
-0.142905	0.14182	0.979523
-0.136776	0.11806	0.983542
-0.105915	0.123149	0.98672
-0.116306	0.0898624	0.98914
-0.125309	0.114242	0.985518
-0.129116	0.128085	0.983323
-0.124643	0.0925833	0.987873
-0.126964	0.118255	0.984833
-0.135564	0.119036	0.983592
-0.100809	0.124208	0.987122
-0.118079	0.107989	0.987115
-0.119951	0.112442	0.986392
-0.114654	0.139209	0.983603
-0.118773	0.111188	0.986676
-0.114271	0.114772	0.986798
-0.116338	0.129325	0.984754
-0.0936854	0.136665	0.986177
-0.0898269	0.138235	0.986317
-0.11884	0.120775	0.985541
-0.108311	0.153892	0.982133
-0.104075	0.120584	0.987232
-0.107401	0.132169	0.985391
-0.0984066	0.139388	0.985336
-0.0934708	0.148973	0.984414
-0.0812969	0.144389	0.986176
-0.120209	0.135151	0.983506
-0.113271	0.176149	0.977825
-0.0898691	0.126136	0.987934
-0.096493	0.167348	0.981164
-0.0903664	0.185626	0.978456
-0.0968452	0.162319	0.981974
-0.0726186	0.158072	0.984754
-0.120497	0.148891	0.981485
-0.108204	0.188458	0.976102
-0.0730272	0.13985	0.987476
-0.0782474	0.14759	0.985949
-0.0909127	0.178111	0.979802
-0.0992141	0.157226	0.982566
-0.0677077	0.164113	0.984115
-0.113359	0.152502	0.981781
-0.100537	0.172383	0.979886
-0.0919312	0.141787	0.985619
-0.0877761	0.12865	0.987798
-0.0992284	0.147164	0.984122
-0.100385	0.139187	0.985165
-0.0830163	0.160366	0.98356
-0.107436	0.137362	0.984677
-0.107568	0.124991	0.98631
-0.0991481	0.120115	0.987797
-0.0969951	0.0965359	0.990592
-0.108927	0.123681	0.986325
-0.102566	0.121947	0.987223
-0.111243	0.155196	0.9816
-0.13415	0.155133	0.978743
-0.127146	0.120755	0.984506
-0.103576	0.11954	0.987412
-0.107696	0.0779862	0.99112
-0.116826	0.110178	0.987022
-0.113052	0.106204	0.987897
-0.114329	0.0973995	0.988657
-0.113544	0.130026	0.984988
-0.116509	0.103485	0.987784
-0.131127	0.162109	0.978022
-0.15484	0.142177	0.977655
-0.107638	0.151903	0.982517
-0.0987421	0.166621	0.981065
-0.117774	0.11819	0.985982
-0.117639	0.144755	0.98245
-0.118205	0.115495	0.98625
-0.124716	0.13356	0.983162
-0.155356	0.141895	0.977615
-0.128086	0.14747	0.980738
-0.0935148	0.169503	0.981083
-0.119788	0.129663	0.984296
-0.112526	0.164302	0.979971
-0.114439	0.130789	0.984783
-0.111115	0.122952	0.986172
-0.0993086	0.149908	0.9837
-0.0962853	0.155743	0.983094
-0.0913119	0.161917	0.982571
-0.115231	0.135661	0.984032
-0.10927	0.171077	0.97918
-0.0967034	0.135243	0.986082
-0.0825876	0.130123	0.988052
-0.0894406	0.179396	0.979703
-0.0791602	0.159806	0.983969
-0.0763276	0.162876	0.98369
-0.111597	0.14977	0.982403
-0.110869	0.18624	0.976229
-0.110553	0.195854	0.974382
-0.0701843	0.142289	0.987334
-0.082556	0.195871	0.977148
-0.0773427	0.167262	0.982874
-0.0631485	0.162298	0.984719
-0.106064	0.167516	0.980147
-0.100305	0.176172	0.979236
-0.108334	0.180101	0.977664
-0.0709081	0.14593	0.98675
-0.0852023	0.182877	0.979437
-0.077131	0.158447	0.98435
-0.0616995	0.15845	0.985437
-0.0793285	0.164382	0.983202
-0.100243	0.165332	0.98113
-0.10378	0.141424	0.984494
-0.0813759	0.121836	0.989209
-0.0965157	0.144431	0.984797
-0.0870374	0.140093	0.986305
-0.0937331	0.130546	0.987001
-0.102431	0.160821	0.981654
-0.106303	0.141539	0.984209
-0.108357	0.127729	0.985872
-0.0932047	0.0942725	0.991174
-0.109602	0.127795	0.985726
-0.107672	0.123432	0.986494
-0.104785	0.113161	0.988036
-0.126466	0.16547	0.978073
-0.13076	0.137773	0.981794
-0.109928	0.136934	0.984462
-0.107737	0.0834047	0.990675
-0.156818	0.168394	0.973166
-0.116768	0.179654	0.976775
-0.109853	0.130591	0.985332
-0.103617	0.151321	0.983039
-0.099896	0.138441	0.98532
-0.12849	0.173777	0.976367
-0.124817	0.149446	0.98086
-0.168467	0.171716	0.970635
-0.107046	0.189111	0.976104
-0.115416	0.144307	0.982779
-0.106996	0.160106	0.981284
-0.105066	0.157899	0.98185
-0.108664	0.165722	0.980168
-0.119516	0.131894	0.984033
-0.133368	0.168003	0.976723
-0.103755	0.18866	0.976546
-0.112226	0.145243	0.983011
-0.108506	0.167884	0.979817
-0.109812	0.172344	0.978897
-0.0903261	0.160287	0.982929
-0.0931872	0.157877	0.983052
-0.09221	0.167847	0.981491
-0.10437	0.167721	0.980294
-0.108437	0.144601	0.98353
-0.104795	0.162255	0.981168
-0.106126	0.177282	0.978421
-0.0752531	0.143313	0.986812
-0.0715097	0.181815	0.980729
-0.0676051	0.162617	0.984371
-0.0875333	0.153252	0.984303
-0.070442	0.150398	0.986113
-0.0968676	0.187084	0.977556
-0.102934	0.185757	0.977189
-0.0671649	0.139819	0.987897
-0.0652269	0.187955	0.980009
-0.057476	0.165994	0.98445
-0.0492883	0.155466	0.986611
-0.0688898	0.149323	0.986386
-0.0964487	0.198314	0.975382
-0.1073	0.181361	0.977545
-0.0690281	0.138433	0.987963
-0.0837913	0.178557	0.980355
-0.105743	0.153271	0.98251
-0.0587309	0.136895	0.988843
-0.0890341	0.158371	0.983357
-0.101553	0.191464	0.976232
-0.113118	0.159935	0.980625
-0.0728875	0.113352	0.990878
-0.0794471	0.107398	0.991037
-0.117994	0.134442	0.983871
-0.0764085	0.132362	0.988252
-0.109176	0.171971	0.979033
-0.10789	0.170327	0.979463
-0.118709	0.154135	0.980893
-0.119725	0.170759	0.978012
-0.0983798	0.113269	0.988682
-0.109362	0.137668	0.984422
-0.0925646	0.132188	0.986893
-0.124832	0.17626	0.976396
-0.129677	0.16588	0.977583
-0.0978855	0.163993	0.981593
-0.133703	0.164264	0.977313
-0.138496	0.204876	0.96894
-0.135497	0.174325	0.975321
-0.114259	0.166312	0.979431
-0.116036	0.144451	0.982685
-0.117173	0.139607	0.98325
-0.10783	0.178885	0.977943
-0.133351	0.148358	0.979902
-0.157751	0.195391	0.967955
-0.128117	0.173273	0.976505
-0.119706	0.178203	0.976685
-0.121387	0.173511	0.977322
-0.116519	0.135387	0.983918
-0.108853	0.180707	0.977495
-0.125721	0.133461	0.983048
-0.137023	0.171509	0.975607
-0.119347	0.162631	0.979442
-0.125623	0.137375	0.982521
-0.11559	0.1608	0.980195
-0.105711	0.141706	0.984248
-0.0919276	0.172252	0.980754
-0.0945258	0.141676	0.98539
-0.0990125	0.159445	0.982229
-0.0733936	0.154874	0.985204
-0.107372	0.125357	0.986284
-0.106563	0.16919	0.979806
-0.0976337	0.150613	0.98376
-0.0778054	0.151422	0.985402
-0.0662804	0.152652	0.986055
-0.0608303	0.158367	0.985505
-0.0515436	0.156182	0.986383
-0.0887254	0.128719	0.987704
-0.0953463	0.18905	0.977328
-0.0903346	0.165747	0.982022
-0.0650001	0.135226	0.98868
-0.0602454	0.128845	0.989833
-0.0823898	0.167392	0.982442
-0.0362442	0.152892	0.987578
-0.0866527	0.137188	0.986748
-0.0891664	0.201702	0.97538
-0.099213	0.178379	0.978947
-0.110041	0.173673	0.978636
-0.0655711	0.122113	0.990348
-0.113629	0.158799	0.98075
-0.0419268	0.148275	0.988057
-0.0983966	0.154995	0.983003
-0.0886022	0.205688	0.974598
-0.0840725	0.198544	0.97648
-0.124895	0.174158	0.976765
-0.0778713	0.134476	0.987852
-0.128949	0.150104	0.980225
-0.0661028	0.149477	0.986553
-0.117767	0.170447	0.978304
-0.132634	0.176077	0.9754
-0.108545	0.202386	0.973272
-0.135463	0.173744	0.97543
-0.0946789	0.151649	0.983889
-0.121498	0.143214	0.982206
-0.0899452	0.157089	0.98348
-0.136908	0.153026	0.978693
-0.105171	0.192979	0.97555
-0.151245	0.15098	0.976898
-0.11715	0.183702	0.975976
-0.132054	0.129193	0.982787
-0.113417	0.159292	0.980695
-0.117042	0.168099	0.978797
-0.124634	0.152338	0.980438
-0.115605	0.181618	0.97655
-0.144323	0.138	0.979861
-0.120232	0.182072	0.975907
-0.122175	0.112849	0.986072
-0.113298	0.102631	0.988246
-0.112313	0.162705	0.980262
-0.113688	0.145158	0.982855
-0.112596	0.15468	0.981528
-0.131769	0.130501	0.982653
-0.111716	0.170762	0.978959
-0.102951	0.156912	0.982232
-0.10064	0.108219	0.98902
-0.0959499	0.150783	0.983899
-0.100052	0.126735	0.986878
-0.0967396	0.13427	0.986211
-0.119916	0.118024	0.985744
-0.114808	0.108126	0.987486
-0.0848662	0.145919	0.98565
-0.0915015	0.120085	0.988538
-0.0895501	0.133611	0.98698
-0.0806994	0.117582	0.989779
-0.0719366	0.122911	0.989807
-0.0622995	0.123566	0.990379
-0.106565	0.104187	0.988832
-0.0706775	0.148547	0.986376
-0.0932043	0.129387	0.987204
-0.0804912	0.123427	0.989084
-0.0736337	0.11085	0.991106
-0.0806501	0.115351	0.990045
-0.0593089	0.134716	0.989108
-0.113633	0.108999	0.987526
-0.0680357	0.156855	0.985275
-0.101128	0.140274	0.984935
-0.0800536	0.121601	0.989346
-0.0796275	0.123293	0.989171
-0.100587	0.135476	0.985661
-0.0647101	0.149116	0.9867
-0.127049	0.119973	0.984614
-0.0764658	0.165226	0.983287
-0.118417	0.147913	0.981885
-0.138732	0.156274	0.977922
-0.0939462	0.140514	0.985612
-0.118119	0.141341	0.982889
-0.0754391	0.157701	0.984601
-0.132548	0.135978	0.981805
-0.0846127	0.178035	0.98038
-0.09022	0.188575	0.977906
-0.149453	0.162835	0.975269
-0.109603	0.162205	0.980651
-0.131912	0.138659	0.981516
-0.0990728	0.159901	0.982149
-0.143265	0.148704	0.978449
-0.143691	0.120793	0.982223
-0.1244	0.147587	0.981195
-0.136346	0.149085	0.979379
-0.100854	0.179707	0.978537
-0.15429	0.144749	0.977365
-0.129621	0.153801	0.979563
-0.123979	0.156375	0.979886
-0.133369	0.107526	0.985216
-0.121808	0.140458	0.982565
-0.129955	0.140264	0.981549
-0.11229	0.166614	0.979607
-0.145386	0.121431	0.981895
-0.136183	0.113406	0.984171
-0.109832	0.140437	0.983979
-0.114668	0.0962378	0.988731
-0.113952	0.132622	0.984595
-0.113927	0.129067	0.98507
-0.104188	0.140443	0.984592
-0.0981707	0.128276	0.986868
-0.118445	0.113722	0.986427
-0.0857318	0.127001	0.988191
-0.101564	0.0977263	0.990017
-0.0983395	0.116869	0.988267
-0.101505	0.111779	0.988535
-0.0901303	0.107357	0.990127
-0.0766268	0.115176	0.990385
-0.111285	0.106646	0.98805
-0.0694793	0.117914	0.99059
-0.097455	0.10762	0.989404
-0.0896752	0.11084	0.989784
-0.0833692	0.10967	0.990466
-0.0803774	0.109486	0.990733
-0.0675312	0.112282	0.991379
-0.116072	0.0938667	0.988795
-0.0610884	0.117205	0.991227
-0.0952339	0.11582	0.988694
-0.102087	0.122511	0.987203
-0.083659	0.114153	0.989935
-0.0808835	0.113815	0.990204
-0.066695	0.125603	0.989836
-0.117844	0.0943101	0.988544
-0.0588384	0.125238	0.990381
-0.0641498	0.139393	0.988157
-0.110166	0.137005	0.984425
-0.0870982	0.118745	0.989097
-0.10243	0.129026	0.986337
-0.0763137	0.143727	0.98667
-0.130072	0.1121	0.985147
-0.132643	0.127785	0.982892
-0.0818755	0.161784	0.983424
-0.132154	0.153624	0.979252
-0.0996418	0.128145	0.986737
-0.124256	0.140085	0.982312
-0.0883907	0.162269	0.98278
-0.105843	0.159	0.981589
-0.136836	0.143914	0.980084
-0.0926351	0.176284	0.979971
-0.151229	0.158778	0.975664
-0.122623	0.140457	0.982464
-0.139997	0.137606	0.980543
-0.151209	0.14136	0.978342
-0.141477	0.127962	0.981636
-0.150461	0.115958	0.981792
-0.123862	0.122607	0.984696
-0.1317	0.13409	0.982179
-0.107254	0.151375	0.98264
-0.116845	0.144133	0.982636
-0.14782	0.130483	0.980369
-0.124744	0.122153	0.984641
-0.138264	0.0979253	0.985542
-0.117847	0.104938	0.987472
-0.127759	0.12343	0.984095
-0.118292	0.110495	0.986812
-0.10741	0.131461	0.985485
-0.135383	0.117657	0.983783
-0.103179	0.104031	0.989208
-0.120568	0.0916113	0.988469
-0.109493	0.09774	0.98917
-0.10215	0.0887393	0.990803
-0.109139	0.0984902	0.989135
-0.0940261	0.117004	0.98867
-0.118635	0.110755	0.986742
-0.0811059	0.0938642	0.992276
-0.106038	0.0972892	0.989591
-0.10421	0.106452	0.988842
-0.0934842	0.0897911	0.991564
-0.103078	0.0995055	0.989684
-0.0765722	0.103255	0.991703
-0.10661	0.103959	0.988851
-0.066669	0.0883955	0.993852
-0.062909	0.0892965	0.994016
-0.0995253	0.114322	0.988446
-0.0833683	0.0971509	0.991772
-0.100975	0.107606	0.989053
-0.0753581	0.098439	0.992286
-0.111315	0.0928822	0.989435
-0.120997	0.0906803	0.988502
-0.0654489	0.102923	0.992534
-0.0995722	0.117615	0.988055
-0.084023	0.104667	0.990952
-0.0997676	0.118147	0.987971
-0.0805022	0.111837	0.99046
-0.0845828	0.128914	0.988042
-0.122202	0.104968	0.986939
-0.0743925	0.124688	0.989403
-0.112532	0.131573	0.984899
-0.095441	0.114517	0.988826
-0.115294	0.132574	0.984445
-0.138249	0.136104	0.981001
-0.099601	0.145149	0.984384
-0.127977	0.12486	0.983886
-0.0884079	0.145704	0.98537
-0.126327	0.151315	0.98038
-0.117215	0.117901	0.986083
-0.135165	0.119934	0.983538
-0.151171	0.136523	0.979035
-0.117628	0.140812	0.983024
-0.134247	0.136731	0.98147
-0.100647	0.155605	0.982679
-0.142744	0.152723	0.977906
-0.130261	0.12496	0.983574
-0.110097	0.126996	0.985774
-0.142469	0.128002	0.981488
-0.139273	0.111945	0.983906
-0.151602	0.111215	0.982165
-0.119547	0.0958659	0.988189
-0.111022	0.0829415	0.990351
-0.12682	0.11082	0.985716
-0.122038	0.114108	0.985944
-0.141172	0.117572	0.982979
-0.125558	0.106127	0.986394
-0.139993	0.0942095	0.98566
-0.127309	0.0917325	0.987612
-0.107304	0.0734947	0.991506
-0.118501	0.0920355	0.988679
-0.116677	0.108354	0.987241
-0.128748	0.110609	0.985489
-0.102846	0.0894391	0.990668
-0.0928495	0.0812511	0.992359
-0.107548	0.0977158	0.989386
-0.100131	0.0712964	0.992417
-0.11863	0.0838585	0.989391
-0.103115	0.103331	0.989288
-0.10888	0.107115	0.988267
-0.102476	0.108361	0.988816
-0.0833988	0.0810274	0.993217
-0.102081	0.108858	0.988802
-0.0914523	0.0826487	0.992374
-0.11338	0.089622	0.989501
-0.0895625	0.0983659	0.991112
-0.0889713	0.091635	0.99181
-0.102069	0.104517	0.989271
-0.0786609	0.0887237	0.992945
-0.104506	0.119891	0.987271
-0.0885539	0.0991883	0.991121
-0.106788	0.108623	0.988331
-0.105946	0.124124	0.986594
-0.0925876	0.10657	0.989985
-0.112253	0.102394	0.98839
-0.0765985	0.105107	0.991507
-0.102038	0.125243	0.986865
-0.0949211	0.111388	0.989233
-0.101475	0.117865	0.987831
-0.119788	0.134766	0.98361
-0.0941978	0.122582	0.987978
-0.119828	0.112262	0.986427
-0.0868262	0.123911	0.988487
-0.116455	0.130606	0.984571
-0.129258	0.142116	0.981374
-0.12018	0.120681	0.98539
-0.145875	0.134377	0.980134
-0.101545	0.12574	0.986852
-0.125918	0.122209	0.984485
-0.100401	0.137826	0.985355
-0.102124	0.135915	0.985443
-0.134995	0.145073	0.980168
-0.140612	0.115038	0.983359
-0.157656	0.128759	0.979064
-0.118071	0.115318	0.986286
-0.132075	0.125474	0.983266
-0.145857	0.107898	0.983404
-0.115474	0.0883141	0.989377
-0.127014	0.109789	0.985806
-0.10779	0.10006	0.989125
-0.130092	0.104172	0.986014
-0.131703	0.104456	0.98577
-0.124593	0.101641	0.986988
-0.138267	0.0974966	0.985584
-0.108086	0.0789185	0.991004
-0.123232	0.100221	0.987304
-0.117786	0.089873	0.988964
-0.12736	0.0989772	0.986906
-0.119283	0.104702	0.987324
-0.115912	0.0988151	0.988332
-0.123872	0.0935814	0.987876
-0.099936	0.0733066	0.99229
-0.114595	0.0884852	0.989464
-0.122135	0.0899177	0.988432
-0.118101	0.0950657	0.988441
-0.103089	0.110953	0.988465
-0.10626	0.0900836	0.990249
-0.107959	0.103173	0.988787
-0.094009	0.0779641	0.992514
-0.111455	0.088757	0.989798
-0.10865	0.0966163	0.989374
-0.108555	0.099045	0.989144
-0.0970744	0.120373	0.987971
-0.0933527	0.0944295	0.991145
-0.0958327	0.118284	0.988345
-0.090692	0.0950266	0.991335
-0.0945436	0.1111	0.989302
-0.0981518	0.11572	0.98842
-0.100329	0.102259	0.989685
-0.102375	0.128424	0.986421
-0.0840179	0.108142	0.990579
-0.095162	0.132512	0.986603
-0.10243	0.135406	0.985481
-0.0998003	0.126011	0.986996
-0.0948187	0.13385	0.986455
-0.0944634	0.113298	0.98906
-0.104509	0.124472	0.986704
-0.0799157	0.126251	0.988774
-0.0884767	0.131003	0.987426
-0.113926	0.131678	0.984724
-0.103826	0.130273	0.986027
-0.114271	0.141933	0.983258
-0.0925959	0.120208	0.988421
-0.112394	0.117946	0.986639
-0.120149	0.117485	0.98578
-0.100963	0.127262	0.986717
-0.128723	0.12684	0.983535
-0.112671	0.12084	0.986257
-0.136405	0.13457	0.981471
-0.101527	0.112557	0.988445
-0.109712	0.102216	0.988694
-0.128992	0.115773	0.984864
-0.106297	0.114135	0.987762
-0.131003	0.117852	0.984352
-0.128869	0.11271	0.985236
-0.149777	0.120894	0.981301
-0.122877	0.0950712	0.987858
-0.131447	0.0961853	0.986646
-0.13365	0.105917	0.985352
-0.120019	0.0907835	0.988612
-0.119004	0.102113	0.987629
-0.118539	0.0864026	0.989183
-0.124805	0.090011	0.98809
-0.119146	0.0944703	0.988372
-0.138627	0.0930317	0.985965
-0.124488	0.098732	0.987297
-0.117297	0.0876628	0.98922
-0.114774	0.0980308	0.988543
-0.103382	0.0966164	0.989938
-0.130293	0.0906631	0.987322
-0.109483	0.107604	0.988147
-0.129837	0.0983896	0.986642
-0.113137	0.0986091	0.988674
-0.107914	0.0870485	0.990342
-0.0992466	0.094304	0.990584
-0.0932427	0.101965	0.990408
-0.127041	0.0976318	0.987081
-0.102658	0.127154	0.986556
-0.117286	0.0991778	0.988134
-0.0998255	0.110393	0.988862
-0.0908355	0.13313	0.986927
-0.0928515	0.113909	0.989143
-0.0876095	0.120131	0.988885
-0.114221	0.113198	0.986985
-0.101759	0.14132	0.98472
-0.0957689	0.107904	0.989538
-0.0821861	0.119855	0.989384
-0.0869392	0.147412	0.985247
-0.0958202	0.132715	0.986512
-0.0824397	0.142014	0.986426
-0.105962	0.1247	0.98652
-0.102286	0.157477	0.982211
-0.0976596	0.147683	0.984201
-0.0814831	0.133986	0.987628
-0.0956398	0.148985	0.984204
-0.0981838	0.143823	0.984721
-0.082271	0.151921	0.984963
-0.0968319	0.126379	0.987245
-0.0953232	0.123193	0.987794
-0.0977449	0.128088	0.986934
-0.0951255	0.128007	0.987201
-0.10892	0.136427	0.984644
-0.0982903	0.137896	0.985558
-0.0979208	0.147681	0.984176
-0.120287	0.13876	0.982994
-0.109669	0.11165	0.987678
-0.107815	0.118083	0.987133
-0.104342	0.106178	0.988857
-0.118752	0.11726	0.985976
-0.107492	0.121016	0.986813
-0.117796	0.106404	0.987321
-0.135383	0.124518	0.982938
-0.120973	0.103596	0.987235
-0.117343	0.112419	0.986708
-0.115562	0.0898975	0.989224
-0.12525	0.10177	0.986892
-0.122848	0.111059	0.986192
-0.128347	0.0857584	0.988014
-0.121935	0.097326	0.987755
-0.135544	0.0889074	0.986774
-0.126381	0.121766	0.98448
-0.131348	0.109858	0.98523
-0.1273	0.103016	0.9865
-0.114898	0.114565	0.986749
-0.134325	0.102414	0.985631
-0.124684	0.106959	0.986415
-0.146382	0.0894471	0.985176
-0.114418	0.109683	0.987359
-0.103982	0.103705	0.989158
-0.115652	0.104666	0.98776
-0.102235	0.121383	0.987327
-0.136305	0.107097	0.984861
-0.120096	0.118544	0.985659
-0.141562	0.100319	0.984833
-0.130203	0.101245	0.986305
-0.0976088	0.118827	0.988106
-0.102101	0.111179	0.988542
-0.0881319	0.130901	0.98747
-0.130157	0.112279	0.985116
-0.113909	0.136072	0.984129
-0.115109	0.150612	0.981869
-0.102502	0.108485	0.988799
-0.0923777	0.145651	0.985014
-0.0911215	0.135151	0.986626
-0.0783158	0.142865	0.986639
-0.117576	0.125959	0.985043
-0.111074	0.13516	0.984578
-0.110762	0.168469	0.979464
-0.0802719	0.123199	0.98913
-0.0868555	0.163067	0.982784
-0.0854442	0.152882	0.984544
-0.0685242	0.158926	0.98491
-0.0676358	0.167994	0.983465
-0.100303	0.142968	0.984632
-0.0969087	0.160752	0.982226
-0.0788963	0.133097	0.987958
-0.0884931	0.153907	0.984115
-0.0875884	0.155789	0.983899
-0.0878246	0.142271	0.985924
-0.0805527	0.156578	0.984375
-0.0977766	0.134988	0.986011
-0.0963027	0.133373	0.986376
-0.0940924	0.12017	0.988284
-0.099676	0.133391	0.986038
-0.104895	0.110943	0.988276
-0.100501	0.122027	0.987425
-0.106349	0.142199	0.984108
-0.111948	0.119233	0.986535
-0.109034	0.115915	0.987256
-0.11027	0.0916196	0.98967
-0.119805	0.0765088	0.989845
-0.115352	0.0951939	0.988753
-0.119944	0.103004	0.987423
-0.122993	0.133563	0.983379
-0.127097	0.115121	0.985187
-0.122367	0.112284	0.986113
-0.120001	0.142776	0.982453
-0.136663	0.134463	0.98145
-0.124906	0.137844	0.982546
-0.127816	0.109125	0.985776
-0.117502	0.119326	0.985878
-0.133044	0.1059	0.985436
-0.144479	0.105085	0.983912
-0.116725	0.128077	0.984871
-0.139712	0.127399	0.981962
-0.116788	0.154036	0.981139
-0.131591	0.127925	0.983015
-0.12264	0.123709	0.984711
-0.123545	0.131165	0.983632
-0.138634	0.112426	0.983942
-0.107358	0.122517	0.986643
-0.124488	0.128385	0.98388
-0.109097	0.156198	0.981682
-0.133196	0.133416	0.982069
-0.132003	0.132915	0.982298
-0.119986	0.13899	0.982998
-0.121974	0.114107	0.985952
-0.0954931	0.14215	0.985228
-0.0992903	0.134346	0.985948
-0.097975	0.151189	0.983638
-0.080914	0.153599	0.984815
-0.114755	0.143694	0.982946
-0.117235	0.151151	0.981534
-0.0937982	0.118783	0.98848
-0.0910508	0.158361	0.983174
-0.0822838	0.147538	0.985628
-0.0731293	0.155226	0.985168
-0.0641409	0.159567	0.985101
-0.0995365	0.156839	0.982595
-0.112912	0.171081	0.978766
-0.0749949	0.128736	0.988839
-0.0848892	0.164974	0.982638
-0.0891155	0.152751	0.984239
-0.0690288	0.156774	0.985219
-0.0657207	0.160104	0.98491
-0.0877262	0.159843	0.983237
-0.10199	0.16348	0.981261
-0.0693767	0.127979	0.989347
-0.0819008	0.111862	0.990343
-0.10118	0.132729	0.985974
-0.0741204	0.140636	0.987283
-0.0799631	0.153042	0.984979
-0.0870005	0.151706	0.984589
-0.102742	0.133892	0.985656
-0.112318	0.12255	0.986086
-0.102921	0.0947706	0.990165
-0.109151	0.114564	0.987401
-0.0923407	0.128057	0.987459
-0.101777	0.149161	0.983561
-0.10451	0.134174	0.985431
-0.11883	0.134087	0.983819
-0.125696	0.127544	0.983836
-0.118013	0.0906286	0.988868
-0.112609	0.112726	0.987224
-0.112684	0.115286	0.98692
-0.118768	0.149033	0.981674
-0.108781	0.136048	0.984712
-0.112127	0.12717	0.985523
-0.125646	0.153731	0.980092
-0.138739	0.164328	0.9766
-0.124114	0.168938	0.977781
-0.119393	0.150442	0.981383
-0.124328	0.163354	0.978702
-0.112851	0.13722	0.984091
-0.12372	0.1387	0.982576
-0.121863	0.151958	0.980846
-0.145496	0.162526	0.975918
-0.117442	0.179421	0.976737
-0.115577	0.175536	0.977665
-0.125072	0.156112	0.979789
-0.114341	0.140824	0.98341
-0.120074	0.147242	0.981785
-0.117966	0.141453	0.982891
-0.124553	0.14763	0.981169
-0.0985442	0.14373	0.984698
-0.106961	0.152089	0.982562
-0.122763	0.149189	0.981158
-0.111758	0.148595	0.982563
-0.105109	0.14004	0.984551
-0.0964723	0.152053	0.983653
-0.082029	0.157024	0.984182
-0.0763829	0.147542	0.986102
-0.0930109	0.139331	0.985868
-0.105315	0.154275	0.982399
-0.107415	0.153243	0.982333
-0.0821351	0.129283	0.9882
-0.0707502	0.125564	0.98956
-0.0774884	0.153824	0.985055
-0.0585214	0.148854	0.987126
-0.0774194	0.143504	0.986617
-0.0893629	0.167338	0.981841
-0.106808	0.164712	0.980542
-0.109443	0.166334	0.979977
-0.0670096	0.123215	0.990115
-0.0896804	0.14755	0.98498
-0.0518229	0.147499	0.987704
-0.0773089	0.144145	0.986532
-0.08357	0.171387	0.981653
-0.0844758	0.170672	0.9817
-0.113814	0.151142	0.981938
-0.074124	0.106798	0.991514
-0.110381	0.142004	0.983692
-0.0628556	0.132207	0.989227
-0.0913486	0.142913	0.985511
-0.108223	0.15171	0.982482
-0.100002	0.158564	0.982271
-0.123342	0.142421	0.982091
-0.0886568	0.107204	0.990276
-0.118656	0.12983	0.984411
-0.0866688	0.129734	0.987754
-0.0997989	0.125336	0.987082
-0.121519	0.151762	0.980919
-0.118995	0.155885	0.980582
-0.12866	0.157765	0.979059
-0.108843	0.124774	0.986197
-0.11514	0.132069	0.984531
-0.136079	0.167464	0.976442
-0.114768	0.184222	0.976161
-0.113455	0.132795	0.984629
-0.101403	0.153883	0.982872
-0.127667	0.154144	0.979766
-0.126912	0.187781	0.973977
-0.133855	0.180266	0.974467
-0.13072	0.172377	0.976319
-0.120201	0.194126	0.973585
-0.110203	0.128433	0.985576
-0.110731	0.163734	0.98027
-0.123102	0.154775	0.98025
-0.115177	0.148491	0.982184
-0.124578	0.159455	0.979313
-0.124446	0.158075	0.979554
-0.118477	0.179124	0.976667
-0.109954	0.127873	0.985677
-0.107674	0.164212	0.980531
-0.0967298	0.158886	0.982547
-0.0972974	0.141134	0.985198
-0.0984773	0.146029	0.984367
-0.117434	0.133394	0.984081
-0.110973	0.158488	0.981105
-0.099557	0.130335	0.986459
-0.0981099	0.139589	0.985337
-0.0825573	0.140946	0.986569
-0.0747884	0.135037	0.988014
-0.0738561	0.13885	0.987556
-0.104154	0.117444	0.987603
-0.0967788	0.156986	0.982848
-0.0846932	0.169359	0.981909
-0.0981048	0.153672	0.98324
-0.0717425	0.129228	0.989016
-0.0711309	0.129778	0.988988
-0.0585455	0.133874	0.989268
-0.0961208	0.120475	0.988052
-0.0940236	0.121863	0.988083
-0.0805396	0.180527	0.980267
-0.110657	0.15961	0.980958
-0.0697659	0.121149	0.99018
-0.0881514	0.134789	0.986945
-0.0514469	0.140386	0.988759
-0.0562363	0.137926	0.988845
-0.103025	0.127102	0.986525
-0.0842096	0.179959	0.980063
-0.124041	0.159269	0.979412
-0.0785952	0.117524	0.989955
-0.113046	0.143984	0.983102
-0.123845	0.142909	0.981957
-0.0745345	0.136138	0.987882
-0.121858	0.14294	0.982201
-0.0929436	0.18068	0.97914
-0.13371	0.159418	0.978114
-0.0920808	0.130482	0.987165
-0.101362	0.157644	0.98228
-0.123548	0.13736	0.982786
-0.0926271	0.144381	0.985177
-0.131687	0.155804	0.978971
-0.11254	0.181222	0.976982
-0.138234	0.164391	0.976661
-0.120632	0.191816	0.973989
-0.133035	0.118659	0.983983
-0.107943	0.157969	0.981526
-0.143652	0.148157	0.978475
-0.112508	0.168692	0.979227
-0.148065	0.140381	0.978964
-0.144561	0.134553	0.980305
-0.122736	0.184883	0.975066
-0.119915	0.0982295	0.987913
-0.109017	0.160625	0.980976
-0.120419	0.153028	0.980858
-0.10891	0.152266	0.982321
-0.108034	0.137031	0.984658
-0.129846	0.123743	0.983782
-0.117046	0.160435	0.980082
-0.103753	0.0900383	0.990519
-0.104129	0.150814	0.983063
-0.102007	0.149015	0.983559
-0.0916065	0.134736	0.986638
-0.0953793	0.116351	0.988618
-0.110089	0.108598	0.987971
-0.107475	0.143971	0.983728
-0.089324	0.0961118	0.991355
-0.0932775	0.136015	0.986306
-0.099827	0.12657	0.986922
-0.0798118	0.114145	0.990253
-0.0749439	0.100554	0.992105
-0.104306	0.101094	0.989394
-0.0931065	0.129803	0.987159
-0.0774414	0.106195	0.991325
-0.0903845	0.114151	0.989343
-0.10434	0.120906	0.987165
-0.0720266	0.0906929	0.993271
-0.0680657	0.106728	0.991956
-0.0977962	0.101837	0.989982
-0.0809664	0.127841	0.988484
-0.0743202	0.129254	0.988822
-0.110955	0.120836	0.986452
-0.108394	0.122032	0.98659
-0.0774788	0.0916516	0.992772
-0.0751592	0.119785	0.989951
-0.115913	0.100236	0.988189
-0.126203	0.093779	0.987562
-0.0829924	0.141804	0.98641
-0.137407	0.121173	0.983075
-0.106107	0.120874	0.986981
-0.0959078	0.108379	0.989472
-0.0816175	0.143344	0.986302
-0.084942	0.150135	0.98501
-0.1432	0.108759	0.9837
-0.0968968	0.15967	0.982403
-0.148601	0.134213	0.979747
-0.111041	0.133622	0.984792
-0.116107	0.123319	0.985551
-0.133851	0.122395	0.983414
-0.0989648	0.158686	0.982357
-0.155059	0.131874	0.979064
-0.103143	0.168984	0.980207
-0.15356	0.141986	0.977885
-0.121568	0.16455	0.978849
-0.112782	0.149744	0.982271
-0.141892	0.125317	0.981918
-0.128684	0.161443	0.978456
-0.131821	0.10223	0.985988
-0.116195	0.138246	0.983558
-0.137739	0.143184	0.980064
-0.117137	0.143545	0.982687
-0.113721	0.14312	0.98315
-0.13188	0.110938	0.985038
-0.122217	0.148696	0.981301
-0.11518	0.0866413	0.989559
-0.109975	0.131782	0.985159
-0.103918	0.125922	0.986582
-0.0961855	0.138894	0.985625
-0.110637	0.127583	0.985638
-0.113981	0.101433	0.988291
-0.107601	0.120204	0.986901
-0.0888205	0.0848484	0.992427
-0.0682965	0.0952592	0.993107
-0.0936067	0.108212	0.989711
-0.0837404	0.12569	0.988529
-0.0967937	0.11087	0.98911
-0.092466	0.107849	0.989858
-0.08603	0.110056	0.990195
-0.0741173	0.102637	0.991954
-0.0672493	0.1067	0.992014
-0.0912618	0.101223	0.990669
-0.0785314	0.114133	0.990357
-0.0766379	0.100074	0.992024
-0.0926464	0.106217	0.990017
-0.102104	0.102501	0.989479
-0.0627676	0.100165	0.992989
-0.0821403	0.108277	0.990721
-0.0967358	0.106504	0.989595
-0.077	0.0990306	0.992101
-0.0671872	0.100022	0.992714
-0.0747534	0.110359	0.991077
-0.120174	0.0938761	0.988304
-0.0624399	0.106499	0.99235
-0.106721	0.104068	0.988828
-0.102399	0.111867	0.988433
-0.079992	0.0908687	0.992645
-0.0961797	0.0962859	0.990696
-0.0826813	0.131697	0.987836
-0.1353	0.0936221	0.986371
-0.0740582	0.122647	0.989683
-0.124684	0.107226	0.986386
-0.110383	0.117602	0.986907
-0.111903	0.124596	0.985877
-0.118598	0.119348	0.985744
-0.0886844	0.143741	0.985634
-0.149397	0.107062	0.982964
-0.0959822	0.143015	0.985055
-0.138765	0.123552	0.982588
-0.146509	0.12539	0.98123
-0.128574	0.142814	0.981363
-0.135637	0.119652	0.983507
-0.102199	0.148547	0.98361
-0.147949	0.12969	0.980455
-0.108122	0.150614	0.982662
-0.121557	0.108932	0.986589
-0.129221	0.136363	0.982195
-0.120081	0.130594	0.984137
-0.131939	0.117089	0.984318
-0.134471	0.115753	0.984133
-0.125584	0.0939554	0.987624
-0.107018	0.0809952	0.990953
-0.11162	0.093746	0.989319
-0.109001	0.127986	0.985768
-0.116802	0.123673	0.985425
-0.123962	0.111083	0.98605
-0.119251	0.103632	0.987441
-0.106228	0.0823958	0.990922
-0.0887729	0.0808954	0.992761
-0.10377	0.0831828	0.991117
-0.0927438	0.115092	0.989016
-0.104651	0.117159	0.987584
-0.10472	0.109427	0.988463
-0.0860052	0.117461	0.989346
-0.0861109	0.0788216	0.993163
-0.0659031	0.0977896	0.993023
-0.0976742	0.0745135	0.992425
-0.0851986	0.105622	0.99075
-0.0874572	0.102682	0.990862
-0.0730787	0.0852988	0.993672
-0.0821065	0.117297	0.989697
-0.0720012	0.0798521	0.994203
-0.0711571	0.11215	0.99114
-0.0892756	0.0780766	0.992942
-0.0866217	0.107005	0.990478
-0.0832948	0.113604	0.990028
-0.0660647	0.0839784	0.994275
-0.0927498	0.109398	0.989661
-0.062944	0.0834675	0.994521
-0.0872726	0.11266	0.989794
-0.0914535	0.0928403	0.991472
-0.0947671	0.10162	0.990299
-0.0851576	0.108954	0.990392
-0.0791511	0.0939597	0.992425
-0.118175	0.0996209	0.987983
-0.0654346	0.0990875	0.992925
-0.10338	0.10776	0.988787
-0.119776	0.108788	0.986823
-0.110287	0.109965	0.987798
-0.104184	0.107744	0.988705
-0.086913	0.117322	0.989283
-0.125614	0.103989	0.986614
-0.0783351	0.117129	0.990022
-0.0990334	0.133192	0.98613
-0.1296	0.12599	0.98353
-0.121939	0.11319	0.986062
-0.130228	0.117091	0.984546
-0.100246	0.127208	0.986797
-0.136714	0.114417	0.983981
-0.138311	0.129065	0.981943
-0.115914	0.135974	0.983908
-0.133191	0.127285	0.982883
-0.133841	0.112775	0.984565
-0.137004	0.113214	0.98408
-0.116561	0.127981	0.984903
-0.129904	0.0878399	0.987628
-0.12768	0.0965861	0.987101
-0.119967	0.0886062	0.988816
-0.123042	0.120378	0.985073
-0.11569	0.10204	0.98803
-0.127984	0.112361	0.985391
-0.124568	0.112516	0.985811
-0.121669	0.0855432	0.988878
-0.108827	0.0862275	0.990314
-0.105591	0.0671528	0.99214
-0.106478	0.106004	0.988648
-0.118562	0.0939518	0.988492
-0.112824	0.0937507	0.989182
-0.104333	0.117761	0.987546
-0.109321	0.0695637	0.991569
-0.0984258	0.0850149	0.991506
-0.0988123	0.0538785	0.993646
-0.090903	0.0930005	0.991508
-0.0887333	0.0897853	0.992001
-0.0980799	0.0893429	0.99116
-0.0779993	0.117124	0.99005
-0.0964871	0.0675411	0.99304
-0.0844223	0.0959684	0.991798
-0.0972084	0.0532548	0.993838
-0.0924388	0.0601766	0.993898
-0.0866807	0.0958418	0.991615
-0.0839511	0.0780298	0.99341
-0.0780739	0.122696	0.989369
-0.0844162	0.0769052	0.993458
-0.0854922	0.115986	0.989565
-0.0986158	0.12594	0.987124
-0.0925812	0.0836085	0.992189
-0.0806135	0.118118	0.989722
-0.0734973	0.0822548	0.993898
-0.0848629	0.121628	0.988941
-0.0738502	0.0923469	0.992984
-0.0647318	0.107718	0.992072
-0.107679	0.121141	0.986778
-0.0973584	0.104343	0.989765
-0.084244	0.124297	0.988662
-0.0778665	0.099929	0.991943
-0.107566	0.115272	0.987493
-0.116047	0.115629	0.98649
-0.0804859	0.122975	0.989141
-0.12285	0.117114	0.985491
-0.105694	0.114949	0.987732
-0.103586	0.121024	0.98723
-0.088201	0.118913	0.988979
-0.097393	0.120902	0.987875
-0.127537	0.118058	0.984783
-0.102653	0.12979	0.986213
-0.134113	0.124867	0.983068
-0.120373	0.11085	0.98652
-0.132519	0.116869	0.984266
-0.142926	0.109001	0.983713
-0.118256	0.11432	0.986381
-0.130739	0.122543	0.983814
-0.114229	0.114542	0.986829
-0.132365	0.125726	0.983195
-0.129824	0.0944205	0.987031
-0.113497	0.0863586	0.989778
-0.117278	0.104848	0.987549
-0.131138	0.0818954	0.987976
-0.128346	0.0966024	0.987013
-0.120204	0.0829047	0.989281
-0.126226	0.104111	0.986523
-0.110752	0.0926162	0.989523
-0.120251	0.0843901	0.98915
-0.114556	0.105813	0.987765
-0.131701	0.0841092	0.987715
-0.121953	0.0882976	0.9886
-0.10616	0.0649741	0.992224
-0.0987081	0.0506652	0.993826
-0.0928419	0.0788609	0.992553
-0.127586	0.0826532	0.988378
-0.103166	0.11312	0.988211
-0.125869	0.0846541	0.988428
-0.111091	0.0886659	0.989847
-0.0953396	0.101083	0.990299
-0.0963536	0.0550707	0.993823
-0.0876941	0.0826778	0.99271
-0.119072	0.08374	0.989348
-0.0885547	0.116681	0.989214
-0.111582	0.0797189	0.990553
-0.100497	0.0837812	0.991404
-0.0852687	0.12222	0.988833
-0.0916672	0.0709895	0.993256
-0.0858302	0.098926	0.991386
-0.102684	0.0880571	0.990809
-0.080432	0.128529	0.988439
-0.0853942	0.131044	0.987692
-0.081543	0.105701	0.991049
-0.0900545	0.138867	0.986208
-0.091256	0.0993129	0.990863
-0.0802214	0.120727	0.989439
-0.0848764	0.104235	0.990924
-0.0780727	0.116916	0.990068
-0.0960009	0.125694	0.987413
-0.069338	0.127675	0.989389
-0.104025	0.136169	0.985209
-0.0937892	0.124152	0.987821
-0.0738996	0.133878	0.988239
-0.0904018	0.137506	0.986367
-0.0834007	0.12593	0.988527
-0.109334	0.118001	0.986976
-0.0846484	0.132266	0.987593
-0.115757	0.128773	0.984895
-0.0983405	0.12354	0.987455
-0.100691	0.111335	0.988669
-0.124018	0.129174	0.983836
-0.100878	0.120213	0.987609
-0.123837	0.11665	0.985422
-0.105463	0.120025	0.987153
-0.13343	0.122936	0.983404
-0.126947	0.117033	0.984981
-0.118901	0.0916588	0.988666
-0.138727	0.111639	0.984018
-0.116956	0.104509	0.987623
-0.131319	0.112297	0.984959
-0.115221	0.0965993	0.988632
-0.135531	0.0924166	0.986453
-0.131983	0.105823	0.985587
-0.127612	0.0811422	0.988499
-0.115466	0.101508	0.988111
-0.144001	0.0886542	0.985598
-0.122115	0.09772	0.987694
-0.116181	0.0906537	0.989082
-0.121134	0.0754551	0.989764
-0.115653	0.0946603	0.988769
-0.134071	0.0921317	0.98668
-0.116167	0.100804	0.988101
-0.157872	0.0875725	0.983569
-0.153287	0.0921075	0.98388
-0.106846	0.0901397	0.990181
-0.110395	0.067007	0.991626
-0.0967064	0.0891172	0.991315
-0.141242	0.0894849	0.985922
-0.10768	0.107543	0.988352
-0.101547	0.118486	0.98775
-0.129585	0.0914952	0.987338
-0.088802	0.102708	0.99074
-0.105564	0.0778753	0.991359
-0.0855325	0.0924676	0.992035
-0.127746	0.0910803	0.987616
-0.117565	0.100348	0.987982
-0.0907087	0.13277	0.986987
-0.103888	0.0957335	0.989971
-0.0794257	0.129398	0.988407
-0.094307	0.102357	0.990267
-0.0723885	0.115266	0.990693
-0.0610329	0.139774	0.988301
-0.0959981	0.122023	0.987874
-0.0888245	0.147465	0.985071
-0.0824438	0.116889	0.989717
-0.0736888	0.141518	0.987189
-0.0903739	0.130602	0.987307
-0.0892255	0.142347	0.985787
-0.059494	0.153822	0.986306
-0.0816586	0.137484	0.987132
-0.0895584	0.144775	0.985403
-0.0779602	0.135477	0.987709
-0.0865085	0.146167	0.98547
-0.0989775	0.13831	0.985431
-0.0938102	0.13596	0.986263
-0.0766975	0.151898	0.985416
-0.0919426	0.133645	0.986755
-0.0933781	0.132058	0.986834
-0.0975277	0.125406	0.9873
-0.11796	0.095902	0.988377
-0.118883	0.120975	0.985511
-0.102448	0.118665	0.987635
-0.112238	0.135507	0.984399
-0.115937	0.120462	0.985925
-0.113921	0.122735	0.985879
-0.129998	0.1191	0.984335
-0.129228	0.0782704	0.988521
-0.121191	0.109948	0.986521
-0.122956	0.0960187	0.987756
-0.126088	0.115705	0.985248
-0.137327	0.108641	0.98455
-0.160093	0.0901434	0.982977
-0.119593	0.116097	0.986012
-0.149517	0.114345	0.982125
-0.148559	0.11992	0.981606
-0.141041	0.0951864	0.985417
-0.12787	0.104868	0.986231
-0.135184	0.101227	0.985636
-0.170018	0.087173	0.981578
-0.109982	0.10601	0.988264
-0.136532	0.0942854	0.986139
-0.135035	0.117266	0.983877
-0.146809	0.111587	0.982851
-0.155119	0.105481	0.982248
-0.129976	0.100103	0.986451
-0.16478	0.0920583	0.982025
-0.0960879	0.103691	0.989957
-0.121041	0.0892541	0.988627
-0.113236	0.114763	0.986918
-0.0812681	0.113796	0.990175
-0.136932	0.0989126	0.98563
-0.123215	0.110243	0.986238
-0.139036	0.0969292	0.985532
-0.0878403	0.112405	0.989772
-0.110496	0.0905094	0.989747
-0.0994196	0.112109	0.98871
-0.0612161	0.128856	0.989772
-0.12222	0.112745	0.986079
-0.110064	0.134572	0.984772
-0.10941	0.104685	0.988469
-0.078339	0.134462	0.987817
-0.0694447	0.143611	0.987195
-0.0810825	0.146212	0.985925
-0.0503085	0.15449	0.986713
-0.103631	0.134167	0.985525
-0.101883	0.15543	0.982579
-0.0817901	0.119447	0.989466
-0.084095	0.125153	0.988567
-0.0754481	0.146157	0.98638
-0.076346	0.157183	0.984614
-0.0525556	0.166603	0.984622
-0.0863003	0.146791	0.985396
-0.088997	0.157272	0.983537
-0.0840714	0.142647	0.986197
-0.100423	0.116585	0.988091
-0.0893279	0.1373	0.986493
-0.0850473	0.144309	0.985871
-0.070549	0.159825	0.984621
-0.0979716	0.141998	0.985007
-0.125468	0.140425	0.982109
-0.112395	0.129735	0.985158
-0.125506	0.0852227	0.988426
-0.109654	0.12044	0.986646
-0.102759	0.124693	0.98686
-0.105419	0.142132	0.984218
-0.117138	0.131493	0.984372
-0.147972	0.129592	0.980464
-0.143148	0.126927	0.981529
-0.135367	0.0771369	0.987788
-0.123527	0.108276	0.986416
-0.134886	0.106059	0.985169
-0.13763	0.134228	0.981346
-0.135164	0.11103	0.984583
-0.150846	0.112363	0.982151
-0.123741	0.149015	0.981062
-0.143323	0.14485	0.979018
-0.153337	0.142976	0.977776
-0.145455	0.153126	0.977443
-0.147212	0.143885	0.978584
-0.141353	0.104071	0.984474
-0.160508	0.109009	0.980997
-0.120491	0.139007	0.982934
-0.140117	0.119285	0.982923
-0.128206	0.105665	0.986102
-0.126594	0.143773	0.98148
-0.154741	0.137778	0.978301
-0.136825	0.103387	0.985185
-0.156187	0.110953	0.981476
-0.103408	0.13693	0.985168
-0.0867003	0.140885	0.986222
-0.107509	0.107725	0.988351
-0.0959618	0.130471	0.986797
-0.141033	0.129326	0.981522
-0.129378	0.109842	0.985493
-0.132657	0.113268	0.984669
-0.113394	0.115337	0.986833
-0.0797613	0.141412	0.986732
-0.0904814	0.121946	0.988404
-0.0722633	0.140114	0.987495
-0.119539	0.134109	0.98373
-0.118963	0.12875	0.984516
-0.11586	0.151205	0.981689
-0.0867487	0.120124	0.988962
-0.073886	0.142193	0.987078
-0.0727483	0.149509	0.98608
-0.0603844	0.154133	0.986203
-0.0966928	0.147375	0.984343
-0.0804496	0.156129	0.984455
-0.10266	0.160596	0.981667
-0.0804301	0.124115	0.989003
-0.0816412	0.141853	0.986515
-0.0652191	0.153444	0.986003
-0.0550222	0.158548	0.985817
-0.0631791	0.157828	0.985443
-0.0835689	0.157841	0.983922
-0.0955805	0.143973	0.984955
-0.0901596	0.112985	0.989498
-0.0969875	0.132351	0.986446
-0.0741569	0.145636	0.986555
-0.0871142	0.136353	0.986823
-0.0937425	0.149051	0.984376
-0.115914	0.154438	0.981179
-0.119583	0.133124	0.983859
-0.114651	0.104739	0.987869
-0.11799	0.125036	0.985111
-0.126537	0.116288	0.985122
-0.121554	0.123787	0.984836
-0.117804	0.148628	0.981851
-0.136017	0.152034	0.978971
-0.146184	0.138637	0.979495
-0.129842	0.109499	0.98547
-0.131229	0.165935	0.977366
-0.152494	0.166985	0.974095
-0.12968	0.168868	0.97707
-0.125098	0.12462	0.984287
-0.128645	0.140299	0.981716
-0.131428	0.167535	0.977066
-0.127038	0.170639	0.97711
-0.135235	0.149873	0.979413
-0.145644	0.176214	0.973518
-0.138384	0.179032	0.974062
-0.124993	0.122812	0.984527
-0.139984	0.141089	0.98005
-0.141909	0.143926	0.979361
-0.119001	0.158744	0.980122
-0.122435	0.129365	0.984009
-0.129047	0.162038	0.97831
-0.14101	0.161003	0.976829
-0.123852	0.113051	0.98584
-0.124534	0.116232	0.985384
-0.125885	0.131031	0.983353
-0.0921915	0.154461	0.983688
-0.101748	0.124439	0.986997
-0.107555	0.136245	0.984819
-0.134543	0.146341	0.980042
-0.125343	0.14583	0.981337
-0.113721	0.129894	0.984985
-0.107106	0.123323	0.98657
-0.0778244	0.142534	0.986726
-0.0819137	0.127214	0.988487
-0.0910394	0.127957	0.987592
-0.0767212	0.137334	0.987549
-0.101369	0.157796	0.982255
-0.1123	0.146818	0.982768
-0.0856356	0.119943	0.98908
-0.0790018	0.130202	0.988335
-0.0654691	0.141742	0.987736
-0.0544962	0.140038	0.988645
-0.0645043	0.141585	0.987822
-0.0847429	0.165151	0.982621
-0.118454	0.158109	0.980291
-0.0805111	0.121409	0.989332
-0.088048	0.131806	0.987357
-0.105405	0.136629	0.984999
-0.0622378	0.135902	0.988765
-0.0728168	0.141659	0.987234
-0.0872909	0.164303	0.98254
-0.119416	0.148324	0.981702
-0.08421	0.108686	0.990503
-0.0926772	0.111841	0.989395
-0.121702	0.132894	0.98363
-0.0861705	0.139817	0.986421
-0.104362	0.147216	0.983583
-0.108247	0.160115	0.981145
-0.133394	0.145527	0.98032
-0.148877	0.154664	0.976686
-0.115718	0.138102	0.983635
-0.127667	0.127539	0.983583
-0.111542	0.14252	0.983487
-0.126004	0.154539	0.979919
-0.126426	0.163014	0.97849
-0.108921	0.156688	0.981624
-0.137367	0.153781	0.97851
-0.121585	0.173098	0.977371
-0.147567	0.164877	0.975213
-0.124972	0.186764	0.974424
-0.120582	0.121975	0.985181
-0.11634	0.110783	0.987012
-0.116209	0.16159	0.979992
-0.12778	0.165753	0.977854
-0.121994	0.163046	0.979047
-0.140229	0.169396	0.975521
-0.128565	0.193554	0.972629
-0.130436	0.175424	0.975814
-0.115765	0.104294	0.987786
-0.117819	0.15725	0.980506
-0.11351	0.158825	0.98076
-0.113673	0.143893	0.983043
-0.130215	0.148874	0.980245
-0.11671	0.122006	0.985644
-0.124671	0.154132	0.980153
-0.106682	0.106222	0.988603
-0.105171	0.142524	0.984188
-0.097005	0.141695	0.985146
-0.0917863	0.125652	0.987819
-0.0761493	0.116558	0.99026
-0.101524	0.104944	0.989282
-0.117182	0.149474	0.981797
-0.097761	0.120266	0.987916
-0.0960758	0.12856	0.987037
-0.082403	0.119224	0.989442
-0.0786622	0.101062	0.991766
-0.0670009	0.120907	0.9904
-0.0937337	0.112724	0.989195
-0.098852	0.153537	0.983186
-0.104619	0.135433	0.985248
-0.0920209	0.12146	0.988322
-0.0946036	0.121455	0.988078
-0.0861372	0.113874	0.989754
-0.0629282	0.13021	0.989487
-0.09446	0.116381	0.988703
-0.0870641	0.159623	0.983331
-0.123968	0.145598	0.981546
-0.140741	0.143586	0.979579
-0.0949875	0.11717	0.988559
-0.1012	0.128238	0.986567
-0.0693924	0.140253	0.987681
-0.101457	0.119358	0.987654
-0.0904875	0.159947	0.982969
-0.100173	0.164161	0.981334
-0.145474	0.149367	0.978022
-0.0999094	0.125444	0.987057
-0.120452	0.136154	0.983338
-0.0878812	0.141309	0.986057
-0.127004	0.130102	0.983333
-0.139612	0.144502	0.979606
-0.115222	0.168622	0.978923
-0.152729	0.15577	0.975915
-0.113363	0.159439	0.980677
-0.128114	0.131986	0.982938
-0.105071	0.153882	0.982487
-0.172842	0.124377	0.977065
-0.112576	0.137922	0.984024
-0.158336	0.131093	0.978644
-0.113836	0.201421	0.972867
-0.145213	0.0973978	0.984595
-0.110627	0.16045	0.980825
-0.118398	0.172071	0.977944
-0.126078	0.163841	0.978397
-0.109155	0.130862	0.985373
-0.153572	0.0995413	0.983111
-0.124505	0.170082	0.977533
-0.127773	0.0656004	0.989632
-0.108815	0.0513925	0.992733
-0.116696	0.150204	0.981744
-0.0946368	0.158274	0.98285
-0.11409	0.09904	0.988521
-0.137331	0.0821977	0.987109
-0.122452	0.143779	0.982005
-0.123192	0.121721	0.98489
-0.0767144	0.0735415	0.994337
-0.105964	0.131479	0.985639
-0.0728688	0.134517	0.988228
-0.098604	0.0802697	0.991884
-0.119462	0.0659385	0.990647
-0.11388	0.0647001	0.991385
-0.110706	0.114649	0.987218
-0.0610588	0.0956941	0.993536
-0.112579	0.112189	0.987289
-0.0606145	0.113181	0.991724
-0.0663221	0.058663	0.996072
-0.0737214	0.0722272	0.99466
-0.0975091	0.0982848	0.99037
-0.0968941	0.105305	0.989708
-0.0791328	0.107561	0.991044
-0.113212	0.109848	0.98748
-0.0626801	0.0860635	0.994316
-0.0685135	0.084113	0.994098
-0.0894233	0.11816	0.98896
-0.107263	0.101181	0.989069
-0.0781531	0.0978782	0.992125
-0.114955	0.107714	0.987514
-0.129728	0.122286	0.98398
-0.127133	0.115083	0.985187
-0.0807984	0.0958686	0.992109
-0.0918347	0.148165	0.98469
-0.139211	0.0702298	0.987769
-0.0838767	0.11235	0.990122
-0.165057	0.120453	0.978901
-0.177511	0.122359	0.976483
-0.127785	0.124784	0.983921
-0.105302	0.106243	0.988749
-0.0812943	0.155044	0.984557
-0.158044	0.0779463	0.984351
-0.0965292	0.144248	0.984822
-0.0998587	0.144433	0.984463
-0.1594	0.129247	0.978717
-0.127049	0.158139	0.979209
-0.150753	0.105815	0.982892
-0.0944475	0.168573	0.981154
-0.176713	0.104234	0.978728
-0.134155	0.0872252	0.987114
-0.114804	0.13809	0.983743
-0.149634	0.149171	0.977424
-0.138306	0.123262	0.982689
-0.132572	0.087411	0.987311
-0.123905	0.172893	0.977116
-0.129528	0.151368	0.979954
-0.102163	0.0703951	0.992274
-0.113181	0.134812	0.984386
-0.0998037	0.140191	0.985082
-0.133288	0.111779	0.984754
-0.122685	0.0616416	0.990529
-0.106547	0.0554874	0.992758
-0.120374	0.108015	0.986835
-0.0699351	0.0649343	0.995436
-0.107986	0.10179	0.988928
-0.0694237	0.13061	0.989
-0.119397	0.0870469	0.989023
-0.112818	0.0745822	0.990813
-0.0829437	0.0870849	0.992742
-0.101797	0.0879843	0.990907
-0.0142641	0.0836943	0.996389
-0.0878309	0.0839806	0.992589
-0.0496528	0.128813	0.990425
-0.0358525	0.130821	0.990757
-0.077039	0.0748411	0.994215
-0.0777265	0.100369	0.99191
-0.0682701	0.0764877	0.994731
-0.0180782	0.100442	0.994779
-0.0940161	0.0832652	0.992083
-0.103314	0.0919849	0.990386
-0.0667793	0.110269	0.991656
-0.0714617	0.0820135	0.994066
-0.0899857	0.101122	0.990796
-0.0591522	0.0750946	0.99542
-0.0573803	0.103591	0.992963
-0.0976904	0.101619	0.990015
-0.11757	0.107069	0.987276
-0.0746346	0.089131	0.99322
-0.0934682	0.103006	0.990279
-0.117549	0.0941845	0.988591
-0.0571007	0.0767371	0.995415
-0.0697844	0.0879912	0.993674
-0.135043	0.0961749	0.986161
-0.123937	0.112204	0.985926
-0.113641	0.0871001	0.989697
-0.0979592	0.124963	0.987314
-0.147793	0.077804	0.985953
-0.160422	0.0756855	0.984143
-0.104519	0.122845	0.986907
-0.149371	0.10056	0.983654
-0.125285	0.126606	0.984009
-0.13154	0.102699	0.985977
-0.0827572	0.138197	0.986941
-0.0856153	0.147357	0.985371
-0.165515	0.127742	0.977899
-0.123766	0.130646	0.983674
-0.140435	0.0872404	0.986239
-0.133512	0.139373	0.981198
-0.151526	0.112142	0.982071
-0.116035	0.0899286	0.989166
-0.131972	0.112274	0.984875
-0.108195	0.08147	0.990786
-0.127777	0.0979265	0.986957
-0.120357	0.142927	0.982388
-0.149393	0.113045	0.982294
-0.145361	0.107744	0.983495
-0.110302	0.0948282	0.989364
-0.13051	0.0949673	0.986888
-0.0663251	0.0768514	0.994834
-0.114893	0.0779604	0.990314
-0.0840099	0.129386	0.988029
-0.0649174	0.118621	0.990815
-0.106096	0.104746	0.988824
-0.0884485	0.102426	0.990801
-0.116913	0.0545599	0.991642
-0.0458516	0.0702076	0.996478
-0.107356	0.0657448	0.992044
-0.107344	0.0544629	0.992729
-0.0581088	0.116611	0.991476
-0.0882584	0.0849453	0.992469
-0.0590282	0.114374	0.991683
-0.0907258	0.051532	0.994542
-0.00756458	0.0909841	0.995824
-0.006862	0.120275	0.992717
-0.0865284	0.0589784	0.994502
-0.0618577	0.12263	0.990523
-0.0648079	0.0554762	0.996355
-0.057562	0.117285	0.991429
-0.0621568	0.0607389	0.996216
-0.0492978	0.0578507	0.997107
-0.0680446	0.120605	0.990366
-0.087944	0.0753539	0.993271
-0.0673756	0.138379	0.988085
-0.0526216	0.0675539	0.996327
-0.0793422	0.10753	0.991031
-0.103813	0.109218	0.988582
-0.0536082	0.0777443	0.995531
-0.104622	0.110703	0.988331
-0.0894241	0.102897	0.990664
-0.0801306	0.119343	0.989614
-0.0927359	0.0878154	0.991811
-0.0935452	0.107329	0.989813
-0.13388	0.107956	0.9851
-0.0752542	0.100534	0.992084
-0.130936	0.101364	0.986195
-0.117003	0.11901	0.985975
-0.115762	0.104999	0.987712
-0.133705	0.105738	0.985364
-0.0928272	0.123113	0.988042
-0.144283	0.112671	0.983101
-0.129617	0.134035	0.982463
-0.139976	0.10772	0.984278
-0.133297	0.117264	0.984114
-0.136449	0.111186	0.984388
-0.129334	0.102912	0.986246
-0.111121	0.125535	0.985846
-0.144027	0.133797	0.980487
-0.152659	0.128929	0.979833
-0.122533	0.0999362	0.98742
-0.124597	0.138435	0.982502
-0.128413	0.0895457	0.98767
-0.116176	0.110349	0.98708
-0.117617	0.0620021	0.991122
-0.102471	0.0842992	0.991158
-0.117015	0.0889511	0.989139
-0.111156	0.0602565	0.991975
-0.0919577	0.114764	0.989127
-0.125552	0.0843645	0.988493
-0.105999	0.111258	0.988122
-0.112546	0.0603613	0.991811
-0.0684165	0.0837459	0.994136
-0.0629708	0.0853907	0.994356
-0.0984721	0.0342288	0.994551
-0.0655951	0.0989683	0.992926
-0.100713	0.0758993	0.992016
-0.086371	0.120663	0.988929
-0.105736	0.0408377	0.993555
-0.0993003	0.0449025	0.994044
-0.0639276	0.0998841	0.992943
-0.104718	0.0252108	0.994182
-0.0530117	0.115368	0.991907
-0.0805824	0.0665738	0.994522
-0.0609312	0.118582	0.991073
-0.0569405	0.129904	0.98989
-0.0877487	0.0675157	0.993852
-0.0663568	0.131136	0.989141
-0.0802286	0.0302771	0.996317
-0.0654553	0.118544	0.990789
-0.0693351	0.0557735	0.996033
-0.0458054	0.0519131	0.997601
-0.0709199	0.129291	0.989067
-0.0693459	0.0815699	0.994252
-0.12163	0.149213	0.981296
-0.079093	0.0662822	0.994661
-0.0524403	0.147775	0.98763
-0.054918	0.154231	0.986507
-0.0639388	0.0931296	0.993599
-0.0946707	0.13152	0.986783
-0.0491911	0.108115	0.992921
-0.129588	0.139064	0.981768
-0.0839022	0.0998398	0.99146
-0.0916385	0.119076	0.988647
-0.0812915	0.123941	0.988954
-0.0681737	0.118594	0.9906
-0.124254	0.131598	0.983485
-0.075314	0.126414	0.989114
-0.139816	0.122176	0.982611
-0.149014	0.110919	0.982594
-0.109581	0.104199	0.988501
-0.116133	0.109255	0.987206
-0.0824395	0.135797	0.987301
-0.13159	0.133045	0.982336
-0.12303	0.126644	0.984289
-0.144652	0.108711	0.983493
-0.1304	0.118174	0.984394
-0.112733	0.0812516	0.990298
-0.127708	0.095847	0.98717
-0.108088	0.121089	0.986739
-0.13069	0.132584	0.982518
-0.109103	0.0924632	0.989721
-0.122984	0.0885915	0.988447
-0.128142	0.119141	0.984574
-0.106281	0.0767614	0.991369
-0.0949748	0.104612	0.989968
-0.112732	0.0555807	0.99207
-0.126263	0.0668136	0.989744
-0.108095	0.0862476	0.990392
-0.11033	0.0580576	0.992198
-0.0950112	0.0995429	0.990487
-0.108036	0.0817762	0.990778
-0.101505	0.11325	0.988368
-0.0979363	0.128092	0.986915
-0.131323	0.07841	0.988234
-0.104055	0.0923577	0.990274
-0.0975571	0.0322498	0.994707
-0.0795863	0.0865845	0.99306
-0.116503	0.0815923	0.989833
-0.110639	0.0706416	0.991347
-0.076096	0.121334	0.989691
-0.120583	0.0753339	0.989841
-0.101837	0.120498	0.987476
-0.0992889	0.0370442	0.994369
-0.0629952	0.0944429	0.993535
-0.0584229	0.10219	0.993048
-0.0978057	0.0820244	0.99182
-0.060295	0.129775	0.989709
-0.100426	0.0745393	0.992148
-0.097637	0.140077	0.985315
-0.0813214	0.0495441	0.995456
-0.0796085	0.0719213	0.994228
-0.0466594	0.123675	0.991225
-0.0691523	0.0998009	0.992601
-0.0706717	0.134209	0.98843
-0.0711101	0.105653	0.991857
-0.119732	0.165618	0.978895
-0.12963	0.155551	0.979285
-0.0899719	0.111405	0.989694
-0.0415977	0.145348	0.988506
-0.0580195	0.152871	0.986541
-0.0817418	0.138637	0.986964
-0.0426079	0.134052	0.990058
-0.064823	0.139628	0.98808
-0.125758	0.133841	0.982991
-0.0877225	0.115848	0.989386
-0.0596197	0.150594	0.986796
-0.0539626	0.159643	0.985699
-0.11337	0.127554	0.985331
-0.1266	0.133373	0.982947
-0.111555	0.110846	0.987557
-0.140315	0.119948	0.982814
-0.0767405	0.0939733	0.992613
-0.0995748	0.136749	0.985588
-0.0839629	0.147593	0.985478
-0.105738	0.132032	0.98559
-0.133816	0.126019	0.982961
-0.125009	0.0887087	0.988182
-0.11181	0.116761	0.986846
-0.0857012	0.0679077	0.994004
-0.123197	0.10037	0.987293
-0.0959364	0.11409	0.988827
-0.148415	0.0787097	0.985788
-0.115189	0.100841	0.988212
-0.154833	0.10254	0.982605
-0.143524	0.125224	0.981692
-0.121773	0.0765618	0.989601
-0.122673	0.100211	0.987375
-0.108085	0.109205	0.988125
-0.176144	0.0860448	0.980597
-0.111658	0.0973967	0.988962
-0.1361	0.0821059	0.987287
-0.116737	0.102749	0.987834
-0.0891207	0.0860571	0.992296
-0.139893	0.095993	0.985503
-0.106976	0.116936	0.987361
-0.160418	0.0970163	0.98227
-0.107303	0.0986368	0.989321
-0.117632	0.0572666	0.991405
-0.117406	0.0635072	0.991051
-0.0637107	0.0801409	0.994745
-0.128077	0.0880989	0.987844
-0.0960195	0.120266	0.988087
-0.130811	0.0968449	0.986666
-0.0970754	0.118438	0.988205
-0.0880488	0.138607	0.986426
-0.0989373	0.091747	0.990855
-0.0462966	0.102745	0.99363
-0.111327	0.116123	0.986976
-0.0742228	0.127578	0.989047
-0.0929179	0.0934091	0.991283
-0.0812116	0.102904	0.991371
-0.0730147	0.147403	0.986378
-0.0868243	0.116897	0.989341
-0.0180931	0.144991	0.989268
-0.0810876	0.148416	0.985595
-0.0681755	0.137974	0.988087
-0.0662382	0.14318	0.987478
-0.0732526	0.126866	0.989211
-0.080654	0.154306	0.984726
-0.0799406	0.138267	0.987164
-0.0187335	0.165627	0.98601
-0.0607471	0.18399	0.981049
-0.0662194	0.185298	0.980449
-0.0820699	0.140111	0.986729
-0.0969741	0.12186	0.987799
-0.0924444	0.154603	0.983642
-0.087858	0.130001	0.987614
-0.0476271	0.16635	0.984916
-0.0832263	0.159727	0.983647
-0.12045	0.154122	0.980683
-0.107893	0.14212	0.983952
-0.136532	0.0600461	0.988814
-0.117189	0.130557	0.984491
-0.0884681	0.107867	0.990221
-0.0977962	0.0818802	0.991832
-0.112807	0.117704	0.986621
-0.155383	0.133468	0.978796
-0.137357	0.136516	0.981069
-0.144113	0.054297	0.988071
-0.113835	0.121035	0.9861
-0.176678	0.144531	0.973599
-0.139136	0.101611	0.985046
-0.136104	0.115239	0.983969
-0.18928	0.0978347	0.977037
-0.128711	0.131036	0.982987
-0.18573	0.135112	0.973267
-0.165812	0.102781	0.980787
-0.159572	0.123627	0.979415
-0.146456	0.126986	0.981033
-0.150129	0.098321	0.983765
-0.199197	0.100517	0.974791
-0.109797	0.120973	0.986565
-0.0915895	0.107337	0.989995
-0.128817	0.0728315	0.98899
-0.116967	0.110775	0.986939
-0.17022	0.116656	0.978477
-0.142087	0.0941802	0.985364
-0.166983	0.101731	0.980697
-0.141808	0.102608	0.984562
-0.0782142	0.110552	0.990788
-0.120357	0.0718814	0.990125
-0.0384417	0.0991451	0.99433
-0.140573	0.0974216	0.985266
-0.122582	0.0925544	0.988133
-0.0987836	0.108254	0.989203
-0.105116	0.101855	0.98923
-0.0661312	0.124668	0.989992
-0.0984836	0.0915965	0.990914
-0.0161579	0.112955	0.993469
-0.119359	0.120804	0.985474
-0.110709	0.144208	0.983335
-0.095058	0.145666	0.984756
-0.0844851	0.104599	0.990919
-0.032428	0.149725	0.988196
-0.0766617	0.131044	0.988408
-0.00815769	0.15523	0.987845
-0.00886358	0.175401	0.984457
-0.0743826	0.164857	0.983509
-0.0746079	0.161502	0.984048
-0.0958582	0.119021	0.988254
-0.0456361	0.15973	0.986105
-0.0681696	0.151935	0.986037
-0.0757372	0.146173	0.986356
-0.0512041	0.171801	0.9838
-0.0824374	0.171988	0.981644
-0.0619903	0.157081	0.985638
-0.116282	0.11543	0.986486
-0.0783697	0.161757	0.983714
-0.0983122	0.144511	0.984607
-0.0934649	0.128623	0.987279
-0.0912946	0.160108	0.982869
-0.157705	0.181351	0.970691
-0.0993427	0.153154	0.983196
-0.145362	0.061293	0.987478
-0.156015	0.0561564	0.986157
-0.130797	0.117557	0.984415
-0.130447	0.109975	0.985337
-0.114348	0.148103	0.982339
-0.188782	0.16838	0.967476
-0.155549	0.148002	0.976678
-0.13591	0.16409	0.977038
-0.156851	0.160254	0.974534
-0.183922	0.157563	0.97023
-0.146088	0.169488	0.974645
-0.16658	0.11803	0.978938
-0.172947	0.131582	0.976102
-0.178728	0.124613	0.975975
-0.125466	0.155899	0.979772
-0.14621	0.121953	0.981708
-0.164611	0.151175	0.974705
-0.156544	0.176138	0.971838
-0.164583	0.0918205	0.98208
-0.168292	0.0748175	0.982894
-0.166817	0.113438	0.979441
-0.0982038	0.144083	0.984681
-0.129333	0.0925777	0.98727
-0.123174	0.141577	0.982234
-0.171027	0.159934	0.972199
-0.159684	0.125862	0.979112
-0.141786	0.0713719	0.987321
-0.145552	0.113698	0.982796
-0.0538628	0.150766	0.987101
-0.112954	0.091795	0.989351
-0.0637192	0.113023	0.991547
-0.0300447	0.118401	0.992511
-0.130438	0.128239	0.983128
-0.122144	0.0958678	0.987872
-0.118999	0.115939	0.986102
-0.0478356	0.141059	0.988845
-0.0955285	0.0954517	0.99084
-0.0806228	0.128132	0.988475
-0.0390918	0.151736	0.987648
-0.110969	0.141952	0.983634
-0.10599	0.138507	0.984674
-0.0935083	0.116258	0.988808
-0.0427937	0.145278	0.988465
-0.0557056	0.147676	0.987466
-0.0576441	0.155355	0.986175
-0.0305986	0.169257	0.985097
-0.0851948	0.154592	0.984298
-0.0912633	0.160403	0.982823
-0.090957	0.130988	0.987203
-0.10173	0.122977	0.987182
-0.0933923	0.145559	0.984932
-0.0580523	0.155572	0.986117
-0.0431412	0.168916	0.984686
-0.084992	0.170979	0.981602
-0.0726201	0.154735	0.985283
-0.0944907	0.148421	0.9844
-0.118329	0.106392	0.987258
-0.119848	0.137423	0.983235
-0.0798855	0.156441	0.984451
-0.0804344	0.161108	0.983654
-0.148983	0.195002	0.969422
-0.174796	0.198899	0.964306
-0.167009	0.153309	0.973963
-0.133723	0.119366	0.983804
-0.157135	0.120058	0.980252
-0.126725	0.156761	0.979473
-0.118834	0.165432	0.979036
-0.166762	0.120075	0.978658
-0.143535	0.152069	0.977892
-0.143759	0.172244	0.974508
-0.123592	0.180107	0.975852
-0.191873	0.178821	0.964991
-0.140219	0.194811	0.970766
-0.147995	0.210158	0.966401
-0.144702	0.0971497	0.984694
-0.155087	0.144547	0.977269
-0.150352	0.198906	0.968417
-0.129424	0.155203	0.979368
-0.17371	0.177982	0.96858
-0.14728	0.165137	0.975212
-0.157516	0.172852	0.972271
-0.145527	0.0779333	0.98628
-0.160882	0.132712	0.978011
-0.126944	0.182193	0.975034
-0.11965	0.11034	0.986666
-0.109645	0.104442	0.988469
-0.111898	0.12129	0.98629
-0.157105	0.135161	0.978289
-0.121841	0.0757918	0.989652
-0.147717	0.116948	0.982091
-0.0777835	0.170778	0.982235
-0.0534374	0.144585	0.988048
-0.0849682	0.111698	0.990103
-0.0830636	0.111819	0.990251
-0.153136	0.136024	0.978799
-0.116454	0.100238	0.988125
-0.125567	0.111509	0.985798
-0.107787	0.112007	0.987844
-0.0627048	0.12513	0.990157
-0.0713656	0.131623	0.988728
-0.0785386	0.13785	0.987334
-0.126733	0.139351	0.9821
-0.105521	0.130697	0.985791
-0.11485	0.160216	0.980378
-0.091184	0.12593	0.98784
-0.0745466	0.130562	0.988634
-0.0438025	0.13851	0.989392
-0.0580258	0.150901	0.986844
-0.096492	0.152064	0.983649
-0.0900292	0.162965	0.982516
-0.121745	0.16175	0.979293
-0.0924458	0.11868	0.98862
-0.0945983	0.151857	0.983865
-0.0477727	0.145014	0.988276
-0.0592884	0.145103	0.987639
-0.0822772	0.146717	0.985751
-0.117112	0.176536	0.977302
-0.136337	0.153891	0.978637
-0.0937717	0.115611	0.988858
-0.125605	0.146189	0.98125
-0.0839397	0.167892	0.982225
-0.109756	0.175169	0.978401
-0.125831	0.156219	0.979675
-0.138622	0.177156	0.974371
-0.18615	0.159434	0.969499
-0.119072	0.149025	0.981638
-0.156111	0.132085	0.978868
-0.180478	0.168069	0.969113
-0.135974	0.196402	0.97105
-0.139152	0.108974	0.984257
-0.120904	0.165793	0.978721
-0.158245	0.141376	0.977226
-0.115864	0.158363	0.980559
-0.109281	0.147554	0.982998
-0.16538	0.168349	0.971755
-0.141462	0.191918	0.971162
-0.129645	0.0794145	0.988375
-0.134923	0.158266	0.978135
-0.148608	0.181739	0.972053
-0.130825	0.179494	0.975021
-0.107275	0.123801	0.986491
-0.153832	0.14196	0.977846
-0.145438	0.160514	0.97626
-0.125843	0.0643358	0.989962
-0.143106	0.141474	0.979544
-0.135829	0.130452	0.982106
-0.0975881	0.150855	0.983727
-0.0913899	0.107899	0.989952
-0.132356	0.0858379	0.987478
-0.140016	0.126271	0.982065
-0.106704	0.0582725	0.992582
-0.100089	0.0869653	0.991171
-0.11794	0.119498	0.985804
-0.0730357	0.114906	0.990688
-0.0696391	0.0795693	0.994394
-0.113752	0.0691505	0.9911
-0.143844	0.136123	0.980194
-0.135565	0.13251	0.981867
-0.105277	0.128549	0.986099
-0.116989	0.11553	0.986391
-0.0731682	0.0956892	0.992718
-0.0686999	0.0964877	0.99296
-0.107647	0.108636	0.988236
-0.0896808	0.118201	0.988932
-0.0979012	0.145514	0.9845
-0.129566	0.142773	0.981238
-0.116479	0.124918	0.985306
-0.0868287	0.112324	0.989871
-0.0635963	0.128111	0.989719
-0.0681738	0.14947	0.986413
-0.0922982	0.104375	0.990246
-0.0938535	0.151894	0.983931
-0.168341	0.152464	0.973867
-0.111291	0.119227	0.98661
-0.0847266	0.128673	0.988061
-0.104373	0.135905	0.985209
-0.0912391	0.161971	0.982568
-0.12025	0.112327	0.986368
-0.0995658	0.161398	0.981854
-0.17034	0.148881	0.974073
-0.111122	0.111982	0.987478
-0.12098	0.147631	0.981615
-0.133747	0.12449	0.983165
-0.108165	0.174861	0.978634
-0.156116	0.125997	0.97967
-0.117874	0.155739	0.98074
-0.177858	0.157632	0.971349
-0.0576878	0.260347	0.96379
-0.179251	0.0724637	0.981131
-0.107948	0.189027	0.976021
-0.218773	0.0536385	0.9743
-0.182264	0.0268205	0.982884
-0.096487	0.226224	0.969285
-0.153006	0.0260267	0.987883
-0.127131	0.185844	0.97432
-0.15271	0.0439227	0.987295
-0.164616	0.0118512	0.986286
-0.127134	0.153427	0.979948
-0.126489	-0.00402736	0.99196
-0.0407956	0.126818	0.991087
-0.132293	-0.00101276	0.99121
-0.169522	0.000478974	0.985526
-0.13965	0.127384	0.981973
-0.142841	0.101309	0.984547
-0.0123921	0.137281	0.990455
-0.0677605	-0.0374644	0.996998
-0.167563	-0.00186593	0.98586
-0.0645789	0.102116	0.992674
-0.152478	0.114727	0.981625
-0.0460333	0.0841699	0.995388
-0.059667	-0.00208907	0.998216
-0.0429574	0.0318442	0.998569
-0.113156	0.125637	0.985602
-0.165052	0.140911	0.976167
-0.0649668	0.0823323	0.994485
-0.165842	0.00637486	0.986132
-0.042972	0.0706784	0.996573
-0.221218	0.15001	0.963618
-0.141645	0.120855	0.982512
-0.0604924	0.147586	0.987198
-0.183417	-0.00851902	0.982998
-0.0515081	0.135411	0.98945
-0.244259	0.140827	0.95943
-0.215016	0.0943246	0.972045
-0.0644104	0.17187	0.983012
-0.203518	0.0256811	0.978734
-0.0585206	0.15078	0.986834
-0.196939	0.102542	0.975039
-0.117055	0.0121201	0.993051
-0.1049	0.221706	0.969455
-0.159929	0.0917519	0.982855
-0.0600612	0.139367	0.988418
-0.200036	0.0725683	0.977097
-0.134495	-0.0155896	0.990792
-0.119016	0.202946	0.97193
-0.122968	0.0591916	0.990644
-0.0431124	0.13949	0.989284
-0.183835	0.0327526	0.982411
-0.10856	-0.0266022	0.993734
0.0893135	0.0579509	0.994316
-0.122251	0.0477764	0.991349
-0.00843682	0.144807	0.989424
-0.156176	0.0186315	0.987554
-0.013739	0.0248211	0.999597
0.0793116	0.102388	0.991578
-0.119675	0.0627001	0.990831
0.0281868	0.161229	0.986514
-0.0607946	0.0922982	0.993874
-0.00238637	0.0235231	0.99972
-0.0108616	0.118048	0.992948
-0.124121	0.0821041	0.988864
-0.141764	0.096438	0.985192
-0.111958	0.0857054	0.99001
-0.0164592	0.0198936	0.999667
-0.0786599	0.121368	0.989486
-0.174151	0.0961829	0.98001
-0.122719	0.116392	0.985593
-0.160019	0.0380837	0.986379
-0.0404283	0.0465149	0.998099
-0.134272	0.133396	0.981925
-0.179696	0.119962	0.97638
-0.0654342	0.135883	0.988562
-0.175136	0.0120713	0.98447
-0.130183	0.0227562	0.991229
-0.139287	0.155768	0.977924
-0.190816	0.122524	0.973949
-0.0464526	0.147466	0.987976
-0.150992	0.0740766	0.985756
-0.115574	0.177398	0.977329
-0.219539	0.126777	0.967331
-0.0950827	0.0497272	0.994227
-0.00248543	0.0974221	0.99524
-0.137941	0.0532353	0.989009
-0.059233	0.158987	0.985502
-0.200973	0.100658	0.974412
-0.133284	-0.00119251	0.991077
0.028075	0.0743241	0.996839
-0.125442	0.0463953	0.991016
-0.0444199	0.134683	0.989893
-0.0404034	0.117585	0.992241
-0.0935314	0.0141394	0.995516
0.0983693	0.0768477	0.992178
-0.133026	0.0418474	0.990229
-0.0597989	-0.011858	0.99814
-0.047566	0.125325	0.990975
-0.0317543	0.0187827	0.999319
0.0999529	0.129005	0.986594
-0.0256455	0.199842	0.979493
-0.0477095	0.00642987	0.998841
-0.0622977	0.0998942	0.993046
-0.0153574	0.0250437	0.999568
-0.0304263	0.105064	0.994
-0.0822275	0.168285	0.982303
-0.124344	0.0599321	0.990428
-0.0868206	0.100514	0.99114
-0.137266	0.0967892	0.985794
-0.100842	0.127923	0.986644
-0.163468	0.110526	0.980338
-0.13626	0.0927896	0.986318
-0.203821	0.174669	0.9633
-0.140513	0.0816401	0.986707
-0.155688	0.119802	0.980515
-0.172566	0.115628	0.978188
-0.157941	0.161357	0.974176
-0.220824	0.155487	0.96284
-0.118288	0.0573882	0.99132
-0.161012	0.116645	0.980035
-0.107618	0.0159848	0.994064
-0.0807833	0.0762847	0.993808
-0.117348	0.109711	0.987012
-0.132947	0.169738	0.97648
-0.108342	0.118652	0.987008
-0.0887873	0.0176296	0.995895
-0.0132357	0.0904878	0.99581
-0.125058	0.0714242	0.989575
-0.0693103	0.0562757	0.996007
-0.0875586	0.130197	0.987614
-0.0945266	-0.0100815	0.995471
-0.00118465	0.092424	0.995719
-0.0105392	0.165794	0.986104
-0.0504277	0.0277847	0.998341
-0.0477074	0.11911	0.991734
-0.0893914	0.00439584	0.995987
-0.0470623	-0.0229951	0.998627
-0.0140271	0.16275	0.986568
-0.0302299	-0.00720088	0.999517
-0.0559105	0.14137	0.988377
-0.230504	0.178808	0.956502
-0.0474069	0.00676915	0.998853
-0.00672107	0.21211	0.977223
-0.00712727	-0.00243793	0.999972
0.00600906	0.11694	0.993121
-0.215612	0.169567	0.961644
-0.0475261	0.0787272	0.995763
-0.0358419	0.210828	0.976866
-0.125554	0.160861	0.978959
-0.0587288	0.139434	0.988488
-0.183015	0.120064	0.975751
-0.0772117	0.133502	0.988036
-0.0378476	0.184756	0.982055
-0.151229	0.166594	0.974359
-0.168566	0.147349	0.974615
-0.172218	0.0883785	0.981086
-0.140124	0.0733475	0.987414
-0.0683255	0.163043	0.98425
-0.159927	0.169927	0.972393
-0.196973	0.119898	0.97305
-0.0621541	0.0652969	0.995928
-0.0547303	0.107551	0.992692
-0.0638569	0.00470944	0.997948
-0.0868781	0.0879814	0.992326
-0.0599667	0.0853487	0.994545
-0.0737512	0.0867476	0.993497
-0.08651	0.117248	0.989328
-0.0839577	0.0317493	0.995963
-0.0792617	0.00674883	0.996831
-0.0529282	0.0778666	0.995558
-0.0840831	0.0791089	0.993314
-0.0995472	0.148469	0.983894
-0.142239	0.161715	0.976533
-0.0891007	0.00309166	0.996018
-0.0310534	0.109603	0.99349
-0.0909926	0.0533859	0.99442
-0.112193	0.0485335	0.9925
-0.159385	0.184556	0.969812
-0.0631579	-0.00564633	0.997988
-0.0328486	0.111519	0.993219
-0.0420328	0.108218	0.993238
-0.0636472	0.0873064	0.994146
-0.21274	0.195035	0.957446
-0.0533299	0.0253611	0.998255
-0.0470644	0.242147	0.969097
-0.0706214	0.11415	0.99095
-0.002146	0.136315	0.990663
-0.195198	0.189984	0.962187
-0.00176868	0.193296	0.981139
-0.0369901	0.235091	0.971269
-0.122728	0.128186	0.984127
-0.0218004	0.151747	0.988179
-0.0193915	0.0689345	0.997433
-0.0657042	0.175908	0.982211
-0.0396125	0.203386	0.978297
-0.145749	0.144913	0.978651
-0.077466	0.119425	0.989817
-0.020277	0.0225777	0.999539
-0.115908	0.108385	0.987329
-0.0597688	0.172415	0.983209
-0.181719	0.110216	0.977154
-0.14478	0.136471	0.980007
-0.08978	0.0325792	0.995429
-0.0535467	0.107806	0.992729
-0.108784	0.113117	0.987608
-0.155335	0.0906322	0.983696
-0.0761579	0.0949987	0.99256
-0.0827586	0.0928075	0.992239
-0.153932	0.1241	0.980257
-0.105337	0.116256	0.987618
-0.0950315	0.047339	0.994348
-0.0645084	0.0782828	0.994842
-0.102726	0.109187	0.988699
-0.13338	0.110069	0.984934
-0.120206	0.146677	0.981853
-0.104271	0.0481329	0.993383
-0.118741	0.148599	0.981743
-0.0564704	0.105269	0.992839
-0.112469	0.0807905	0.990365
-0.114242	0.175494	0.977829
0.0606435	0.173261	0.983007
-0.107525	0.213524	0.971003
-0.0360738	0.114116	0.992812
-0.083724	0.086081	0.992764
-0.056514	0.12775	0.990195
0.0691144	0.191033	0.979147
-0.057304	0.27309	0.96028
-0.0490463	0.131576	0.990092
-0.0555891	0.197678	0.97869
-0.0889397	0.124893	0.988176
0.0377211	0.209297	0.977124
-0.0473492	0.246065	0.968096
-0.190318	-0.0297946	0.98127
-0.0803774	0.159756	0.983879
-0.067276	0.0886044	0.993792
-0.0444913	0.200298	0.978724
-0.153214	0.154517	0.976038
-0.172169	-0.0399488	0.984257
-0.0727396	0.109352	0.991338
-0.0481329	0.0583764	0.997134
-0.259977	0.0950992	0.960921
-0.11508	0.152256	0.981618
-0.229848	0.177494	0.956904
-0.192492	0.158929	0.968343
-0.213145	0.0765136	0.97402
-0.230173	0.108157	0.967121
-0.0964233	0.108924	0.989362
-0.206985	0.12931	0.969761
-0.242765	0.132463	0.960999
-0.196793	0.066877	0.978162
-0.178562	0.115649	0.977108
-0.0689148	0.0974971	0.992847
0.082592	0.0771209	0.993595
-0.188922	0.115171	0.975215
-0.144493	0.0863692	0.985729
-0.141962	0.106511	0.984125
-0.0834974	0.0320209	0.995993
0.0980089	0.0981427	0.990334
-0.147966	0.131752	0.980177
-0.0776441	0.092673	0.992665
0.0540908	0.160257	0.985592
-0.0646172	0.0878837	0.994033
0.0929641	0.154771	0.983567
-0.140362	0.169729	0.975444
-0.133625	0.123897	0.983257
0.0126762	0.188447	0.982002
-0.0449223	0.134122	0.989946
0.071543	0.180629	0.980946
0.0130728	0.170797	0.985219
-0.151701	0.0808723	0.985112
-0.0336182	0.197768	0.979672
-0.0857466	0.151139	0.984787
-0.2246	0.274604	0.934959
-0.0431994	0.151841	0.98746
-0.200539	-0.024468	0.97938
-0.0681178	0.17565	0.982093
-0.0875933	0.183929	0.979029
-0.247692	0.255596	0.934516
-0.155487	0.155093	0.975587
-0.206191	-0.0350921	0.977882
-0.154338	0.263427	0.952253
-0.243509	0.0904367	0.965673
-0.193731	0.136517	0.97151
-0.139213	0.179267	0.973901
-0.166198	0.161538	0.972771
-0.164345	0.254876	0.952906
-0.241539	0.0584704	0.968628
-0.192904	0.124929	0.973232
-0.128582	0.0856163	0.987996
-0.0998031	0.143952	0.984539
-0.208312	0.189215	0.959585
-0.210505	0.0541463	0.976092
-0.00635611	0.191242	0.981522
-0.117784	0.0460238	0.991972
0.0361518	0.0867543	0.995574
-0.183518	0.144981	0.972266
-0.135877	0.122732	0.983094
0.0265759	0.172272	0.984691
-0.0902913	0.0328348	0.995374
0.0616861	0.0920195	0.993845
-0.0873252	0.126772	0.988081
-0.111611	0.124208	0.985959
0.0365941	0.161146	0.986252
-0.0833936	0.0881314	0.992612
-0.0882442	0.135832	0.986794
-0.0833084	0.163905	0.982952
-0.117626	0.141466	0.98293
-0.00320995	0.170021	0.985435
-0.00469186	0.189319	0.981904
-0.106778	0.184031	0.977103
-0.0247776	0.162226	0.986442
-0.12273	0.129203	0.983994
-0.0162583	0.163808	0.986358
-0.0409179	0.177022	0.983356
-0.198808	0.263594	0.943925
-0.0359185	0.140582	0.989417
-0.210696	0.0974581	0.972681
-0.0990949	0.182097	0.978274
-0.0986249	0.189741	0.976868
-0.233981	0.277455	0.931811
-0.0726744	0.207522	0.975527
-0.251232	0.185921	0.949903
-0.131562	0.248371	0.959689
-0.236579	0.123656	0.963711
-0.22757	0.261464	0.938002
-0.0873231	0.169873	0.98159
-0.206362	0.197438	0.958349
-0.146356	0.268057	0.952221
-0.200564	0.146363	0.968686
-0.166799	0.259135	0.951329
-0.106771	0.117625	0.987302
-0.151168	0.174746	0.97294
-0.109942	0.0310095	0.993454
-0.183389	0.112811	0.976546
-0.0482086	0.228291	0.972399
-0.120225	0.0816867	0.98938
-0.206376	0.133132	0.969373
-0.101455	0.0492141	0.993622
-0.151595	0.109275	0.982384
-0.00602646	0.188138	0.982124
-0.109396	0.146368	0.983163
-0.187434	0.130235	0.973605
-0.0978523	0.113894	0.988662
-0.122155	0.103914	0.987056
0.00391724	0.1104	0.99388
-0.0591421	0.164312	0.984634
-0.126188	0.142157	0.981768
-0.101588	0.171733	0.979892
-0.0710801	0.206349	0.975893
0.0057182	0.141196	0.989965
-0.00908931	0.173462	0.984799
-0.0989182	0.157541	0.982546
-0.0578651	0.0919375	0.994082
-0.128414	0.19246	0.972866
-0.0139039	0.18032	0.98351
-0.0416212	0.15869	0.986451
-0.246572	0.161276	0.955611
-0.0949594	0.149805	0.984145
-0.21117	0.135305	0.968039
-0.0794903	0.21419	0.973552
-0.132089	0.178387	0.975054
-0.203262	0.102619	0.973732
-0.0836714	0.173224	0.981322
-0.227819	0.174637	0.957915
-0.145847	0.0292042	0.988876
-0.157728	0.183854	0.970216
-0.21106	0.196667	0.957484
-0.0867386	0.152381	0.984508
-0.149315	0.14079	0.978715
-0.128522	-0.0123392	0.99163
-0.186091	0.153764	0.970426
-0.181389	0.209685	0.960797
-0.175755	0.022512	0.984177
-0.163789	0.140723	0.976407
-0.11443	-0.00284747	0.993427
-0.171848	0.112096	0.978725
-0.0403265	-0.0135343	0.999095
-0.172143	0.0122146	0.984996
-0.206958	0.145325	0.967496
-0.0990242	0.0306016	0.994614
-0.0654189	0.0643377	0.995782
-0.0355906	0.0290419	0.998944
-0.143941	0.0920353	0.985297
-0.208848	0.130736	0.96917
-0.160096	0.139698	0.977166
-0.0612414	0.111527	0.991873
-0.0167078	0.103023	0.994539
-0.103568	0.134069	0.985545
-0.240734	0.17748	0.954226
-0.12523	0.116367	0.98528
-0.05358	0.164887	0.984856
-0.032896	0.142734	0.989214
-0.0594967	0.158734	0.985527
-0.245194	0.172833	0.953944
-0.0941851	0.0903451	0.991447
-0.084021	0.16573	0.982585
-0.174186	0.0787906	0.981555
-0.0753856	0.157175	0.984689
-0.242225	0.173976	0.954494
-0.115502	0.119543	0.986088
