3400
0.190509	0.023884	0.981395
0.190511	0.0238853	0.981394
0.19051	0.0238846	0.981395
0.190511	0.023882	0.981395
0.19051	0.023883	0.981395
0.19051	0.0238816	0.981395
0.190517	0.0238736	0.981393
0.190521	0.0238749	0.981393
0.19052	0.0238742	0.981393
0.190521	0.023872	0.981393
0.190519	0.0238727	0.981393
0.19052	0.0238715	0.981393
0.190532	0.0238662	0.981391
0.190536	0.023868	0.98139
0.190534	0.0238671	0.98139
0.190535	0.0238658	0.98139
0.190534	0.0238659	0.98139
0.190535	0.0238653	0.98139
0.190546	0.0238646	0.981388
0.19055	0.0238672	0.981387
0.190548	0.023866	0.981388
0.190548	0.0238657	0.981388
0.190548	0.0238651	0.981388
0.190548	0.0238652	0.981388
0.190554	0.0238694	0.981386
0.190557	0.0238728	0.981386
0.190556	0.0238712	0.981386
0.190555	0.0238717	0.981386
0.190555	0.0238708	0.981386
0.190555	0.0238713	0.981386
0.190554	0.0238788	0.981386
0.190556	0.0238827	0.981386
0.190555	0.0238809	0.981386
0.190553	0.0238815	0.981386
0.190554	0.0238807	0.981386
0.190553	0.0238813	0.981386
0.190545	0.0238892	0.981388
0.190546	0.0238931	0.981387
0.190546	0.0238913	0.981388
0.190542	0.0238914	0.981388
0.190544	0.023891	0.981388
0.190542	0.0238913	0.981388
0.190531	0.0238966	0.98139
0.190532	0.0239	0.98139
0.190531	0.0238984	0.98139
0.190528	0.0238977	0.981391
0.190529	0.0238978	0.981391
0.190528	0.0238976	0.981391
0.190517	0.0238982	0.981393
0.190518	0.0239008	0.981393
0.190517	0.0238995	0.981393
0.190515	0.0238978	0.981393
0.190516	0.0238985	0.981393
0.190514	0.0238977	0.981393
0.190508	0.0238934	0.981395
0.19051	0.0238952	0.981394
0.190509	0.0238943	0.981395
0.190508	0.0238918	0.981395
0.190508	0.0238929	0.981395
0.190508	0.0238916	0.981395
0.190497	0.0238718	0.981398
0.190498	0.023872	0.981397
0.190498	0.0238719	0.981397
0.190498	0.0238697	0.981397
0.190498	0.023871	0.981397
0.190498	0.0238695	0.981397
0.190505	0.0238614	0.981396
0.190508	0.0238616	0.981396
0.190507	0.0238615	0.981396
0.190509	0.0238598	0.981396
0.190508	0.0238607	0.981396
0.190508	0.0238594	0.981396
0.19052	0.023854	0.981394
0.190523	0.0238547	0.981393
0.190521	0.0238544	0.981393
0.190523	0.0238535	0.981393
0.190522	0.0238539	0.981393
0.190523	0.0238531	0.981393
0.190533	0.0238524	0.981391
0.190537	0.0238539	0.98139
0.190535	0.0238532	0.981391
0.190536	0.0238534	0.98139
0.190536	0.0238532	0.98139
0.190536	0.023853	0.98139
0.190542	0.0238572	0.981389
0.190544	0.0238595	0.981389
0.190543	0.0238585	0.981389
0.190543	0.0238594	0.981389
0.190543	0.0238588	0.981389
0.190543	0.0238591	0.981389
0.190542	0.0238666	0.981389
0.190543	0.0238693	0.981389
0.190542	0.0238681	0.981389
0.19054	0.0238692	0.981389
0.190542	0.0238686	0.981389
0.190541	0.0238691	0.981389
0.190533	0.0238769	0.98139
0.190533	0.0238797	0.98139
0.190533	0.0238785	0.98139
0.19053	0.0238791	0.981391
0.190532	0.023879	0.981391
0.19053	0.0238792	0.981391
0.190519	0.0238844	0.981393
0.190519	0.0238866	0.981393
0.190519	0.0238856	0.981393
0.190516	0.0238853	0.981393
0.190517	0.0238858	0.981393
0.190516	0.0238855	0.981394
0.190505	0.023886	0.981396
0.190505	0.0238875	0.981396
0.190505	0.0238868	0.981396
0.190503	0.0238855	0.981396
0.190504	0.0238865	0.981396
0.190502	0.0238856	0.981396
0.190496	0.0238812	0.981397
0.190497	0.0238819	0.981397
0.190497	0.0238815	0.981397
0.190496	0.0238795	0.981397
0.190496	0.0238809	0.981397
0.190496	0.0238795	0.981398
0.190495	0.0238716	0.981398
0.190496	0.0238702	0.981398
0.190496	0.0238709	0.981398
0.190497	0.0238693	0.981398
0.190497	0.0238709	0.981398
0.190497	0.0238694	0.981398
0.190504	0.0238613	0.981396
0.190506	0.0238598	0.981396
0.190505	0.0238605	0.981396
0.190507	0.0238594	0.981396
0.190507	0.0238606	0.981396
0.190507	0.0238594	0.981396
0.190518	0.0238538	0.981394
0.19052	0.0238529	0.981393
0.19052	0.0238534	0.981394
0.190522	0.0238532	0.981393
0.190521	0.0238538	0.981393
0.190522	0.0238531	0.981393
0.190532	0.0238522	0.981391
0.190534	0.023852	0.981391
0.190533	0.0238522	0.981391
0.190535	0.023853	0.981391
0.190535	0.023853	0.981391
0.190535	0.0238529	0.981391
0.190541	0.0238569	0.981389
0.190542	0.0238576	0.981389
0.190541	0.0238574	0.981389
0.190541	0.023859	0.981389
0.190542	0.0238586	0.981389
0.190542	0.023859	0.981389
0.190541	0.0238663	0.981389
0.19054	0.0238675	0.981389
0.190541	0.0238671	0.981389
0.190539	0.0238688	0.981389
0.190541	0.0238685	0.981389
0.19054	0.023869	0.981389
0.190532	0.0238767	0.981391
0.190531	0.0238779	0.981391
0.190531	0.0238775	0.981391
0.190529	0.0238787	0.981391
0.190531	0.0238788	0.981391
0.190529	0.0238791	0.981391
0.190518	0.0238842	0.981393
0.190516	0.0238848	0.981394
0.190517	0.0238846	0.981393
0.190515	0.023885	0.981394
0.190516	0.0238856	0.981393
0.190515	0.0238854	0.981394
0.190504	0.0238858	0.981396
0.190502	0.0238857	0.981396
0.190503	0.0238858	0.981396
0.190502	0.0238851	0.981396
0.190503	0.0238864	0.981396
0.190501	0.0238855	0.981396
0.190495	0.023881	0.981398
0.190494	0.0238801	0.981398
0.190495	0.0238806	0.981398
0.190495	0.0238792	0.981398
0.190495	0.0238808	0.981398
0.190495	0.0238794	0.981398
0.190506	0.0238835	0.981396
0.190505	0.0238806	0.981396
0.190505	0.0238821	0.981396
0.190507	0.0238811	0.981395
0.190507	0.0238827	0.981395
0.190507	0.0238815	0.981395
0.190514	0.0238731	0.981394
0.190514	0.0238702	0.981394
0.190515	0.0238717	0.981394
0.190517	0.0238711	0.981394
0.190517	0.0238724	0.981394
0.190518	0.0238714	0.981393
0.190529	0.0238657	0.981392
0.190529	0.0238633	0.981391
0.190529	0.0238645	0.981391
0.190532	0.0238649	0.981391
0.190531	0.0238655	0.981391
0.190532	0.0238651	0.981391
0.190543	0.023864	0.981389
0.190543	0.0238624	0.981389
0.190543	0.0238634	0.981389
0.190545	0.0238647	0.981388
0.190545	0.0238647	0.981388
0.190546	0.023865	0.981388
0.190551	0.0238688	0.981387
0.19055	0.023868	0.981387
0.190551	0.0238686	0.981387
0.190551	0.0238707	0.981387
0.190552	0.0238703	0.981387
0.190552	0.0238711	0.981387
0.190551	0.0238782	0.981387
0.190549	0.0238778	0.981387
0.19055	0.0238782	0.981387
0.190549	0.0238805	0.981387
0.190551	0.0238802	0.981387
0.19055	0.023881	0.981387
0.190542	0.0238886	0.981388
0.190539	0.0238882	0.981389
0.190541	0.0238886	0.981389
0.190539	0.0238904	0.981389
0.190541	0.0238905	0.981388
0.19054	0.0238911	0.981389
0.190528	0.023896	0.981391
0.190525	0.0238952	0.981392
0.190526	0.0238958	0.981391
0.190525	0.0238967	0.981392
0.190526	0.0238974	0.981391
0.190525	0.0238974	0.981391
0.190514	0.0238977	0.981394
0.190511	0.023896	0.981394
0.190512	0.023897	0.981394
0.190512	0.0238968	0.981394
0.190513	0.0238981	0.981394
0.190512	0.0238976	0.981394
0.190505	0.0238929	0.981395
0.190503	0.0238905	0.981396
0.190504	0.0238917	0.981396
0.190505	0.0238909	0.981395
0.190505	0.0238925	0.981395
0.190505	0.0238915	0.981395
0.190523	0.0239029	0.981392
0.190521	0.0238992	0.981392
0.190523	0.0239011	0.981392
0.190525	0.0239004	0.981391
0.190524	0.0239018	0.981391
0.190525	0.023901	0.981391
0.190532	0.0238925	0.98139
0.190531	0.0238888	0.98139
0.190532	0.0238907	0.98139
0.190535	0.0238904	0.98139
0.190534	0.0238915	0.98139
0.190536	0.0238909	0.98139
0.190546	0.023885	0.981388
0.190546	0.0238819	0.981388
0.190546	0.0238836	0.981388
0.190549	0.0238842	0.981387
0.190549	0.0238846	0.981387
0.19055	0.0238846	0.981387
0.19056	0.0238834	0.981385
0.19056	0.023881	0.981385
0.19056	0.0238824	0.981385
0.190562	0.023884	0.981385
0.190562	0.0238839	0.981385
0.190563	0.0238845	0.981384
0.190569	0.0238882	0.981383
0.190567	0.0238866	0.981383
0.190568	0.0238876	0.981383
0.190569	0.02389	0.981383
0.19057	0.0238895	0.981383
0.19057	0.0238906	0.981383
0.190568	0.0238976	0.981383
0.190566	0.0238964	0.981384
0.190567	0.0238973	0.981383
0.190567	0.0238998	0.981383
0.190568	0.0238993	0.981383
0.190568	0.0239006	0.981383
0.19056	0.023908	0.981384
0.190556	0.0239068	0.981385
0.190558	0.0239076	0.981385
0.190557	0.0239097	0.981385
0.190558	0.0239097	0.981385
0.190557	0.0239106	0.981385
0.190546	0.0239154	0.981387
0.190542	0.0239138	0.981388
0.190544	0.0239148	0.981387
0.190542	0.023916	0.981388
0.190544	0.0239165	0.981387
0.190543	0.023917	0.981388
0.190532	0.0239171	0.98139
0.190528	0.0239146	0.98139
0.19053	0.023916	0.98139
0.190529	0.0239161	0.98139
0.19053	0.0239173	0.98139
0.19053	0.0239171	0.98139
0.190523	0.0239123	0.981391
0.19052	0.023909	0.981392
0.190522	0.0239108	0.981392
0.190523	0.0239102	0.981392
0.190523	0.0239117	0.981392
0.190523	0.023911	0.981392
0.190542	0.0239224	0.981388
0.19054	0.0239189	0.981388
0.190541	0.0239207	0.981388
0.190543	0.0239199	0.981387
0.190542	0.023921	0.981388
0.190543	0.0239206	0.981387
0.19055	0.023912	0.981386
0.19055	0.0239085	0.981386
0.19055	0.0239104	0.981386
0.190553	0.0239099	0.981386
0.190552	0.0239107	0.981386
0.190554	0.0239105	0.981385
0.190564	0.0239046	0.981384
0.190564	0.0239016	0.981384
0.190565	0.0239032	0.981384
0.190568	0.0239037	0.981383
0.190567	0.0239039	0.981383
0.190569	0.0239042	0.981383
0.190578	0.0239029	0.981381
0.190578	0.0239007	0.981381
0.190579	0.023902	0.981381
0.190581	0.0239035	0.98138
0.19058	0.0239031	0.981381
0.190582	0.0239041	0.98138
0.190587	0.0239077	0.981379
0.190586	0.0239063	0.981379
0.190587	0.0239073	0.981379
0.190587	0.0239095	0.981379
0.190588	0.0239087	0.981379
0.190588	0.0239102	0.981379
0.190587	0.0239171	0.981379
0.190584	0.0239162	0.981379
0.190586	0.0239169	0.981379
0.190585	0.0239193	0.981379
0.190586	0.0239186	0.981379
0.190586	0.0239202	0.981379
0.190578	0.0239275	0.98138
0.190575	0.0239266	0.981381
0.190576	0.0239273	0.981381
0.190575	0.0239293	0.981381
0.190576	0.0239289	0.981381
0.190576	0.0239302	0.981381
0.190564	0.023935	0.981383
0.19056	0.0239335	0.981384
0.190562	0.0239345	0.981383
0.190561	0.0239355	0.981384
0.190562	0.0239358	0.981383
0.190561	0.0239365	0.981383
0.19055	0.0239366	0.981386
0.190546	0.0239344	0.981386
0.190548	0.0239356	0.981386
0.190548	0.0239357	0.981386
0.190548	0.0239365	0.981386
0.190548	0.0239367	0.981386
0.190541	0.0239318	0.981387
0.190539	0.0239288	0.981388
0.19054	0.0239304	0.981388
0.190541	0.0239297	0.981388
0.190541	0.0239309	0.981388
0.190541	0.0239306	0.981387
0.190554	0.0239346	0.981385
0.190553	0.0239322	0.981385
0.190553	0.0239335	0.981385
0.190555	0.0239321	0.981385
0.190554	0.023933	0.981385
0.190555	0.0239327	0.981385
0.190562	0.0239242	0.981384
0.190563	0.0239218	0.981384
0.190563	0.0239231	0.981383
0.190565	0.0239222	0.981383
0.190564	0.0239227	0.981383
0.190566	0.0239226	0.981383
0.190576	0.0239167	0.981381
0.190577	0.0239149	0.981381
0.190577	0.0239159	0.981381
0.19058	0.023916	0.98138
0.190578	0.0239158	0.981381
0.19058	0.0239163	0.98138
0.19059	0.0239151	0.981378
0.190591	0.023914	0.981378
0.190591	0.0239148	0.981378
0.190593	0.0239158	0.981378
0.190592	0.0239151	0.981378
0.190594	0.0239162	0.981378
0.190599	0.0239199	0.981377
0.190599	0.0239196	0.981377
0.190599	0.02392	0.981376
0.190599	0.0239218	0.981376
0.1906	0.0239207	0.981376
0.1906	0.0239223	0.981376
0.190599	0.0239293	0.981376
0.190597	0.0239295	0.981377
0.190598	0.0239297	0.981376
0.190597	0.0239317	0.981377
0.190598	0.0239306	0.981376
0.190598	0.0239323	0.981376
0.19059	0.0239397	0.981378
0.190588	0.0239399	0.981378
0.190589	0.0239401	0.981378
0.190587	0.0239416	0.981378
0.190588	0.0239409	0.981378
0.190588	0.0239424	0.981378
0.190576	0.0239472	0.98138
0.190573	0.0239468	0.981381
0.190575	0.0239472	0.981381
0.190573	0.0239478	0.981381
0.190574	0.0239477	0.981381
0.190573	0.0239487	0.981381
0.190562	0.0239488	0.981383
0.190559	0.0239477	0.981384
0.190561	0.0239484	0.981383
0.19056	0.023948	0.981383
0.19056	0.0239485	0.981383
0.19056	0.0239488	0.981383
0.190553	0.023944	0.981385
0.190552	0.0239421	0.981385
0.190553	0.0239431	0.981385
0.190553	0.023942	0.981385
0.190553	0.0239428	0.981385
0.190553	0.0239427	0.981385
0.190555	0.0239348	0.981385
0.190555	0.023934	0.981385
0.190555	0.0239344	0.981385
0.190556	0.0239325	0.981384
0.190555	0.0239331	0.981385
0.190556	0.0239327	0.981384
0.190564	0.0239244	0.981383
0.190565	0.0239236	0.981383
0.190565	0.0239241	0.981383
0.190567	0.0239226	0.981383
0.190565	0.0239228	0.981383
0.190567	0.0239226	0.981383
0.190578	0.0239169	0.981381
0.19058	0.0239167	0.98138
0.190579	0.0239169	0.98138
0.190581	0.0239164	0.98138
0.190579	0.023916	0.98138
0.190581	0.0239164	0.98138
0.190592	0.0239153	0.981378
0.190594	0.0239159	0.981378
0.190593	0.0239158	0.981378
0.190594	0.0239162	0.981378
0.190593	0.0239152	0.981378
0.190595	0.0239163	0.981377
0.1906	0.0239201	0.981376
0.190601	0.0239215	0.981376
0.190601	0.023921	0.981376
0.190601	0.0239222	0.981376
0.190601	0.0239209	0.981376
0.190601	0.0239224	0.981376
0.1906	0.0239296	0.981376
0.1906	0.0239314	0.981376
0.1906	0.0239307	0.981376
0.190599	0.0239321	0.981376
0.190599	0.0239308	0.981376
0.190599	0.0239324	0.981376
0.190591	0.02394	0.981378
0.19059	0.0239418	0.981378
0.190591	0.0239411	0.981378
0.190588	0.023942	0.981378
0.190589	0.0239411	0.981378
0.190589	0.0239425	0.981378
0.190577	0.0239474	0.98138
0.190576	0.0239487	0.98138
0.190576	0.0239482	0.98138
0.190574	0.0239482	0.981381
0.190575	0.0239479	0.981381
0.190574	0.0239488	0.981381
0.190563	0.023949	0.981383
0.190562	0.0239495	0.981383
0.190563	0.0239494	0.981383
0.190561	0.0239483	0.981383
0.190561	0.0239486	0.981383
0.190561	0.0239489	0.981383
0.190555	0.0239442	0.981385
0.190554	0.0239439	0.981385
0.190554	0.0239441	0.981385
0.190554	0.0239423	0.981385
0.190554	0.023943	0.981385
0.190554	0.0239427	0.981385
0.190545	0.0239229	0.981387
0.190547	0.0239236	0.981387
0.190546	0.0239233	0.981387
0.190546	0.0239208	0.981387
0.190545	0.0239213	0.981387
0.190546	0.0239207	0.981387
0.190553	0.0239125	0.981386
0.190557	0.0239132	0.981385
0.190555	0.0239129	0.981385
0.190557	0.0239109	0.981385
0.190555	0.023911	0.981385
0.190557	0.0239106	0.981385
0.190567	0.0239051	0.981383
0.190571	0.0239063	0.981382
0.19057	0.0239058	0.981383
0.190571	0.0239047	0.981382
0.190569	0.0239042	0.981383
0.190571	0.0239043	0.981382
0.190581	0.0239035	0.98138
0.190585	0.0239055	0.98138
0.190583	0.0239046	0.98138
0.190584	0.0239045	0.98138
0.190583	0.0239035	0.98138
0.190584	0.0239043	0.98138
0.19059	0.0239083	0.981379
0.190593	0.0239111	0.981378
0.190591	0.0239099	0.981378
0.190591	0.0239106	0.981378
0.190591	0.0239092	0.981378
0.190591	0.0239104	0.981378
0.19059	0.0239177	0.981378
0.190591	0.023921	0.981378
0.190591	0.0239196	0.981378
0.190588	0.0239204	0.981379
0.190589	0.023919	0.981378
0.190589	0.0239204	0.981378
0.190581	0.0239281	0.98138
0.190581	0.0239314	0.98138
0.190581	0.02393	0.98138
0.190578	0.0239303	0.98138
0.190579	0.0239293	0.98138
0.190578	0.0239305	0.98138
0.190567	0.0239355	0.981382
0.190567	0.0239383	0.981382
0.190567	0.0239371	0.981382
0.190564	0.0239365	0.981383
0.190565	0.0239362	0.981383
0.190564	0.0239367	0.981383
0.190553	0.0239371	0.981385
0.190553	0.0239391	0.981385
0.190553	0.0239382	0.981385
0.190551	0.0239366	0.981385
0.190551	0.0239369	0.981385
0.190551	0.0239368	0.981386
0.190544	0.0239323	0.981387
0.190545	0.0239335	0.981387
0.190545	0.0239329	0.981387
0.190544	0.0239306	0.981387
0.190544	0.0239312	0.981387
0.190544	0.0239307	0.981387
0.190527	0.0239035	0.981391
0.19053	0.023905	0.98139
0.190529	0.0239042	0.981391
0.190529	0.0239015	0.981391
0.190528	0.0239022	0.981391
0.190528	0.0239011	0.981391
0.190536	0.0238931	0.981389
0.19054	0.0238946	0.981389
0.190538	0.0238939	0.981389
0.190539	0.0238916	0.981389
0.190537	0.0238919	0.981389
0.190539	0.0238911	0.981389
0.19055	0.0238857	0.981387
0.190554	0.0238877	0.981386
0.190552	0.0238867	0.981386
0.190553	0.0238854	0.981386
0.190552	0.0238851	0.981386
0.190553	0.0238848	0.981386
0.190564	0.0238841	0.981384
0.190568	0.0238869	0.981383
0.190566	0.0238856	0.981384
0.190566	0.0238852	0.981384
0.190566	0.0238844	0.981384
0.190567	0.0238847	0.981384
0.190572	0.0238889	0.981382
0.190576	0.0238926	0.981382
0.190574	0.0238909	0.981382
0.190573	0.0238913	0.981382
0.190573	0.02389	0.981382
0.190573	0.0238909	0.981382
0.190572	0.0238983	0.981382
0.190574	0.0239024	0.981382
0.190573	0.0239006	0.981382
0.190571	0.0239011	0.981382
0.190572	0.0238999	0.981382
0.190571	0.0239009	0.981382
0.190563	0.0239087	0.981384
0.190565	0.0239128	0.981383
0.190564	0.0239109	0.981384
0.190561	0.023911	0.981384
0.190562	0.0239102	0.981384
0.190561	0.0239109	0.981384
0.190549	0.0239161	0.981386
0.19055	0.0239197	0.981386
0.19055	0.023918	0.981386
0.190546	0.0239172	0.981387
0.190547	0.023917	0.981387
0.190546	0.0239172	0.981387
0.190535	0.0239177	0.981389
0.190536	0.0239205	0.981389
0.190536	0.0239192	0.981389
0.190533	0.0239173	0.981389
0.190534	0.0239177	0.981389
0.190533	0.0239173	0.981389
0.190527	0.0239129	0.981391
0.190529	0.0239149	0.98139
0.190528	0.0239139	0.981391
0.190527	0.0239113	0.981391
0.190526	0.0239121	0.981391
0.190526	0.0239111	0.981391
0.190514	0.0238905	0.981394
0.190516	0.0238921	0.981393
0.190516	0.0238919	0.981393
0.190515	0.023889	0.981394
0.190515	0.0238898	0.981394
0.190515	0.0238883	0.981394
0.190522	0.0238802	0.981392
0.190525	0.0238817	0.981392
0.190525	0.0238815	0.981392
0.190524	0.0238789	0.981392
0.190524	0.0238794	0.981392
0.190525	0.0238782	0.981392
0.190536	0.0238724	0.98139
0.190539	0.0238743	0.981389
0.190539	0.023874	0.981389
0.190537	0.0238718	0.98139
0.190538	0.0238722	0.981389
0.190539	0.0238715	0.981389
0.19055	0.0238702	0.981387
0.190553	0.0238726	0.981387
0.190553	0.0238723	0.981387
0.190551	0.0238705	0.981387
0.190552	0.0238709	0.981387
0.190553	0.0238707	0.981387
0.190559	0.0238744	0.981385
0.190562	0.0238774	0.981385
0.190562	0.023877	0.981385
0.190559	0.0238754	0.981385
0.19056	0.0238759	0.981385
0.19056	0.0238762	0.981385
0.190559	0.0238833	0.981385
0.190562	0.0238868	0.981385
0.190562	0.0238864	0.981385
0.190559	0.0238847	0.981385
0.19056	0.0238854	0.981385
0.190559	0.0238858	0.981385
0.190552	0.0238937	0.981386
0.190553	0.0238972	0.981386
0.190553	0.0238968	0.981386
0.19055	0.0238948	0.981387
0.190551	0.0238958	0.981387
0.190549	0.0238959	0.981387
0.190538	0.0239014	0.981389
0.190539	0.0239046	0.981389
0.190539	0.0239043	0.981389
0.190536	0.0239018	0.981389
0.190536	0.023903	0.981389
0.190535	0.0239027	0.981389
0.190524	0.0239037	0.981392
0.190525	0.0239063	0.981391
0.190525	0.023906	0.981391
0.190522	0.0239032	0.981392
0.190523	0.0239043	0.981392
0.190521	0.0239034	0.981392
0.190515	0.0238995	0.981393
0.190516	0.0239015	0.981393
0.190516	0.0239013	0.981393
0.190514	0.0238983	0.981394
0.190514	0.0238993	0.981393
0.190514	0.0238979	0.981394
0.190501	0.0238776	0.981397
0.190503	0.0238783	0.981396
0.190503	0.0238781	0.981396
0.190502	0.0238763	0.981396
0.190503	0.0238772	0.981396
0.190503	0.0238754	0.981396
0.190509	0.0238672	0.981395
0.190512	0.0238678	0.981395
0.190511	0.0238677	0.981395
0.190511	0.0238662	0.981395
0.190512	0.0238669	0.981395
0.190512	0.0238653	0.981395
0.190523	0.0238594	0.981393
0.190526	0.0238604	0.981392
0.190526	0.0238602	0.981392
0.190525	0.0238591	0.981392
0.190526	0.0238596	0.981392
0.190526	0.0238586	0.981392
0.190537	0.0238572	0.98139
0.19054	0.0238587	0.981389
0.19054	0.0238584	0.98139
0.190539	0.0238577	0.98139
0.19054	0.0238583	0.98139
0.19054	0.0238578	0.98139
0.190546	0.0238613	0.981388
0.190548	0.0238634	0.981388
0.190548	0.0238632	0.981388
0.190547	0.0238626	0.981388
0.190548	0.0238633	0.981388
0.190547	0.0238633	0.981388
0.190547	0.0238703	0.981388
0.190548	0.0238728	0.981388
0.190548	0.0238725	0.981388
0.190546	0.0238719	0.981388
0.190547	0.0238728	0.981388
0.190546	0.0238729	0.981388
0.190539	0.0238806	0.981389
0.190539	0.0238832	0.981389
0.190539	0.023883	0.981389
0.190537	0.023882	0.981389
0.190538	0.0238832	0.981389
0.190536	0.023883	0.98139
0.190525	0.0238884	0.981392
0.190525	0.0238907	0.981392
0.190525	0.0238905	0.981392
0.190523	0.0238891	0.981392
0.190524	0.0238904	0.981392
0.190522	0.0238897	0.981392
0.190511	0.0238906	0.981394
0.190511	0.0238924	0.981394
0.190511	0.0238922	0.981394
0.19051	0.0238904	0.981395
0.19051	0.0238917	0.981394
0.190509	0.0238905	0.981395
0.190502	0.0238865	0.981396
0.190503	0.0238876	0.981396
0.190503	0.0238875	0.981396
0.190502	0.0238855	0.981396
0.190502	0.0238867	0.981396
0.190501	0.023885	0.981396
0.190499	0.0238767	0.981397
0.1905	0.0238758	0.981397
0.1905	0.023876	0.981397
0.190501	0.0238755	0.981397
0.190501	0.0238764	0.981397
0.190501	0.0238746	0.981397
0.190507	0.0238663	0.981396
0.190508	0.0238654	0.981395
0.190508	0.0238655	0.981395
0.190509	0.0238654	0.981395
0.19051	0.023866	0.981395
0.19051	0.0238645	0.981395
0.190521	0.0238585	0.981393
0.190523	0.0238579	0.981393
0.190523	0.023858	0.981393
0.190523	0.0238583	0.981393
0.190524	0.0238588	0.981393
0.190525	0.0238577	0.981392
0.190535	0.0238563	0.98139
0.190537	0.0238562	0.98139
0.190537	0.0238563	0.98139
0.190537	0.0238569	0.98139
0.190538	0.0238574	0.98139
0.190538	0.0238569	0.98139
0.190544	0.0238604	0.981389
0.190545	0.023861	0.981388
0.190545	0.023861	0.981388
0.190545	0.0238618	0.981388
0.190546	0.0238624	0.981388
0.190545	0.0238624	0.981388
0.190545	0.0238693	0.981388
0.190545	0.0238703	0.981388
0.190545	0.0238703	0.981388
0.190544	0.0238711	0.981388
0.190546	0.0238719	0.981388
0.190544	0.023872	0.981388
0.190537	0.0238797	0.98139
0.190536	0.0238808	0.98139
0.190536	0.0238808	0.98139
0.190535	0.0238812	0.98139
0.190536	0.0238822	0.98139
0.190534	0.0238821	0.98139
0.190523	0.0238875	0.981392
0.190522	0.0238883	0.981392
0.190522	0.0238883	0.981392
0.190522	0.0238883	0.981392
0.190522	0.0238895	0.981392
0.19052	0.0238889	0.981393
0.190509	0.0238897	0.981395
0.190508	0.02389	0.981395
0.190508	0.02389	0.981395
0.190508	0.0238896	0.981395
0.190508	0.0238909	0.981395
0.190507	0.0238896	0.981395
0.1905	0.0238856	0.981397
0.1905	0.0238852	0.981397
0.1905	0.0238853	0.981397
0.1905	0.0238847	0.981397
0.1905	0.0238858	0.981397
0.190499	0.0238842	0.981397
0.190509	0.0238882	0.981395
0.190508	0.0238858	0.981395
0.190508	0.0238863	0.981395
0.19051	0.0238869	0.981395
0.19051	0.0238875	0.981395
0.190511	0.0238861	0.981394
0.190517	0.0238778	0.981393
0.190517	0.0238754	0.981394
0.190517	0.0238758	0.981393
0.190519	0.0238768	0.981393
0.19052	0.0238772	0.981393
0.19052	0.023876	0.981393
0.190531	0.02387	0.981391
0.190531	0.0238679	0.981391
0.190531	0.0238683	0.981391
0.190533	0.0238697	0.981391
0.190534	0.02387	0.98139
0.190535	0.0238693	0.98139
0.190545	0.0238678	0.981388
0.190545	0.0238662	0.981388
0.190545	0.0238665	0.981388
0.190547	0.0238683	0.981388
0.190548	0.0238686	0.981388
0.190548	0.0238685	0.981388
0.190554	0.0238719	0.981386
0.190554	0.0238709	0.981387
0.190554	0.0238712	0.981386
0.190555	0.0238732	0.981386
0.190556	0.0238736	0.981386
0.190555	0.0238739	0.981386
0.190555	0.0238808	0.981386
0.190553	0.0238803	0.981386
0.190554	0.0238806	0.981386
0.190554	0.0238825	0.981386
0.190555	0.0238831	0.981386
0.190554	0.0238835	0.981386
0.190547	0.0238912	0.981387
0.190545	0.0238907	0.981388
0.190545	0.023891	0.981388
0.190545	0.0238926	0.981388
0.190546	0.0238934	0.981387
0.190544	0.0238937	0.981388
0.190533	0.0238989	0.98139
0.190531	0.0238982	0.98139
0.190531	0.0238986	0.98139
0.190531	0.0238997	0.98139
0.190532	0.0239006	0.98139
0.19053	0.0239004	0.98139
0.190519	0.0239012	0.981392
0.190516	0.0238999	0.981393
0.190517	0.0239003	0.981393
0.190518	0.023901	0.981393
0.190518	0.023902	0.981393
0.190517	0.0239012	0.981393
0.19051	0.0238971	0.981394
0.190508	0.0238952	0.981395
0.190508	0.0238956	0.981395
0.19051	0.0238962	0.981394
0.19051	0.023897	0.981394
0.190509	0.0238958	0.981395
0.190527	0.0239077	0.981391
0.190525	0.0239044	0.981391
0.190525	0.0239051	0.981391
0.190528	0.0239062	0.981391
0.190528	0.0239065	0.981391
0.190528	0.0239057	0.981391
0.190535	0.0238974	0.98139
0.190534	0.023894	0.98139
0.190534	0.0238947	0.98139
0.190537	0.0238961	0.981389
0.190537	0.0238961	0.981389
0.190538	0.0238956	0.981389
0.190549	0.0238896	0.981387
0.190548	0.0238865	0.981387
0.190548	0.0238871	0.981387
0.19055	0.023889	0.981387
0.190551	0.0238889	0.981387
0.190552	0.0238888	0.981386
0.190563	0.0238873	0.981384
0.190562	0.0238848	0.981385
0.190562	0.0238854	0.981384
0.190564	0.0238876	0.981384
0.190565	0.0238875	0.981384
0.190566	0.023888	0.981384
0.190572	0.0238914	0.981383
0.19057	0.0238895	0.981383
0.190571	0.0238901	0.981383
0.190572	0.0238925	0.981382
0.190573	0.0238925	0.981382
0.190573	0.0238935	0.981382
0.190572	0.0239004	0.981382
0.19057	0.0238989	0.981383
0.190571	0.0238994	0.981382
0.190571	0.0239018	0.981382
0.190572	0.023902	0.981382
0.190572	0.0239031	0.981382
0.190564	0.0239107	0.981383
0.190561	0.0239093	0.981384
0.190562	0.0239099	0.981384
0.190563	0.0239119	0.981384
0.190563	0.0239124	0.981384
0.190562	0.0239132	0.981384
0.190551	0.0239185	0.981386
0.190547	0.0239168	0.981387
0.190548	0.0239174	0.981386
0.190549	0.023919	0.981386
0.190549	0.0239196	0.981386
0.190548	0.02392	0.981386
0.190537	0.0239208	0.981389
0.190533	0.0239185	0.981389
0.190534	0.0239192	0.981389
0.190535	0.0239203	0.981389
0.190535	0.023921	0.981389
0.190534	0.0239208	0.981389
0.190528	0.0239166	0.98139
0.190525	0.0239138	0.981391
0.190525	0.0239145	0.981391
0.190527	0.0239155	0.981391
0.190527	0.023916	0.981391
0.190527	0.0239153	0.981391
0.190546	0.0239278	0.981387
0.190544	0.0239245	0.981387
0.190544	0.0239253	0.981387
0.190546	0.023926	0.981387
0.190546	0.023926	0.981387
0.190547	0.0239257	0.981386
0.190554	0.0239175	0.981385
0.190552	0.023914	0.981386
0.190553	0.0239148	0.981386
0.190555	0.0239159	0.981385
0.190555	0.0239156	0.981385
0.190557	0.0239156	0.981385
0.190567	0.0239097	0.981383
0.190566	0.0239065	0.981383
0.190567	0.0239073	0.981383
0.190569	0.0239088	0.981383
0.190569	0.0239084	0.981383
0.190571	0.0239089	0.981382
0.190581	0.0239074	0.98138
0.19058	0.0239048	0.98138
0.190581	0.0239055	0.98138
0.190583	0.0239074	0.98138
0.190583	0.023907	0.98138
0.190584	0.0239081	0.98138
0.19059	0.0239115	0.981378
0.190589	0.0239096	0.981379
0.19059	0.0239103	0.981379
0.190591	0.0239123	0.981378
0.190591	0.023912	0.981378
0.190592	0.0239135	0.981378
0.190591	0.0239205	0.981378
0.190589	0.0239189	0.981379
0.19059	0.0239196	0.981378
0.19059	0.0239216	0.981378
0.190591	0.0239215	0.981378
0.19059	0.0239232	0.981378
0.190583	0.0239308	0.981379
0.19058	0.0239294	0.98138
0.190581	0.0239301	0.98138
0.190581	0.0239317	0.98138
0.190581	0.0239319	0.98138
0.190581	0.0239333	0.98138
0.19057	0.0239386	0.981382
0.190566	0.0239369	0.981383
0.190567	0.0239376	0.981382
0.190567	0.0239388	0.981382
0.190567	0.0239391	0.981382
0.190567	0.02394	0.981382
0.190556	0.0239409	0.981384
0.190552	0.0239386	0.981385
0.190553	0.0239393	0.981385
0.190554	0.0239401	0.981385
0.190553	0.0239405	0.981385
0.190553	0.0239408	0.981385
0.190546	0.0239367	0.981386
0.190543	0.0239338	0.981387
0.190544	0.0239346	0.981387
0.190546	0.0239353	0.981386
0.190545	0.0239355	0.981387
0.190546	0.0239354	0.981386
0.190559	0.0239408	0.981384
0.190557	0.0239383	0.981384
0.190558	0.023939	0.981384
0.190559	0.0239387	0.981384
0.190558	0.0239385	0.981384
0.19056	0.0239386	0.981384
0.190566	0.0239304	0.981383
0.190566	0.0239279	0.981383
0.190566	0.0239286	0.981383
0.190568	0.0239286	0.981382
0.190567	0.0239282	0.981382
0.190569	0.0239285	0.981382
0.19058	0.0239227	0.98138
0.19058	0.0239204	0.98138
0.19058	0.0239211	0.98138
0.190581	0.0239215	0.98138
0.190581	0.023921	0.98138
0.190584	0.0239218	0.981379
0.190594	0.0239204	0.981377
0.190594	0.0239187	0.981378
0.190594	0.0239194	0.981377
0.190595	0.0239202	0.981377
0.190595	0.0239196	0.981377
0.190597	0.023921	0.981377
0.190603	0.0239246	0.981376
0.190603	0.0239235	0.981376
0.190603	0.0239241	0.981376
0.190603	0.023925	0.981376
0.190603	0.0239247	0.981376
0.190605	0.0239265	0.981375
0.190604	0.0239335	0.981375
0.190602	0.0239329	0.981376
0.190603	0.0239335	0.981375
0.190603	0.0239343	0.981375
0.190603	0.0239342	0.981375
0.190603	0.0239361	0.981375
0.190596	0.0239439	0.981377
0.190594	0.0239433	0.981377
0.190594	0.0239439	0.981377
0.190594	0.0239444	0.981377
0.190594	0.0239445	0.981377
0.190593	0.0239463	0.981377
0.190582	0.0239517	0.981379
0.19058	0.0239508	0.98138
0.19058	0.0239514	0.981379
0.19058	0.0239515	0.981379
0.19058	0.0239517	0.98138
0.190579	0.023953	0.98138
0.190568	0.0239539	0.981382
0.190566	0.0239525	0.981382
0.190566	0.0239532	0.981382
0.190566	0.0239529	0.981382
0.190566	0.0239531	0.981382
0.190566	0.0239537	0.981382
0.190559	0.0239497	0.981384
0.190557	0.0239477	0.981384
0.190558	0.0239484	0.981384
0.190558	0.023948	0.981384
0.190558	0.023948	0.981384
0.190558	0.0239483	0.981384
0.19056	0.0239417	0.981383
0.19056	0.0239407	0.981384
0.190561	0.0239412	0.981383
0.19056	0.0239395	0.981384
0.19056	0.0239394	0.981384
0.190562	0.0239394	0.981383
0.190568	0.0239313	0.981382
0.190569	0.0239303	0.981382
0.190569	0.0239307	0.981382
0.190569	0.0239294	0.981382
0.190569	0.0239291	0.981382
0.190571	0.0239293	0.981382
0.190582	0.0239236	0.98138
0.190583	0.0239229	0.98138
0.190583	0.0239232	0.981379
0.190583	0.0239223	0.98138
0.190583	0.0239218	0.98138
0.190585	0.0239226	0.981379
0.190596	0.0239214	0.981377
0.190597	0.0239212	0.981377
0.190597	0.0239215	0.981377
0.190597	0.023921	0.981377
0.190597	0.0239205	0.981377
0.190599	0.0239219	0.981376
0.190605	0.0239255	0.981375
0.190606	0.023926	0.981375
0.190606	0.0239263	0.981375
0.190605	0.0239259	0.981375
0.190605	0.0239256	0.981375
0.190606	0.0239274	0.981375
0.190606	0.0239345	0.981375
0.190606	0.0239354	0.981375
0.190606	0.0239357	0.981375
0.190604	0.0239352	0.981375
0.190605	0.0239351	0.981375
0.190605	0.023937	0.981375
0.190598	0.0239448	0.981376
0.190597	0.0239458	0.981376
0.190597	0.0239461	0.981376
0.190595	0.0239453	0.981377
0.190596	0.0239454	0.981377
0.190595	0.0239471	0.981377
0.190584	0.0239526	0.981379
0.190583	0.0239533	0.981379
0.190583	0.0239536	0.981379
0.190582	0.0239523	0.981379
0.190581	0.0239526	0.981379
0.190581	0.0239538	0.981379
0.19057	0.0239548	0.981381
0.190569	0.0239549	0.981382
0.190569	0.0239553	0.981381
0.190568	0.0239537	0.981382
0.190568	0.023954	0.981382
0.190568	0.0239546	0.981382
0.190561	0.0239507	0.981383
0.19056	0.0239501	0.981383
0.19056	0.0239506	0.981383
0.19056	0.0239488	0.981383
0.190559	0.0239489	0.981384
0.19056	0.0239491	0.981383
0.190551	0.0239302	0.981386
0.190552	0.0239308	0.981385
0.190552	0.0239309	0.981385
0.190551	0.023928	0.981386
0.19055	0.0239282	0.981386
0.190552	0.0239279	0.981386
0.190558	0.0239198	0.981384
0.190561	0.0239203	0.981384
0.190561	0.0239204	0.981384
0.19056	0.0239179	0.981384
0.190559	0.0239179	0.981384
0.190561	0.0239178	0.981384
0.190572	0.0239121	0.981382
0.190575	0.0239129	0.981381
0.190575	0.023913	0.981381
0.190573	0.0239109	0.981382
0.190574	0.0239107	0.981382
0.190576	0.0239111	0.981381
0.190586	0.0239099	0.981379
0.190589	0.0239112	0.981379
0.190589	0.0239113	0.981379
0.190587	0.0239096	0.981379
0.190588	0.0239093	0.981379
0.190589	0.0239103	0.981379
0.190595	0.023914	0.981377
0.190597	0.023916	0.981377
0.190597	0.023916	0.981377
0.190595	0.0239145	0.981377
0.190596	0.0239144	0.981377
0.190596	0.0239158	0.981377
0.190596	0.023923	0.981377
0.190597	0.0239254	0.981377
0.190597	0.0239254	0.981377
0.190595	0.0239238	0.981377
0.190595	0.0239239	0.981377
0.190595	0.0239255	0.981377
0.190588	0.0239334	0.981378
0.190588	0.0239358	0.981378
0.190589	0.0239358	0.981378
0.190586	0.0239339	0.981379
0.190586	0.0239343	0.981379
0.190585	0.0239356	0.981379
0.190574	0.0239411	0.981381
0.190574	0.0239433	0.981381
0.190575	0.0239433	0.981381
0.190572	0.0239409	0.981381
0.190572	0.0239415	0.981381
0.190571	0.0239423	0.981381
0.19056	0.0239433	0.981383
0.19056	0.0239449	0.981383
0.19056	0.023945	0.981383
0.190558	0.0239422	0.981384
0.190558	0.0239428	0.981384
0.190558	0.023943	0.981384
0.190551	0.0239391	0.981385
0.190552	0.0239402	0.981385
0.190552	0.0239403	0.981385
0.19055	0.0239373	0.981386
0.19055	0.0239377	0.981386
0.19055	0.0239375	0.981386
0.190533	0.0239106	0.98139
0.190535	0.0239122	0.981389
0.190535	0.0239121	0.981389
0.190533	0.0239088	0.98139
0.190533	0.0239093	0.98139
0.190534	0.0239083	0.981389
0.190541	0.0239003	0.981388
0.190544	0.0239018	0.981388
0.190544	0.0239016	0.981388
0.190542	0.0238987	0.981388
0.190542	0.0238989	0.981388
0.190544	0.0238982	0.981388
0.190554	0.0238925	0.981386
0.190558	0.0238943	0.981385
0.190558	0.0238941	0.981385
0.190556	0.0238916	0.981386
0.190557	0.0238917	0.981385
0.190558	0.0238915	0.981385
0.190568	0.0238903	0.981383
0.190572	0.0238927	0.981382
0.190572	0.0238924	0.981382
0.19057	0.0238903	0.981383
0.19057	0.0238904	0.981383
0.190571	0.0238908	0.981383
0.190578	0.0238945	0.981381
0.190581	0.0238975	0.981381
0.19058	0.0238972	0.981381
0.190578	0.0238952	0.981381
0.190579	0.0238955	0.981381
0.190579	0.0238963	0.981381
0.190578	0.0239035	0.981381
0.190581	0.0239068	0.98138
0.19058	0.0239066	0.98138
0.190577	0.0239045	0.981381
0.190578	0.023905	0.981381
0.190577	0.0239059	0.981381
0.19057	0.0239138	0.981382
0.190572	0.0239173	0.981382
0.190572	0.023917	0.981382
0.190568	0.0239146	0.981383
0.190569	0.0239153	0.981382
0.190568	0.023916	0.981383
0.190557	0.0239216	0.981385
0.190558	0.0239247	0.981384
0.190558	0.0239245	0.981384
0.190554	0.0239216	0.981385
0.190555	0.0239225	0.981385
0.190553	0.0239227	0.981385
0.190543	0.0239238	0.981387
0.190544	0.0239264	0.981387
0.190543	0.0239262	0.981387
0.190541	0.023923	0.981388
0.190541	0.0239238	0.981388
0.19054	0.0239235	0.981388
0.190534	0.0239196	0.981389
0.190535	0.0239216	0.981389
0.190535	0.0239214	0.981389
0.190533	0.023918	0.981389
0.190533	0.0239188	0.981389
0.190533	0.023918	0.981389
0.190521	0.0239002	0.981392
0.190524	0.0239018	0.981392
0.190524	0.0239015	0.981392
0.190522	0.0238982	0.981392
0.190522	0.0238992	0.981392
0.190522	0.0238978	0.981392
0.190529	0.0238897	0.981391
0.190532	0.0238911	0.98139
0.190532	0.0238908	0.98139
0.19053	0.0238878	0.981391
0.190531	0.0238885	0.981391
0.190532	0.0238873	0.98139
0.190542	0.0238812	0.981389
0.190546	0.0238831	0.981388
0.190546	0.0238827	0.981388
0.190544	0.0238801	0.981388
0.190545	0.0238806	0.981388
0.190546	0.0238799	0.981388
0.190557	0.0238781	0.981386
0.190561	0.0238806	0.981385
0.19056	0.0238802	0.981385
0.190558	0.0238781	0.981385
0.190559	0.0238785	0.981385
0.19056	0.0238784	0.981385
0.190567	0.0238816	0.981384
0.19057	0.0238847	0.981383
0.19057	0.0238843	0.981383
0.190567	0.0238824	0.981384
0.190568	0.0238829	0.981383
0.190568	0.0238834	0.981383
0.190569	0.0238902	0.981383
0.190571	0.0238939	0.981383
0.190571	0.0238935	0.981383
0.190567	0.0238915	0.981383
0.190569	0.0238922	0.981383
0.190568	0.0238929	0.981383
0.190562	0.0239008	0.981384
0.190563	0.0239045	0.981384
0.190563	0.0239041	0.981384
0.190559	0.0239019	0.981385
0.19056	0.0239028	0.981384
0.190559	0.0239033	0.981385
0.190548	0.0239093	0.981387
0.190549	0.0239126	0.981386
0.190549	0.0239123	0.981386
0.190545	0.0239095	0.981387
0.190546	0.0239107	0.981387
0.190544	0.0239107	0.981387
0.190533	0.0239123	0.981389
0.190534	0.0239151	0.981389
0.190534	0.0239148	0.981389
0.190531	0.0239116	0.98139
0.190532	0.0239129	0.98139
0.19053	0.0239122	0.98139
0.190523	0.0239089	0.981391
0.190525	0.0239109	0.981391
0.190524	0.0239106	0.981391
0.190522	0.0239073	0.981392
0.190523	0.0239085	0.981392
0.190522	0.0239073	0.981392
0.190507	0.0238858	0.981395
0.190509	0.0238865	0.981395
0.190509	0.0238863	0.981395
0.190508	0.023884	0.981395
0.190508	0.0238851	0.981395
0.190508	0.0238833	0.981395
0.190514	0.0238752	0.981394
0.190517	0.0238758	0.981393
0.190517	0.0238756	0.981394
0.190516	0.0238736	0.981394
0.190517	0.0238745	0.981394
0.190517	0.0238729	0.981394
0.190528	0.0238667	0.981392
0.190531	0.0238677	0.981391
0.190531	0.0238674	0.981391
0.19053	0.0238659	0.981391
0.190531	0.0238666	0.981391
0.190532	0.0238654	0.981391
0.190543	0.0238636	0.981389
0.190546	0.0238652	0.981388
0.190545	0.0238649	0.981388
0.190544	0.0238639	0.981389
0.190545	0.0238644	0.981388
0.190546	0.0238639	0.981388
0.190553	0.0238671	0.981387
0.190555	0.0238694	0.981386
0.190555	0.023869	0.981386
0.190553	0.0238682	0.981387
0.190555	0.0238688	0.981386
0.190554	0.0238688	0.981386
0.190555	0.0238757	0.981386
0.190556	0.0238785	0.981386
0.190556	0.0238782	0.981386
0.190554	0.0238773	0.981386
0.190555	0.0238781	0.981386
0.190554	0.0238783	0.981386
0.190547	0.0238863	0.981387
0.190548	0.0238891	0.981387
0.190548	0.0238889	0.981387
0.190545	0.0238876	0.981388
0.190547	0.0238887	0.981387
0.190545	0.0238888	0.981388
0.190534	0.0238947	0.98139
0.190534	0.0238972	0.98139
0.190534	0.023897	0.98139
0.190531	0.0238953	0.98139
0.190532	0.0238967	0.98139
0.19053	0.0238962	0.98139
0.190519	0.0238978	0.981393
0.19052	0.0238997	0.981392
0.190519	0.0238995	0.981392
0.190517	0.0238974	0.981393
0.190518	0.0238988	0.981393
0.190516	0.0238977	0.981393
0.190509	0.0238944	0.981395
0.19051	0.0238956	0.981394
0.19051	0.0238954	0.981394
0.190508	0.0238931	0.981395
0.190509	0.0238944	0.981395
0.190508	0.0238928	0.981395
0.190505	0.023884	0.981396
0.190505	0.0238831	0.981396
0.190505	0.0238832	0.981396
0.190506	0.0238824	0.981396
0.190506	0.0238835	0.981395
0.190506	0.0238815	0.981396
0.190512	0.0238734	0.981395
0.190513	0.0238725	0.981394
0.190513	0.0238726	0.981394
0.190514	0.023872	0.981394
0.190514	0.0238728	0.981394
0.190515	0.0238711	0.981394
0.190525	0.0238649	0.981392
0.190527	0.0238643	0.981392
0.190527	0.0238644	0.981392
0.190528	0.0238643	0.981392
0.190528	0.0238649	0.981392
0.190529	0.0238637	0.981391
0.19054	0.0238618	0.981389
0.190542	0.0238618	0.981389
0.190542	0.0238619	0.981389
0.190542	0.0238622	0.981389
0.190543	0.0238627	0.981389
0.190543	0.0238621	0.981389
0.19055	0.0238652	0.981387
0.190551	0.0238659	0.981387
0.190551	0.0238659	0.981387
0.190551	0.0238665	0.981387
0.190552	0.0238671	0.981387
0.190551	0.023867	0.981387
0.190552	0.0238739	0.981387
0.190552	0.0238751	0.981387
0.190552	0.0238751	0.981387
0.190551	0.0238756	0.981387
0.190553	0.0238764	0.981387
0.190551	0.0238765	0.981387
0.190545	0.0238844	0.981388
0.190544	0.0238857	0.981388
0.190544	0.0238858	0.981388
0.190543	0.023886	0.981388
0.190544	0.023887	0.981388
0.190542	0.0238869	0.981388
0.190531	0.0238929	0.98139
0.19053	0.0238938	0.981391
0.19053	0.0238939	0.981391
0.190529	0.0238937	0.981391
0.19053	0.0238949	0.981391
0.190528	0.0238944	0.981391
0.190517	0.023896	0.981393
0.190515	0.0238963	0.981393
0.190515	0.0238965	0.981393
0.190515	0.0238958	0.981393
0.190515	0.0238971	0.981393
0.190514	0.0238959	0.981394
0.190506	0.0238926	0.981395
0.190506	0.0238922	0.981395
0.190506	0.0238924	0.981395
0.190506	0.0238915	0.981395
0.190506	0.0238928	0.981395
0.190505	0.023891	0.981395
0.190514	0.0238955	0.981394
0.190513	0.023893	0.981394
0.190514	0.0238936	0.981394
0.190515	0.0238939	0.981393
0.190515	0.0238948	0.981393
0.190515	0.0238932	0.981393
0.190522	0.023885	0.981392
0.190521	0.0238823	0.981393
0.190522	0.0238829	0.981392
0.190524	0.0238836	0.981392
0.190524	0.0238842	0.981392
0.190524	0.0238827	0.981392
0.190535	0.0238765	0.98139
0.190535	0.0238742	0.98139
0.190536	0.0238747	0.98139
0.190537	0.0238758	0.98139
0.190538	0.0238762	0.981389
0.190539	0.0238753	0.981389
0.19055	0.0238733	0.981387
0.19055	0.0238717	0.981387
0.19055	0.0238722	0.981387
0.190551	0.0238737	0.981387
0.190552	0.023874	0.981387
0.190553	0.0238737	0.981387
0.19056	0.0238767	0.981385
0.190559	0.0238758	0.981385
0.19056	0.0238762	0.981385
0.19056	0.023878	0.981385
0.190562	0.0238784	0.981385
0.190561	0.0238786	0.981385
0.190562	0.0238854	0.981385
0.19056	0.0238849	0.981385
0.190561	0.0238853	0.981385
0.190561	0.0238871	0.981385
0.190562	0.0238877	0.981384
0.190561	0.023888	0.981385
0.190554	0.0238959	0.981386
0.190552	0.0238956	0.981386
0.190553	0.023896	0.981386
0.190552	0.0238975	0.981386
0.190554	0.0238983	0.981386
0.190552	0.0238985	0.981386
0.190541	0.0239044	0.981388
0.190538	0.0239037	0.981389
0.190539	0.0239042	0.981389
0.190539	0.0239052	0.981389
0.190539	0.0239063	0.981388
0.190537	0.023906	0.981389
0.190526	0.0239076	0.981391
0.190524	0.0239062	0.981391
0.190524	0.0239068	0.981391
0.190525	0.0239073	0.981391
0.190525	0.0239085	0.981391
0.190523	0.0239075	0.981391
0.190516	0.0239042	0.981393
0.190514	0.0239021	0.981393
0.190514	0.0239027	0.981393
0.190516	0.023903	0.981393
0.190516	0.0239041	0.981393
0.190515	0.0239026	0.981393
0.190533	0.023916	0.981389
0.190531	0.0239124	0.98139
0.190531	0.0239133	0.98139
0.190534	0.0239143	0.981389
0.190533	0.0239148	0.981389
0.190534	0.0239137	0.981389
0.19054	0.0239054	0.981388
0.190539	0.0239017	0.981389
0.190539	0.0239026	0.981389
0.190542	0.0239039	0.981388
0.190542	0.0239042	0.981388
0.190543	0.0239033	0.981388
0.190553	0.023897	0.981386
0.190553	0.0238936	0.981386
0.190553	0.0238944	0.981386
0.190556	0.0238962	0.981386
0.190556	0.0238962	0.981385
0.190557	0.0238958	0.981385
0.190568	0.0238938	0.981383
0.190567	0.023891	0.981383
0.190568	0.0238919	0.981383
0.19057	0.023894	0.981383
0.19057	0.023894	0.981383
0.190571	0.0238942	0.981383
0.190578	0.0238972	0.981381
0.190577	0.0238951	0.981381
0.190578	0.0238959	0.981381
0.190579	0.0238983	0.981381
0.19058	0.0238984	0.981381
0.19058	0.0238991	0.981381
0.19058	0.0239059	0.981381
0.190578	0.0239042	0.981381
0.190578	0.0239051	0.981381
0.190579	0.0239074	0.981381
0.19058	0.0239077	0.98138
0.190579	0.0239086	0.981381
0.190573	0.0239164	0.981382
0.190569	0.0239149	0.981382
0.19057	0.0239158	0.981382
0.190571	0.0239178	0.981382
0.190572	0.0239183	0.981382
0.19057	0.0239191	0.981382
0.190559	0.0239249	0.981384
0.190555	0.023923	0.981385
0.190556	0.0239239	0.981385
0.190557	0.0239255	0.981385
0.190558	0.0239263	0.981384
0.190556	0.0239265	0.981385
0.190545	0.0239281	0.981387
0.190541	0.0239255	0.981388
0.190542	0.0239265	0.981387
0.190543	0.0239276	0.981387
0.190543	0.0239285	0.981387
0.190542	0.0239281	0.981387
0.190535	0.0239247	0.981389
0.190531	0.0239215	0.98139
0.190532	0.0239224	0.981389
0.190534	0.0239233	0.981389
0.190534	0.0239241	0.981389
0.190534	0.0239232	0.981389
0.190553	0.0239376	0.981385
0.19055	0.0239338	0.981386
0.190551	0.0239349	0.981385
0.190553	0.0239356	0.981385
0.190553	0.0239359	0.981385
0.190554	0.0239354	0.981385
0.19056	0.0239271	0.981384
0.190559	0.0239231	0.981384
0.190559	0.0239242	0.981384
0.190562	0.0239252	0.981384
0.190562	0.0239252	0.981384
0.190563	0.0239249	0.981383
0.190574	0.0239186	0.981381
0.190572	0.023915	0.981382
0.190573	0.023916	0.981382
0.190576	0.0239175	0.981381
0.190576	0.0239173	0.981381
0.190578	0.0239175	0.981381
0.190588	0.0239155	0.981379
0.190587	0.0239125	0.981379
0.190588	0.0239135	0.981379
0.19059	0.0239154	0.981378
0.19059	0.0239151	0.981378
0.190592	0.0239159	0.981378
0.190598	0.0239189	0.981377
0.190597	0.0239166	0.981377
0.190598	0.0239176	0.981377
0.190599	0.0239197	0.981377
0.190599	0.0239195	0.981376
0.1906	0.0239208	0.981376
0.1906	0.0239275	0.981376
0.190597	0.0239257	0.981377
0.190599	0.0239267	0.981376
0.190599	0.0239287	0.981376
0.1906	0.0239288	0.981376
0.1906	0.0239303	0.981376
0.190593	0.0239381	0.981377
0.190589	0.0239364	0.981378
0.19059	0.0239374	0.981378
0.190591	0.0239391	0.981378
0.190591	0.0239394	0.981378
0.19059	0.0239408	0.981378
0.19058	0.0239466	0.98138
0.190575	0.0239445	0.98138
0.190576	0.0239456	0.98138
0.190577	0.0239468	0.98138
0.190577	0.0239474	0.98138
0.190576	0.0239482	0.98138
0.190565	0.0239497	0.981382
0.190561	0.023947	0.981383
0.190562	0.0239481	0.981383
0.190563	0.023949	0.981383
0.190563	0.0239496	0.981383
0.190562	0.0239498	0.981383
0.190555	0.0239463	0.981384
0.190551	0.0239429	0.981385
0.190552	0.023944	0.981385
0.190554	0.0239446	0.981385
0.190554	0.0239452	0.981385
0.190554	0.0239449	0.981385
0.190567	0.0239521	0.981382
0.190565	0.0239491	0.981382
0.190566	0.0239501	0.981382
0.190567	0.0239497	0.981382
0.190567	0.0239499	0.981382
0.190568	0.0239499	0.981382
0.190574	0.0239415	0.981381
0.190573	0.0239384	0.981381
0.190574	0.0239394	0.981381
0.190576	0.0239393	0.981381
0.190575	0.0239393	0.981381
0.190577	0.0239394	0.98138
0.190588	0.023933	0.981378
0.190587	0.0239303	0.981379
0.190588	0.0239312	0.981378
0.190589	0.0239316	0.981378
0.190589	0.0239314	0.981378
0.190592	0.023932	0.981378
0.190602	0.0239299	0.981376
0.190602	0.0239278	0.981376
0.190603	0.0239287	0.981376
0.190603	0.0239296	0.981375
0.190604	0.0239292	0.981375
0.190606	0.0239304	0.981375
0.190612	0.0239334	0.981374
0.190611	0.023932	0.981374
0.190612	0.0239328	0.981374
0.190612	0.0239339	0.981374
0.190613	0.0239336	0.981373
0.190614	0.0239354	0.981373
0.190614	0.023942	0.981373
0.190612	0.0239411	0.981373
0.190613	0.023942	0.981373
0.190613	0.023943	0.981373
0.190613	0.0239429	0.981373
0.190614	0.0239449	0.981373
0.190607	0.0239526	0.981374
0.190604	0.0239518	0.981375
0.190605	0.0239527	0.981375
0.190605	0.0239534	0.981375
0.190605	0.0239535	0.981375
0.190605	0.0239553	0.981375
0.190594	0.0239611	0.981377
0.19059	0.0239599	0.981377
0.190591	0.0239608	0.981377
0.190591	0.0239611	0.981377
0.190591	0.0239615	0.981377
0.19059	0.0239628	0.981377
0.190579	0.0239642	0.981379
0.190576	0.0239624	0.98138
0.190577	0.0239633	0.98138
0.190577	0.0239632	0.98138
0.190576	0.0239636	0.98138
0.190576	0.0239643	0.98138
0.190569	0.0239608	0.981381
0.190566	0.0239582	0.981382
0.190567	0.0239593	0.981382
0.190568	0.0239588	0.981382
0.190567	0.0239592	0.981382
0.190568	0.0239594	0.981382
0.19057	0.0239539	0.981381
0.190569	0.0239525	0.981381
0.19057	0.0239531	0.981381
0.19057	0.0239513	0.981381
0.190569	0.0239516	0.981381
0.190571	0.0239517	0.981381
0.190577	0.0239433	0.98138
0.190577	0.0239418	0.98138
0.190578	0.0239424	0.98138
0.190578	0.0239409	0.98138
0.190578	0.0239409	0.98138
0.19058	0.0239412	0.98138
0.19059	0.0239349	0.981378
0.190591	0.0239337	0.981378
0.190592	0.0239343	0.981378
0.190592	0.0239333	0.981378
0.190592	0.023933	0.981378
0.190594	0.0239338	0.981377
0.190605	0.0239318	0.981375
0.190606	0.0239312	0.981375
0.190607	0.0239318	0.981375
0.190606	0.0239312	0.981375
0.190606	0.0239309	0.981375
0.190608	0.0239323	0.981374
0.190615	0.0239352	0.981373
0.190616	0.0239354	0.981373
0.190616	0.0239359	0.981373
0.190615	0.0239356	0.981373
0.190616	0.0239353	0.981373
0.190617	0.0239372	0.981373
0.190617	0.0239439	0.981372
0.190616	0.0239445	0.981373
0.190617	0.0239451	0.981372
0.190615	0.0239447	0.981373
0.190616	0.0239446	0.981373
0.190616	0.0239467	0.981372
0.19061	0.0239545	0.981374
0.190608	0.0239552	0.981374
0.190609	0.0239558	0.981374
0.190607	0.023955	0.981374
0.190608	0.0239553	0.981374
0.190607	0.0239572	0.981374
0.190596	0.0239629	0.981376
0.190594	0.0239633	0.981376
0.190595	0.0239639	0.981376
0.190593	0.0239627	0.981377
0.190593	0.0239632	0.981377
0.190593	0.0239646	0.981377
0.190582	0.023966	0.981379
0.19058	0.0239657	0.981379
0.190581	0.0239664	0.981379
0.190579	0.0239648	0.981379
0.190579	0.0239653	0.981379
0.190579	0.0239661	0.981379
0.190572	0.0239626	0.981381
0.19057	0.0239616	0.981381
0.190571	0.0239623	0.981381
0.19057	0.0239604	0.981381
0.19057	0.0239609	0.981381
0.190571	0.0239612	0.981381
0.19056	0.0239423	0.981384
0.190561	0.0239426	0.981383
0.190561	0.0239428	0.981383
0.19056	0.0239398	0.981384
0.19056	0.0239402	0.981384
0.190561	0.02394	0.981383
0.190567	0.0239318	0.981382
0.190569	0.0239319	0.981382
0.190569	0.0239321	0.981382
0.190568	0.0239294	0.981382
0.190568	0.0239296	0.981382
0.19057	0.0239296	0.981382
0.190581	0.0239233	0.98138
0.190583	0.0239238	0.981379
0.190583	0.023924	0.981379
0.190582	0.0239217	0.98138
0.190582	0.0239217	0.98138
0.190585	0.0239222	0.981379
0.190595	0.0239203	0.981377
0.190598	0.0239214	0.981377
0.190598	0.0239215	0.981377
0.190596	0.0239197	0.981377
0.190597	0.0239196	0.981377
0.190599	0.0239207	0.981377
0.190605	0.0239237	0.981375
0.190607	0.0239255	0.981375
0.190608	0.0239256	0.981375
0.190605	0.0239241	0.981375
0.190606	0.023924	0.981375
0.190607	0.0239256	0.981375
0.190607	0.0239324	0.981375
0.190608	0.0239347	0.981374
0.190609	0.0239348	0.981374
0.190606	0.0239332	0.981375
0.190607	0.0239333	0.981375
0.190607	0.0239351	0.981375
0.1906	0.023943	0.981376
0.1906	0.0239453	0.981376
0.190601	0.0239455	0.981376
0.190597	0.0239435	0.981376
0.190598	0.023944	0.981376
0.190598	0.0239456	0.981376
0.190587	0.0239514	0.981378
0.190586	0.0239534	0.981378
0.190587	0.0239536	0.981378
0.190584	0.0239512	0.981379
0.190584	0.0239519	0.981379
0.190583	0.023953	0.981379
0.190572	0.0239545	0.981381
0.190572	0.0239559	0.981381
0.190572	0.0239561	0.981381
0.190569	0.0239532	0.981381
0.190569	0.023954	0.981381
0.190569	0.0239545	0.981381
0.190562	0.023951	0.981383
0.190562	0.0239517	0.981383
0.190562	0.023952	0.981383
0.19056	0.0239489	0.981383
0.19056	0.0239496	0.981383
0.190561	0.0239496	0.981383
0.190542	0.0239218	0.981388
0.190544	0.0239232	0.981387
0.190544	0.0239231	0.981387
0.190542	0.0239195	0.981388
0.190542	0.0239202	0.981388
0.190543	0.0239195	0.981387
0.190549	0.0239113	0.981386
0.190552	0.0239126	0.981386
0.190552	0.0239124	0.981386
0.19055	0.0239091	0.981386
0.19055	0.0239096	0.981386
0.190552	0.023909	0.981386
0.190562	0.0239028	0.981384
0.190566	0.0239045	0.981383
0.190566	0.0239043	0.981383
0.190564	0.0239014	0.981384
0.190564	0.0239017	0.981384
0.190566	0.0239016	0.981383
0.190577	0.0238998	0.981381
0.19058	0.023902	0.981381
0.19058	0.0239018	0.981381
0.190578	0.0238994	0.981381
0.190579	0.0238996	0.981381
0.19058	0.0239001	0.981381
0.190587	0.0239032	0.981379
0.19059	0.0239062	0.981379
0.19059	0.0239059	0.981379
0.190587	0.0239037	0.981379
0.190588	0.023904	0.981379
0.190589	0.0239051	0.981379
0.190589	0.0239119	0.981379
0.190591	0.0239153	0.981378
0.190591	0.0239151	0.981378
0.190587	0.0239128	0.981379
0.190588	0.0239133	0.981379
0.190588	0.0239146	0.981379
0.190582	0.0239225	0.98138
0.190583	0.023926	0.98138
0.190583	0.0239258	0.98138
0.190579	0.0239232	0.98138
0.19058	0.0239239	0.98138
0.190579	0.023925	0.98138
0.190568	0.0239309	0.981382
0.190569	0.0239341	0.981382
0.190569	0.0239339	0.981382
0.190565	0.0239309	0.981383
0.190566	0.0239318	0.981383
0.190565	0.0239324	0.981383
0.190554	0.023934	0.981385
0.190554	0.0239365	0.981385
0.190554	0.0239364	0.981385
0.190551	0.0239329	0.981385
0.190551	0.023934	0.981385
0.190551	0.0239339	0.981386
0.190543	0.0239305	0.981387
0.190545	0.0239324	0.981387
0.190545	0.0239322	0.981387
0.190542	0.0239286	0.981387
0.190542	0.0239295	0.981387
0.190542	0.023929	0.981387
0.190528	0.0239097	0.98139
0.190531	0.0239118	0.98139
0.190531	0.023912	0.98139
0.190529	0.0239085	0.98139
0.190529	0.0239091	0.98139
0.190529	0.0239073	0.98139
0.190535	0.0238987	0.981389
0.190539	0.0239006	0.981389
0.190539	0.0239007	0.981389
0.190537	0.0238976	0.981389
0.190537	0.023898	0.981389
0.190538	0.0238964	0.981389
0.190549	0.0238894	0.981387
0.190553	0.0238916	0.981386
0.190553	0.0238916	0.981386
0.190551	0.023889	0.981387
0.190552	0.0238892	0.981386
0.190553	0.0238881	0.981386
0.190564	0.0238855	0.981384
0.190568	0.0238882	0.981383
0.190568	0.0238882	0.981383
0.190566	0.0238861	0.981384
0.190567	0.0238862	0.981384
0.190568	0.0238858	0.981383
0.190575	0.0238884	0.981382
0.190579	0.0238918	0.981381
0.190579	0.0238917	0.981381
0.190576	0.0238898	0.981382
0.190577	0.0238901	0.981381
0.190577	0.0238902	0.981381
0.190578	0.023897	0.981381
0.190581	0.0239009	0.98138
0.190581	0.0239009	0.98138
0.190578	0.0238988	0.981381
0.190579	0.0238994	0.981381
0.190578	0.0238997	0.981381
0.190572	0.023908	0.981382
0.190574	0.0239121	0.981382
0.190574	0.0239121	0.981382
0.19057	0.0239097	0.981382
0.190571	0.0239105	0.981382
0.190569	0.0239107	0.981383
0.190558	0.0239173	0.981385
0.190559	0.0239211	0.981384
0.19056	0.0239212	0.981384
0.190556	0.0239183	0.981385
0.190557	0.0239192	0.981385
0.190554	0.023919	0.981385
0.190543	0.0239212	0.981387
0.190544	0.0239244	0.981387
0.190544	0.0239246	0.981387
0.190541	0.0239212	0.981388
0.190541	0.0239222	0.981388
0.19054	0.0239213	0.981388
0.190531	0.0239183	0.98139
0.190533	0.0239209	0.981389
0.190533	0.0239211	0.981389
0.190531	0.0239175	0.98139
0.190531	0.0239184	0.98139
0.19053	0.0239169	0.98139
0.190512	0.0238929	0.981394
0.190514	0.023894	0.981394
0.190514	0.023894	0.981394
0.190513	0.0238919	0.981394
0.190514	0.0238929	0.981394
0.190513	0.0238908	0.981394
0.190519	0.0238819	0.981393
0.190521	0.0238828	0.981392
0.190521	0.0238827	0.981393
0.190521	0.023881	0.981393
0.190522	0.0238818	0.981392
0.190522	0.0238798	0.981392
0.190532	0.0238726	0.981391
0.190536	0.0238738	0.98139
0.190536	0.0238737	0.98139
0.190535	0.0238724	0.98139
0.190536	0.023873	0.98139
0.190536	0.0238715	0.98139
0.190548	0.0238687	0.981388
0.190551	0.0238704	0.981387
0.190551	0.0238702	0.981387
0.19055	0.0238694	0.981387
0.190551	0.02387	0.981387
0.190551	0.0238692	0.981387
0.190559	0.0238715	0.981385
0.190562	0.0238739	0.981385
0.190562	0.0238737	0.981385
0.19056	0.0238731	0.981385
0.190562	0.0238738	0.981385
0.190561	0.0238736	0.981385
0.190562	0.0238801	0.981385
0.190564	0.023883	0.981384
0.190564	0.0238828	0.981384
0.190562	0.0238822	0.981385
0.190563	0.0238831	0.981384
0.190562	0.0238831	0.981385
0.190555	0.0238912	0.981386
0.190556	0.0238942	0.981385
0.190557	0.0238941	0.981385
0.190554	0.023893	0.981386
0.190555	0.0238942	0.981386
0.190553	0.0238941	0.981386
0.190542	0.0239004	0.981388
0.190542	0.0239032	0.981388
0.190542	0.0239031	0.981388
0.19054	0.0239016	0.981388
0.190541	0.0239029	0.981388
0.190538	0.0239023	0.981389
0.190526	0.0239044	0.981391
0.190527	0.0239066	0.981391
0.190527	0.0239066	0.981391
0.190525	0.0239046	0.981391
0.190525	0.023906	0.981391
0.190523	0.0239047	0.981392
0.190515	0.0239015	0.981393
0.190516	0.0239031	0.981393
0.190516	0.0239031	0.981393
0.190515	0.0239009	0.981393
0.190515	0.0239021	0.981393
0.190514	0.0239003	0.981394
0.190508	0.0238903	0.981395
0.190509	0.0238894	0.981395
0.190508	0.0238895	0.981395
0.190509	0.0238889	0.981395
0.19051	0.0238901	0.981395
0.19051	0.0238881	0.981395
0.190515	0.0238792	0.981394
0.190516	0.0238783	0.981394
0.190516	0.0238782	0.981394
0.190517	0.0238781	0.981393
0.190518	0.023879	0.981393
0.190518	0.0238771	0.981393
0.190529	0.0238699	0.981391
0.19053	0.0238692	0.981391
0.19053	0.0238691	0.981391
0.190531	0.0238695	0.981391
0.190532	0.0238702	0.981391
0.190533	0.0238688	0.981391
0.190544	0.0238659	0.981388
0.190546	0.0238658	0.981388
0.190546	0.0238656	0.981388
0.190546	0.0238665	0.981388
0.190548	0.0238672	0.981388
0.190548	0.0238664	0.981388
0.190555	0.0238688	0.981386
0.190557	0.0238693	0.981386
0.190557	0.0238691	0.981386
0.190556	0.0238701	0.981386
0.190558	0.023871	0.981386
0.190557	0.0238708	0.981386
0.190558	0.0238773	0.981385
0.190559	0.0238784	0.981385
0.190559	0.0238782	0.981385
0.190558	0.0238791	0.981386
0.190559	0.0238802	0.981385
0.190558	0.0238803	0.981385
0.190552	0.0238884	0.981386
0.190551	0.0238895	0.981387
0.190551	0.0238895	0.981387
0.19055	0.02389	0.981387
0.190551	0.0238913	0.981386
0.190549	0.0238913	0.981387
0.190538	0.0238977	0.981389
0.190537	0.0238986	0.981389
0.190537	0.0238986	0.981389
0.190536	0.0238986	0.981389
0.190537	0.0239001	0.981389
0.190535	0.0238996	0.981389
0.190523	0.0239017	0.981392
0.190521	0.023902	0.981392
0.190521	0.023902	0.981392
0.190521	0.0239016	0.981392
0.190522	0.0239032	0.981392
0.19052	0.023902	0.981392
0.190511	0.0238988	0.981394
0.190511	0.0238985	0.981394
0.19051	0.0238986	0.981394
0.190511	0.0238979	0.981394
0.190511	0.0238994	0.981394
0.19051	0.0238976	0.981394
0.190519	0.0239027	0.981393
0.190517	0.0238999	0.981393
0.190517	0.0239002	0.981393
0.190519	0.0239008	0.981392
0.19052	0.0239018	0.981392
0.19052	0.0239003	0.981392
0.190525	0.0238916	0.981391
0.190525	0.0238887	0.981392
0.190525	0.0238889	0.981392
0.190527	0.0238899	0.981391
0.190528	0.0238907	0.981391
0.190528	0.0238893	0.981391
0.190539	0.0238823	0.981389
0.190539	0.0238797	0.981389
0.190539	0.0238798	0.981389
0.190541	0.0238813	0.981389
0.190542	0.0238819	0.981389
0.190543	0.023881	0.981388
0.190555	0.0238783	0.981386
0.190554	0.0238763	0.981386
0.190554	0.0238763	0.981386
0.190556	0.0238783	0.981386
0.190557	0.0238788	0.981386
0.190558	0.0238786	0.981385
0.190566	0.0238811	0.981384
0.190565	0.0238797	0.981384
0.190565	0.0238797	0.981384
0.190566	0.023882	0.981384
0.190568	0.0238827	0.981384
0.190568	0.0238829	0.981384
0.190569	0.0238897	0.981383
0.190567	0.0238888	0.981383
0.190568	0.0238888	0.981383
0.190568	0.023891	0.981383
0.190569	0.0238919	0.981383
0.190568	0.0238924	0.981383
0.190562	0.0239008	0.981384
0.19056	0.0239	0.981385
0.19056	0.0239001	0.981385
0.19056	0.0239018	0.981385
0.190561	0.023903	0.981384
0.190559	0.0239034	0.981385
0.190548	0.02391	0.981387
0.190545	0.023909	0.981387
0.190546	0.0239092	0.981387
0.190546	0.0239104	0.981387
0.190547	0.0239118	0.981387
0.190545	0.0239117	0.981387
0.190533	0.0239141	0.981389
0.19053	0.0239125	0.98139
0.19053	0.0239127	0.98139
0.190531	0.0239135	0.98139
0.190532	0.0239149	0.98139
0.19053	0.0239141	0.98139
0.190522	0.0239112	0.981392
0.190519	0.023909	0.981392
0.190519	0.0239092	0.981392
0.190521	0.0239098	0.981392
0.190521	0.0239111	0.981392
0.19052	0.0239098	0.981392
0.190539	0.0239255	0.981388
0.190536	0.0239214	0.981389
0.190537	0.0239219	0.981389
0.190539	0.0239229	0.981388
0.190539	0.0239236	0.981388
0.19054	0.0239227	0.981388
0.190546	0.0239144	0.981387
0.190544	0.0239102	0.981387
0.190544	0.0239107	0.981387
0.190547	0.023912	0.981387
0.190547	0.0239124	0.981387
0.190549	0.0239117	0.981387
0.19056	0.0239051	0.981385
0.190558	0.0239012	0.981385
0.190558	0.0239016	0.981385
0.190561	0.0239034	0.981384
0.190561	0.0239037	0.981384
0.190563	0.0239034	0.981384
0.190575	0.0239011	0.981382
0.190574	0.0238977	0.981382
0.190574	0.023898	0.981382
0.190576	0.0239004	0.981381
0.190577	0.0239006	0.981381
0.190578	0.023901	0.981381
0.190586	0.0239039	0.981379
0.190584	0.0239012	0.98138
0.190585	0.0239015	0.98138
0.190586	0.0239041	0.981379
0.190587	0.0239044	0.981379
0.190588	0.0239054	0.981379
0.190589	0.0239125	0.981379
0.190586	0.0239103	0.981379
0.190587	0.0239106	0.981379
0.190588	0.0239131	0.981379
0.190589	0.0239136	0.981379
0.190588	0.0239149	0.981379
0.190583	0.0239235	0.98138
0.190579	0.0239215	0.98138
0.190579	0.0239218	0.98138
0.19058	0.0239239	0.98138
0.190581	0.0239248	0.98138
0.19058	0.0239259	0.98138
0.190569	0.0239328	0.981382
0.190565	0.0239305	0.981383
0.190565	0.023931	0.981383
0.190566	0.0239326	0.981383
0.190566	0.0239335	0.981383
0.190565	0.0239342	0.981383
0.190553	0.0239369	0.981385
0.190549	0.023934	0.981386
0.19055	0.0239345	0.981386
0.190551	0.0239356	0.981385
0.190551	0.0239366	0.981385
0.19055	0.0239366	0.981386
0.190542	0.023934	0.981387
0.190538	0.0239305	0.981388
0.190539	0.023931	0.981388
0.190541	0.0239319	0.981388
0.190541	0.0239328	0.981388
0.19054	0.0239322	0.981388
0.190562	0.0239499	0.981383
0.190559	0.0239457	0.981384
0.190559	0.0239465	0.981384
0.190561	0.0239468	0.981383
0.190561	0.0239471	0.981383
0.190562	0.0239468	0.981383
0.190569	0.0239388	0.981382
0.190566	0.0239345	0.981382
0.190567	0.0239352	0.981382
0.190569	0.023936	0.981382
0.190569	0.0239359	0.981382
0.190571	0.0239358	0.981382
0.190582	0.0239296	0.98138
0.190581	0.0239255	0.98138
0.190581	0.0239261	0.98138
0.190583	0.0239274	0.981379
0.190583	0.0239271	0.981379
0.190585	0.0239275	0.981379
0.190598	0.0239256	0.981377
0.190596	0.023922	0.981377
0.190597	0.0239226	0.981377
0.190598	0.0239244	0.981377
0.190599	0.0239241	0.981377
0.1906	0.0239251	0.981376
0.190609	0.0239284	0.981374
0.190607	0.0239255	0.981375
0.190608	0.0239261	0.981375
0.190608	0.023928	0.981375
0.190609	0.0239279	0.981374
0.19061	0.0239295	0.981374
0.190612	0.023937	0.981374
0.190609	0.0239346	0.981374
0.19061	0.0239352	0.981374
0.19061	0.0239371	0.981374
0.19061	0.0239371	0.981374
0.190611	0.023939	0.981374
0.190605	0.0239481	0.981375
0.190601	0.0239458	0.981375
0.190602	0.0239465	0.981375
0.190602	0.0239479	0.981375
0.190603	0.0239483	0.981375
0.190602	0.02395	0.981375
0.190592	0.0239573	0.981377
0.190587	0.0239549	0.981378
0.190588	0.0239556	0.981378
0.190588	0.0239565	0.981378
0.190588	0.023957	0.981378
0.190587	0.0239583	0.981378
0.190576	0.0239613	0.98138
0.190572	0.0239583	0.981381
0.190572	0.0239591	0.981381
0.190573	0.0239595	0.981381
0.190573	0.0239601	0.981381
0.190573	0.0239607	0.981381
0.190565	0.0239585	0.981382
0.190561	0.0239548	0.981383
0.190561	0.0239556	0.981383
0.190563	0.0239559	0.981383
0.190563	0.0239563	0.981383
0.190563	0.0239563	0.981383
0.190578	0.0239667	0.981379
0.190576	0.0239635	0.98138
0.190577	0.0239645	0.98138
0.190577	0.0239634	0.98138
0.190577	0.0239633	0.98138
0.190578	0.0239634	0.981379
0.190585	0.0239556	0.981378
0.190584	0.0239523	0.981379
0.190584	0.0239532	0.981379
0.190585	0.0239526	0.981378
0.190585	0.0239521	0.981379
0.190587	0.0239524	0.981378
0.190599	0.0239463	0.981376
0.190598	0.0239433	0.981376
0.190598	0.0239441	0.981376
0.190599	0.023944	0.981376
0.190599	0.0239434	0.981376
0.190602	0.0239441	0.981375
0.190614	0.0239424	0.981373
0.190613	0.0239399	0.981373
0.190614	0.0239406	0.981373
0.190614	0.023941	0.981373
0.190614	0.0239403	0.981373
0.190617	0.0239417	0.981373
0.190625	0.0239453	0.981371
0.190624	0.0239434	0.981371
0.190625	0.0239441	0.981371
0.190624	0.0239447	0.981371
0.190625	0.0239442	0.981371
0.190626	0.0239461	0.981371
0.190628	0.0239538	0.98137
0.190626	0.0239525	0.98137
0.190627	0.0239532	0.98137
0.190626	0.0239537	0.98137
0.190626	0.0239534	0.98137
0.190627	0.0239557	0.98137
0.190622	0.0239649	0.981371
0.190619	0.0239637	0.981372
0.19062	0.0239645	0.981371
0.190618	0.0239646	0.981372
0.190618	0.0239646	0.981372
0.190618	0.0239667	0.981372
0.190608	0.0239742	0.981373
0.190604	0.0239728	0.981374
0.190605	0.0239736	0.981374
0.190604	0.0239732	0.981374
0.190604	0.0239733	0.981374
0.190604	0.023975	0.981374
0.190593	0.0239782	0.981376
0.190589	0.0239761	0.981377
0.19059	0.0239771	0.981377
0.190589	0.0239762	0.981377
0.190589	0.0239764	0.981377
0.190589	0.0239773	0.981377
0.190581	0.0239753	0.981379
0.190578	0.0239726	0.981379
0.190579	0.0239736	0.981379
0.190579	0.0239725	0.981379
0.190578	0.0239725	0.981379
0.190579	0.0239729	0.981379
0.190582	0.0239694	0.981379
0.190581	0.0239681	0.981379
0.190582	0.023969	0.981379
0.190581	0.0239664	0.981379
0.19058	0.023966	0.981379
0.190582	0.0239661	0.981379
0.190589	0.0239583	0.981378
0.190589	0.0239569	0.981378
0.190589	0.0239577	0.981377
0.190589	0.0239555	0.981378
0.190588	0.0239549	0.981378
0.190591	0.0239551	0.981377
0.190602	0.0239491	0.981375
0.190603	0.0239479	0.981375
0.190604	0.0239486	0.981375
0.190603	0.0239469	0.981375
0.190603	0.0239462	0.981375
0.190605	0.0239468	0.981375
0.190618	0.0239451	0.981372
0.190619	0.0239445	0.981372
0.190619	0.0239452	0.981372
0.190618	0.023944	0.981372
0.190618	0.0239431	0.981372
0.19062	0.0239445	0.981372
0.190629	0.023948	0.98137
0.190629	0.023948	0.98137
0.19063	0.0239487	0.98137
0.190628	0.0239477	0.98137
0.190628	0.023947	0.98137
0.19063	0.0239489	0.98137
0.190632	0.0239566	0.981369
0.190631	0.0239571	0.981369
0.190632	0.0239579	0.981369
0.19063	0.0239568	0.98137
0.19063	0.0239563	0.98137
0.19063	0.0239585	0.981369
0.190625	0.0239677	0.98137
0.190624	0.0239683	0.98137
0.190625	0.0239691	0.98137
0.190622	0.0239676	0.981371
0.190622	0.0239674	0.981371
0.190622	0.0239695	0.981371
0.190612	0.0239769	0.981373
0.19061	0.0239774	0.981373
0.190611	0.0239782	0.981373
0.190608	0.0239762	0.981373
0.190608	0.0239762	0.981373
0.190607	0.0239777	0.981374
0.190596	0.0239809	0.981376
0.190594	0.0239807	0.981376
0.190595	0.0239817	0.981376
0.190593	0.0239792	0.981376
0.190592	0.0239792	0.981376
0.190592	0.0239801	0.981376
0.190585	0.023978	0.981378
0.190583	0.0239772	0.981378
0.190584	0.0239781	0.981378
0.190583	0.0239754	0.981378
0.190582	0.0239753	0.981378
0.190583	0.0239756	0.981378
0.190572	0.023957	0.981381
0.190573	0.0239576	0.981381
0.190573	0.0239583	0.981381
0.190571	0.0239545	0.981381
0.190571	0.0239543	0.981381
0.190572	0.0239539	0.981381
0.190578	0.0239459	0.98138
0.19058	0.0239464	0.98138
0.190581	0.0239471	0.981379
0.190579	0.0239436	0.98138
0.190579	0.0239432	0.98138
0.19058	0.0239429	0.98138
0.190592	0.0239367	0.981378
0.190594	0.0239374	0.981377
0.190595	0.023938	0.981377
0.190593	0.0239351	0.981377
0.190593	0.0239344	0.981377
0.190595	0.0239347	0.981377
0.190607	0.0239327	0.981375
0.19061	0.023934	0.981374
0.190611	0.0239346	0.981374
0.190608	0.0239321	0.981374
0.190608	0.0239314	0.981374
0.19061	0.0239323	0.981374
0.190619	0.0239356	0.981372
0.190621	0.0239376	0.981372
0.190622	0.0239381	0.981372
0.190618	0.0239359	0.981372
0.190619	0.0239353	0.981372
0.19062	0.0239368	0.981372
0.190622	0.0239443	0.981372
0.190623	0.0239467	0.981371
0.190624	0.0239473	0.981371
0.19062	0.0239449	0.981372
0.19062	0.0239446	0.981372
0.19062	0.0239463	0.981372
0.190615	0.0239553	0.981373
0.190615	0.0239579	0.981372
0.190616	0.0239585	0.981372
0.190612	0.0239558	0.981373
0.190612	0.0239557	0.981373
0.190612	0.0239573	0.981373
0.190601	0.0239646	0.981375
0.190601	0.0239669	0.981375
0.190602	0.0239676	0.981375
0.190598	0.0239644	0.981376
0.190598	0.0239645	0.981376
0.190597	0.0239655	0.981376
0.190586	0.0239685	0.981378
0.190586	0.0239703	0.981378
0.190586	0.023971	0.981378
0.190583	0.0239673	0.981378
0.190583	0.0239675	0.981379
0.190582	0.0239679	0.981379
0.190574	0.0239656	0.98138
0.190575	0.0239667	0.98138
0.190575	0.0239675	0.98138
0.190573	0.0239636	0.98138
0.190572	0.0239636	0.981381
0.190572	0.0239634	0.981381
0.190551	0.0239342	0.981385
0.190554	0.0239361	0.981385
0.190554	0.0239365	0.981385
0.190552	0.0239324	0.981385
0.190551	0.0239326	0.981386
0.190552	0.0239314	0.981385
0.190558	0.0239231	0.981384
0.190561	0.0239249	0.981384
0.190561	0.0239253	0.981384
0.190559	0.0239215	0.981384
0.190559	0.0239214	0.981384
0.19056	0.0239205	0.981384
0.190571	0.0239139	0.981382
0.190575	0.0239159	0.981381
0.190576	0.0239162	0.981381
0.190573	0.023913	0.981382
0.190573	0.0239127	0.981382
0.190575	0.0239122	0.981381
0.190587	0.0239099	0.981379
0.190591	0.0239125	0.981378
0.190591	0.0239128	0.981378
0.190588	0.02391	0.981379
0.190589	0.0239097	0.981379
0.19059	0.0239099	0.981379
0.190598	0.0239129	0.981377
0.190602	0.0239161	0.981376
0.190602	0.0239163	0.981376
0.190598	0.0239138	0.981377
0.190599	0.0239136	0.981377
0.1906	0.0239143	0.981377
0.190601	0.0239215	0.981376
0.190604	0.0239252	0.981375
0.190604	0.0239255	0.981375
0.1906	0.0239228	0.981376
0.190601	0.0239229	0.981376
0.1906	0.0239239	0.981376
0.190594	0.0239325	0.981377
0.190596	0.0239364	0.981377
0.190597	0.0239367	0.981377
0.190592	0.0239337	0.981377
0.190593	0.023934	0.981377
0.190591	0.0239349	0.981378
0.190581	0.0239418	0.98138
0.190582	0.0239454	0.981379
0.190582	0.0239458	0.981379
0.190578	0.0239422	0.98138
0.190578	0.0239427	0.98138
0.190577	0.0239431	0.98138
0.190565	0.0239457	0.981382
0.190566	0.0239488	0.981382
0.190567	0.0239492	0.981382
0.190563	0.0239452	0.981383
0.190563	0.0239457	0.981383
0.190562	0.0239454	0.981383
0.190554	0.0239428	0.981385
0.190556	0.0239452	0.981384
0.190556	0.0239457	0.981384
0.190553	0.0239414	0.981385
0.190553	0.0239418	0.981385
0.190552	0.023941	0.981385
0.190534	0.0239203	0.981389
0.190536	0.0239194	0.981389
0.190536	0.0239196	0.981389
0.190532	0.0239141	0.98139
0.190532	0.0239156	0.98139
0.190534	0.0239167	0.981389
0.19054	0.0239085	0.981388
0.190543	0.0239077	0.981388
0.190543	0.0239078	0.981388
0.19054	0.0239024	0.981388
0.19054	0.0239035	0.981388
0.190542	0.0239047	0.981388
0.190554	0.0238978	0.981386
0.190558	0.0238979	0.981385
0.190557	0.0238978	0.981385
0.190555	0.0238929	0.981386
0.190555	0.0238936	0.981386
0.190558	0.023895	0.981385
0.190571	0.0238924	0.981383
0.190574	0.0238938	0.981382
0.190574	0.0238934	0.981382
0.190571	0.0238891	0.981383
0.190571	0.0238894	0.981383
0.190575	0.0238915	0.981382
0.190584	0.0238943	0.98138
0.190586	0.0238969	0.98138
0.190586	0.0238963	0.98138
0.190582	0.0238926	0.98138
0.190584	0.0238927	0.98138
0.190586	0.0238953	0.98138
0.190589	0.0239029	0.981379
0.190589	0.023906	0.981379
0.190589	0.0239054	0.981379
0.190585	0.023902	0.98138
0.190586	0.0239021	0.981379
0.190588	0.0239051	0.981379
0.190584	0.0239147	0.98138
0.190582	0.0239177	0.98138
0.190582	0.0239172	0.98138
0.190577	0.0239137	0.981381
0.190579	0.0239142	0.981381
0.19058	0.0239171	0.98138
0.19057	0.0239254	0.981382
0.190567	0.0239275	0.981382
0.190568	0.0239272	0.981382
0.190562	0.0239233	0.981384
0.190564	0.0239242	0.981383
0.190565	0.0239268	0.981383
0.190553	0.0239308	0.981385
0.190551	0.0239316	0.981386
0.190551	0.0239316	0.981385
0.190546	0.023927	0.981387
0.190547	0.0239283	0.981386
0.190548	0.0239303	0.981386
0.190539	0.0239289	0.981388
0.190539	0.0239285	0.981388
0.190539	0.0239287	0.981388
0.190535	0.0239236	0.981389
0.190535	0.023925	0.981389
0.190536	0.0239265	0.981389
0.190514	0.0238991	0.981394
0.190517	0.023899	0.981393
0.190516	0.0238996	0.981393
0.190513	0.0238946	0.981394
0.190513	0.0238959	0.981394
0.190514	0.0238953	0.981394
0.19052	0.0238873	0.981393
0.190524	0.0238873	0.981392
0.190523	0.0238878	0.981392
0.190521	0.0238828	0.981393
0.19052	0.0238839	0.981393
0.190522	0.0238833	0.981392
0.190534	0.0238766	0.98139
0.190538	0.0238775	0.981389
0.190538	0.0238777	0.981389
0.190536	0.0238733	0.98139
0.190535	0.0238738	0.98139
0.190537	0.0238737	0.98139
0.190551	0.0238712	0.981387
0.190555	0.0238733	0.981386
0.190554	0.0238733	0.981386
0.190552	0.0238695	0.981387
0.190552	0.0238697	0.981387
0.190554	0.0238701	0.981386
0.190564	0.023873	0.981384
0.190567	0.0238764	0.981384
0.190567	0.0238762	0.981384
0.190563	0.0238729	0.981385
0.190564	0.0238729	0.981384
0.190566	0.0238739	0.981384
0.190569	0.0238815	0.981383
0.19057	0.0238855	0.981383
0.19057	0.0238853	0.981383
0.190566	0.0238823	0.981384
0.190567	0.0238823	0.981384
0.190568	0.0238837	0.981383
0.190563	0.0238934	0.981384
0.190562	0.0238972	0.981384
0.190563	0.0238971	0.981384
0.190558	0.023894	0.981385
0.19056	0.0238944	0.981385
0.190559	0.0238957	0.981385
0.190549	0.023904	0.981387
0.190548	0.023907	0.981387
0.190549	0.0239071	0.981387
0.190543	0.0239036	0.981388
0.190545	0.0239044	0.981387
0.190544	0.0239053	0.981388
0.190532	0.0239095	0.98139
0.190532	0.0239112	0.98139
0.190532	0.0239115	0.98139
0.190527	0.0239074	0.981391
0.190528	0.0239085	0.981391
0.190527	0.0239089	0.981391
0.190519	0.0239076	0.981392
0.19052	0.0239081	0.981392
0.19052	0.0239086	0.981392
0.190515	0.0239039	0.981393
0.190516	0.0239053	0.981393
0.190516	0.0239051	0.981393
0.190508	0.0238935	0.981395
0.19051	0.023893	0.981394
0.19051	0.0238939	0.981394
0.190509	0.0238912	0.981395
0.190508	0.0238924	0.981395
0.190507	0.0238901	0.981395
0.190513	0.0238817	0.981394
0.190517	0.0238813	0.981393
0.190517	0.0238821	0.981393
0.190516	0.0238795	0.981394
0.190516	0.0238804	0.981394
0.190516	0.023878	0.981394
0.190527	0.023871	0.981392
0.190531	0.0238715	0.981391
0.190531	0.0238721	0.981391
0.190531	0.0238699	0.981391
0.190531	0.0238703	0.981391
0.190531	0.0238684	0.981391
0.190544	0.0238655	0.981389
0.190548	0.0238673	0.981388
0.190548	0.0238676	0.981388
0.190547	0.023866	0.981388
0.190548	0.0238661	0.981388
0.190548	0.0238647	0.981388
0.190557	0.0238674	0.981386
0.19056	0.0238703	0.981385
0.19056	0.0238705	0.981385
0.190559	0.0238695	0.981386
0.19056	0.0238693	0.981385
0.190559	0.0238685	0.981385
0.190562	0.0238758	0.981385
0.190563	0.0238794	0.981385
0.190564	0.0238795	0.981384
0.190561	0.0238788	0.981385
0.190563	0.0238787	0.981385
0.190561	0.0238783	0.981385
0.190557	0.0238877	0.981386
0.190556	0.0238911	0.981386
0.190557	0.0238914	0.981385
0.190554	0.0238905	0.981386
0.190555	0.0238907	0.981386
0.190553	0.0238903	0.981386
0.190543	0.0238984	0.981388
0.190541	0.0239009	0.981388
0.190542	0.0239014	0.981388
0.190539	0.0239002	0.981389
0.19054	0.0239008	0.981388
0.190538	0.0239	0.981389
0.190526	0.0239038	0.981391
0.190525	0.0239051	0.981391
0.190526	0.0239058	0.981391
0.190523	0.023904	0.981392
0.190523	0.023905	0.981392
0.190521	0.0239036	0.981392
0.190512	0.023902	0.981394
0.190513	0.0239021	0.981394
0.190513	0.023903	0.981394
0.190511	0.0239006	0.981394
0.190511	0.0239018	0.981394
0.19051	0.0238998	0.981394
0.190517	0.0239057	0.981393
0.190518	0.0239036	0.981393
0.190519	0.0239049	0.981392
0.19052	0.0239054	0.981392
0.19052	0.0239064	0.981392
0.190518	0.0239028	0.981393
0.190523	0.0238939	0.981392
0.190525	0.0238919	0.981391
0.190526	0.0238931	0.981391
0.190528	0.0238937	0.981391
0.190528	0.0238944	0.981391
0.190526	0.0238908	0.981391
0.190537	0.0238832	0.981389
0.19054	0.0238821	0.981389
0.19054	0.0238831	0.981389
0.190543	0.023884	0.981388
0.190543	0.0238843	0.981388
0.190542	0.0238811	0.981389
0.190554	0.0238777	0.981386
0.190556	0.0238779	0.981386
0.190557	0.0238786	0.981386
0.190559	0.0238802	0.981385
0.190559	0.0238801	0.981385
0.190558	0.0238774	0.981385
0.190567	0.0238795	0.981384
0.190568	0.0238809	0.981383
0.190569	0.0238814	0.981383
0.190571	0.0238836	0.981383
0.190571	0.0238833	0.981383
0.19057	0.0238812	0.981383
0.190572	0.023888	0.981383
0.190571	0.02389	0.981383
0.190572	0.0238905	0.981382
0.190573	0.0238929	0.981382
0.190574	0.0238927	0.981382
0.190572	0.0238909	0.981383
0.190567	0.0238998	0.981383
0.190564	0.0239017	0.981384
0.190566	0.0239023	0.981383
0.190565	0.0239047	0.981383
0.190567	0.0239047	0.981383
0.190564	0.023903	0.981384
0.190553	0.0239105	0.981386
0.19055	0.0239115	0.981386
0.190551	0.0239124	0.981386
0.190551	0.0239143	0.981386
0.190552	0.0239148	0.981386
0.190548	0.0239127	0.981387
0.190536	0.023916	0.981389
0.190533	0.0239157	0.981389
0.190534	0.0239168	0.981389
0.190534	0.0239182	0.981389
0.190535	0.023919	0.981389
0.190532	0.0239163	0.98139
0.190522	0.0239142	0.981392
0.190521	0.0239127	0.981392
0.190522	0.023914	0.981392
0.190523	0.0239147	0.981391
0.190523	0.0239158	0.981391
0.19052	0.0239126	0.981392
0.19054	0.0239311	0.981388
0.190539	0.0239269	0.981388
0.19054	0.0239283	0.981388
0.190544	0.0239317	0.981387
0.190544	0.0239326	0.981387
0.190541	0.0239288	0.981388
0.190546	0.0239192	0.981387
0.190546	0.0239151	0.981387
0.190547	0.0239165	0.981387
0.190552	0.0239199	0.981386
0.190551	0.0239206	0.981386
0.190549	0.0239168	0.981386
0.19056	0.0239085	0.981384
0.190561	0.0239053	0.981384
0.190561	0.0239065	0.981384
0.190566	0.0239103	0.981383
0.190566	0.0239105	0.981383
0.190565	0.0239071	0.981384
0.190577	0.023903	0.981381
0.190577	0.0239011	0.981381
0.190578	0.023902	0.981381
0.190583	0.0239064	0.98138
0.190583	0.0239063	0.98138
0.190581	0.0239034	0.98138
0.19059	0.0239048	0.981379
0.190589	0.0239041	0.981379
0.19059	0.0239048	0.981379
0.190594	0.0239099	0.981378
0.190595	0.0239095	0.981378
0.190593	0.0239071	0.981378
0.190595	0.0239133	0.981378
0.190592	0.0239132	0.981378
0.190593	0.0239139	0.981378
0.190597	0.0239192	0.981377
0.190598	0.0239189	0.981377
0.190595	0.0239169	0.981377
0.190589	0.0239251	0.981378
0.190585	0.0239249	0.981379
0.190586	0.0239257	0.981379
0.190589	0.023931	0.981378
0.19059	0.0239309	0.981378
0.190587	0.0239289	0.981379
0.190575	0.0239359	0.981381
0.19057	0.0239347	0.981382
0.190572	0.0239357	0.981381
0.190574	0.0239406	0.981381
0.190575	0.023941	0.981381
0.190571	0.0239386	0.981381
0.190558	0.0239413	0.981384
0.190554	0.023939	0.981385
0.190555	0.0239402	0.981385
0.190558	0.0239445	0.981384
0.190559	0.0239452	0.981384
0.190555	0.0239423	0.981385
0.190545	0.0239395	0.981387
0.190542	0.0239359	0.981387
0.190543	0.0239374	0.981387
0.190546	0.023941	0.981386
0.190546	0.023942	0.981386
0.190543	0.0239385	0.981387
0.190567	0.0239599	0.981382
0.190564	0.0239538	0.981382
0.190564	0.0239552	0.981382
0.19057	0.0239601	0.981381
0.19057	0.023961	0.981381
0.190568	0.023958	0.981382
0.190572	0.023948	0.981381
0.190571	0.0239421	0.981381
0.190571	0.0239434	0.981381
0.190578	0.0239483	0.98138
0.190577	0.0239489	0.98138
0.190576	0.023946	0.98138
0.190586	0.0239373	0.981379
0.190585	0.0239323	0.981379
0.190586	0.0239333	0.981379
0.190593	0.0239387	0.981377
0.190592	0.0239389	0.981377
0.190592	0.0239363	0.981378
0.190603	0.0239318	0.981375
0.190602	0.0239281	0.981376
0.190602	0.0239289	0.981376
0.190609	0.0239348	0.981374
0.190609	0.0239347	0.981374
0.190608	0.0239326	0.981374
0.190616	0.0239337	0.981373
0.190614	0.0239311	0.981373
0.190615	0.0239317	0.981373
0.190621	0.0239383	0.981372
0.190621	0.0239379	0.981372
0.19062	0.0239364	0.981372
0.190621	0.0239421	0.981372
0.190617	0.0239402	0.981373
0.190618	0.0239408	0.981372
0.190623	0.0239476	0.981371
0.190624	0.0239473	0.981371
0.190622	0.0239462	0.981371
0.190616	0.023954	0.981372
0.19061	0.0239519	0.981374
0.190611	0.0239526	0.981373
0.190615	0.0239594	0.981372
0.190617	0.0239594	0.981372
0.190614	0.0239582	0.981373
0.190602	0.0239647	0.981375
0.190595	0.0239617	0.981376
0.190597	0.0239627	0.981376
0.190601	0.023969	0.981375
0.190602	0.0239694	0.981375
0.190598	0.0239679	0.981375
0.190585	0.0239702	0.981378
0.190579	0.023966	0.981379
0.19058	0.0239671	0.981379
0.190584	0.0239729	0.981378
0.190585	0.0239736	0.981378
0.190582	0.0239716	0.981379
0.190571	0.0239683	0.981381
0.190567	0.0239629	0.981382
0.190568	0.0239643	0.981381
0.190573	0.0239694	0.98138
0.190573	0.0239704	0.98138
0.19057	0.0239678	0.981381
0.190587	0.0239811	0.981377
0.190583	0.0239742	0.981378
0.190584	0.0239753	0.981378
0.190589	0.0239797	0.981377
0.190589	0.0239807	0.981377
0.190589	0.0239794	0.981377
0.190593	0.0239693	0.981377
0.190591	0.0239625	0.981377
0.190591	0.0239635	0.981377
0.190597	0.0239679	0.981376
0.190596	0.0239686	0.981376
0.190597	0.0239673	0.981376
0.190607	0.0239585	0.981374
0.190605	0.0239527	0.981375
0.190605	0.0239534	0.981375
0.190612	0.0239583	0.981373
0.190611	0.0239586	0.981373
0.190612	0.0239576	0.981373
0.190623	0.0239531	0.981371
0.190621	0.0239485	0.981371
0.190622	0.023949	0.981371
0.190628	0.0239545	0.98137
0.190628	0.0239544	0.98137
0.190629	0.023954	0.98137
0.190637	0.023955	0.981368
0.190633	0.0239516	0.981369
0.190634	0.0239518	0.981369
0.19064	0.023958	0.981368
0.19064	0.0239577	0.981368
0.19064	0.0239578	0.981368
0.190642	0.0239635	0.981367
0.190636	0.0239607	0.981368
0.190637	0.0239609	0.981368
0.190642	0.0239673	0.981367
0.190643	0.0239671	0.981367
0.190642	0.0239676	0.981367
0.190636	0.0239753	0.981368
0.190629	0.0239724	0.981369
0.190631	0.0239727	0.981369
0.190634	0.0239791	0.981368
0.190636	0.0239792	0.981368
0.190634	0.0239797	0.981368
0.190622	0.023986	0.98137
0.190615	0.0239822	0.981372
0.190616	0.0239828	0.981372
0.19062	0.0239887	0.981371
0.190621	0.0239892	0.981371
0.190619	0.0239893	0.981371
0.190605	0.0239915	0.981374
0.190598	0.0239864	0.981375
0.190599	0.0239872	0.981375
0.190603	0.0239925	0.981374
0.190604	0.0239934	0.981374
0.190602	0.023993	0.981374
0.190592	0.0239896	0.981376
0.190586	0.0239833	0.981377
0.190587	0.0239844	0.981377
0.190592	0.023989	0.981376
0.190592	0.0239901	0.981376
0.190591	0.0239891	0.981376
0.190594	0.0239867	0.981376
0.19059	0.0239802	0.981377
0.19059	0.0239809	0.981377
0.190594	0.023983	0.981376
0.190593	0.0239842	0.981376
0.190595	0.0239846	0.981376
0.190599	0.0239748	0.981375
0.190597	0.0239685	0.981376
0.190597	0.0239691	0.981376
0.190601	0.0239712	0.981375
0.190601	0.0239721	0.981375
0.190603	0.0239726	0.981374
0.190613	0.0239641	0.981373
0.190612	0.0239587	0.981373
0.190612	0.023959	0.981373
0.190616	0.0239617	0.981372
0.190616	0.0239621	0.981372
0.190618	0.0239629	0.981372
0.19063	0.0239587	0.98137
0.190628	0.0239546	0.98137
0.190628	0.0239546	0.98137
0.190632	0.0239579	0.981369
0.190633	0.023958	0.981369
0.190635	0.0239593	0.981369
0.190643	0.0239606	0.981367
0.19064	0.0239577	0.981368
0.19064	0.0239575	0.981368
0.190644	0.0239614	0.981367
0.190645	0.0239613	0.981367
0.190647	0.0239632	0.981366
0.190648	0.0239692	0.981366
0.190643	0.0239668	0.981367
0.190644	0.0239666	0.981367
0.190647	0.0239708	0.981366
0.190648	0.0239707	0.981366
0.190649	0.023973	0.981366
0.190643	0.023981	0.981367
0.190636	0.0239785	0.981368
0.190637	0.0239785	0.981368
0.190639	0.0239826	0.981367
0.19064	0.0239828	0.981367
0.190641	0.0239851	0.981367
0.190629	0.0239917	0.981369
0.190622	0.0239883	0.98137
0.190622	0.0239885	0.98137
0.190624	0.0239921	0.98137
0.190625	0.0239928	0.98137
0.190625	0.0239947	0.98137
0.190612	0.0239971	0.981372
0.190605	0.0239925	0.981374
0.190606	0.0239929	0.981373
0.190608	0.0239959	0.981373
0.190609	0.0239969	0.981373
0.190609	0.0239983	0.981373
0.190598	0.0239952	0.981375
0.190593	0.0239894	0.981376
0.190594	0.02399	0.981376
0.190596	0.0239924	0.981375
0.190596	0.0239937	0.981375
0.190597	0.0239944	0.981375
0.190584	0.0239745	0.981378
0.190582	0.0239696	0.981379
0.190581	0.0239699	0.981379
0.190582	0.0239688	0.981379
0.190582	0.0239701	0.981379
0.190584	0.0239719	0.981378
0.190589	0.0239626	0.981377
0.190589	0.0239579	0.981378
0.190588	0.0239581	0.981378
0.19059	0.0239571	0.981377
0.190589	0.0239581	0.981377
0.190593	0.0239598	0.981377
0.190603	0.0239519	0.981375
0.190603	0.0239481	0.981375
0.190603	0.0239481	0.981375
0.190604	0.0239475	0.981375
0.190604	0.0239481	0.981375
0.190608	0.0239502	0.981374
0.19062	0.0239466	0.981372
0.19062	0.023944	0.981372
0.190619	0.0239437	0.981372
0.190621	0.0239438	0.981372
0.190621	0.023944	0.981372
0.190625	0.0239466	0.981371
0.190633	0.0239485	0.981369
0.190632	0.0239471	0.98137
0.190632	0.0239466	0.98137
0.190632	0.0239473	0.981369
0.190633	0.0239473	0.981369
0.190636	0.0239505	0.981369
0.190638	0.023957	0.981368
0.190635	0.0239562	0.981369
0.190635	0.0239557	0.981369
0.190635	0.0239567	0.981369
0.190636	0.0239568	0.981368
0.190638	0.0239603	0.981368
0.190633	0.0239689	0.981369
0.190628	0.0239679	0.98137
0.190628	0.0239675	0.98137
0.190627	0.0239684	0.98137
0.190629	0.0239688	0.98137
0.19063	0.0239724	0.981369
0.190619	0.0239796	0.981371
0.190613	0.0239777	0.981372
0.190614	0.0239775	0.981372
0.190612	0.023978	0.981373
0.190614	0.0239788	0.981372
0.190615	0.023982	0.981372
0.190602	0.0239849	0.981374
0.190597	0.0239819	0.981375
0.190597	0.0239819	0.981375
0.190596	0.0239817	0.981376
0.190597	0.0239829	0.981375
0.190598	0.0239856	0.981375
0.190588	0.023983	0.981377
0.190585	0.0239787	0.981378
0.190585	0.023979	0.981378
0.190584	0.0239782	0.981378
0.190585	0.0239796	0.981378
0.190587	0.0239817	0.981377
0.190561	0.0239491	0.981383
0.190561	0.0239463	0.981383
0.19056	0.0239465	0.981383
0.190558	0.0239425	0.981384
0.190558	0.0239439	0.981384
0.190561	0.0239459	0.981383
0.190567	0.0239373	0.981382
0.190568	0.0239346	0.981382
0.190567	0.0239347	0.981382
0.190566	0.0239308	0.981383
0.190566	0.0239319	0.981383
0.190569	0.0239339	0.981382
0.190581	0.0239266	0.98138
0.190583	0.0239249	0.98138
0.190582	0.0239247	0.98138
0.190581	0.0239212	0.98138
0.190581	0.0239219	0.98138
0.190585	0.0239243	0.981379
0.190598	0.0239212	0.981377
0.190599	0.0239207	0.981376
0.190598	0.0239203	0.981377
0.190597	0.0239175	0.981377
0.190598	0.0239178	0.981377
0.190601	0.0239207	0.981376
0.190611	0.0239232	0.981374
0.190611	0.0239239	0.981374
0.190611	0.0239232	0.981374
0.190609	0.023921	0.981375
0.19061	0.0239211	0.981374
0.190613	0.0239246	0.981374
0.190616	0.0239317	0.981373
0.190614	0.023933	0.981373
0.190614	0.0239323	0.981373
0.190611	0.0239304	0.981374
0.190613	0.0239306	0.981374
0.190615	0.0239344	0.981373
0.19061	0.0239436	0.981374
0.190607	0.0239447	0.981374
0.190607	0.0239441	0.981374
0.190604	0.0239421	0.981375
0.190605	0.0239426	0.981375
0.190607	0.0239464	0.981374
0.190596	0.0239542	0.981376
0.190592	0.0239545	0.981377
0.190593	0.0239541	0.981377
0.190589	0.0239517	0.981378
0.19059	0.0239526	0.981377
0.190592	0.023956	0.981377
0.190579	0.0239596	0.981379
0.190576	0.0239586	0.98138
0.190576	0.0239585	0.98138
0.190572	0.0239554	0.981381
0.190573	0.0239567	0.981381
0.190575	0.0239596	0.98138
0.190566	0.0239577	0.981382
0.190564	0.0239555	0.981382
0.190564	0.0239556	0.981382
0.190561	0.0239519	0.981383
0.190561	0.0239534	0.981383
0.190563	0.0239557	0.981383
0.190524	0.0239115	0.981391
0.190528	0.0239173	0.98139
0.190541	0.023931	0.981387
0.19054	0.0239318	0.981388
0.190532	0.0238981	0.98139
0.190534	0.0239042	0.981389
0.190548	0.0239176	0.981386
0.190544	0.0239189	0.981387
0.190548	0.0238867	0.981387
0.19055	0.0238923	0.981387
0.190564	0.0239057	0.981384
0.190558	0.0239064	0.981385
0.190567	0.0238815	0.981384
0.190569	0.0238862	0.981383
0.190583	0.0239	0.98138
0.190577	0.0238989	0.981381
0.190581	0.0238846	0.981381
0.190584	0.0238881	0.98138
0.190598	0.0239026	0.981377
0.190593	0.0238994	0.981378
0.190585	0.0238948	0.98138
0.190589	0.0238974	0.981379
0.190603	0.0239124	0.981376
0.190601	0.0239077	0.981376
0.190578	0.0239081	0.981381
0.190583	0.0239105	0.98138
0.190596	0.0239258	0.981377
0.190597	0.0239206	0.981377
0.190561	0.0239195	0.981384
0.190568	0.0239224	0.981383
0.19058	0.0239377	0.98138
0.190582	0.0239331	0.981379
0.190543	0.0239247	0.981387
0.190549	0.0239285	0.981386
0.190561	0.0239434	0.981383
0.190564	0.0239406	0.981383
0.190528	0.0239216	0.98139
0.190534	0.0239265	0.981389
0.190546	0.0239408	0.981386
0.190547	0.02394	0.981386
0.190502	0.0238884	0.981396
0.190505	0.023893	0.981395
0.190512	0.0238994	0.981394
0.190512	0.0239024	0.981394
0.190509	0.023875	0.981395
0.190511	0.0238799	0.981395
0.190518	0.0238861	0.981393
0.190516	0.0238896	0.981393
0.190526	0.0238636	0.981392
0.190526	0.0238681	0.981392
0.190535	0.0238742	0.98139
0.19053	0.023877	0.981391
0.190545	0.0238583	0.981389
0.190545	0.0238619	0.981388
0.190554	0.0238684	0.981387
0.190549	0.0238696	0.981387
0.190559	0.0238613	0.981386
0.19056	0.0238638	0.981385
0.190568	0.0238709	0.981384
0.190565	0.02387	0.981384
0.190563	0.0238714	0.981385
0.190566	0.023873	0.981384
0.190573	0.0238808	0.981382
0.190573	0.0238783	0.981383
0.190555	0.0238848	0.981386
0.190559	0.0238861	0.981385
0.190566	0.0238942	0.981383
0.190569	0.0238911	0.981383
0.190539	0.0238963	0.981389
0.190544	0.023898	0.981388
0.19055	0.023906	0.981386
0.190555	0.0239037	0.981386
0.19052	0.0239015	0.981392
0.190525	0.0239041	0.981391
0.190531	0.0239118	0.98139
0.190536	0.0239111	0.981389
0.190506	0.0238985	0.981395
0.19051	0.0239022	0.981394
0.190516	0.0239093	0.981393
0.190519	0.0239107	0.981392
0.190499	0.0238872	0.981397
0.1905	0.0238893	0.981397
0.190497	0.023886	0.981397
0.1905	0.0238908	0.981397
0.190506	0.0238738	0.981396
0.190506	0.0238763	0.981396
0.190504	0.0238726	0.981396
0.190504	0.023878	0.981396
0.190523	0.0238623	0.981393
0.190521	0.0238644	0.981393
0.19052	0.0238607	0.981393
0.190518	0.0238654	0.981394
0.190542	0.023857	0.981389
0.19054	0.0238582	0.981389
0.190539	0.0238549	0.98139
0.190537	0.0238579	0.98139
0.190556	0.02386	0.981386
0.190555	0.02386	0.981387
0.190554	0.0238573	0.981387
0.190553	0.0238583	0.981387
0.19056	0.0238701	0.981385
0.19056	0.0238692	0.981385
0.190559	0.0238671	0.981386
0.19056	0.0238665	0.981385
0.190552	0.0238834	0.981387
0.190554	0.0238823	0.981386
0.190552	0.0238805	0.981387
0.190556	0.0238793	0.981386
0.190536	0.0238949	0.981389
0.190539	0.0238942	0.981389
0.190536	0.0238923	0.981389
0.190542	0.0238919	0.981388
0.190517	0.0239002	0.981393
0.19052	0.0239004	0.981392
0.190517	0.0238982	0.981393
0.190523	0.0238994	0.981392
0.190503	0.0238972	0.981396
0.190505	0.0238986	0.981395
0.190502	0.0238957	0.981396
0.190507	0.023899	0.981395
0.190517	0.0239084	0.981393
0.190515	0.0239077	0.981393
0.190505	0.0238957	0.981395
0.190508	0.0239012	0.981395
0.190524	0.023895	0.981392
0.190521	0.0238946	0.981392
0.190511	0.0238822	0.981394
0.190512	0.0238884	0.981394
0.190541	0.0238835	0.981389
0.190536	0.0238827	0.98139
0.190528	0.0238703	0.981392
0.190526	0.0238758	0.981392
0.19056	0.0238782	0.981385
0.190555	0.0238764	0.981386
0.190547	0.0238645	0.981388
0.190545	0.0238683	0.981388
0.190574	0.0238811	0.981382
0.19057	0.0238782	0.981383
0.190561	0.0238669	0.981385
0.190561	0.0238686	0.981385
0.190578	0.0238912	0.981381
0.190576	0.0238875	0.981382
0.190566	0.0238766	0.981384
0.190568	0.0238768	0.981384
0.19057	0.0239046	0.981383
0.19057	0.0239005	0.981383
0.190559	0.02389	0.981385
0.190564	0.0238896	0.981384
0.190554	0.0239161	0.981385
0.190554	0.0239125	0.981385
0.190543	0.0239019	0.981388
0.19055	0.0239022	0.981386
0.190535	0.0239214	0.981389
0.190535	0.0239187	0.981389
0.190524	0.0239078	0.981391
0.190531	0.0239098	0.98139
0.190521	0.0239184	0.981392
0.190521	0.0239169	0.981392
0.190509	0.0239054	0.981394
0.190515	0.0239094	0.981393
0.190549	0.0239439	0.981386
0.190545	0.023941	0.981386
0.19053	0.0239248	0.98139
0.190533	0.0239299	0.981389
0.190556	0.0239305	0.981385
0.190551	0.023928	0.981386
0.190537	0.0239114	0.981389
0.190537	0.023917	0.981389
0.190573	0.023919	0.981382
0.190566	0.023916	0.981383
0.190553	0.0238995	0.981386
0.190551	0.0239044	0.981386
0.190591	0.0239136	0.981378
0.190585	0.0239097	0.981379
0.190572	0.0238936	0.981382
0.19057	0.0238968	0.981383
0.190605	0.0239166	0.981375
0.1906	0.0239115	0.981377
0.190587	0.023896	0.981379
0.190586	0.0238972	0.98138
0.19061	0.0239267	0.981374
0.190605	0.0239208	0.981375
0.190592	0.0239057	0.981378
0.190594	0.0239054	0.981378
0.190602	0.0239401	0.981375
0.190599	0.0239338	0.981376
0.190585	0.0239191	0.981379
0.190589	0.0239182	0.981378
0.190586	0.0239516	0.981378
0.190584	0.0239458	0.981379
0.190569	0.0239311	0.981382
0.190575	0.0239308	0.981381
0.190567	0.0239569	0.981382
0.190565	0.0239521	0.981382
0.19055	0.023937	0.981386
0.190557	0.0239384	0.981384
0.190553	0.023954	0.981385
0.19055	0.0239503	0.981385
0.190535	0.0239346	0.981389
0.19054	0.023938	0.981387
0.190582	0.0239801	0.981378
0.190578	0.0239766	0.981379
0.190564	0.0239623	0.981382
0.190566	0.0239657	0.981382
0.19059	0.0239667	0.981377
0.190584	0.0239635	0.981378
0.190571	0.0239489	0.981381
0.19057	0.0239528	0.981381
0.190606	0.0239552	0.981374
0.190599	0.0239515	0.981376
0.190587	0.023937	0.981378
0.190584	0.0239402	0.981379
0.190625	0.0239499	0.981371
0.190618	0.0239453	0.981372
0.190606	0.0239311	0.981375
0.190603	0.0239326	0.981376
0.190639	0.0239529	0.981368
0.190633	0.0239472	0.981369
0.190621	0.0239335	0.981372
0.190619	0.023933	0.981372
0.190643	0.023963	0.981367
0.190638	0.0239565	0.981368
0.190626	0.0239433	0.981371
0.190626	0.0239412	0.981371
0.190636	0.0239765	0.981368
0.190632	0.0239695	0.981369
0.190619	0.0239567	0.981372
0.190622	0.023954	0.981371
0.190619	0.023988	0.981371
0.190617	0.0239815	0.981371
0.190603	0.0239686	0.981375
0.190608	0.0239667	0.981374
0.190601	0.0239933	0.981374
0.190598	0.0239877	0.981375
0.190584	0.0239746	0.981378
0.190589	0.0239742	0.981377
0.190586	0.0239902	0.981377
0.190583	0.0239859	0.981378
0.190569	0.0239721	0.981381
0.190573	0.0239739	0.98138
0.190605	0.0240033	0.981373
0.190601	0.0240008	0.981374
0.190594	0.0239939	0.981376
0.190593	0.023995	0.981376
0.190613	0.0239898	0.981372
0.190607	0.0239877	0.981373
0.190601	0.0239804	0.981375
0.190598	0.0239821	0.981375
0.190629	0.0239784	0.981369
0.190623	0.0239758	0.981371
0.190617	0.0239685	0.981372
0.190612	0.0239695	0.981373
0.190648	0.0239731	0.981366
0.190641	0.0239696	0.981367
0.190636	0.0239626	0.981368
0.19063	0.023962	0.981369
0.190662	0.0239762	0.981363
0.190656	0.0239715	0.981364
0.190651	0.0239651	0.981365
0.190647	0.0239624	0.981366
0.190666	0.0239864	0.981362
0.190662	0.0239809	0.981363
0.190656	0.0239749	0.981364
0.190654	0.0239706	0.981365
0.190658	0.0239998	0.981363
0.190656	0.0239939	0.981364
0.190649	0.0239884	0.981365
0.19065	0.0239835	0.981365
0.190642	0.0240112	0.981366
0.190641	0.0240059	0.981366
0.190633	0.0240003	0.981368
0.190636	0.0239961	0.981367
0.190623	0.0240165	0.981369
0.190622	0.0240121	0.98137
0.190614	0.0240062	0.981371
0.190617	0.0240036	0.981371
0.190609	0.0240134	0.981372
0.190607	0.0240102	0.981373
0.190599	0.0240037	0.981374
0.190601	0.0240032	0.981374
0.190608	0.0240044	0.981373
0.190607	0.0240045	0.981373
0.190608	0.0240074	0.981373
0.190606	0.0240066	0.981373
0.190616	0.023991	0.981372
0.190613	0.0239914	0.981372
0.190615	0.0239939	0.981372
0.19061	0.0239938	0.981373
0.190632	0.0239796	0.981369
0.190628	0.0239795	0.981369
0.190631	0.023982	0.981369
0.190624	0.0239812	0.98137
0.190651	0.0239744	0.981365
0.190647	0.0239734	0.981366
0.19065	0.0239762	0.981365
0.190643	0.0239737	0.981367
0.190665	0.0239775	0.981362
0.190662	0.0239753	0.981363
0.190665	0.0239788	0.981362
0.190659	0.0239742	0.981364
0.190669	0.0239877	0.981361
0.190667	0.0239847	0.981362
0.19067	0.0239886	0.981361
0.190666	0.0239824	0.981362
0.190661	0.0240011	0.981362
0.190661	0.0239978	0.981363
0.190663	0.0240021	0.981362
0.190662	0.0239953	0.981362
0.190645	0.0240126	0.981365
0.190646	0.0240097	0.981365
0.190647	0.024014	0.981365
0.190648	0.0240079	0.981365
0.190626	0.0240178	0.981369
0.190627	0.0240158	0.981369
0.190628	0.0240198	0.981368
0.19063	0.0240154	0.981368
0.190612	0.0240146	0.981372
0.190612	0.0240139	0.981372
0.190613	0.0240172	0.981371
0.190613	0.0240149	0.981371
0.19059	0.0239832	0.981377
0.190591	0.0239862	0.981376
0.190601	0.0239977	0.981374
0.190598	0.0239962	0.981375
0.190598	0.0239698	0.981376
0.190597	0.0239731	0.981376
0.190608	0.0239842	0.981373
0.190602	0.0239833	0.981374
0.190614	0.0239584	0.981373
0.190613	0.0239612	0.981373
0.190624	0.0239724	0.98137
0.190616	0.0239707	0.981372
0.190633	0.0239533	0.981369
0.190631	0.0239551	0.981369
0.190643	0.0239666	0.981367
0.190635	0.0239633	0.981369
0.190647	0.0239564	0.981366
0.190646	0.0239571	0.981366
0.190658	0.0239692	0.981364
0.190651	0.0239638	0.981365
0.190651	0.0239666	0.981365
0.190652	0.0239664	0.981365
0.190663	0.0239791	0.981363
0.190659	0.0239721	0.981364
0.190643	0.02398	0.981366
0.190646	0.0239795	0.981366
0.190656	0.0239926	0.981364
0.190655	0.023985	0.981364
0.190627	0.0239914	0.981369
0.190631	0.0239914	0.981369
0.19064	0.0240044	0.981366
0.19064	0.0239976	0.981367
0.190608	0.0239966	0.981373
0.190612	0.0239975	0.981372
0.190621	0.0240102	0.98137
0.190622	0.024005	0.98137
0.190594	0.0239934	0.981376
0.190597	0.0239955	0.981375
0.190606	0.0240076	0.981373
0.190605	0.0240045	0.981373
0.190558	0.0239477	0.981384
0.190561	0.0239528	0.981383
0.190576	0.0239685	0.98138
0.190573	0.0239676	0.98138
0.190566	0.0239344	0.981383
0.190567	0.0239397	0.981382
0.190583	0.0239551	0.981379
0.190577	0.0239547	0.98138
0.190582	0.0239229	0.98138
0.190583	0.0239279	0.981379
0.190599	0.0239432	0.981376
0.190591	0.0239421	0.981378
0.190601	0.0239178	0.981376
0.190602	0.0239218	0.981376
0.190618	0.0239375	0.981372
0.19061	0.0239347	0.981374
0.190615	0.0239209	0.981373
0.190616	0.0239238	0.981373
0.190633	0.0239401	0.98137
0.190626	0.0239352	0.981371
0.190619	0.0239311	0.981372
0.190622	0.0239331	0.981372
0.190637	0.02395	0.981368
0.190633	0.0239435	0.981369
0.190612	0.0239445	0.981373
0.190616	0.0239462	0.981373
0.190631	0.0239634	0.981369
0.190629	0.0239564	0.98137
0.190595	0.0239559	0.981376
0.190601	0.0239581	0.981375
0.190615	0.0239753	0.981372
0.190615	0.023969	0.981372
0.190576	0.023961	0.98138
0.190582	0.0239642	0.981379
0.190595	0.023981	0.981376
0.190596	0.0239764	0.981376
0.190562	0.0239579	0.981383
0.190567	0.0239622	0.981382
0.190581	0.0239784	0.981379
0.19058	0.0239759	0.981379
