3400
-0.151049	0.0768027	0.985538
-0.151049	0.0768028	0.985538
-0.151049	0.0768027	0.985538
-0.151049	0.0768026	0.985538
-0.151049	0.0768026	0.985538
-0.151049	0.0768025	0.985538
-0.151049	0.0768023	0.985538
-0.151049	0.0768023	0.985538
-0.151049	0.0768023	0.985538
-0.151048	0.0768022	0.985538
-0.151049	0.0768022	0.985538
-0.151048	0.0768021	0.985538
-0.151048	0.076802	0.985538
-0.151048	0.0768021	0.985538
-0.151048	0.076802	0.985538
-0.151048	0.0768019	0.985538
-0.151048	0.0768019	0.985538
-0.151048	0.0768019	0.985538
-0.151047	0.0768019	0.985539
-0.151047	0.076802	0.985538
-0.151047	0.076802	0.985539
-0.151047	0.0768019	0.985539
-0.151047	0.0768019	0.985539
-0.151047	0.0768019	0.985539
-0.151047	0.0768021	0.985539
-0.151047	0.0768023	0.985539
-0.151047	0.0768022	0.985539
-0.151047	0.0768022	0.985539
-0.151047	0.0768022	0.985539
-0.151047	0.0768022	0.985539
-0.151047	0.0768025	0.985539
-0.151047	0.0768027	0.985538
-0.151047	0.0768026	0.985539
-0.151047	0.0768026	0.985538
-0.151047	0.0768026	0.985539
-0.151047	0.0768026	0.985539
-0.151047	0.076803	0.985538
-0.151048	0.0768031	0.985538
-0.151047	0.076803	0.985538
-0.151048	0.076803	0.985538
-0.151047	0.076803	0.985538
-0.151048	0.076803	0.985538
-0.151048	0.0768033	0.985538
-0.151048	0.0768034	0.985538
-0.151048	0.0768033	0.985538
-0.151048	0.0768033	0.985538
-0.151048	0.0768033	0.985538
-0.151048	0.0768032	0.985538
-0.151049	0.0768033	0.985538
-0.151049	0.0768034	0.985538
-0.151049	0.0768034	0.985538
-0.151049	0.0768033	0.985538
-0.151049	0.0768033	0.985538
-0.151049	0.0768032	0.985538
-0.151049	0.0768031	0.985538
-0.151049	0.0768032	0.985538
-0.151049	0.0768031	0.985538
-0.151049	0.076803	0.985538
-0.151049	0.076803	0.985538
-0.151049	0.076803	0.985538
-0.151048	0.0768019	0.985538
-0.151049	0.0768019	0.985538
-0.151048	0.0768019	0.985538
-0.151048	0.0768018	0.985538
-0.151048	0.0768018	0.985538
-0.151048	0.0768017	0.985538
-0.151048	0.0768014	0.985538
-0.151048	0.0768015	0.985538
-0.151048	0.0768014	0.985538
-0.151048	0.0768014	0.985538
-0.151048	0.0768014	0.985538
-0.151048	0.0768013	0.985538
-0.151047	0.0768011	0.985539
-0.151047	0.0768012	0.985539
-0.151047	0.0768011	0.985539
-0.151047	0.0768011	0.985539
-0.151047	0.0768011	0.985539
-0.151047	0.0768011	0.985539
-0.151047	0.0768011	0.985539
-0.151047	0.0768012	0.985539
-0.151047	0.0768011	0.985539
-0.151047	0.0768011	0.985539
-0.151047	0.0768011	0.985539
-0.151047	0.0768011	0.985539
-0.151046	0.0768013	0.985539
-0.151047	0.0768014	0.985539
-0.151046	0.0768014	0.985539
-0.151046	0.0768014	0.985539
-0.151046	0.0768014	0.985539
-0.151046	0.0768014	0.985539
-0.151046	0.0768017	0.985539
-0.151047	0.0768018	0.985539
-0.151047	0.0768018	0.985539
-0.151047	0.0768018	0.985539
-0.151047	0.0768018	0.985539
-0.151047	0.0768018	0.985539
-0.151047	0.0768021	0.985539
-0.151047	0.0768023	0.985539
-0.151047	0.0768022	0.985539
-0.151047	0.0768022	0.985539
-0.151047	0.0768022	0.985539
-0.151047	0.0768022	0.985539
-0.151048	0.0768024	0.985538
-0.151048	0.0768025	0.985538
-0.151048	0.0768025	0.985538
-0.151048	0.0768025	0.985538
-0.151048	0.0768025	0.985538
-0.151048	0.0768024	0.985538
-0.151048	0.0768025	0.985538
-0.151048	0.0768026	0.985538
-0.151048	0.0768025	0.985538
-0.151048	0.0768025	0.985538
-0.151048	0.0768025	0.985538
-0.151048	0.0768024	0.985538
-0.151048	0.0768023	0.985538
-0.151049	0.0768023	0.985538
-0.151049	0.0768023	0.985538
-0.151049	0.0768022	0.985538
-0.151049	0.0768022	0.985538
-0.151049	0.0768022	0.985538
-0.151048	0.0768018	0.985538
-0.151048	0.0768017	0.985538
-0.151048	0.0768017	0.985538
-0.151048	0.0768017	0.985538
-0.151048	0.0768018	0.985538
-0.151048	0.0768017	0.985538
-0.151048	0.0768014	0.985538
-0.151048	0.0768013	0.985538
-0.151048	0.0768013	0.985538
-0.151048	0.0768013	0.985538
-0.151048	0.0768013	0.985538
-0.151048	0.0768013	0.985538
-0.151047	0.0768011	0.985539
-0.151047	0.076801	0.985539
-0.151047	0.076801	0.985539
-0.151047	0.076801	0.985539
-0.151047	0.0768011	0.985539
-0.151047	0.076801	0.985539
-0.151047	0.076801	0.985539
-0.151047	0.076801	0.985539
-0.151047	0.076801	0.985539
-0.151047	0.076801	0.985539
-0.151047	0.076801	0.985539
-0.151047	0.076801	0.985539
-0.151046	0.0768012	0.985539
-0.151046	0.0768012	0.985539
-0.151046	0.0768012	0.985539
-0.151046	0.0768013	0.985539
-0.151046	0.0768013	0.985539
-0.151046	0.0768013	0.985539
-0.151046	0.0768016	0.985539
-0.151047	0.0768017	0.985539
-0.151047	0.0768016	0.985539
-0.151047	0.0768017	0.985539
-0.151047	0.0768017	0.985539
-0.151047	0.0768017	0.985539
-0.151047	0.0768021	0.985539
-0.151047	0.0768021	0.985539
-0.151047	0.0768021	0.985539
-0.151047	0.0768021	0.985539
-0.151047	0.0768021	0.985539
-0.151047	0.0768021	0.985539
-0.151048	0.0768024	0.985538
-0.151048	0.0768024	0.985538
-0.151048	0.0768024	0.985538
-0.151048	0.0768024	0.985538
-0.151048	0.0768024	0.985538
-0.151048	0.0768024	0.985538
-0.151048	0.0768024	0.985538
-0.151048	0.0768024	0.985538
-0.151048	0.0768024	0.985538
-0.151048	0.0768024	0.985538
-0.151048	0.0768024	0.985538
-0.151048	0.0768024	0.985538
-0.151048	0.0768022	0.985538
-0.151049	0.0768021	0.985538
-0.151049	0.0768022	0.985538
-0.151049	0.0768021	0.985538
-0.151049	0.0768022	0.985538
-0.151049	0.0768021	0.985538
-0.151049	0.0768025	0.985538
-0.151049	0.0768023	0.985538
-0.151049	0.0768024	0.985538
-0.151049	0.0768024	0.985538
-0.151049	0.0768024	0.985538
-0.151049	0.0768024	0.985538
-0.151049	0.0768021	0.985538
-0.151048	0.0768019	0.985538
-0.151049	0.076802	0.985538
-0.151048	0.076802	0.985538
-0.151049	0.076802	0.985538
-0.151048	0.076802	0.985538
-0.151048	0.0768018	0.985538
-0.151048	0.0768016	0.985538
-0.151048	0.0768017	0.985538
-0.151048	0.0768017	0.985538
-0.151048	0.0768017	0.985538
-0.151048	0.0768017	0.985538
-0.151047	0.0768017	0.985539
-0.151047	0.0768016	0.985539
-0.151047	0.0768017	0.985539
-0.151047	0.0768017	0.985539
-0.151047	0.0768017	0.985539
-0.151047	0.0768017	0.985539
-0.151047	0.0768019	0.985539
-0.151047	0.0768019	0.985539
-0.151047	0.0768019	0.985539
-0.151047	0.076802	0.985539
-0.151047	0.076802	0.985539
-0.151047	0.076802	0.985539
-0.151047	0.0768023	0.985539
-0.151047	0.0768023	0.985539
-0.151047	0.0768023	0.985539
-0.151047	0.0768024	0.985539
-0.151047	0.0768024	0.985539
-0.151047	0.0768024	0.985539
-0.151047	0.0768028	0.985538
-0.151047	0.0768027	0.985538
-0.151047	0.0768027	0.985538
-0.151048	0.0768028	0.985538
-0.151047	0.0768028	0.985538
-0.151048	0.0768028	0.985538
-0.151048	0.0768031	0.985538
-0.151048	0.076803	0.985538
-0.151048	0.076803	0.985538
-0.151048	0.0768031	0.985538
-0.151048	0.0768031	0.985538
-0.151048	0.0768031	0.985538
-0.151049	0.0768031	0.985538
-0.151049	0.076803	0.985538
-0.151049	0.076803	0.985538
-0.151049	0.0768031	0.985538
-0.151049	0.0768031	0.985538
-0.151049	0.0768031	0.985538
-0.151049	0.0768029	0.985538
-0.151049	0.0768027	0.985538
-0.151049	0.0768028	0.985538
-0.151049	0.0768028	0.985538
-0.151049	0.0768029	0.985538
-0.151049	0.0768028	0.985538
-0.15105	0.0768037	0.985538
-0.15105	0.0768035	0.985538
-0.15105	0.0768036	0.985538
-0.15105	0.0768036	0.985538
-0.15105	0.0768036	0.985538
-0.15105	0.0768036	0.985538
-0.151049	0.0768033	0.985538
-0.151049	0.076803	0.985538
-0.151049	0.0768031	0.985538
-0.151049	0.0768032	0.985538
-0.151049	0.0768032	0.985538
-0.151049	0.0768032	0.985538
-0.151049	0.076803	0.985538
-0.151049	0.0768028	0.985538
-0.151049	0.0768029	0.985538
-0.151049	0.0768029	0.985538
-0.151049	0.0768029	0.985538
-0.151049	0.0768029	0.985538
-0.151048	0.0768029	0.985538
-0.151048	0.0768028	0.985538
-0.151048	0.0768028	0.985538
-0.151048	0.0768029	0.985538
-0.151048	0.0768029	0.985538
-0.151048	0.0768029	0.985538
-0.151048	0.0768031	0.985538
-0.151048	0.076803	0.985538
-0.151048	0.0768031	0.985538
-0.151048	0.0768032	0.985538
-0.151048	0.0768032	0.985538
-0.151048	0.0768032	0.985538
-0.151048	0.0768035	0.985538
-0.151048	0.0768034	0.985538
-0.151048	0.0768035	0.985538
-0.151048	0.0768036	0.985538
-0.151048	0.0768036	0.985538
-0.151048	0.0768036	0.985538
-0.151048	0.076804	0.985538
-0.151048	0.0768039	0.985538
-0.151048	0.0768039	0.985538
-0.151048	0.076804	0.985538
-0.151048	0.076804	0.985538
-0.151048	0.0768041	0.985538
-0.151049	0.0768043	0.985538
-0.151049	0.0768041	0.985538
-0.151049	0.0768042	0.985538
-0.151049	0.0768043	0.985538
-0.151049	0.0768043	0.985538
-0.151049	0.0768043	0.985538
-0.151049	0.0768043	0.985538
-0.151049	0.0768041	0.985538
-0.151049	0.0768042	0.985538
-0.15105	0.0768043	0.985538
-0.15105	0.0768043	0.985538
-0.15105	0.0768043	0.985538
-0.15105	0.0768041	0.985538
-0.15105	0.0768039	0.985538
-0.15105	0.076804	0.985538
-0.15105	0.076804	0.985538
-0.15105	0.0768041	0.985538
-0.15105	0.076804	0.985538
-0.151051	0.076805	0.985538
-0.15105	0.0768047	0.985538
-0.151051	0.0768048	0.985538
-0.151051	0.0768048	0.985538
-0.151051	0.0768049	0.985538
-0.151051	0.0768048	0.985538
-0.15105	0.0768045	0.985538
-0.15105	0.0768043	0.985538
-0.15105	0.0768044	0.985538
-0.15105	0.0768044	0.985538
-0.15105	0.0768044	0.985538
-0.15105	0.0768044	0.985538
-0.15105	0.0768042	0.985538
-0.151049	0.076804	0.985538
-0.151049	0.0768041	0.985538
-0.151049	0.0768042	0.985538
-0.151049	0.0768042	0.985538
-0.151049	0.0768042	0.985538
-0.151049	0.0768042	0.985538
-0.151049	0.076804	0.985538
-0.151049	0.0768041	0.985538
-0.151049	0.0768042	0.985538
-0.151049	0.0768042	0.985538
-0.151049	0.0768042	0.985538
-0.151049	0.0768044	0.985538
-0.151048	0.0768043	0.985538
-0.151049	0.0768043	0.985538
-0.151049	0.0768045	0.985538
-0.151049	0.0768044	0.985538
-0.151049	0.0768045	0.985538
-0.151049	0.0768048	0.985538
-0.151049	0.0768047	0.985538
-0.151049	0.0768047	0.985538
-0.151049	0.0768049	0.985538
-0.151049	0.0768048	0.985538
-0.151049	0.0768049	0.985538
-0.151049	0.0768052	0.985538
-0.151049	0.0768051	0.985538
-0.151049	0.0768052	0.985538
-0.151049	0.0768053	0.985538
-0.151049	0.0768053	0.985538
-0.151049	0.0768053	0.985538
-0.15105	0.0768055	0.985538
-0.15105	0.0768054	0.985538
-0.15105	0.0768054	0.985538
-0.15105	0.0768055	0.985538
-0.15105	0.0768055	0.985538
-0.15105	0.0768056	0.985538
-0.15105	0.0768056	0.985538
-0.15105	0.0768054	0.985538
-0.15105	0.0768055	0.985538
-0.15105	0.0768055	0.985538
-0.15105	0.0768055	0.985538
-0.15105	0.0768055	0.985538
-0.151051	0.0768054	0.985538
-0.151051	0.0768051	0.985538
-0.151051	0.0768052	0.985538
-0.151051	0.0768052	0.985538
-0.151051	0.0768053	0.985538
-0.151051	0.0768053	0.985538
-0.151051	0.0768058	0.985538
-0.151051	0.0768056	0.985538
-0.151051	0.0768057	0.985538
-0.151051	0.0768056	0.985538
-0.151051	0.0768057	0.985538
-0.151051	0.0768057	0.985538
-0.151051	0.0768053	0.985538
-0.151051	0.0768052	0.985538
-0.151051	0.0768052	0.985538
-0.151051	0.0768052	0.985538
-0.151051	0.0768052	0.985538
-0.151051	0.0768052	0.985538
-0.15105	0.076805	0.985538
-0.15105	0.0768049	0.985538
-0.15105	0.076805	0.985538
-0.15105	0.076805	0.985538
-0.15105	0.076805	0.985538
-0.15105	0.076805	0.985538
-0.151049	0.076805	0.985538
-0.151049	0.0768049	0.985538
-0.151049	0.0768049	0.985538
-0.151049	0.076805	0.985538
-0.151049	0.0768049	0.985538
-0.151049	0.076805	0.985538
-0.151049	0.0768052	0.985538
-0.151049	0.0768051	0.985538
-0.151049	0.0768052	0.985538
-0.151049	0.0768053	0.985538
-0.151049	0.0768052	0.985538
-0.151049	0.0768053	0.985538
-0.151049	0.0768056	0.985538
-0.151049	0.0768056	0.985538
-0.151049	0.0768056	0.985538
-0.151049	0.0768057	0.985538
-0.151049	0.0768056	0.985538
-0.151049	0.0768057	0.985538
-0.15105	0.076806	0.985538
-0.15105	0.076806	0.985538
-0.15105	0.076806	0.985538
-0.15105	0.0768061	0.985538
-0.15105	0.076806	0.985538
-0.15105	0.0768061	0.985538
-0.15105	0.0768063	0.985538
-0.15105	0.0768063	0.985538
-0.15105	0.0768063	0.985538
-0.15105	0.0768063	0.985538
-0.15105	0.0768063	0.985538
-0.15105	0.0768064	0.985538
-0.151051	0.0768064	0.985538
-0.151051	0.0768063	0.985538
-0.151051	0.0768063	0.985538
-0.151051	0.0768063	0.985538
-0.151051	0.0768063	0.985538
-0.151051	0.0768063	0.985538
-0.151051	0.0768062	0.985538
-0.151051	0.076806	0.985538
-0.151051	0.0768061	0.985538
-0.151051	0.0768061	0.985538
-0.151051	0.0768061	0.985538
-0.151051	0.0768061	0.985538
-0.151051	0.0768058	0.985538
-0.151051	0.0768058	0.985538
-0.151051	0.0768058	0.985538
-0.151051	0.0768057	0.985538
-0.151051	0.0768057	0.985538
-0.151051	0.0768057	0.985538
-0.151051	0.0768054	0.985538
-0.151051	0.0768053	0.985538
-0.151051	0.0768054	0.985538
-0.151051	0.0768053	0.985538
-0.151051	0.0768053	0.985538
-0.151051	0.0768053	0.985538
-0.15105	0.0768051	0.985538
-0.15105	0.0768051	0.985538
-0.15105	0.0768051	0.985538
-0.15105	0.0768051	0.985538
-0.15105	0.076805	0.985538
-0.15105	0.076805	0.985538
-0.151049	0.0768051	0.985538
-0.151049	0.0768051	0.985538
-0.151049	0.076805	0.985538
-0.151049	0.0768051	0.985538
-0.151049	0.076805	0.985538
-0.151049	0.0768051	0.985538
-0.151049	0.0768053	0.985538
-0.151049	0.0768053	0.985538
-0.151049	0.0768053	0.985538
-0.151049	0.0768053	0.985538
-0.151049	0.0768053	0.985538
-0.151049	0.0768053	0.985538
-0.151049	0.0768057	0.985538
-0.151049	0.0768057	0.985538
-0.151049	0.0768057	0.985538
-0.151049	0.0768058	0.985538
-0.151049	0.0768057	0.985538
-0.151049	0.0768058	0.985538
-0.15105	0.0768061	0.985538
-0.15105	0.0768062	0.985538
-0.15105	0.0768061	0.985538
-0.15105	0.0768062	0.985538
-0.15105	0.0768061	0.985538
-0.15105	0.0768062	0.985538
-0.15105	0.0768064	0.985538
-0.15105	0.0768064	0.985538
-0.15105	0.0768064	0.985538
-0.15105	0.0768064	0.985538
-0.15105	0.0768064	0.985538
-0.15105	0.0768064	0.985538
-0.151051	0.0768065	0.985538
-0.151051	0.0768064	0.985538
-0.151051	0.0768064	0.985538
-0.151051	0.0768064	0.985538
-0.151051	0.0768064	0.985538
-0.151051	0.0768064	0.985538
-0.151051	0.0768062	0.985538
-0.151051	0.0768062	0.985538
-0.151051	0.0768062	0.985538
-0.151051	0.0768061	0.985538
-0.151051	0.0768061	0.985538
-0.151051	0.0768061	0.985538
-0.151051	0.0768051	0.985538
-0.151051	0.0768052	0.985538
-0.151051	0.0768051	0.985538
-0.151051	0.076805	0.985538
-0.151051	0.076805	0.985538
-0.151051	0.076805	0.985538
-0.15105	0.0768047	0.985538
-0.15105	0.0768047	0.985538
-0.15105	0.0768047	0.985538
-0.15105	0.0768046	0.985538
-0.15105	0.0768046	0.985538
-0.15105	0.0768046	0.985538
-0.15105	0.0768044	0.985538
-0.15105	0.0768045	0.985538
-0.15105	0.0768044	0.985538
-0.151049	0.0768044	0.985538
-0.151049	0.0768043	0.985538
-0.151049	0.0768043	0.985538
-0.151049	0.0768044	0.985538
-0.151049	0.0768045	0.985538
-0.151049	0.0768044	0.985538
-0.151049	0.0768044	0.985538
-0.151049	0.0768043	0.985538
-0.151049	0.0768044	0.985538
-0.151049	0.0768046	0.985538
-0.151049	0.0768047	0.985538
-0.151049	0.0768046	0.985538
-0.151049	0.0768047	0.985538
-0.151049	0.0768046	0.985538
-0.151049	0.0768046	0.985538
-0.151049	0.076805	0.985538
-0.151049	0.0768051	0.985538
-0.151049	0.076805	0.985538
-0.151049	0.0768051	0.985538
-0.151049	0.076805	0.985538
-0.151049	0.076805	0.985538
-0.151049	0.0768054	0.985538
-0.151049	0.0768056	0.985538
-0.151049	0.0768055	0.985538
-0.151049	0.0768055	0.985538
-0.151049	0.0768054	0.985538
-0.151049	0.0768055	0.985538
-0.15105	0.0768057	0.985538
-0.15105	0.0768058	0.985538
-0.15105	0.0768058	0.985538
-0.15105	0.0768057	0.985538
-0.15105	0.0768057	0.985538
-0.15105	0.0768057	0.985538
-0.15105	0.0768058	0.985538
-0.15105	0.0768058	0.985538
-0.15105	0.0768058	0.985538
-0.15105	0.0768057	0.985538
-0.15105	0.0768057	0.985538
-0.15105	0.0768057	0.985538
-0.151051	0.0768055	0.985538
-0.151051	0.0768056	0.985538
-0.151051	0.0768056	0.985538
-0.151051	0.0768055	0.985538
-0.151051	0.0768055	0.985538
-0.151051	0.0768054	0.985538
-0.15105	0.0768039	0.985538
-0.15105	0.076804	0.985538
-0.15105	0.076804	0.985538
-0.15105	0.0768038	0.985538
-0.15105	0.0768038	0.985538
-0.15105	0.0768038	0.985538
-0.151049	0.0768035	0.985538
-0.151049	0.0768036	0.985538
-0.151049	0.0768035	0.985538
-0.151049	0.0768034	0.985538
-0.151049	0.0768034	0.985538
-0.151049	0.0768034	0.985538
-0.151049	0.0768032	0.985538
-0.151049	0.0768033	0.985538
-0.151049	0.0768032	0.985538
-0.151049	0.0768032	0.985538
-0.151049	0.0768031	0.985538
-0.151049	0.0768031	0.985538
-0.151048	0.0768031	0.985538
-0.151048	0.0768033	0.985538
-0.151048	0.0768032	0.985538
-0.151048	0.0768032	0.985538
-0.151048	0.0768031	0.985538
-0.151048	0.0768031	0.985538
-0.151048	0.0768034	0.985538
-0.151048	0.0768036	0.985538
-0.151048	0.0768035	0.985538
-0.151048	0.0768035	0.985538
-0.151048	0.0768034	0.985538
-0.151048	0.0768034	0.985538
-0.151048	0.0768038	0.985538
-0.151048	0.076804	0.985538
-0.151048	0.0768039	0.985538
-0.151048	0.0768039	0.985538
-0.151048	0.0768038	0.985538
-0.151048	0.0768038	0.985538
-0.151048	0.0768042	0.985538
-0.151048	0.0768044	0.985538
-0.151048	0.0768043	0.985538
-0.151048	0.0768043	0.985538
-0.151048	0.0768042	0.985538
-0.151048	0.0768043	0.985538
-0.151049	0.0768045	0.985538
-0.151049	0.0768047	0.985538
-0.151049	0.0768046	0.985538
-0.151049	0.0768045	0.985538
-0.151049	0.0768045	0.985538
-0.151049	0.0768045	0.985538
-0.151049	0.0768045	0.985538
-0.15105	0.0768047	0.985538
-0.15105	0.0768046	0.985538
-0.15105	0.0768045	0.985538
-0.15105	0.0768045	0.985538
-0.15105	0.0768045	0.985538
-0.15105	0.0768043	0.985538
-0.15105	0.0768044	0.985538
-0.15105	0.0768044	0.985538
-0.15105	0.0768043	0.985538
-0.15105	0.0768043	0.985538
-0.15105	0.0768042	0.985538
-0.151049	0.0768024	0.985538
-0.151049	0.0768025	0.985538
-0.151049	0.0768025	0.985538
-0.151049	0.0768024	0.985538
-0.151049	0.0768024	0.985538
-0.151049	0.0768023	0.985538
-0.151049	0.076802	0.985538
-0.151049	0.0768021	0.985538
-0.151049	0.076802	0.985538
-0.151049	0.0768019	0.985538
-0.151049	0.0768019	0.985538
-0.151049	0.0768019	0.985538
-0.151048	0.0768017	0.985538
-0.151048	0.0768018	0.985538
-0.151048	0.0768017	0.985538
-0.151048	0.0768017	0.985538
-0.151048	0.0768016	0.985538
-0.151048	0.0768016	0.985538
-0.151048	0.0768016	0.985538
-0.151048	0.0768017	0.985538
-0.151048	0.0768017	0.985538
-0.151048	0.0768016	0.985538
-0.151048	0.0768016	0.985538
-0.151048	0.0768016	0.985538
-0.151047	0.0768018	0.985539
-0.151047	0.0768019	0.985538
-0.151047	0.0768019	0.985539
-0.151047	0.0768018	0.985539
-0.151047	0.0768018	0.985539
-0.151047	0.0768018	0.985539
-0.151047	0.0768022	0.985538
-0.151047	0.0768024	0.985538
-0.151047	0.0768023	0.985538
-0.151047	0.0768022	0.985538
-0.151047	0.0768022	0.985538
-0.151047	0.0768022	0.985538
-0.151048	0.0768026	0.985538
-0.151048	0.0768028	0.985538
-0.151048	0.0768027	0.985538
-0.151048	0.0768027	0.985538
-0.151048	0.0768027	0.985538
-0.151048	0.0768027	0.985538
-0.151048	0.0768029	0.985538
-0.151048	0.0768031	0.985538
-0.151048	0.076803	0.985538
-0.151048	0.0768029	0.985538
-0.151048	0.076803	0.985538
-0.151048	0.0768029	0.985538
-0.151049	0.076803	0.985538
-0.151049	0.0768031	0.985538
-0.151049	0.0768031	0.985538
-0.151049	0.076803	0.985538
-0.151049	0.076803	0.985538
-0.151049	0.0768029	0.985538
-0.151049	0.0768028	0.985538
-0.151049	0.0768029	0.985538
-0.151049	0.0768029	0.985538
-0.151049	0.0768028	0.985538
-0.151049	0.0768028	0.985538
-0.151049	0.0768027	0.985538
-0.151049	0.0768015	0.985538
-0.151049	0.0768016	0.985538
-0.151049	0.0768016	0.985538
-0.151049	0.0768015	0.985538
-0.151049	0.0768015	0.985538
-0.151049	0.0768014	0.985538
-0.151048	0.0768011	0.985538
-0.151048	0.0768012	0.985538
-0.151048	0.0768011	0.985538
-0.151048	0.0768011	0.985538
-0.151048	0.0768011	0.985538
-0.151048	0.076801	0.985538
-0.151048	0.0768008	0.985539
-0.151048	0.0768009	0.985539
-0.151048	0.0768008	0.985539
-0.151048	0.0768008	0.985539
-0.151048	0.0768008	0.985539
-0.151048	0.0768007	0.985539
-0.151047	0.0768007	0.985539
-0.151047	0.0768008	0.985539
-0.151047	0.0768008	0.985539
-0.151047	0.0768008	0.985539
-0.151047	0.0768008	0.985539
-0.151047	0.0768007	0.985539
-0.151047	0.0768009	0.985539
-0.151047	0.076801	0.985539
-0.151047	0.076801	0.985539
-0.151047	0.076801	0.985539
-0.151047	0.076801	0.985539
-0.151047	0.076801	0.985539
-0.151047	0.0768013	0.985539
-0.151047	0.0768014	0.985539
-0.151047	0.0768014	0.985539
-0.151047	0.0768014	0.985539
-0.151047	0.0768014	0.985539
-0.151047	0.0768014	0.985539
-0.151047	0.0768017	0.985539
-0.151047	0.0768019	0.985539
-0.151047	0.0768018	0.985539
-0.151047	0.0768018	0.985539
-0.151047	0.0768018	0.985539
-0.151047	0.0768018	0.985539
-0.151048	0.076802	0.985538
-0.151048	0.0768022	0.985538
-0.151048	0.0768021	0.985538
-0.151048	0.0768021	0.985538
-0.151048	0.0768021	0.985538
-0.151048	0.0768021	0.985538
-0.151048	0.0768021	0.985538
-0.151048	0.0768022	0.985538
-0.151048	0.0768022	0.985538
-0.151048	0.0768021	0.985538
-0.151049	0.0768022	0.985538
-0.151049	0.0768021	0.985538
-0.151049	0.0768019	0.985538
-0.151049	0.076802	0.985538
-0.151049	0.076802	0.985538
-0.151049	0.0768019	0.985538
-0.151049	0.0768019	0.985538
-0.151049	0.0768018	0.985538
-0.151049	0.0768014	0.985538
-0.151049	0.0768014	0.985538
-0.151049	0.0768014	0.985538
-0.151049	0.0768014	0.985538
-0.151049	0.0768014	0.985538
-0.151049	0.0768013	0.985538
-0.151048	0.076801	0.985538
-0.151048	0.076801	0.985538
-0.151048	0.0768009	0.985538
-0.151048	0.076801	0.985538
-0.151048	0.076801	0.985538
-0.151048	0.0768009	0.985538
-0.151048	0.0768007	0.985539
-0.151048	0.0768007	0.985539
-0.151048	0.0768006	0.985539
-0.151048	0.0768007	0.985539
-0.151048	0.0768007	0.985539
-0.151048	0.0768006	0.985539
-0.151047	0.0768006	0.985539
-0.151047	0.0768006	0.985539
-0.151047	0.0768006	0.985539
-0.151047	0.0768007	0.985539
-0.151047	0.0768007	0.985539
-0.151047	0.0768006	0.985539
-0.151047	0.0768008	0.985539
-0.151047	0.0768008	0.985539
-0.151047	0.0768008	0.985539
-0.151047	0.0768009	0.985539
-0.151047	0.0768009	0.985539
-0.151047	0.0768009	0.985539
-0.151047	0.0768012	0.985539
-0.151047	0.0768012	0.985539
-0.151047	0.0768012	0.985539
-0.151047	0.0768013	0.985539
-0.151047	0.0768013	0.985539
-0.151047	0.0768013	0.985539
-0.151047	0.0768016	0.985539
-0.151047	0.0768017	0.985539
-0.151047	0.0768016	0.985539
-0.151047	0.0768017	0.985539
-0.151047	0.0768017	0.985539
-0.151047	0.0768017	0.985539
-0.151048	0.0768019	0.985538
-0.151048	0.076802	0.985538
-0.151048	0.0768019	0.985538
-0.151048	0.076802	0.985538
-0.151048	0.076802	0.985538
-0.151048	0.076802	0.985538
-0.151048	0.076802	0.985538
-0.151048	0.076802	0.985538
-0.151048	0.076802	0.985538
-0.151048	0.076802	0.985538
-0.151048	0.076802	0.985538
-0.151048	0.076802	0.985538
-0.151049	0.0768018	0.985538
-0.151049	0.0768018	0.985538
-0.151049	0.0768018	0.985538
-0.151049	0.0768018	0.985538
-0.151049	0.0768018	0.985538
-0.151049	0.0768017	0.985538
-0.151049	0.0768021	0.985538
-0.151049	0.076802	0.985538
-0.151049	0.076802	0.985538
-0.151049	0.0768021	0.985538
-0.151049	0.0768021	0.985538
-0.151049	0.076802	0.985538
-0.151049	0.0768017	0.985538
-0.151049	0.0768015	0.985538
-0.151049	0.0768015	0.985538
-0.151049	0.0768017	0.985538
-0.151049	0.0768016	0.985538
-0.151049	0.0768016	0.985538
-0.151048	0.0768014	0.985538
-0.151048	0.0768012	0.985538
-0.151048	0.0768012	0.985538
-0.151048	0.0768014	0.985538
-0.151048	0.0768014	0.985538
-0.151048	0.0768013	0.985538
-0.151048	0.0768013	0.985539
-0.151048	0.0768012	0.985539
-0.151048	0.0768012	0.985539
-0.151048	0.0768013	0.985539
-0.151048	0.0768013	0.985539
-0.151048	0.0768013	0.985539
-0.151047	0.0768015	0.985539
-0.151047	0.0768014	0.985539
-0.151047	0.0768014	0.985539
-0.151047	0.0768016	0.985539
-0.151047	0.0768015	0.985539
-0.151047	0.0768015	0.985539
-0.151047	0.0768019	0.985539
-0.151047	0.0768018	0.985539
-0.151047	0.0768018	0.985539
-0.151047	0.076802	0.985539
-0.151047	0.076802	0.985539
-0.151047	0.0768019	0.985539
-0.151048	0.0768023	0.985538
-0.151048	0.0768022	0.985538
-0.151048	0.0768022	0.985538
-0.151048	0.0768024	0.985538
-0.151048	0.0768024	0.985538
-0.151048	0.0768024	0.985538
-0.151048	0.0768026	0.985538
-0.151048	0.0768025	0.985538
-0.151048	0.0768025	0.985538
-0.151048	0.0768027	0.985538
-0.151048	0.0768027	0.985538
-0.151048	0.0768026	0.985538
-0.151049	0.0768027	0.985538
-0.151049	0.0768026	0.985538
-0.151049	0.0768026	0.985538
-0.151049	0.0768027	0.985538
-0.151049	0.0768027	0.985538
-0.151049	0.0768026	0.985538
-0.151049	0.0768025	0.985538
-0.151049	0.0768024	0.985538
-0.151049	0.0768024	0.985538
-0.151049	0.0768025	0.985538
-0.151049	0.0768025	0.985538
-0.151049	0.0768024	0.985538
-0.15105	0.0768033	0.985538
-0.15105	0.0768031	0.985538
-0.15105	0.0768031	0.985538
-0.15105	0.0768033	0.985538
-0.15105	0.0768032	0.985538
-0.15105	0.0768032	0.985538
-0.15105	0.0768029	0.985538
-0.15105	0.0768027	0.985538
-0.15105	0.0768027	0.985538
-0.15105	0.0768029	0.985538
-0.15105	0.0768028	0.985538
-0.15105	0.0768028	0.985538
-0.151049	0.0768026	0.985538
-0.151049	0.0768024	0.985538
-0.151049	0.0768024	0.985538
-0.151049	0.0768026	0.985538
-0.151049	0.0768025	0.985538
-0.151049	0.0768025	0.985538
-0.151048	0.0768025	0.985538
-0.151048	0.0768023	0.985538
-0.151048	0.0768023	0.985538
-0.151048	0.0768025	0.985538
-0.151048	0.0768025	0.985538
-0.151048	0.0768025	0.985538
-0.151048	0.0768027	0.985538
-0.151048	0.0768025	0.985538
-0.151048	0.0768026	0.985538
-0.151048	0.0768028	0.985538
-0.151048	0.0768027	0.985538
-0.151048	0.0768027	0.985538
-0.151048	0.0768031	0.985538
-0.151048	0.076803	0.985538
-0.151048	0.076803	0.985538
-0.151048	0.0768032	0.985538
-0.151048	0.0768031	0.985538
-0.151048	0.0768032	0.985538
-0.151048	0.0768035	0.985538
-0.151048	0.0768034	0.985538
-0.151048	0.0768034	0.985538
-0.151049	0.0768036	0.985538
-0.151049	0.0768036	0.985538
-0.151049	0.0768036	0.985538
-0.151049	0.0768038	0.985538
-0.151049	0.0768037	0.985538
-0.151049	0.0768037	0.985538
-0.151049	0.0768039	0.985538
-0.151049	0.0768038	0.985538
-0.151049	0.0768038	0.985538
-0.15105	0.0768039	0.985538
-0.15105	0.0768037	0.985538
-0.15105	0.0768037	0.985538
-0.15105	0.0768039	0.985538
-0.15105	0.0768039	0.985538
-0.15105	0.0768039	0.985538
-0.15105	0.0768037	0.985538
-0.15105	0.0768035	0.985538
-0.15105	0.0768035	0.985538
-0.15105	0.0768037	0.985538
-0.15105	0.0768037	0.985538
-0.15105	0.0768036	0.985538
-0.151051	0.0768046	0.985538
-0.151051	0.0768044	0.985538
-0.151051	0.0768044	0.985538
-0.151051	0.0768045	0.985538
-0.151051	0.0768045	0.985538
-0.151051	0.0768045	0.985538
-0.151051	0.0768042	0.985538
-0.15105	0.076804	0.985538
-0.15105	0.076804	0.985538
-0.15105	0.0768041	0.985538
-0.15105	0.0768041	0.985538
-0.15105	0.0768041	0.985538
-0.15105	0.0768038	0.985538
-0.15105	0.0768037	0.985538
-0.15105	0.0768037	0.985538
-0.15105	0.0768038	0.985538
-0.15105	0.0768038	0.985538
-0.15105	0.0768038	0.985538
-0.151049	0.0768038	0.985538
-0.151049	0.0768036	0.985538
-0.151049	0.0768036	0.985538
-0.151049	0.0768038	0.985538
-0.151049	0.0768037	0.985538
-0.151049	0.0768038	0.985538
-0.151049	0.076804	0.985538
-0.151049	0.0768038	0.985538
-0.151049	0.0768038	0.985538
-0.151049	0.076804	0.985538
-0.151049	0.076804	0.985538
-0.151049	0.076804	0.985538
-0.151049	0.0768043	0.985538
-0.151049	0.0768042	0.985538
-0.151049	0.0768042	0.985538
-0.151049	0.0768044	0.985538
-0.151049	0.0768044	0.985538
-0.151049	0.0768044	0.985538
-0.151049	0.0768048	0.985538
-0.151049	0.0768047	0.985538
-0.151049	0.0768047	0.985538
-0.151049	0.0768048	0.985538
-0.151049	0.0768048	0.985538
-0.151049	0.0768049	0.985538
-0.15105	0.0768051	0.985538
-0.15105	0.076805	0.985538
-0.15105	0.076805	0.985538
-0.15105	0.0768051	0.985538
-0.15105	0.0768051	0.985538
-0.15105	0.0768051	0.985538
-0.15105	0.0768052	0.985538
-0.15105	0.076805	0.985538
-0.15105	0.076805	0.985538
-0.151051	0.0768052	0.985538
-0.151051	0.0768051	0.985538
-0.151051	0.0768051	0.985538
-0.151051	0.076805	0.985538
-0.151051	0.0768048	0.985538
-0.151051	0.0768048	0.985538
-0.151051	0.0768049	0.985538
-0.151051	0.0768049	0.985538
-0.151051	0.0768049	0.985538
-0.151051	0.0768055	0.985538
-0.151051	0.0768053	0.985538
-0.151051	0.0768053	0.985538
-0.151051	0.0768054	0.985538
-0.151051	0.0768053	0.985538
-0.151051	0.0768053	0.985538
-0.151051	0.076805	0.985538
-0.151051	0.0768049	0.985538
-0.151051	0.0768049	0.985538
-0.151051	0.076805	0.985538
-0.151051	0.0768049	0.985538
-0.151051	0.0768049	0.985538
-0.15105	0.0768047	0.985538
-0.15105	0.0768046	0.985538
-0.15105	0.0768046	0.985538
-0.15105	0.0768047	0.985538
-0.15105	0.0768046	0.985538
-0.15105	0.0768047	0.985538
-0.15105	0.0768046	0.985538
-0.15105	0.0768045	0.985538
-0.15105	0.0768045	0.985538
-0.15105	0.0768046	0.985538
-0.15105	0.0768046	0.985538
-0.15105	0.0768046	0.985538
-0.151049	0.0768048	0.985538
-0.151049	0.0768047	0.985538
-0.151049	0.0768047	0.985538
-0.151049	0.0768049	0.985538
-0.151049	0.0768048	0.985538
-0.151049	0.0768049	0.985538
-0.151049	0.0768052	0.985538
-0.151049	0.0768051	0.985538
-0.151049	0.0768051	0.985538
-0.151049	0.0768053	0.985538
-0.151049	0.0768052	0.985538
-0.15105	0.0768053	0.985538
-0.15105	0.0768056	0.985538
-0.15105	0.0768056	0.985538
-0.15105	0.0768056	0.985538
-0.15105	0.0768057	0.985538
-0.15105	0.0768056	0.985538
-0.15105	0.0768057	0.985538
-0.15105	0.076806	0.985538
-0.15105	0.0768059	0.985538
-0.15105	0.0768059	0.985538
-0.15105	0.076806	0.985538
-0.15105	0.0768059	0.985538
-0.151051	0.076806	0.985538
-0.151051	0.076806	0.985538
-0.151051	0.0768059	0.985538
-0.151051	0.0768059	0.985538
-0.151051	0.076806	0.985538
-0.151051	0.076806	0.985538
-0.151051	0.076806	0.985538
-0.151051	0.0768058	0.985538
-0.151051	0.0768057	0.985538
-0.151051	0.0768057	0.985538
-0.151051	0.0768058	0.985538
-0.151051	0.0768057	0.985538
-0.151051	0.0768057	0.985538
-0.151051	0.0768056	0.985538
-0.151051	0.0768055	0.985538
-0.151051	0.0768055	0.985538
-0.151051	0.0768055	0.985538
-0.151051	0.0768054	0.985538
-0.151051	0.0768054	0.985538
-0.151051	0.0768051	0.985538
-0.151051	0.0768051	0.985538
-0.151051	0.0768051	0.985538
-0.151051	0.0768051	0.985538
-0.151051	0.076805	0.985538
-0.151051	0.076805	0.985538
-0.151051	0.0768048	0.985538
-0.15105	0.0768048	0.985538
-0.15105	0.0768048	0.985538
-0.15105	0.0768048	0.985538
-0.15105	0.0768047	0.985538
-0.15105	0.0768048	0.985538
-0.15105	0.0768047	0.985538
-0.15105	0.0768047	0.985538
-0.15105	0.0768047	0.985538
-0.15105	0.0768048	0.985538
-0.15105	0.0768047	0.985538
-0.15105	0.0768047	0.985538
-0.15105	0.0768049	0.985538
-0.151049	0.0768049	0.985538
-0.151049	0.0768049	0.985538
-0.151049	0.076805	0.985538
-0.151049	0.0768049	0.985538
-0.151049	0.076805	0.985538
-0.151049	0.0768053	0.985538
-0.151049	0.0768053	0.985538
-0.15105	0.0768053	0.985538
-0.151049	0.0768054	0.985538
-0.151049	0.0768053	0.985538
-0.15105	0.0768054	0.985538
-0.15105	0.0768058	0.985538
-0.15105	0.0768058	0.985538
-0.15105	0.0768058	0.985538
-0.15105	0.0768058	0.985538
-0.15105	0.0768057	0.985538
-0.15105	0.0768058	0.985538
-0.15105	0.0768061	0.985538
-0.15105	0.0768061	0.985538
-0.151051	0.0768061	0.985538
-0.15105	0.0768061	0.985538
-0.15105	0.076806	0.985538
-0.151051	0.0768061	0.985538
-0.151051	0.0768061	0.985538
-0.151051	0.0768061	0.985538
-0.151051	0.0768061	0.985538
-0.151051	0.0768061	0.985538
-0.151051	0.0768061	0.985538
-0.151051	0.0768061	0.985538
-0.151051	0.076806	0.985538
-0.151051	0.0768059	0.985538
-0.151051	0.0768059	0.985538
-0.151051	0.0768059	0.985538
-0.151051	0.0768058	0.985538
-0.151051	0.0768059	0.985538
-0.151051	0.0768049	0.985538
-0.151051	0.0768049	0.985538
-0.151051	0.0768049	0.985538
-0.151051	0.0768048	0.985538
-0.151051	0.0768048	0.985538
-0.151051	0.0768048	0.985538
-0.151051	0.0768045	0.985538
-0.151051	0.0768045	0.985538
-0.151051	0.0768045	0.985538
-0.151051	0.0768044	0.985538
-0.151051	0.0768043	0.985538
-0.151051	0.0768043	0.985538
-0.15105	0.0768041	0.985538
-0.15105	0.0768042	0.985538
-0.15105	0.0768042	0.985538
-0.15105	0.0768041	0.985538
-0.15105	0.0768041	0.985538
-0.15105	0.0768041	0.985538
-0.151049	0.0768041	0.985538
-0.151049	0.0768042	0.985538
-0.151049	0.0768041	0.985538
-0.151049	0.0768041	0.985538
-0.151049	0.076804	0.985538
-0.151049	0.0768041	0.985538
-0.151049	0.0768043	0.985538
-0.151049	0.0768044	0.985538
-0.151049	0.0768043	0.985538
-0.151049	0.0768043	0.985538
-0.151049	0.0768042	0.985538
-0.151049	0.0768043	0.985538
-0.151049	0.0768046	0.985538
-0.151049	0.0768048	0.985538
-0.151049	0.0768047	0.985538
-0.151049	0.0768047	0.985538
-0.151049	0.0768047	0.985538
-0.151049	0.0768047	0.985538
-0.151049	0.0768051	0.985538
-0.151049	0.0768052	0.985538
-0.151049	0.0768052	0.985538
-0.151049	0.0768051	0.985538
-0.151049	0.0768051	0.985538
-0.151049	0.0768051	0.985538
-0.15105	0.0768054	0.985538
-0.15105	0.0768055	0.985538
-0.15105	0.0768055	0.985538
-0.15105	0.0768054	0.985538
-0.15105	0.0768054	0.985538
-0.15105	0.0768054	0.985538
-0.151051	0.0768055	0.985538
-0.151051	0.0768056	0.985538
-0.151051	0.0768055	0.985538
-0.151051	0.0768054	0.985538
-0.151051	0.0768054	0.985538
-0.151051	0.0768054	0.985538
-0.151051	0.0768053	0.985538
-0.151051	0.0768053	0.985538
-0.151051	0.0768053	0.985538
-0.151051	0.0768052	0.985538
-0.151051	0.0768052	0.985538
-0.151051	0.0768052	0.985538
-0.15105	0.0768037	0.985538
-0.15105	0.0768038	0.985538
-0.15105	0.0768038	0.985538
-0.15105	0.0768036	0.985538
-0.15105	0.0768036	0.985538
-0.15105	0.0768036	0.985538
-0.15105	0.0768032	0.985538
-0.15105	0.0768034	0.985538
-0.15105	0.0768033	0.985538
-0.15105	0.0768032	0.985538
-0.15105	0.0768032	0.985538
-0.15105	0.0768031	0.985538
-0.151049	0.0768029	0.985538
-0.151049	0.0768031	0.985538
-0.151049	0.076803	0.985538
-0.151049	0.0768029	0.985538
-0.151049	0.0768029	0.985538
-0.151049	0.0768029	0.985538
-0.151049	0.0768029	0.985538
-0.151049	0.076803	0.985538
-0.151049	0.076803	0.985538
-0.151048	0.0768029	0.985538
-0.151049	0.0768028	0.985538
-0.151048	0.0768029	0.985538
-0.151048	0.0768031	0.985538
-0.151048	0.0768032	0.985538
-0.151048	0.0768032	0.985538
-0.151048	0.0768031	0.985538
-0.151048	0.0768031	0.985538
-0.151048	0.0768031	0.985538
-0.151048	0.0768034	0.985538
-0.151048	0.0768036	0.985538
-0.151048	0.0768036	0.985538
-0.151048	0.0768035	0.985538
-0.151048	0.0768035	0.985538
-0.151048	0.0768035	0.985538
-0.151049	0.0768039	0.985538
-0.151049	0.0768041	0.985538
-0.151049	0.076804	0.985538
-0.151049	0.0768039	0.985538
-0.151049	0.0768039	0.985538
-0.151049	0.0768039	0.985538
-0.151049	0.0768042	0.985538
-0.151049	0.0768044	0.985538
-0.151049	0.0768043	0.985538
-0.151049	0.0768042	0.985538
-0.151049	0.0768042	0.985538
-0.151049	0.0768042	0.985538
-0.15105	0.0768043	0.985538
-0.15105	0.0768044	0.985538
-0.15105	0.0768044	0.985538
-0.15105	0.0768042	0.985538
-0.15105	0.0768042	0.985538
-0.15105	0.0768042	0.985538
-0.15105	0.0768041	0.985538
-0.15105	0.0768042	0.985538
-0.15105	0.0768042	0.985538
-0.15105	0.076804	0.985538
-0.15105	0.076804	0.985538
-0.15105	0.076804	0.985538
-0.15105	0.0768018	0.985538
-0.15105	0.076802	0.985538
-0.15105	0.0768019	0.985538
-0.15105	0.0768018	0.985538
-0.15105	0.0768018	0.985538
-0.15105	0.0768017	0.985538
-0.15105	0.0768014	0.985538
-0.15105	0.0768015	0.985538
-0.15105	0.0768015	0.985538
-0.151049	0.0768014	0.985538
-0.15105	0.0768014	0.985538
-0.151049	0.0768013	0.985538
-0.151049	0.0768011	0.985538
-0.151049	0.0768012	0.985538
-0.151049	0.0768011	0.985538
-0.151049	0.0768011	0.985538
-0.151049	0.076801	0.985538
-0.151049	0.076801	0.985538
-0.151048	0.076801	0.985538
-0.151048	0.0768011	0.985538
-0.151048	0.0768011	0.985538
-0.151048	0.076801	0.985538
-0.151048	0.076801	0.985538
-0.151048	0.0768009	0.985538
-0.151048	0.0768011	0.985538
-0.151048	0.0768013	0.985538
-0.151048	0.0768012	0.985538
-0.151048	0.0768012	0.985538
-0.151048	0.0768012	0.985538
-0.151048	0.0768012	0.985538
-0.151048	0.0768015	0.985538
-0.151048	0.0768017	0.985538
-0.151048	0.0768016	0.985538
-0.151048	0.0768016	0.985538
-0.151048	0.0768016	0.985538
-0.151048	0.0768016	0.985538
-0.151048	0.0768019	0.985538
-0.151048	0.0768022	0.985538
-0.151048	0.0768021	0.985538
-0.151048	0.076802	0.985538
-0.151048	0.076802	0.985538
-0.151048	0.076802	0.985538
-0.151049	0.0768023	0.985538
-0.151049	0.0768025	0.985538
-0.151049	0.0768024	0.985538
-0.151049	0.0768023	0.985538
-0.151049	0.0768023	0.985538
-0.151049	0.0768023	0.985538
-0.151049	0.0768024	0.985538
-0.15105	0.0768026	0.985538
-0.15105	0.0768025	0.985538
-0.151049	0.0768024	0.985538
-0.15105	0.0768024	0.985538
-0.15105	0.0768024	0.985538
-0.15105	0.0768022	0.985538
-0.15105	0.0768024	0.985538
-0.15105	0.0768023	0.985538
-0.15105	0.0768022	0.985538
-0.15105	0.0768022	0.985538
-0.15105	0.0768021	0.985538
-0.151049	0.0768009	0.985538
-0.151049	0.076801	0.985538
-0.151049	0.0768009	0.985538
-0.151049	0.0768009	0.985538
-0.151049	0.0768009	0.985538
-0.151049	0.0768008	0.985538
-0.151049	0.0768004	0.985538
-0.151049	0.0768005	0.985538
-0.151049	0.0768005	0.985538
-0.151049	0.0768004	0.985538
-0.151049	0.0768004	0.985538
-0.151049	0.0768003	0.985538
-0.151048	0.0768001	0.985538
-0.151048	0.0768002	0.985538
-0.151048	0.0768001	0.985538
-0.151048	0.0768001	0.985539
-0.151048	0.0768001	0.985539
-0.151048	0.0768	0.985539
-0.151048	0.0768	0.985539
-0.151048	0.0768001	0.985539
-0.151048	0.0768001	0.985539
-0.151048	0.0768001	0.985539
-0.151048	0.0768	0.985539
-0.151048	0.0768	0.985539
-0.151047	0.0768002	0.985539
-0.151047	0.0768003	0.985539
-0.151047	0.0768002	0.985539
-0.151047	0.0768003	0.985539
-0.151047	0.0768002	0.985539
-0.151047	0.0768002	0.985539
-0.151047	0.0768005	0.985539
-0.151047	0.0768007	0.985539
-0.151047	0.0768006	0.985539
-0.151047	0.0768007	0.985539
-0.151047	0.0768006	0.985539
-0.151047	0.0768006	0.985539
-0.151048	0.076801	0.985539
-0.151048	0.0768012	0.985539
-0.151048	0.0768011	0.985539
-0.151048	0.0768011	0.985539
-0.151048	0.0768011	0.985539
-0.151048	0.0768011	0.985539
-0.151048	0.0768013	0.985538
-0.151048	0.0768015	0.985538
-0.151048	0.0768014	0.985538
-0.151048	0.0768014	0.985538
-0.151048	0.0768014	0.985538
-0.151048	0.0768014	0.985538
-0.151049	0.0768014	0.985538
-0.151049	0.0768016	0.985538
-0.151049	0.0768015	0.985538
-0.151049	0.0768015	0.985538
-0.151049	0.0768015	0.985538
-0.151049	0.0768014	0.985538
-0.151049	0.0768013	0.985538
-0.151049	0.0768014	0.985538
-0.151049	0.0768013	0.985538
-0.151049	0.0768013	0.985538
-0.151049	0.0768013	0.985538
-0.151049	0.0768012	0.985538
-0.151049	0.0768007	0.985538
-0.151049	0.0768007	0.985538
-0.151049	0.0768007	0.985538
-0.151049	0.0768007	0.985538
-0.151049	0.0768007	0.985538
-0.151049	0.0768006	0.985538
-0.151049	0.0768003	0.985538
-0.151049	0.0768003	0.985538
-0.151049	0.0768002	0.985538
-0.151049	0.0768003	0.985538
-0.151049	0.0768003	0.985538
-0.151049	0.0768002	0.985538
-0.151048	0.0767999	0.985539
-0.151048	0.0767999	0.985539
-0.151048	0.0767999	0.985539
-0.151048	0.0768	0.985539
-0.151048	0.0767999	0.985539
-0.151048	0.0767999	0.985539
-0.151048	0.0767998	0.985539
-0.151048	0.0767999	0.985539
-0.151048	0.0767998	0.985539
-0.151048	0.0767999	0.985539
-0.151048	0.0767999	0.985539
-0.151048	0.0767998	0.985539
-0.151047	0.0768	0.985539
-0.151047	0.0768	0.985539
-0.151047	0.0768	0.985539
-0.151047	0.0768001	0.985539
-0.151047	0.0768001	0.985539
-0.151047	0.0768	0.985539
-0.151047	0.0768004	0.985539
-0.151047	0.0768004	0.985539
-0.151047	0.0768004	0.985539
-0.151047	0.0768005	0.985539
-0.151047	0.0768005	0.985539
-0.151047	0.0768004	0.985539
-0.151048	0.0768008	0.985539
-0.151048	0.0768009	0.985539
-0.151048	0.0768008	0.985539
-0.151048	0.0768009	0.985539
-0.151048	0.0768009	0.985539
-0.151048	0.0768009	0.985539
-0.151048	0.0768011	0.985538
-0.151048	0.0768012	0.985538
-0.151048	0.0768012	0.985538
-0.151048	0.0768012	0.985538
-0.151048	0.0768012	0.985538
-0.151048	0.0768012	0.985538
-0.151049	0.0768013	0.985538
-0.151049	0.0768013	0.985538
-0.151049	0.0768013	0.985538
-0.151049	0.0768013	0.985538
-0.151049	0.0768013	0.985538
-0.151049	0.0768012	0.985538
-0.151049	0.0768011	0.985538
-0.151049	0.0768011	0.985538
-0.151049	0.0768011	0.985538
-0.151049	0.0768011	0.985538
-0.151049	0.0768011	0.985538
-0.151049	0.076801	0.985538
-0.15105	0.0768014	0.985538
-0.15105	0.0768013	0.985538
-0.15105	0.0768013	0.985538
-0.15105	0.0768014	0.985538
-0.15105	0.0768014	0.985538
-0.15105	0.0768013	0.985538
-0.151049	0.076801	0.985538
-0.151049	0.0768008	0.985538
-0.151049	0.0768008	0.985538
-0.151049	0.076801	0.985538
-0.151049	0.0768009	0.985538
-0.151049	0.0768008	0.985538
-0.151049	0.0768006	0.985538
-0.151049	0.0768005	0.985538
-0.151049	0.0768005	0.985538
-0.151049	0.0768006	0.985538
-0.151049	0.0768006	0.985538
-0.151049	0.0768005	0.985538
-0.151048	0.0768005	0.985538
-0.151048	0.0768004	0.985539
-0.151048	0.0768004	0.985539
-0.151048	0.0768006	0.985539
-0.151048	0.0768005	0.985539
-0.151048	0.0768005	0.985539
-0.151048	0.0768007	0.985539
-0.151048	0.0768006	0.985539
-0.151048	0.0768006	0.985539
-0.151048	0.0768008	0.985539
-0.151048	0.0768007	0.985539
-0.151048	0.0768007	0.985539
-0.151048	0.076801	0.985539
-0.151048	0.076801	0.985539
-0.151048	0.076801	0.985539
-0.151048	0.0768012	0.985539
-0.151048	0.0768011	0.985539
-0.151048	0.0768011	0.985539
-0.151048	0.0768015	0.985538
-0.151048	0.0768015	0.985538
-0.151048	0.0768014	0.985538
-0.151048	0.0768016	0.985538
-0.151048	0.0768016	0.985538
-0.151048	0.0768016	0.985538
-0.151049	0.0768018	0.985538
-0.151049	0.0768018	0.985538
-0.151049	0.0768018	0.985538
-0.151049	0.0768019	0.985538
-0.151049	0.0768019	0.985538
-0.151049	0.0768019	0.985538
-0.151049	0.0768019	0.985538
-0.151049	0.0768019	0.985538
-0.151049	0.0768019	0.985538
-0.151049	0.076802	0.985538
-0.151049	0.076802	0.985538
-0.151049	0.0768019	0.985538
-0.15105	0.0768018	0.985538
-0.15105	0.0768017	0.985538
-0.15105	0.0768017	0.985538
-0.15105	0.0768018	0.985538
-0.15105	0.0768018	0.985538
-0.15105	0.0768017	0.985538
-0.151051	0.0768027	0.985538
-0.15105	0.0768025	0.985538
-0.151051	0.0768025	0.985538
-0.151051	0.0768026	0.985538
-0.151051	0.0768026	0.985538
-0.151051	0.0768025	0.985538
-0.15105	0.0768022	0.985538
-0.15105	0.076802	0.985538
-0.15105	0.076802	0.985538
-0.15105	0.0768022	0.985538
-0.15105	0.0768022	0.985538
-0.15105	0.0768021	0.985538
-0.15105	0.0768019	0.985538
-0.151049	0.0768017	0.985538
-0.15105	0.0768017	0.985538
-0.15105	0.0768019	0.985538
-0.15105	0.0768018	0.985538
-0.15105	0.0768018	0.985538
-0.151049	0.0768018	0.985538
-0.151049	0.0768016	0.985538
-0.151049	0.0768016	0.985538
-0.151049	0.0768018	0.985538
-0.151049	0.0768018	0.985538
-0.151049	0.0768018	0.985538
-0.151049	0.0768019	0.985538
-0.151048	0.0768018	0.985538
-0.151048	0.0768018	0.985538
-0.151049	0.076802	0.985538
-0.151049	0.076802	0.985538
-0.151049	0.076802	0.985538
-0.151049	0.0768023	0.985538
-0.151048	0.0768022	0.985538
-0.151048	0.0768022	0.985538
-0.151049	0.0768024	0.985538
-0.151049	0.0768024	0.985538
-0.151049	0.0768024	0.985538
-0.151049	0.0768027	0.985538
-0.151049	0.0768026	0.985538
-0.151049	0.0768027	0.985538
-0.151049	0.0768029	0.985538
-0.151049	0.0768028	0.985538
-0.151049	0.0768028	0.985538
-0.151049	0.0768031	0.985538
-0.151049	0.076803	0.985538
-0.151049	0.076803	0.985538
-0.15105	0.0768032	0.985538
-0.15105	0.0768031	0.985538
-0.15105	0.0768031	0.985538
-0.15105	0.0768032	0.985538
-0.15105	0.0768031	0.985538
-0.15105	0.0768031	0.985538
-0.15105	0.0768032	0.985538
-0.15105	0.0768032	0.985538
-0.15105	0.0768032	0.985538
-0.151051	0.076803	0.985538
-0.15105	0.0768029	0.985538
-0.15105	0.0768029	0.985538
-0.151051	0.076803	0.985538
-0.151051	0.076803	0.985538
-0.151051	0.0768029	0.985538
-0.151051	0.076804	0.985538
-0.151051	0.0768038	0.985538
-0.151051	0.0768038	0.985538
-0.151051	0.076804	0.985538
-0.151051	0.0768039	0.985538
-0.151051	0.0768039	0.985538
-0.151051	0.0768036	0.985538
-0.151051	0.0768034	0.985538
-0.151051	0.0768034	0.985538
-0.151051	0.0768036	0.985538
-0.151051	0.0768035	0.985538
-0.151051	0.0768035	0.985538
-0.151051	0.0768032	0.985538
-0.15105	0.0768031	0.985538
-0.15105	0.0768031	0.985538
-0.15105	0.0768033	0.985538
-0.15105	0.0768032	0.985538
-0.15105	0.0768032	0.985538
-0.15105	0.0768031	0.985538
-0.15105	0.076803	0.985538
-0.15105	0.076803	0.985538
-0.15105	0.0768032	0.985538
-0.15105	0.0768031	0.985538
-0.15105	0.0768031	0.985538
-0.151049	0.0768033	0.985538
-0.151049	0.0768032	0.985538
-0.151049	0.0768032	0.985538
-0.151049	0.0768034	0.985538
-0.151049	0.0768033	0.985538
-0.151049	0.0768034	0.985538
-0.151049	0.0768037	0.985538
-0.151049	0.0768036	0.985538
-0.151049	0.0768036	0.985538
-0.151049	0.0768038	0.985538
-0.151049	0.0768037	0.985538
-0.151049	0.0768038	0.985538
-0.15105	0.0768041	0.985538
-0.15105	0.076804	0.985538
-0.15105	0.076804	0.985538
-0.15105	0.0768042	0.985538
-0.15105	0.0768042	0.985538
-0.15105	0.0768042	0.985538
-0.15105	0.0768045	0.985538
-0.15105	0.0768043	0.985538
-0.15105	0.0768043	0.985538
-0.15105	0.0768045	0.985538
-0.15105	0.0768045	0.985538
-0.151051	0.0768045	0.985538
-0.151051	0.0768046	0.985538
-0.151051	0.0768044	0.985538
-0.151051	0.0768044	0.985538
-0.151051	0.0768046	0.985538
-0.151051	0.0768045	0.985538
-0.151051	0.0768046	0.985538
-0.151051	0.0768044	0.985538
-0.151051	0.0768042	0.985538
-0.151051	0.0768042	0.985538
-0.151051	0.0768044	0.985538
-0.151051	0.0768043	0.985538
-0.151051	0.0768043	0.985538
-0.151052	0.076805	0.985538
-0.151052	0.0768048	0.985538
-0.151052	0.0768048	0.985538
-0.151052	0.0768049	0.985538
-0.151052	0.0768049	0.985538
-0.151052	0.0768049	0.985538
-0.151052	0.0768045	0.985538
-0.151052	0.0768044	0.985538
-0.151052	0.0768044	0.985538
-0.151052	0.0768045	0.985538
-0.151052	0.0768044	0.985538
-0.151052	0.0768044	0.985538
-0.151051	0.0768042	0.985538
-0.151051	0.0768041	0.985538
-0.151051	0.0768041	0.985538
-0.151051	0.0768042	0.985538
-0.151051	0.0768041	0.985538
-0.151051	0.0768041	0.985538
-0.151051	0.0768041	0.985538
-0.15105	0.076804	0.985538
-0.15105	0.076804	0.985538
-0.15105	0.0768041	0.985538
-0.15105	0.076804	0.985538
-0.15105	0.0768041	0.985538
-0.15105	0.0768043	0.985538
-0.15105	0.0768042	0.985538
-0.15105	0.0768042	0.985538
-0.15105	0.0768043	0.985538
-0.15105	0.0768042	0.985538
-0.15105	0.0768043	0.985538
-0.15105	0.0768046	0.985538
-0.15105	0.0768046	0.985538
-0.15105	0.0768046	0.985538
-0.15105	0.0768047	0.985538
-0.15105	0.0768046	0.985538
-0.15105	0.0768047	0.985538
-0.15105	0.0768051	0.985538
-0.15105	0.076805	0.985538
-0.15105	0.076805	0.985538
-0.15105	0.0768051	0.985538
-0.15105	0.0768051	0.985538
-0.15105	0.0768052	0.985538
-0.151051	0.0768054	0.985538
-0.151051	0.0768053	0.985538
-0.151051	0.0768053	0.985538
-0.151051	0.0768055	0.985538
-0.151051	0.0768054	0.985538
-0.151051	0.0768055	0.985538
-0.151052	0.0768055	0.985538
-0.151052	0.0768054	0.985538
-0.151052	0.0768054	0.985538
-0.151052	0.0768055	0.985538
-0.151052	0.0768055	0.985538
-0.151052	0.0768055	0.985538
-0.151052	0.0768054	0.985538
-0.151052	0.0768052	0.985538
-0.151052	0.0768052	0.985538
-0.151052	0.0768053	0.985538
-0.151052	0.0768053	0.985538
-0.151052	0.0768053	0.985538
-0.151052	0.0768052	0.985538
-0.151052	0.0768051	0.985538
-0.151052	0.0768051	0.985538
-0.151052	0.0768051	0.985538
-0.151052	0.076805	0.985538
-0.151052	0.076805	0.985538
-0.151052	0.0768047	0.985538
-0.151052	0.0768047	0.985538
-0.151052	0.0768046	0.985538
-0.151052	0.0768047	0.985538
-0.151052	0.0768046	0.985538
-0.151052	0.0768046	0.985538
-0.151051	0.0768044	0.985538
-0.151051	0.0768043	0.985538
-0.151051	0.0768043	0.985538
-0.151051	0.0768043	0.985538
-0.151051	0.0768043	0.985538
-0.151051	0.0768043	0.985538
-0.151051	0.0768043	0.985538
-0.151051	0.0768042	0.985538
-0.151051	0.0768042	0.985538
-0.15105	0.0768043	0.985538
-0.15105	0.0768042	0.985538
-0.15105	0.0768043	0.985538
-0.15105	0.0768044	0.985538
-0.15105	0.0768044	0.985538
-0.15105	0.0768044	0.985538
-0.15105	0.0768045	0.985538
-0.15105	0.0768044	0.985538
-0.15105	0.0768045	0.985538
-0.15105	0.0768048	0.985538
-0.15105	0.0768048	0.985538
-0.15105	0.0768048	0.985538
-0.15105	0.0768049	0.985538
-0.15105	0.0768048	0.985538
-0.15105	0.0768049	0.985538
-0.15105	0.0768052	0.985538
-0.15105	0.0768053	0.985538
-0.15105	0.0768053	0.985538
-0.15105	0.0768053	0.985538
-0.15105	0.0768052	0.985538
-0.151051	0.0768053	0.985538
-0.151051	0.0768056	0.985538
-0.151051	0.0768056	0.985538
-0.151051	0.0768056	0.985538
-0.151051	0.0768056	0.985538
-0.151051	0.0768056	0.985538
-0.151051	0.0768056	0.985538
-0.151052	0.0768057	0.985538
-0.151052	0.0768057	0.985538
-0.151052	0.0768057	0.985538
-0.151052	0.0768057	0.985538
-0.151052	0.0768056	0.985538
-0.151052	0.0768057	0.985538
-0.151052	0.0768055	0.985538
-0.151052	0.0768055	0.985538
-0.151052	0.0768055	0.985538
-0.151052	0.0768055	0.985538
-0.151052	0.0768054	0.985538
-0.151052	0.0768055	0.985538
-0.151052	0.0768045	0.985538
-0.151052	0.0768045	0.985538
-0.151052	0.0768045	0.985538
-0.151052	0.0768044	0.985538
-0.151052	0.0768044	0.985538
-0.151052	0.0768044	0.985538
-0.151051	0.076804	0.985538
-0.151051	0.0768041	0.985538
-0.151051	0.0768041	0.985538
-0.151051	0.076804	0.985538
-0.151051	0.0768039	0.985538
-0.151051	0.0768039	0.985538
-0.151051	0.0768037	0.985538
-0.151051	0.0768038	0.985538
-0.151051	0.0768037	0.985538
-0.151051	0.0768037	0.985538
-0.151051	0.0768036	0.985538
-0.151051	0.0768036	0.985538
-0.15105	0.0768036	0.985538
-0.15105	0.0768037	0.985538
-0.15105	0.0768036	0.985538
-0.15105	0.0768036	0.985538
-0.15105	0.0768035	0.985538
-0.15105	0.0768036	0.985538
-0.15105	0.0768038	0.985538
-0.15105	0.0768039	0.985538
-0.15105	0.0768038	0.985538
-0.15105	0.0768038	0.985538
-0.15105	0.0768037	0.985538
-0.15105	0.0768038	0.985538
-0.15105	0.0768041	0.985538
-0.15105	0.0768043	0.985538
-0.15105	0.0768042	0.985538
-0.15105	0.0768042	0.985538
-0.15105	0.0768041	0.985538
-0.15105	0.0768042	0.985538
-0.15105	0.0768046	0.985538
-0.15105	0.0768047	0.985538
-0.15105	0.0768047	0.985538
-0.15105	0.0768046	0.985538
-0.15105	0.0768046	0.985538
-0.15105	0.0768047	0.985538
-0.151051	0.0768049	0.985538
-0.151051	0.076805	0.985538
-0.151051	0.076805	0.985538
-0.151051	0.0768049	0.985538
-0.151051	0.0768049	0.985538
-0.151051	0.076805	0.985538
-0.151051	0.076805	0.985538
-0.151051	0.0768051	0.985538
-0.151051	0.0768051	0.985538
-0.151051	0.076805	0.985538
-0.151051	0.076805	0.985538
-0.151051	0.076805	0.985538
-0.151052	0.0768049	0.985538
-0.151052	0.0768049	0.985538
-0.151052	0.0768049	0.985538
-0.151052	0.0768048	0.985538
-0.151052	0.0768048	0.985538
-0.151052	0.0768048	0.985538
-0.151051	0.0768032	0.985538
-0.151051	0.0768033	0.985538
-0.151051	0.0768033	0.985538
-0.151051	0.0768032	0.985538
-0.151051	0.0768031	0.985538
-0.151051	0.0768031	0.985538
-0.15105	0.0768028	0.985538
-0.151051	0.0768029	0.985538
-0.151051	0.0768028	0.985538
-0.15105	0.0768027	0.985538
-0.15105	0.0768027	0.985538
-0.15105	0.0768027	0.985538
-0.15105	0.0768024	0.985538
-0.15105	0.0768026	0.985538
-0.15105	0.0768025	0.985538
-0.15105	0.0768024	0.985538
-0.15105	0.0768024	0.985538
-0.15105	0.0768024	0.985538
-0.151049	0.0768023	0.985538
-0.151049	0.0768025	0.985538
-0.151049	0.0768024	0.985538
-0.151049	0.0768024	0.985538
-0.151049	0.0768023	0.985538
-0.151049	0.0768023	0.985538
-0.151049	0.0768025	0.985538
-0.151049	0.0768027	0.985538
-0.151049	0.0768026	0.985538
-0.151049	0.0768026	0.985538
-0.151049	0.0768025	0.985538
-0.151049	0.0768025	0.985538
-0.151049	0.0768029	0.985538
-0.151049	0.0768031	0.985538
-0.151049	0.076803	0.985538
-0.151049	0.0768029	0.985538
-0.151049	0.0768029	0.985538
-0.151049	0.076803	0.985538
-0.151049	0.0768033	0.985538
-0.151049	0.0768035	0.985538
-0.151049	0.0768035	0.985538
-0.151049	0.0768034	0.985538
-0.151049	0.0768033	0.985538
-0.151049	0.0768034	0.985538
-0.15105	0.0768036	0.985538
-0.15105	0.0768038	0.985538
-0.15105	0.0768038	0.985538
-0.15105	0.0768037	0.985538
-0.15105	0.0768037	0.985538
-0.15105	0.0768037	0.985538
-0.15105	0.0768038	0.985538
-0.15105	0.0768039	0.985538
-0.15105	0.0768039	0.985538
-0.15105	0.0768038	0.985538
-0.15105	0.0768037	0.985538
-0.15105	0.0768037	0.985538
-0.151051	0.0768036	0.985538
-0.151051	0.0768037	0.985538
-0.151051	0.0768037	0.985538
-0.151051	0.0768036	0.985538
-0.151051	0.0768035	0.985538
-0.151051	0.0768035	0.985538
-0.151051	0.0768011	0.985538
-0.151051	0.0768013	0.985538
-0.151051	0.0768013	0.985538
-0.15105	0.0768012	0.985538
-0.151051	0.0768012	0.985538
-0.15105	0.0768011	0.985538
-0.15105	0.0768007	0.985538
-0.15105	0.0768008	0.985538
-0.15105	0.0768008	0.985538
-0.15105	0.0768007	0.985538
-0.15105	0.0768007	0.985538
-0.15105	0.0768006	0.985538
-0.15105	0.0768003	0.985538
-0.15105	0.0768005	0.985538
-0.15105	0.0768004	0.985538
-0.15105	0.0768004	0.985538
-0.15105	0.0768003	0.985538
-0.151049	0.0768003	0.985538
-0.151049	0.0768001	0.985538
-0.151049	0.0768003	0.985538
-0.151049	0.0768003	0.985538
-0.151049	0.0768003	0.985538
-0.151049	0.0768002	0.985538
-0.151049	0.0768002	0.985538
-0.151048	0.0768003	0.985538
-0.151049	0.0768005	0.985538
-0.151049	0.0768005	0.985538
-0.151048	0.0768004	0.985538
-0.151048	0.0768004	0.985538
-0.151048	0.0768004	0.985538
-0.151048	0.0768007	0.985538
-0.151048	0.0768009	0.985538
-0.151048	0.0768009	0.985538
-0.151048	0.0768008	0.985538
-0.151048	0.0768008	0.985538
-0.151048	0.0768008	0.985538
-0.151049	0.0768011	0.985538
-0.151049	0.0768014	0.985538
-0.151049	0.0768013	0.985538
-0.151049	0.0768013	0.985538
-0.151049	0.0768013	0.985538
-0.151049	0.0768013	0.985538
-0.151049	0.0768015	0.985538
-0.151049	0.0768017	0.985538
-0.151049	0.0768017	0.985538
-0.151049	0.0768016	0.985538
-0.151049	0.0768016	0.985538
-0.151049	0.0768016	0.985538
-0.15105	0.0768017	0.985538
-0.15105	0.0768019	0.985538
-0.15105	0.0768018	0.985538
-0.15105	0.0768017	0.985538
-0.15105	0.0768017	0.985538
-0.15105	0.0768017	0.985538
-0.15105	0.0768015	0.985538
-0.151051	0.0768017	0.985538
-0.151051	0.0768017	0.985538
-0.15105	0.0768016	0.985538
-0.15105	0.0768016	0.985538
-0.15105	0.0768015	0.985538
-0.15105	0.0768	0.985538
-0.15105	0.0768001	0.985538
-0.15105	0.0768001	0.985538
-0.15105	0.0768001	0.985538
-0.15105	0.0768001	0.985538
-0.15105	0.0768	0.985538
-0.15105	0.0767996	0.985538
-0.15105	0.0767997	0.985538
-0.15105	0.0767996	0.985538
-0.151049	0.0767996	0.985538
-0.15105	0.0767996	0.985538
-0.151049	0.0767995	0.985538
-0.151049	0.0767992	0.985538
-0.151049	0.0767993	0.985538
-0.151049	0.0767992	0.985538
-0.151049	0.0767993	0.985538
-0.151049	0.0767993	0.985538
-0.151049	0.0767992	0.985539
-0.151048	0.076799	0.985539
-0.151048	0.0767992	0.985539
-0.151048	0.0767991	0.985539
-0.151048	0.0767992	0.985539
-0.151048	0.0767992	0.985539
-0.151048	0.0767991	0.985539
-0.151048	0.0767992	0.985539
-0.151048	0.0767994	0.985539
-0.151048	0.0767993	0.985539
-0.151048	0.0767993	0.985539
-0.151048	0.0767993	0.985539
-0.151048	0.0767993	0.985539
-0.151048	0.0767996	0.985539
-0.151048	0.0767997	0.985539
-0.151048	0.0767997	0.985539
-0.151048	0.0767997	0.985539
-0.151048	0.0767997	0.985539
-0.151048	0.0767997	0.985539
-0.151048	0.0768	0.985539
-0.151048	0.0768002	0.985539
-0.151048	0.0768002	0.985539
-0.151048	0.0768002	0.985539
-0.151048	0.0768002	0.985539
-0.151048	0.0768002	0.985539
-0.151049	0.0768004	0.985538
-0.151049	0.0768006	0.985538
-0.151049	0.0768005	0.985538
-0.151049	0.0768005	0.985538
-0.151049	0.0768006	0.985538
-0.151049	0.0768005	0.985538
-0.151049	0.0768005	0.985538
-0.151049	0.0768007	0.985538
-0.151049	0.0768007	0.985538
-0.151049	0.0768006	0.985538
-0.151049	0.0768007	0.985538
-0.151049	0.0768006	0.985538
-0.15105	0.0768004	0.985538
-0.15105	0.0768005	0.985538
-0.15105	0.0768005	0.985538
-0.15105	0.0768005	0.985538
-0.15105	0.0768005	0.985538
-0.15105	0.0768004	0.985538
-0.15105	0.0767998	0.985538
-0.15105	0.0767998	0.985538
-0.15105	0.0767997	0.985538
-0.15105	0.0767998	0.985538
-0.15105	0.0767999	0.985538
-0.15105	0.0767997	0.985538
-0.151049	0.0767993	0.985538
-0.151049	0.0767993	0.985538
-0.151049	0.0767993	0.985538
-0.151049	0.0767994	0.985538
-0.151049	0.0767994	0.985538
-0.151049	0.0767993	0.985538
-0.151049	0.076799	0.985539
-0.151049	0.076799	0.985539
-0.151049	0.0767989	0.985539
-0.151049	0.076799	0.985539
-0.151049	0.076799	0.985539
-0.151049	0.0767989	0.985539
-0.151048	0.0767988	0.985539
-0.151048	0.0767988	0.985539
-0.151048	0.0767988	0.985539
-0.151048	0.0767989	0.985539
-0.151048	0.0767989	0.985539
-0.151048	0.0767989	0.985539
-0.151048	0.0767989	0.985539
-0.151048	0.076799	0.985539
-0.151048	0.0767989	0.985539
-0.151048	0.0767991	0.985539
-0.151048	0.0767991	0.985539
-0.151048	0.0767991	0.985539
-0.151048	0.0767993	0.985539
-0.151048	0.0767994	0.985539
-0.151048	0.0767993	0.985539
-0.151048	0.0767995	0.985539
-0.151048	0.0767995	0.985539
-0.151048	0.0767995	0.985539
-0.151048	0.0767998	0.985539
-0.151048	0.0767999	0.985539
-0.151048	0.0767998	0.985539
-0.151048	0.0767999	0.985539
-0.151048	0.0768	0.985539
-0.151048	0.0767999	0.985539
-0.151048	0.0768002	0.985538
-0.151049	0.0768002	0.985538
-0.151049	0.0768002	0.985538
-0.151049	0.0768003	0.985538
-0.151049	0.0768003	0.985538
-0.151049	0.0768003	0.985538
-0.151049	0.0768003	0.985538
-0.151049	0.0768004	0.985538
-0.151049	0.0768003	0.985538
-0.151049	0.0768004	0.985538
-0.151049	0.0768004	0.985538
-0.151049	0.0768004	0.985538
-0.15105	0.0768002	0.985538
-0.15105	0.0768002	0.985538
-0.15105	0.0768001	0.985538
-0.15105	0.0768002	0.985538
-0.15105	0.0768003	0.985538
-0.15105	0.0768001	0.985538
-0.15105	0.0768005	0.985538
-0.15105	0.0768004	0.985538
-0.15105	0.0768003	0.985538
-0.15105	0.0768005	0.985538
-0.15105	0.0768005	0.985538
-0.15105	0.0768004	0.985538
-0.15105	0.0768001	0.985538
-0.15105	0.0767999	0.985538
-0.15105	0.0767999	0.985538
-0.15105	0.0768001	0.985538
-0.15105	0.0768001	0.985538
-0.15105	0.0768	0.985538
-0.151049	0.0767997	0.985538
-0.151049	0.0767996	0.985538
-0.151049	0.0767995	0.985538
-0.151049	0.0767997	0.985538
-0.151049	0.0767997	0.985538
-0.151049	0.0767997	0.985538
-0.151049	0.0767995	0.985538
-0.151049	0.0767994	0.985539
-0.151049	0.0767994	0.985539
-0.151049	0.0767996	0.985539
-0.151049	0.0767996	0.985539
-0.151049	0.0767996	0.985539
-0.151048	0.0767997	0.985539
-0.151048	0.0767996	0.985539
-0.151048	0.0767996	0.985539
-0.151048	0.0767998	0.985539
-0.151048	0.0767998	0.985539
-0.151048	0.0767998	0.985539
-0.151048	0.0768	0.985539
-0.151048	0.0768	0.985539
-0.151048	0.0767999	0.985539
-0.151048	0.0768002	0.985539
-0.151048	0.0768002	0.985539
-0.151048	0.0768002	0.985539
-0.151048	0.0768005	0.985538
-0.151048	0.0768005	0.985538
-0.151048	0.0768004	0.985538
-0.151048	0.0768006	0.985538
-0.151048	0.0768007	0.985538
-0.151048	0.0768007	0.985538
-0.151049	0.0768009	0.985538
-0.151049	0.0768008	0.985538
-0.151049	0.0768008	0.985538
-0.151049	0.076801	0.985538
-0.151049	0.076801	0.985538
-0.151049	0.076801	0.985538
-0.15105	0.076801	0.985538
-0.15105	0.076801	0.985538
-0.15105	0.0768009	0.985538
-0.15105	0.0768011	0.985538
-0.15105	0.0768011	0.985538
-0.15105	0.0768011	0.985538
-0.15105	0.0768009	0.985538
-0.15105	0.0768008	0.985538
-0.15105	0.0768007	0.985538
-0.15105	0.0768009	0.985538
-0.15105	0.0768009	0.985538
-0.15105	0.0768009	0.985538
-0.151051	0.0768019	0.985538
-0.151051	0.0768017	0.985538
-0.151051	0.0768017	0.985538
-0.151051	0.0768019	0.985538
-0.151051	0.0768019	0.985538
-0.151051	0.0768018	0.985538
-0.151051	0.0768015	0.985538
-0.151051	0.0768012	0.985538
-0.151051	0.0768012	0.985538
-0.151051	0.0768014	0.985538
-0.151051	0.0768014	0.985538
-0.151051	0.0768014	0.985538
-0.15105	0.0768011	0.985538
-0.15105	0.0768009	0.985538
-0.15105	0.0768008	0.985538
-0.15105	0.0768011	0.985538
-0.15105	0.076801	0.985538
-0.15105	0.076801	0.985538
-0.15105	0.0768009	0.985538
-0.151049	0.0768008	0.985538
-0.151049	0.0768007	0.985538
-0.15105	0.076801	0.985538
-0.15105	0.0768009	0.985538
-0.151049	0.076801	0.985538
-0.151049	0.0768011	0.985538
-0.151049	0.0768009	0.985538
-0.151049	0.0768009	0.985538
-0.151049	0.0768011	0.985538
-0.151049	0.0768011	0.985538
-0.151049	0.0768012	0.985538
-0.151049	0.0768015	0.985538
-0.151049	0.0768013	0.985538
-0.151049	0.0768013	0.985538
-0.151049	0.0768015	0.985538
-0.151049	0.0768015	0.985538
-0.151049	0.0768016	0.985538
-0.151049	0.0768019	0.985538
-0.151049	0.0768018	0.985538
-0.151049	0.0768018	0.985538
-0.151049	0.076802	0.985538
-0.151049	0.076802	0.985538
-0.151049	0.076802	0.985538
-0.15105	0.0768023	0.985538
-0.15105	0.0768022	0.985538
-0.15105	0.0768021	0.985538
-0.15105	0.0768023	0.985538
-0.15105	0.0768024	0.985538
-0.15105	0.0768024	0.985538
-0.151051	0.0768024	0.985538
-0.151051	0.0768023	0.985538
-0.151051	0.0768023	0.985538
-0.151051	0.0768024	0.985538
-0.151051	0.0768025	0.985538
-0.151051	0.0768024	0.985538
-0.151051	0.0768023	0.985538
-0.151051	0.0768021	0.985538
-0.151051	0.0768021	0.985538
-0.151051	0.0768023	0.985538
-0.151051	0.0768023	0.985538
-0.151051	0.0768022	0.985538
-0.151052	0.0768035	0.985538
-0.151052	0.0768032	0.985538
-0.151052	0.0768032	0.985538
-0.151052	0.0768034	0.985538
-0.151052	0.0768034	0.985538
-0.151052	0.0768034	0.985538
-0.151052	0.076803	0.985538
-0.151052	0.0768028	0.985538
-0.151052	0.0768028	0.985538
-0.151052	0.0768029	0.985538
-0.151052	0.0768029	0.985538
-0.151052	0.0768029	0.985538
-0.151051	0.0768026	0.985538
-0.151051	0.0768024	0.985538
-0.151051	0.0768024	0.985538
-0.151051	0.0768026	0.985538
-0.151051	0.0768025	0.985538
-0.151051	0.0768026	0.985538
-0.151051	0.0768025	0.985538
-0.15105	0.0768023	0.985538
-0.15105	0.0768023	0.985538
-0.151051	0.0768025	0.985538
-0.15105	0.0768024	0.985538
-0.15105	0.0768025	0.985538
-0.15105	0.0768026	0.985538
-0.15105	0.0768025	0.985538
-0.15105	0.0768024	0.985538
-0.15105	0.0768027	0.985538
-0.15105	0.0768026	0.985538
-0.15105	0.0768027	0.985538
-0.15105	0.076803	0.985538
-0.15105	0.0768029	0.985538
-0.15105	0.0768028	0.985538
-0.15105	0.0768031	0.985538
-0.15105	0.076803	0.985538
-0.15105	0.0768031	0.985538
-0.15105	0.0768035	0.985538
-0.15105	0.0768033	0.985538
-0.15105	0.0768033	0.985538
-0.15105	0.0768035	0.985538
-0.15105	0.0768035	0.985538
-0.15105	0.0768036	0.985538
-0.151051	0.0768038	0.985538
-0.151051	0.0768037	0.985538
-0.151051	0.0768037	0.985538
-0.151051	0.0768039	0.985538
-0.151051	0.0768038	0.985538
-0.151051	0.0768039	0.985538
-0.151052	0.076804	0.985538
-0.151052	0.0768038	0.985538
-0.151052	0.0768038	0.985538
-0.151052	0.076804	0.985538
-0.151052	0.0768039	0.985538
-0.151052	0.076804	0.985538
-0.151052	0.0768038	0.985538
-0.151052	0.0768036	0.985538
-0.151052	0.0768036	0.985538
-0.151052	0.0768038	0.985538
-0.151052	0.0768038	0.985538
-0.151052	0.0768038	0.985538
-0.151053	0.0768046	0.985537
-0.151053	0.0768044	0.985537
-0.151053	0.0768044	0.985537
-0.151053	0.0768045	0.985537
-0.151053	0.0768044	0.985537
-0.151053	0.0768044	0.985537
-0.151053	0.0768041	0.985538
-0.151052	0.0768039	0.985538
-0.151053	0.0768039	0.985538
-0.151052	0.076804	0.985538
-0.151052	0.076804	0.985538
-0.151052	0.076804	0.985538
-0.151052	0.0768037	0.985538
-0.151052	0.0768036	0.985538
-0.151052	0.0768036	0.985538
-0.151052	0.0768037	0.985538
-0.151052	0.0768036	0.985538
-0.151052	0.0768036	0.985538
-0.151051	0.0768036	0.985538
-0.151051	0.0768034	0.985538
-0.151051	0.0768034	0.985538
-0.151051	0.0768036	0.985538
-0.151051	0.0768035	0.985538
-0.151051	0.0768036	0.985538
-0.151051	0.0768037	0.985538
-0.151051	0.0768036	0.985538
-0.151051	0.0768036	0.985538
-0.151051	0.0768038	0.985538
-0.151051	0.0768037	0.985538
-0.151051	0.0768038	0.985538
-0.151051	0.0768041	0.985538
-0.151051	0.076804	0.985538
-0.151051	0.076804	0.985538
-0.151051	0.0768041	0.985538
-0.151051	0.0768041	0.985538
-0.151051	0.0768042	0.985538
-0.151051	0.0768046	0.985538
-0.151051	0.0768045	0.985538
-0.151051	0.0768045	0.985538
-0.151051	0.0768046	0.985538
-0.151051	0.0768045	0.985538
-0.151051	0.0768046	0.985538
-0.151052	0.0768049	0.985538
-0.151052	0.0768049	0.985538
-0.151052	0.0768049	0.985538
-0.151052	0.0768049	0.985538
-0.151052	0.0768049	0.985538
-0.151052	0.076805	0.985538
-0.151052	0.0768051	0.985538
-0.151052	0.076805	0.985538
-0.151052	0.076805	0.985538
-0.151052	0.0768051	0.985538
-0.151052	0.076805	0.985538
-0.151052	0.0768051	0.985537
-0.151053	0.0768049	0.985537
-0.151053	0.0768048	0.985537
-0.151053	0.0768048	0.985537
-0.151053	0.0768049	0.985537
-0.151053	0.0768048	0.985537
-0.151053	0.0768049	0.985537
-0.151053	0.0768048	0.985537
-0.151053	0.0768048	0.985537
-0.151053	0.0768048	0.985537
-0.151053	0.0768047	0.985537
-0.151053	0.0768047	0.985537
-0.151053	0.0768047	0.985537
-0.151053	0.0768043	0.985538
-0.151053	0.0768043	0.985538
-0.151053	0.0768043	0.985538
-0.151053	0.0768043	0.985538
-0.151053	0.0768042	0.985538
-0.151053	0.0768042	0.985538
-0.151052	0.076804	0.985538
-0.151052	0.0768039	0.985538
-0.151052	0.0768039	0.985538
-0.151052	0.0768039	0.985538
-0.151052	0.0768038	0.985538
-0.151052	0.0768039	0.985538
-0.151051	0.0768038	0.985538
-0.151051	0.0768038	0.985538
-0.151051	0.0768038	0.985538
-0.151051	0.0768038	0.985538
-0.151051	0.0768037	0.985538
-0.151051	0.0768038	0.985538
-0.151051	0.076804	0.985538
-0.151051	0.076804	0.985538
-0.151051	0.076804	0.985538
-0.151051	0.076804	0.985538
-0.151051	0.0768039	0.985538
-0.151051	0.076804	0.985538
-0.151051	0.0768043	0.985538
-0.151051	0.0768044	0.985538
-0.151051	0.0768044	0.985538
-0.151051	0.0768044	0.985538
-0.151051	0.0768043	0.985538
-0.151051	0.0768044	0.985538
-0.151051	0.0768048	0.985538
-0.151051	0.0768048	0.985538
-0.151051	0.0768048	0.985538
-0.151051	0.0768049	0.985538
-0.151051	0.0768048	0.985538
-0.151051	0.0768049	0.985538
-0.151052	0.0768052	0.985538
-0.151052	0.0768052	0.985538
-0.151052	0.0768052	0.985538
-0.151052	0.0768052	0.985538
-0.151052	0.0768051	0.985538
-0.151052	0.0768052	0.985538
-0.151052	0.0768053	0.985537
-0.151052	0.0768053	0.985537
-0.151052	0.0768053	0.985537
-0.151052	0.0768053	0.985537
-0.151052	0.0768052	0.985537
-0.151053	0.0768053	0.985537
-0.151053	0.0768052	0.985537
-0.151053	0.0768052	0.985537
-0.151053	0.0768052	0.985537
-0.151053	0.0768051	0.985537
-0.151053	0.0768051	0.985537
-0.151053	0.0768051	0.985537
-0.151052	0.0768041	0.985538
-0.151053	0.0768042	0.985538
-0.151053	0.0768041	0.985538
-0.151052	0.076804	0.985538
-0.151052	0.076804	0.985538
-0.151052	0.076804	0.985538
-0.151052	0.0768036	0.985538
-0.151052	0.0768037	0.985538
-0.151052	0.0768037	0.985538
-0.151052	0.0768036	0.985538
-0.151052	0.0768035	0.985538
-0.151052	0.0768035	0.985538
-0.151052	0.0768032	0.985538
-0.151052	0.0768033	0.985538
-0.151052	0.0768033	0.985538
-0.151051	0.0768032	0.985538
-0.151051	0.0768032	0.985538
-0.151051	0.0768032	0.985538
-0.151051	0.0768031	0.985538
-0.151051	0.0768032	0.985538
-0.151051	0.0768032	0.985538
-0.151051	0.0768031	0.985538
-0.151051	0.0768031	0.985538
-0.151051	0.0768031	0.985538
-0.15105	0.0768032	0.985538
-0.15105	0.0768034	0.985538
-0.15105	0.0768034	0.985538
-0.15105	0.0768033	0.985538
-0.15105	0.0768032	0.985538
-0.15105	0.0768033	0.985538
-0.15105	0.0768036	0.985538
-0.15105	0.0768038	0.985538
-0.15105	0.0768037	0.985538
-0.15105	0.0768037	0.985538
-0.15105	0.0768036	0.985538
-0.15105	0.0768037	0.985538
-0.151051	0.0768041	0.985538
-0.151051	0.0768042	0.985538
-0.151051	0.0768042	0.985538
-0.151051	0.0768042	0.985538
-0.151051	0.0768041	0.985538
-0.151051	0.0768042	0.985538
-0.151051	0.0768045	0.985538
-0.151051	0.0768046	0.985538
-0.151051	0.0768046	0.985538
-0.151051	0.0768045	0.985538
-0.151051	0.0768045	0.985538
-0.151051	0.0768045	0.985538
-0.151052	0.0768046	0.985538
-0.151052	0.0768047	0.985538
-0.151052	0.0768047	0.985538
-0.151052	0.0768046	0.985538
-0.151052	0.0768046	0.985538
-0.151052	0.0768046	0.985538
-0.151052	0.0768045	0.985538
-0.151052	0.0768046	0.985538
-0.151053	0.0768045	0.985538
-0.151052	0.0768044	0.985538
-0.151052	0.0768044	0.985538
-0.151052	0.0768044	0.985538
-0.151052	0.0768027	0.985538
-0.151052	0.0768028	0.985538
-0.151052	0.0768028	0.985538
-0.151051	0.0768027	0.985538
-0.151052	0.0768026	0.985538
-0.151051	0.0768026	0.985538
-0.151051	0.0768022	0.985538
-0.151051	0.0768024	0.985538
-0.151051	0.0768023	0.985538
-0.151051	0.0768022	0.985538
-0.151051	0.0768022	0.985538
-0.151051	0.0768021	0.985538
-0.151051	0.0768018	0.985538
-0.151051	0.076802	0.985538
-0.151051	0.076802	0.985538
-0.151051	0.0768019	0.985538
-0.151051	0.0768018	0.985538
-0.15105	0.0768018	0.985538
-0.15105	0.0768017	0.985538
-0.15105	0.0768019	0.985538
-0.15105	0.0768018	0.985538
-0.15105	0.0768018	0.985538
-0.15105	0.0768017	0.985538
-0.15105	0.0768017	0.985538
-0.151049	0.0768018	0.985538
-0.15105	0.076802	0.985538
-0.15105	0.076802	0.985538
-0.151049	0.076802	0.985538
-0.151049	0.0768019	0.985538
-0.151049	0.0768019	0.985538
-0.151049	0.0768022	0.985538
-0.151049	0.0768024	0.985538
-0.151049	0.0768024	0.985538
-0.151049	0.0768023	0.985538
-0.151049	0.0768023	0.985538
-0.151049	0.0768023	0.985538
-0.15105	0.0768027	0.985538
-0.15105	0.0768029	0.985538
-0.15105	0.0768029	0.985538
-0.15105	0.0768028	0.985538
-0.15105	0.0768028	0.985538
-0.15105	0.0768028	0.985538
-0.15105	0.0768031	0.985538
-0.15105	0.0768033	0.985538
-0.15105	0.0768033	0.985538
-0.15105	0.0768031	0.985538
-0.15105	0.0768031	0.985538
-0.15105	0.0768031	0.985538
-0.151051	0.0768032	0.985538
-0.151051	0.0768034	0.985538
-0.151051	0.0768034	0.985538
-0.151051	0.0768033	0.985538
-0.151051	0.0768032	0.985538
-0.151051	0.0768032	0.985538
-0.151051	0.0768031	0.985538
-0.151052	0.0768032	0.985538
-0.151052	0.0768032	0.985538
-0.151051	0.0768031	0.985538
-0.151051	0.076803	0.985538
-0.151051	0.076803	0.985538
-0.151051	0.0768007	0.985538
-0.151051	0.0768009	0.985538
-0.151051	0.0768008	0.985538
-0.151051	0.0768004	0.985538
-0.151051	0.0768004	0.985538
-0.151051	0.0768005	0.985538
-0.151051	0.0768002	0.985538
-0.151051	0.0768004	0.985538
-0.151051	0.0768003	0.985538
-0.151051	0.0767999	0.985538
-0.151051	0.0767999	0.985538
-0.151051	0.0768	0.985538
-0.15105	0.0767998	0.985538
-0.15105	0.0768	0.985538
-0.15105	0.0767999	0.985538
-0.15105	0.0767995	0.985538
-0.15105	0.0767995	0.985538
-0.15105	0.0767996	0.985538
-0.15105	0.0767995	0.985538
-0.151049	0.0767998	0.985538
-0.151049	0.0767997	0.985538
-0.151049	0.0767994	0.985538
-0.151049	0.0767993	0.985538
-0.151049	0.0767995	0.985538
-0.151049	0.0767996	0.985538
-0.151049	0.0768	0.985538
-0.151049	0.0767999	0.985538
-0.151049	0.0767995	0.985538
-0.151049	0.0767995	0.985538
-0.151049	0.0767997	0.985538
-0.151049	0.0768	0.985538
-0.151049	0.0768004	0.985538
-0.151049	0.0768003	0.985538
-0.151049	0.0768	0.985538
-0.151049	0.0767999	0.985538
-0.151049	0.0768001	0.985538
-0.151049	0.0768005	0.985538
-0.151049	0.0768009	0.985538
-0.151049	0.0768008	0.985538
-0.151049	0.0768005	0.985538
-0.151049	0.0768004	0.985538
-0.151049	0.0768006	0.985538
-0.15105	0.076801	0.985538
-0.15105	0.0768013	0.985538
-0.15105	0.0768012	0.985538
-0.15105	0.0768008	0.985538
-0.15105	0.0768008	0.985538
-0.15105	0.076801	0.985538
-0.15105	0.0768012	0.985538
-0.15105	0.0768014	0.985538
-0.15105	0.0768014	0.985538
-0.15105	0.076801	0.985538
-0.15105	0.076801	0.985538
-0.151051	0.0768011	0.985538
-0.151051	0.0768011	0.985538
-0.151051	0.0768013	0.985538
-0.151051	0.0768012	0.985538
-0.151051	0.0768008	0.985538
-0.151051	0.0768008	0.985538
-0.151051	0.0768009	0.985538
-0.15105	0.0767993	0.985538
-0.15105	0.0767995	0.985538
-0.15105	0.0767995	0.985538
-0.15105	0.0767991	0.985538
-0.15105	0.0767991	0.985538
-0.15105	0.0767991	0.985538
-0.15105	0.0767988	0.985538
-0.15105	0.076799	0.985538
-0.15105	0.076799	0.985538
-0.15105	0.0767986	0.985538
-0.15105	0.0767986	0.985538
-0.15105	0.0767986	0.985538
-0.151049	0.0767984	0.985538
-0.151049	0.0767986	0.985538
-0.151049	0.0767986	0.985538
-0.151049	0.0767982	0.985539
-0.151049	0.0767982	0.985539
-0.151049	0.0767982	0.985539
-0.151049	0.0767982	0.985539
-0.151049	0.0767985	0.985539
-0.151049	0.0767984	0.985539
-0.151048	0.0767981	0.985539
-0.151048	0.076798	0.985539
-0.151048	0.0767981	0.985539
-0.151048	0.0767983	0.985539
-0.151048	0.0767986	0.985539
-0.151048	0.0767986	0.985539
-0.151048	0.0767983	0.985539
-0.151048	0.0767982	0.985539
-0.151048	0.0767983	0.985539
-0.151048	0.0767986	0.985539
-0.151048	0.076799	0.985539
-0.151048	0.076799	0.985539
-0.151048	0.0767987	0.985539
-0.151048	0.0767986	0.985539
-0.151048	0.0767987	0.985539
-0.151048	0.0767991	0.985539
-0.151048	0.0767995	0.985539
-0.151048	0.0767995	0.985539
-0.151048	0.0767992	0.985539
-0.151048	0.0767991	0.985539
-0.151048	0.0767992	0.985539
-0.151049	0.0767996	0.985538
-0.151049	0.0767999	0.985538
-0.151049	0.0767999	0.985538
-0.151049	0.0767996	0.985538
-0.151049	0.0767995	0.985538
-0.151049	0.0767996	0.985538
-0.151049	0.0767998	0.985538
-0.15105	0.0768001	0.985538
-0.15105	0.0768001	0.985538
-0.15105	0.0767997	0.985538
-0.15105	0.0767997	0.985538
-0.15105	0.0767997	0.985538
-0.15105	0.0767997	0.985538
-0.15105	0.0767999	0.985538
-0.15105	0.0767999	0.985538
-0.15105	0.0767995	0.985538
-0.15105	0.0767995	0.985538
-0.15105	0.0767995	0.985538
-0.15105	0.0767989	0.985538
-0.15105	0.0767991	0.985538
-0.15105	0.0767991	0.985538
-0.15105	0.0767988	0.985538
-0.15105	0.0767988	0.985538
-0.15105	0.0767987	0.985538
-0.15105	0.0767984	0.985538
-0.15105	0.0767986	0.985538
-0.15105	0.0767986	0.985538
-0.15105	0.0767983	0.985538
-0.15105	0.0767983	0.985538
-0.15105	0.0767982	0.985538
-0.151049	0.0767979	0.985539
-0.151049	0.0767982	0.985539
-0.151049	0.0767982	0.985539
-0.151049	0.0767979	0.985539
-0.151049	0.0767979	0.985539
-0.151049	0.0767978	0.985539
-0.151048	0.0767977	0.985539
-0.151048	0.076798	0.985539
-0.151048	0.076798	0.985539
-0.151048	0.0767978	0.985539
-0.151048	0.0767977	0.985539
-0.151048	0.0767977	0.985539
-0.151048	0.0767978	0.985539
-0.151048	0.0767982	0.985539
-0.151048	0.0767982	0.985539
-0.151048	0.076798	0.985539
-0.151048	0.0767979	0.985539
-0.151048	0.0767979	0.985539
-0.151048	0.0767982	0.985539
-0.151048	0.0767986	0.985539
-0.151048	0.0767986	0.985539
-0.151048	0.0767984	0.985539
-0.151048	0.0767983	0.985539
-0.151048	0.0767983	0.985539
-0.151048	0.0767987	0.985539
-0.151048	0.0767991	0.985539
-0.151048	0.0767991	0.985539
-0.151048	0.0767989	0.985539
-0.151048	0.0767988	0.985539
-0.151048	0.0767988	0.985539
-0.151049	0.0767992	0.985539
-0.151049	0.0767995	0.985538
-0.151049	0.0767995	0.985538
-0.151049	0.0767993	0.985539
-0.151049	0.0767992	0.985539
-0.151049	0.0767992	0.985539
-0.151049	0.0767994	0.985538
-0.151049	0.0767996	0.985538
-0.151049	0.0767996	0.985538
-0.151049	0.0767994	0.985538
-0.151049	0.0767994	0.985538
-0.151049	0.0767993	0.985538
-0.15105	0.0767993	0.985538
-0.15105	0.0767995	0.985538
-0.15105	0.0767995	0.985538
-0.15105	0.0767992	0.985538
-0.15105	0.0767992	0.985538
-0.15105	0.0767991	0.985538
-0.151051	0.0767996	0.985538
-0.151051	0.0767997	0.985538
-0.151051	0.0767997	0.985538
-0.151051	0.0767997	0.985538
-0.151051	0.0767996	0.985538
-0.151051	0.0767994	0.985538
-0.15105	0.0767991	0.985538
-0.15105	0.0767992	0.985538
-0.15105	0.0767992	0.985538
-0.15105	0.0767992	0.985538
-0.15105	0.0767991	0.985538
-0.15105	0.0767989	0.985538
-0.15105	0.0767986	0.985538
-0.15105	0.0767988	0.985538
-0.15105	0.0767988	0.985538
-0.15105	0.0767988	0.985538
-0.15105	0.0767987	0.985538
-0.15105	0.0767985	0.985538
-0.151049	0.0767984	0.985539
-0.151049	0.0767987	0.985539
-0.151049	0.0767986	0.985539
-0.151049	0.0767986	0.985539
-0.151049	0.0767986	0.985539
-0.151049	0.0767984	0.985539
-0.151048	0.0767985	0.985539
-0.151048	0.0767988	0.985539
-0.151048	0.0767988	0.985539
-0.151048	0.0767988	0.985539
-0.151048	0.0767987	0.985539
-0.151048	0.0767986	0.985539
-0.151048	0.0767989	0.985539
-0.151048	0.0767992	0.985539
-0.151048	0.0767992	0.985539
-0.151048	0.0767992	0.985539
-0.151048	0.0767991	0.985539
-0.151048	0.076799	0.985539
-0.151048	0.0767994	0.985539
-0.151049	0.0767997	0.985539
-0.151049	0.0767997	0.985539
-0.151049	0.0767997	0.985538
-0.151049	0.0767996	0.985538
-0.151049	0.0767995	0.985539
-0.151049	0.0767999	0.985538
-0.151049	0.0768001	0.985538
-0.151049	0.0768001	0.985538
-0.151049	0.0768001	0.985538
-0.151049	0.0768001	0.985538
-0.151049	0.0767999	0.985538
-0.15105	0.0768001	0.985538
-0.15105	0.0768002	0.985538
-0.15105	0.0768003	0.985538
-0.15105	0.0768002	0.985538
-0.15105	0.0768002	0.985538
-0.15105	0.0768	0.985538
-0.15105	0.0768	0.985538
-0.15105	0.0768001	0.985538
-0.15105	0.0768001	0.985538
-0.151051	0.0768001	0.985538
-0.151051	0.0768	0.985538
-0.15105	0.0767999	0.985538
-0.151052	0.0768011	0.985538
-0.151051	0.0768011	0.985538
-0.151052	0.0768011	0.985538
-0.151052	0.0768013	0.985538
-0.151052	0.0768012	0.985538
-0.151052	0.076801	0.985538
-0.151051	0.0768006	0.985538
-0.151051	0.0768006	0.985538
-0.151051	0.0768006	0.985538
-0.151051	0.0768008	0.985538
-0.151051	0.0768007	0.985538
-0.151051	0.0768005	0.985538
-0.151051	0.0768002	0.985538
-0.151051	0.0768002	0.985538
-0.151051	0.0768002	0.985538
-0.151051	0.0768004	0.985538
-0.151051	0.0768003	0.985538
-0.151051	0.0768001	0.985538
-0.15105	0.0768	0.985538
-0.15105	0.0768001	0.985538
-0.15105	0.0768001	0.985538
-0.15105	0.0768003	0.985538
-0.15105	0.0768002	0.985538
-0.15105	0.0768	0.985538
-0.151049	0.0768001	0.985538
-0.151049	0.0768002	0.985538
-0.151049	0.0768002	0.985538
-0.15105	0.0768004	0.985538
-0.15105	0.0768003	0.985538
-0.151049	0.0768002	0.985538
-0.151049	0.0768005	0.985538
-0.151049	0.0768006	0.985538
-0.151049	0.0768006	0.985538
-0.151049	0.0768008	0.985538
-0.151049	0.0768008	0.985538
-0.151049	0.0768006	0.985538
-0.15105	0.076801	0.985538
-0.151049	0.0768011	0.985538
-0.15105	0.0768011	0.985538
-0.15105	0.0768013	0.985538
-0.15105	0.0768013	0.985538
-0.15105	0.0768011	0.985538
-0.15105	0.0768014	0.985538
-0.15105	0.0768015	0.985538
-0.15105	0.0768015	0.985538
-0.15105	0.0768017	0.985538
-0.15105	0.0768017	0.985538
-0.15105	0.0768015	0.985538
-0.151051	0.0768016	0.985538
-0.151051	0.0768017	0.985538
-0.151051	0.0768017	0.985538
-0.151051	0.0768019	0.985538
-0.151051	0.0768018	0.985538
-0.151051	0.0768016	0.985538
-0.151051	0.0768015	0.985538
-0.151051	0.0768015	0.985538
-0.151051	0.0768015	0.985538
-0.151052	0.0768017	0.985538
-0.151052	0.0768017	0.985538
-0.151052	0.0768014	0.985538
-0.151053	0.076803	0.985538
-0.151053	0.0768028	0.985538
-0.151053	0.0768028	0.985538
-0.151053	0.0768031	0.985538
-0.151053	0.076803	0.985538
-0.151053	0.0768029	0.985538
-0.151053	0.0768024	0.985538
-0.151052	0.0768023	0.985538
-0.151052	0.0768023	0.985538
-0.151053	0.0768026	0.985538
-0.151053	0.0768025	0.985538
-0.151053	0.0768024	0.985538
-0.151052	0.076802	0.985538
-0.151052	0.0768019	0.985538
-0.151052	0.0768019	0.985538
-0.151052	0.0768022	0.985538
-0.151052	0.0768021	0.985538
-0.151052	0.076802	0.985538
-0.151051	0.0768018	0.985538
-0.151051	0.0768018	0.985538
-0.151051	0.0768018	0.985538
-0.151051	0.076802	0.985538
-0.151051	0.076802	0.985538
-0.151051	0.0768018	0.985538
-0.151051	0.0768019	0.985538
-0.15105	0.0768019	0.985538
-0.15105	0.0768019	0.985538
-0.151051	0.0768022	0.985538
-0.151051	0.0768021	0.985538
-0.151051	0.076802	0.985538
-0.15105	0.0768023	0.985538
-0.15105	0.0768023	0.985538
-0.15105	0.0768023	0.985538
-0.151051	0.0768026	0.985538
-0.151051	0.0768025	0.985538
-0.151051	0.0768025	0.985538
-0.151051	0.0768028	0.985538
-0.151051	0.0768028	0.985538
-0.151051	0.0768028	0.985538
-0.151051	0.0768031	0.985538
-0.151051	0.0768031	0.985538
-0.151051	0.076803	0.985538
-0.151051	0.0768032	0.985538
-0.151051	0.0768032	0.985538
-0.151051	0.0768032	0.985538
-0.151052	0.0768035	0.985538
-0.151052	0.0768035	0.985538
-0.151052	0.0768033	0.985538
-0.151052	0.0768034	0.985538
-0.151052	0.0768034	0.985538
-0.151052	0.0768034	0.985538
-0.151052	0.0768036	0.985538
-0.151052	0.0768036	0.985538
-0.151052	0.0768035	0.985538
-0.151053	0.0768033	0.985538
-0.151052	0.0768032	0.985538
-0.151053	0.0768032	0.985538
-0.151053	0.0768035	0.985538
-0.151053	0.0768035	0.985538
-0.151053	0.0768033	0.985538
-0.151054	0.0768043	0.985537
-0.151053	0.0768041	0.985537
-0.151053	0.0768041	0.985537
-0.151054	0.0768044	0.985537
-0.151054	0.0768043	0.985537
-0.151054	0.0768043	0.985537
-0.151053	0.0768038	0.985537
-0.151053	0.0768036	0.985537
-0.151053	0.0768036	0.985537
-0.151053	0.0768039	0.985537
-0.151053	0.0768038	0.985537
-0.151053	0.0768037	0.985537
-0.151053	0.0768034	0.985538
-0.151052	0.0768032	0.985538
-0.151053	0.0768032	0.985538
-0.151053	0.0768035	0.985538
-0.151053	0.0768034	0.985538
-0.151053	0.0768034	0.985538
-0.151052	0.0768032	0.985538
-0.151052	0.0768031	0.985538
-0.151052	0.0768031	0.985538
-0.151052	0.0768033	0.985538
-0.151052	0.0768033	0.985538
-0.151052	0.0768032	0.985538
-0.151052	0.0768033	0.985538
-0.151051	0.0768032	0.985538
-0.151051	0.0768032	0.985538
-0.151051	0.0768035	0.985538
-0.151052	0.0768034	0.985538
-0.151051	0.0768034	0.985538
-0.151051	0.0768037	0.985538
-0.151051	0.0768036	0.985538
-0.151051	0.0768036	0.985538
-0.151051	0.0768039	0.985538
-0.151051	0.0768038	0.985538
-0.151051	0.0768038	0.985538
-0.151052	0.0768042	0.985538
-0.151051	0.0768041	0.985538
-0.151051	0.0768041	0.985538
-0.151052	0.0768044	0.985538
-0.151052	0.0768043	0.985538
-0.151052	0.0768043	0.985538
-0.151052	0.0768046	0.985538
-0.151052	0.0768045	0.985538
-0.151052	0.0768045	0.985538
-0.151052	0.0768048	0.985538
-0.151052	0.0768048	0.985538
-0.151052	0.0768047	0.985538
-0.151053	0.0768048	0.985537
-0.151053	0.0768047	0.985537
-0.151053	0.0768047	0.985537
-0.151053	0.0768049	0.985537
-0.151053	0.0768049	0.985537
-0.151053	0.0768049	0.985537
-0.151054	0.0768047	0.985537
-0.151053	0.0768045	0.985537
-0.151053	0.0768045	0.985537
-0.151054	0.0768048	0.985537
-0.151054	0.0768047	0.985537
-0.151054	0.0768047	0.985537
-0.151054	0.0768048	0.985537
-0.151054	0.0768046	0.985537
-0.151054	0.0768046	0.985537
-0.151054	0.0768046	0.985537
-0.151054	0.0768046	0.985537
-0.151054	0.0768047	0.985537
-0.151054	0.0768043	0.985537
-0.151053	0.0768041	0.985537
-0.151053	0.0768041	0.985537
-0.151053	0.0768041	0.985537
-0.151054	0.0768041	0.985537
-0.151054	0.0768042	0.985537
-0.151053	0.0768038	0.985537
-0.151053	0.0768037	0.985538
-0.151053	0.0768037	0.985538
-0.151053	0.0768038	0.985538
-0.151053	0.0768037	0.985538
-0.151053	0.0768038	0.985538
-0.151052	0.0768036	0.985538
-0.151052	0.0768035	0.985538
-0.151052	0.0768035	0.985538
-0.151052	0.0768036	0.985538
-0.151052	0.0768036	0.985538
-0.151052	0.0768036	0.985538
-0.151052	0.0768037	0.985538
-0.151051	0.0768037	0.985538
-0.151051	0.0768036	0.985538
-0.151052	0.0768038	0.985538
-0.151052	0.0768037	0.985538
-0.151052	0.0768038	0.985538
-0.151052	0.0768041	0.985538
-0.151051	0.0768041	0.985538
-0.151051	0.076804	0.985538
-0.151052	0.0768042	0.985538
-0.151052	0.0768041	0.985538
-0.151052	0.0768043	0.985538
-0.151052	0.0768046	0.985538
-0.151052	0.0768046	0.985538
-0.151052	0.0768045	0.985538
-0.151052	0.0768047	0.985538
-0.151052	0.0768046	0.985538
-0.151052	0.0768048	0.985538
-0.151052	0.076805	0.985537
-0.151052	0.076805	0.985538
-0.151052	0.0768049	0.985538
-0.151053	0.0768051	0.985537
-0.151053	0.076805	0.985537
-0.151053	0.0768051	0.985537
-0.151053	0.0768052	0.985537
-0.151053	0.0768051	0.985537
-0.151053	0.0768051	0.985537
-0.151053	0.0768052	0.985537
-0.151053	0.0768052	0.985537
-0.151053	0.0768053	0.985537
-0.151054	0.0768051	0.985537
-0.151054	0.076805	0.985537
-0.151054	0.076805	0.985537
-0.151054	0.076805	0.985537
-0.151054	0.076805	0.985537
-0.151054	0.0768051	0.985537
-0.151053	0.0768041	0.985537
-0.151053	0.076804	0.985537
-0.151053	0.0768039	0.985537
-0.151053	0.0768038	0.985537
-0.151053	0.0768038	0.985537
-0.151053	0.0768039	0.985537
-0.151053	0.0768036	0.985537
-0.151053	0.0768035	0.985538
-0.151053	0.0768034	0.985538
-0.151053	0.0768033	0.985538
-0.151053	0.0768033	0.985538
-0.151053	0.0768034	0.985538
-0.151053	0.0768031	0.985538
-0.151052	0.0768031	0.985538
-0.151052	0.076803	0.985538
-0.151052	0.0768029	0.985538
-0.151052	0.0768029	0.985538
-0.151052	0.076803	0.985538
-0.151052	0.0768029	0.985538
-0.151052	0.0768029	0.985538
-0.151052	0.0768029	0.985538
-0.151052	0.0768028	0.985538
-0.151052	0.0768027	0.985538
-0.151052	0.0768029	0.985538
-0.151051	0.076803	0.985538
-0.151051	0.0768031	0.985538
-0.151051	0.076803	0.985538
-0.151051	0.076803	0.985538
-0.151051	0.0768029	0.985538
-0.151051	0.0768031	0.985538
-0.151051	0.0768034	0.985538
-0.151051	0.0768035	0.985538
-0.151051	0.0768034	0.985538
-0.151051	0.0768034	0.985538
-0.151051	0.0768033	0.985538
-0.151051	0.0768035	0.985538
-0.151051	0.0768039	0.985538
-0.151051	0.076804	0.985538
-0.151051	0.0768039	0.985538
-0.151051	0.0768039	0.985538
-0.151051	0.0768038	0.985538
-0.151051	0.076804	0.985538
-0.151052	0.0768043	0.985538
-0.151052	0.0768044	0.985538
-0.151052	0.0768043	0.985538
-0.151052	0.0768043	0.985538
-0.151052	0.0768042	0.985538
-0.151052	0.0768044	0.985538
-0.151053	0.0768045	0.985538
-0.151053	0.0768045	0.985538
-0.151053	0.0768045	0.985538
-0.151053	0.0768044	0.985538
-0.151053	0.0768044	0.985538
-0.151053	0.0768045	0.985537
-0.151053	0.0768044	0.985537
-0.151053	0.0768044	0.985537
-0.151053	0.0768043	0.985537
-0.151053	0.0768042	0.985537
-0.151053	0.0768042	0.985537
-0.151053	0.0768044	0.985537
-0.151052	0.0768025	0.985538
-0.151052	0.0768026	0.985538
-0.151052	0.0768025	0.985538
-0.151052	0.0768022	0.985538
-0.151052	0.0768022	0.985538
-0.151052	0.0768023	0.985538
-0.151052	0.076802	0.985538
-0.151052	0.0768021	0.985538
-0.151052	0.076802	0.985538
-0.151052	0.0768017	0.985538
-0.151052	0.0768017	0.985538
-0.151052	0.0768018	0.985538
-0.151051	0.0768016	0.985538
-0.151051	0.0768017	0.985538
-0.151051	0.0768016	0.985538
-0.151051	0.0768013	0.985538
-0.151051	0.0768013	0.985538
-0.151051	0.0768014	0.985538
-0.151051	0.0768014	0.985538
-0.151051	0.0768015	0.985538
-0.151051	0.0768014	0.985538
-0.15105	0.0768012	0.985538
-0.15105	0.0768011	0.985538
-0.151051	0.0768013	0.985538
-0.15105	0.0768015	0.985538
-0.15105	0.0768017	0.985538
-0.15105	0.0768016	0.985538
-0.15105	0.0768013	0.985538
-0.15105	0.0768013	0.985538
-0.15105	0.0768015	0.985538
-0.15105	0.0768018	0.985538
-0.15105	0.0768021	0.985538
-0.15105	0.076802	0.985538
-0.15105	0.0768018	0.985538
-0.15105	0.0768017	0.985538
-0.15105	0.0768019	0.985538
-0.15105	0.0768023	0.985538
-0.15105	0.0768026	0.985538
-0.15105	0.0768025	0.985538
-0.15105	0.0768022	0.985538
-0.15105	0.0768022	0.985538
-0.15105	0.0768024	0.985538
-0.151051	0.0768028	0.985538
-0.151051	0.076803	0.985538
-0.151051	0.0768029	0.985538
-0.151051	0.0768026	0.985538
-0.151051	0.0768026	0.985538
-0.151051	0.0768028	0.985538
-0.151052	0.076803	0.985538
-0.151052	0.0768031	0.985538
-0.151052	0.0768031	0.985538
-0.151052	0.0768028	0.985538
-0.151052	0.0768028	0.985538
-0.151052	0.076803	0.985538
-0.151052	0.0768029	0.985538
-0.151052	0.076803	0.985538
-0.151052	0.0768029	0.985538
-0.151052	0.0768026	0.985538
-0.151052	0.0768026	0.985538
-0.151052	0.0768028	0.985538
-0.151051	0.0767993	0.985538
-0.151051	0.0767997	0.985538
-0.151052	0.0768006	0.985538
-0.151052	0.0768007	0.985538
-0.151051	0.0767988	0.985538
-0.151051	0.0767992	0.985538
-0.151052	0.0768	0.985538
-0.151052	0.0768001	0.985538
-0.15105	0.0767983	0.985538
-0.15105	0.0767987	0.985538
-0.151051	0.0767995	0.985538
-0.151051	0.0767996	0.985538
-0.151049	0.0767981	0.985539
-0.151049	0.0767984	0.985538
-0.15105	0.0767993	0.985538
-0.15105	0.0767993	0.985538
-0.151049	0.0767983	0.985539
-0.151049	0.0767986	0.985539
-0.151049	0.0767994	0.985538
-0.151049	0.0767993	0.985538
-0.151048	0.0767987	0.985539
-0.151049	0.076799	0.985539
-0.151049	0.0767999	0.985538
-0.151049	0.0767997	0.985538
-0.151049	0.0767993	0.985539
-0.151049	0.0767995	0.985538
-0.151049	0.0768004	0.985538
-0.151049	0.0768003	0.985538
-0.151049	0.0767997	0.985538
-0.15105	0.0768	0.985538
-0.15105	0.0768009	0.985538
-0.15105	0.0768008	0.985538
-0.15105	0.0767999	0.985538
-0.15105	0.0768002	0.985538
-0.151051	0.0768011	0.985538
-0.151051	0.0768011	0.985538
-0.151051	0.0767998	0.985538
-0.151051	0.0768001	0.985538
-0.151052	0.076801	0.985538
-0.151051	0.076801	0.985538
-0.15105	0.0767978	0.985538
-0.15105	0.0767981	0.985538
-0.151051	0.0767985	0.985538
-0.151051	0.0767988	0.985538
-0.15105	0.0767972	0.985539
-0.15105	0.0767976	0.985538
-0.15105	0.076798	0.985538
-0.15105	0.0767982	0.985538
-0.151049	0.0767968	0.985539
-0.151049	0.0767971	0.985539
-0.15105	0.0767975	0.985539
-0.15105	0.0767977	0.985538
-0.151048	0.0767966	0.985539
-0.151048	0.0767969	0.985539
-0.151049	0.0767973	0.985539
-0.151049	0.0767974	0.985539
-0.151048	0.0767967	0.985539
-0.151048	0.076797	0.985539
-0.151048	0.0767974	0.985539
-0.151048	0.0767974	0.985539
-0.151047	0.0767972	0.985539
-0.151048	0.0767974	0.985539
-0.151048	0.0767978	0.985539
-0.151048	0.0767978	0.985539
-0.151048	0.0767978	0.985539
-0.151048	0.0767979	0.985539
-0.151048	0.0767984	0.985539
-0.151048	0.0767984	0.985539
-0.151049	0.0767982	0.985539
-0.151049	0.0767984	0.985539
-0.151049	0.0767989	0.985539
-0.151049	0.0767989	0.985539
-0.151049	0.0767984	0.985538
-0.151049	0.0767987	0.985538
-0.15105	0.0767991	0.985538
-0.151049	0.0767992	0.985538
-0.15105	0.0767983	0.985538
-0.15105	0.0767985	0.985538
-0.15105	0.076799	0.985538
-0.15105	0.0767991	0.985538
-0.15105	0.0767976	0.985538
-0.15105	0.0767978	0.985538
-0.15105	0.0767976	0.985538
-0.15105	0.0767979	0.985538
-0.15105	0.0767971	0.985539
-0.15105	0.0767973	0.985538
-0.15105	0.076797	0.985539
-0.15105	0.0767974	0.985538
-0.151049	0.0767966	0.985539
-0.151049	0.0767968	0.985539
-0.151049	0.0767966	0.985539
-0.151049	0.0767969	0.985539
-0.151048	0.0767964	0.985539
-0.151048	0.0767965	0.985539
-0.151048	0.0767963	0.985539
-0.151048	0.0767966	0.985539
-0.151048	0.0767966	0.985539
-0.151048	0.0767966	0.985539
-0.151048	0.0767965	0.985539
-0.151048	0.0767966	0.985539
-0.151047	0.076797	0.985539
-0.151047	0.0767971	0.985539
-0.151047	0.0767969	0.985539
-0.151047	0.076797	0.985539
-0.151048	0.0767976	0.985539
-0.151048	0.0767976	0.985539
-0.151048	0.0767975	0.985539
-0.151048	0.0767976	0.985539
-0.151048	0.076798	0.985539
-0.151048	0.0767981	0.985539
-0.151048	0.076798	0.985539
-0.151048	0.0767981	0.985539
-0.151049	0.0767982	0.985538
-0.151049	0.0767983	0.985539
-0.151049	0.0767982	0.985539
-0.151049	0.0767984	0.985539
-0.15105	0.0767981	0.985538
-0.15105	0.0767982	0.985538
-0.15105	0.076798	0.985538
-0.15105	0.0767983	0.985538
-0.151051	0.0767989	0.985538
-0.151051	0.0767989	0.985538
-0.15105	0.0767981	0.985538
-0.151051	0.0767985	0.985538
-0.151051	0.0767983	0.985538
-0.151051	0.0767983	0.985538
-0.15105	0.0767976	0.985538
-0.15105	0.076798	0.985538
-0.15105	0.0767978	0.985538
-0.15105	0.0767978	0.985538
-0.151049	0.0767971	0.985539
-0.15105	0.0767974	0.985539
-0.151049	0.0767977	0.985539
-0.151049	0.0767976	0.985539
-0.151049	0.0767968	0.985539
-0.151049	0.0767972	0.985539
-0.151048	0.0767978	0.985539
-0.151048	0.0767977	0.985539
-0.151048	0.076797	0.985539
-0.151048	0.0767972	0.985539
-0.151048	0.0767983	0.985539
-0.151048	0.0767981	0.985539
-0.151048	0.0767974	0.985539
-0.151048	0.0767976	0.985539
-0.151049	0.0767988	0.985539
-0.151049	0.0767987	0.985539
-0.151048	0.076798	0.985539
-0.151048	0.0767981	0.985539
-0.151049	0.0767993	0.985538
-0.151049	0.0767992	0.985538
-0.151049	0.0767985	0.985539
-0.151049	0.0767986	0.985539
-0.15105	0.0767995	0.985538
-0.15105	0.0767994	0.985538
-0.15105	0.0767987	0.985538
-0.151049	0.0767989	0.985538
-0.151051	0.0767993	0.985538
-0.151051	0.0767993	0.985538
-0.15105	0.0767986	0.985538
-0.15105	0.0767989	0.985538
-0.151052	0.0768011	0.985538
-0.151052	0.0768009	0.985538
-0.151052	0.0767999	0.985538
-0.151052	0.0768003	0.985538
-0.151052	0.0768005	0.985538
-0.151052	0.0768004	0.985538
-0.151051	0.0767993	0.985538
-0.151052	0.0767997	0.985538
-0.151051	0.0768	0.985538
-0.151051	0.0767999	0.985538
-0.151051	0.0767988	0.985538
-0.151051	0.0767992	0.985538
-0.151051	0.0767999	0.985538
-0.151051	0.0767997	0.985538
-0.15105	0.0767986	0.985538
-0.15105	0.0767989	0.985538
-0.15105	0.0768	0.985538
-0.15105	0.0767998	0.985538
-0.151049	0.0767987	0.985538
-0.151049	0.0767989	0.985538
-0.15105	0.0768005	0.985538
-0.15105	0.0768002	0.985538
-0.151049	0.0767992	0.985538
-0.151049	0.0767993	0.985538
-0.15105	0.076801	0.985538
-0.15105	0.0768007	0.985538
-0.151049	0.0767998	0.985538
-0.151049	0.0767999	0.985538
-0.151051	0.0768015	0.985538
-0.151051	0.0768012	0.985538
-0.15105	0.0768002	0.985538
-0.15105	0.0768004	0.985538
-0.151052	0.0768017	0.985538
-0.151051	0.0768015	0.985538
-0.151051	0.0768005	0.985538
-0.151051	0.0768007	0.985538
-0.151052	0.0768015	0.985538
-0.151052	0.0768013	0.985538
-0.151051	0.0768003	0.985538
-0.151051	0.0768006	0.985538
-0.151054	0.0768034	0.985537
-0.151054	0.0768032	0.985537
-0.151053	0.0768022	0.985538
-0.151053	0.0768025	0.985538
-0.151054	0.0768028	0.985537
-0.151053	0.0768026	0.985538
-0.151053	0.0768017	0.985538
-0.151053	0.0768019	0.985538
-0.151053	0.0768023	0.985538
-0.151053	0.0768021	0.985538
-0.151052	0.0768012	0.985538
-0.151052	0.0768014	0.985538
-0.151052	0.0768022	0.985538
-0.151052	0.0768019	0.985538
-0.151051	0.076801	0.985538
-0.151052	0.0768011	0.985538
-0.151051	0.0768023	0.985538
-0.151051	0.076802	0.985538
-0.151051	0.0768011	0.985538
-0.151051	0.0768012	0.985538
-0.151051	0.0768028	0.985538
-0.151051	0.0768024	0.985538
-0.151051	0.0768015	0.985538
-0.151051	0.0768015	0.985538
-0.151052	0.0768033	0.985538
-0.151051	0.076803	0.985538
-0.151051	0.0768021	0.985538
-0.151051	0.0768021	0.985538
-0.151052	0.0768038	0.985538
-0.151052	0.0768035	0.985538
-0.151052	0.0768026	0.985538
-0.151051	0.0768026	0.985538
-0.151053	0.076804	0.985537
-0.151053	0.0768037	0.985538
-0.151052	0.0768028	0.985538
-0.151052	0.0768029	0.985538
-0.151054	0.0768038	0.985537
-0.151054	0.0768036	0.985537
-0.151053	0.0768027	0.985538
-0.151053	0.0768029	0.985538
-0.151055	0.0768049	0.985537
-0.151055	0.0768048	0.985537
-0.151055	0.0768043	0.985537
-0.151054	0.0768044	0.985537
-0.151055	0.0768043	0.985537
-0.151054	0.0768042	0.985537
-0.151054	0.0768037	0.985537
-0.151054	0.0768038	0.985537
-0.151054	0.0768039	0.985537
-0.151054	0.0768037	0.985537
-0.151054	0.0768032	0.985537
-0.151054	0.0768033	0.985537
-0.151053	0.0768037	0.985538
-0.151053	0.0768035	0.985538
-0.151053	0.076803	0.985538
-0.151053	0.076803	0.985538
-0.151052	0.0768038	0.985538
-0.151052	0.0768036	0.985538
-0.151052	0.0768031	0.985538
-0.151052	0.0768031	0.985538
-0.151052	0.0768043	0.985538
-0.151052	0.076804	0.985538
-0.151052	0.0768036	0.985538
-0.151052	0.0768034	0.985538
-0.151053	0.0768048	0.985537
-0.151052	0.0768046	0.985538
-0.151052	0.0768041	0.985538
-0.151052	0.076804	0.985538
-0.151053	0.0768053	0.985537
-0.151053	0.0768051	0.985537
-0.151053	0.0768046	0.985537
-0.151053	0.0768045	0.985538
-0.151054	0.0768055	0.985537
-0.151054	0.0768053	0.985537
-0.151054	0.0768048	0.985537
-0.151053	0.0768048	0.985537
-0.151055	0.0768054	0.985537
-0.151055	0.0768052	0.985537
-0.151054	0.0768047	0.985537
-0.151054	0.0768048	0.985537
-0.151055	0.0768051	0.985537
-0.151055	0.0768051	0.985537
-0.151055	0.0768052	0.985537
-0.151055	0.0768052	0.985537
-0.151055	0.0768045	0.985537
-0.151055	0.0768045	0.985537
-0.151055	0.0768046	0.985537
-0.151055	0.0768047	0.985537
-0.151054	0.076804	0.985537
-0.151054	0.0768041	0.985537
-0.151054	0.0768041	0.985537
-0.151054	0.0768041	0.985537
-0.151053	0.0768039	0.985537
-0.151053	0.0768038	0.985537
-0.151053	0.0768039	0.985537
-0.151053	0.0768038	0.985537
-0.151052	0.076804	0.985538
-0.151052	0.0768039	0.985538
-0.151053	0.0768041	0.985538
-0.151053	0.0768039	0.985538
-0.151052	0.0768045	0.985538
-0.151052	0.0768043	0.985538
-0.151052	0.0768045	0.985538
-0.151052	0.0768043	0.985538
-0.151053	0.076805	0.985537
-0.151052	0.0768049	0.985537
-0.151053	0.0768051	0.985537
-0.151052	0.0768048	0.985538
-0.151053	0.0768055	0.985537
-0.151053	0.0768054	0.985537
-0.151053	0.0768056	0.985537
-0.151053	0.0768053	0.985537
-0.151054	0.0768057	0.985537
-0.151054	0.0768056	0.985537
-0.151054	0.0768058	0.985537
-0.151054	0.0768056	0.985537
-0.151055	0.0768055	0.985537
-0.151055	0.0768055	0.985537
-0.151055	0.0768056	0.985537
-0.151055	0.0768056	0.985537
-0.151054	0.0768038	0.985537
-0.151054	0.076804	0.985537
-0.151055	0.0768047	0.985537
-0.151054	0.0768046	0.985537
-0.151054	0.0768033	0.985537
-0.151054	0.0768035	0.985537
-0.151054	0.0768041	0.985537
-0.151054	0.0768041	0.985537
-0.151053	0.0768028	0.985538
-0.151053	0.076803	0.985538
-0.151054	0.0768036	0.985537
-0.151054	0.0768036	0.985537
-0.151052	0.0768026	0.985538
-0.151052	0.0768027	0.985538
-0.151053	0.0768034	0.985538
-0.151053	0.0768033	0.985538
-0.151052	0.0768028	0.985538
-0.151052	0.0768029	0.985538
-0.151052	0.0768035	0.985538
-0.151052	0.0768033	0.985538
-0.151051	0.0768032	0.985538
-0.151051	0.0768033	0.985538
-0.151052	0.076804	0.985538
-0.151052	0.0768037	0.985538
-0.151052	0.0768038	0.985538
-0.151052	0.0768038	0.985538
-0.151052	0.0768046	0.985538
-0.151052	0.0768042	0.985538
-0.151052	0.0768042	0.985538
-0.151052	0.0768043	0.985538
-0.151053	0.076805	0.985537
-0.151053	0.0768048	0.985537
-0.151053	0.0768044	0.985537
-0.151053	0.0768046	0.985537
-0.151054	0.0768053	0.985537
-0.151053	0.0768051	0.985537
-0.151054	0.0768043	0.985537
-0.151054	0.0768044	0.985537
-0.151054	0.0768051	0.985537
-0.151054	0.076805	0.985537
-0.151053	0.0768016	0.985538
-0.151053	0.076802	0.985538
-0.151053	0.0768029	0.985538
-0.151053	0.0768029	0.985538
-0.151052	0.0768011	0.985538
-0.151052	0.0768014	0.985538
-0.151053	0.0768024	0.985538
-0.151053	0.0768023	0.985538
-0.151052	0.0768006	0.985538
-0.151052	0.0768009	0.985538
-0.151052	0.0768019	0.985538
-0.151052	0.0768018	0.985538
-0.151051	0.0768004	0.985538
-0.151051	0.0768007	0.985538
-0.151052	0.0768016	0.985538
-0.151052	0.0768015	0.985538
-0.15105	0.0768006	0.985538
-0.15105	0.0768008	0.985538
-0.151051	0.0768018	0.985538
-0.151051	0.0768016	0.985538
-0.15105	0.076801	0.985538
-0.15105	0.0768012	0.985538
-0.151051	0.0768022	0.985538
-0.151051	0.076802	0.985538
-0.15105	0.0768016	0.985538
-0.15105	0.0768018	0.985538
-0.151051	0.0768028	0.985538
-0.151051	0.0768025	0.985538
-0.151051	0.076802	0.985538
-0.151051	0.0768023	0.985538
-0.151052	0.0768033	0.985538
-0.151051	0.076803	0.985538
-0.151052	0.0768022	0.985538
-0.151052	0.0768025	0.985538
-0.151053	0.0768035	0.985538
-0.151052	0.0768033	0.985538
-0.151052	0.0768021	0.985538
-0.151052	0.0768024	0.985538
-0.151053	0.0768034	0.985538
-0.151053	0.0768033	0.985538
