3400
0.160032	-0.652468	0.740726
-0.27503	0.818691	0.504086
0.722161	0.592469	0.357023
-0.651351	0.227913	0.723739
-0.66382	0.165217	0.729415
0.092194	0.847257	0.523122
-0.253417	0.866282	0.430506
0.345725	-0.352145	0.869752
0.0937004	-0.295276	0.950806
0.185603	0.512345	0.838483
-0.480098	-0.0492353	0.875832
0.0607321	-0.438648	0.896605
0.28742	-0.78131	0.554026
-0.544033	-0.0445332	0.837881
-0.234814	0.609281	0.75739
-0.306539	-0.189486	0.932807
0.806737	-0.26443	0.528443
0.728465	-0.41377	0.546016
0.494776	-0.102875	0.86291
-0.0611788	-0.319367	0.945654
0.422862	-0.122029	0.89794
0.0196779	-0.00427802	0.999797
-0.2111	0.373096	0.903458
0.127245	0.753384	0.645152
0.563154	-0.197307	0.802451
0.754531	0.257693	0.603553
0.129267	-0.427036	0.894947
-0.420889	0.81471	0.398874
0.761676	-0.0653907	0.64465
0.246004	-0.392656	0.886173
-0.652774	-0.411212	0.636232
-0.576174	-0.701879	0.418796
-0.303448	0.267805	0.91444
0.649463	-0.13848	0.747677
-0.760594	0.285901	0.582888
0.539742	0.213974	0.814183
-0.11303	0.122203	0.986048
-0.0119147	0.56136	0.827486
-0.117337	0.353783	0.927938
0.0321216	0.122052	0.992004
-0.582982	-0.219002	0.782413
-0.230305	0.229037	0.945781
-0.448472	-0.299022	0.842294
0.553847	0.74881	0.364056
0.243861	-0.548947	0.799493
-0.509567	0.713176	0.481374
-0.82098	0.110998	0.560064
-0.760286	-0.0170425	0.649365
-0.183977	-0.186127	0.965147
-0.833496	-0.0476417	0.550468
0.896712	-0.22903	0.378752
-0.583008	-0.477159	0.657587
0.438978	0.0991511	0.89301
0.507239	0.833043	0.220789
0.480572	0.180379	0.858204
0.151746	-0.457793	0.876013
0.0462047	-0.00950499	0.998887
-0.088989	-0.194276	0.976902
-0.510563	-0.0185494	0.85964
0.868866	-0.166506	0.466206
0.318304	0.214154	0.923483
-0.478578	0.232563	0.846686
0.234131	-0.691505	0.683377
-0.584506	0.190902	0.788612
0.391863	-0.534007	0.749187
0.342473	-0.607211	0.716943
-0.622405	-0.614379	0.484922
-0.111724	0.239654	0.964408
-0.433319	0.211141	0.876159
0.0582177	-0.761303	0.645778
-0.607566	0.183499	0.772782
-0.600264	-0.268144	0.753513
0.0695489	-0.0479753	0.996424
-0.197521	-0.896592	0.396369
0.0600878	-0.140741	0.988221
-0.0249712	-0.211945	0.976962
0.0949758	0.158818	0.982729
-0.0130789	0.360527	0.932657
0.679652	-0.0728681	0.729907
0.618197	0.308287	0.723043
0.12249	-0.572941	0.810392
0.134181	-0.675302	0.725233
0.312355	0.180625	0.932635
0.214703	0.145073	0.965845
-0.428299	-0.191372	0.88314
0.505879	-0.0616491	0.860399
-0.454672	0.0767947	0.887342
0.253729	-0.00781726	0.967244
0.331889	0.16729	0.928366
-0.274571	0.140861	0.951194
-0.752823	0.0678657	0.654715
-0.723097	-0.172549	0.668848
0.0139927	-0.135441	0.990687
0.891121	-0.310333	0.331055
0.0628746	0.110349	0.991902
0.0067136	0.607814	0.794051
-0.0507699	-0.460556	0.886177
-0.103943	0.501594	0.858836
-0.451126	-0.0499376	0.891062
0.209938	0.462102	0.86162
0.595739	-0.62617	0.502997
-0.430071	0.196713	0.881103
-0.285604	-0.231991	0.929844
-0.937629	0.1851	0.294262
0.0911357	0.535616	0.839529
0.432753	-0.167529	0.88581
0.128277	0.178951	0.97546
-0.492358	0.207653	0.84526
-0.128826	-0.630984	0.765025
-0.189324	-0.528959	0.82726
-0.420745	-0.231666	0.8771
-0.143936	0.383375	0.912308
-0.0655021	0.693099	0.71786
-0.196562	-0.241584	0.950263
-0.533549	0.499319	0.682647
0.781432	0.345021	0.519928
0.556433	0.206558	0.804808
-0.118162	0.0604891	0.99115
0.293965	-0.458633	0.838594
-0.42605	0.00558127	0.904683
0.838649	0.138031	0.526892
0.862084	0.00303341	0.506756
0.443242	0.0784608	0.892961
-0.0682656	0.081609	0.994324
-0.215294	-0.594358	0.774847
-0.0220193	0.456358	0.889524
-0.173505	0.659627	0.731292
-0.640866	-0.758137	0.120496
0.476139	-0.872629	-0.108673
0.373836	0.0540499	0.925919
-0.402284	0.452564	0.795835
-0.876448	0.328302	0.352217
-0.314366	0.12176	0.941461
0.519684	0.128804	0.844594
0.754053	-0.0620127	0.653879
-0.353226	-0.899446	0.25735
-0.0673918	-0.390798	0.918006
0.190497	-0.571983	0.797839
0.102	-0.249391	0.963016
-0.27943	0.642241	0.713754
0.694005	-0.169775	0.699667
-0.606663	-0.487745	0.627746
0.203554	0.338884	0.918544
-0.0341227	-0.604238	0.796073
0.861912	0.168886	0.478106
0.163104	0.106559	0.980838
-0.483462	-0.670398	0.562878
-0.243277	-0.312064	0.918386
0.346863	-0.299955	0.888658
0.643712	-0.353311	0.678826
-0.487454	-0.312046	0.815485
-0.126127	0.838969	0.529361
0.0483436	-0.383007	0.92248
0.135293	-0.626583	0.767522
-0.348916	0.589121	0.72883
0.140697	-0.42332	0.894989
0.583944	-0.0571256	0.809782
-0.575845	0.230944	0.784263
-0.321612	0.704663	0.632468
0.23596	0.0448183	0.970729
-0.472731	0.125952	0.872159
-0.318577	0.67958	0.660818
-0.31417	0.278714	0.907533
0.447886	-0.410849	0.794104
-0.339256	-0.145667	0.929347
-0.405341	0.852425	0.330257
0.109509	0.100106	0.988932
0.511351	-0.234722	0.826696
0.158553	0.476975	0.864497
-0.175442	0.119253	0.97724
0.084062	-0.689002	0.719868
-0.0728322	-0.0844321	0.993764
-0.242248	-0.137268	0.960455
-0.809746	-0.511835	0.286944
0.128072	0.0241505	0.991471
0.544998	-0.30067	0.782672
-0.244609	0.305266	0.920315
-0.0480178	-0.150336	0.987468
0.507555	-0.0718647	0.858617
0.1339	-0.554477	0.821356
-0.0139684	-0.459532	0.888051
-0.566546	0.310274	0.763385
0.4088	0.015862	0.912486
0.310837	-0.208802	0.927244
-0.19613	-0.0892062	0.976512
0.112209	0.114007	0.987123
-0.195075	0.31207	0.929816
-0.082357	-0.126291	0.988569
0.124146	0.949004	0.289792
0.150156	0.5632	0.812563
0.111592	-0.113147	0.987292
0.152681	-0.0377265	0.987555
0.305925	0.300543	0.903373
0.499074	0.573801	0.649367
-0.416488	-0.90391	-0.0973856
-0.351831	0.708322	0.61196
-0.0653534	-0.365199	0.928633
0.40742	-0.411976	0.815037
0.899046	0.419005	0.127084
0.209284	0.268753	0.940198
0.570357	-0.545211	0.614359
-0.679	-0.163989	0.715589
-0.297907	-0.211359	0.930902
-0.0935084	-0.524983	0.84596
-0.690076	-0.608756	0.391422
0.766808	0.109024	0.63255
0.108695	-0.426475	0.897945
-0.241305	-0.424814	0.872528
0.251773	-0.499852	0.828709
-0.839522	0.146802	0.523118
-0.000243157	-0.364352	0.931261
-0.459064	-0.0641214	0.886086
0.366349	0.000697142	0.930477
0.305441	-0.0441928	0.951185
0.255178	-0.0543932	0.965363
0.263397	0.437531	0.859761
0.514588	-0.144183	0.845228
0.0544823	0.465999	0.883106
0.580402	-0.601081	0.549396
-0.492724	-0.136715	0.859379
-0.461538	-0.428936	0.776529
0.409131	-0.0730323	0.909548
0.375284	-0.434906	0.818547
0.320106	0.218578	0.921822
-0.0592303	-0.232805	0.970718
0.0491002	0.581185	0.812289
0.161808	-0.291896	0.942664
0.40709	0.365648	0.837006
0.453244	0.757936	0.469151
0.0484423	-0.496455	0.866709
0.534792	0.664274	0.522243
-0.698071	-0.322839	0.639118
-0.0330367	0.0114774	0.999388
-0.0670747	0.0716733	0.99517
-0.0322471	0.689306	0.723753
0.525013	0.110358	0.843909
-0.36863	-0.0221852	0.929311
0.575084	-0.29498	0.763063
-0.354156	-0.714474	0.603407
-0.428802	-0.862018	0.270284
0.318666	-0.0432258	0.946881
0.13635	-0.355768	0.924574
0.809439	0.0366057	0.586062
-0.055518	0.0152751	0.998341
-0.449254	0.19259	0.872399
-0.132222	-0.23167	0.963767
-0.0923293	-0.495147	0.863889
0.290914	-0.209463	0.933539
-0.0912657	0.240637	0.966315
0.663411	-0.221663	0.714669
0.0300517	0.381503	0.923879
0.342192	0.205723	0.916833
0.0152258	0.258129	0.965991
0.325466	-0.534649	0.779886
-0.677765	0.516081	0.523731
-0.0698152	-0.158481	0.984891
-0.349372	-0.111479	0.930329
-0.0262703	0.436154	0.899489
0.0840139	-0.257697	0.962566
-0.190698	0.0375251	0.980931
0.974878	-0.0506027	0.216918
-0.720646	-0.691209	0.0538402
-0.260737	0.042206	0.964487
-0.204198	-0.0609347	0.977031
-0.0545517	0.00942846	0.998466
-0.21063	-0.659789	0.721327
-0.440458	0.219227	0.870595
0.595387	-0.799546	0.0789932
0.174168	-0.44362	0.879128
-0.291415	-0.55179	0.781412
-0.547026	-0.614967	0.567959
0.109777	-0.214999	0.970425
0.612445	-0.278123	0.739972
-0.373957	0.13035	0.91824
0.220923	-0.78852	0.573959
0.155334	-0.0742096	0.985071
-0.816071	-0.0633153	0.574472
0.169472	-0.0800093	0.982282
0.535685	0.406002	0.740408
-0.308566	-0.417765	0.854552
-0.170624	0.44278	0.880246
-0.160643	0.601703	0.782399
-0.404339	-0.398766	0.823102
-0.640147	-0.163321	0.750692
0.355208	-0.015579	0.934657
-0.522417	0.358563	0.773637
0.0172904	-0.479126	0.877576
0.228464	0.731871	0.642003
0.280131	0.233722	0.931075
0.0164942	-0.248443	0.968506
-0.429582	0.530368	0.730869
-0.0663669	-0.204645	0.976584
0.0916729	0.00432023	0.99578
-0.0763195	0.0522895	0.995711
0.118743	0.669359	0.733388
0.266153	-0.821403	0.504439
-0.334496	-0.357128	0.872108
0.128191	0.24243	0.961662
-0.44937	-0.1231	0.884824
0.180205	-0.627757	0.757263
0.0576074	-0.238964	0.969318
-0.16162	-0.442769	0.881949
0.124507	-0.211212	0.969478
-0.120868	-0.8244	0.552952
0.367955	-0.0577776	0.928047
0.0579126	0.185342	0.980966
-0.587275	-0.487138	0.646378
-0.136332	-0.137479	0.981077
0.217188	-0.245824	0.944669
0.207719	-0.264382	0.941783
-0.371281	-0.420361	0.827918
0.0743777	0.47354	0.877626
-0.149095	0.251479	0.95631
-0.106011	0.213184	0.971244
0.0724795	-0.924782	0.373531
0.107621	-0.737602	0.666604
-0.381097	-0.087879	0.920349
-0.224311	-0.561708	0.796347
-0.253683	-0.0930981	0.962797
0.690702	-0.329133	0.643896
-0.297894	-0.408895	0.862591
-0.400585	-0.88716	0.229084
0.314572	-0.612385	0.725278
0.0526573	-0.138838	0.988914
-0.762839	0.12679	0.634036
-0.114851	-0.00765633	0.993353
-0.321724	-0.00358347	0.946827
0.0215216	0.0687403	0.997402
-0.737032	-0.403781	0.541982
0.46917	-0.127386	0.873872
-0.162865	0.0474591	0.985506
0.0280545	-0.355691	0.934182
-0.355213	-0.814476	0.458751
0.139339	-0.984911	-0.102637
0.0187699	-0.426313	0.904381
0.652687	0.432448	0.622084
-0.0145844	0.473171	0.88085
0.300594	0.0869564	0.94978
-0.332767	-0.942577	0.0285549
0.607874	-0.122254	0.784565
-0.183924	0.184719	0.965428
-0.118892	-0.0321492	0.992387
0.424876	-0.184473	0.886256
0.595241	0.236441	0.767974
0.530514	-0.308425	0.789576
-0.0506033	-0.941263	0.333863
0.0208247	0.0152233	0.999667
-0.963749	-0.214836	0.158223
0.148221	-0.30825	0.939688
-0.681522	-0.429409	0.592567
-0.841292	0.0636054	0.536825
-0.228076	0.402034	0.886764
-0.256106	0.244784	0.935142
-0.270952	0.470921	0.839535
-0.512123	0.184106	0.838949
-0.61837	0.0291987	0.785344
0.0656236	-0.467353	0.881632
0.0862537	-0.423251	0.901897
-0.433083	0.821349	0.371248
0.36769	0.710494	0.600002
0.12297	-0.724977	0.677706
0.145933	-0.10242	0.983979
0.241269	-0.361341	0.900679
0.157993	-0.280625	0.946725
-0.0620105	-0.738463	0.671437
-0.207886	-0.54612	0.811503
-0.567283	-0.382688	0.729205
-0.719537	-0.190129	0.66792
0.000977434	-0.572321	0.820029
0.0945189	0.155963	0.98323
-0.200406	0.37748	0.904072
-0.132952	0.258471	0.956826
0.201661	0.55417	0.807607
0.404795	0.458584	0.791102
-0.40489	0.0815512	0.910721
0.591677	-0.378917	0.711576
0.453231	-0.384618	0.804146
-0.313891	0.0399919	0.948616
-0.216494	0.330032	0.918809
0.809611	0.0815133	0.581279
0.545062	0.539575	0.641689
0.569328	-0.388097	0.724739
0.336311	0.0394247	0.940925
-0.722638	-0.403283	0.561389
0.197116	0.0931898	0.975941
-0.197155	-0.300188	0.933283
-0.0648291	0.183093	0.980956
0.432941	0.451661	0.780105
-0.401452	-0.111216	0.909102
-0.234288	-0.333407	0.913208
-0.823771	-0.565287	0.0430386
-0.117023	-0.494977	0.86099
0.0840424	0.814926	0.57344
-0.180246	0.455748	0.871668
-0.706966	0.291529	0.644367
0.296067	-0.0330407	0.954596
-0.955215	-0.291083	0.0532469
-0.251229	0.814195	0.523422
0.0268813	0.502974	0.863884
-0.819521	0.540533	0.190286
0.0100702	0.545878	0.837804
0.888373	0.456173	0.0519649
0.382256	0.223616	0.896591
-0.697713	0.00802695	0.716333
-0.112582	-0.239804	0.964272
0.742557	0.110744	0.660564
-0.134701	-0.849006	0.510926
-0.394289	0.350513	0.849515
-0.357519	0.757039	0.546875
0.00940099	-0.508224	0.861173
-0.0486721	0.0175666	0.99866
0.59828	0.231541	0.767105
-0.574048	-0.241233	0.78248
0.760221	-0.0717669	0.645688
-0.334851	0.0340153	0.941657
0.538417	-0.293189	0.79003
-0.565512	0.131397	0.814206
0.312362	0.32416	0.892945
-0.590588	-0.165982	0.789719
0.462833	0.208322	0.861619
0.12253	-0.733128	0.668961
-0.0930244	-0.577222	0.811272
0.487316	-0.203193	0.849256
-0.854835	0.022852	0.518396
0.271754	-0.216899	0.937606
-0.0435949	0.626522	0.778184
-0.173014	-0.449104	0.876568
-0.406583	0.207019	0.88985
0.0617693	-0.497365	0.86534
-0.256324	-0.377794	0.889702
-0.913219	0.242564	0.327404
-0.131556	-0.746246	0.652541
-0.307139	-0.279937	0.909561
-0.0938947	-0.723225	0.6842
0.0522651	-0.410957	0.910155
-0.105316	-0.418442	0.902117
0.361215	0.0770926	0.92929
0.279662	0.272178	0.920711
0.389537	-0.158057	0.907347
-0.77279	-0.549641	0.317317
-0.227181	-0.507877	0.830933
0.594766	0.485762	0.640538
-0.00920407	-0.0307408	0.999485
0.408526	-0.249477	0.877991
-0.0714212	-0.744578	0.663704
-0.15509	0.131402	0.979122
0.0809211	0.715483	0.693927
-0.359407	-0.439033	0.823454
-0.38105	0.144939	0.913123
-0.58073	-0.403562	0.707029
-0.923103	-0.217057	0.317438
0.171656	-0.252652	0.952209
-0.23688	0.181845	0.954369
-0.15947	0.747739	0.644559
-0.528266	-0.145333	0.836549
-0.0137174	0.542761	0.839775
-0.252972	0.343763	0.904341
-0.283898	-0.0381109	0.958097
0.449068	-0.522248	0.724979
-0.454497	0.304863	0.836953
-0.501798	0.501286	0.704919
-0.0577137	-0.256275	0.964879
0.633054	-0.335127	0.697805
-0.151995	-0.501892	0.85147
-0.760952	0.216756	0.61153
-0.00999565	0.379958	0.92495
-0.0129354	-0.132243	0.991133
0.0698165	-0.175321	0.982033
-0.2983	-0.046691	0.953329
0.462817	-0.492352	0.73715
-0.307139	0.951662	0.00239566
0.336471	-0.527831	0.77986
0.584534	0.59253	0.554282
-0.53142	-0.363899	0.764964
-0.0353499	-0.426431	0.903829
-0.203083	0.460877	0.863916
-0.67015	-0.447666	0.592025
0.476584	0.660597	0.580069
-0.201672	-0.225749	0.953082
0.781881	0.239971	0.575392
-0.497404	0.425825	0.755819
-0.648526	0.323845	0.688868
-0.256157	-0.560816	0.787317
0.185483	0.387182	0.903154
0.136599	-0.76987	0.623411
0.184098	0.358794	0.915082
-0.107474	0.259571	0.959725
0.135025	0.481231	0.866132
-0.141984	-0.110052	0.983732
-0.337077	0.135664	0.931652
0.0260457	-0.660705	0.750194
0.18706	0.11311	0.975815
0.177681	-0.660421	0.729571
0.157104	0.540018	0.826861
-0.710426	0.230443	0.664974
-0.320128	-0.309025	0.895557
-0.048917	-0.351753	0.934814
0.245642	-0.0419521	0.968452
-0.0166304	0.381789	0.9241
0.259855	-0.856864	0.445263
0.178559	-0.105142	0.978295
-0.523394	0.160093	0.836916
0.481047	-0.32225	0.815321
0.138107	0.047723	0.989267
0.371667	-0.555033	0.744179
-0.59042	0.464158	0.660274
0.326232	-0.295131	0.898037
-0.441954	-0.474389	0.761335
-0.481432	0.114603	0.868959
0.40036	-0.096952	0.911215
0.621875	-0.0948815	0.777347
-0.676289	-0.0931123	0.730728
-0.311788	-0.690144	0.653062
0.0149973	-0.857717	0.513903
-0.912721	0.16933	0.371844
-0.0694561	-0.475851	0.876779
-0.477503	-0.87669	0.058351
0.0850258	-0.7619	0.642089
-0.489158	-0.0582327	0.870249
0.0481524	0.37204	0.926967
0.728947	0.250433	0.637119
-0.263564	-0.205114	0.942583
0.657097	-0.267567	0.704721
0.052382	-0.657336	0.751775
0.336542	-0.298199	0.893206
0.219033	0.266187	0.938706
-0.104117	0.520186	0.847683
0.299659	-0.188121	0.935315
-0.0574193	0.568301	0.820815
0.266849	-0.336657	0.903025
0.222397	-0.643775	0.732184
0.0504149	0.07921	0.995582
0.472135	0.0493435	0.880144
0.239618	-0.306336	0.921272
0.0484132	-0.271464	0.96123
0.203951	-0.44101	0.874022
0.167322	-0.136389	0.976423
0.179355	-0.424937	0.887277
0.57921	0.60921	0.541645
0.00418101	-0.259803	0.965653
0.596041	0.276273	0.753929
0.544256	-0.589064	0.597318
0.396021	-0.140447	0.907437
-0.72662	0.250346	0.639805
0.267517	-0.541472	0.797021
-0.243532	0.0678356	0.967518
-0.368114	0.719288	0.589166
0.19722	-0.493037	0.84736
0.143577	0.511549	0.847174
0.330603	-0.0474162	0.942578
0.118676	-0.153469	0.981001
-0.310962	0.120829	0.942711
-0.676221	0.288603	0.677815
-0.686053	0.2738	0.674066
0.909362	-0.40283	0.103873
0.310119	-0.745034	0.590551
0.587477	-0.659646	0.468762
-0.127169	-0.0651494	0.989739
-0.164114	-0.365298	0.91631
0.175341	-0.168388	0.970001
-0.317489	-0.945934	0.0664027
0.777067	-0.269831	0.568645
0.534814	-0.69371	0.482432
0.119582	0.108337	0.986896
0.339549	0.686273	0.643223
-0.496291	0.5669	0.65751
0.147537	0.101029	0.983883
-0.600349	0.460875	0.653587
-0.136511	-0.793783	0.592683
-0.0248876	0.168942	0.985312
-0.317875	-0.943265	0.0959484
0.36828	-0.118785	0.922096
0.00890411	-0.0251479	0.999644
0.944226	-0.158269	0.288771
-0.13723	0.729456	0.670121
0.314384	0.139022	0.939061
0.744918	-0.178765	0.64276
-0.145397	-0.176217	0.973554
0.237963	-0.834053	0.497725
-0.0204581	-0.646395	0.762729
-0.0419803	-0.404717	0.913478
0.644064	0.35953	0.675218
0.581272	0.0329959	0.81304
0.503365	0.458728	0.732251
-0.701617	-0.302113	0.645339
0.388319	0.203073	0.898871
-0.557094	0.0725807	0.827271
0.0662538	0.163735	0.984277
0.191273	0.100081	0.976421
0.0942085	-0.333368	0.938078
-0.296041	0.00968772	0.955126
-0.557029	-0.690798	0.460996
0.0719273	0.0249798	0.997097
-0.314896	0.305622	0.898574
0.372149	0.0584777	0.926329
0.493142	0.0864148	0.865646
-0.915092	-0.259677	0.308503
0.0345539	-0.125305	0.991516
0.340444	0.125726	0.931821
0.410777	0.265629	0.872183
-0.0463698	-0.364889	0.929896
0.599084	-0.26046	0.757138
0.471961	-0.634111	0.6125
0.186413	-0.296559	0.936645
-0.556772	0.581355	0.593322
0.617734	0.237543	0.749652
0.550246	-0.225377	0.804011
-0.319496	-0.0557511	0.945946
0.45982	-0.391848	0.796882
0.631785	-0.282513	0.721827
0.258829	-0.372116	0.891368
0.119655	0.0981178	0.987955
0.103248	0.176224	0.97892
0.507612	-0.448633	0.735567
0.263785	-0.16563	0.950255
0.232216	-0.449183	0.862734
-0.152672	-0.19676	0.968492
-0.173312	0.364591	0.914897
0.0450703	0.339186	0.939639
0.117841	-0.144619	0.982445
0.308228	0.455123	0.835379
0.324343	0.317998	0.890887
0.00627021	-0.319886	0.947435
-0.24652	-0.392178	0.886242
-0.303133	0.388192	0.870297
-0.0118746	0.079366	0.996775
0.393895	0.24326	0.886381
-0.489783	-0.384776	0.782343
0.0960601	0.0695913	0.99294
-0.00262801	0.0296881	0.999556
-0.194174	0.109452	0.974842
-0.607251	0.037673	0.793616
-0.598552	0.354236	0.718507
0.284639	-0.0812365	0.955187
-0.160001	-0.842198	0.514881
0.409379	-0.0363361	0.91164
-0.59878	0.161051	0.784554
-0.372953	-0.369904	0.850928
-0.600139	-0.365285	0.711618
-0.0585772	0.0406054	0.997457
-0.21156	-0.432894	0.876268
0.701359	-0.472339	0.533846
0.427922	-0.462309	0.776629
-0.617563	0.226336	0.753252
-0.758178	-0.483225	0.437789
0.0431809	-0.105792	0.99345
0.748123	-0.262616	0.609381
-0.119044	0.101755	0.987661
0.290884	-0.0928062	0.952246
-0.859694	-0.411936	0.302051
0.0471311	-0.320374	0.946118
-0.00551129	0.110456	0.993866
0.495928	-0.135176	0.857778
-0.542259	-0.728162	0.419209
-0.0450914	-0.164233	0.98539
-0.408526	0.394935	0.822881
0.701507	0.0995504	0.705676
0.41779	0.0501492	0.907159
0.234801	-0.39678	0.887375
-0.364037	-0.483946	0.795784
-0.206634	0.81581	0.540145
0.208945	-0.171857	0.962708
-0.0826287	-0.0669895	0.994326
0.519651	0.391769	0.759262
0.503697	-0.422965	0.753253
0.248213	0.206478	0.946444
0.579645	0.0702897	0.811832
0.538021	-0.143878	0.830561
0.557511	0.264316	0.786968
-0.494324	0.225822	0.839433
0.0083155	-0.0886005	0.996033
-0.315061	-0.435568	0.843218
0.762727	-0.529026	0.371994
0.561478	0.0301635	0.826942
0.734489	0.381358	0.56133
0.690071	-0.697196	0.194217
-0.360447	-0.622218	0.694926
-0.349295	0.179437	0.919671
0.663483	-0.0133761	0.748072
0.213069	-0.0552206	0.975475
0.0103915	0.482933	0.875596
-0.0337149	0.349079	0.936487
0.568397	0.455513	0.685152
0.43911	0.0581437	0.89655
-0.137748	0.00187482	0.990466
0.450725	-0.103643	0.886626
-0.419753	-0.835401	0.354841
0.0644982	0.315011	0.946894
-0.0748448	0.0979741	0.992371
0.613183	-0.243671	0.75142
0.315687	-0.730495	0.605574
-0.12092	-0.590705	0.797776
0.637672	0.185172	0.74772
-0.563441	0.0400126	0.825186
-0.802759	0.0710345	0.592058
-0.011	0.726879	0.686678
-0.4557	0.452115	0.766765
-0.119112	-0.420844	0.899279
-0.179459	-0.342411	0.922252
-0.556427	-0.440559	0.704483
-0.745582	-0.026793	0.665875
-0.185257	0.155158	0.970364
0.158654	0.0620026	0.985386
0.387165	-0.0111618	0.921943
-0.475354	-0.609436	0.634529
0.117169	0.299769	0.946789
0.0542658	0.361332	0.930857
0.0818237	0.476286	0.875475
-0.486333	-0.0517559	0.87224
0.67513	-0.522518	0.520744
0.396469	-0.53632	0.7451
0.0689674	-0.614661	0.785771
0.175185	-0.0640163	0.982452
-0.177859	0.097343	0.97923
-0.894536	0.215822	0.39144
0.498296	0.134017	0.856586
-0.332294	-0.244538	0.910924
0.0853666	0.461243	0.883158
0.591813	-0.156563	0.790725
-0.0721758	0.148388	0.986292
-0.0682336	0.0211343	0.997445
-0.0651303	-0.235405	0.969713
-0.610803	0.523712	0.59384
0.60797	0.262486	0.749316
0.243703	0.43154	0.868552
-0.282839	0.119405	0.951706
0.54694	0.145439	0.824441
-0.598873	0.0202609	0.800588
0.146092	-0.0759298	0.986353
-0.10604	-0.18713	0.976595
-0.217894	-0.100202	0.970815
0.668142	-0.219287	0.710984
0.521367	0.454656	0.722125
0.328867	-0.21093	0.920519
-0.419627	-0.122551	0.899386
0.178713	-0.238601	0.954532
-0.0979	0.0713684	0.992634
0.357455	-0.596946	0.718249
-0.18732	0.00712968	0.982273
0.369682	-0.381104	0.847405
0.4408	-0.573338	0.690636
-0.0583547	-0.130594	0.989717
-0.349321	0.284677	0.892711
-0.201492	-0.897333	0.392675
-0.459078	-0.294876	0.838031
0.144666	0.110721	0.983266
-0.144037	-0.234082	0.961488
0.581985	-0.0227701	0.812881
-0.706405	0.168253	0.68752
0.304897	-0.650155	0.695943
-0.0171169	-0.211469	0.977235
-0.670172	-0.124144	0.731749
-0.0399471	0.432727	0.900639
-0.559849	-0.50843	0.654269
0.454081	-0.139836	0.879919
0.0877714	-0.731104	0.676597
0.0863945	-0.47331	0.876649
0.469334	0.00464609	0.883008
-0.341333	-0.0923956	0.93539
-0.436102	0.170756	0.883548
-0.102725	-0.603401	0.790794
-0.228423	0.279429	0.9326
-0.0289843	0.341681	0.939369
0.409443	0.141101	0.901358
0.135439	-0.404329	0.90453
-0.621263	-0.134605	0.771955
-0.203681	-0.394817	0.895898
0.371517	0.402016	0.836874
0.629835	-0.478838	0.611574
0.543346	0.230692	0.80719
-0.266262	0.549634	0.791838
0.5377	0.438965	0.719853
0.505991	-0.259689	0.822517
-0.404311	-0.644652	0.648812
-0.116754	-0.828337	0.547928
-0.146835	-0.630719	0.761993
-0.537969	-0.0125438	0.842871
0.0288171	0.589379	0.807343
0.0303173	-0.333792	0.942159
-0.0575664	-0.203729	0.977333
-0.0847813	0.023307	0.996127
0.6784	0.121588	0.724562
-0.180053	-0.0575877	0.98197
0.310063	-0.24939	0.917423
-0.280962	0.129994	0.950874
0.257781	-0.0560712	0.964575
-0.0347645	0.138568	0.989743
0.0469824	0.108024	0.993037
0.164458	0.0732277	0.983662
0.404668	0.176947	0.897181
0.471031	-0.726097	0.500913
-0.547828	0.238143	0.80198
0.251225	0.29232	0.922732
-0.439155	-0.140402	0.887372
-0.167035	-0.128188	0.977582
-0.32142	0.253525	0.912367
-0.000410061	0.0554068	0.998464
0.333415	0.36218	0.870437
-0.703413	-0.0352371	0.709907
0.58844	0.345546	0.730983
-0.0506444	-0.330273	0.942526
0.521586	-0.501192	0.690474
-0.266667	-0.529935	0.80502
0.49502	-0.202473	0.844961
-0.678632	-0.0553531	0.73239
0.0923416	-0.49868	0.861853
-0.55695	0.50256	0.661241
-0.155428	-0.298662	0.941617
0.416318	-0.126768	0.900339
0.312803	-0.0643207	0.947638
-0.0499919	-0.374453	0.925897
0.576241	0.331111	0.747202
0.0652729	-0.735271	0.674623
-0.28055	-0.607708	0.742955
0.0932606	0.519477	0.84938
0.55097	-0.291648	0.781904
0.472703	-0.0637395	0.878914
-0.228849	0.124938	0.965411
-0.345336	-0.0449444	0.937402
0.318939	0.244037	0.915819
-0.313657	0.785503	0.533483
0.414369	-0.159383	0.896044
0.378926	0.151047	0.913017
0.51245	-0.292774	0.807266
-0.108241	0.679131	0.725992
0.0153501	0.0153371	0.999765
0.560816	-0.617815	0.551171
-0.365804	-0.201344	0.908652
-0.00115224	-0.188412	0.982089
-0.432651	0.174677	0.884478
0.563296	-0.251858	0.786934
0.190475	0.349625	0.917323
-0.547292	0.0390107	0.836032
0.991445	0.123541	0.0421191
0.654078	-0.389138	0.648655
-0.635639	-0.320255	0.702424
0.525944	-0.0695284	0.847673
-0.0796646	-0.330403	0.940472
0.00486608	0.380677	0.924695
-0.277633	-0.346413	0.896057
-0.415267	0.031973	0.909137
0.405225	0.348373	0.845239
-0.0424879	-0.13962	0.989293
0.231808	-0.0180613	0.972594
0.597825	-0.29735	0.744439
0.709266	-0.483359	0.513133
-0.0908192	-0.27296	0.957729
-0.263214	0.411709	0.872476
-0.152527	0.379145	0.91268
-0.324425	0.291914	0.899742
-0.083525	0.515628	0.852732
-0.460633	-0.671124	0.58087
0.420688	-0.488	0.764773
0.0244783	0.084323	0.996138
0.145017	-0.0925946	0.985087
0.315641	0.78943	0.526471
0.356897	0.242249	0.902186
-0.161528	-0.526228	0.834861
-0.262406	0.322435	0.909494
-0.178897	0.129213	0.975346
-0.920482	-0.385965	0.0611904
0.740708	-0.254903	0.621592
0.252088	-0.0217022	0.967461
0.0398781	0.358636	0.932625
0.230401	-0.179008	0.956489
-0.534399	-0.305698	0.788014
-0.205763	-0.132329	0.969614
-0.24615	0.249271	0.936629
-0.393711	-0.590531	0.70446
0.657347	-0.0818417	0.74913
0.206635	-0.0326225	0.977874
0.164006	-0.205167	0.964888
0.418155	-0.409275	0.81095
0.366671	-0.810518	0.456741
0.388076	-0.567106	0.72649
-0.08656	-0.113809	0.989725
-0.13142	0.0417549	0.990447
-0.602194	-0.0957141	0.792592
0.167716	-0.588455	0.790944
0.125038	-0.917419	-0.377768
0.0666463	0.840672	0.537428
0.219622	0.423946	0.878656
0.485001	0.545581	0.683458
-0.734683	-0.598983	0.318529
-0.410639	-0.0207211	0.911563
-0.602261	-0.174802	0.778926
0.0236136	-0.576537	0.81673
-0.374876	-0.355899	0.85604
-0.407493	-0.519901	0.750768
0.374317	0.243351	0.8948
-0.410159	-0.352649	0.841076
0.369515	0.211527	0.904829
0.0236338	-0.300662	0.953438
0.47785	0.127889	0.869082
0.0885893	-0.397018	0.913525
0.255357	0.287525	0.923105
0.211668	0.171088	0.96225
0.266649	-0.194064	0.944054
0.240186	-0.337836	0.910043
-0.531742	0.245327	0.810596
0.485726	-0.58627	0.64835
0.476291	0.177513	0.861183
0.108149	-0.0307659	0.993659
0.204447	-0.304426	0.930337
-0.225961	0.153718	0.961932
-0.251164	-0.0471853	0.966794
0.424727	0.0575037	0.903494
-0.601543	0.166088	0.781384
0.0153041	0.185461	0.982533
-0.100418	-0.254531	0.961837
0.617533	-0.268429	0.739323
-0.278586	-0.385661	0.879577
0.474446	0.203859	0.856354
0.367198	-0.255	0.894506
0.155311	-0.462973	0.87266
-0.590839	0.245018	0.768685
0.153774	-0.472915	0.867586
-0.159491	0.283827	0.945518
-0.325657	-0.718116	0.615026
0.143853	-0.171261	0.974667
0.84235	-0.153136	0.516716
-0.126933	0.152835	0.980066
-0.139162	-0.170602	0.975463
0.237839	-0.236863	0.941981
-0.255573	-0.0458075	0.965704
-0.767292	-0.37294	0.521708
0.456922	-0.285668	0.842387
0.471211	0.0651958	0.879607
-0.0270631	-0.324369	0.945543
-0.130535	-0.134728	0.982247
0.105581	-0.254799	0.961213
0.330137	-0.404534	0.852855
0.381723	-0.657507	0.649594
-0.294288	0.352942	0.888159
-0.56852	-0.199633	0.79808
0.385112	-0.587964	0.711328
0.823865	0.137684	0.549809
0.332754	0.448179	0.829705
0.0645609	-0.845308	0.530364
-0.460578	-0.326182	0.825514
-0.351051	-0.55908	0.751128
-0.838005	0.111417	0.534166
-0.065948	-0.0524298	0.996445
0.0392923	-0.581801	0.812381
-0.751678	0.222697	0.620794
-0.349184	-0.313164	0.883175
0.633729	0.229549	0.738711
-0.305706	-0.887769	0.344109
-0.47082	0.22169	0.853921
-0.173712	-0.615366	0.768862
0.0500066	-0.614435	0.787381
-0.275965	-0.142367	0.950565
-0.223176	0.415925	0.881589
0.474166	-0.0892334	0.875902
0.29423	0.118511	0.948359
0.612946	-0.423195	0.667236
0.670645	0.424095	0.608588
0.152527	0.43469	0.88757
0.508462	-0.171041	0.843926
0.0548213	-0.144577	0.987974
-0.301965	0.088578	0.949195
0.60463	-0.423017	0.674892
0.253319	-0.0429591	0.966428
-0.0306297	0.497884	0.866703
-0.0867896	-0.507716	0.857142
0.360403	0.316089	0.877609
0.182587	0.0550349	0.981648
-0.151903	0.256005	0.954666
-0.0890069	-0.316349	0.944458
-0.018336	-0.0750041	0.997015
0.0420507	0.77467	0.630966
-0.161025	-0.379193	0.911199
-0.0719633	-0.626093	0.776421
0.32075	0.351793	0.87941
-0.676912	-0.225515	0.700666
0.711249	0.23007	0.664224
0.498316	-0.393294	0.772658
-0.00799272	-0.166371	0.986031
-0.190468	-0.164816	0.967759
-0.516661	-0.40729	0.753111
-0.263491	-0.611836	0.745808
-0.414859	-0.0846286	0.905941
0.413068	0.0753976	0.907574
-0.102541	0.304215	0.947068
-0.11054	-0.138992	0.984105
-0.00272817	-0.897019	0.441984
-0.0403045	-0.58463	0.810299
-0.222922	0.319136	0.921118
-0.342016	-0.0363044	0.938992
0.24677	-0.209726	0.946108
0.705566	-0.218233	0.674204
-0.412515	-0.337302	0.846203
0.632926	-0.258926	0.729632
0.254643	-0.293453	0.921435
0.224033	0.0286163	0.974161
-0.689942	0.429141	0.58294
-0.416084	0.0972014	0.904116
0.22487	-0.500741	0.835878
0.615713	0.23249	0.752892
-0.458776	-0.297608	0.83723
0.00108756	-0.315071	0.949068
0.575007	-0.426091	0.698436
0.497189	0.222078	0.83874
0.146202	-0.270894	0.951442
0.156907	-0.510716	0.84531
-0.34186	0.461719	0.818503
-0.111708	0.23537	0.965465
-0.000401145	-0.723934	0.689869
0.264155	0.253816	0.930483
0.666143	0.511723	0.54258
0.0649732	0.590029	0.804763
-0.183019	-0.0617259	0.98117
-0.352833	0.136624	0.925658
-0.339399	-0.0195559	0.940439
-0.791608	-0.160245	0.589642
0.54416	0.0432302	0.837867
0.426208	-0.146353	0.892708
-0.190576	-0.573871	0.796463
0.261082	-0.0216822	0.965073
0.756793	0.138807	0.638747
0.336147	-0.252925	0.907212
0.310648	0.312425	0.897713
-0.217313	-0.199181	0.955564
0.0119332	-0.459267	0.888218
-0.491629	-0.417032	0.764451
-0.64411	0.16682	0.746521
-0.302949	0.253759	0.918601
0.142672	-0.431985	0.890524
0.078715	-0.541291	0.837143
0.116612	-0.162022	0.979873
-0.248325	-0.507012	0.825393
0.377124	-0.0641963	0.923935
-0.0560757	0.349671	0.935193
-0.142952	0.6655	0.73258
-0.239613	0.560645	0.79263
0.354122	0.182229	0.917273
-0.366666	-0.532551	0.762854
0.392001	0.416844	0.820108
0.468978	-0.436187	0.767985
0.501536	0.0727707	0.862071
0.238615	-0.419432	0.875865
-0.298402	-0.211729	0.930659
0.296541	-0.0287412	0.954588
-0.464494	-0.284516	0.838628
-0.463519	-0.133616	0.875955
-0.513306	-0.128307	0.84856
-0.284681	-0.432801	0.855359
-0.416694	-0.362656	0.833575
0.119033	0.357425	0.926325
-0.574317	-0.113514	0.810725
0.227922	-0.484873	0.844364
-0.488826	-0.18422	0.852709
-0.152856	-0.259797	0.953489
-0.229455	-0.113125	0.966723
0.55577	-0.017842	0.831145
0.688609	-3.3971e-05	0.725133
0.153843	0.0673071	0.9858
0.460504	-0.278682	0.842777
0.369079	0.358846	0.857327
0.0748787	0.162826	0.983809
-0.576631	-0.037093	0.816162
-0.341767	-0.305108	0.888878
0.216169	0.0410112	0.975494
0.406592	-0.142607	0.902411
0.0725149	-0.277307	0.958041
0.292212	-0.645554	0.7056
0.0772554	-0.0611384	0.995135
-0.491805	-0.213214	0.844196
-0.141318	-0.159205	0.977079
-0.301132	0.385246	0.872299
0.184597	-0.433489	0.88205
0.152892	-0.234136	0.960106
0.156771	-0.00956824	0.987589
0.115422	0.00657379	0.993295
0.566036	0.5457	0.617911
-0.0665486	-0.995386	0.0691212
-0.228787	0.171675	0.958219
-0.318352	-0.164662	0.933562
0.610903	-0.0955044	0.785924
0.873293	-0.220771	0.434303
-0.521891	-0.0684539	0.850261
-0.368656	0.437919	0.819951
0.372584	0.206726	0.90468
0.0956636	-0.0399429	0.994612
0.0401362	-0.191617	0.980649
-0.29295	-0.648092	0.702963
-0.25031	-0.0176679	0.968004
-0.443233	-0.451258	0.774539
-0.339744	-0.221802	0.91399
-0.462885	0.0337642	0.885775
0.353572	0.139112	0.925005
-0.0484843	0.0135955	0.998731
0.425045	-0.493234	0.758984
0.166464	0.322204	0.93192
-0.109069	-0.802139	0.587092
-0.318418	-0.814402	0.485138
0.0512159	-0.116247	0.991899
0.074684	0.2672	0.960743
-0.563019	-0.232455	0.793079
-0.564755	0.463553	0.682767
-0.395577	-0.662882	0.635694
-0.25733	0.381532	0.887815
0.225926	-0.345933	0.910652
0.619363	-0.339472	0.707919
0.0732234	-0.174487	0.981933
-0.445033	-0.816622	0.367524
0.28221	0.449679	0.847435
-0.464011	-0.884351	0.0511585
-0.135075	0.321958	0.937069
0.316947	-0.603663	0.73153
0.11115	-0.433294	0.894372
-0.648357	-0.149573	0.7465
-0.00803415	-0.713585	0.700523
0.574459	0.127197	0.80859
0.0194792	0.153456	0.987963
-0.645572	-0.338418	0.684624
0.160266	0.32575	0.931774
-0.055339	0.155745	0.986246
0.138739	-0.108961	0.984317
0.578567	-0.634142	0.512957
0.294879	-0.0525535	0.954088
-0.568082	0.00323458	0.822965
-0.281826	0.478788	0.831466
0.582821	-0.200296	0.787529
-0.0798014	0.214673	0.97342
-0.225326	-0.0176986	0.974123
-0.243317	-0.675856	0.695712
0.145441	-0.333907	0.931318
0.793871	0.327271	0.512506
0.0613349	0.419101	0.905865
0.208953	-0.79427	0.570503
0.341992	0.072965	0.936866
0.351845	0.244287	0.90362
-0.342547	-0.790568	0.507607
0.011332	-0.0626902	0.997969
0.587082	0.661071	0.467248
0.739029	-0.0324386	0.672892
-0.514157	-0.558962	0.650542
0.744212	0.097707	0.660759
-0.37645	-0.116356	0.919101
-0.720095	-0.277299	0.636056
0.351611	-0.129809	0.927103
-0.49105	-0.00837969	0.871091
0.22095	-0.585282	0.780145
0.74336	-0.349008	0.570622
0.871944	0.143418	0.46813
-0.0793074	0.16868	0.982475
-0.508445	-0.426919	0.747813
-0.33105	0.19158	0.92396
-0.190291	-0.332327	0.923768
-0.173709	0.28322	0.943192
0.184677	-0.106217	0.977043
-0.271422	-0.616693	0.738932
0.36704	0.290858	0.883563
-0.139827	0.0412997	0.989314
-0.523864	0.363839	0.770187
0.223815	-0.43489	0.872225
0.162054	-0.287152	0.944078
0.544237	0.481358	0.687096
0.514827	-0.514397	0.68582
-0.820347	-0.392272	0.416117
-0.66057	0.151186	0.735384
0.156363	0.286338	0.945284
-0.121499	0.120464	0.985254
0.179249	0.193112	0.964664
-0.403211	0.0295803	0.914629
0.314232	0.0668862	0.946987
0.287874	0.240406	0.927002
-0.441202	-0.66363	0.604099
0.646559	-0.108151	0.755159
0.363275	-0.256702	0.89562
0.120037	0.315664	0.941248
0.0985348	0.058076	0.993438
0.208196	-0.111503	0.971711
-0.280726	-0.675427	0.681903
-0.273877	-0.296459	0.914934
0.339871	-0.792309	0.506689
-0.228674	-0.118552	0.966258
0.134723	0.469533	0.872576
-0.245663	0.0155276	0.969231
-0.61393	-0.371164	0.696654
0.263191	-0.247557	0.932441
0.405755	-0.136649	0.903709
-0.317574	-0.651433	0.689045
-0.634448	0.536017	0.556922
-0.267518	-0.167926	0.948807
0.181756	0.955608	0.2319
0.140433	0.127224	0.981882
-0.659557	0.141517	0.738213
0.0663929	-0.417958	0.906037
0.810016	0.170633	0.561034
-0.206541	-0.339824	0.917529
0.260253	-0.706044	0.658612
-0.230635	-0.447584	0.863989
-0.596427	0.0621721	0.800256
0.0196136	0.0747122	0.997012
0.142954	0.235229	0.96137
0.494063	0.350061	0.795839
0.0706185	0.0393964	0.996725
-0.491398	-0.431835	0.756337
0.319041	-0.465822	0.825362
-0.378124	-0.160899	0.911665
0.146631	-0.73687	0.659941
-0.361994	-0.298644	0.883047
0.110809	-0.574843	0.810726
0.120193	-0.763652	0.634341
-0.521052	-0.372834	0.767789
0.254918	-0.154107	0.954603
0.0487086	-0.173222	0.983678
-0.229567	-0.395743	0.889205
-0.1864	-0.461692	0.867234
0.707387	0.148007	0.691157
-0.0441962	-0.147707	0.988043
-0.0822115	-0.10335	0.991242
-0.0596488	-0.415605	0.907587
0.546248	-0.185461	0.816834
-0.225826	-0.717516	0.658918
0.679045	0.180633	0.711526
-0.673587	0.0329278	0.738374
-0.517464	0.0534012	0.854037
-0.0427024	-0.0560124	0.997516
-0.2245	0.705077	0.672656
0.648059	0.0346271	0.760802
0.107834	0.054355	0.992682
0.0310766	0.107773	0.99369
0.483195	-0.254455	0.837721
-0.0175723	-0.118285	0.992824
0.342626	-0.149576	0.927488
-0.444574	-0.118625	0.887853
-0.125013	-0.338967	0.932455
0.284565	-0.0647377	0.956468
0.563504	-0.113053	0.818341
0.245708	0.109338	0.963158
-0.481568	-0.267821	0.834484
-0.408354	0.0932211	0.908051
-0.364891	-0.486254	0.793984
-0.151387	-0.750641	0.643133
-0.616411	0.196699	0.762461
0.656443	-0.210337	0.724459
-0.224518	-0.481674	0.847102
-0.108445	-0.192581	0.97527
0.318341	0.324345	0.890763
-0.413722	0.203287	0.887417
0.173975	-0.47028	0.865199
0.0325117	-0.477431	0.878068
0.232308	0.49335	0.838236
-0.0726699	0.0577001	0.995686
-0.0228008	-0.193846	0.980767
0.124622	0.143701	0.981743
0.892533	-0.03985	0.449219
-0.502796	-0.330402	0.798769
0.699191	-0.0739474	0.7111
-0.049998	-0.0517096	0.99741
-0.283607	-0.639454	0.714609
-0.120563	-0.505253	0.854508
-0.0953117	-0.176367	0.979699
-0.477584	-0.438676	0.761234
0.235978	-0.68462	0.689645
0.453922	0.189911	0.870568
0.134691	-0.520096	0.843421
-0.0934116	-0.734622	0.672016
-0.00945365	-0.154234	0.987989
0.284963	-0.577195	0.765272
-0.35715	-0.205351	0.911194
-0.375342	0.0111908	0.926819
-0.245496	-0.555442	0.794491
-0.321447	-0.555715	0.766716
0.617946	0.151298	0.771525
-0.260044	0.00491396	0.965584
-0.202149	0.0177757	0.979194
0.172218	-0.236732	0.95619
0.33351	0.0146238	0.942633
0.362572	-0.413748	0.835078
-0.219868	-0.200915	0.954616
-0.838031	0.322896	0.43982
0.430666	-0.235031	0.871371
0.184475	-0.292093	0.93843
0.501077	-0.444535	0.742503
0.25715	0.389386	0.88445
0.886197	-0.449756	0.111238
-0.542548	-0.523675	0.656815
0.126641	-0.0253908	0.991624
-0.428378	-0.0663886	0.901158
0.0600183	0.355638	0.932695
0.353012	-0.563495	0.746897
-0.0952349	0.127585	0.987245
0.226319	0.629639	0.743192
0.364139	0.650075	0.666937
0.321025	0.0171412	0.946916
-0.48478	-0.418864	0.767816
-0.702086	-0.342762	0.624171
0.210636	-0.431039	0.877404
-0.0512596	-0.453614	0.889723
0.629074	0.0479453	0.775866
0.291483	-0.482025	0.82625
0.0552865	-0.654977	0.753624
0.263291	-0.289069	0.920389
-0.394724	0.192948	0.898312
0.333817	-0.647172	0.685372
-0.395713	0.306695	0.86565
-0.27667	-0.11434	0.954138
-0.125525	-0.34808	0.929023
-0.410644	-0.0245196	0.911466
-0.270964	-0.653522	0.706745
0.37653	0.677041	0.632329
0.45488	-0.214774	0.864267
-0.259497	0.389784	0.883589
0.133911	-0.250769	0.95874
0.836655	-0.180946	0.516979
-0.318513	-0.451235	0.833628
0.717122	0.409426	0.564009
0.582831	0.019968	0.812348
-0.346008	-0.0143971	0.938121
-0.0532476	0.0377623	0.997867
-0.0319877	-0.00503035	0.999476
-0.49655	-0.26401	0.826884
-0.196095	-0.616593	0.76247
-0.0919544	-0.243823	0.96545
-0.162749	-0.334712	0.92816
-0.114434	-0.299717	0.94714
-0.0344454	-0.211746	0.976717
-0.0243559	-0.0796854	0.996522
0.280409	-0.81099	0.513485
0.401779	0.448918	0.798151
0.205592	-0.289543	0.934825
-0.231514	-0.491634	0.839463
-0.0467945	-0.592783	0.804001
0.198662	0.416139	0.887334
0.343452	-0.114067	0.932218
0.132217	-0.174327	0.975771
-0.574345	0.0978252	0.812747
0.342741	-0.0379308	0.938664
0.71902	0.156928	0.67704
-0.0617024	0.499855	0.863908
0.548092	0.215629	0.808145
0.501411	-0.605436	0.618089
0.40692	-0.177283	0.896095
-0.352484	-0.296656	0.887553
0.532789	-0.058285	0.844238
0.455274	-0.353327	0.817243
-0.470154	-0.0811458	0.878846
0.218329	-0.141199	0.965606
0.051503	0.141167	0.988645
0.214608	-0.494806	0.842087
0.888587	0.136744	0.437851
-0.0576641	-0.332857	0.941213
-0.358048	-0.548952	0.755283
-0.399638	-0.451351	0.797854
-0.531729	0.46763	0.706107
-0.493611	0.23232	0.838079
-0.213333	-0.307928	0.927184
0.687957	-0.348237	0.636746
-0.281429	-0.657766	0.698671
0.418892	0.103548	0.902113
0.0697378	-0.704468	0.706301
-0.720972	-0.232106	0.652936
-0.0308422	0.19316	0.980682
0.166363	-0.201846	0.965185
-0.0991729	-0.123883	0.987329
-0.48045	-0.0462528	0.875802
-0.263698	0.0885775	0.96053
-0.176193	-0.020307	0.984146
0.22664	-0.000168929	0.973979
-0.305777	-0.349467	0.885649
-0.682697	-0.0448973	0.729321
0.124764	0.124192	0.984383
0.324651	-0.262708	0.908618
0.41409	0.141596	0.899155
0.153264	0.862014	0.483159
0.0917877	0.651669	0.752929
0.48064	-0.393653	0.783595
0.803739	-0.0597082	0.591978
0.155682	-0.0317317	0.987297
0.19186	0.0195945	0.981227
0.155238	0.293963	0.943126
-0.0944167	-0.110573	0.989373
0.408151	0.183603	0.894261
0.209812	-0.137267	0.968058
0.0238366	-0.117949	0.992733
-0.0600948	0.0245072	0.997892
0.104552	-0.146947	0.983603
0.00610885	-0.281443	0.959558
-0.221301	-0.925923	0.306092
0.337787	-0.476644	0.811609
0.0842926	0.0699895	0.99398
0.267054	-0.0982546	0.958659
0.604444	-0.116208	0.788126
0.34433	-0.208045	0.915508
0.164104	-0.257397	0.952269
0.233685	0.0863215	0.968473
0.192319	0.264228	0.945091
0.467195	0.170223	0.867614
-0.303444	0.081319	0.949373
-0.0566823	0.297561	0.953019
0.569928	-0.0976639	0.81587
0.0853295	-0.282731	0.955396
0.520529	-0.331587	0.786829
0.470992	-0.150875	0.869139
-0.243638	0.395667	0.885488
-0.402835	0.5273	0.748116
0.651407	-0.281939	0.7044
0.721764	0.053237	0.690089
0.426098	0.228115	0.875445
-0.0771829	-0.193405	0.978078
-0.259824	0.49142	0.831263
0.201847	0.119117	0.972146
0.753573	0.15965	0.637683
0.428213	-0.437061	0.790956
0.392943	0.0389153	0.918739
-0.183419	-0.0614452	0.981113
-0.30368	-0.801343	0.51539
0.281522	0.475802	0.833282
0.0822176	-0.563928	0.821721
0.609654	-0.487975	0.624662
0.541236	-0.370336	0.754927
-0.0457604	-0.0919512	0.994711
0.3055	-0.457646	0.835003
-0.0902312	-0.302085	0.949001
0.0969407	0.0929886	0.990937
0.592103	-0.106418	0.798805
-0.230804	-0.0588157	0.971221
0.298815	-0.623821	0.722188
-0.106053	-0.48026	0.870691
0.00849548	0.359607	0.933065
0.397293	0.317103	0.861164
0.172148	-0.558586	0.811386
-0.444218	-0.629913	0.637087
0.140241	-0.0193726	0.989928
0.0517754	-0.231982	0.971341
-0.230683	-0.428216	0.873737
-0.314495	0.702275	0.638673
0.0189629	-0.0412941	0.998967
0.445911	-0.446236	0.77591
0.74936	0.0363274	0.661166
-0.456943	-0.104114	0.883382
-0.283867	-0.386755	0.877405
-0.635306	-0.444782	0.631313
-0.301501	-0.632715	0.713281
0.146123	-0.0860128	0.98552
0.314957	-0.030738	0.948608
-0.541638	-0.165496	0.82416
0.855267	-0.0726905	0.513065
-0.307519	-0.0739681	0.948663
-0.201665	-0.187741	0.961293
-0.357621	0.297479	0.885219
0.00757234	-0.339133	0.940708
0.165618	-0.539424	0.825586
0.129403	-0.0661543	0.989383
0.437087	0.347165	0.829717
0.643455	-0.394966	0.655719
0.166419	-0.355802	0.919625
0.0967144	-0.0561175	0.993729
0.496943	0.337848	0.799316
0.0446674	-0.314524	0.948198
0.259548	-0.703505	0.661601
0.355432	0.43908	0.825153
0.420462	-0.104432	0.90128
-0.0418746	-0.47222	0.880486
-0.514288	-0.433611	0.739925
-0.421538	0.121605	0.89862
0.520841	-0.246878	0.817176
-0.211465	0.214866	0.953475
-0.0982509	0.374302	0.922087
0.932838	0.186148	0.308483
0.107135	0.258855	0.959956
-0.187122	0.0159804	0.982207
-0.512452	0.677748	0.527305
-0.096936	-0.201507	0.974679
-0.564675	0.187215	0.803799
0.179691	-0.250764	0.951225
0.330084	-0.359101	0.872978
0.0678842	0.530685	0.844846
0.161169	-0.497755	0.852211
0.165404	0.264257	0.950163
-0.157782	-0.518866	0.840169
0.157778	0.168911	0.972921
0.625953	-0.085531	0.775156
-0.244666	-0.577929	0.778548
-0.0568331	0.124872	0.990544
-0.690658	-0.0880325	0.717803
0.13251	0.322716	0.937174
-0.183988	-0.345409	0.92024
0.0812938	-0.366078	0.927027
0.0235398	0.0305586	0.999256
-0.892497	-0.301505	0.335475
0.481093	-0.340599	0.807801
-0.0508768	-0.446337	0.893418
0.369159	-0.0192616	0.929167
-0.39692	0.138108	0.907403
0.226903	0.37716	0.897923
-0.373367	-0.515678	0.771151
-0.448758	-0.817085	0.361923
0.026755	0.175625	0.984094
-0.388004	0.0931048	0.916943
-0.26295	-0.105343	0.959041
0.0635886	0.112898	0.99157
-0.00978103	0.517631	0.855548
0.219091	0.408565	0.886044
0.353126	-0.207397	0.912298
-0.28463	-0.324661	0.901987
0.243865	0.529912	0.812233
-0.803609	0.345497	0.484607
0.362636	0.269537	0.892102
0.237056	-0.471604	0.849349
0.179309	-0.0105811	0.983736
-0.688136	-0.176611	0.703759
-0.181859	-0.233587	0.955178
0.452793	0.558571	0.694965
0.0711225	-0.178573	0.981353
0.330552	-0.231767	0.914888
0.0961413	-0.203368	0.974371
0.141714	0.286821	0.947444
-0.0508525	-0.222483	0.97361
-0.164152	-0.278854	0.9462
-0.114302	-0.142275	0.983205
0.297821	-0.373236	0.878634
0.346167	-0.382752	0.856545
0.431142	0.423253	0.796852
0.18057	0.173339	0.968167
-0.0191624	0.0113501	0.999752
-0.611244	0.0103143	0.791375
-0.100917	-0.0638655	0.992843
0.094968	-0.777332	0.621881
-0.0113675	-0.0412053	0.999086
-0.0731052	0.18621	0.979787
0.449085	-0.676447	0.583731
0.00135754	-0.12387	0.992298
-0.0414331	-0.101927	0.993929
-0.486689	-0.573935	0.658583
0.811558	-0.14234	0.566668
0.186335	-0.383883	0.904386
-0.252361	-0.200448	0.946644
-0.330977	0.583008	0.741994
-0.0401699	-0.335781	0.941083
0.330847	-0.290083	0.897993
0.504572	0.289421	0.813414
-0.363907	-0.0870163	0.927362
-0.172433	0.135007	0.975725
0.492584	-0.520072	0.697773
-0.366068	0.0670439	0.92817
0.381333	0.138332	0.914029
-0.0188016	-0.423519	0.905692
-0.566066	-0.762626	0.313004
0.0996594	0.0201918	0.994817
-0.453644	-0.725757	0.517189
-0.0661339	0.158018	0.985219
0.0525364	0.128109	0.990368
0.451095	-0.00450951	0.892464
-0.487686	-0.515096	0.704868
-0.270948	0.232565	0.934077
0.158431	-0.311891	0.936816
-0.00778981	-0.153595	0.988103
-0.356327	0.295653	0.886352
-0.202696	-0.760401	0.617013
0.308561	-0.239319	0.920607
0.143777	-0.442677	0.885079
-0.108155	0.0897222	0.990077
0.231711	-0.331894	0.914416
-0.437169	-0.0116329	0.899304
0.0162143	0.348175	0.937289
0.915152	0.00145154	0.403107
-0.35035	-0.306263	0.885132
-0.0905953	0.060745	0.994033
0.129257	0.246613	0.960455
-0.0447422	-0.443335	0.895239
-0.0367087	0.376395	0.925732
0.185525	-0.429916	0.883602
-0.0674999	0.0933879	0.993339
-0.262977	-0.482168	0.835678
0.542016	-0.413915	0.731364
-0.0856625	-0.599943	0.795443
0.443405	-0.147594	0.884086
0.219143	-0.0673148	0.973368
-0.217374	0.0125623	0.976008
0.390434	0.523045	0.757618
0.718032	-0.634768	0.285481
0.0780491	-0.71762	0.692048
0.676624	-0.48102	0.557494
0.433878	0.312872	0.844903
-0.068046	0.833567	0.548211
0.424117	0.248751	0.870774
0.490363	-0.0797628	0.867861
-0.182662	-0.235964	0.95444
0.182149	-0.534981	0.824995
0.372399	-0.419465	0.82787
0.510407	-0.415157	0.753079
-0.116753	-0.815508	0.566846
0.22212	-0.224022	0.948935
-0.37214	-0.438738	0.817937
0.571247	0.0779395	0.817069
0.310837	0.197247	0.929771
-0.170241	0.282936	0.94391
0.190361	0.295654	0.936136
0.650258	-0.430048	0.626277
0.0329027	0.457767	0.888463
-0.0474086	-0.32159	0.945691
-0.463832	0.102243	0.880003
0.429108	-0.0955644	0.898184
-0.578422	0.268032	0.770446
-0.0206785	0.0222377	0.999539
0.617519	-0.478648	0.624152
0.0995953	0.753957	0.64933
-0.198867	-0.380541	0.903128
-0.31288	-0.904084	0.291097
0.311588	-0.353363	0.88207
0.412409	-0.0963551	0.905889
-0.0827566	-0.515044	0.853159
0.474406	-0.503816	0.721878
-0.0637626	-0.382772	0.92164
-0.00210351	-0.704216	0.709983
-0.442346	-0.0985591	0.891413
-0.0267396	0.782598	0.621952
0.51587	-0.373144	0.77113
-0.46385	-0.194073	0.864395
0.132517	-0.190293	0.972742
0.432597	0.361164	0.826087
-0.373554	-0.36094	0.854506
0.0602856	-0.405108	0.912279
-0.322222	0.459369	0.82774
0.346004	-0.158776	0.924701
-0.202495	0.226923	0.952629
-0.193232	0.48943	0.850365
-0.45329	0.237928	0.859022
0.504583	-0.509046	0.697329
0.334227	0.164274	0.928066
-0.030954	0.153118	0.987723
-0.356737	0.0953868	0.929322
-0.0112498	-0.166765	0.985932
-0.125728	0.0879152	0.988162
0.344454	-0.404987	0.846957
-0.57544	-0.073984	0.814491
0.185835	0.085406	0.978862
0.457607	0.503326	0.732979
-0.323556	-0.238874	0.91556
0.11994	-0.279544	0.952612
-0.348319	-0.243066	0.905314
0.0674937	0.015263	0.997603
-0.401876	0.147668	0.903709
-0.472657	0.1368	0.870564
-0.0389492	0.0142583	0.999139
-0.330247	-0.277699	0.90212
0.344465	0.639001	0.687766
0.142189	0.477505	0.867047
0.219547	-0.544276	0.809668
0.606285	-0.159946	0.778997
-0.345803	-0.282123	0.894889
-0.0287781	-0.0405111	0.998765
0.312891	-0.54898	0.775061
0.607748	-0.335968	0.719561
0.226307	-0.0032688	0.97405
-0.0142666	0.498295	0.86689
0.0982367	-0.687144	0.719849
0.254579	0.393295	0.883464
-0.520781	-0.283179	0.805355
0.0159547	-0.0224581	0.99962
0.226775	0.285397	0.931194
0.137844	0.684482	0.715879
-0.385198	0.0830417	0.91909
0.391317	-0.201491	0.897927
0.0830816	-0.32683	0.941424
-0.575034	-0.105007	0.811362
-0.289513	-0.120058	0.949615
0.286108	-0.441339	0.850507
0.0811428	0.510236	0.856198
-0.437763	0.127801	0.889961
0.808421	0.0943201	0.580998
0.218457	0.140646	0.965658
0.0788105	0.0858268	0.993188
-0.134385	-0.660166	0.739001
0.214575	0.156736	0.964049
-0.00272414	-0.505602	0.862762
-0.112504	-0.648308	0.753021
-0.225942	0.532628	0.815633
-0.594005	-0.160155	0.788358
-0.376997	0.0749986	0.923173
0.69414	-0.0878827	0.714455
0.412947	-0.709853	-0.570599
0.650201	0.724376	0.229169
-0.455332	0.119767	0.882229
-0.0198159	-0.530613	0.847383
0.0314294	0.0800675	0.996294
-0.0155648	0.0759793	0.996988
-0.371211	0.334736	0.866114
0.232267	-0.118268	0.965435
0.450347	-0.8455	0.286909
0.141218	0.0841102	0.986399
-0.102463	0.35952	0.927495
0.39207	0.372325	0.841223
-0.590452	-0.423718	0.686899
-0.199483	-0.177489	0.963693
-0.625648	-0.635846	0.451956
0.124424	0.254572	0.959016
0.121071	-0.986166	0.113216
-0.187929	0.144988	0.971422
0.0977634	0.316767	0.943452
0.327701	-0.546718	0.770527
-0.172157	-0.79608	0.580188
-0.245319	-0.310782	0.918277
-0.44584	-0.118717	0.887205
-0.547533	-0.0241781	0.836435
0.252361	0.16728	0.953064
-0.40765	-0.0117006	0.913063
-0.353958	-0.00116027	0.935261
-0.619034	-0.301383	0.725234
-0.251619	-0.0872908	0.963882
0.0519312	0.248992	0.967112
-0.14955	-0.361913	0.920138
0.000462274	-0.300746	0.953704
-0.0529895	-0.499032	0.864962
-0.0718723	-0.408065	0.910119
0.615637	-0.404162	0.676494
0.317971	0.503017	0.803659
0.136282	0.321218	0.937148
0.624627	-0.029424	0.780369
0.0547218	0.35946	0.931555
-0.212116	-0.0918583	0.972918
-0.248226	0.223088	0.942664
0.215575	0.205042	0.954717
-0.391469	-0.0017926	0.92019
0.286295	-0.246852	0.925797
0.144707	-0.272248	0.951284
0.645641	0.0982601	0.757293
-0.362864	-0.637712	0.67945
-0.579575	-0.34935	0.736239
-0.0532531	0.237421	0.969946
-0.465976	-0.566097	0.68
-0.26623	-0.150671	0.952061
0.215701	-0.415795	0.883508
0.278548	-0.605685	0.745356
-0.174197	-0.118022	0.977613
-0.643999	-0.514874	0.565836
0.492445	0.352805	0.795629
-0.627383	0.149723	0.764181
0.528022	0.0988499	0.843458
-0.00828854	-0.122498	0.992434
-0.660339	-0.490323	0.568802
-0.389075	-0.126412	0.912491
-0.592234	-0.201803	0.780086
0.608073	-0.023931	0.79352
-0.0993993	0.192785	0.976194
-0.335106	-0.813241	0.475755
0.428291	-0.240424	0.87107
-0.125631	0.354736	0.926487
-0.139925	-0.480216	0.865918
-0.174129	-0.122776	0.977039
0.640564	-0.0594158	0.765602
0.194325	-0.611622	0.766913
0.316939	0.0271082	0.948058
0.225553	-0.136593	0.964608
-0.228759	-0.154846	0.961089
0.0610179	-0.514852	0.855105
-0.0118714	0.116695	0.993097
-0.307653	-0.470194	0.827205
-0.372745	0.212463	0.903283
0.0471802	-0.590903	0.805362
-0.095352	0.258795	0.961214
-0.189392	0.26122	0.946517
-0.226273	-0.683451	0.694042
-0.0206417	0.0918937	0.995555
-0.176371	-0.539648	0.823209
0.230873	-0.101153	0.967711
0.0138721	0.423298	0.905884
0.0580992	0.0801657	0.995087
-0.796462	0.148027	0.58629
0.436415	-0.769516	0.466248
-0.263039	-0.226672	0.937779
0.017229	-0.0752255	0.997018
-0.643631	0.352158	0.679503
-0.603801	-0.327894	0.726574
-0.160552	-0.359169	0.919359
-0.458216	-0.414171	0.786448
0.0720475	-0.608944	0.789934
-0.436702	0.0813603	0.895919
-0.339297	0.343229	0.875826
0.21175	0.273942	0.938146
-0.255392	-0.702107	0.664696
0.432374	0.218608	0.874793
-0.331933	-0.166302	0.928528
0.570867	-0.238412	0.785666
-0.643248	-0.357358	0.677146
-0.150078	-0.501071	0.852293
-0.578527	-0.556878	0.595981
0.211466	-0.2077	0.955062
0.138451	0.0613629	0.988466
-0.609711	-0.360002	0.706152
-0.279769	-0.391417	0.876654
0.0788868	0.12475	0.989047
-0.534629	0.0260112	0.844687
-0.394786	-0.139668	0.908095
-0.572705	0.229214	0.787064
0.244816	-0.106294	0.963725
-0.261739	-0.588418	0.765021
-0.207515	-0.76757	0.606443
0.581178	0.39713	0.710296
0.944686	-0.148166	0.292602
-0.3031	-0.0544671	0.951401
-0.0481049	0.0267692	0.998484
-0.647407	0.00523957	0.762126
0.158286	-0.298899	0.941066
0.111502	-0.407846	0.906217
0.104452	-0.411241	0.905522
-0.157332	0.127392	0.979295
0.271827	0.514347	0.813362
0.214844	0.195537	0.956874
0.684864	-0.0891684	0.723194
-0.440556	-0.206433	0.873668
-0.179378	-0.371383	0.910988
0.544246	-0.368223	0.753796
-0.307005	-0.158161	0.938474
0.0904956	-0.249713	0.964082
0.193584	-0.36854	0.909232
-0.128654	-0.279973	0.951348
0.00179229	0.157049	0.987589
0.0266062	-0.0051361	0.999633
-0.0333428	0.323245	0.945728
0.0524341	-0.0558726	0.99706
0.507292	-0.525188	0.683252
-0.237728	0.300387	0.923717
0.393883	-0.233969	0.888884
0.378252	0.121732	0.917664
0.321305	-0.287211	0.902371
-0.462079	0.185665	0.867186
0.156654	0.0247475	0.987344
0.0591991	-0.44178	0.895168
-0.0326641	0.0275819	0.999086
-0.137518	0.0618488	0.988566
0.0890819	-0.328044	0.940453
0.0987183	0.0461678	0.994044
-0.422087	-0.497038	0.758153
0.1787	0.215516	0.96001
-0.222782	0.57879	0.784456
-0.0483069	-0.0589908	0.997089
0.299759	0.00717265	0.953988
-0.213697	-0.198628	0.956494
-0.179629	-0.222489	0.958244
-0.0785199	-0.244885	0.966367
0.253266	0.0842856	0.963718
-0.481055	-0.432464	0.762602
-0.647641	0.150447	0.746945
-0.238307	-0.267022	0.933761
0.171899	0.0759604	0.982182
0.456464	-0.599087	0.657826
-0.0881572	0.062824	0.994123
-0.4634	-0.0904775	0.881518
-0.19817	0.525033	0.827689
-0.151231	-0.37045	0.916458
0.522906	-0.399779	0.752825
-0.476483	-0.708301	0.52084
0.631723	-0.625923	0.457325
0.150514	0.174367	0.973109
0.116821	-0.554228	0.824126
-0.0621182	0.361752	0.930203
-0.218627	-0.260909	0.940281
-0.116012	-0.355685	0.927378
-0.180244	0.192681	0.964565
0.283409	0.225424	0.932129
0.182927	-0.319031	0.929923
0.229975	-0.233665	0.944729
-0.416927	-0.415945	0.808185
-0.188456	-0.143574	0.97153
-0.0914942	0.14186	0.985649
-0.263276	-0.510567	0.81854
0.541349	-0.157329	0.825947
-0.491065	-0.0261428	0.870731
0.476972	0.130744	0.86914
-0.39823	0.119003	0.909534
0.0463434	-0.476036	0.878204
-0.105265	-0.148184	0.983342
-0.922195	0.0410181	0.384544
0.667052	0.0198355	0.744747
0.482618	0.207684	0.850851
-0.237929	-0.102745	0.965833
0.812006	0.453963	0.36683
0.18722	-0.226694	0.955803
0.514952	-0.33934	0.787193
0.0464005	0.0673387	0.996651
0.179131	0.215037	0.960037
0.582991	0.383293	0.716385
0.330344	0.608821	0.721256
-0.251696	-0.736191	0.62823
0.0619408	-0.0108319	0.998021
-0.479227	-0.0152748	0.877558
0.0970112	0.566968	0.818007
-0.374528	-0.0745477	0.924214
-0.373388	0.364709	0.852976
0.189426	0.0811781	0.978534
-0.0899255	-0.27083	0.958418
-0.447514	-0.282459	0.848498
-0.642241	0.0727858	0.763039
0.522036	-0.222924	0.823276
0.517195	-0.336289	0.787032
-0.0275214	-0.486422	0.87329
-0.315407	-0.5406	0.779917
-0.173357	0.164943	0.970949
0.0763378	-0.304213	0.94954
-0.0308938	-0.584761	0.810617
0.472279	0.301004	0.828462
-0.243005	-0.12358	0.962121
0.0136772	-0.0488114	0.998714
-0.25352	-0.444941	0.858927
0.103495	-0.428806	0.897449
-0.358236	-0.420153	0.83375
0.517165	-0.63322	0.575824
-0.319295	0.0298156	0.947186
-0.0578183	-0.307537	0.949778
0.245594	-0.161027	0.955905
-0.323834	0.0710889	0.94344
-0.454643	0.100971	0.884932
0.321236	0.00781985	0.946967
-0.284651	-0.219684	0.93312
-0.329635	-0.327373	0.885533
0.508223	-0.210469	0.835112
-0.430366	-0.0933326	0.897816
0.315174	-0.230213	0.920689
-0.134349	-0.717789	0.683176
-0.341038	-0.422835	0.839585
-0.287124	-0.134396	0.948419
0.509787	0.0215836	0.86003
-0.0419058	-0.211005	0.976586
-0.277202	0.183826	0.943063
0.121967	-0.386654	0.914124
0.0884007	-0.0163373	0.995951
0.24905	-0.00911186	0.968448
0.00176186	0.298481	0.954414
0.0262629	-0.383435	0.923194
0.369816	0.40513	0.836126
-0.192422	-0.168919	0.966664
-0.221082	-0.747901	0.625913
0.589664	-0.296378	0.751303
0.103913	0.354061	0.929431
-0.0889049	-0.0590515	0.994288
-0.548923	0.082366	0.831805
-0.429217	-0.390222	0.814555
0.680689	0.47486	0.557827
0.144214	-0.460514	0.875859
0.175335	-0.201094	0.963752
0.10772	-0.174843	0.978686
0.58955	-0.0145651	0.807601
0.538626	-0.233164	0.80964
0.0818665	-0.739365	0.668309
-0.317297	-0.210831	0.924593
-0.123932	0.000599429	0.992291
0.327472	0.059674	0.942975
-0.290226	-0.0273353	0.956568
0.139891	0.128395	0.981807
-0.305119	-0.394123	0.866931
0.0354782	-0.0517339	0.998031
0.577238	-0.0461282	0.815272
-0.0660975	0.347375	0.935394
0.472438	0.395854	0.787465
-0.564484	0.268915	0.780412
0.0728713	-0.589907	0.804177
-0.442086	0.0960576	0.891814
-0.171815	-0.263083	0.949351
0.581751	-0.26227	0.769922
0.349899	-0.366735	0.862018
0.0421859	-0.240061	0.969841
-0.399944	-0.262954	0.878009
-0.280314	-0.405172	0.870206
0.566332	0.0976835	0.818368
-0.0116073	-0.582862	0.812489
0.0338054	-0.116592	0.992604
-0.0361173	-0.109709	0.993307
0.329008	-0.28311	0.90089
-0.103435	-0.409232	0.906548
-0.299465	-0.540049	0.786555
-0.0529214	-0.405328	0.912638
-0.425009	0.170619	0.888964
-0.670225	-0.157973	0.725151
0.661407	0.748518	0.0475605
-0.204158	0.184034	0.961484
0.0425334	-0.50794	0.860342
-0.314557	0.5749	0.755343
0.208427	-0.268085	0.940579
0.88196	0.392097	0.261546
0.421197	-0.0304144	0.906459
0.397536	-0.132074	0.908032
-0.00171084	0.517496	0.855684
0.0913054	0.55683	0.825593
-0.0890857	-0.28697	0.953788
0.378893	-0.754709	0.535589
0.228496	-0.0576493	0.971836
0.599967	-0.140134	0.787656
0.193534	-0.244938	0.950026
0.373574	0.818006	0.437389
-0.0159795	0.0376926	0.999162
0.0760982	0.483704	0.871917
0.491607	-0.332193	0.804966
0.508778	-0.323034	0.797993
0.807978	0.147441	0.570467
0.376571	-0.670897	0.638821
0.57865	0.515586	0.63193
0.0758495	-0.22605	0.971158
0.236024	0.10843	0.965679
-0.140409	-0.682276	0.717486
0.392758	0.805838	0.443132
0.616634	-0.142245	0.774292
0.0558659	0.00603722	0.99842
0.697456	0.331696	0.635243
-0.0236871	-0.06642	0.997511
0.480879	0.225392	0.847321
-0.673268	-0.130924	0.727715
0.018834	0.25554	0.966615
-0.0541048	0.134593	0.989423
-0.0982102	0.00590952	0.995148
0.691934	0.54911	0.468728
0.328189	0.0162349	0.944473
0.112384	0.709467	0.69572
0.0883251	-0.686535	0.721712
0.461457	-0.224576	0.858267
0.209307	-0.279496	0.937055
-0.784112	0.0213849	0.620251
0.362435	0.558578	0.746077
-0.221365	-0.488703	0.8439
-0.283423	0.327205	0.901448
-0.239042	-0.387025	0.890545
0.0757812	0.555312	0.828182
-0.368194	-0.160187	0.915846
0.549229	-0.0828714	0.831553
0.479253	0.31077	0.820816
-0.00826781	-0.947053	0.32097
-0.281309	-0.146069	0.948435
-0.351321	0.23122	0.907254
0.227061	-0.0623694	0.971881
-0.37255	-0.72964	0.573438
0.545812	0.118084	0.829545
0.617339	0.0379391	0.785782
-0.137218	-0.0715796	0.987951
-0.0127954	0.39295	0.919471
-0.410251	0.187368	0.892517
-0.082003	-0.562119	0.822981
-0.134748	-0.156614	0.978425
0.530032	-0.354819	0.770175
-0.394382	0.506799	0.766562
0.202079	-0.319177	0.925899
0.778632	-0.145367	0.61041
0.782463	0.390313	0.485188
-0.114072	-0.518776	0.847266
-0.0320613	-0.547847	0.835964
-0.110154	0.152213	0.98219
0.515665	0.228127	0.825862
-0.020077	-0.291806	0.956267
1.98989e-05	-0.0574548	0.998348
0.115559	-0.0379286	0.992576
0.183113	-0.739032	0.648306
0.0488084	0.378628	0.924261
-0.339652	0.72325	0.601287
0.328008	0.117064	0.937394
0.612707	0.198342	0.765017
-0.306532	-0.459276	0.833729
-0.415307	0.0101393	0.909625
0.241337	-0.143866	0.959718
0.668606	0.22089	0.710052
-0.418452	0.200262	0.885885
0.397466	-0.0656678	0.915264
-0.684131	0.579901	0.442357
0.708153	-0.301422	0.638485
0.410706	0.00209104	0.911765
-0.0933656	-0.10096	0.9905
0.299716	0.209511	0.930739
0.18122	-0.128449	0.975018
-0.639408	0.0743659	0.765262
0.161083	0.335958	0.928
0.32729	0.455542	0.827867
-0.53297	0.0930486	0.841002
-0.211352	-0.132291	0.968416
0.279289	-0.209852	0.936995
0.445516	-0.334093	0.8306
-0.155741	0.483565	0.861342
-0.470983	0.512063	0.718308
-0.39193	0.378445	0.838552
-0.487654	-0.3438	0.802493
0.212066	0.0227107	0.976991
0.698981	0.321702	0.638696
-0.446451	0.830418	0.333297
-0.255524	-0.123285	0.95891
0.0786606	-0.139503	0.987092
0.311774	0.103229	0.944532
0.0878847	0.0722476	0.993507
-0.0406605	-0.246588	0.968267
0.693446	-0.301567	0.654362
0.461036	0.230679	0.856874
0.186806	0.287525	0.939379
-0.0175519	-0.295628	0.955142
0.0960606	0.00531852	0.995361
0.555028	-0.424173	0.715557
-0.238304	-0.714687	0.657597
0.463215	-0.315954	0.828012
0.0323187	-0.684744	0.728067
-0.041968	-0.0731055	0.996441
-0.0310198	-0.711513	0.701988
-0.510872	-0.020238	0.859418
-0.22319	-0.125803	0.966623
0.0298164	-0.841968	0.538702
0.272931	-0.173158	0.946322
0.177586	0.074247	0.9813
0.059065	0.209215	0.976084
-0.119414	0.0932207	0.988458
0.44629	-0.0732809	0.891883
-0.36078	0.00840374	0.932613
0.328415	-0.189114	0.925408
-0.591746	0.292702	0.751107
0.536791	0.0854206	0.83938
-0.303371	0.0528457	0.951406
-0.713231	-0.0575468	0.698563
0.0507542	0.236707	0.970255
0.253895	0.325469	0.910828
0.0976753	-0.396681	0.912745
-0.310822	-0.195736	0.930095
-0.174994	-0.036964	0.983875
0.185762	0.564141	0.804511
-0.453366	-0.00373951	0.891317
0.12975	0.032131	0.991026
-0.0396504	-0.343112	0.938457
-0.345704	0.014055	0.938238
-0.164045	0.187468	0.968476
-0.183987	-0.084287	0.979308
-0.540389	0.302724	0.785072
0.32482	-0.166853	0.930942
0.443982	-0.140825	0.8849
-0.0215741	0.23397	0.972004
0.0827765	-0.0367748	0.995889
-0.298638	-0.350329	0.887741
0.257161	-0.4237	0.868531
0.00910067	-0.17098	0.985232
-0.00950284	-0.500002	0.865972
0.604274	-0.181169	0.775906
-0.0957429	-0.034357	0.994813
0.128366	-0.245859	0.960768
0.15217	0.313121	0.937443
-0.226333	-0.20733	0.951729
-0.102098	0.509352	0.854481
0.0610395	-0.537633	0.840967
-0.640595	-0.349295	0.683836
-0.0127187	-0.25561	0.966696
-0.021115	-0.155006	0.987688
-0.367411	-0.480106	0.79656
-0.52838	-0.0652841	0.846495
0.514584	-0.294004	0.805459
0.301887	-0.07001	0.95077
-0.0688913	-0.170406	0.982963
-0.0996748	-0.554031	0.826508
0.360564	0.0860889	0.928753
-0.322766	0.313259	0.893135
0.21738	0.596331	0.772745
0.101133	-0.602993	0.79131
0.59641	-0.0905559	0.797555
0.242654	-0.176748	0.953876
0.259897	-0.473394	0.841636
0.303683	-0.393492	0.867722
-0.178582	-0.542933	0.820568
0.0877932	-0.31892	0.943707
-0.654862	-0.117246	0.746598
-0.341019	-0.0924442	0.9355
0.0633128	-0.323602	0.944073
-0.0959715	-0.187723	0.977522
0.00155009	-0.343744	0.939062
-0.298328	0.378436	0.876234
0.350177	-0.360318	0.864608
-0.574346	-0.135081	0.80739
0.15625	0.354528	0.921898
0.136105	0.399351	0.906639
-0.117101	0.553022	0.824896
-0.371345	-0.292509	0.881216
0.0515276	-0.0499479	0.997422
0.117737	-0.20147	0.972393
0.0407155	0.808502	0.587084
0.353051	-0.407779	0.842064
-0.324121	-0.446469	0.834033
-0.95387	0.0812303	0.289024
0.308803	0.265358	0.91336
-0.193649	-0.344119	0.918739
0.0322763	-0.22228	0.974449
0.28337	0.494538	0.821665
0.66154	-0.509665	0.550097
0.214794	0.469531	0.85639
-0.0659662	0.383269	0.921278
-0.137865	-0.630857	0.763553
0.375634	-0.399661	0.836164
0.140816	-0.519249	0.842942
-0.142096	0.585841	0.797871
0.542522	-0.710241	0.448583
-0.0841233	-0.372575	0.924181
-0.148927	0.146913	0.977874
0.343304	0.0829379	0.935555
0.283044	0.375195	0.882674
0.538523	-0.495427	0.681576
-0.0774173	-0.454519	0.887366
0.574446	0.00484816	0.818528
-0.244554	-0.385947	0.889516
0.549986	-0.323577	0.769944
-0.0707056	0.0878198	0.993624
-0.689373	-0.264941	0.674219
0.513048	-0.0918692	0.85343
-0.445051	-0.584663	0.678306
-0.11097	0.411074	0.904823
0.0197747	-0.240445	0.970461
-0.490998	-0.382731	0.782584
-0.0066604	0.287137	0.957866
-0.449536	0.310598	0.837524
-0.693185	-0.588171	0.416592
-0.0705235	-0.828621	0.55535
0.127348	-0.224567	0.966102
0.755695	-0.153647	0.636646
0.0228983	0.23756	0.971103
-0.0542169	0.0795123	0.995358
0.0595327	0.0785602	0.99513
-0.146686	-0.577827	0.802869
-0.140416	0.343317	0.928664
-0.221386	-0.359716	0.906418
0.287684	0.0611844	0.955769
0.0446396	-0.62156	0.782093
0.182932	0.238716	0.953704
0.232988	0.456305	0.858779
0.196871	0.306033	0.931443
0.4072	-0.0636232	0.91112
0.56951	-0.251427	0.782587
0.382449	-0.421215	0.822381
-0.185984	0.438747	0.879153
-0.299444	0.00727377	0.954086
0.234728	-0.0155824	0.971936
-0.214662	-0.520839	0.826225
0.159305	-0.310506	0.937127
-0.576847	0.309811	0.755821
0.179208	-0.154183	0.971654
0.028016	0.081615	0.99627
0.460864	0.34639	0.817079
-0.338727	-0.336203	0.878767
0.0271081	0.641372	0.766751
0.155162	0.419524	0.894385
-0.462473	-0.363222	0.808819
-0.10031	-0.264641	0.959116
-0.597934	-0.287698	0.748134
0.371565	0.128198	0.919513
0.324211	-0.0630676	0.94388
0.442099	0.75605	0.482635
-0.123473	-0.808011	0.576083
0.442126	0.0303961	0.896438
0.4233	-0.674152	0.605257
-0.626178	0.243364	0.740726
0.640169	-0.613967	0.461766
-0.223911	-0.115476	0.967744
-0.261668	0.927732	0.266162
-0.127908	-0.605424	0.785558
0.609931	-0.118025	0.783616
0.631104	0.162169	0.758557
-0.115533	-0.0237653	0.993019
0.161707	0.286963	0.944194
0.0540629	-0.0984627	0.993671
0.00153225	0.127851	0.991792
0.0774529	-0.0447179	0.995993
0.345374	-0.139304	0.928068
-0.0858654	0.142103	0.986121
-0.941415	0.156786	0.298591
-0.0751392	-0.598082	0.797905
-0.0652224	0.194151	0.978801
-0.573717	-0.524285	0.629265
-0.294626	-0.170405	0.940297
-0.117393	0.740413	0.661821
-0.218037	-0.358008	0.907904
0.258209	0.217223	0.941352
-0.502551	0.375733	0.778632
0.0695803	0.244799	0.967074
0.500002	-0.692532	0.519997
-0.355043	0.143111	0.923831
-0.0416282	0.496104	0.867264
-0.0976316	0.408268	0.907626
-0.0484495	-0.54102	0.839613
-0.15293	0.0645636	0.986126
-0.339968	-0.455047	0.823015
-0.343708	0.295753	0.891288
0.228962	-0.346632	0.909628
0.085414	-0.00879086	0.996307
0.325741	0.30234	0.895815
-0.669378	0.0279896	0.742394
-0.0909225	-0.240847	0.966295
-0.688145	0.17072	0.705203
-0.0587888	-0.337343	0.939544
0.159284	0.173485	0.97187
0.177132	0.299618	0.937472
0.237771	-0.518889	0.821109
0.400297	-0.635277	0.660444
-0.121462	-0.150449	0.981128
0.0619238	0.241756	0.968359
0.358096	0.388171	0.849171
-0.798126	-0.094673	0.595006
-0.0776579	-0.00827305	0.996946
0.223492	-0.432778	0.873358
0.266947	-0.20861	0.940862
-0.0770319	-0.19838	0.977093
-0.271554	0.912044	0.307303
-0.575665	-0.242152	0.781007
0.221329	-0.0520471	0.973809
0.426462	-0.566407	0.705204
-0.159667	0.526092	0.835305
-0.410841	0.0274548	0.911293
0.45193	0.302426	0.839225
0.0753585	-0.0328363	0.996616
0.599083	0.237178	0.764752
-0.346035	-0.198312	0.917023
-0.205753	0.523641	0.82672
-0.0145373	-0.694429	0.719414
0.0529201	-0.850129	0.523908
0.712168	0.0616741	0.699295
-0.299455	-0.209531	0.930819
0.28036	-0.205317	0.93768
0.550863	0.0819348	0.830564
0.115679	-0.191088	0.974733
0.59462	-0.598454	0.536917
-0.476024	-0.677225	0.561041
0.460989	-0.662658	0.590231
-0.619738	0.0652026	0.782096
-0.260446	-0.116905	0.958385
0.441034	0.213539	0.871717
-0.145307	0.229874	0.962312
0.227355	0.195919	0.9539
0.0198261	0.454667	0.890441
0.723357	-0.410471	0.555219
-0.516972	-0.162244	0.840486
-0.193416	-0.570396	0.798272
0.422076	-0.103165	0.900671
-0.478175	0.353768	0.803864
-0.121397	-0.19027	0.974197
-0.0422453	-0.501698	0.864011
0.566362	-0.126669	0.814364
0.188549	0.704986	0.683698
0.0157269	0.149327	0.988663
-0.245365	0.103462	0.963894
0.128449	0.152538	0.979915
0.2038	0.281322	0.937723
-0.133757	-0.133895	0.981927
0.408024	-0.767519	0.4944
0.326766	-0.225409	0.917832
-0.464595	-0.684477	0.561821
-0.378961	-0.773091	0.508644
-0.0412765	0.500676	0.86465
-0.546497	-0.0403378	0.836489
-0.0811685	-0.232171	0.969282
0.205877	-0.213524	0.954998
0.0513312	-0.369553	0.927791
-0.00593054	-0.106021	0.994346
-0.506159	-0.560685	0.655314
0.433143	-0.499873	0.750009
0.337094	-0.0786026	0.938184
0.186428	0.0113636	0.982403
-0.712747	0.239034	0.659435
-0.119942	-0.0968559	0.988045
-0.326288	-0.186906	0.926608
-0.559973	-0.606813	0.5641
0.489137	-0.168769	0.855723
0.10831	-0.440386	0.891251
0.0292069	0.877277	0.479095
0.134381	-0.0436622	0.989967
-0.296246	0.233892	0.926031
-0.211905	-0.395995	0.893468
-0.495003	-0.103786	0.862671
0.469889	0.50646	0.722982
0.389768	0.066805	0.918487
-0.582715	0.161654	0.796437
-0.23666	0.160679	0.958214
-0.169784	-0.212507	0.962296
-0.331543	-0.0938917	0.938756
0.0479892	0.035805	0.998206
-0.175267	-0.362202	0.915473
-0.0516569	0.218124	0.974553
-0.644751	-0.283304	0.709954
-0.521694	-0.59308	0.613263
-0.162506	-0.912551	0.375291
0.106608	0.517899	0.848773
0.238041	0.546545	0.802886
0.0815221	-0.166025	0.982746
-0.452239	-0.290944	0.843108
-0.355835	-0.184077	0.916241
-0.175264	-0.00585834	0.984504
0.410246	0.499903	0.762755
-0.0112403	0.433362	0.90115
-0.138493	0.272185	0.952226
-0.253571	-0.636692	0.728235
-0.630489	-0.140063	0.763456
-0.219738	-0.101537	0.97026
0.386002	-0.292717	0.874825
0.399908	-0.111687	0.909725
-0.326143	-0.239279	0.914536
-0.58122	0.0509102	0.812152
-0.200013	-0.593985	0.779215
0.19756	-0.277286	0.940257
0.186167	0.124183	0.974639
0.361239	-0.0603077	0.930521
-0.134856	-0.547051	0.826165
0.469346	0.296454	0.831763
0.0750679	-0.637087	0.767128
-0.189652	0.109654	0.975709
0.044155	0.186956	0.981375
0.613912	0.196071	0.764636
-0.0716645	-0.169915	0.98285
0.0685716	0.0420449	0.99676
0.126604	-0.22771	0.965463
0.187023	0.279454	0.941768
-0.703255	0.156612	0.693473
0.0522914	0.111946	0.992337
-0.195779	-0.528858	0.82582
0.518926	0.123107	0.845908
-0.32657	-0.541088	0.774968
0.0986201	-0.5755	0.811834
-0.0265401	0.192947	0.98085
-0.51494	0.812202	0.274161
0.017727	-0.152773	0.988102
0.462408	0.10855	0.879997
0.209628	0.568044	0.795853
0.092636	-0.512518	0.853665
0.0927265	0.112367	0.989331
0.0972724	-0.88089	0.463218
-0.472512	-0.591907	0.652977
-0.140833	0.100317	0.984938
0.0125812	0.0705888	0.997426
0.902532	-0.0517268	0.427504
0.31512	-0.565806	0.761947
0.106871	0.445701	0.88878
0.152276	-0.599263	0.785937
0.212655	0.234408	0.948594
-0.661343	0.552163	0.507682
-0.389252	-0.700281	0.598405
-0.21967	0.166845	0.961201
0.2014	0.355364	0.912773
0.320062	-0.536432	0.780898
-0.508842	-0.688196	0.51717
0.597841	0.560129	0.573447
-0.295286	-0.232198	0.926763
-0.533238	-0.240514	0.811055
-0.610837	0.51904	0.597893
-0.0555015	-0.63567	0.769963
0.284975	-0.765119	0.577393
0.324081	-0.366793	0.872029
-0.0553588	-0.453575	0.889497
-0.461119	-0.525439	0.715041
0.495584	-0.618455	0.609844
-0.281111	-0.490134	0.825073
0.216943	-0.403169	0.889039
0.618338	-0.364147	0.696458
0.955076	-0.295187	0.0263642
-0.617449	-0.380542	0.688436
-0.407805	-0.0925107	0.90837
0.055857	0.313557	0.947925
0.296115	0.0592499	0.953313
-0.394706	0.394922	0.829604
0.0531673	-0.291109	0.955211
0.198997	0.419186	0.885824
-0.912858	0.281737	0.295492
0.340683	0.180765	0.922637
-0.555065	0.335583	0.761109
-0.373279	-0.672961	0.638581
0.252558	-0.659462	0.708043
-0.392898	0.195526	0.898555
0.766085	0.257421	0.588939
0.724145	-0.241254	0.646073
0.434668	-0.257455	0.863007
-0.130346	0.183388	0.974361
0.114618	0.0612428	0.99152
-0.0733446	-0.247283	0.966163
0.00895866	-0.349985	0.936712
-0.459684	0.376959	0.80411
-0.375682	0.588929	0.71556
0.04878	-0.585122	0.809477
0.402234	0.0111653	0.915469
0.306251	-0.113118	0.945206
-0.015924	-0.602104	0.798259
0.460106	0.675581	0.576102
0.030251	-0.730123	0.682646
0.123362	0.371006	0.9204
-0.311204	0.144533	0.939288
-0.22127	0.206119	0.953181
-0.0860493	0.0500081	0.995035
-0.0494195	-0.00376501	0.998771
-0.472565	-0.572978	0.669611
-0.10904	0.31143	0.943992
0.202417	0.611033	0.765288
-0.459239	-0.0908317	0.883656
0.181561	0.25319	0.950226
-0.444929	-0.356746	0.821444
0.273916	0.176634	0.945394
-0.0382881	0.00163659	0.999265
-0.188412	0.693097	0.695785
-0.00983591	-0.163521	0.986491
0.414753	0.177143	0.892525
-0.109708	-0.467026	0.877412
-0.433039	-0.264381	0.861731
0.235347	-0.0992987	0.966825
-0.587329	-0.0277522	0.808872
0.319904	0.672787	0.667098
0.208264	-0.614644	0.760815
-0.768033	0.138765	0.625195
-0.427431	-0.33863	0.838232
-0.208121	-0.559827	0.802047
0.312673	-0.571924	0.758379
0.00751002	-0.567988	0.823003
0.557548	-0.0996754	0.824139
-0.495023	0.541171	0.679769
-0.0745857	-0.279131	0.957352
-0.270016	-0.524566	0.807416
0.159571	-0.204117	0.965854
-0.091908	-0.0202295	0.995562
-0.239856	-0.93244	0.270232
0.00520147	0.203636	0.979033
-0.338367	-0.560622	0.755785
-0.29266	-0.0819047	0.952702
-0.444985	0.274146	0.852545
0.43701	-0.45714	0.774626
-0.0240648	-0.0885481	0.995781
-0.187162	-0.0364377	0.981653
0.313104	0.759003	0.57086
0.159923	0.122178	0.979539
-0.340238	0.372186	0.863548
-0.591562	0.292656	0.75127
-0.219475	-0.148035	0.964322
-0.0132665	-0.838574	0.544626
0.318379	0.645254	0.694465
0.963948	0.266012	0.00653418
0.615893	0.0971253	0.78182
-0.606084	-0.288298	0.741314
-0.669546	-0.0174502	0.742565
-0.40561	-0.585527	0.701882
0.227938	-0.532586	0.815105
-0.0182242	0.854125	0.519749
-0.436719	0.267614	0.858871
-0.518388	0.526101	0.67416
-0.0819964	0.227221	0.970385
-0.67304	0.0716598	0.736127
0.48772	0.554455	0.674321
0.0637209	0.200886	0.97754
-0.590732	-0.374341	0.714776
0.206466	-0.283006	0.936632
-0.175225	0.275378	0.945232
-0.12836	0.00118426	0.991727
-0.096161	-0.0443338	0.994378
0.543347	0.333161	0.770569
0.771692	-0.36486	0.52093
-0.530748	-0.106828	0.84077
-0.160929	-0.0795202	0.983757
0.0230824	-0.476394	0.878929
0.159153	0.00509671	0.987241
-0.501941	-0.0864133	0.860574
0.306896	0.221193	0.925683
0.76421	0.144539	0.628563
-0.284683	0.067881	0.956215
0.0224487	0.346447	0.937801
0.764646	-0.1243	0.632349
-0.0247464	-0.176961	0.983907
-0.364359	0.408587	0.836839
-0.252192	0.445525	0.859015
0.0654687	0.598553	0.798404
0.0833655	-0.337413	0.937658
0.0761082	0.0726188	0.994452
0.309413	0.255752	0.91589
-0.249659	0.601196	0.759101
-0.448103	0.0243346	0.893651
-0.5736	0.0921061	0.813941
0.524941	0.242615	0.815828
-0.0608975	-0.901205	0.429093
0.391757	0.0888148	0.915772
0.233604	0.141733	0.961946
0.291273	-0.343963	0.892664
-0.259703	0.439741	0.859757
-0.00240282	-0.39473	0.918794
-0.142787	0.676354	0.722604
0.0884129	-0.249889	0.96423
-0.596234	0.22765	0.769857
-0.161194	0.0772107	0.983898
-0.284798	-0.502908	0.816072
-0.614844	-0.255951	0.74596
0.60172	0.22457	0.766486
0.0490491	-0.00862815	0.998759
0.278029	0.199679	0.939589
-0.0712583	0.967771	0.241542
-0.601856	0.0746787	0.795105
0.169296	-0.159769	0.972529
0.448674	-0.361479	0.817328
-0.23664	0.301098	0.923765
-0.0187343	0.498369	0.866763
0.435547	0.218666	0.873203
-0.171519	-0.312963	0.934149
0.239335	0.107305	0.964989
0.167422	0.285516	0.943637
0.0194728	-0.612488	0.79024
0.646518	-0.525388	0.553156
0.198577	0.605606	0.77059
-0.372832	0.0446337	0.926825
-0.646584	-0.36321	0.670826
0.530556	0.32944	0.781012
0.456627	-0.655775	0.601208
0.416546	0.183006	0.890504
0.56917	-0.0269772	0.821777
0.30376	-0.551427	0.776954
-0.21428	0.658016	0.721872
0.107993	0.0500789	0.99289
0.279838	-0.291324	0.914779
-0.033895	0.0406687	0.998598
0.433128	0.45058	0.780627
0.35062	-0.134526	0.926806
-0.0255914	-0.960064	0.278607
-0.564906	-0.117536	0.816741
-0.481565	-0.622826	0.61659
0.0988958	0.700725	0.706543
0.396781	-0.597266	0.697021
0.108347	0.217805	0.96996
0.0510767	0.425991	0.903284
-0.120608	0.77998	0.614073
0.0378734	-0.453156	0.890627
-0.108701	-0.654009	0.748637
-0.390039	0.381725	0.837947
0.460521	0.106606	0.881224
0.391721	0.409686	0.82384
-0.60398	0.40551	0.686127
-0.443911	0.106494	0.88972
0.134793	-0.500918	0.854934
0.195226	-0.171361	0.965672
-0.233865	0.412278	0.88053
0.50812	-0.595703	0.622055
0.0115079	-0.238535	0.971066
0.643951	0.281073	0.711565
-0.394689	-0.747853	0.533795
-0.53583	-0.0751381	0.840976
-0.139353	-0.451548	0.881297
-0.28183	-0.518341	0.8074
-0.440424	-0.647682	0.621719
-0.240713	-0.176292	0.954452
-0.118644	0.233212	0.965161
0.158883	0.0805352	0.984007
-0.72585	-0.252756	0.639731
-0.667414	0.263959	0.696336
0.428738	0.38156	0.818899
-0.373028	-0.00628528	0.927799
-0.192406	0.207507	0.959125
-0.308361	0.210886	0.927599
-0.150757	0.133378	0.979532
-0.110752	-0.388513	0.914763
-0.885272	-0.122755	0.44858
0.312815	0.0364858	0.949113
0.470648	0.0715296	0.879417
-0.322814	0.320669	0.890485
0.332228	-0.131462	0.933993
0.600094	0.257263	0.757432
-0.275345	0.0134667	0.961251
-0.279521	0.222012	0.934119
-0.386043	-0.364621	0.847362
0.0111789	-0.495299	0.868651
-0.0266447	0.233965	0.97188
-0.330398	-0.659741	0.674966
0.0216267	-0.608878	0.792969
0.295206	0.309477	0.903923
-0.0654154	0.680058	0.730234
-0.175504	0.0518211	0.983114
0.205023	0.11481	0.972
0.0507866	0.353601	0.934017
0.929394	-0.34334	0.135439
0.254433	-0.450933	0.855525
0.721413	-0.288228	0.629673
-0.159574	0.0563108	0.985579
-0.316135	0.100153	0.943413
-0.159627	0.30911	0.937534
0.34467	0.450959	0.82331
-0.516405	-0.1564	0.841941
-0.268282	0.0336079	0.962754
0.204797	0.10226	0.973448
-0.585432	0.404131	0.702814
0.45416	0.362301	0.813927
-0.866043	0.234822	0.441394
-0.38838	0.551565	0.738199
-0.582896	0.376903	0.719845
-0.59845	0.388461	0.700682
-0.111894	0.0425062	0.992811
0.27748	-0.645509	0.711564
-0.242456	-0.46358	0.852237
0.215609	0.519788	0.82664
0.359248	0.680748	0.638375
-0.364633	-0.230263	0.902231
-0.799973	0.343531	0.491965
-0.325726	0.364368	0.872432
-0.132866	-0.561773	0.816552
-0.132666	-0.0866646	0.987365
-0.157446	0.205255	0.965961
0.527942	0.116498	0.841252
0.291091	-0.503085	0.81374
-0.399391	-0.418152	0.815865
0.168364	-0.148595	0.97446
0.503033	0.256809	0.825231
-0.256325	-0.286908	0.923028
0.116	-0.67915	0.724775
-0.211681	0.297837	0.930851
-0.309684	-0.239895	0.920079
0.347953	-0.000432707	0.937512
-0.0252332	0.234643	0.971754
0.113533	0.543322	0.831812
-0.238693	-0.511898	0.825218
-0.456576	0.403603	0.79287
-0.34367	0.00206519	0.939088
0.19607	-0.012534	0.98051
-0.0309076	-0.36009	0.932405
0.137037	-0.156192	0.978174
0.199566	0.637618	0.744054
-0.374016	-0.170038	0.911701
0.107583	-0.62519	0.773022
0.185442	-0.135533	0.973264
0.0318122	0.229499	0.972789
0.278857	-0.302835	0.911334
0.685349	0.416606	0.597274
-0.0753987	0.221987	0.97213
-0.132385	-0.611132	0.780379
0.0199224	-0.410801	0.911507
0.5283	-0.0257603	0.848667
0.52915	0.0934216	0.84337
0.299098	-0.0701739	0.951639
-0.647046	0.521218	0.556475
-0.0959534	0.111412	0.989131
0.721401	-0.144362	0.677304
0.0084644	0.994763	0.101853
0.417335	-0.177939	0.891162
0.426953	0.00598694	0.904254
0.389019	0.4802	0.786176
0.268073	-0.189156	0.944646
-0.586637	-0.673489	0.449744
0.328589	0.155367	0.931606
0.157152	0.68058	0.715621
0.149565	-0.192893	0.969754
-0.511866	0.131557	0.848932
-0.148124	-0.549812	0.82205
0.267597	0.531457	0.803707
-0.409038	-0.220846	0.88539
-0.614232	0.641406	0.459693
0.646497	-0.178786	0.741672
-0.111274	-0.459913	0.880964
-0.657452	-0.252372	0.709975
-0.899981	-0.0647748	0.431089
-0.252037	-0.392901	0.884368
0.160706	0.295965	0.941583
-0.22889	0.642013	0.73173
0.138334	-0.179875	0.973914
-0.117909	-0.473491	0.872871
0.171431	-0.10536	0.979546
-0.358493	-0.160196	0.919685
0.0505451	-0.418263	0.906919
0.753359	-0.139905	0.642554
-0.201978	-0.159568	0.966304
-0.133034	-0.167629	0.976833
0.674541	0.20922	0.70797
0.136606	-0.346156	0.928178
-0.0837359	-0.369209	0.925566
0.142554	0.581213	0.801167
0.153954	-0.236716	0.959304
0.347237	-0.156325	0.924656
-0.437288	0.628363	0.643381
-0.198828	0.604259	0.771582
0.585038	-0.630051	0.510653
0.213232	0.23684	0.94786
-0.0256864	0.0457916	0.998621
-0.280346	-0.331824	0.900721
0.40401	0.0295939	0.914276
0.0458108	0.56786	0.82185
0.0423065	0.0743729	0.996333
-0.0882475	-0.193909	0.977042
-0.0455776	-0.638355	0.768392
0.57776	-0.540413	0.611676
-0.184431	-0.377512	0.907453
-0.236313	-0.931904	0.275156
0.295191	0.081441	0.951961
0.162372	0.297998	0.940655
0.375078	-0.405455	0.83362
0.233206	-0.491116	0.839298
0.167131	-0.261224	0.950699
0.155906	-0.61742	0.771029
0.321461	0.307492	0.895607
-0.184259	0.377494	0.907495
-0.162913	0.50726	0.846255
0.604609	0.0416205	0.795434
0.168754	0.508809	0.844177
-0.163587	-0.690618	0.704475
-0.217531	-0.744298	0.631427
-0.443193	0.318614	0.837893
-0.0278703	-0.612045	0.790332
-0.11388	0.214598	0.970041
0.638504	0.0989606	0.763229
0.589631	0.379977	0.712708
-0.0522237	0.160047	0.985727
-0.0692556	-0.502016	0.862081
0.0699748	0.337592	0.938688
-0.439547	-0.294375	0.848612
0.65287	0.191062	0.732978
0.0308046	-0.453719	0.890612
0.307867	-0.32888	0.89278
-0.0186569	-0.156335	0.987528
-0.0709501	-0.127587	0.989286
-0.0912821	0.382959	0.919244
-0.65177	0.0230527	0.758066
-0.268914	0.444431	0.854498
0.214254	-0.21503	0.952816
0.0698437	-0.545143	0.835429
0.0216035	-0.710974	0.702886
-0.666805	-0.448778	0.594953
0.18238	-0.365148	0.91291
-0.871028	-0.491207	-0.00509439
-0.0352074	0.636393	0.770561
-0.268745	0.280189	0.921559
-0.420722	-0.433595	0.796862
-0.365971	0.704521	0.608043
0.225275	0.332569	0.915778
-0.378685	-0.22314	0.898224
0.195318	0.0873623	0.976841
0.0232136	0.000147217	0.999731
-0.340135	-0.423512	0.83961
-0.44883	0.362168	0.816937
0.347611	0.127772	0.928892
0.745635	0.15339	0.64846
-0.306578	0.119082	0.944367
0.105296	-0.27354	0.95608
0.088386	-0.697756	0.710862
-0.123528	-0.44776	0.88558
0.543269	-0.309456	0.780446
-0.720121	-0.0902379	0.687956
0.0603139	-0.830523	0.553709
0.512199	0.250449	0.82154
-0.504174	-0.2166	0.835998
-0.526234	-0.275023	0.804637
-0.0855384	-0.00693114	0.996311
0.589968	-0.429077	0.683981
0.437155	0.461915	0.771706
0.0254797	-0.785863	0.617876
0.156008	-0.448208	0.880211
0.39046	-0.00708189	0.920593
-0.108908	0.60509	0.788673
-0.220591	-0.510935	0.830834
-0.258379	0.225194	0.93943
-0.322595	-0.312724	0.893385
0.00973179	-0.614749	0.788662
0.201126	0.821205	0.534014
0.581947	-0.775886	0.243596
0.456644	-0.043265	0.888597
0.327874	-0.0434468	0.943722
0.238792	-0.30891	0.920626
-0.436034	-0.504526	0.745203
-0.471847	-0.305908	0.826911
0.0352625	0.626133	0.778918
0.00163175	-0.97873	0.205146
-0.0209857	-0.610166	0.791995
0.394391	0.441914	0.805709
-0.240045	-0.174618	0.954928
-0.510628	0.263285	0.818499
0.253111	0.434995	0.864127
0.850621	0.310066	0.42462
0.382271	0.458432	0.802315
-0.0142351	-0.38606	0.922364
0.164921	0.761901	0.626345
-0.0183965	0.185005	0.982565
-0.416114	-0.832029	0.366848
-0.671223	-0.064704	0.738427
-0.343512	-0.180112	0.921716
-0.523772	-0.587759	0.616606
-0.131266	-0.290923	0.947699
-0.546135	0.494053	0.676497
-0.275006	-0.460566	0.843949
-0.279537	-0.724398	0.630164
0.0537559	-0.625347	0.778493
-0.00975039	-0.00742314	0.999925
-0.467939	-0.214627	0.857303
0.288188	0.259341	0.921786
-0.377506	0.184147	0.907513
-0.273096	0.706345	0.653066
0.157025	-0.663272	0.731719
-0.191721	0.267507	0.94429
0.41286	-0.0204151	0.910566
-0.315529	-0.0328896	0.948346
-0.409634	0.611843	0.676645
-0.00317909	0.384701	0.923036
0.109665	-0.220427	0.969219
-0.369211	-0.453974	0.81092
0.216003	-0.268189	0.938838
-0.109881	-0.173175	0.978742
-0.628704	-0.295524	0.719303
0.522135	-0.204588	0.827961
0.0876045	-0.480182	0.872783
-0.497492	-0.334811	0.800252
-0.361136	-0.844852	0.394723
0.29553	-0.0526404	0.953882
0.538839	-0.50065	0.677497
0.866464	0.498285	0.0308757
-0.362721	0.273826	0.89076
-0.113681	-0.721836	0.682664
0.161805	0.733703	0.659923
-0.223066	0.216411	0.950478
0.442882	0.607926	0.659
-0.275331	-0.626335	0.729313
-0.248998	0.298874	0.921235
0.440187	-0.133133	0.887982
0.235135	0.100515	0.966752
-0.419216	-0.137099	0.897475
-0.650559	-0.441589	0.617877
0.145343	-0.0449392	0.98836
0.0822996	0.324469	0.942309
0.405588	-0.054698	0.912418
0.751726	0.0523305	0.657396
-0.0583111	0.102021	0.993072
0.542181	-0.0565873	0.838354
0.369864	-0.155432	0.915992
-0.264773	0.0312287	0.963805
0.197876	-0.307751	0.930663
-0.439864	0.266281	0.857679
0.166471	-0.157902	0.973321
-0.469255	0.0899395	0.878471
-0.297517	-0.950633	-0.0882021
0.347712	-0.218308	0.911832
0.715515	-0.137001	0.685032
-0.0531598	0.931475	0.3599
0.143427	0.368391	0.918541
-0.0771274	0.566036	0.820765
0.262608	0.83122	0.49001
0.34692	-0.850567	0.3952
0.081594	0.0300489	0.996213
0.231054	-0.537281	0.811137
-0.482459	-0.166187	0.860009
0.536984	0.717645	0.443435
-0.0775917	0.725166	0.684188
-0.036535	0.120209	0.992076
0.256999	-0.487178	0.834631
-0.0618169	-0.351092	0.934298
0.087596	0.287723	0.953699
-0.36394	0.346169	0.864705
0.181658	-0.491491	0.851726
0.24876	-0.24025	0.938295
0.493975	-0.135882	0.858793
0.181021	-0.0267854	0.983114
-0.0855191	0.330815	0.939813
0.157728	-0.109529	0.981389
-0.109378	-0.268498	0.95705
0.196227	0.566094	0.800645
-0.2562	0.0157719	0.966495
0.106383	-0.434566	0.894335
0.255509	0.341788	0.904376
0.668946	0.10029	0.736514
-0.254267	0.303104	0.91841
-0.651941	-0.513705	0.557745
0.0268701	0.759742	0.649669
-0.115116	-0.103778	0.987916
0.382549	-0.03531	0.92326
0.503793	0.379234	0.776128
-0.198823	0.294427	0.934763
-0.356818	0.437487	0.8254
-0.12741	-0.388298	0.912684
-0.0271795	-0.243899	0.96942
-0.114794	0.642137	0.757946
0.817356	0.360606	0.449324
0.600387	0.213061	0.770805
0.205562	0.713117	0.67023
-0.0732387	0.0225123	0.99706
0.117101	-0.492809	0.862222
-0.218758	-0.470614	0.854791
0.621175	-0.16401	0.766317
0.177225	-0.369252	0.912274
0.421708	-0.254631	0.870245
-0.776581	0.336736	0.532477
-0.582634	0.192791	0.789538
0.326861	0.128433	0.936305
0.829937	-0.187741	0.525317
-0.291182	-0.0440156	0.955654
-0.139903	-0.624426	0.768453
0.136319	-0.183913	0.973444
0.347596	-0.187615	0.918682
-0.388118	-0.0550899	0.919962
0.442299	0.873878	0.201764
-0.36352	0.290995	0.884972
0.160417	0.35509	0.920965
0.0987155	-0.884667	0.455653
-0.337159	0.254316	0.906447
0.113198	-0.288281	0.950831
-0.559228	-0.387557	0.732846
-0.115833	-0.508997	0.852939
-0.0916903	0.0235275	0.99551
0.174092	0.160757	0.971519
-0.229626	-0.495212	0.837877
0.306007	-0.905422	0.294227
0.0483852	-0.43524	0.899013
-0.50883	-0.484312	0.711712
-0.28594	-0.189653	0.939292
-0.206694	0.132698	0.969365
-0.184797	-0.228107	0.955938
-0.843827	-0.375175	0.383665
-0.502004	-0.451975	0.737367
0.82177	-0.0135158	0.569658
-0.0615823	-0.198618	0.97814
0.0649162	-0.430539	0.900235
-0.2296	0.250828	0.940409
-0.71228	-0.0140609	0.701754
-0.0293594	-0.001199	0.999568
0.289243	-0.777554	0.558344
0.250572	-0.214546	0.944025
0.188412	0.179359	0.965573
-0.0332902	0.722013	0.691078
0.517166	0.108264	0.84901
-0.451926	-0.245898	0.857495
0.213116	0.68639	0.695306
-0.0855528	0.118376	0.989276
0.252293	-0.203487	0.946013
-0.243867	-0.419255	0.874502
0.629013	-0.10755	0.769919
-0.632327	-0.261812	0.72912
0.0274196	-0.326612	0.944761
-0.609554	0.779005	-0.146952
0.493369	-0.0843333	0.865722
0.208765	-0.00295018	0.977961
-0.634884	-0.494661	0.593492
-0.189115	-0.0129384	0.98187
-0.197955	0.917536	0.344878
-0.0621974	-0.0642926	0.995991
0.432064	0.312798	0.84586
-0.0907571	-0.735579	0.671332
-0.861778	0.148288	0.485129
0.155421	0.636348	0.755583
-0.0419357	0.0673403	0.996848
0.434053	-0.0659362	0.898471
-0.920038	0.301879	0.249797
-0.570885	-0.791075	0.219752
-0.205766	0.512568	0.833627
0.533055	0.152197	0.832279
-0.504498	-0.371253	0.779521
-0.241536	-0.691707	-0.680589
-0.0455743	0.293904	0.954748
-0.168486	0.405003	0.898658
0.000855413	-0.970382	0.241575
-0.343078	-0.917899	-0.199397
0.444548	-0.205119	0.871954
0.19891	-0.518254	0.831774
-0.503557	-0.48844	0.712641
0.227918	0.0561356	0.972061
0.267216	-0.468223	0.842237
-0.480886	0.455316	0.74929
-0.87109	-0.399631	0.285479
-0.832813	-0.216682	0.509384
0.172341	0.192264	0.966092
0.184392	-0.14124	0.972652
-0.778321	-0.335792	0.530528
0.154201	-0.869017	0.470139
-0.961156	-0.118766	0.249146
-0.272569	0.0112868	0.96207
0.436568	0.496337	0.750372
-0.141103	0.51674	0.844434
-0.452934	0.405026	0.794232
-0.661739	0.420426	0.62076
0.213096	-0.251874	0.944007
0.434867	0.406981	0.803279
-0.658981	0.151873	0.736667
-0.0705314	0.410949	0.908926
0.542876	0.661326	0.517623
0.381609	0.227018	0.896012
0.602091	0.310715	0.735488
-0.546455	-0.206068	0.811741
-0.0331663	0.646765	0.761968
-0.0685719	-0.0304812	0.99718
-0.166092	0.791223	0.58854
0.811283	0.0612402	0.581437
-0.0108837	0.0451038	0.998923
-0.0555753	0.291761	0.954875
-0.809463	-0.37235	0.45401
0.110715	0.532448	0.839191
0.980732	-0.189461	0.0476388
-0.530855	0.349632	0.771978
-0.0714481	0.14649	0.986628
-0.227452	0.716643	0.659309
0.0365151	0.75259	0.657476
-0.358787	-0.139935	0.922871
-0.569318	-0.820822	-0.0461356
0.103223	0.814132	0.571432
-0.414013	0.605865	0.679353
-0.586039	-0.677121	0.445045
0.603683	-0.264936	0.751915
0.805575	-0.386021	0.449484
0.37563	-0.858792	0.348393
-0.0160012	0.887494	0.460542
-0.770319	-0.360783	0.52578
-0.424273	-0.394756	0.81496
0.0433551	0.753548	0.655962
-0.44835	0.376844	0.810537
-0.772704	0.629558	-0.0811499
-0.400531	0.691389	0.601295
0.00341877	0.530223	0.847851
0.225467	-0.217178	0.949736
-0.311321	0.554213	0.771963
-0.30434	-0.237564	0.922464
0.189946	-0.224029	0.955893
0.439304	-0.0278891	0.897905
0.555186	-0.475196	0.682611
-0.0943599	0.50734	0.856564
0.851119	-0.379184	0.363065
0.0739744	-0.246425	0.966334
-0.867562	0.461176	0.186152
-0.0875631	0.0597679	0.994364
-0.614949	-0.266624	0.742125
0.324401	-0.49169	-0.808087
-0.145256	0.583078	0.799325
-0.150969	-0.411316	0.898904
0.540192	0.561208	0.627087
0.199665	-0.190707	0.961127
0.663766	0.721441	0.197326
0.695953	-0.0670275	0.714952
-0.119877	0.782315	0.611239
-0.340619	0.770209	0.539218
0.284833	-0.887304	0.362714
0.318937	0.378654	0.86885
-0.145275	-0.170522	0.974586
0.470942	0.334589	0.816249
-0.353878	0.188208	0.91616
0.451568	0.891944	0.0228396
0.198656	0.413839	-0.88841
-0.329182	0.788343	0.519764
0.226324	0.675089	0.702163
-0.435533	0.251738	0.864256
0.491394	-0.792301	0.361649
-0.219118	0.348444	0.911358
-0.0570921	-0.0735732	0.995654
-0.00868457	0.338583	0.940896
-0.221958	0.0469136	0.973927
0.702732	-0.216987	0.677558
-0.0325118	-0.874217	0.484446
-0.0646401	-0.477537	0.876231
0.40655	-0.490222	0.770973
0.410452	0.440096	0.798652
0.355481	0.14404	0.923518
0.39417	0.455968	0.79795
0.369593	-0.5032	0.781148
-0.343164	-0.0961412	0.934342
-0.491226	0.0206916	0.870787
-0.196853	-0.281992	0.939004
-0.660791	-0.274392	0.698616
-0.117972	-0.91872	0.376877
0.262986	-0.956837	0.123695
0.123307	0.830756	0.542808
0.472745	0.839039	-0.269307
0.57509	0.504763	0.643805
0.575356	-0.0383557	0.817004
0.0302009	-0.995186	-0.0932319
0.00834657	-0.434244	0.900757
-0.0858385	0.982253	0.166765
0.929282	0.29809	-0.218121
0.842896	0.274053	0.463057
-0.464615	0.686986	0.558733
0.211711	-0.570926	0.793235
-0.194407	0.339029	0.92047
0.115008	0.73325	0.670162
0.714068	-0.521297	0.467287
0.577567	0.158463	0.800816
0.00844375	0.234349	0.972116
0.0878838	-0.662677	0.743731
0.0714114	0.40159	0.913031
0.326609	-0.192357	0.925378
-0.595146	-0.524726	0.608657
-0.103483	0.426836	0.898389
-0.664946	0.128263	0.735796
-0.556708	-0.104435	0.824118
0.0114178	-0.590753	0.806772
-0.567864	0.0897134	0.818219
0.126402	0.776974	0.616712
-0.745258	0.226828	0.627009
-0.525127	0.127603	0.841403
-0.466627	-0.151451	0.871391
-0.852193	-0.384644	0.354706
0.503159	-0.110011	0.857163
0.492115	0.198379	0.847625
0.29798	0.845873	0.442388
0.449392	-0.665682	0.595747
-0.0833551	-0.890644	0.446995
-0.0811221	-0.838036	0.53955
0.263844	-0.0629038	0.962512
0.444115	-0.200446	0.87326
0.904249	-0.427001	-0.00173541
0.711723	-0.180336	0.678918
0.0218123	-0.376286	0.926247
-0.577398	0.0143989	0.816336
0.625857	-0.15973	0.763407
0.676283	0.285863	0.678913
0.233085	0.0548213	0.97091
-0.323341	-0.537243	0.778987
-0.751781	0.314748	0.579448
-0.0568409	-0.0707062	0.995876
0.626579	0.117796	0.770405
-0.149609	-0.241677	0.958754
-0.584261	-0.581793	0.565824
0.234185	-0.0250437	0.971869
0.84417	0.00847941	0.536008
-0.531335	-0.487762	0.692656
0.649891	0.326395	0.686373
-0.169288	-0.607968	0.775704
0.471102	0.0011964	0.882078
0.860279	-0.00313162	0.509814
0.0271615	-0.794322	0.60689
-0.251644	0.188417	0.949302
-0.0679128	-0.00567264	0.997675
0.180923	0.100582	0.97834
-0.211954	-0.0165228	0.97714
-0.739854	0.553987	0.381727
0.124869	-0.822943	0.554231
0.657492	-0.00440818	0.753449
0.580321	-0.21288	0.786072
0.00145576	0.668785	0.743455
-0.610417	0.73091	0.305225
0.268996	-0.673879	0.688133
0.66647	-0.0184847	0.745303
0.21811	-0.35569	0.908798
0.0367749	-0.679905	0.732378
-0.117095	0.632212	0.765896
-0.808578	-0.0648817	0.584801
0.291491	-0.109924	0.950237
-0.162028	-0.644535	0.74721
-0.652066	-0.372013	0.660618
-0.221153	0.082261	0.971764
-0.870411	-0.49027	-0.0449349
-0.0405617	-0.505567	0.861834
0.346035	-0.92427	-0.1612
0.185938	0.613116	0.767799
-0.620652	0.518804	0.587906
-0.971831	0.0103868	0.235449
0.848486	0.133308	0.512153
0.400314	-0.39173	0.82843
-0.460982	-0.267836	0.846025
0.384753	-0.133358	0.913335
0.0794701	0.15967	0.983966
0.663812	0.718889	0.206281
0.124261	-0.686959	0.715993
-0.218179	-0.300588	0.928464
-0.239771	0.351431	0.90499
0.564452	0.389892	0.727584
0.132325	-0.145265	0.980504
0.614526	-0.788154	0.0342275
0.895887	0.111521	0.430057
-0.251639	0.147504	0.956515
0.571104	-0.0604553	0.818648
0.442077	-0.267056	0.856299
0.21344	-0.409417	0.88703
0.670428	-0.414893	0.615134
-0.668026	-0.0820936	0.739596
-0.0934518	0.0486932	0.994432
0.379943	0.363014	0.850802
0.0191304	-0.810479	0.585456
0.122593	-0.345053	0.930543
0.0586201	-0.49891	0.864669
-0.177223	0.115717	0.977344
0.185688	0.163642	0.968887
0.49465	-0.188552	0.848392
0.406047	-0.91385	0.00193823
-0.732341	0.0627311	0.678042
0.279932	0.117471	0.952806
0.185188	0.965646	0.182299
-0.796499	-0.452299	-0.401266
0.0143871	-0.338062	0.941014
0.0955861	0.104922	0.989876
0.031184	-0.852363	0.522021
0.628364	0.697564	0.344331
-0.525991	-0.337889	0.78049
-0.28026	-0.844788	0.455838
0.986813	-0.150277	-0.0601434
-0.212157	0.876948	0.43122
0.485929	0.136519	0.86327
-0.711238	0.101328	0.69561
-0.0754192	0.0711064	0.994613
0.773187	-0.313524	0.551258
-0.123091	-0.116961	0.985479
-0.192949	0.0727014	0.978512
0.445635	0.599993	0.664393
0.4731	0.87266	0.121003
-0.0978378	-0.132347	0.986363
0.226051	0.82613	0.51615
-0.0391495	-0.876062	0.480606
-0.454849	-0.227381	0.861052
0.020487	-0.446013	0.894792
0.792994	-0.302988	0.528544
0.275857	-0.288774	0.916795
-0.313808	-0.00105632	0.949486
-0.00606101	-0.611677	0.791085
-0.0370553	-0.642858	0.765088
-0.737074	0.0944347	0.669181
0.00946148	0.795192	0.606284
0.522252	0.0197679	0.852562
0.119437	0.608375	0.784611
0.611409	-0.355534	0.706947
-0.290534	-0.760742	0.580398
-0.411257	-0.246114	0.877665
-0.375676	-0.7839	0.494337
-0.0444653	0.218642	0.974792
0.832615	0.102759	0.544236
0.525149	0.157992	0.836216
-0.33651	-0.816143	0.469757
-0.607412	-0.574031	0.549126
-0.510717	0.244626	0.824213
0.680231	-0.414239	0.604724
-0.115486	-0.510283	0.852217
-0.314435	-0.428716	0.846955
-0.148167	0.184717	0.971559
0.704861	-0.307893	0.639041
0.255668	-0.166576	0.952306
0.290692	-0.380093	0.878082
-0.0893692	-0.30784	0.947231
-0.0426227	-0.231463	0.971909
-0.00254601	0.0696933	0.997565
0.173997	0.551401	0.815893
0.215044	-0.00448722	0.976594
0.871813	-0.488972	0.0291203
-0.143248	-0.191088	0.971064
-0.412064	-0.402233	0.817565
0.32244	0.505168	0.800524
-0.327333	-0.94472	-0.018899
0.0730131	0.402133	0.912665
-0.380079	-0.31452	0.869837
-0.535294	-0.800193	0.270467
0.684412	-0.395586	0.612447
-0.447129	-0.24792	0.859425
-0.298025	-0.795602	0.527445
0.963174	0.256383	-0.0810178
0.883589	-0.175397	0.434172
-0.0611756	0.0118789	0.998056
0.184277	-0.682006	0.70775
-0.644033	-0.129516	0.753954
0.130547	-0.680736	0.720803
-0.270726	0.02998	0.962189
0.00700351	-0.190755	0.981613
-0.0407688	-0.715508	0.697414
-0.452266	-0.414368	0.789782
-0.40951	-0.649609	0.640554
0.198948	0.433283	0.879025
-0.834025	-0.283692	0.473204
-0.375809	-0.360098	0.853872
0.0695156	0.0669345	0.995333
0.0312553	0.311344	0.949783
-0.217629	-0.384667	0.897034
0.750216	0.380646	0.540633
0.0932029	-0.574772	0.812988
-0.270263	-0.128174	0.954217
0.782504	-0.148952	0.604566
0.262009	0.855999	0.445664
0.193364	0.424967	0.884315
-0.0038312	0.0103138	0.999939
0.209922	-0.222281	0.952116
-0.18573	-0.289694	0.938926
0.12375	0.861226	0.492926
0.26103	0.182797	0.947865
-0.412053	0.38161	0.827398
-0.111709	-0.87325	0.474294
-0.623627	-0.256163	0.73856
0.369876	-0.308808	0.876259
-0.11683	-0.154723	0.981026
0.32295	0.433214	0.841444
-0.8005	-0.598917	0.0223242
-0.276535	-0.41249	0.867975
-0.601141	0.174207	0.779924
-0.143654	0.783374	0.604722
0.649347	0.19845	0.734143
0.0239904	0.920682	0.389577
0.251623	-0.46123	0.850854
0.0312944	-0.551646	0.833491
0.168478	-0.0413012	0.98484
0.349179	-0.148903	0.92515
-0.362947	-0.261233	0.894442
-0.149209	-0.186833	0.970994
0.756421	0.649116	0.0804715
0.254746	0.64285	0.722391
-0.438876	0.167003	0.882892
-0.301806	0.353415	0.885444
-0.0492259	-0.45225	0.890532
-0.476879	-0.61156	0.631332
0.141412	-0.0256814	0.989618
0.512709	-0.131989	0.848356
0.0428491	0.119329	0.99193
-0.113738	-0.286071	0.951434
-0.312051	0.595695	0.740116
0.738505	-0.17345	0.651557
0.371539	-0.307658	0.87596
0.182854	-0.219176	0.958398
-0.0807858	-0.288492	0.954068
-0.446784	0.618142	0.64675
-0.104843	0.265934	0.958273
0.653191	-0.420282	0.629845
0.848884	0.263227	0.458375
0.401008	-0.0368443	0.915333
0.0850732	-0.197866	0.97653
-0.26853	0.394667	0.878709
0.328319	-0.359371	0.873532
0.256966	0.102537	0.960965
0.386496	0.0758052	0.919171
-0.470333	-0.271636	0.839643
-0.545859	-0.456725	0.702453
0.0489663	-0.548326	0.83483
-0.123332	-0.622889	0.772528
0.0720727	0.232118	0.970014
-0.359871	0.0759367	0.929907
0.00888156	-0.404154	0.914648
0.0179813	-0.91164	0.410597
-0.839193	0.465778	0.280724
-0.0590095	-0.962208	0.265845
0.0994027	-0.00923823	0.995004
-0.350752	0.610542	0.710079
-0.0715333	-0.545705	0.834918
0.392638	-0.52842	0.752733
0.156069	-0.174593	0.972193
-0.0485518	0.0357359	0.998181
-0.0425481	-0.23362	0.971397
0.502395	0.85986	-0.0907714
