3400
0.165768	-0.109891	0.980023
0.165764	-0.109894	0.980023
0.165766	-0.109893	0.980023
0.165774	-0.10989	0.980022
0.165771	-0.109892	0.980022
0.165775	-0.10989	0.980022
0.165798	-0.109878	0.980019
0.165795	-0.109879	0.98002
0.165797	-0.109879	0.980019
0.165804	-0.109873	0.980019
0.165802	-0.109876	0.980019
0.165806	-0.109874	0.980018
0.165825	-0.109851	0.980018
0.165821	-0.10985	0.980018
0.165824	-0.109851	0.980018
0.165829	-0.109844	0.980018
0.165828	-0.109848	0.980018
0.165831	-0.109844	0.980018
0.16584	-0.109819	0.980019
0.165834	-0.109818	0.98002
0.165837	-0.109819	0.980019
0.165839	-0.109814	0.98002
0.16584	-0.109816	0.980019
0.165841	-0.109814	0.980019
0.165835	-0.109796	0.980022
0.165827	-0.109796	0.980024
0.165831	-0.109796	0.980023
0.165831	-0.109794	0.980023
0.165833	-0.109794	0.980023
0.165833	-0.109793	0.980023
0.165814	-0.109789	0.980027
0.165804	-0.109792	0.980028
0.165809	-0.109791	0.980027
0.165807	-0.109792	0.980028
0.16581	-0.10979	0.980027
0.165808	-0.109791	0.980027
0.165784	-0.109802	0.98003
0.165773	-0.109807	0.980032
0.165778	-0.109805	0.980031
0.165777	-0.109808	0.980031
0.165779	-0.109806	0.980031
0.165778	-0.109808	0.980031
0.165756	-0.109829	0.980032
0.165746	-0.109836	0.980033
0.165751	-0.109833	0.980032
0.165752	-0.109837	0.980032
0.165753	-0.109835	0.980032
0.165752	-0.109837	0.980032
0.165742	-0.109861	0.980031
0.165734	-0.109868	0.980031
0.165738	-0.109865	0.980031
0.165741	-0.109867	0.98003
0.165741	-0.109866	0.98003
0.165742	-0.109868	0.98003
0.165746	-0.109884	0.980027
0.16574	-0.10989	0.980028
0.165744	-0.109888	0.980027
0.16575	-0.109887	0.980026
0.165747	-0.109888	0.980027
0.165751	-0.109888	0.980026
0.165805	-0.10988	0.980018
0.165804	-0.109882	0.980018
0.165805	-0.109881	0.980018
0.165811	-0.109878	0.980017
0.165807	-0.109881	0.980017
0.165812	-0.109879	0.980017
0.165835	-0.109867	0.980014
0.165835	-0.109867	0.980014
0.165835	-0.109867	0.980014
0.165841	-0.109862	0.980014
0.165838	-0.109865	0.980014
0.165843	-0.109863	0.980013
0.165863	-0.10984	0.980013
0.165862	-0.109838	0.980013
0.165862	-0.109839	0.980013
0.165866	-0.109833	0.980013
0.165865	-0.109837	0.980013
0.165868	-0.109833	0.980012
0.165877	-0.109808	0.980014
0.165874	-0.109806	0.980014
0.165876	-0.109807	0.980014
0.165876	-0.109803	0.980014
0.165877	-0.109805	0.980014
0.165878	-0.109803	0.980014
0.165873	-0.109785	0.980017
0.165867	-0.109784	0.980018
0.16587	-0.109785	0.980018
0.165868	-0.109783	0.980018
0.16587	-0.109784	0.980018
0.16587	-0.109782	0.980018
0.165851	-0.109778	0.980021
0.165844	-0.10978	0.980023
0.165848	-0.109779	0.980022
0.165844	-0.109781	0.980022
0.165846	-0.10978	0.980022
0.165845	-0.10978	0.980022
0.165821	-0.109791	0.980025
0.165813	-0.109795	0.980026
0.165817	-0.109794	0.980026
0.165814	-0.109797	0.980026
0.165816	-0.109795	0.980026
0.165815	-0.109797	0.980026
0.165794	-0.109818	0.980027
0.165786	-0.109824	0.980027
0.16579	-0.109822	0.980027
0.165789	-0.109826	0.980027
0.165789	-0.109824	0.980027
0.165789	-0.109827	0.980027
0.165779	-0.10985	0.980026
0.165774	-0.109855	0.980026
0.165777	-0.109853	0.980026
0.165779	-0.109856	0.980025
0.165777	-0.109855	0.980025
0.165779	-0.109857	0.980025
0.165783	-0.109873	0.980022
0.165781	-0.109878	0.980022
0.165782	-0.109876	0.980022
0.165787	-0.109876	0.980021
0.165784	-0.109877	0.980022
0.165788	-0.109877	0.980021
0.165807	-0.109881	0.980017
0.165811	-0.109881	0.980017
0.16581	-0.109881	0.980017
0.165814	-0.109879	0.980017
0.165809	-0.109882	0.980017
0.165814	-0.10988	0.980016
0.165837	-0.109868	0.980014
0.165842	-0.109866	0.980013
0.16584	-0.109867	0.980013
0.165844	-0.109863	0.980013
0.16584	-0.109866	0.980013
0.165845	-0.109864	0.980013
0.165865	-0.109841	0.980012
0.165869	-0.109837	0.980012
0.165867	-0.109839	0.980012
0.165869	-0.109834	0.980012
0.165867	-0.109838	0.980012
0.16587	-0.109834	0.980012
0.165879	-0.109809	0.980013
0.165881	-0.109806	0.980013
0.16588	-0.109808	0.980013
0.165879	-0.109804	0.980014
0.165879	-0.109807	0.980014
0.16588	-0.109804	0.980014
0.165875	-0.109786	0.980017
0.165875	-0.109784	0.980017
0.165875	-0.109785	0.980017
0.165871	-0.109784	0.980018
0.165872	-0.109785	0.980017
0.165872	-0.109784	0.980017
0.165854	-0.10978	0.980021
0.165851	-0.109779	0.980021
0.165852	-0.10978	0.980021
0.165847	-0.109782	0.980022
0.165849	-0.109781	0.980022
0.165847	-0.109782	0.980022
0.165824	-0.109792	0.980025
0.16582	-0.109795	0.980025
0.165822	-0.109794	0.980025
0.165817	-0.109798	0.980025
0.165818	-0.109796	0.980025
0.165817	-0.109798	0.980025
0.165796	-0.109819	0.980026
0.165793	-0.109823	0.980026
0.165795	-0.109822	0.980026
0.165792	-0.109827	0.980026
0.165791	-0.109825	0.980026
0.165791	-0.109828	0.980026
0.165782	-0.109851	0.980025
0.165781	-0.109855	0.980025
0.165781	-0.109853	0.980025
0.165782	-0.109857	0.980024
0.165779	-0.109856	0.980025
0.165781	-0.109858	0.980024
0.165786	-0.109874	0.980022
0.165788	-0.109877	0.980021
0.165787	-0.109876	0.980021
0.16579	-0.109877	0.980021
0.165786	-0.109878	0.980021
0.16579	-0.109878	0.980021
0.165774	-0.109893	0.980022
0.165782	-0.109892	0.98002
0.165779	-0.109893	0.980021
0.165781	-0.109892	0.980021
0.165777	-0.109894	0.980021
0.16578	-0.109893	0.980021
0.165804	-0.109881	0.980018
0.165813	-0.109877	0.980017
0.165809	-0.109879	0.980017
0.165812	-0.109875	0.980017
0.165808	-0.109879	0.980018
0.165811	-0.109876	0.980017
0.165832	-0.109854	0.980016
0.16584	-0.109848	0.980015
0.165836	-0.109851	0.980016
0.165837	-0.109846	0.980016
0.165834	-0.10985	0.980016
0.165837	-0.109847	0.980016
0.165846	-0.109822	0.980017
0.165853	-0.109817	0.980017
0.16585	-0.10982	0.980017
0.165847	-0.109816	0.980018
0.165846	-0.109819	0.980018
0.165847	-0.109817	0.980018
0.165842	-0.109799	0.980021
0.165846	-0.109795	0.98002
0.165844	-0.109797	0.980021
0.165838	-0.109797	0.980022
0.165839	-0.109798	0.980021
0.165838	-0.109797	0.980022
0.165821	-0.109792	0.980025
0.165823	-0.109791	0.980025
0.165821	-0.109792	0.980025
0.165815	-0.109794	0.980026
0.165816	-0.109794	0.980026
0.165814	-0.109795	0.980026
0.16579	-0.109805	0.980029
0.165792	-0.109806	0.980028
0.165791	-0.109806	0.980029
0.165784	-0.109811	0.980029
0.165785	-0.109809	0.980029
0.165783	-0.109811	0.980029
0.165763	-0.109832	0.98003
0.165765	-0.109835	0.98003
0.165764	-0.109834	0.98003
0.165759	-0.10984	0.98003
0.165758	-0.109838	0.980031
0.165758	-0.109841	0.98003
0.165748	-0.109863	0.980029
0.165752	-0.109866	0.980028
0.16575	-0.109865	0.980029
0.165749	-0.10987	0.980029
0.165746	-0.109869	0.980029
0.165747	-0.109871	0.980029
0.165753	-0.109887	0.980026
0.165759	-0.109888	0.980025
0.165756	-0.109888	0.980025
0.165757	-0.109889	0.980025
0.165753	-0.10989	0.980025
0.165756	-0.109891	0.980025
0.165718	-0.109913	0.980029
0.165729	-0.109911	0.980027
0.165724	-0.109912	0.980028
0.165726	-0.109911	0.980028
0.165721	-0.109914	0.980028
0.165724	-0.109913	0.980028
0.165748	-0.1099	0.980025
0.16576	-0.109896	0.980024
0.165754	-0.109898	0.980024
0.165756	-0.109895	0.980025
0.165752	-0.109898	0.980025
0.165755	-0.109896	0.980025
0.165776	-0.109873	0.980024
0.165787	-0.109867	0.980022
0.165782	-0.10987	0.980023
0.165781	-0.109866	0.980024
0.165779	-0.10987	0.980023
0.16578	-0.109867	0.980024
0.16579	-0.109842	0.980025
0.165799	-0.109836	0.980024
0.165795	-0.109839	0.980024
0.165791	-0.109836	0.980025
0.165791	-0.109838	0.980025
0.165791	-0.109836	0.980025
0.165786	-0.109818	0.980028
0.165792	-0.109814	0.980027
0.165789	-0.109816	0.980028
0.165783	-0.109816	0.980029
0.165784	-0.109817	0.980029
0.165782	-0.109816	0.980029
0.165765	-0.109812	0.980032
0.165769	-0.10981	0.980032
0.165766	-0.109811	0.980032
0.165759	-0.109814	0.980033
0.165761	-0.109813	0.980033
0.165757	-0.109814	0.980033
0.165734	-0.109825	0.980036
0.165738	-0.109825	0.980035
0.165736	-0.109825	0.980036
0.165729	-0.10983	0.980036
0.16573	-0.109828	0.980036
0.165727	-0.109831	0.980037
0.165707	-0.109852	0.980038
0.165711	-0.109854	0.980037
0.165709	-0.109853	0.980037
0.165703	-0.109859	0.980037
0.165703	-0.109857	0.980038
0.165701	-0.10986	0.980038
0.165692	-0.109883	0.980037
0.165699	-0.109885	0.980035
0.165695	-0.109885	0.980036
0.165693	-0.109889	0.980036
0.165691	-0.109888	0.980036
0.165691	-0.109891	0.980036
0.165697	-0.109906	0.980033
0.165706	-0.109907	0.980032
0.165701	-0.109907	0.980032
0.165702	-0.109909	0.980032
0.165698	-0.10991	0.980033
0.1657	-0.109911	0.980032
0.165661	-0.109932	0.980036
0.165671	-0.10993	0.980035
0.165666	-0.109932	0.980036
0.165668	-0.10993	0.980035
0.165665	-0.109932	0.980036
0.165666	-0.109932	0.980036
0.165691	-0.109919	0.980033
0.165702	-0.109915	0.980031
0.165697	-0.109917	0.980032
0.165698	-0.109914	0.980032
0.165696	-0.109917	0.980032
0.165697	-0.109915	0.980032
0.165719	-0.109892	0.980031
0.165729	-0.109886	0.98003
0.165724	-0.109889	0.980031
0.165723	-0.109885	0.980031
0.165722	-0.109888	0.980031
0.165723	-0.109886	0.980031
0.165733	-0.109861	0.980032
0.165741	-0.109855	0.980031
0.165737	-0.109858	0.980032
0.165734	-0.109855	0.980033
0.165734	-0.109857	0.980032
0.165733	-0.109855	0.980033
0.165729	-0.109837	0.980036
0.165735	-0.109833	0.980035
0.165731	-0.109835	0.980035
0.165725	-0.109835	0.980036
0.165728	-0.109835	0.980036
0.165724	-0.109835	0.980037
0.165707	-0.109831	0.98004
0.165711	-0.109829	0.98004
0.165709	-0.10983	0.98004
0.165701	-0.109833	0.980041
0.165704	-0.109831	0.98004
0.1657	-0.109833	0.980041
0.165677	-0.109843	0.980044
0.16568	-0.109844	0.980043
0.165678	-0.109844	0.980043
0.165671	-0.109849	0.980044
0.165673	-0.109847	0.980044
0.165669	-0.10985	0.980044
0.165649	-0.109871	0.980045
0.165653	-0.109873	0.980044
0.165651	-0.109872	0.980045
0.165646	-0.109878	0.980045
0.165646	-0.109875	0.980045
0.165644	-0.109879	0.980045
0.165635	-0.109902	0.980044
0.165641	-0.109904	0.980043
0.165638	-0.109904	0.980044
0.165636	-0.109908	0.980043
0.165634	-0.109906	0.980044
0.165633	-0.10991	0.980044
0.165639	-0.109925	0.980041
0.165648	-0.109926	0.980039
0.165643	-0.109926	0.98004
0.165644	-0.109928	0.98004
0.165641	-0.109928	0.98004
0.165642	-0.10993	0.98004
0.165624	-0.109943	0.980041
0.165631	-0.109943	0.98004
0.165627	-0.109943	0.980041
0.165631	-0.109941	0.98004
0.165628	-0.109943	0.980041
0.165629	-0.109943	0.980041
0.165654	-0.10993	0.980038
0.165662	-0.109928	0.980037
0.165658	-0.109929	0.980037
0.165661	-0.109925	0.980037
0.165659	-0.109928	0.980037
0.16566	-0.109926	0.980037
0.165682	-0.109903	0.980036
0.165689	-0.109899	0.980035
0.165685	-0.109901	0.980036
0.165686	-0.109896	0.980036
0.165686	-0.109899	0.980036
0.165686	-0.109897	0.980036
0.165696	-0.109872	0.980037
0.165701	-0.109867	0.980037
0.165698	-0.10987	0.980037
0.165696	-0.109866	0.980038
0.165698	-0.109868	0.980037
0.165696	-0.109866	0.980038
0.165692	-0.109848	0.980041
0.165694	-0.109845	0.980041
0.165693	-0.109847	0.980041
0.165688	-0.109846	0.980042
0.165691	-0.109846	0.980041
0.165687	-0.109846	0.980042
0.16567	-0.109842	0.980045
0.165671	-0.109841	0.980045
0.16567	-0.109842	0.980045
0.165664	-0.109844	0.980046
0.165668	-0.109842	0.980045
0.165663	-0.109844	0.980046
0.16564	-0.109854	0.980049
0.16564	-0.109856	0.980049
0.165639	-0.109856	0.980049
0.165634	-0.10986	0.980049
0.165637	-0.109857	0.980049
0.165632	-0.109861	0.980049
0.165612	-0.109882	0.98005
0.165613	-0.109885	0.98005
0.165612	-0.109884	0.98005
0.165609	-0.109889	0.98005
0.16561	-0.109886	0.98005
0.165607	-0.10989	0.98005
0.165598	-0.109913	0.980049
0.165601	-0.109916	0.980048
0.165599	-0.109915	0.980049
0.165598	-0.109919	0.980048
0.165598	-0.109917	0.980049
0.165596	-0.109921	0.980049
0.165602	-0.109936	0.980046
0.165607	-0.109938	0.980045
0.165605	-0.109938	0.980045
0.165607	-0.109939	0.980045
0.165605	-0.109939	0.980045
0.165605	-0.109941	0.980045
0.165621	-0.109942	0.980042
0.165624	-0.109943	0.980041
0.165623	-0.109943	0.980042
0.165628	-0.109941	0.980041
0.165626	-0.109942	0.980041
0.165627	-0.109942	0.980041
0.165651	-0.109929	0.980038
0.165655	-0.109928	0.980038
0.165653	-0.109929	0.980038
0.165658	-0.109924	0.980038
0.165657	-0.109927	0.980038
0.165658	-0.109925	0.980038
0.165679	-0.109902	0.980037
0.165681	-0.109899	0.980037
0.16568	-0.109901	0.980037
0.165683	-0.109895	0.980037
0.165684	-0.109898	0.980036
0.165684	-0.109896	0.980037
0.165693	-0.109871	0.980038
0.165694	-0.109868	0.980038
0.165694	-0.109869	0.980038
0.165693	-0.109865	0.980038
0.165696	-0.109867	0.980038
0.165694	-0.109865	0.980038
0.165689	-0.109847	0.980041
0.165687	-0.109846	0.980042
0.165688	-0.109847	0.980041
0.165685	-0.109845	0.980042
0.165689	-0.109845	0.980042
0.165685	-0.109845	0.980042
0.165668	-0.10984	0.980046
0.165664	-0.109841	0.980046
0.165665	-0.109841	0.980046
0.165661	-0.109843	0.980046
0.165665	-0.109841	0.980046
0.165661	-0.109843	0.980046
0.165637	-0.109853	0.980049
0.165633	-0.109856	0.98005
0.165635	-0.109855	0.980049
0.165631	-0.109859	0.98005
0.165634	-0.109856	0.980049
0.16563	-0.109859	0.98005
0.16561	-0.10988	0.980051
0.165606	-0.109885	0.980051
0.165607	-0.109884	0.980051
0.165606	-0.109888	0.980051
0.165608	-0.109885	0.980051
0.165605	-0.109889	0.980051
0.165595	-0.109912	0.98005
0.165593	-0.109917	0.98005
0.165594	-0.109915	0.98005
0.165595	-0.109918	0.980049
0.165596	-0.109916	0.980049
0.165594	-0.10992	0.980049
0.1656	-0.109935	0.980046
0.1656	-0.109939	0.980046
0.1656	-0.109938	0.980046
0.165604	-0.109938	0.980045
0.165603	-0.109938	0.980046
0.165603	-0.10994	0.980045
0.165654	-0.10993	0.980038
0.165652	-0.109932	0.980038
0.165654	-0.109931	0.980038
0.16566	-0.109928	0.980037
0.165659	-0.10993	0.980037
0.165661	-0.109929	0.980037
0.165684	-0.109917	0.980034
0.165683	-0.109917	0.980034
0.165684	-0.109917	0.980034
0.165691	-0.109912	0.980034
0.16569	-0.109914	0.980034
0.165692	-0.109912	0.980033
0.165712	-0.109889	0.980033
0.16571	-0.109888	0.980033
0.165711	-0.109889	0.980033
0.165716	-0.109883	0.980033
0.165716	-0.109886	0.980032
0.165717	-0.109883	0.980032
0.165726	-0.109858	0.980034
0.165722	-0.109856	0.980035
0.165724	-0.109857	0.980034
0.165726	-0.109852	0.980034
0.165728	-0.109854	0.980034
0.165727	-0.109852	0.980034
0.165722	-0.109834	0.980037
0.165716	-0.109834	0.980038
0.165719	-0.109834	0.980038
0.165717	-0.109832	0.980038
0.165721	-0.109832	0.980037
0.165719	-0.109832	0.980038
0.165701	-0.109828	0.980041
0.165692	-0.10983	0.980043
0.165696	-0.109829	0.980042
0.165694	-0.10983	0.980042
0.165698	-0.109828	0.980042
0.165694	-0.10983	0.980042
0.16567	-0.10984	0.980045
0.165661	-0.109845	0.980046
0.165666	-0.109843	0.980046
0.165663	-0.109846	0.980046
0.165667	-0.109843	0.980045
0.165664	-0.109846	0.980046
0.165643	-0.109868	0.980047
0.165634	-0.109874	0.980047
0.165638	-0.109871	0.980047
0.165638	-0.109875	0.980047
0.165641	-0.109872	0.980047
0.165638	-0.109876	0.980047
0.165629	-0.109899	0.980046
0.165622	-0.109906	0.980046
0.165625	-0.109903	0.980046
0.165628	-0.109906	0.980045
0.165629	-0.109904	0.980045
0.165628	-0.109907	0.980045
0.165633	-0.109923	0.980042
0.165629	-0.109928	0.980042
0.165631	-0.109926	0.980042
0.165636	-0.109926	0.980041
0.165636	-0.109926	0.980041
0.165637	-0.109927	0.980041
0.16571	-0.10991	0.980031
0.165706	-0.109913	0.980031
0.165708	-0.109912	0.980031
0.165716	-0.109909	0.98003
0.165714	-0.109911	0.98003
0.165717	-0.10991	0.980029
0.16574	-0.109897	0.980027
0.165737	-0.109898	0.980027
0.165739	-0.109898	0.980027
0.165746	-0.109892	0.980026
0.165745	-0.109895	0.980026
0.165748	-0.109893	0.980026
0.165768	-0.10987	0.980025
0.165764	-0.109869	0.980026
0.165766	-0.10987	0.980026
0.165771	-0.109863	0.980025
0.165772	-0.109866	0.980025
0.165773	-0.109863	0.980025
0.165782	-0.109838	0.980026
0.165776	-0.109838	0.980028
0.165779	-0.109838	0.980027
0.165782	-0.109833	0.980027
0.165784	-0.109835	0.980027
0.165784	-0.109832	0.980027
0.165778	-0.109815	0.98003
0.165769	-0.109815	0.980031
0.165774	-0.109815	0.98003
0.165773	-0.109813	0.980031
0.165777	-0.109813	0.98003
0.165775	-0.109812	0.980031
0.165757	-0.109808	0.980034
0.165746	-0.109811	0.980036
0.165751	-0.10981	0.980035
0.165749	-0.109811	0.980035
0.165753	-0.109809	0.980035
0.165751	-0.10981	0.980035
0.165726	-0.109821	0.980038
0.165715	-0.109826	0.980039
0.16572	-0.109824	0.980038
0.165719	-0.109827	0.980038
0.165722	-0.109824	0.980038
0.16572	-0.109827	0.980038
0.165699	-0.109848	0.980039
0.165688	-0.109855	0.98004
0.165693	-0.109852	0.98004
0.165694	-0.109856	0.980039
0.165696	-0.109853	0.980039
0.165695	-0.109856	0.980039
0.165685	-0.10988	0.980038
0.165676	-0.109887	0.980039
0.16568	-0.109884	0.980039
0.165684	-0.109886	0.980038
0.165684	-0.109885	0.980038
0.165684	-0.109887	0.980038
0.165689	-0.109903	0.980035
0.165682	-0.109909	0.980035
0.165686	-0.109907	0.980035
0.165692	-0.109906	0.980034
0.165691	-0.109906	0.980034
0.165693	-0.109907	0.980034
0.165763	-0.109906	0.980022
0.165758	-0.109909	0.980023
0.165759	-0.109909	0.980022
0.165766	-0.109904	0.980022
0.165765	-0.109907	0.980022
0.165769	-0.109906	0.980021
0.165792	-0.109895	0.980018
0.165788	-0.109896	0.980019
0.165789	-0.109897	0.980019
0.165796	-0.109891	0.980018
0.165795	-0.109894	0.980018
0.165799	-0.109891	0.980018
0.16582	-0.109869	0.980017
0.165815	-0.109869	0.980017
0.165817	-0.109869	0.980017
0.165822	-0.109864	0.980017
0.165822	-0.109866	0.980017
0.165825	-0.109862	0.980016
0.165836	-0.109838	0.980017
0.16583	-0.109837	0.980018
0.165831	-0.109838	0.980018
0.165836	-0.109833	0.980018
0.165836	-0.109834	0.980018
0.165837	-0.109832	0.980018
0.165833	-0.109813	0.980021
0.165826	-0.109814	0.980022
0.165827	-0.109814	0.980022
0.165831	-0.109811	0.980021
0.165831	-0.109811	0.980021
0.165831	-0.10981	0.980021
0.165814	-0.109805	0.980025
0.165804	-0.109807	0.980026
0.165806	-0.109807	0.980026
0.16581	-0.109805	0.980025
0.165809	-0.109806	0.980026
0.165808	-0.109806	0.980026
0.165784	-0.109816	0.980029
0.165774	-0.10982	0.98003
0.165776	-0.10982	0.98003
0.16578	-0.109819	0.980029
0.165779	-0.109819	0.980029
0.165778	-0.109821	0.980029
0.165757	-0.109842	0.98003
0.165747	-0.109847	0.980031
0.165748	-0.109847	0.980031
0.165754	-0.109846	0.98003
0.165751	-0.109847	0.980031
0.165752	-0.10985	0.98003
0.165741	-0.109873	0.98003
0.165732	-0.109879	0.98003
0.165734	-0.109879	0.98003
0.16574	-0.109876	0.980029
0.165738	-0.109878	0.980029
0.16574	-0.10988	0.980029
0.165743	-0.109898	0.980026
0.165736	-0.109902	0.980027
0.165738	-0.109902	0.980027
0.165745	-0.109899	0.980026
0.165743	-0.109901	0.980026
0.165746	-0.109902	0.980025
0.165802	-0.109894	0.980017
0.165799	-0.109896	0.980017
0.1658	-0.109896	0.980017
0.165805	-0.109893	0.980017
0.165803	-0.109895	0.980017
0.165808	-0.109894	0.980016
0.165832	-0.109883	0.980013
0.16583	-0.109883	0.980013
0.165831	-0.109884	0.980013
0.165834	-0.109879	0.980013
0.165833	-0.109882	0.980013
0.165838	-0.109879	0.980012
0.165859	-0.109857	0.980011
0.165857	-0.109856	0.980012
0.165858	-0.109856	0.980012
0.165861	-0.109852	0.980012
0.16586	-0.109854	0.980011
0.165865	-0.109851	0.980011
0.165875	-0.109826	0.980012
0.165872	-0.109824	0.980013
0.165873	-0.109825	0.980013
0.165874	-0.109822	0.980013
0.165874	-0.109823	0.980013
0.165876	-0.10982	0.980013
0.165873	-0.109802	0.980015
0.165868	-0.109801	0.980016
0.165869	-0.109801	0.980016
0.16587	-0.1098	0.980016
0.165869	-0.1098	0.980016
0.16587	-0.109799	0.980016
0.165853	-0.109793	0.980019
0.165846	-0.109794	0.980021
0.165848	-0.109794	0.98002
0.165848	-0.109794	0.98002
0.165847	-0.109794	0.98002
0.165847	-0.109795	0.98002
0.165824	-0.109804	0.980023
0.165816	-0.109807	0.980024
0.165818	-0.109807	0.980024
0.165819	-0.109807	0.980024
0.165817	-0.109808	0.980024
0.165817	-0.10981	0.980024
0.165796	-0.10983	0.980025
0.165789	-0.109834	0.980026
0.16579	-0.109834	0.980026
0.165792	-0.109834	0.980025
0.16579	-0.109836	0.980025
0.165791	-0.109838	0.980025
0.16578	-0.109861	0.980024
0.165774	-0.109866	0.980025
0.165775	-0.109866	0.980025
0.165779	-0.109865	0.980024
0.165776	-0.109867	0.980024
0.165779	-0.109868	0.980024
0.165782	-0.109886	0.980021
0.165778	-0.109889	0.980021
0.165779	-0.10989	0.980021
0.165784	-0.109887	0.980021
0.165781	-0.10989	0.980021
0.165785	-0.10989	0.98002
0.165807	-0.109894	0.980016
0.165808	-0.109895	0.980016
0.165809	-0.109895	0.980016
0.165809	-0.109893	0.980016
0.165807	-0.109896	0.980016
0.165813	-0.109894	0.980015
0.165836	-0.109883	0.980012
0.165839	-0.109882	0.980012
0.165839	-0.109883	0.980012
0.165839	-0.10988	0.980012
0.165838	-0.109882	0.980012
0.165843	-0.109879	0.980012
0.165864	-0.109857	0.98001
0.165866	-0.109855	0.98001
0.165867	-0.109855	0.98001
0.165865	-0.109853	0.980011
0.165865	-0.109854	0.980011
0.165869	-0.109851	0.98001
0.16588	-0.109826	0.980011
0.165881	-0.109823	0.980011
0.165881	-0.109824	0.980011
0.165879	-0.109822	0.980012
0.165878	-0.109823	0.980012
0.165881	-0.10982	0.980012
0.165878	-0.109802	0.980014
0.165877	-0.1098	0.980015
0.165877	-0.1098	0.980015
0.165874	-0.1098	0.980015
0.165873	-0.1098	0.980015
0.165874	-0.109799	0.980015
0.165858	-0.109794	0.980019
0.165855	-0.109793	0.980019
0.165856	-0.109794	0.980019
0.165853	-0.109794	0.980019
0.165851	-0.109795	0.98002
0.165851	-0.109795	0.98002
0.165828	-0.109805	0.980022
0.165825	-0.109806	0.980023
0.165826	-0.109806	0.980023
0.165823	-0.109808	0.980023
0.165821	-0.109808	0.980023
0.165821	-0.10981	0.980023
0.165801	-0.109831	0.980024
0.165797	-0.109833	0.980024
0.165798	-0.109833	0.980024
0.165796	-0.109835	0.980024
0.165794	-0.109836	0.980025
0.165795	-0.109838	0.980024
0.165785	-0.109861	0.980023
0.165783	-0.109864	0.980023
0.165783	-0.109865	0.980023
0.165783	-0.109865	0.980023
0.16578	-0.109867	0.980024
0.165783	-0.109869	0.980023
0.165787	-0.109886	0.98002
0.165787	-0.109888	0.98002
0.165787	-0.109888	0.98002
0.165788	-0.109887	0.98002
0.165785	-0.10989	0.98002
0.16579	-0.10989	0.980019
0.165775	-0.109906	0.98002
0.165781	-0.109905	0.980019
0.16578	-0.109906	0.980019
0.165777	-0.109905	0.98002
0.165776	-0.109908	0.98002
0.165781	-0.109906	0.980019
0.165804	-0.109895	0.980016
0.165811	-0.109893	0.980015
0.165811	-0.109894	0.980015
0.165807	-0.109892	0.980016
0.165807	-0.109894	0.980016
0.165811	-0.109891	0.980016
0.165832	-0.109869	0.980014
0.165839	-0.109865	0.980014
0.165838	-0.109866	0.980014
0.165834	-0.109865	0.980015
0.165834	-0.109866	0.980015
0.165837	-0.109863	0.980014
0.165848	-0.109839	0.980015
0.165853	-0.109834	0.980015
0.165853	-0.109835	0.980015
0.165847	-0.109835	0.980016
0.165848	-0.109835	0.980016
0.165849	-0.109833	0.980016
0.165846	-0.109814	0.980018
0.165849	-0.109811	0.980018
0.165849	-0.109812	0.980018
0.165842	-0.109812	0.980019
0.165842	-0.109813	0.980019
0.165842	-0.109812	0.980019
0.165826	-0.109806	0.980023
0.165828	-0.109804	0.980023
0.165828	-0.109805	0.980022
0.165821	-0.109807	0.980023
0.165821	-0.109807	0.980023
0.165819	-0.109808	0.980024
0.165797	-0.109817	0.980026
0.165798	-0.109817	0.980026
0.165797	-0.109818	0.980026
0.165791	-0.10982	0.980027
0.16579	-0.109821	0.980027
0.165789	-0.109823	0.980027
0.165769	-0.109843	0.980028
0.16577	-0.109844	0.980028
0.16577	-0.109845	0.980028
0.165765	-0.109847	0.980028
0.165763	-0.109848	0.980029
0.165763	-0.109851	0.980028
0.165753	-0.109874	0.980027
0.165755	-0.109875	0.980027
0.165755	-0.109876	0.980027
0.165751	-0.109877	0.980027
0.165749	-0.109879	0.980027
0.165751	-0.109881	0.980027
0.165755	-0.109898	0.980024
0.16576	-0.109899	0.980023
0.165759	-0.1099	0.980023
0.165756	-0.109899	0.980024
0.165754	-0.109902	0.980024
0.165758	-0.109902	0.980023
0.165719	-0.109926	0.980027
0.165728	-0.109924	0.980026
0.165726	-0.109925	0.980026
0.165722	-0.109925	0.980027
0.165722	-0.109927	0.980027
0.165724	-0.109926	0.980026
0.165748	-0.109915	0.980024
0.165758	-0.109911	0.980022
0.165757	-0.109913	0.980022
0.165752	-0.109911	0.980023
0.165752	-0.109913	0.980023
0.165755	-0.109911	0.980023
0.165776	-0.109889	0.980022
0.165786	-0.109884	0.980021
0.165784	-0.109886	0.980021
0.165778	-0.109884	0.980022
0.165779	-0.109886	0.980022
0.165781	-0.109883	0.980022
0.165792	-0.109858	0.980023
0.1658	-0.109853	0.980022
0.165799	-0.109854	0.980022
0.165792	-0.109854	0.980023
0.165793	-0.109854	0.980023
0.165793	-0.109853	0.980023
0.16579	-0.109834	0.980026
0.165796	-0.10983	0.980025
0.165795	-0.109831	0.980025
0.165787	-0.109832	0.980026
0.165788	-0.109832	0.980026
0.165786	-0.109831	0.980027
0.16577	-0.109826	0.98003
0.165775	-0.109823	0.980029
0.165774	-0.109824	0.980029
0.165765	-0.109826	0.980031
0.165766	-0.109826	0.980031
0.165763	-0.109827	0.980031
0.16574	-0.109837	0.980034
0.165744	-0.109836	0.980033
0.165743	-0.109837	0.980033
0.165736	-0.109839	0.980034
0.165736	-0.10984	0.980034
0.165733	-0.109842	0.980034
0.165712	-0.109863	0.980036
0.165717	-0.109863	0.980035
0.165716	-0.109864	0.980035
0.165709	-0.109866	0.980036
0.165708	-0.109867	0.980036
0.165707	-0.10987	0.980036
0.165696	-0.109894	0.980035
0.165702	-0.109894	0.980034
0.165701	-0.109895	0.980034
0.165696	-0.109897	0.980035
0.165695	-0.109898	0.980035
0.165695	-0.109901	0.980034
0.165699	-0.109918	0.980032
0.165706	-0.109918	0.98003
0.165705	-0.109919	0.98003
0.1657	-0.109919	0.980031
0.1657	-0.109921	0.980031
0.165701	-0.109922	0.980031
0.165659	-0.109946	0.980035
0.165669	-0.109944	0.980034
0.165667	-0.109945	0.980034
0.165664	-0.109944	0.980035
0.165664	-0.109946	0.980034
0.165665	-0.109946	0.980034
0.165689	-0.109935	0.980031
0.165699	-0.109931	0.98003
0.165697	-0.109932	0.98003
0.165693	-0.109931	0.980031
0.165695	-0.109932	0.980031
0.165696	-0.109931	0.980031
0.165717	-0.109909	0.98003
0.165727	-0.109904	0.980028
0.165725	-0.109905	0.980029
0.16572	-0.109904	0.98003
0.165722	-0.109905	0.980029
0.165722	-0.109903	0.980029
0.165733	-0.109878	0.98003
0.165741	-0.109873	0.980029
0.16574	-0.109874	0.98003
0.165734	-0.109873	0.980031
0.165736	-0.109873	0.98003
0.165734	-0.109872	0.980031
0.16573	-0.109854	0.980033
0.165737	-0.109849	0.980033
0.165736	-0.10985	0.980033
0.165729	-0.109851	0.980034
0.165731	-0.109851	0.980034
0.165727	-0.109851	0.980034
0.165711	-0.109845	0.980038
0.165716	-0.109843	0.980037
0.165715	-0.109844	0.980037
0.165707	-0.109845	0.980038
0.165709	-0.109845	0.980038
0.165704	-0.109847	0.980039
0.165681	-0.109856	0.980041
0.165686	-0.109855	0.980041
0.165684	-0.109856	0.980041
0.165677	-0.109859	0.980042
0.165678	-0.109859	0.980042
0.165674	-0.109862	0.980042
0.165653	-0.109882	0.980043
0.165658	-0.109882	0.980043
0.165656	-0.109883	0.980043
0.165651	-0.109886	0.980043
0.165651	-0.109886	0.980043
0.165648	-0.10989	0.980043
0.165637	-0.109913	0.980043
0.165643	-0.109914	0.980041
0.165642	-0.109915	0.980042
0.165637	-0.109916	0.980042
0.165637	-0.109917	0.980042
0.165636	-0.10992	0.980042
0.16564	-0.109937	0.980039
0.165647	-0.109937	0.980038
0.165646	-0.109938	0.980038
0.165642	-0.109938	0.980039
0.165642	-0.10994	0.980039
0.165642	-0.109942	0.980038
0.16562	-0.109958	0.98004
0.165627	-0.109957	0.980039
0.165625	-0.109958	0.98004
0.165625	-0.109956	0.98004
0.165626	-0.109957	0.980039
0.165626	-0.109958	0.980039
0.16565	-0.109947	0.980037
0.165657	-0.109944	0.980036
0.165656	-0.109945	0.980036
0.165655	-0.109942	0.980036
0.165657	-0.109944	0.980036
0.165657	-0.109943	0.980036
0.165678	-0.109921	0.980035
0.165685	-0.109917	0.980034
0.165684	-0.109918	0.980034
0.165682	-0.109915	0.980035
0.165684	-0.109916	0.980034
0.165683	-0.109914	0.980035
0.165694	-0.10989	0.980036
0.1657	-0.109886	0.980035
0.165698	-0.109887	0.980035
0.165695	-0.109885	0.980036
0.165698	-0.109885	0.980036
0.165695	-0.109884	0.980036
0.165691	-0.109866	0.980039
0.165695	-0.109862	0.980038
0.165694	-0.109863	0.980039
0.16569	-0.109863	0.980039
0.165692	-0.109862	0.980039
0.165688	-0.109863	0.98004
0.165671	-0.109857	0.980043
0.165674	-0.109855	0.980043
0.165673	-0.109856	0.980043
0.165669	-0.109857	0.980044
0.165671	-0.109856	0.980043
0.165665	-0.109859	0.980044
0.165642	-0.109868	0.980047
0.165644	-0.109868	0.980047
0.165643	-0.109869	0.980047
0.165639	-0.10987	0.980047
0.16564	-0.10987	0.980047
0.165635	-0.109873	0.980047
0.165614	-0.109894	0.980049
0.165616	-0.109895	0.980048
0.165615	-0.109896	0.980048
0.165612	-0.109897	0.980049
0.165613	-0.109898	0.980048
0.165609	-0.109902	0.980049
0.165598	-0.109925	0.980048
0.165601	-0.109927	0.980047
0.1656	-0.109928	0.980047
0.165599	-0.109928	0.980047
0.165599	-0.109929	0.980047
0.165597	-0.109932	0.980047
0.1656	-0.109949	0.980045
0.165606	-0.10995	0.980044
0.165604	-0.109951	0.980044
0.165604	-0.10995	0.980044
0.165604	-0.109952	0.980044
0.165603	-0.109954	0.980044
0.165615	-0.109958	0.980041
0.165618	-0.109958	0.980041
0.165617	-0.109959	0.980041
0.165621	-0.109955	0.980041
0.165622	-0.109957	0.98004
0.165622	-0.109957	0.98004
0.165645	-0.109947	0.980037
0.165648	-0.109946	0.980037
0.165648	-0.109946	0.980037
0.165651	-0.109942	0.980037
0.165652	-0.109944	0.980037
0.165652	-0.109942	0.980037
0.165673	-0.109921	0.980036
0.165676	-0.109918	0.980035
0.165675	-0.109919	0.980035
0.165677	-0.109915	0.980036
0.16568	-0.109916	0.980035
0.165678	-0.109914	0.980035
0.165689	-0.10989	0.980036
0.165691	-0.109887	0.980036
0.16569	-0.109888	0.980036
0.165691	-0.109885	0.980037
0.165693	-0.109885	0.980036
0.16569	-0.109883	0.980037
0.165686	-0.109865	0.98004
0.165686	-0.109863	0.98004
0.165686	-0.109864	0.98004
0.165686	-0.109862	0.98004
0.165688	-0.109862	0.98004
0.165684	-0.109862	0.98004
0.165667	-0.109857	0.980044
0.165665	-0.109856	0.980044
0.165665	-0.109857	0.980044
0.165664	-0.109856	0.980044
0.165666	-0.109856	0.980044
0.165661	-0.109858	0.980045
0.165637	-0.109868	0.980048
0.165635	-0.109869	0.980048
0.165634	-0.10987	0.980048
0.165635	-0.10987	0.980048
0.165636	-0.10987	0.980048
0.16563	-0.109873	0.980048
0.165609	-0.109894	0.980049
0.165607	-0.109896	0.98005
0.165607	-0.109897	0.98005
0.165608	-0.109897	0.980049
0.165608	-0.109897	0.980049
0.165604	-0.109901	0.980049
0.165593	-0.109925	0.980049
0.165592	-0.109928	0.980048
0.165592	-0.109929	0.980048
0.165595	-0.109927	0.980048
0.165595	-0.109929	0.980048
0.165592	-0.109932	0.980048
0.165596	-0.109949	0.980046
0.165597	-0.109952	0.980045
0.165596	-0.109952	0.980045
0.1656	-0.10995	0.980045
0.1656	-0.109951	0.980045
0.165599	-0.109953	0.980045
0.165647	-0.109945	0.980037
0.165645	-0.109947	0.980037
0.165646	-0.109948	0.980037
0.165653	-0.109943	0.980037
0.165653	-0.109945	0.980036
0.165654	-0.109945	0.980036
0.165677	-0.109934	0.980033
0.165676	-0.109935	0.980034
0.165676	-0.109935	0.980034
0.165682	-0.10993	0.980033
0.165683	-0.109932	0.980033
0.165684	-0.10993	0.980033
0.165705	-0.109908	0.980032
0.165703	-0.109907	0.980032
0.165704	-0.109908	0.980032
0.165709	-0.109903	0.980032
0.16571	-0.109904	0.980031
0.16571	-0.109902	0.980031
0.165721	-0.109877	0.980032
0.165718	-0.109876	0.980033
0.165718	-0.109876	0.980033
0.165722	-0.109872	0.980033
0.165724	-0.109873	0.980032
0.165722	-0.109871	0.980033
0.165718	-0.109853	0.980036
0.165714	-0.109852	0.980036
0.165714	-0.109853	0.980036
0.165717	-0.10985	0.980036
0.165719	-0.10985	0.980036
0.165716	-0.10985	0.980036
0.165699	-0.109844	0.98004
0.165692	-0.109845	0.980041
0.165693	-0.109846	0.980041
0.165696	-0.109844	0.98004
0.165697	-0.109844	0.98004
0.165693	-0.109845	0.980041
0.165669	-0.109855	0.980044
0.165662	-0.109858	0.980045
0.165663	-0.109858	0.980044
0.165666	-0.109857	0.980044
0.165667	-0.109857	0.980044
0.165662	-0.10986	0.980044
0.165641	-0.109881	0.980045
0.165634	-0.109885	0.980046
0.165635	-0.109886	0.980046
0.16564	-0.109884	0.980045
0.16564	-0.109885	0.980045
0.165636	-0.109889	0.980045
0.165625	-0.109912	0.980045
0.16562	-0.109917	0.980045
0.16562	-0.109917	0.980045
0.165626	-0.109915	0.980044
0.165626	-0.109917	0.980044
0.165624	-0.10992	0.980044
0.165628	-0.109937	0.980042
0.165624	-0.109941	0.980042
0.165624	-0.109941	0.980042
0.165631	-0.109937	0.980041
0.165631	-0.10994	0.980041
0.165631	-0.109941	0.98004
0.165704	-0.109926	0.98003
0.165699	-0.109929	0.98003
0.1657	-0.109929	0.98003
0.165708	-0.109924	0.980029
0.165707	-0.109926	0.980029
0.16571	-0.109925	0.980029
0.165733	-0.109915	0.980026
0.165729	-0.109916	0.980027
0.16573	-0.109916	0.980027
0.165738	-0.10991	0.980026
0.165738	-0.109913	0.980026
0.16574	-0.10991	0.980025
0.165761	-0.109889	0.980024
0.165757	-0.109889	0.980025
0.165758	-0.109889	0.980025
0.165764	-0.109883	0.980024
0.165765	-0.109885	0.980024
0.165766	-0.109882	0.980024
0.165777	-0.109857	0.980025
0.165771	-0.109857	0.980026
0.165772	-0.109857	0.980026
0.165778	-0.109853	0.980026
0.165779	-0.109853	0.980025
0.165778	-0.109851	0.980026
0.165774	-0.109833	0.980028
0.165767	-0.109833	0.98003
0.165768	-0.109834	0.980029
0.165773	-0.10983	0.980029
0.165773	-0.10983	0.980029
0.165772	-0.10983	0.980029
0.165755	-0.109825	0.980033
0.165746	-0.109826	0.980034
0.165747	-0.109827	0.980034
0.165751	-0.109825	0.980033
0.165752	-0.109825	0.980033
0.165749	-0.109826	0.980033
0.165725	-0.109835	0.980036
0.165715	-0.109839	0.980038
0.165717	-0.109839	0.980037
0.165722	-0.109838	0.980037
0.165721	-0.109838	0.980037
0.165719	-0.109841	0.980037
0.165697	-0.109861	0.980038
0.165688	-0.109867	0.980039
0.165689	-0.109867	0.980039
0.165695	-0.109865	0.980038
0.165694	-0.109866	0.980038
0.165693	-0.109869	0.980038
0.165682	-0.109893	0.980037
0.165673	-0.109898	0.980038
0.165674	-0.109898	0.980038
0.165682	-0.109896	0.980037
0.16568	-0.109897	0.980037
0.165681	-0.1099	0.980037
0.165684	-0.109917	0.980034
0.165677	-0.109922	0.980035
0.165678	-0.109922	0.980035
0.165687	-0.109918	0.980034
0.165686	-0.10992	0.980034
0.165687	-0.109921	0.980033
0.165757	-0.109932	0.98002
0.165752	-0.109934	0.980021
0.165754	-0.109935	0.98002
0.165762	-0.10993	0.98002
0.16576	-0.109933	0.98002
0.165764	-0.109932	0.980019
0.165787	-0.109923	0.980016
0.165782	-0.109924	0.980017
0.165784	-0.109924	0.980017
0.165792	-0.109918	0.980016
0.16579	-0.109921	0.980016
0.165794	-0.109918	0.980015
0.165816	-0.109898	0.980014
0.165811	-0.109897	0.980015
0.165813	-0.109897	0.980015
0.165819	-0.109891	0.980014
0.165819	-0.109894	0.980014
0.165822	-0.109891	0.980014
0.165834	-0.109866	0.980015
0.165828	-0.109865	0.980016
0.16583	-0.109865	0.980015
0.165835	-0.10986	0.980015
0.165835	-0.109862	0.980015
0.165836	-0.109859	0.980015
0.165834	-0.10984	0.980017
0.165826	-0.109839	0.980019
0.165828	-0.10984	0.980019
0.165832	-0.109836	0.980018
0.165832	-0.109837	0.980018
0.165832	-0.109836	0.980018
0.165816	-0.109829	0.980022
0.165806	-0.109831	0.980023
0.165808	-0.109831	0.980023
0.165812	-0.109828	0.980023
0.165812	-0.109829	0.980022
0.16581	-0.109829	0.980023
0.165787	-0.109838	0.980026
0.165776	-0.109841	0.980027
0.165778	-0.109842	0.980027
0.165782	-0.10984	0.980026
0.165781	-0.109841	0.980026
0.16578	-0.109843	0.980026
0.165758	-0.109863	0.980028
0.165747	-0.109868	0.980029
0.165749	-0.109868	0.980029
0.165754	-0.109867	0.980028
0.165753	-0.109868	0.980028
0.165752	-0.109871	0.980028
0.165739	-0.109895	0.980027
0.16573	-0.1099	0.980028
0.165732	-0.109901	0.980028
0.165739	-0.109898	0.980027
0.165737	-0.1099	0.980027
0.165738	-0.109902	0.980027
0.165739	-0.109921	0.980024
0.165732	-0.109926	0.980025
0.165734	-0.109926	0.980025
0.165742	-0.109922	0.980024
0.16574	-0.109925	0.980024
0.165742	-0.109926	0.980023
0.165801	-0.109918	0.980014
0.165798	-0.10992	0.980015
0.165799	-0.109921	0.980014
0.165805	-0.109916	0.980014
0.165802	-0.10992	0.980014
0.165808	-0.109918	0.980013
0.16583	-0.109909	0.98001
0.165828	-0.109909	0.980011
0.16583	-0.10991	0.98001
0.165834	-0.109905	0.98001
0.165833	-0.109908	0.98001
0.165838	-0.109905	0.98001
0.16586	-0.109884	0.980008
0.165857	-0.109882	0.980009
0.165859	-0.109883	0.980008
0.165862	-0.109878	0.980008
0.165861	-0.109881	0.980008
0.165866	-0.109877	0.980008
0.165878	-0.109852	0.980009
0.165874	-0.10985	0.98001
0.165876	-0.109851	0.980009
0.165878	-0.109847	0.980009
0.165877	-0.109849	0.980009
0.16588	-0.109845	0.980009
0.165878	-0.109826	0.980012
0.165872	-0.109825	0.980013
0.165874	-0.109826	0.980012
0.165875	-0.109823	0.980012
0.165875	-0.109824	0.980012
0.165876	-0.109822	0.980012
0.16586	-0.109815	0.980016
0.165852	-0.109816	0.980017
0.165854	-0.109817	0.980017
0.165855	-0.109815	0.980017
0.165854	-0.109816	0.980017
0.165854	-0.109816	0.980017
0.165831	-0.109824	0.98002
0.165822	-0.109827	0.980021
0.165824	-0.109828	0.980021
0.165825	-0.109827	0.98002
0.165824	-0.109828	0.980021
0.165823	-0.10983	0.98002
0.165801	-0.109849	0.980022
0.165793	-0.109854	0.980023
0.165795	-0.109854	0.980023
0.165797	-0.109854	0.980022
0.165795	-0.109855	0.980022
0.165796	-0.109857	0.980022
0.165783	-0.109881	0.980021
0.165776	-0.109886	0.980022
0.165778	-0.109886	0.980022
0.165782	-0.109885	0.980021
0.165779	-0.109887	0.980022
0.165781	-0.109889	0.980021
0.165783	-0.109907	0.980019
0.165778	-0.109911	0.980019
0.16578	-0.109912	0.980019
0.165785	-0.109909	0.980018
0.165782	-0.109912	0.980018
0.165786	-0.109912	0.980018
0.165808	-0.109917	0.980013
0.16581	-0.109918	0.980013
0.16581	-0.109918	0.980013
0.165811	-0.109916	0.980013
0.165809	-0.109919	0.980013
0.165815	-0.109917	0.980012
0.165838	-0.109908	0.980009
0.16584	-0.109907	0.980009
0.16584	-0.109908	0.980009
0.165841	-0.109904	0.980009
0.16584	-0.109907	0.980009
0.165845	-0.109904	0.980008
0.165867	-0.109883	0.980007
0.165869	-0.10988	0.980007
0.16587	-0.109881	0.980007
0.165869	-0.109878	0.980007
0.165868	-0.10988	0.980007
0.165873	-0.109876	0.980007
0.165885	-0.109852	0.980008
0.165886	-0.109848	0.980008
0.165886	-0.109849	0.980008
0.165885	-0.109847	0.980008
0.165884	-0.109848	0.980008
0.165887	-0.109845	0.980008
0.165885	-0.109826	0.98001
0.165884	-0.109823	0.980011
0.165885	-0.109824	0.980011
0.165882	-0.109823	0.980011
0.165882	-0.109824	0.980011
0.165883	-0.109822	0.980011
0.165867	-0.109815	0.980015
0.165864	-0.109814	0.980015
0.165865	-0.109815	0.980015
0.165862	-0.109815	0.980016
0.165861	-0.109816	0.980016
0.165861	-0.109816	0.980016
0.165838	-0.109824	0.980019
0.165834	-0.109825	0.980019
0.165835	-0.109826	0.980019
0.165832	-0.109827	0.980019
0.165831	-0.109828	0.980019
0.165831	-0.109829	0.980019
0.165809	-0.109849	0.980021
0.165805	-0.109852	0.980021
0.165805	-0.109852	0.980021
0.165804	-0.109853	0.980021
0.165802	-0.109855	0.980021
0.165803	-0.109857	0.980021
0.16579	-0.109881	0.98002
0.165788	-0.109884	0.98002
0.165789	-0.109884	0.98002
0.165788	-0.109884	0.98002
0.165786	-0.109886	0.98002
0.165789	-0.109888	0.98002
0.16579	-0.109907	0.980017
0.16579	-0.109909	0.980017
0.16579	-0.10991	0.980017
0.165791	-0.109908	0.980017
0.165789	-0.109911	0.980017
0.165793	-0.109911	0.980016
0.165777	-0.10993	0.980017
0.165783	-0.109928	0.980016
0.165782	-0.10993	0.980016
0.16578	-0.109928	0.980017
0.165778	-0.109931	0.980017
0.165783	-0.10993	0.980016
0.165806	-0.109921	0.980013
0.165813	-0.109917	0.980012
0.165812	-0.109919	0.980012
0.165809	-0.109916	0.980013
0.165809	-0.109919	0.980013
0.165814	-0.109916	0.980012
0.165835	-0.109896	0.980011
0.165842	-0.109891	0.98001
0.165842	-0.109892	0.98001
0.165837	-0.10989	0.980011
0.165837	-0.109892	0.980011
0.165841	-0.109889	0.980011
0.165854	-0.109864	0.980011
0.165859	-0.109859	0.980011
0.165858	-0.10986	0.980011
0.165853	-0.109859	0.980012
0.165853	-0.10986	0.980012
0.165856	-0.109857	0.980012
0.165854	-0.109838	0.980014
0.165857	-0.109834	0.980014
0.165857	-0.109835	0.980014
0.16585	-0.109835	0.980015
0.165851	-0.109836	0.980015
0.165851	-0.109834	0.980015
0.165836	-0.109828	0.980019
0.165837	-0.109825	0.980019
0.165837	-0.109826	0.980019
0.16583	-0.109828	0.98002
0.16583	-0.109828	0.98002
0.165829	-0.109828	0.98002
0.165806	-0.109836	0.980023
0.165807	-0.109836	0.980023
0.165806	-0.109837	0.980022
0.1658	-0.109839	0.980023
0.165799	-0.10984	0.980023
0.165799	-0.109842	0.980023
0.165777	-0.109861	0.980025
0.165778	-0.109863	0.980024
0.165777	-0.109864	0.980024
0.165772	-0.109866	0.980025
0.165771	-0.109867	0.980025
0.165771	-0.109869	0.980025
0.165759	-0.109893	0.980024
0.165761	-0.109894	0.980024
0.16576	-0.109896	0.980024
0.165757	-0.109897	0.980024
0.165755	-0.109899	0.980024
0.165757	-0.109901	0.980024
0.165758	-0.109919	0.980021
0.165763	-0.109919	0.980021
0.165762	-0.109921	0.980021
0.165759	-0.10992	0.980021
0.165757	-0.109923	0.980021
0.165761	-0.109924	0.98002
0.165718	-0.10995	0.980025
0.165727	-0.109948	0.980023
0.165726	-0.10995	0.980024
0.165721	-0.109949	0.980024
0.165721	-0.109951	0.980024
0.165724	-0.109951	0.980024
0.165747	-0.109941	0.980021
0.165758	-0.109937	0.98002
0.165756	-0.109939	0.98002
0.165751	-0.109937	0.980021
0.165751	-0.109939	0.98002
0.165755	-0.109937	0.98002
0.165777	-0.109916	0.980019
0.165787	-0.109911	0.980018
0.165785	-0.109912	0.980018
0.165779	-0.109911	0.980019
0.16578	-0.109913	0.980018
0.165782	-0.10991	0.980018
0.165795	-0.109885	0.980019
0.165804	-0.109879	0.980018
0.165802	-0.10988	0.980018
0.165795	-0.10988	0.98002
0.165796	-0.109881	0.980019
0.165797	-0.109878	0.980019
0.165795	-0.109859	0.980022
0.165802	-0.109854	0.980021
0.1658	-0.109855	0.980021
0.165792	-0.109856	0.980023
0.165793	-0.109856	0.980023
0.165792	-0.109855	0.980023
0.165777	-0.109848	0.980026
0.165782	-0.109845	0.980026
0.16578	-0.109846	0.980026
0.165772	-0.109848	0.980027
0.165773	-0.109848	0.980027
0.16577	-0.109849	0.980027
0.165748	-0.109857	0.98003
0.165751	-0.109856	0.98003
0.16575	-0.109857	0.98003
0.165742	-0.10986	0.980031
0.165742	-0.10986	0.980031
0.16574	-0.109863	0.980031
0.165718	-0.109882	0.980032
0.165722	-0.109882	0.980032
0.165721	-0.109884	0.980032
0.165714	-0.109886	0.980033
0.165713	-0.109887	0.980033
0.165712	-0.10989	0.980032
0.1657	-0.109914	0.980032
0.165706	-0.109914	0.980031
0.165704	-0.109916	0.980031
0.165698	-0.109917	0.980032
0.165697	-0.109919	0.980032
0.165698	-0.109922	0.980031
0.1657	-0.10994	0.980029
0.165708	-0.109939	0.980028
0.165706	-0.109941	0.980028
0.165701	-0.109941	0.980029
0.1657	-0.109943	0.980029
0.165702	-0.109945	0.980028
0.165655	-0.109972	0.980033
0.165665	-0.109969	0.980032
0.165663	-0.109971	0.980032
0.165659	-0.10997	0.980033
0.165659	-0.109972	0.980032
0.165661	-0.109972	0.980032
0.165684	-0.109963	0.980029
0.165695	-0.109958	0.980028
0.165693	-0.10996	0.980028
0.165689	-0.109958	0.980029
0.16569	-0.10996	0.980028
0.165691	-0.109959	0.980028
0.165713	-0.109938	0.980027
0.165724	-0.109932	0.980026
0.165722	-0.109934	0.980026
0.165717	-0.109932	0.980027
0.165718	-0.109933	0.980027
0.165719	-0.109931	0.980027
0.165732	-0.109906	0.980027
0.165741	-0.1099	0.980026
0.165739	-0.109902	0.980027
0.165732	-0.1099	0.980028
0.165734	-0.109901	0.980027
0.165733	-0.1099	0.980028
0.165732	-0.10988	0.98003
0.165739	-0.109875	0.98003
0.165737	-0.109876	0.98003
0.165729	-0.109877	0.980031
0.165732	-0.109877	0.980031
0.165729	-0.109876	0.980031
0.165714	-0.10987	0.980035
0.165719	-0.109866	0.980034
0.165717	-0.109868	0.980034
0.165709	-0.109869	0.980035
0.165711	-0.109869	0.980035
0.165707	-0.10987	0.980036
0.165684	-0.109878	0.980039
0.165689	-0.109877	0.980038
0.165687	-0.109878	0.980038
0.165679	-0.109881	0.980039
0.16568	-0.109881	0.980039
0.165676	-0.109884	0.980039
0.165655	-0.109903	0.980041
0.16566	-0.109903	0.98004
0.165658	-0.109905	0.98004
0.165651	-0.109907	0.980041
0.165652	-0.109908	0.980041
0.165649	-0.109911	0.980041
0.165636	-0.109935	0.98004
0.165643	-0.109935	0.980039
0.165641	-0.109937	0.980039
0.165636	-0.109938	0.98004
0.165636	-0.109939	0.98004
0.165634	-0.109943	0.98004
0.165636	-0.109961	0.980037
0.165645	-0.10996	0.980036
0.165643	-0.109962	0.980036
0.165639	-0.109962	0.980037
0.165638	-0.109964	0.980037
0.165639	-0.109966	0.980036
0.165611	-0.109985	0.980039
0.165619	-0.109984	0.980038
0.165617	-0.109985	0.980038
0.165616	-0.109983	0.980038
0.165617	-0.109985	0.980038
0.165617	-0.109986	0.980038
0.16564	-0.109976	0.980035
0.165649	-0.109973	0.980034
0.165647	-0.109975	0.980034
0.165646	-0.109971	0.980035
0.165647	-0.109973	0.980034
0.165648	-0.109972	0.980034
0.16567	-0.109951	0.980033
0.165678	-0.109946	0.980032
0.165676	-0.109948	0.980032
0.165674	-0.109945	0.980033
0.165676	-0.109946	0.980032
0.165675	-0.109945	0.980033
0.165688	-0.10992	0.980033
0.165695	-0.109914	0.980033
0.165693	-0.109916	0.980033
0.16569	-0.109914	0.980034
0.165692	-0.109914	0.980033
0.16569	-0.109913	0.980034
0.165688	-0.109894	0.980036
0.165693	-0.109889	0.980036
0.165691	-0.109891	0.980036
0.165687	-0.10989	0.980037
0.165689	-0.10989	0.980036
0.165685	-0.10989	0.980037
0.16567	-0.109883	0.98004
0.165673	-0.10988	0.98004
0.165672	-0.109882	0.98004
0.165666	-0.109882	0.980041
0.165669	-0.109882	0.980041
0.165663	-0.109884	0.980041
0.165641	-0.109892	0.980044
0.165643	-0.109891	0.980044
0.165641	-0.109893	0.980044
0.165637	-0.109894	0.980045
0.165638	-0.109894	0.980045
0.165633	-0.109897	0.980045
0.165611	-0.109917	0.980047
0.165614	-0.109918	0.980046
0.165612	-0.109919	0.980046
0.165609	-0.10992	0.980047
0.165609	-0.109921	0.980046
0.165605	-0.109925	0.980047
0.165593	-0.109948	0.980046
0.165597	-0.10995	0.980045
0.165595	-0.109951	0.980045
0.165593	-0.109951	0.980046
0.165593	-0.109953	0.980046
0.16559	-0.109956	0.980046
0.165593	-0.109974	0.980043
0.165599	-0.109975	0.980042
0.165597	-0.109976	0.980042
0.165596	-0.109975	0.980043
0.165596	-0.109977	0.980042
0.165595	-0.10998	0.980042
0.165604	-0.109986	0.98004
0.165607	-0.109986	0.980039
0.165606	-0.109987	0.980039
0.165609	-0.109983	0.980039
0.16561	-0.109986	0.980039
0.16561	-0.109986	0.980039
0.165633	-0.109977	0.980036
0.165637	-0.109975	0.980036
0.165636	-0.109977	0.980036
0.165639	-0.109972	0.980036
0.16564	-0.109974	0.980035
0.16564	-0.109973	0.980035
0.165662	-0.109952	0.980034
0.165666	-0.109949	0.980034
0.165666	-0.10995	0.980034
0.165667	-0.109945	0.980034
0.165669	-0.109947	0.980033
0.165668	-0.109945	0.980034
0.165681	-0.10992	0.980034
0.165683	-0.109916	0.980034
0.165682	-0.109918	0.980034
0.165683	-0.109914	0.980035
0.165685	-0.109915	0.980034
0.165682	-0.109914	0.980035
0.165681	-0.109894	0.980037
0.165681	-0.109891	0.980038
0.165681	-0.109892	0.980038
0.16568	-0.10989	0.980038
0.165682	-0.10989	0.980038
0.165678	-0.10989	0.980038
0.165663	-0.109883	0.980042
0.165661	-0.109882	0.980042
0.165661	-0.109883	0.980042
0.16566	-0.109882	0.980042
0.165662	-0.109882	0.980042
0.165656	-0.109884	0.980043
0.165633	-0.109892	0.980046
0.165631	-0.109893	0.980046
0.16563	-0.109894	0.980046
0.16563	-0.109894	0.980046
0.165631	-0.109894	0.980046
0.165625	-0.109898	0.980046
0.165604	-0.109917	0.980048
0.165602	-0.10992	0.980048
0.165601	-0.109921	0.980048
0.165602	-0.10992	0.980048
0.165602	-0.109921	0.980048
0.165598	-0.109925	0.980048
0.165586	-0.109949	0.980047
0.165585	-0.109952	0.980047
0.165584	-0.109953	0.980047
0.165586	-0.109952	0.980047
0.165586	-0.109953	0.980047
0.165583	-0.109957	0.980047
0.165585	-0.109975	0.980044
0.165587	-0.109977	0.980044
0.165586	-0.109978	0.980044
0.165589	-0.109976	0.980044
0.165589	-0.109978	0.980043
0.165588	-0.10998	0.980043
0.165635	-0.109974	0.980036
0.165634	-0.109975	0.980036
0.165634	-0.109976	0.980036
0.165641	-0.109971	0.980035
0.165641	-0.109974	0.980035
0.165642	-0.109974	0.980035
0.165665	-0.109965	0.980032
0.165664	-0.109964	0.980032
0.165664	-0.109965	0.980032
0.165671	-0.10996	0.980032
0.165672	-0.109962	0.980031
0.165672	-0.109961	0.980031
0.165694	-0.10994	0.98003
0.165693	-0.109938	0.98003
0.165694	-0.109939	0.98003
0.165699	-0.109933	0.98003
0.1657	-0.109935	0.980029
0.1657	-0.109933	0.98003
0.165712	-0.109908	0.98003
0.16571	-0.109906	0.980031
0.16571	-0.109907	0.980031
0.165714	-0.109902	0.980031
0.165716	-0.109903	0.98003
0.165714	-0.109901	0.980031
0.165712	-0.109882	0.980033
0.165708	-0.10988	0.980034
0.165709	-0.109881	0.980034
0.165712	-0.109878	0.980034
0.165713	-0.109878	0.980034
0.16571	-0.109878	0.980034
0.165694	-0.109871	0.980038
0.165688	-0.109871	0.980039
0.165689	-0.109872	0.980038
0.165691	-0.10987	0.980038
0.165693	-0.10987	0.980038
0.165688	-0.109871	0.980039
0.165665	-0.10988	0.980042
0.165658	-0.109882	0.980043
0.165658	-0.109883	0.980042
0.165662	-0.109881	0.980042
0.165662	-0.109882	0.980042
0.165657	-0.109885	0.980042
0.165636	-0.109905	0.980044
0.165629	-0.109909	0.980044
0.165629	-0.10991	0.980044
0.165634	-0.109908	0.980044
0.165634	-0.109909	0.980044
0.16563	-0.109913	0.980044
0.165617	-0.109937	0.980043
0.165612	-0.109941	0.980044
0.165612	-0.109942	0.980044
0.165618	-0.109939	0.980043
0.165618	-0.109941	0.980043
0.165615	-0.109944	0.980043
0.165617	-0.109963	0.98004
0.165614	-0.109966	0.98004
0.165614	-0.109967	0.98004
0.165621	-0.109963	0.98004
0.16562	-0.109966	0.980039
0.16562	-0.109968	0.980039
0.165694	-0.109953	0.980028
0.165689	-0.109956	0.980029
0.165691	-0.109956	0.980029
0.165699	-0.109951	0.980028
0.165698	-0.109954	0.980028
0.165701	-0.109953	0.980027
0.165723	-0.109944	0.980025
0.165719	-0.109945	0.980025
0.165721	-0.109945	0.980025
0.165729	-0.109939	0.980024
0.165729	-0.109942	0.980024
0.165731	-0.10994	0.980024
0.165753	-0.109919	0.980022
0.165748	-0.109918	0.980023
0.16575	-0.109919	0.980023
0.165757	-0.109912	0.980022
0.165758	-0.109915	0.980022
0.165759	-0.109912	0.980022
0.165771	-0.109887	0.980023
0.165765	-0.109886	0.980024
0.165767	-0.109886	0.980024
0.165773	-0.109881	0.980023
0.165773	-0.109882	0.980023
0.165773	-0.10988	0.980023
0.165771	-0.109861	0.980026
0.165763	-0.10986	0.980027
0.165765	-0.109861	0.980027
0.16577	-0.109857	0.980026
0.165771	-0.109858	0.980026
0.165768	-0.109857	0.980027
0.165753	-0.10985	0.98003
0.165743	-0.109852	0.980032
0.165745	-0.109852	0.980031
0.16575	-0.109849	0.980031
0.16575	-0.10985	0.980031
0.165747	-0.109851	0.980031
0.165724	-0.109859	0.980034
0.165713	-0.109862	0.980035
0.165715	-0.109863	0.980035
0.16572	-0.109861	0.980034
0.16572	-0.109861	0.980034
0.165716	-0.109864	0.980035
0.165694	-0.109884	0.980036
0.165684	-0.109889	0.980037
0.165686	-0.109889	0.980037
0.165692	-0.109887	0.980036
0.165691	-0.109889	0.980036
0.165689	-0.109892	0.980036
0.165676	-0.109916	0.980036
0.165667	-0.109921	0.980037
0.165669	-0.109922	0.980036
0.165676	-0.109919	0.980035
0.165675	-0.109921	0.980035
0.165674	-0.109924	0.980035
0.165676	-0.109942	0.980033
0.165669	-0.109947	0.980033
0.165671	-0.109947	0.980033
0.165679	-0.109943	0.980032
0.165678	-0.109945	0.980032
0.165679	-0.109947	0.980032
0.165755	-0.10996	0.980017
0.165748	-0.109964	0.980018
0.165748	-0.109965	0.980018
0.165757	-0.109959	0.980017
0.165756	-0.109962	0.980017
0.165761	-0.10996	0.980016
0.165785	-0.109953	0.980013
0.165779	-0.109955	0.980014
0.165779	-0.109956	0.980014
0.165787	-0.109949	0.980013
0.165787	-0.109951	0.980013
0.165792	-0.109948	0.980012
0.165816	-0.109928	0.980011
0.16581	-0.109928	0.980012
0.165811	-0.109929	0.980011
0.165817	-0.109923	0.980011
0.165817	-0.109924	0.980011
0.165822	-0.10992	0.980011
0.165837	-0.109895	0.980011
0.16583	-0.109894	0.980012
0.165831	-0.109895	0.980012
0.165835	-0.10989	0.980012
0.165836	-0.109891	0.980011
0.165838	-0.109887	0.980011
0.165839	-0.109866	0.980014
0.16583	-0.109867	0.980015
0.165831	-0.109867	0.980015
0.165835	-0.109863	0.980015
0.165835	-0.109864	0.980015
0.165836	-0.109862	0.980015
0.165822	-0.109853	0.980018
0.165811	-0.109855	0.98002
0.165812	-0.109856	0.980019
0.165816	-0.109853	0.980019
0.165816	-0.109853	0.980019
0.165815	-0.109853	0.980019
0.165793	-0.109861	0.980022
0.16578	-0.109865	0.980024
0.165781	-0.109865	0.980024
0.165786	-0.109863	0.980023
0.165785	-0.109863	0.980023
0.165784	-0.109865	0.980023
0.165761	-0.109886	0.980025
0.165749	-0.109891	0.980026
0.16575	-0.109892	0.980026
0.165756	-0.109889	0.980025
0.165754	-0.109891	0.980025
0.165754	-0.109893	0.980025
0.165741	-0.109919	0.980024
0.16573	-0.109925	0.980026
0.16573	-0.109925	0.980025
0.165737	-0.109922	0.980025
0.165735	-0.109924	0.980025
0.165737	-0.109926	0.980024
0.165738	-0.109947	0.980022
0.165729	-0.109952	0.980023
0.16573	-0.109954	0.980022
0.165738	-0.109949	0.980022
0.165736	-0.109951	0.980022
0.16574	-0.109952	0.980021
0.165806	-0.109944	0.980011
0.165801	-0.109947	0.980011
0.165802	-0.109948	0.980011
0.165807	-0.109943	0.980011
0.165804	-0.109946	0.980011
0.16581	-0.109945	0.98001
0.165835	-0.109937	0.980006
0.165832	-0.109937	0.980007
0.165833	-0.109939	0.980007
0.165837	-0.109933	0.980007
0.165835	-0.109936	0.980007
0.165842	-0.109932	0.980006
0.165867	-0.109912	0.980004
0.165863	-0.109911	0.980005
0.165865	-0.109912	0.980004
0.165867	-0.109907	0.980004
0.165866	-0.109909	0.980004
0.165871	-0.109905	0.980004
0.165888	-0.109879	0.980004
0.165883	-0.109877	0.980005
0.165884	-0.109878	0.980005
0.165885	-0.109874	0.980005
0.165885	-0.109875	0.980005
0.165888	-0.109872	0.980005
0.16589	-0.109851	0.980007
0.165883	-0.10985	0.980008
0.165885	-0.10985	0.980008
0.165885	-0.109848	0.980008
0.165884	-0.109848	0.980008
0.165886	-0.109846	0.980008
0.165873	-0.109838	0.980011
0.165865	-0.109838	0.980012
0.165866	-0.109839	0.980012
0.165866	-0.109838	0.980012
0.165865	-0.109838	0.980013
0.165865	-0.109838	0.980013
0.165843	-0.109845	0.980015
0.165834	-0.109848	0.980017
0.165835	-0.109848	0.980016
0.165835	-0.109848	0.980016
0.165834	-0.109848	0.980017
0.165834	-0.10985	0.980016
0.165812	-0.10987	0.980018
0.165803	-0.109874	0.980019
0.165804	-0.109875	0.980019
0.165805	-0.109874	0.980019
0.165803	-0.109875	0.980019
0.165804	-0.109878	0.980018
0.165791	-0.109903	0.980018
0.165783	-0.109908	0.980019
0.165784	-0.109908	0.980018
0.165787	-0.109907	0.980018
0.165784	-0.109909	0.980018
0.165787	-0.109911	0.980018
0.165789	-0.109931	0.980015
0.165782	-0.109935	0.980015
0.165783	-0.109936	0.980015
0.165788	-0.109933	0.980015
0.165785	-0.109936	0.980015
0.165789	-0.109936	0.980014
0.165816	-0.109943	0.980009
0.165817	-0.109943	0.980009
0.165818	-0.109944	0.980009
0.165817	-0.109941	0.980009
0.165815	-0.109944	0.980009
0.16582	-0.109943	0.980008
0.165846	-0.109935	0.980005
0.165848	-0.109934	0.980005
0.165849	-0.109935	0.980004
0.165848	-0.109931	0.980005
0.165846	-0.109934	0.980005
0.165852	-0.109931	0.980004
0.165877	-0.10991	0.980002
0.165879	-0.109908	0.980002
0.16588	-0.109908	0.980002
0.165878	-0.109905	0.980003
0.165876	-0.109907	0.980003
0.165882	-0.109903	0.980002
0.165898	-0.109878	0.980002
0.165898	-0.109874	0.980003
0.1659	-0.109875	0.980002
0.165896	-0.109872	0.980003
0.165895	-0.109874	0.980003
0.165898	-0.10987	0.980003
0.1659	-0.109849	0.980005
0.165899	-0.109847	0.980006
0.1659	-0.109847	0.980005
0.165896	-0.109846	0.980006
0.165894	-0.109847	0.980006
0.165896	-0.109845	0.980006
0.165883	-0.109836	0.98001
0.16588	-0.109835	0.98001
0.165882	-0.109836	0.98001
0.165877	-0.109836	0.980011
0.165875	-0.109837	0.980011
0.165875	-0.109836	0.980011
0.165853	-0.109844	0.980014
0.165849	-0.109845	0.980014
0.165851	-0.109845	0.980014
0.165846	-0.109846	0.980015
0.165844	-0.109847	0.980015
0.165844	-0.109848	0.980015
0.165822	-0.109869	0.980016
0.165818	-0.109871	0.980017
0.165819	-0.109871	0.980016
0.165816	-0.109872	0.980017
0.165813	-0.109874	0.980017
0.165814	-0.109876	0.980017
0.165801	-0.109901	0.980016
0.165798	-0.109904	0.980016
0.165799	-0.109905	0.980016
0.165798	-0.109905	0.980016
0.165794	-0.109907	0.980017
0.165797	-0.109909	0.980016
0.165799	-0.10993	0.980013
0.165798	-0.109932	0.980013
0.165799	-0.109933	0.980013
0.165798	-0.109931	0.980013
0.165795	-0.109934	0.980014
0.1658	-0.109935	0.980013
0.165782	-0.109956	0.980013
0.165788	-0.109955	0.980012
0.165789	-0.109956	0.980012
0.165785	-0.109954	0.980013
0.165783	-0.109957	0.980013
0.165787	-0.109956	0.980012
0.165812	-0.109949	0.980009
0.165819	-0.109945	0.980008
0.16582	-0.109947	0.980008
0.165815	-0.109944	0.980009
0.165814	-0.109946	0.980009
0.165818	-0.109944	0.980008
0.165843	-0.109924	0.980007
0.165851	-0.109919	0.980006
0.165851	-0.10992	0.980006
0.165846	-0.109918	0.980007
0.165844	-0.10992	0.980007
0.165848	-0.109916	0.980007
0.165864	-0.109891	0.980007
0.16587	-0.109886	0.980006
0.165871	-0.109887	0.980006
0.165864	-0.109885	0.980007
0.165863	-0.109886	0.980007
0.165865	-0.109883	0.980007
0.165866	-0.109863	0.980009
0.165871	-0.109858	0.980009
0.165872	-0.109859	0.980009
0.165863	-0.109859	0.98001
0.165863	-0.10986	0.98001
0.165863	-0.109858	0.980011
0.165849	-0.10985	0.980014
0.165852	-0.109847	0.980014
0.165853	-0.109847	0.980013
0.165844	-0.109849	0.980015
0.165843	-0.109849	0.980015
0.165842	-0.10985	0.980015
0.165819	-0.109857	0.980018
0.165821	-0.109856	0.980018
0.165822	-0.109857	0.980018
0.165814	-0.109859	0.980019
0.165812	-0.10986	0.980019
0.165811	-0.109862	0.980019
0.165788	-0.109882	0.980021
0.16579	-0.109883	0.98002
0.16579	-0.109883	0.98002
0.165784	-0.109885	0.980021
0.165781	-0.109887	0.980021
0.165781	-0.109889	0.980021
0.165767	-0.109915	0.98002
0.16577	-0.109916	0.98002
0.165771	-0.109917	0.98002
0.165766	-0.109918	0.98002
0.165762	-0.10992	0.980021
0.165764	-0.109922	0.98002
0.165765	-0.109943	0.980018
0.16577	-0.109943	0.980017
0.16577	-0.109944	0.980017
0.165766	-0.109944	0.980017
0.165763	-0.109947	0.980018
0.165766	-0.109948	0.980017
0.165717	-0.109979	0.980022
0.165727	-0.109976	0.98002
0.165727	-0.109978	0.98002
0.165722	-0.109976	0.980021
0.16572	-0.109979	0.980021
0.165723	-0.109979	0.980021
0.165747	-0.109972	0.980017
0.165758	-0.109967	0.980016
0.165758	-0.109969	0.980016
0.165752	-0.109966	0.980017
0.165752	-0.109969	0.980017
0.165755	-0.109967	0.980017
0.165778	-0.109947	0.980015
0.16579	-0.109941	0.980014
0.165789	-0.109942	0.980014
0.165783	-0.10994	0.980015
0.165783	-0.109942	0.980015
0.165784	-0.109939	0.980015
0.165799	-0.109914	0.980015
0.165809	-0.109908	0.980014
0.165809	-0.109909	0.980014
0.165801	-0.109908	0.980015
0.165801	-0.109909	0.980015
0.165801	-0.109906	0.980016
0.165801	-0.109886	0.980018
0.16581	-0.10988	0.980017
0.16581	-0.109881	0.980017
0.1658	-0.109882	0.980018
0.165801	-0.109882	0.980018
0.165799	-0.109881	0.980019
0.165784	-0.109873	0.980022
0.165791	-0.109869	0.980022
0.165791	-0.10987	0.980021
0.165781	-0.109872	0.980023
0.165781	-0.109872	0.980023
0.165778	-0.109873	0.980023
0.165754	-0.10988	0.980026
0.16576	-0.109878	0.980026
0.16576	-0.109879	0.980026
0.165751	-0.109882	0.980027
0.16575	-0.109882	0.980027
0.165747	-0.109885	0.980027
0.165723	-0.109905	0.980029
0.165729	-0.109904	0.980028
0.165728	-0.109905	0.980028
0.165721	-0.109908	0.980029
0.165719	-0.109909	0.980029
0.165717	-0.109912	0.980029
0.165702	-0.109938	0.980029
0.165709	-0.109938	0.980028
0.165709	-0.109939	0.980028
0.165702	-0.10994	0.980029
0.1657	-0.109942	0.980029
0.1657	-0.109945	0.980028
0.1657	-0.109966	0.980026
0.165708	-0.109965	0.980025
0.165708	-0.109967	0.980025
0.165703	-0.109966	0.980026
0.165701	-0.109969	0.980026
0.165702	-0.10997	0.980025
0.165645	-0.110003	0.980031
0.165657	-0.110001	0.980029
0.165655	-0.110002	0.980029
0.165652	-0.11	0.98003
0.165652	-0.110002	0.98003
0.165653	-0.110003	0.98003
0.165675	-0.109996	0.980027
0.165688	-0.109991	0.980025
0.165687	-0.109993	0.980025
0.165683	-0.10999	0.980026
0.165683	-0.109992	0.980026
0.165684	-0.109991	0.980026
0.165707	-0.109971	0.980024
0.165719	-0.109965	0.980023
0.165718	-0.109967	0.980023
0.165713	-0.109964	0.980024
0.165714	-0.109965	0.980024
0.165714	-0.109963	0.980024
0.165728	-0.109938	0.980024
0.165739	-0.109932	0.980023
0.165738	-0.109933	0.980023
0.165731	-0.109932	0.980025
0.165733	-0.109932	0.980024
0.165731	-0.10993	0.980025
0.16573	-0.10991	0.980027
0.165739	-0.109904	0.980026
0.165739	-0.109906	0.980026
0.165731	-0.109905	0.980028
0.165732	-0.109905	0.980027
0.165729	-0.109905	0.980028
0.165713	-0.109897	0.980032
0.16572	-0.109893	0.980031
0.16572	-0.109894	0.980031
0.165712	-0.109895	0.980032
0.165713	-0.109895	0.980032
0.165708	-0.109896	0.980033
0.165683	-0.109904	0.980036
0.165689	-0.109902	0.980035
0.165688	-0.109903	0.980035
0.165681	-0.109905	0.980036
0.165681	-0.109905	0.980036
0.165676	-0.109908	0.980037
0.165652	-0.109929	0.980038
0.165658	-0.109928	0.980037
0.165657	-0.10993	0.980037
0.165651	-0.109931	0.980038
0.165651	-0.109932	0.980038
0.165646	-0.109936	0.980038
0.165631	-0.109962	0.980038
0.165638	-0.109962	0.980037
0.165637	-0.109963	0.980037
0.165633	-0.109964	0.980038
0.165632	-0.109965	0.980038
0.165629	-0.109969	0.980038
0.165628	-0.10999	0.980035
0.165638	-0.109989	0.980034
0.165636	-0.109991	0.980034
0.165633	-0.10999	0.980035
0.165632	-0.109992	0.980035
0.165632	-0.109994	0.980034
0.165595	-0.110019	0.980038
0.165603	-0.110018	0.980037
0.165602	-0.11002	0.980037
0.165602	-0.110016	0.980037
0.165603	-0.110018	0.980037
0.165603	-0.110018	0.980037
0.165625	-0.110012	0.980034
0.165634	-0.110009	0.980032
0.165633	-0.11001	0.980032
0.165633	-0.110006	0.980033
0.165635	-0.110007	0.980032
0.165635	-0.110006	0.980033
0.165657	-0.109987	0.980031
0.165666	-0.109982	0.98003
0.165664	-0.109984	0.98003
0.165663	-0.10998	0.980031
0.165666	-0.10998	0.98003
0.165665	-0.109979	0.980031
0.165678	-0.109954	0.980031
0.165685	-0.109949	0.98003
0.165684	-0.10995	0.98003
0.165681	-0.109947	0.980031
0.165684	-0.109947	0.980031
0.165681	-0.109946	0.980031
0.16568	-0.109926	0.980034
0.165686	-0.109921	0.980033
0.165685	-0.109923	0.980033
0.165681	-0.109921	0.980034
0.165684	-0.10992	0.980034
0.165679	-0.10992	0.980035
0.165663	-0.109913	0.980038
0.165667	-0.10991	0.980038
0.165666	-0.109911	0.980038
0.165662	-0.109911	0.980039
0.165664	-0.10991	0.980038
0.165658	-0.109912	0.980039
0.165633	-0.10992	0.980043
0.165636	-0.109919	0.980042
0.165635	-0.10992	0.980042
0.165631	-0.109921	0.980043
0.165633	-0.10992	0.980043
0.165626	-0.109924	0.980043
0.165601	-0.109945	0.980045
0.165605	-0.109945	0.980044
0.165603	-0.109947	0.980045
0.165601	-0.109947	0.980045
0.165602	-0.109947	0.980045
0.165596	-0.109951	0.980045
0.16558	-0.109978	0.980045
0.165585	-0.109979	0.980044
0.165583	-0.10998	0.980044
0.165583	-0.109979	0.980044
0.165583	-0.10998	0.980044
0.16558	-0.109984	0.980044
0.165578	-0.110006	0.980042
0.165584	-0.110006	0.980041
0.165583	-0.110008	0.980041
0.165583	-0.110006	0.980041
0.165584	-0.110007	0.980041
0.165582	-0.11001	0.980041
0.165585	-0.110021	0.980039
0.165588	-0.110021	0.980039
0.165586	-0.110023	0.980039
0.165592	-0.110018	0.980039
0.165593	-0.110019	0.980038
0.165593	-0.11002	0.980038
0.165615	-0.110014	0.980035
0.165619	-0.110012	0.980035
0.165617	-0.110014	0.980035
0.165622	-0.110008	0.980034
0.165624	-0.110009	0.980034
0.165624	-0.110008	0.980034
0.165646	-0.109989	0.980033
0.16565	-0.109986	0.980032
0.165649	-0.109988	0.980032
0.165652	-0.109982	0.980032
0.165655	-0.109982	0.980032
0.165654	-0.10998	0.980032
0.165667	-0.109956	0.980033
0.16567	-0.109952	0.980033
0.165669	-0.109954	0.980033
0.16567	-0.109949	0.980033
0.165674	-0.109949	0.980032
0.165671	-0.109947	0.980033
0.16567	-0.109927	0.980036
0.16567	-0.109924	0.980036
0.165669	-0.109926	0.980036
0.16567	-0.109923	0.980036
0.165673	-0.109922	0.980036
0.165669	-0.109921	0.980036
0.165652	-0.109914	0.98004
0.165651	-0.109913	0.98004
0.16565	-0.109914	0.98004
0.165651	-0.109912	0.98004
0.165654	-0.109911	0.98004
0.165648	-0.109913	0.980041
0.165622	-0.109921	0.980044
0.16562	-0.109922	0.980044
0.165619	-0.109923	0.980044
0.16562	-0.109922	0.980044
0.165622	-0.109921	0.980044
0.165616	-0.109925	0.980045
0.165591	-0.109946	0.980047
0.165589	-0.109948	0.980047
0.165588	-0.10995	0.980047
0.16559	-0.109948	0.980047
0.165592	-0.109948	0.980046
0.165586	-0.109953	0.980047
0.16557	-0.109979	0.980046
0.16557	-0.109982	0.980046
0.165568	-0.109983	0.980046
0.165572	-0.109981	0.980046
0.165573	-0.109982	0.980046
0.165569	-0.109986	0.980046
0.165568	-0.110008	0.980044
0.165569	-0.11001	0.980043
0.165567	-0.110012	0.980043
0.165572	-0.110008	0.980043
0.165574	-0.110009	0.980043
0.165572	-0.110012	0.980043
0.165619	-0.110008	0.980035
0.165616	-0.11001	0.980035
0.165615	-0.110012	0.980035
0.165624	-0.110005	0.980034
0.165625	-0.110007	0.980034
0.165626	-0.110007	0.980034
0.165649	-0.110001	0.980031
0.165647	-0.110001	0.980031
0.165646	-0.110003	0.980031
0.165654	-0.109995	0.98003
0.165656	-0.109997	0.98003
0.165658	-0.109995	0.98003
0.16568	-0.109976	0.980028
0.165678	-0.109974	0.980029
0.165678	-0.109976	0.980029
0.165684	-0.109969	0.980028
0.165687	-0.10997	0.980028
0.165687	-0.109967	0.980028
0.165701	-0.109942	0.980028
0.165698	-0.109941	0.980029
0.165697	-0.109942	0.980029
0.165703	-0.109936	0.980029
0.165706	-0.109936	0.980028
0.165704	-0.109934	0.980029
0.165703	-0.109914	0.980031
0.165698	-0.109913	0.980032
0.165698	-0.109914	0.980032
0.165702	-0.10991	0.980032
0.165705	-0.109909	0.980032
0.165702	-0.109908	0.980032
0.165686	-0.109901	0.980036
0.16568	-0.109901	0.980037
0.165679	-0.109902	0.980037
0.165683	-0.109899	0.980036
0.165685	-0.109898	0.980036
0.165681	-0.1099	0.980037
0.165656	-0.109908	0.98004
0.165649	-0.10991	0.980041
0.165648	-0.109911	0.980041
0.165653	-0.109909	0.98004
0.165654	-0.109909	0.98004
0.165649	-0.109912	0.980041
0.165625	-0.109933	0.980042
0.165617	-0.109937	0.980043
0.165617	-0.109938	0.980043
0.165623	-0.109935	0.980043
0.165624	-0.109936	0.980042
0.16562	-0.10994	0.980043
0.165604	-0.109966	0.980042
0.165598	-0.109971	0.980043
0.165597	-0.109972	0.980043
0.165604	-0.109968	0.980042
0.165605	-0.109969	0.980042
0.165603	-0.109973	0.980042
0.165602	-0.109995	0.980039
0.165597	-0.109998	0.98004
0.165596	-0.11	0.98004
0.165605	-0.109995	0.980039
0.165606	-0.109996	0.980039
0.165605	-0.109999	0.980038
0.165684	-0.109985	0.980027
0.165677	-0.109988	0.980027
0.165677	-0.109989	0.980027
0.165687	-0.109983	0.980026
0.165687	-0.109985	0.980026
0.16569	-0.109984	0.980026
0.165714	-0.109977	0.980022
0.165708	-0.109979	0.980023
0.165708	-0.10998	0.980023
0.165717	-0.109973	0.980022
0.165718	-0.109975	0.980022
0.165722	-0.109972	0.980022
0.165745	-0.109952	0.98002
0.16574	-0.109952	0.980021
0.165739	-0.109954	0.980021
0.165747	-0.109946	0.98002
0.165749	-0.109947	0.98002
0.165751	-0.109944	0.98002
0.165766	-0.109919	0.98002
0.165759	-0.109919	0.980021
0.165759	-0.10992	0.980021
0.165766	-0.109914	0.980021
0.165768	-0.109914	0.98002
0.165768	-0.109911	0.980021
0.165768	-0.109891	0.980023
0.16576	-0.109891	0.980024
0.16576	-0.109892	0.980024
0.165765	-0.109887	0.980024
0.165767	-0.109887	0.980024
0.165766	-0.109885	0.980024
0.165751	-0.109877	0.980027
0.165741	-0.109879	0.980029
0.165741	-0.10988	0.980029
0.165746	-0.109877	0.980028
0.165747	-0.109876	0.980028
0.165745	-0.109877	0.980028
0.165721	-0.109885	0.980032
0.16571	-0.109888	0.980033
0.16571	-0.109889	0.980033
0.165716	-0.109887	0.980032
0.165716	-0.109887	0.980032
0.165714	-0.109889	0.980032
0.16569	-0.10991	0.980034
0.165679	-0.109915	0.980035
0.165679	-0.109916	0.980035
0.165686	-0.109913	0.980034
0.165686	-0.109914	0.980034
0.165684	-0.109917	0.980034
0.165669	-0.109943	0.980034
0.165659	-0.109949	0.980035
0.165659	-0.10995	0.980035
0.165668	-0.109946	0.980034
0.165667	-0.109947	0.980034
0.165667	-0.10995	0.980033
0.165667	-0.109972	0.980031
0.165659	-0.109977	0.980032
0.165658	-0.109978	0.980032
0.165668	-0.109972	0.980031
0.165668	-0.109974	0.980031
0.165669	-0.109976	0.98003
0.165745	-0.109988	0.980016
0.165743	-0.109986	0.980016
0.165744	-0.109987	0.980016
0.165761	-0.109983	0.980014
0.165758	-0.109987	0.980014
0.165754	-0.109989	0.980014
0.165776	-0.109983	0.980011
0.165775	-0.109978	0.980012
0.165776	-0.109979	0.980012
0.165793	-0.109974	0.980009
0.165791	-0.109978	0.980009
0.165788	-0.109978	0.98001
0.16581	-0.109959	0.980008
0.165808	-0.109951	0.980009
0.165809	-0.109953	0.980009
0.165826	-0.109947	0.980007
0.165825	-0.10995	0.980007
0.165821	-0.10995	0.980007
0.165836	-0.109923	0.980008
0.16583	-0.109916	0.98001
0.165832	-0.109917	0.980009
0.165847	-0.109911	0.980007
0.165847	-0.109914	0.980007
0.165842	-0.109914	0.980008
0.165842	-0.109891	0.98001
0.165833	-0.109886	0.980013
0.165835	-0.109887	0.980012
0.165848	-0.109882	0.98001
0.165849	-0.109884	0.98001
0.165842	-0.109884	0.980011
0.165827	-0.109873	0.980015
0.165814	-0.109872	0.980017
0.165817	-0.109872	0.980017
0.165829	-0.109869	0.980015
0.165831	-0.10987	0.980015
0.165822	-0.109872	0.980016
0.165796	-0.109878	0.98002
0.165783	-0.10988	0.980022
0.165786	-0.10988	0.980021
0.165797	-0.109879	0.980019
0.165798	-0.109878	0.980019
0.165789	-0.109882	0.98002
0.165761	-0.109902	0.980023
0.16575	-0.109907	0.980024
0.165752	-0.109906	0.980024
0.165764	-0.109906	0.980022
0.165764	-0.109906	0.980022
0.165756	-0.109911	0.980023
0.165736	-0.109938	0.980023
0.165728	-0.109942	0.980024
0.165729	-0.109942	0.980024
0.165743	-0.109941	0.980021
0.165742	-0.109942	0.980022
0.165735	-0.109947	0.980022
0.16573	-0.10997	0.98002
0.165725	-0.109972	0.980021
0.165726	-0.109972	0.980021
0.165742	-0.109971	0.980018
0.165739	-0.109973	0.980019
0.165734	-0.109977	0.980019
0.165808	-0.109967	0.980008
0.165804	-0.109966	0.980008
0.165804	-0.109967	0.980008
0.16582	-0.109964	0.980006
0.165817	-0.109968	0.980006
0.165818	-0.109968	0.980006
0.165839	-0.109963	0.980003
0.165836	-0.109958	0.980004
0.165835	-0.10996	0.980004
0.165852	-0.109955	0.980002
0.16585	-0.109959	0.980001
0.165851	-0.109958	0.980001
0.165874	-0.109938	0.98
0.165869	-0.109931	0.980001
0.165869	-0.109933	0.980001
0.165885	-0.109928	0.979999
0.165884	-0.109931	0.979999
0.165885	-0.109929	0.979999
0.165899	-0.109903	0.979999
0.165891	-0.109896	0.980002
0.165892	-0.109898	0.980001
0.165906	-0.109893	0.979999
0.165906	-0.109895	0.979999
0.165906	-0.109893	0.979999
0.165905	-0.10987	0.980002
0.165893	-0.109866	0.980005
0.165895	-0.109868	0.980004
0.165907	-0.109863	0.980002
0.165908	-0.109865	0.980002
0.165906	-0.109863	0.980003
0.16589	-0.109853	0.980007
0.165875	-0.109853	0.980009
0.165877	-0.109853	0.980009
0.165888	-0.109851	0.980007
0.16589	-0.109851	0.980007
0.165886	-0.109851	0.980007
0.165859	-0.109858	0.980011
0.165844	-0.109861	0.980014
0.165845	-0.109861	0.980013
0.165856	-0.10986	0.980011
0.165857	-0.10986	0.980011
0.165853	-0.109862	0.980012
0.165824	-0.109882	0.980014
0.16581	-0.109887	0.980016
0.165812	-0.109887	0.980016
0.165823	-0.109888	0.980014
0.165823	-0.109887	0.980014
0.165819	-0.109891	0.980014
0.165799	-0.109918	0.980015
0.165788	-0.109922	0.980016
0.165789	-0.109922	0.980016
0.165802	-0.109923	0.980014
0.165801	-0.109924	0.980014
0.165798	-0.109926	0.980014
0.165793	-0.10995	0.980012
0.165786	-0.109952	0.980013
0.165786	-0.109953	0.980013
0.165801	-0.109952	0.980011
0.165798	-0.109954	0.980011
0.165798	-0.109956	0.980011
0.165827	-0.109963	0.980005
0.165824	-0.109961	0.980006
0.165822	-0.109963	0.980006
0.165832	-0.109962	0.980004
0.16583	-0.109965	0.980004
0.165836	-0.109964	0.980003
0.165858	-0.109958	0.98
0.165856	-0.109953	0.980001
0.165854	-0.109955	0.980001
0.165864	-0.109953	0.98
0.165863	-0.109956	0.98
0.165869	-0.109953	0.979999
0.165893	-0.109934	0.979997
0.165889	-0.109926	0.979999
0.165888	-0.109929	0.979998
0.165897	-0.109926	0.979997
0.165897	-0.109929	0.979997
0.165903	-0.109925	0.979996
0.165918	-0.109898	0.979997
0.165911	-0.109891	0.979999
0.165911	-0.109894	0.979999
0.165918	-0.109891	0.979998
0.165919	-0.109893	0.979997
0.165924	-0.109889	0.979997
0.165924	-0.109866	0.979999
0.165913	-0.109861	0.980002
0.165914	-0.109863	0.980001
0.16592	-0.109861	0.980001
0.165921	-0.109863	0.98
0.165924	-0.109859	0.98
0.165909	-0.109849	0.980004
0.165895	-0.109848	0.980006
0.165896	-0.109849	0.980006
0.165901	-0.109849	0.980005
0.165903	-0.109849	0.980005
0.165904	-0.109848	0.980005
0.165878	-0.109854	0.980009
0.165864	-0.109856	0.980011
0.165864	-0.109856	0.980011
0.165869	-0.109858	0.98001
0.16587	-0.109858	0.980009
0.165871	-0.109858	0.980009
0.165843	-0.109878	0.980012
0.16583	-0.109883	0.980013
0.16583	-0.109883	0.980013
0.165836	-0.109886	0.980012
0.165836	-0.109885	0.980012
0.165837	-0.109887	0.980012
0.165818	-0.109913	0.980012
0.165808	-0.109917	0.980013
0.165808	-0.109918	0.980013
0.165814	-0.109921	0.980012
0.165813	-0.109921	0.980012
0.165816	-0.109922	0.980011
0.165812	-0.109946	0.980009
0.165806	-0.109947	0.98001
0.165805	-0.109948	0.98001
0.165813	-0.10995	0.980009
0.165811	-0.109952	0.980009
0.165816	-0.109952	0.980008
0.165794	-0.109976	0.980009
0.165795	-0.109972	0.980009
0.165793	-0.109975	0.980009
0.165794	-0.109977	0.980009
0.165792	-0.10998	0.980009
0.165802	-0.109977	0.980008
0.165825	-0.109971	0.980004
0.165827	-0.109964	0.980005
0.165825	-0.109967	0.980005
0.165826	-0.109968	0.980005
0.165825	-0.109971	0.980004
0.165835	-0.109967	0.980003
0.16586	-0.109947	0.980001
0.16586	-0.109938	0.980002
0.165858	-0.109941	0.980002
0.165859	-0.109941	0.980002
0.165859	-0.109944	0.980002
0.165869	-0.109939	0.980001
0.165885	-0.109912	0.980001
0.165883	-0.109903	0.980002
0.165881	-0.109906	0.980002
0.16588	-0.109906	0.980002
0.165881	-0.109908	0.980002
0.16589	-0.109903	0.980001
0.165892	-0.10988	0.980003
0.165885	-0.109873	0.980005
0.165884	-0.109875	0.980005
0.165881	-0.109877	0.980005
0.165884	-0.109878	0.980005
0.16589	-0.109874	0.980004
0.165876	-0.109862	0.980008
0.165867	-0.10986	0.98001
0.165867	-0.109861	0.98001
0.165862	-0.109865	0.98001
0.165865	-0.109865	0.98001
0.16587	-0.109862	0.980009
0.165845	-0.109867	0.980013
0.165835	-0.109868	0.980014
0.165835	-0.109869	0.980014
0.16583	-0.109874	0.980014
0.165832	-0.109873	0.980014
0.165837	-0.109872	0.980013
0.165811	-0.109891	0.980016
0.165802	-0.109894	0.980017
0.165801	-0.109895	0.980017
0.165797	-0.109901	0.980017
0.165798	-0.109901	0.980017
0.165803	-0.109901	0.980016
0.165785	-0.109927	0.980016
0.16578	-0.109929	0.980017
0.165778	-0.10993	0.980017
0.165776	-0.109936	0.980017
0.165775	-0.109936	0.980017
0.165782	-0.109936	0.980015
0.165779	-0.109959	0.980013
0.165777	-0.109959	0.980014
0.165775	-0.10996	0.980014
0.165774	-0.109965	0.980014
0.165773	-0.109967	0.980014
0.165781	-0.109966	0.980012
0.165722	-0.110002	0.980018
0.16573	-0.109996	0.980018
0.165726	-0.109998	0.980018
0.165719	-0.110004	0.980019
0.165717	-0.110007	0.980019
0.165728	-0.110004	0.980017
0.165753	-0.109997	0.980014
0.165761	-0.109988	0.980013
0.165758	-0.109991	0.980013
0.165751	-0.109995	0.980014
0.16575	-0.109998	0.980014
0.165761	-0.109993	0.980013
0.165788	-0.109973	0.98001
0.165795	-0.109962	0.98001
0.165792	-0.109965	0.980011
0.165784	-0.109968	0.980012
0.165784	-0.109971	0.980011
0.165795	-0.109965	0.98001
0.165814	-0.109938	0.98001
0.165817	-0.109927	0.980011
0.165815	-0.10993	0.980011
0.165805	-0.109933	0.980012
0.165807	-0.109935	0.980011
0.165816	-0.109929	0.98001
0.16582	-0.109906	0.980013
0.165819	-0.109897	0.980014
0.165818	-0.109899	0.980014
0.165807	-0.109904	0.980015
0.165809	-0.109905	0.980014
0.165817	-0.1099	0.980014
0.165805	-0.109888	0.980017
0.165801	-0.109884	0.980018
0.1658	-0.109885	0.980018
0.165787	-0.109891	0.98002
0.16579	-0.109891	0.980019
0.165796	-0.109888	0.980018
0.165774	-0.109893	0.980022
0.165769	-0.109892	0.980023
0.165768	-0.109893	0.980023
0.165755	-0.109901	0.980024
0.165757	-0.1099	0.980024
0.165763	-0.109899	0.980023
0.165739	-0.109917	0.980025
0.165736	-0.109918	0.980025
0.165735	-0.109919	0.980025
0.165722	-0.109928	0.980027
0.165723	-0.109927	0.980026
0.165729	-0.109927	0.980025
0.165713	-0.109952	0.980025
0.165714	-0.109953	0.980025
0.165712	-0.109954	0.980025
0.165701	-0.109963	0.980026
0.165701	-0.109963	0.980026
0.165708	-0.109963	0.980025
0.165707	-0.109985	0.980023
0.165711	-0.109983	0.980022
0.165709	-0.109984	0.980023
0.1657	-0.109992	0.980023
0.165698	-0.109993	0.980023
0.165708	-0.109992	0.980022
0.165639	-0.11003	0.980029
0.165651	-0.110023	0.980028
0.165648	-0.110025	0.980028
0.165636	-0.110032	0.980029
0.165635	-0.110035	0.980029
0.165643	-0.110033	0.980028
0.16567	-0.110026	0.980024
0.165683	-0.110015	0.980023
0.16568	-0.110018	0.980024
0.165669	-0.110023	0.980025
0.165668	-0.110026	0.980025
0.165677	-0.110023	0.980024
0.165705	-0.110001	0.980021
0.165717	-0.109989	0.980021
0.165714	-0.109991	0.980021
0.165702	-0.109996	0.980022
0.165702	-0.109999	0.980022
0.16571	-0.109994	0.980021
0.16573	-0.109966	0.980021
0.165739	-0.109954	0.980021
0.165737	-0.109956	0.980021
0.165723	-0.109961	0.980023
0.165724	-0.109963	0.980022
0.165731	-0.109959	0.980022
0.165736	-0.109934	0.980023
0.165741	-0.109924	0.980024
0.16574	-0.109926	0.980024
0.165724	-0.109932	0.980026
0.165727	-0.109933	0.980025
0.165732	-0.109929	0.980025
0.165721	-0.109917	0.980028
0.165723	-0.109911	0.980028
0.165722	-0.109912	0.980028
0.165705	-0.109919	0.98003
0.165708	-0.109919	0.98003
0.165711	-0.109917	0.98003
0.16569	-0.109921	0.980033
0.165691	-0.109919	0.980033
0.165691	-0.109919	0.980033
0.165673	-0.109929	0.980035
0.165675	-0.109928	0.980035
0.165678	-0.109928	0.980034
0.165655	-0.109946	0.980036
0.165658	-0.109945	0.980036
0.165657	-0.109946	0.980036
0.165639	-0.109956	0.980037
0.16564	-0.109955	0.980037
0.165644	-0.109956	0.980037
0.16563	-0.109981	0.980036
0.165636	-0.10998	0.980035
0.165634	-0.10998	0.980036
0.165618	-0.109991	0.980037
0.165618	-0.109991	0.980037
0.165623	-0.109992	0.980036
0.165623	-0.110013	0.980034
0.165633	-0.110009	0.980032
0.165631	-0.110011	0.980033
0.165617	-0.11002	0.980034
0.165616	-0.110021	0.980034
0.165623	-0.110021	0.980033
0.165576	-0.110051	0.980038
0.165591	-0.110043	0.980036
0.165589	-0.110045	0.980036
0.165578	-0.110051	0.980037
0.165576	-0.110054	0.980037
0.16558	-0.110054	0.980037
0.165607	-0.110046	0.980033
0.165623	-0.110035	0.980031
0.165621	-0.110037	0.980031
0.16561	-0.110042	0.980033
0.165609	-0.110045	0.980033
0.165613	-0.110043	0.980032
0.165642	-0.110022	0.98003
0.165656	-0.110008	0.980029
0.165655	-0.110011	0.980029
0.165643	-0.110015	0.98003
0.165643	-0.110018	0.98003
0.165647	-0.110015	0.98003
0.165667	-0.109987	0.980029
0.165678	-0.109973	0.980029
0.165677	-0.109976	0.980029
0.165664	-0.10998	0.980031
0.165665	-0.109982	0.98003
0.165668	-0.109979	0.98003
0.165673	-0.109954	0.980032
0.165681	-0.109944	0.980032
0.165681	-0.109945	0.980032
0.165665	-0.10995	0.980034
0.165668	-0.109952	0.980033
0.165668	-0.10995	0.980033
0.165658	-0.109937	0.980036
0.165662	-0.10993	0.980036
0.165663	-0.109931	0.980036
0.165646	-0.109938	0.980038
0.165649	-0.109938	0.980038
0.165648	-0.109938	0.980038
0.165627	-0.109942	0.980041
0.16563	-0.109938	0.980041
0.165631	-0.109938	0.980041
0.165614	-0.109947	0.980043
0.165616	-0.109946	0.980042
0.165614	-0.109948	0.980043
0.165592	-0.109966	0.980044
0.165597	-0.109964	0.980044
0.165597	-0.109965	0.980044
0.165581	-0.109974	0.980045
0.165581	-0.109974	0.980045
0.165581	-0.109976	0.980045
0.165566	-0.110001	0.980045
0.165575	-0.109999	0.980043
0.165574	-0.11	0.980044
0.165559	-0.110009	0.980045
0.165559	-0.11001	0.980045
0.16556	-0.110012	0.980045
0.16556	-0.110034	0.980042
0.165573	-0.110029	0.98004
0.165571	-0.11003	0.980041
0.165558	-0.110039	0.980042
0.165557	-0.11004	0.980042
0.165559	-0.110042	0.980041
0.165557	-0.110056	0.98004
0.165571	-0.110048	0.980039
0.16557	-0.110049	0.980039
0.165565	-0.110053	0.980039
0.165563	-0.110056	0.980039
0.165562	-0.110058	0.980039
0.165588	-0.110051	0.980035
0.165603	-0.11004	0.980034
0.165602	-0.110042	0.980034
0.165597	-0.110044	0.980035
0.165596	-0.110048	0.980034
0.165595	-0.110048	0.980035
0.165623	-0.110027	0.980032
0.165636	-0.110013	0.980032
0.165636	-0.110016	0.980031
0.165631	-0.110017	0.980032
0.16563	-0.11002	0.980032
0.165629	-0.110019	0.980032
0.165648	-0.109991	0.980032
0.165658	-0.109978	0.980032
0.165659	-0.10998	0.980031
0.165652	-0.109982	0.980032
0.165652	-0.109984	0.980032
0.16565	-0.109983	0.980033
0.165654	-0.109959	0.980035
0.16566	-0.109948	0.980035
0.165662	-0.109949	0.980034
0.165653	-0.109952	0.980036
0.165655	-0.109954	0.980035
0.16565	-0.109953	0.980036
0.165639	-0.109941	0.980039
0.165642	-0.109935	0.980039
0.165644	-0.109935	0.980039
0.165634	-0.10994	0.98004
0.165636	-0.10994	0.98004
0.16563	-0.109941	0.980041
0.165608	-0.109946	0.980044
0.16561	-0.109942	0.980044
0.165612	-0.109942	0.980044
0.165601	-0.109949	0.980045
0.165603	-0.109948	0.980044
0.165596	-0.109952	0.980045
0.165573	-0.10997	0.980047
0.165577	-0.109969	0.980046
0.165578	-0.109969	0.980046
0.165568	-0.109976	0.980047
0.165569	-0.109976	0.980047
0.165563	-0.10998	0.980048
0.165548	-0.110005	0.980047
0.165555	-0.110004	0.980046
0.165555	-0.110004	0.980046
0.165547	-0.110011	0.980047
0.165546	-0.110012	0.980047
0.165542	-0.110016	0.980047
0.165541	-0.110038	0.980045
0.165553	-0.110034	0.980043
0.165552	-0.110035	0.980043
0.165546	-0.110041	0.980044
0.165544	-0.110043	0.980044
0.165541	-0.110046	0.980044
0.16559	-0.110042	0.980036
0.165599	-0.110036	0.980035
0.165599	-0.110037	0.980035
0.165604	-0.110038	0.980034
0.165601	-0.110042	0.980034
0.165596	-0.110044	0.980035
0.165621	-0.110038	0.980031
0.165631	-0.110028	0.980031
0.165631	-0.11003	0.98003
0.165636	-0.110029	0.98003
0.165634	-0.110033	0.98003
0.165629	-0.110034	0.98003
0.165655	-0.110013	0.980028
0.165664	-0.110002	0.980028
0.165665	-0.110004	0.980028
0.165669	-0.110002	0.980027
0.165668	-0.110005	0.980027
0.165663	-0.110005	0.980028
0.165681	-0.109978	0.980028
0.165686	-0.109967	0.980028
0.165688	-0.109968	0.980028
0.16569	-0.109966	0.980028
0.16569	-0.109969	0.980027
0.165684	-0.109969	0.980028
0.165687	-0.109945	0.980031
0.165689	-0.109936	0.980031
0.165691	-0.109937	0.980031
0.165691	-0.109937	0.980031
0.165693	-0.109938	0.98003
0.165684	-0.109939	0.980032
0.165671	-0.109928	0.980035
0.165671	-0.109923	0.980036
0.165673	-0.109923	0.980035
0.165672	-0.109924	0.980035
0.165674	-0.109925	0.980035
0.165664	-0.109927	0.980036
0.16564	-0.109932	0.98004
0.165639	-0.109931	0.98004
0.165641	-0.10993	0.98004
0.16564	-0.109933	0.98004
0.165641	-0.109933	0.98004
0.16563	-0.109937	0.980041
0.165606	-0.109957	0.980043
0.165605	-0.109957	0.980043
0.165607	-0.109957	0.980043
0.165607	-0.109961	0.980042
0.165607	-0.109961	0.980042
0.165597	-0.109966	0.980043
0.16558	-0.109992	0.980043
0.165583	-0.109992	0.980043
0.165585	-0.109992	0.980043
0.165586	-0.109996	0.980042
0.165584	-0.109997	0.980042
0.165576	-0.110002	0.980043
0.165574	-0.110025	0.980041
0.165581	-0.110023	0.98004
0.165582	-0.110023	0.98004
0.165585	-0.110026	0.980039
0.165582	-0.110028	0.980039
0.165576	-0.110032	0.98004
0.165661	-0.110017	0.980027
0.165665	-0.110012	0.980027
0.165666	-0.110014	0.980026
0.165679	-0.110012	0.980025
0.165676	-0.110015	0.980025
0.16567	-0.110018	0.980025
0.165692	-0.110012	0.980022
0.165697	-0.110005	0.980022
0.165698	-0.110006	0.980022
0.165711	-0.110002	0.98002
0.165708	-0.110006	0.98002
0.165703	-0.110008	0.980021
0.165727	-0.109988	0.980019
0.16573	-0.109978	0.98002
0.165731	-0.10998	0.980019
0.165744	-0.109975	0.980018
0.165742	-0.109979	0.980017
0.165736	-0.109979	0.980018
0.165752	-0.109952	0.980019
0.165752	-0.109943	0.98002
0.165754	-0.109944	0.980019
0.165765	-0.10994	0.980018
0.165765	-0.109942	0.980018
0.165757	-0.109943	0.980019
0.165758	-0.109919	0.980021
0.165754	-0.109912	0.980023
0.165757	-0.109913	0.980022
0.165766	-0.10991	0.980021
0.165767	-0.109912	0.980021
0.165758	-0.109913	0.980022
0.165743	-0.109902	0.980026
0.165736	-0.109899	0.980027
0.165739	-0.109899	0.980027
0.165747	-0.109897	0.980026
0.165748	-0.109898	0.980026
0.165737	-0.109901	0.980027
0.165712	-0.109906	0.980031
0.165705	-0.109907	0.980032
0.165708	-0.109906	0.980031
0.165715	-0.109907	0.98003
0.165715	-0.109906	0.98003
0.165704	-0.109911	0.980032
0.165678	-0.109931	0.980034
0.165671	-0.109933	0.980034
0.165674	-0.109933	0.980034
0.165682	-0.109934	0.980033
0.165681	-0.109934	0.980033
0.165671	-0.10994	0.980034
0.165652	-0.109966	0.980034
0.165649	-0.109968	0.980034
0.165651	-0.109968	0.980034
0.165661	-0.109969	0.980032
0.165659	-0.10997	0.980032
0.16565	-0.109976	0.980033
0.165646	-0.109999	0.980031
0.165647	-0.109999	0.980031
0.165648	-0.109999	0.980031
0.165659	-0.109999	0.980029
0.165657	-0.110001	0.980029
0.165649	-0.110006	0.98003
0.165784	-0.109999	0.980008
0.165767	-0.110001	0.980011
0.165727	-0.110017	0.980016
0.165725	-0.110011	0.980017
0.165819	-0.109991	0.980003
0.165801	-0.109996	0.980006
0.165762	-0.110011	0.980011
0.165757	-0.110011	0.980011
0.165857	-0.109961	0.98
0.165839	-0.109969	0.980002
0.165801	-0.109982	0.980007
0.165796	-0.109987	0.980007
0.165884	-0.109921	0.98
0.165867	-0.109929	0.980002
0.165828	-0.109942	0.980007
0.165827	-0.109948	0.980006
0.165888	-0.109885	0.980003
0.165875	-0.109893	0.980005
0.165834	-0.109905	0.98001
0.165839	-0.10991	0.980009
0.165868	-0.109869	0.980008
0.165858	-0.109874	0.98001
0.165816	-0.109887	0.980015
0.165826	-0.109886	0.980014
0.165833	-0.109877	0.980014
0.165824	-0.109878	0.980015
0.165781	-0.109893	0.980021
0.165794	-0.109887	0.980019
0.165795	-0.109907	0.980017
0.165786	-0.109905	0.980018
0.165742	-0.109922	0.980024
0.165755	-0.10991	0.980023
0.165768	-0.109947	0.980017
0.165758	-0.109945	0.980019
0.165714	-0.109962	0.980024
0.165724	-0.109949	0.980024
0.165764	-0.109982	0.980013
0.165751	-0.109981	0.980016
0.165708	-0.109999	0.980021
0.165712	-0.109987	0.980022
0.165853	-0.109976	0.979999
0.165839	-0.109977	0.980001
0.16582	-0.109986	0.980004
0.165812	-0.109982	0.980005
0.165889	-0.109968	0.979994
0.165873	-0.109972	0.979996
0.165855	-0.10998	0.979998
0.165843	-0.109982	0.98
0.165927	-0.109938	0.979991
0.165912	-0.109945	0.979993
0.165894	-0.109951	0.979995
0.165882	-0.109958	0.979996
0.165953	-0.109899	0.979991
0.16594	-0.109906	0.979992
0.165921	-0.109911	0.979995
0.165914	-0.10992	0.979995
0.165958	-0.109864	0.979994
0.165947	-0.10987	0.979995
0.165927	-0.109874	0.979998
0.165925	-0.109882	0.979997
0.165938	-0.109847	0.979999
0.165931	-0.109851	0.98
0.165909	-0.109856	0.980003
0.165913	-0.109858	0.980002
0.165903	-0.109855	0.980004
0.165897	-0.109856	0.980005
0.165874	-0.109862	0.980008
0.165881	-0.109858	0.980007
0.165864	-0.109885	0.980007
0.165859	-0.109882	0.980009
0.165835	-0.109891	0.980012
0.165842	-0.109882	0.980011
0.165838	-0.109925	0.980007
0.165831	-0.109922	0.980009
0.165807	-0.109931	0.980012
0.165811	-0.109921	0.980012
0.165834	-0.10996	0.980004
0.165823	-0.109958	0.980006
0.165801	-0.109968	0.980009
0.165799	-0.109958	0.98001
0.16586	-0.109976	0.979998
0.165853	-0.109975	0.979999
0.165862	-0.109973	0.979998
0.165848	-0.109972	0.98
0.165896	-0.109968	0.979993
0.165887	-0.10997	0.979994
0.165897	-0.109967	0.979993
0.16588	-0.109971	0.979995
0.165934	-0.109939	0.979989
0.165926	-0.109943	0.97999
0.165936	-0.109938	0.979989
0.165919	-0.109948	0.979991
0.165961	-0.109899	0.979989
0.165954	-0.109904	0.97999
0.165964	-0.109899	0.979989
0.165951	-0.109909	0.97999
0.165965	-0.109864	0.979993
0.165962	-0.109868	0.979993
0.16597	-0.109863	0.979992
0.165962	-0.109871	0.979992
0.165946	-0.109848	0.979998
0.165945	-0.109849	0.979998
0.165952	-0.109844	0.979997
0.16595	-0.109848	0.979997
0.16591	-0.109856	0.980003
0.165911	-0.109854	0.980003
0.165917	-0.109851	0.980002
0.165918	-0.109849	0.980002
0.165871	-0.109886	0.980006
0.165873	-0.109881	0.980006
0.165878	-0.10988	0.980006
0.165879	-0.109872	0.980006
0.165845	-0.109925	0.980006
0.165845	-0.10992	0.980007
0.16585	-0.109919	0.980006
0.165848	-0.10991	0.980007
0.165841	-0.10996	0.980003
0.165837	-0.109955	0.980004
0.165844	-0.109955	0.980003
0.165836	-0.109948	0.980005
0.165802	-0.109998	0.980005
0.165803	-0.109994	0.980005
0.165837	-0.109984	0.980001
0.165821	-0.109983	0.980004
0.165838	-0.10999	0.98
0.165837	-0.109989	0.98
0.165873	-0.109978	0.979995
0.165853	-0.109983	0.979998
0.165876	-0.109961	0.979997
0.165876	-0.109962	0.979997
0.165912	-0.109949	0.979992
0.165892	-0.109959	0.979994
0.165903	-0.109922	0.979997
0.165905	-0.109924	0.979996
0.16594	-0.10991	0.979992
0.165924	-0.109921	0.979993
0.165907	-0.109887	0.98
0.165912	-0.109888	0.979999
0.165946	-0.109874	0.979995
0.165936	-0.109883	0.979995
0.165888	-0.109871	0.980005
0.165896	-0.109869	0.980004
0.165928	-0.109856	0.98
0.165923	-0.10986	0.98
0.165852	-0.109879	0.98001
0.165862	-0.109874	0.980009
0.165892	-0.109862	0.980005
0.165891	-0.109861	0.980005
0.165813	-0.109908	0.980013
0.165823	-0.1099	0.980013
0.165853	-0.109891	0.980009
0.165852	-0.109884	0.980009
0.165787	-0.109948	0.980013
0.165795	-0.109939	0.980013
0.165825	-0.109931	0.980009
0.165821	-0.109922	0.980011
0.165782	-0.109982	0.98001
0.165787	-0.109975	0.98001
0.165819	-0.109966	0.980006
0.165809	-0.10996	0.980008
0.165701	-0.110034	0.980018
0.165709	-0.110028	0.980018
0.165755	-0.110014	0.980011
0.165741	-0.110012	0.980014
0.165737	-0.110026	0.980013
0.165743	-0.110023	0.980012
0.165791	-0.110008	0.980006
0.165773	-0.110012	0.980009
0.165775	-0.109997	0.98001
0.165782	-0.109996	0.980009
0.16583	-0.109979	0.980003
0.165812	-0.109988	0.980005
0.165802	-0.109958	0.98001
0.16581	-0.109958	0.980008
0.165858	-0.10994	0.980002
0.165844	-0.109951	0.980003
0.165806	-0.109923	0.980013
0.165818	-0.109922	0.980011
0.165864	-0.109904	0.980005
0.165855	-0.109913	0.980006
0.165786	-0.109907	0.980018
0.165801	-0.109903	0.980016
0.165846	-0.109886	0.98001
0.165843	-0.10989	0.98001
0.16575	-0.109915	0.980023
0.165767	-0.109908	0.980021
0.16581	-0.109893	0.980016
0.165811	-0.10989	0.980016
0.165712	-0.109944	0.980026
0.165728	-0.109934	0.980025
0.165771	-0.109921	0.980019
0.165772	-0.109914	0.98002
0.165685	-0.109984	0.980027
0.1657	-0.109973	0.980025
0.165743	-0.109961	0.980019
0.16574	-0.109952	0.980021
0.165681	-0.110018	0.980023
0.165692	-0.110009	0.980023
0.165737	-0.109996	0.980016
0.165728	-0.109989	0.980019
0.165595	-0.110071	0.980032
0.165605	-0.110063	0.980031
0.165647	-0.110052	0.980025
0.165638	-0.110048	0.980027
0.165631	-0.110063	0.980027
0.165639	-0.110059	0.980026
0.165683	-0.110046	0.98002
0.16567	-0.110048	0.980022
0.16567	-0.110033	0.980024
0.165678	-0.110032	0.980022
0.165722	-0.110017	0.980017
0.165709	-0.110024	0.980018
0.165696	-0.109994	0.980024
0.165707	-0.109993	0.980022
0.16575	-0.109978	0.980016
0.165741	-0.109987	0.980017
0.1657	-0.109959	0.980027
0.165714	-0.109957	0.980025
0.165756	-0.109942	0.980019
0.165752	-0.109949	0.980019
0.165681	-0.109942	0.980032
0.165698	-0.109938	0.98003
0.165738	-0.109924	0.980024
0.16574	-0.109926	0.980024
0.165645	-0.10995	0.980037
0.165663	-0.109943	0.980035
0.165702	-0.10993	0.98003
0.165708	-0.109926	0.980029
0.165606	-0.10998	0.98004
0.165625	-0.109969	0.980038
0.165663	-0.109958	0.980033
0.165668	-0.10995	0.980033
0.16558	-0.110019	0.98004
0.165596	-0.110008	0.980039
0.165635	-0.109998	0.980033
0.165637	-0.109987	0.980034
0.165576	-0.110054	0.980037
0.165589	-0.110044	0.980036
0.165629	-0.110034	0.98003
0.165625	-0.110025	0.980032
0.165526	-0.110093	0.980041
0.165533	-0.110087	0.980041
0.165554	-0.110083	0.980038
0.165551	-0.110077	0.980039
0.165562	-0.110085	0.980036
0.165567	-0.110082	0.980035
0.16559	-0.110077	0.980032
0.165583	-0.110077	0.980033
0.1656	-0.110056	0.980033
0.165606	-0.110055	0.980032
0.165629	-0.110048	0.980029
0.165622	-0.110053	0.980029
0.165627	-0.110016	0.980033
0.165634	-0.110017	0.980031
0.165657	-0.110008	0.980028
0.165654	-0.110015	0.980028
0.165631	-0.109981	0.980036
0.165642	-0.10998	0.980034
0.165663	-0.109973	0.980031
0.165666	-0.109977	0.980031
0.165611	-0.109964	0.980041
0.165625	-0.109961	0.980039
0.165645	-0.109954	0.980037
0.165653	-0.109954	0.980035
0.165575	-0.109972	0.980046
0.165591	-0.109965	0.980045
0.165609	-0.10996	0.980042
0.165621	-0.109954	0.980041
0.165536	-0.110001	0.98005
0.165552	-0.109992	0.980048
0.16557	-0.109989	0.980045
0.165582	-0.109978	0.980045
0.16551	-0.110041	0.98005
0.165523	-0.110031	0.980049
0.165542	-0.110029	0.980046
0.16555	-0.110016	0.980046
0.165506	-0.110076	0.980046
0.165516	-0.110067	0.980046
0.165536	-0.110064	0.980043
0.165538	-0.110054	0.980044
0.165518	-0.110093	0.980042
0.165519	-0.110089	0.980043
0.165512	-0.110095	0.980043
0.165514	-0.110087	0.980044
0.165554	-0.110085	0.980037
0.165553	-0.110085	0.980038
0.165548	-0.110089	0.980038
0.165546	-0.110087	0.980038
0.165593	-0.110055	0.980034
0.165592	-0.110058	0.980034
0.165587	-0.110061	0.980035
0.165586	-0.110064	0.980034
0.165619	-0.110015	0.980034
0.16562	-0.110019	0.980034
0.165615	-0.110021	0.980034
0.165617	-0.110026	0.980033
0.165623	-0.10998	0.980037
0.165627	-0.109982	0.980036
0.165621	-0.109984	0.980037
0.165629	-0.109988	0.980036
0.165604	-0.109963	0.980043
0.165611	-0.109963	0.980041
0.165602	-0.109966	0.980043
0.165616	-0.109964	0.98004
0.165568	-0.109971	0.980048
0.165577	-0.109967	0.980047
0.165567	-0.109972	0.980048
0.165584	-0.109964	0.980046
0.165529	-0.110001	0.980051
0.165538	-0.109994	0.98005
0.165527	-0.110001	0.980051
0.165545	-0.109988	0.98005
0.165503	-0.110041	0.980051
0.165509	-0.110033	0.980051
0.1655	-0.110041	0.980052
0.165513	-0.110026	0.980051
0.165499	-0.110076	0.980048
0.165502	-0.110069	0.980048
0.165494	-0.110077	0.980048
0.165501	-0.110064	0.980049
0.165577	-0.110071	0.980035
0.165569	-0.11007	0.980037
0.165537	-0.110085	0.98004
0.165541	-0.110076	0.980041
0.165613	-0.110063	0.98003
0.165603	-0.110065	0.980031
0.165572	-0.110079	0.980035
0.165573	-0.110076	0.980035
0.165651	-0.110033	0.980027
0.165641	-0.110039	0.980028
0.165611	-0.11005	0.980032
0.165612	-0.110052	0.980031
0.165677	-0.109993	0.980027
0.16567	-0.109999	0.980027
0.165639	-0.11001	0.980031
0.165644	-0.110014	0.98003
0.165681	-0.109957	0.98003
0.165677	-0.109963	0.98003
0.165645	-0.109973	0.980035
0.165655	-0.109976	0.980032
0.165662	-0.109941	0.980035
0.16566	-0.109943	0.980035
0.165626	-0.109954	0.98004
0.165643	-0.109952	0.980037
0.165626	-0.109948	0.980041
0.165626	-0.109947	0.980041
0.165591	-0.109961	0.980045
0.165611	-0.109952	0.980043
0.165587	-0.109978	0.980044
0.165588	-0.109974	0.980044
0.165552	-0.109989	0.980048
0.165571	-0.109976	0.980047
0.165561	-0.110018	0.980044
0.165559	-0.110014	0.980044
0.165524	-0.110029	0.980049
0.16554	-0.110014	0.980048
0.165557	-0.110054	0.98004
0.165552	-0.11005	0.980042
0.165518	-0.110066	0.980046
0.165528	-0.110052	0.980045
0.165678	-0.110035	0.980022
0.165663	-0.110036	0.980024
0.165618	-0.110055	0.98003
0.165622	-0.110047	0.98003
0.165714	-0.110027	0.980017
0.165697	-0.110031	0.980019
0.165654	-0.110049	0.980025
0.165654	-0.110047	0.980025
0.165752	-0.109997	0.980014
0.165736	-0.110004	0.980016
0.165693	-0.11002	0.980021
0.165693	-0.110023	0.980021
0.165778	-0.109957	0.980014
0.165764	-0.109965	0.980015
0.165721	-0.109979	0.980021
0.165724	-0.109984	0.98002
0.165782	-0.109921	0.980017
0.165771	-0.109929	0.980018
0.165726	-0.109943	0.980024
0.165736	-0.109946	0.980022
0.165763	-0.109905	0.980022
0.165755	-0.109909	0.980023
0.165708	-0.109924	0.980029
0.165723	-0.109922	0.980027
0.165727	-0.109912	0.980027
0.165721	-0.109913	0.980028
0.165673	-0.10993	0.980035
0.165691	-0.109922	0.980032
0.165689	-0.109942	0.980031
0.165683	-0.10994	0.980032
0.165634	-0.109959	0.980038
0.165652	-0.109946	0.980036
0.165663	-0.109982	0.980031
0.165654	-0.10998	0.980032
0.165606	-0.109999	0.980038
0.165621	-0.109984	0.980037
0.165658	-0.110018	0.980027
0.165647	-0.110016	0.980029
0.1656	-0.110036	0.980035
0.165609	-0.110023	0.980035
