3400
0.180933	-0.0782854	0.980375
0.180934	-0.0782816	0.980375
0.180933	-0.0782836	0.980375
0.180933	-0.0782901	0.980374
0.180932	-0.0782873	0.980375
0.180932	-0.0782907	0.980375
0.180935	-0.0783117	0.980372
0.180938	-0.078309	0.980372
0.180936	-0.0783106	0.980372
0.180938	-0.0783173	0.980371
0.180936	-0.0783147	0.980372
0.180937	-0.0783184	0.980371
0.180949	-0.0783395	0.980368
0.180953	-0.0783367	0.980367
0.180951	-0.0783382	0.980367
0.180953	-0.0783436	0.980366
0.180951	-0.0783421	0.980367
0.180952	-0.078345	0.980366
0.180968	-0.0783582	0.980362
0.180973	-0.0783538	0.980362
0.18097	-0.078356	0.980362
0.180973	-0.0783588	0.980362
0.180971	-0.078359	0.980362
0.180972	-0.0783604	0.980362
0.180987	-0.0783606	0.980359
0.180991	-0.078354	0.980359
0.180989	-0.0783571	0.980359
0.180989	-0.0783572	0.980359
0.180989	-0.078359	0.980359
0.180989	-0.0783587	0.980359
0.180997	-0.0783458	0.980358
0.180999	-0.0783372	0.980358
0.180998	-0.0783412	0.980358
0.180997	-0.0783394	0.980359
0.180997	-0.078342	0.980358
0.180997	-0.0783405	0.980359
0.180994	-0.0783195	0.980361
0.180996	-0.0783097	0.980361
0.180995	-0.0783142	0.980361
0.180992	-0.0783122	0.980362
0.180993	-0.0783146	0.980361
0.180992	-0.0783128	0.980362
0.180981	-0.0782917	0.980365
0.180981	-0.0782821	0.980366
0.180981	-0.0782866	0.980366
0.180977	-0.078286	0.980367
0.180979	-0.0782872	0.980366
0.180976	-0.0782862	0.980367
0.180961	-0.078273	0.98037
0.180961	-0.0782649	0.980371
0.180961	-0.0782688	0.980371
0.180957	-0.0782708	0.980371
0.180958	-0.0782703	0.980371
0.180956	-0.0782708	0.980372
0.180943	-0.0782706	0.980374
0.180943	-0.0782647	0.980375
0.180943	-0.0782676	0.980374
0.18094	-0.0782723	0.980374
0.180941	-0.0782704	0.980375
0.180939	-0.0782725	0.980375
0.180922	-0.0783153	0.980374
0.180922	-0.0783142	0.980375
0.180921	-0.0783148	0.980375
0.180921	-0.0783204	0.980374
0.180921	-0.0783167	0.980374
0.18092	-0.0783206	0.980374
0.180924	-0.0783417	0.980372
0.180925	-0.0783416	0.980372
0.180924	-0.0783418	0.980372
0.180926	-0.0783475	0.980371
0.180925	-0.0783441	0.980372
0.180925	-0.0783482	0.980371
0.180937	-0.0783694	0.980367
0.18094	-0.0783692	0.980367
0.180939	-0.0783694	0.980367
0.180941	-0.0783738	0.980366
0.18094	-0.0783715	0.980367
0.180941	-0.0783748	0.980366
0.180957	-0.0783881	0.980362
0.18096	-0.0783864	0.980362
0.180959	-0.0783872	0.980362
0.180961	-0.078389	0.980361
0.18096	-0.0783884	0.980362
0.180961	-0.0783902	0.980361
0.180975	-0.0783905	0.980359
0.180978	-0.0783866	0.980358
0.180977	-0.0783884	0.980358
0.180978	-0.0783874	0.980358
0.180977	-0.0783884	0.980358
0.180978	-0.0783885	0.980358
0.180985	-0.0783758	0.980358
0.180987	-0.0783697	0.980358
0.180986	-0.0783724	0.980358
0.180985	-0.0783696	0.980358
0.180986	-0.0783714	0.980358
0.180985	-0.0783703	0.980358
0.180983	-0.0783494	0.98036
0.180983	-0.0783423	0.980361
0.180983	-0.0783455	0.980361
0.180981	-0.0783424	0.980361
0.180982	-0.078344	0.980361
0.18098	-0.0783426	0.980361
0.18097	-0.0783217	0.980365
0.180969	-0.0783147	0.980366
0.180969	-0.0783178	0.980366
0.180965	-0.0783162	0.980366
0.180967	-0.0783166	0.980366
0.180965	-0.078316	0.980366
0.18095	-0.078303	0.98037
0.180948	-0.0782975	0.980371
0.180949	-0.0783	0.980371
0.180946	-0.078301	0.980371
0.180947	-0.0782997	0.980371
0.180945	-0.0783007	0.980371
0.180932	-0.0783006	0.980374
0.180931	-0.0782973	0.980374
0.180931	-0.0782989	0.980374
0.180929	-0.0783025	0.980374
0.180929	-0.0782998	0.980374
0.180928	-0.0783024	0.980374
0.18092	-0.078317	0.980375
0.180918	-0.0783196	0.980375
0.180919	-0.0783183	0.980375
0.180919	-0.0783224	0.980374
0.180919	-0.0783182	0.980375
0.180918	-0.0783218	0.980375
0.180922	-0.0783433	0.980372
0.180922	-0.0783471	0.980372
0.180922	-0.0783452	0.980372
0.180924	-0.0783495	0.980371
0.180923	-0.0783456	0.980372
0.180924	-0.0783494	0.980371
0.180935	-0.078371	0.980367
0.180937	-0.0783747	0.980367
0.180936	-0.0783729	0.980367
0.180939	-0.0783758	0.980366
0.180938	-0.0783729	0.980367
0.180939	-0.0783761	0.980366
0.180955	-0.0783897	0.980362
0.180957	-0.0783918	0.980362
0.180956	-0.0783907	0.980362
0.180959	-0.078391	0.980361
0.180958	-0.0783898	0.980362
0.180959	-0.0783914	0.980361
0.180973	-0.0783921	0.980359
0.180975	-0.078392	0.980358
0.180974	-0.0783918	0.980359
0.180976	-0.0783894	0.980358
0.180976	-0.0783898	0.980359
0.180976	-0.0783897	0.980358
0.180983	-0.0783774	0.980358
0.180984	-0.0783752	0.980358
0.180984	-0.0783759	0.980358
0.180984	-0.0783716	0.980359
0.180984	-0.0783729	0.980358
0.180984	-0.0783715	0.980359
0.180981	-0.0783511	0.980361
0.18098	-0.0783477	0.980361
0.180981	-0.0783489	0.980361
0.180979	-0.0783444	0.980362
0.180981	-0.0783455	0.980361
0.180979	-0.0783439	0.980362
0.180968	-0.0783233	0.980365
0.180966	-0.0783201	0.980366
0.180966	-0.0783213	0.980366
0.180963	-0.0783182	0.980367
0.180966	-0.0783181	0.980366
0.180963	-0.0783173	0.980367
0.180948	-0.0783046	0.98037
0.180945	-0.078303	0.980371
0.180946	-0.0783035	0.980371
0.180944	-0.078303	0.980371
0.180945	-0.0783012	0.980371
0.180943	-0.0783019	0.980372
0.18093	-0.0783022	0.980374
0.180927	-0.0783028	0.980374
0.180928	-0.0783024	0.980374
0.180927	-0.0783045	0.980374
0.180928	-0.0783012	0.980374
0.180926	-0.0783037	0.980375
0.180928	-0.0782896	0.980375
0.180926	-0.0782959	0.980375
0.180927	-0.0782927	0.980375
0.180928	-0.0782954	0.980375
0.180927	-0.0782911	0.980375
0.180927	-0.0782941	0.980375
0.18093	-0.0783159	0.980373
0.180929	-0.0783233	0.980372
0.18093	-0.0783196	0.980373
0.180933	-0.0783225	0.980372
0.180931	-0.0783185	0.980372
0.180932	-0.0783217	0.980372
0.180944	-0.0783437	0.980368
0.180944	-0.0783509	0.980367
0.180944	-0.0783472	0.980368
0.180948	-0.0783488	0.980367
0.180946	-0.0783458	0.980367
0.180948	-0.0783482	0.980367
0.180964	-0.0783623	0.980363
0.180965	-0.078368	0.980362
0.180964	-0.078365	0.980363
0.180968	-0.078364	0.980362
0.180966	-0.0783627	0.980362
0.180968	-0.0783636	0.980362
0.180982	-0.0783647	0.980359
0.180983	-0.0783682	0.980359
0.180982	-0.0783661	0.980359
0.180985	-0.0783624	0.980359
0.180984	-0.0783627	0.980359
0.180985	-0.0783619	0.980359
0.180992	-0.07835	0.980359
0.180991	-0.0783514	0.980359
0.180992	-0.0783502	0.980359
0.180992	-0.0783446	0.980359
0.180993	-0.0783458	0.980359
0.180992	-0.0783438	0.980359
0.18099	-0.0783237	0.980361
0.180988	-0.078324	0.980362
0.180989	-0.0783233	0.980361
0.180987	-0.0783174	0.980362
0.180989	-0.0783184	0.980362
0.180987	-0.0783161	0.980362
0.180976	-0.078296	0.980366
0.180973	-0.0782964	0.980367
0.180974	-0.0782957	0.980366
0.180972	-0.0782912	0.980367
0.180974	-0.078291	0.980367
0.180972	-0.0782896	0.980367
0.180957	-0.0782773	0.980371
0.180952	-0.0782792	0.980372
0.180954	-0.0782779	0.980371
0.180952	-0.078276	0.980372
0.180954	-0.0782741	0.980372
0.180952	-0.0782742	0.980372
0.180938	-0.0782749	0.980375
0.180935	-0.078279	0.980375
0.180936	-0.0782767	0.980375
0.180935	-0.0782776	0.980375
0.180936	-0.0782742	0.980375
0.180935	-0.0782759	0.980375
0.180944	-0.0782438	0.980376
0.180941	-0.078252	0.980376
0.180942	-0.0782477	0.980376
0.180943	-0.0782497	0.980376
0.180943	-0.0782458	0.980376
0.180943	-0.0782478	0.980376
0.180946	-0.07827	0.980374
0.180944	-0.0782794	0.980373
0.180945	-0.0782746	0.980373
0.180948	-0.0782769	0.980373
0.180947	-0.0782732	0.980373
0.180948	-0.0782755	0.980373
0.18096	-0.0782978	0.980369
0.180959	-0.078307	0.980368
0.180959	-0.0783022	0.980369
0.180964	-0.0783031	0.980368
0.180962	-0.0783005	0.980368
0.180964	-0.078302	0.980368
0.180979	-0.0783164	0.980364
0.18098	-0.0783241	0.980363
0.180979	-0.07832	0.980363
0.180983	-0.0783183	0.980363
0.180982	-0.0783174	0.980363
0.180984	-0.0783174	0.980363
0.180998	-0.0783189	0.98036
0.180997	-0.0783243	0.98036
0.180998	-0.0783212	0.98036
0.181	-0.0783167	0.98036
0.181	-0.0783174	0.98036
0.181001	-0.0783157	0.98036
0.181008	-0.0783041	0.980359
0.181006	-0.0783075	0.980359
0.181007	-0.0783052	0.98036
0.181008	-0.078299	0.98036
0.181008	-0.0783005	0.98036
0.181008	-0.0782976	0.98036
0.181006	-0.0782779	0.980362
0.181003	-0.0782801	0.980362
0.181004	-0.0782783	0.980362
0.181003	-0.0782718	0.980363
0.181004	-0.0782731	0.980363
0.181003	-0.0782699	0.980363
0.180992	-0.0782501	0.980367
0.180988	-0.0782525	0.980367
0.18099	-0.0782507	0.980367
0.180987	-0.0782456	0.980368
0.18099	-0.0782458	0.980367
0.180988	-0.0782434	0.980368
0.180972	-0.0782315	0.980372
0.180967	-0.0782354	0.980372
0.18097	-0.0782329	0.980372
0.180968	-0.0782304	0.980373
0.180969	-0.0782289	0.980373
0.180967	-0.078228	0.980373
0.180954	-0.078229	0.980375
0.180949	-0.0782352	0.980376
0.180951	-0.0782318	0.980376
0.180951	-0.078232	0.980376
0.180951	-0.0782289	0.980376
0.18095	-0.0782297	0.980376
0.180961	-0.0781969	0.980377
0.180957	-0.0782047	0.980377
0.180959	-0.0782006	0.980377
0.18096	-0.0782028	0.980376
0.180959	-0.0781997	0.980377
0.18096	-0.0782008	0.980377
0.180963	-0.0782231	0.980374
0.180961	-0.0782322	0.980374
0.180962	-0.0782275	0.980374
0.180965	-0.07823	0.980373
0.180963	-0.078227	0.980374
0.180965	-0.0782285	0.980373
0.180976	-0.0782509	0.980369
0.180976	-0.0782597	0.980369
0.180976	-0.0782551	0.980369
0.18098	-0.0782562	0.980368
0.180978	-0.0782544	0.980369
0.18098	-0.078255	0.980368
0.180996	-0.0782696	0.980364
0.180996	-0.0782769	0.980364
0.180996	-0.0782729	0.980364
0.181	-0.0782714	0.980363
0.180998	-0.0782713	0.980364
0.181001	-0.0782704	0.980363
0.181014	-0.078272	0.980361
0.181014	-0.0782771	0.98036
0.181014	-0.0782741	0.980361
0.181017	-0.0782699	0.98036
0.181016	-0.0782713	0.980361
0.181018	-0.0782687	0.98036
0.181024	-0.0782573	0.98036
0.181023	-0.0782603	0.98036
0.181024	-0.0782581	0.98036
0.181024	-0.0782521	0.980361
0.181025	-0.0782544	0.98036
0.181025	-0.0782506	0.980361
0.181022	-0.078231	0.980363
0.181019	-0.0782328	0.980363
0.181021	-0.0782313	0.980363
0.181019	-0.0782249	0.980364
0.181021	-0.078227	0.980363
0.18102	-0.078223	0.980364
0.181009	-0.0782033	0.980367
0.181004	-0.0782053	0.980368
0.181006	-0.0782036	0.980368
0.181004	-0.0781988	0.980369
0.181006	-0.0781996	0.980368
0.181004	-0.0781964	0.980369
0.180989	-0.0781846	0.980372
0.180984	-0.0781881	0.980373
0.180986	-0.0781859	0.980373
0.180984	-0.0781835	0.980373
0.180986	-0.0781828	0.980373
0.180984	-0.078181	0.980374
0.180971	-0.0781822	0.980376
0.180966	-0.0781879	0.980376
0.180968	-0.0781847	0.980376
0.180968	-0.0781851	0.980376
0.180968	-0.0781828	0.980376
0.180967	-0.0781827	0.980377
0.180972	-0.0781669	0.980377
0.18097	-0.0781721	0.980377
0.180971	-0.0781694	0.980377
0.180972	-0.0781726	0.980377
0.180971	-0.0781703	0.980377
0.180971	-0.078171	0.980377
0.180974	-0.0781932	0.980374
0.180974	-0.0781996	0.980374
0.180974	-0.0781962	0.980374
0.180977	-0.0781998	0.980374
0.180975	-0.0781976	0.980374
0.180976	-0.0781987	0.980374
0.180988	-0.078221	0.98037
0.180988	-0.0782271	0.980369
0.180988	-0.0782239	0.980369
0.180992	-0.078226	0.980369
0.18099	-0.078225	0.980369
0.180992	-0.0782252	0.980369
0.181008	-0.0782396	0.980365
0.181009	-0.0782443	0.980364
0.181008	-0.0782417	0.980364
0.181012	-0.0782412	0.980364
0.18101	-0.0782419	0.980364
0.181012	-0.0782406	0.980364
0.181026	-0.0782421	0.980361
0.181027	-0.0782445	0.980361
0.181026	-0.0782428	0.980361
0.181028	-0.0782397	0.980361
0.181027	-0.0782419	0.980361
0.181029	-0.0782389	0.980361
0.181036	-0.0782273	0.98036
0.181035	-0.0782277	0.98036
0.181036	-0.0782269	0.98036
0.181036	-0.0782219	0.980361
0.181036	-0.078225	0.980361
0.181036	-0.0782208	0.980361
0.181034	-0.0782011	0.980363
0.181032	-0.0782003	0.980363
0.181032	-0.0782	0.980363
0.181031	-0.0781947	0.980364
0.181032	-0.0781976	0.980363
0.181031	-0.0781932	0.980364
0.18102	-0.0781733	0.980368
0.181017	-0.0781727	0.980368
0.181018	-0.0781724	0.980368
0.181016	-0.0781686	0.980369
0.181017	-0.0781702	0.980368
0.181016	-0.0781666	0.980369
0.181001	-0.0781547	0.980373
0.180996	-0.0781556	0.980373
0.180998	-0.0781546	0.980373
0.180996	-0.0781533	0.980374
0.180997	-0.0781533	0.980373
0.180996	-0.0781512	0.980374
0.180982	-0.0781522	0.980376
0.180979	-0.0781553	0.980377
0.18098	-0.0781534	0.980377
0.180979	-0.0781549	0.980377
0.180979	-0.0781533	0.980377
0.180979	-0.0781529	0.980377
0.180974	-0.0781653	0.980377
0.180973	-0.0781667	0.980377
0.180973	-0.0781659	0.980377
0.180974	-0.0781706	0.980376
0.180973	-0.0781688	0.980377
0.180973	-0.0781698	0.980377
0.180976	-0.0781916	0.980374
0.180977	-0.0781941	0.980374
0.180977	-0.0781928	0.980374
0.180979	-0.0781978	0.980373
0.180977	-0.0781962	0.980374
0.180978	-0.0781974	0.980373
0.18099	-0.0782194	0.98037
0.180992	-0.0782217	0.980369
0.180991	-0.0782204	0.980369
0.180994	-0.078224	0.980368
0.180991	-0.0782236	0.980369
0.180994	-0.078224	0.980368
0.181009	-0.078238	0.980364
0.181012	-0.0782389	0.980364
0.181011	-0.0782382	0.980364
0.181014	-0.0782393	0.980364
0.181011	-0.0782405	0.980364
0.181014	-0.0782394	0.980364
0.181028	-0.0782405	0.980361
0.18103	-0.0782391	0.980361
0.181029	-0.0782394	0.980361
0.18103	-0.0782377	0.980361
0.181029	-0.0782405	0.980361
0.181031	-0.0782377	0.980361
0.181038	-0.0782257	0.98036
0.181038	-0.0782223	0.98036
0.181038	-0.0782235	0.98036
0.181038	-0.0782199	0.980361
0.181038	-0.0782235	0.98036
0.181038	-0.0782195	0.980361
0.181035	-0.0781995	0.980363
0.181035	-0.0781948	0.980363
0.181035	-0.0781966	0.980363
0.181033	-0.0781927	0.980364
0.181034	-0.0781962	0.980363
0.181033	-0.0781919	0.980364
0.181022	-0.0781717	0.980367
0.18102	-0.0781673	0.980368
0.181021	-0.0781689	0.980368
0.181018	-0.0781665	0.980369
0.181019	-0.0781688	0.980368
0.181017	-0.0781653	0.980369
0.181002	-0.078153	0.980373
0.181	-0.0781501	0.980373
0.181001	-0.0781511	0.980373
0.180998	-0.0781513	0.980373
0.180999	-0.0781519	0.980373
0.180997	-0.0781499	0.980374
0.180984	-0.0781506	0.980376
0.180982	-0.0781499	0.980377
0.180983	-0.07815	0.980376
0.180981	-0.0781529	0.980376
0.180981	-0.0781519	0.980377
0.180981	-0.0781516	0.980377
0.180966	-0.0781927	0.980376
0.180966	-0.0781904	0.980376
0.180966	-0.0781915	0.980376
0.180965	-0.0781976	0.980376
0.180964	-0.0781959	0.980376
0.180964	-0.0781975	0.980376
0.180968	-0.0782189	0.980374
0.18097	-0.0782179	0.980373
0.180969	-0.0782185	0.980374
0.18097	-0.0782248	0.980373
0.180968	-0.0782233	0.980373
0.180969	-0.0782252	0.980373
0.180981	-0.0782467	0.980369
0.180984	-0.0782455	0.980368
0.180983	-0.0782461	0.980369
0.180985	-0.078251	0.980368
0.180983	-0.0782507	0.980368
0.180985	-0.0782518	0.980368
0.181001	-0.0782654	0.980364
0.181004	-0.0782627	0.980363
0.181003	-0.0782639	0.980364
0.181005	-0.0782663	0.980363
0.181003	-0.0782676	0.980363
0.181005	-0.0782672	0.980363
0.181019	-0.0782678	0.98036
0.181022	-0.0782629	0.98036
0.181021	-0.0782651	0.98036
0.181022	-0.0782647	0.98036
0.181021	-0.0782676	0.98036
0.181022	-0.0782655	0.98036
0.181029	-0.0782531	0.98036
0.181031	-0.078246	0.98036
0.18103	-0.0782491	0.98036
0.181029	-0.0782469	0.98036
0.181029	-0.0782506	0.98036
0.181029	-0.0782473	0.98036
0.181027	-0.0782268	0.980362
0.181027	-0.0782186	0.980363
0.181027	-0.0782222	0.980362
0.181024	-0.0782197	0.980363
0.181025	-0.0782232	0.980363
0.181024	-0.0782196	0.980363
0.181013	-0.078199	0.980367
0.181013	-0.078191	0.980368
0.181013	-0.0781945	0.980367
0.181009	-0.0781935	0.980368
0.18101	-0.0781958	0.980368
0.181009	-0.078193	0.980368
0.180994	-0.0781803	0.980372
0.180992	-0.0781738	0.980373
0.180993	-0.0781767	0.980372
0.180989	-0.0781782	0.980373
0.18099	-0.0781789	0.980373
0.180989	-0.0781777	0.980373
0.180976	-0.0781779	0.980375
0.180975	-0.0781736	0.980376
0.180975	-0.0781756	0.980376
0.180973	-0.0781798	0.980376
0.180973	-0.0781789	0.980376
0.180972	-0.0781794	0.980376
0.18095	-0.0782385	0.980375
0.180951	-0.0782343	0.980376
0.18095	-0.0782365	0.980375
0.18095	-0.0782433	0.980375
0.180949	-0.0782411	0.980375
0.180949	-0.0782437	0.980375
0.180952	-0.0782648	0.980373
0.180955	-0.0782618	0.980373
0.180953	-0.0782634	0.980373
0.180955	-0.0782705	0.980372
0.180953	-0.0782686	0.980372
0.180954	-0.0782714	0.980372
0.180966	-0.0782926	0.980368
0.180969	-0.0782894	0.980368
0.180967	-0.0782911	0.980368
0.18097	-0.0782967	0.980367
0.180967	-0.078296	0.980368
0.180969	-0.078298	0.980367
0.180985	-0.0783113	0.980363
0.18099	-0.0783066	0.980363
0.180987	-0.0783089	0.980363
0.18099	-0.0783119	0.980362
0.180987	-0.0783129	0.980363
0.180989	-0.0783134	0.980362
0.181003	-0.0783137	0.98036
0.181007	-0.0783068	0.980359
0.181005	-0.07831	0.980359
0.181006	-0.0783104	0.980359
0.181005	-0.0783128	0.980359
0.181006	-0.0783117	0.980359
0.181013	-0.078299	0.980359
0.181016	-0.0782899	0.980359
0.181015	-0.0782941	0.980359
0.181014	-0.0782925	0.980359
0.181014	-0.0782959	0.980359
0.181013	-0.0782935	0.980359
0.181011	-0.0782726	0.980361
0.181012	-0.0782625	0.980362
0.181012	-0.0782671	0.980362
0.181009	-0.0782653	0.980362
0.18101	-0.0782685	0.980362
0.181008	-0.0782658	0.980362
0.180998	-0.0782449	0.980366
0.180998	-0.0782349	0.980367
0.180997	-0.0782395	0.980367
0.180994	-0.0782391	0.980367
0.180995	-0.0782411	0.980367
0.180993	-0.0782392	0.980367
0.180978	-0.0782262	0.980371
0.180978	-0.0782177	0.980372
0.180977	-0.0782217	0.980372
0.180974	-0.0782239	0.980372
0.180975	-0.0782242	0.980372
0.180973	-0.0782238	0.980372
0.18096	-0.0782238	0.980375
0.18096	-0.0782175	0.980375
0.180959	-0.0782206	0.980375
0.180957	-0.0782254	0.980375
0.180957	-0.0782242	0.980375
0.180956	-0.0782256	0.980375
0.180928	-0.078272	0.980377
0.180929	-0.0782675	0.980377
0.180929	-0.0782681	0.980377
0.180928	-0.0782755	0.980376
0.180927	-0.0782732	0.980377
0.180927	-0.0782767	0.980377
0.180929	-0.0782973	0.980375
0.180931	-0.0782938	0.980374
0.180931	-0.0782944	0.980374
0.180931	-0.0783014	0.980374
0.18093	-0.0782997	0.980374
0.18093	-0.0783036	0.980374
0.180941	-0.0783251	0.98037
0.180945	-0.0783217	0.98037
0.180944	-0.0783224	0.98037
0.180944	-0.0783284	0.980369
0.180944	-0.0783274	0.980369
0.180945	-0.0783304	0.980369
0.18096	-0.0783447	0.980365
0.180964	-0.0783405	0.980365
0.180964	-0.0783412	0.980365
0.180964	-0.0783461	0.980364
0.180964	-0.0783454	0.980364
0.180965	-0.0783471	0.980364
0.180979	-0.0783488	0.980361
0.180983	-0.078343	0.980361
0.180982	-0.0783438	0.980361
0.180981	-0.0783477	0.980361
0.180982	-0.078347	0.980361
0.180982	-0.0783471	0.980361
0.18099	-0.0783357	0.98036
0.180993	-0.0783282	0.98036
0.180992	-0.0783291	0.98036
0.180991	-0.0783327	0.98036
0.180991	-0.0783315	0.98036
0.180991	-0.0783305	0.980361
0.180989	-0.0783104	0.980362
0.180991	-0.0783019	0.980363
0.18099	-0.0783028	0.980363
0.180988	-0.0783067	0.980363
0.180989	-0.0783049	0.980363
0.180987	-0.0783036	0.980363
0.180977	-0.0782826	0.980367
0.180978	-0.078274	0.980367
0.180977	-0.0782749	0.980367
0.180975	-0.0782798	0.980368
0.180975	-0.0782773	0.980368
0.180972	-0.0782768	0.980368
0.180958	-0.078263	0.980372
0.180958	-0.0782552	0.980373
0.180957	-0.078256	0.980373
0.180955	-0.0782621	0.980372
0.180955	-0.0782593	0.980373
0.180953	-0.0782602	0.980373
0.180939	-0.0782589	0.980376
0.180939	-0.0782527	0.980376
0.180939	-0.0782534	0.980376
0.180938	-0.0782604	0.980376
0.180937	-0.0782577	0.980376
0.180935	-0.0782601	0.980376
0.180916	-0.0783038	0.980376
0.180916	-0.0783013	0.980377
0.180916	-0.0783018	0.980377
0.180916	-0.0783066	0.980376
0.180915	-0.0783039	0.980377
0.180915	-0.0783083	0.980376
0.180917	-0.0783291	0.980374
0.180918	-0.0783277	0.980374
0.180918	-0.0783281	0.980374
0.180919	-0.0783326	0.980374
0.180918	-0.0783305	0.980374
0.180918	-0.0783352	0.980373
0.180929	-0.0783569	0.98037
0.180932	-0.0783555	0.980369
0.180931	-0.078356	0.980369
0.180932	-0.0783595	0.980369
0.180932	-0.0783581	0.980369
0.180933	-0.078362	0.980369
0.180948	-0.0783765	0.980365
0.180952	-0.0783743	0.980364
0.180951	-0.0783748	0.980364
0.180952	-0.0783772	0.980364
0.180952	-0.0783761	0.980364
0.180953	-0.0783786	0.980364
0.180967	-0.0783806	0.980361
0.18097	-0.0783768	0.980361
0.180969	-0.0783775	0.980361
0.180969	-0.0783788	0.980361
0.18097	-0.0783778	0.980361
0.18097	-0.0783787	0.98036
0.180978	-0.0783675	0.98036
0.18098	-0.0783621	0.98036
0.18098	-0.0783628	0.98036
0.180979	-0.0783638	0.98036
0.18098	-0.0783623	0.98036
0.180979	-0.0783621	0.98036
0.180977	-0.0783422	0.980362
0.180978	-0.0783357	0.980362
0.180978	-0.0783365	0.980362
0.180976	-0.0783378	0.980363
0.180977	-0.0783357	0.980363
0.180975	-0.0783352	0.980363
0.180965	-0.0783144	0.980367
0.180965	-0.0783079	0.980367
0.180964	-0.0783085	0.980367
0.180963	-0.0783109	0.980367
0.180963	-0.0783081	0.980367
0.18096	-0.0783084	0.980368
0.180945	-0.0782948	0.980372
0.180945	-0.0782891	0.980372
0.180944	-0.0782897	0.980372
0.180943	-0.0782932	0.980372
0.180943	-0.0782901	0.980372
0.180941	-0.0782918	0.980373
0.180927	-0.0782907	0.980375
0.180927	-0.0782866	0.980376
0.180926	-0.0782871	0.980376
0.180926	-0.0782916	0.980376
0.180925	-0.0782885	0.980376
0.180923	-0.0782918	0.980376
0.180913	-0.0783071	0.980377
0.180913	-0.0783082	0.980377
0.180912	-0.078308	0.980377
0.180914	-0.0783096	0.980376
0.180913	-0.078307	0.980377
0.180912	-0.0783114	0.980377
0.180914	-0.0783323	0.980374
0.180915	-0.0783345	0.980374
0.180914	-0.0783343	0.980374
0.180916	-0.0783355	0.980374
0.180916	-0.0783336	0.980374
0.180916	-0.0783382	0.980374
0.180927	-0.0783601	0.98037
0.180928	-0.0783623	0.980369
0.180928	-0.0783622	0.98037
0.18093	-0.0783625	0.980369
0.18093	-0.0783612	0.980369
0.18093	-0.0783651	0.980369
0.180946	-0.0783798	0.980365
0.180948	-0.0783811	0.980364
0.180947	-0.078381	0.980364
0.180949	-0.0783802	0.980364
0.180949	-0.0783792	0.980364
0.18095	-0.0783817	0.980364
0.180965	-0.0783838	0.980361
0.180966	-0.0783836	0.980361
0.180966	-0.0783836	0.980361
0.180967	-0.0783818	0.980361
0.180968	-0.0783808	0.980361
0.180968	-0.0783817	0.980361
0.180976	-0.0783707	0.98036
0.180977	-0.0783689	0.98036
0.180976	-0.078369	0.98036
0.180977	-0.0783668	0.98036
0.180977	-0.0783654	0.98036
0.180976	-0.0783651	0.98036
0.180975	-0.0783455	0.980362
0.180975	-0.0783426	0.980362
0.180974	-0.0783427	0.980363
0.180974	-0.0783408	0.980363
0.180975	-0.0783388	0.980363
0.180973	-0.0783383	0.980363
0.180962	-0.0783177	0.980367
0.180961	-0.0783147	0.980367
0.180961	-0.0783147	0.980367
0.18096	-0.0783139	0.980367
0.180961	-0.0783112	0.980368
0.180958	-0.0783115	0.980368
0.180943	-0.078298	0.980372
0.180941	-0.0782959	0.980372
0.180941	-0.0782959	0.980372
0.180941	-0.0782962	0.980372
0.180941	-0.0782932	0.980373
0.180938	-0.0782948	0.980373
0.180924	-0.078294	0.980376
0.180923	-0.0782935	0.980376
0.180922	-0.0782933	0.980376
0.180923	-0.0782946	0.980376
0.180923	-0.0782916	0.980376
0.180921	-0.0782948	0.980376
0.180921	-0.0782806	0.980377
0.180919	-0.0782853	0.980377
0.180919	-0.0782844	0.980377
0.180922	-0.0782832	0.980377
0.180921	-0.0782813	0.980377
0.18092	-0.0782847	0.980377
0.180922	-0.0783058	0.980375
0.180922	-0.0783116	0.980375
0.180921	-0.0783106	0.980375
0.180924	-0.0783092	0.980374
0.180924	-0.0783078	0.980375
0.180924	-0.0783116	0.980374
0.180935	-0.0783336	0.980371
0.180935	-0.0783395	0.98037
0.180935	-0.0783386	0.98037
0.180938	-0.0783361	0.98037
0.180937	-0.0783354	0.98037
0.180939	-0.0783384	0.980369
0.180954	-0.0783532	0.980365
0.180955	-0.0783582	0.980365
0.180955	-0.0783574	0.980365
0.180958	-0.0783538	0.980365
0.180957	-0.0783534	0.980365
0.180959	-0.078355	0.980364
0.180973	-0.0783573	0.980362
0.180973	-0.0783607	0.980361
0.180973	-0.07836	0.980361
0.180975	-0.0783554	0.980361
0.180976	-0.078355	0.980361
0.180976	-0.078355	0.980361
0.180984	-0.0783442	0.980361
0.180984	-0.078346	0.980361
0.180984	-0.0783454	0.980361
0.180985	-0.0783404	0.980361
0.180985	-0.0783396	0.980361
0.180985	-0.0783385	0.980361
0.180983	-0.0783189	0.980363
0.180982	-0.0783197	0.980363
0.180982	-0.0783191	0.980363
0.180982	-0.0783145	0.980363
0.180983	-0.078313	0.980363
0.180981	-0.0783117	0.980364
0.180971	-0.0782912	0.980367
0.180968	-0.0782919	0.980368
0.180968	-0.0782912	0.980368
0.180969	-0.0782875	0.980368
0.180969	-0.0782855	0.980368
0.180966	-0.0782848	0.980369
0.180951	-0.0782716	0.980372
0.180948	-0.0782731	0.980373
0.180948	-0.0782723	0.980373
0.180949	-0.0782699	0.980373
0.180949	-0.0782675	0.980373
0.180946	-0.0782682	0.980374
0.180933	-0.0782675	0.980376
0.18093	-0.0782706	0.980377
0.18093	-0.0782697	0.980377
0.180931	-0.0782682	0.980376
0.180931	-0.0782659	0.980377
0.180929	-0.0782682	0.980377
0.180937	-0.0782344	0.980378
0.180934	-0.0782416	0.980378
0.180934	-0.07824	0.980378
0.180937	-0.0782377	0.980378
0.180936	-0.0782365	0.980378
0.180936	-0.0782386	0.980378
0.180938	-0.0782596	0.980376
0.180936	-0.0782678	0.980376
0.180936	-0.0782662	0.980376
0.18094	-0.0782636	0.980375
0.180939	-0.0782631	0.980375
0.18094	-0.0782654	0.980375
0.180951	-0.0782874	0.980371
0.18095	-0.0782957	0.980371
0.18095	-0.0782941	0.980371
0.180954	-0.0782905	0.980371
0.180953	-0.0782906	0.980371
0.180954	-0.0782922	0.98037
0.18097	-0.078307	0.980366
0.18097	-0.0783144	0.980366
0.18097	-0.078313	0.980366
0.180973	-0.0783082	0.980366
0.180973	-0.0783086	0.980366
0.180974	-0.0783088	0.980365
0.180989	-0.0783111	0.980362
0.180988	-0.0783169	0.980362
0.180988	-0.0783156	0.980362
0.180991	-0.0783098	0.980362
0.180991	-0.0783102	0.980362
0.180992	-0.0783088	0.980362
0.181	-0.078298	0.980361
0.180999	-0.0783022	0.980361
0.180999	-0.078301	0.980361
0.181	-0.0782948	0.980362
0.181001	-0.0782948	0.980362
0.181	-0.0782923	0.980362
0.180999	-0.0782728	0.980364
0.180996	-0.078276	0.980364
0.180997	-0.0782747	0.980364
0.180998	-0.0782689	0.980364
0.180998	-0.0782683	0.980364
0.180997	-0.0782655	0.980365
0.180986	-0.0782451	0.980368
0.180983	-0.0782481	0.980369
0.180983	-0.0782468	0.980369
0.180984	-0.078242	0.980369
0.180984	-0.0782407	0.980369
0.180982	-0.0782387	0.980369
0.180967	-0.0782254	0.980373
0.180963	-0.0782294	0.980374
0.180963	-0.0782279	0.980374
0.180965	-0.0782243	0.980374
0.180964	-0.0782227	0.980374
0.180962	-0.0782221	0.980374
0.180948	-0.0782213	0.980377
0.180945	-0.0782269	0.980377
0.180945	-0.0782253	0.980377
0.180947	-0.0782227	0.980377
0.180946	-0.0782211	0.980378
0.180945	-0.078222	0.980378
0.180955	-0.0781862	0.980379
0.180951	-0.0781936	0.980379
0.180952	-0.0781917	0.980379
0.180955	-0.0781903	0.980378
0.180953	-0.0781898	0.980379
0.180953	-0.0781905	0.980379
0.180955	-0.0782115	0.980377
0.180954	-0.0782198	0.980376
0.180954	-0.078218	0.980376
0.180957	-0.0782162	0.980376
0.180956	-0.0782164	0.980376
0.180957	-0.0782173	0.980376
0.180968	-0.0782392	0.980372
0.180967	-0.0782477	0.980371
0.180967	-0.0782459	0.980372
0.180971	-0.0782431	0.980371
0.18097	-0.0782439	0.980371
0.180972	-0.0782441	0.980371
0.180987	-0.0782589	0.980367
0.180987	-0.0782664	0.980366
0.180987	-0.0782647	0.980366
0.18099	-0.0782608	0.980366
0.180989	-0.0782619	0.980366
0.180992	-0.0782607	0.980366
0.181006	-0.0782629	0.980363
0.181005	-0.078269	0.980363
0.181005	-0.0782673	0.980363
0.181008	-0.0782624	0.980363
0.181008	-0.0782635	0.980363
0.181009	-0.0782608	0.980363
0.181017	-0.0782499	0.980362
0.181016	-0.0782543	0.980362
0.181016	-0.0782527	0.980362
0.181017	-0.0782474	0.980362
0.181017	-0.0782481	0.980362
0.181018	-0.0782443	0.980362
0.181016	-0.0782246	0.980364
0.181014	-0.078228	0.980364
0.181014	-0.0782265	0.980365
0.181015	-0.0782215	0.980365
0.181015	-0.0782216	0.980365
0.181014	-0.0782175	0.980365
0.181003	-0.0781969	0.980369
0.181	-0.0782001	0.980369
0.181	-0.0781986	0.980369
0.181001	-0.0781946	0.980369
0.181001	-0.078194	0.98037
0.180999	-0.0781906	0.98037
0.180984	-0.0781772	0.980374
0.18098	-0.0781814	0.980374
0.18098	-0.0781797	0.980374
0.180982	-0.0781769	0.980374
0.180981	-0.078176	0.980375
0.180979	-0.078174	0.980375
0.180966	-0.0781732	0.980378
0.180962	-0.0781789	0.980378
0.180962	-0.0781771	0.980378
0.180964	-0.0781753	0.980378
0.180963	-0.0781744	0.980378
0.180962	-0.078174	0.980378
0.180967	-0.0781544	0.980379
0.180964	-0.0781597	0.980379
0.180964	-0.0781581	0.980379
0.180967	-0.0781591	0.980379
0.180965	-0.078159	0.980379
0.180966	-0.0781589	0.980379
0.180968	-0.0781797	0.980377
0.180966	-0.078186	0.980377
0.180966	-0.0781844	0.980377
0.180969	-0.078185	0.980376
0.180968	-0.0781856	0.980376
0.180969	-0.0781857	0.980376
0.18098	-0.0782074	0.980372
0.18098	-0.0782138	0.980372
0.18098	-0.0782122	0.980372
0.180983	-0.078212	0.980371
0.180981	-0.0782131	0.980372
0.180984	-0.0782125	0.980371
0.180999	-0.0782271	0.980367
0.181	-0.0782326	0.980367
0.181	-0.0782311	0.980367
0.181002	-0.0782296	0.980366
0.181001	-0.0782312	0.980366
0.181004	-0.0782292	0.980366
0.181018	-0.0782311	0.980363
0.181018	-0.0782351	0.980363
0.181018	-0.0782337	0.980363
0.18102	-0.0782313	0.980363
0.181019	-0.0782328	0.980363
0.181021	-0.0782292	0.980363
0.181029	-0.0782181	0.980362
0.181028	-0.0782204	0.980362
0.181028	-0.0782191	0.980362
0.181029	-0.0782163	0.980363
0.181029	-0.0782174	0.980362
0.18103	-0.0782127	0.980363
0.181028	-0.0781928	0.980365
0.181026	-0.0781941	0.980365
0.181026	-0.0781928	0.980365
0.181027	-0.0781904	0.980365
0.181026	-0.0781908	0.980365
0.181026	-0.0781859	0.980366
0.181016	-0.0781651	0.980369
0.181013	-0.0781663	0.98037
0.181013	-0.0781649	0.98037
0.181013	-0.0781635	0.98037
0.181012	-0.0781633	0.98037
0.181011	-0.078159	0.98037
0.180996	-0.0781454	0.980374
0.180993	-0.0781475	0.980375
0.180993	-0.0781461	0.980375
0.180994	-0.0781458	0.980375
0.180993	-0.0781452	0.980375
0.180992	-0.0781424	0.980375
0.180978	-0.0781414	0.980378
0.180975	-0.078145	0.980378
0.180975	-0.0781435	0.980378
0.180976	-0.0781441	0.980378
0.180974	-0.0781436	0.980378
0.180974	-0.0781424	0.980379
0.180969	-0.0781512	0.980379
0.180968	-0.0781529	0.980379
0.180968	-0.0781519	0.980379
0.180969	-0.0781561	0.980378
0.180967	-0.0781559	0.980379
0.180968	-0.0781558	0.980379
0.18097	-0.0781764	0.980377
0.18097	-0.0781792	0.980376
0.18097	-0.0781782	0.980376
0.180972	-0.0781821	0.980376
0.18097	-0.0781825	0.980376
0.180972	-0.0781827	0.980376
0.180983	-0.0782042	0.980372
0.180984	-0.078207	0.980372
0.180983	-0.0782061	0.980372
0.180985	-0.078209	0.980371
0.180984	-0.0782101	0.980371
0.180986	-0.0782095	0.980371
0.181002	-0.0782238	0.980367
0.181003	-0.0782258	0.980367
0.181003	-0.0782249	0.980367
0.181004	-0.0782267	0.980366
0.181004	-0.0782281	0.980366
0.181006	-0.0782261	0.980366
0.18102	-0.0782279	0.980363
0.181022	-0.0782283	0.980363
0.181022	-0.0782275	0.980363
0.181022	-0.0782284	0.980363
0.181022	-0.0782297	0.980363
0.181023	-0.0782262	0.980363
0.181031	-0.0782148	0.980362
0.181032	-0.0782136	0.980362
0.181032	-0.0782129	0.980362
0.181031	-0.0782134	0.980362
0.181031	-0.0782143	0.980362
0.181032	-0.0782096	0.980363
0.18103	-0.0781896	0.980364
0.18103	-0.0781873	0.980365
0.18103	-0.0781866	0.980365
0.181029	-0.0781874	0.980365
0.181029	-0.0781877	0.980365
0.181028	-0.0781828	0.980365
0.181018	-0.0781618	0.980369
0.181016	-0.0781594	0.980369
0.181016	-0.0781587	0.980369
0.181015	-0.0781605	0.98037
0.181015	-0.0781602	0.98037
0.181014	-0.078156	0.98037
0.180999	-0.0781422	0.980374
0.180997	-0.0781407	0.980375
0.180997	-0.0781398	0.980375
0.180996	-0.0781428	0.980374
0.180995	-0.0781421	0.980375
0.180994	-0.0781394	0.980375
0.18098	-0.0781381	0.980378
0.180978	-0.0781382	0.980378
0.180978	-0.0781372	0.980378
0.180978	-0.0781411	0.980378
0.180977	-0.0781405	0.980378
0.180977	-0.0781393	0.980378
0.180961	-0.0781777	0.980378
0.180961	-0.0781757	0.980378
0.180961	-0.0781755	0.980378
0.180961	-0.0781825	0.980378
0.180959	-0.0781817	0.980378
0.18096	-0.0781825	0.980378
0.180962	-0.0782029	0.980376
0.180963	-0.078202	0.980376
0.180963	-0.0782018	0.980376
0.180963	-0.0782084	0.980375
0.180962	-0.0782083	0.980376
0.180964	-0.0782093	0.980375
0.180974	-0.0782307	0.980371
0.180977	-0.0782299	0.980371
0.180976	-0.0782297	0.980371
0.180977	-0.0782354	0.980371
0.180976	-0.0782358	0.980371
0.180978	-0.0782362	0.98037
0.180993	-0.0782504	0.980366
0.180996	-0.0782487	0.980366
0.180996	-0.0782486	0.980366
0.180996	-0.0782531	0.980366
0.180996	-0.0782539	0.980366
0.180998	-0.0782528	0.980365
0.181012	-0.0782545	0.980363
0.181015	-0.0782512	0.980362
0.181014	-0.0782512	0.980362
0.181014	-0.0782547	0.980362
0.181014	-0.0782555	0.980362
0.181015	-0.0782529	0.980362
0.181023	-0.0782414	0.980362
0.181025	-0.0782365	0.980362
0.181025	-0.0782365	0.980362
0.181023	-0.0782397	0.980362
0.181023	-0.0782401	0.980362
0.181024	-0.0782363	0.980362
0.181022	-0.0782161	0.980364
0.181023	-0.0782101	0.980364
0.181023	-0.0782102	0.980364
0.181021	-0.0782138	0.980364
0.181021	-0.0782135	0.980364
0.18102	-0.0782095	0.980365
0.18101	-0.0781883	0.980368
0.181009	-0.0781823	0.980369
0.181009	-0.0781823	0.980369
0.181007	-0.0781868	0.980369
0.181007	-0.0781859	0.980369
0.181005	-0.0781826	0.98037
0.180991	-0.0781686	0.980373
0.18099	-0.0781635	0.980374
0.18099	-0.0781634	0.980374
0.180988	-0.0781691	0.980374
0.180987	-0.0781678	0.980374
0.180986	-0.078166	0.980375
0.180972	-0.0781646	0.980377
0.180971	-0.078161	0.980378
0.180971	-0.0781608	0.980378
0.18097	-0.0781675	0.980377
0.180969	-0.0781662	0.980378
0.180968	-0.0781659	0.980378
0.180945	-0.0782239	0.980377
0.180946	-0.0782195	0.980378
0.180946	-0.0782199	0.980378
0.180945	-0.0782281	0.980377
0.180944	-0.0782264	0.980377
0.180944	-0.0782287	0.980377
0.180946	-0.0782491	0.980375
0.180948	-0.0782458	0.980375
0.180948	-0.0782462	0.980375
0.180948	-0.078254	0.980375
0.180947	-0.078253	0.980375
0.180948	-0.0782555	0.980374
0.180959	-0.0782769	0.980371
0.180962	-0.0782737	0.98037
0.180961	-0.0782741	0.98037
0.180961	-0.078281	0.98037
0.180961	-0.0782807	0.98037
0.180962	-0.0782824	0.98037
0.180978	-0.0782966	0.980366
0.180981	-0.0782925	0.980365
0.180981	-0.078293	0.980365
0.180981	-0.0782987	0.980365
0.18098	-0.0782987	0.980365
0.180982	-0.078299	0.980365
0.180996	-0.0783006	0.980362
0.181	-0.078295	0.980362
0.180999	-0.0782956	0.980362
0.180998	-0.0783003	0.980362
0.180998	-0.0783003	0.980362
0.180999	-0.078299	0.980361
0.181007	-0.0782875	0.980361
0.18101	-0.0782803	0.980361
0.181009	-0.0782809	0.980361
0.181008	-0.0782853	0.980361
0.181008	-0.0782848	0.980361
0.181008	-0.0782825	0.980361
0.181006	-0.0782623	0.980363
0.181008	-0.0782539	0.980363
0.181007	-0.0782546	0.980363
0.181005	-0.0782593	0.980364
0.181005	-0.0782582	0.980364
0.181004	-0.0782556	0.980364
0.180994	-0.0782345	0.980368
0.180995	-0.078226	0.980368
0.180994	-0.0782267	0.980368
0.180992	-0.0782324	0.980368
0.180991	-0.0782306	0.980368
0.18099	-0.0782287	0.980369
0.180975	-0.0782148	0.980373
0.180975	-0.0782072	0.980373
0.180974	-0.0782078	0.980373
0.180972	-0.0782147	0.980373
0.180972	-0.0782126	0.980373
0.18097	-0.0782121	0.980374
0.180956	-0.0782107	0.980376
0.180957	-0.0782048	0.980377
0.180956	-0.0782052	0.980377
0.180955	-0.078213	0.980377
0.180954	-0.078211	0.980377
0.180953	-0.0782121	0.980377
0.180918	-0.0782516	0.98038
0.180919	-0.0782471	0.98038
0.180918	-0.0782478	0.980381
0.180918	-0.0782561	0.98038
0.180916	-0.0782533	0.98038
0.180916	-0.0782564	0.98038
0.180917	-0.0782764	0.980378
0.18092	-0.078273	0.980378
0.180918	-0.0782738	0.980378
0.180919	-0.0782817	0.980378
0.180917	-0.0782796	0.980378
0.180918	-0.0782832	0.980378
0.180928	-0.078305	0.980374
0.180932	-0.0783017	0.980374
0.180931	-0.0783026	0.980374
0.180931	-0.0783096	0.980373
0.18093	-0.0783081	0.980373
0.180932	-0.0783111	0.980373
0.180947	-0.0783266	0.980369
0.180952	-0.0783222	0.980368
0.180951	-0.0783233	0.980368
0.180951	-0.078329	0.980368
0.18095	-0.0783281	0.980368
0.180952	-0.0783297	0.980368
0.180967	-0.0783329	0.980365
0.180971	-0.0783268	0.980364
0.18097	-0.0783279	0.980365
0.180969	-0.0783325	0.980364
0.18097	-0.0783318	0.980364
0.18097	-0.0783317	0.980364
0.180979	-0.0783215	0.980363
0.180983	-0.0783135	0.980363
0.180982	-0.0783147	0.980363
0.18098	-0.0783188	0.980363
0.180981	-0.0783178	0.980363
0.18098	-0.0783163	0.980364
0.18098	-0.0782967	0.980365
0.180982	-0.0782877	0.980365
0.180981	-0.0782887	0.980366
0.180979	-0.0782931	0.980366
0.18098	-0.0782915	0.980366
0.180978	-0.0782896	0.980366
0.180969	-0.0782681	0.98037
0.18097	-0.0782589	0.98037
0.180969	-0.0782599	0.98037
0.180966	-0.0782652	0.98037
0.180967	-0.0782629	0.98037
0.180964	-0.0782616	0.980371
0.18095	-0.0782465	0.980375
0.18095	-0.0782384	0.980375
0.180949	-0.0782393	0.980375
0.180947	-0.0782458	0.980375
0.180947	-0.078243	0.980376
0.180944	-0.0782431	0.980376
0.18093	-0.0782402	0.980379
0.180931	-0.0782339	0.980379
0.18093	-0.0782347	0.980379
0.180928	-0.0782423	0.980379
0.180928	-0.0782393	0.980379
0.180926	-0.0782411	0.98038
0.180904	-0.0782868	0.98038
0.180905	-0.0782843	0.98038
0.180904	-0.0782848	0.98038
0.180904	-0.0782905	0.98038
0.180903	-0.0782874	0.98038
0.180902	-0.0782916	0.98038
0.180903	-0.0783115	0.980378
0.180905	-0.0783101	0.980378
0.180904	-0.0783107	0.980378
0.180905	-0.0783162	0.980377
0.180904	-0.0783137	0.980378
0.180904	-0.0783184	0.980377
0.180915	-0.0783401	0.980374
0.180918	-0.0783388	0.980373
0.180917	-0.0783395	0.980373
0.180918	-0.0783441	0.980373
0.180917	-0.0783423	0.980373
0.180918	-0.0783464	0.980373
0.180934	-0.0783618	0.980369
0.180938	-0.0783594	0.980368
0.180937	-0.0783602	0.980368
0.180938	-0.0783634	0.980368
0.180937	-0.0783622	0.980368
0.180938	-0.0783648	0.980367
0.180953	-0.078368	0.980364
0.180957	-0.0783639	0.980364
0.180956	-0.0783647	0.980364
0.180956	-0.0783669	0.980364
0.180956	-0.0783659	0.980364
0.180957	-0.0783669	0.980364
0.180966	-0.0783566	0.980363
0.180969	-0.0783507	0.980363
0.180968	-0.0783516	0.980363
0.180967	-0.0783532	0.980363
0.180968	-0.0783519	0.980363
0.180967	-0.0783515	0.980363
0.180967	-0.0783319	0.980365
0.180968	-0.0783248	0.980365
0.180967	-0.0783256	0.980365
0.180966	-0.0783275	0.980365
0.180967	-0.0783256	0.980365
0.180965	-0.0783248	0.980366
0.180955	-0.0783033	0.980369
0.180956	-0.0782961	0.98037
0.180955	-0.0782968	0.98037
0.180953	-0.0782996	0.98037
0.180954	-0.0782971	0.98037
0.180951	-0.0782968	0.980371
0.180936	-0.0782817	0.980374
0.180936	-0.0782756	0.980375
0.180935	-0.0782762	0.980375
0.180934	-0.0782803	0.980375
0.180934	-0.0782771	0.980375
0.180931	-0.0782783	0.980376
0.180917	-0.0782754	0.980379
0.180917	-0.078271	0.980379
0.180916	-0.0782716	0.980379
0.180915	-0.0782768	0.980379
0.180914	-0.0782734	0.980379
0.180912	-0.0782763	0.980379
0.180901	-0.0782921	0.98038
0.1809	-0.0782932	0.98038
0.180899	-0.078293	0.98038
0.180901	-0.0782954	0.98038
0.1809	-0.0782923	0.98038
0.180899	-0.0782969	0.98038
0.1809	-0.0783168	0.980378
0.180901	-0.0783191	0.980378
0.1809	-0.0783189	0.980378
0.180902	-0.078321	0.980378
0.180901	-0.0783186	0.980378
0.180901	-0.0783236	0.980378
0.180911	-0.0783454	0.980374
0.180913	-0.0783478	0.980373
0.180912	-0.0783477	0.980374
0.180915	-0.0783489	0.980373
0.180914	-0.0783472	0.980373
0.180915	-0.0783516	0.980373
0.18093	-0.078367	0.980369
0.180933	-0.0783683	0.980368
0.180932	-0.0783683	0.980368
0.180935	-0.0783682	0.980368
0.180934	-0.0783671	0.980368
0.180935	-0.07837	0.980368
0.18095	-0.0783733	0.980365
0.180953	-0.0783728	0.980364
0.180952	-0.0783729	0.980364
0.180953	-0.0783718	0.980364
0.180953	-0.0783708	0.980364
0.180954	-0.078372	0.980364
0.180963	-0.0783619	0.980363
0.180964	-0.0783596	0.980363
0.180964	-0.0783597	0.980363
0.180964	-0.078358	0.980363
0.180965	-0.0783569	0.980363
0.180964	-0.0783567	0.980363
0.180964	-0.0783372	0.980365
0.180964	-0.0783337	0.980365
0.180963	-0.0783338	0.980365
0.180963	-0.0783324	0.980365
0.180964	-0.0783306	0.980366
0.180962	-0.07833	0.980366
0.180952	-0.0783086	0.980369
0.180951	-0.078305	0.98037
0.180951	-0.078305	0.98037
0.18095	-0.0783045	0.98037
0.18095	-0.078302	0.98037
0.180948	-0.0783021	0.980371
0.180933	-0.078287	0.980375
0.180931	-0.0782846	0.980375
0.180931	-0.0782844	0.980375
0.180931	-0.0782852	0.980375
0.18093	-0.0782821	0.980375
0.180928	-0.0782836	0.980376
0.180913	-0.0782807	0.980379
0.180912	-0.07828	0.980379
0.180911	-0.0782798	0.980379
0.180912	-0.0782817	0.980379
0.180911	-0.0782784	0.980379
0.180909	-0.0782816	0.980379
0.180909	-0.0782655	0.980381
0.180907	-0.0782706	0.980381
0.180906	-0.0782693	0.980381
0.180909	-0.0782688	0.98038
0.180908	-0.0782662	0.980381
0.180907	-0.0782701	0.980381
0.180908	-0.0782902	0.980379
0.180907	-0.0782965	0.980379
0.180907	-0.0782952	0.980379
0.18091	-0.0782944	0.980378
0.180909	-0.0782925	0.980379
0.180909	-0.0782968	0.980378
0.180919	-0.0783188	0.980375
0.18092	-0.0783251	0.980374
0.18092	-0.078324	0.980374
0.180923	-0.0783222	0.980374
0.180922	-0.078321	0.980374
0.180923	-0.0783247	0.980373
0.180939	-0.0783403	0.980369
0.18094	-0.0783456	0.980369
0.180939	-0.0783446	0.980369
0.180943	-0.0783416	0.980368
0.180942	-0.078341	0.980369
0.180943	-0.0783432	0.980368
0.180958	-0.0783466	0.980365
0.180959	-0.0783502	0.980365
0.180959	-0.0783492	0.980365
0.180962	-0.0783451	0.980365
0.180962	-0.0783446	0.980365
0.180962	-0.0783453	0.980365
0.180971	-0.0783353	0.980364
0.180971	-0.078337	0.980364
0.180971	-0.0783361	0.980364
0.180972	-0.0783314	0.980364
0.180973	-0.0783307	0.980364
0.180972	-0.07833	0.980364
0.180972	-0.0783105	0.980366
0.180971	-0.0783111	0.980366
0.18097	-0.0783102	0.980366
0.180971	-0.0783057	0.980366
0.180972	-0.0783044	0.980366
0.18097	-0.0783033	0.980367
0.18096	-0.078282	0.98037
0.180958	-0.0782825	0.98037
0.180958	-0.0782814	0.98037
0.180958	-0.0782779	0.980371
0.180959	-0.0782759	0.980371
0.180956	-0.0782753	0.980371
0.180941	-0.0782604	0.980375
0.180938	-0.0782619	0.980376
0.180938	-0.0782608	0.980376
0.180939	-0.0782586	0.980376
0.180938	-0.078256	0.980376
0.180936	-0.0782568	0.980377
0.180921	-0.0782541	0.980379
0.180919	-0.0782574	0.98038
0.180918	-0.0782562	0.98038
0.18092	-0.0782551	0.98038
0.180919	-0.0782523	0.98038
0.180917	-0.0782548	0.98038
0.180925	-0.0782171	0.980382
0.180922	-0.078225	0.980382
0.180922	-0.0782229	0.980382
0.180925	-0.0782208	0.980381
0.180924	-0.078219	0.980382
0.180924	-0.0782216	0.980382
0.180924	-0.0782418	0.98038
0.180923	-0.0782509	0.980379
0.180923	-0.0782488	0.98038
0.180927	-0.0782465	0.980379
0.180925	-0.0782452	0.980379
0.180926	-0.0782483	0.980379
0.180936	-0.0782704	0.980375
0.180935	-0.0782795	0.980375
0.180935	-0.0782775	0.980375
0.18094	-0.0782743	0.980374
0.180938	-0.0782738	0.980375
0.18094	-0.0782762	0.980374
0.180955	-0.0782919	0.98037
0.180955	-0.0783	0.980369
0.180955	-0.0782981	0.98037
0.180959	-0.0782936	0.980369
0.180958	-0.0782937	0.980369
0.18096	-0.0782947	0.980369
0.180975	-0.0782982	0.980366
0.180975	-0.0783046	0.980365
0.180975	-0.0783027	0.980366
0.180978	-0.0782971	0.980366
0.180978	-0.0782974	0.980366
0.180979	-0.0782967	0.980365
0.180988	-0.0782869	0.980365
0.180987	-0.0782914	0.980364
0.180987	-0.0782896	0.980365
0.180989	-0.0782835	0.980365
0.180989	-0.0782834	0.980365
0.180989	-0.0782814	0.980365
0.180988	-0.0782622	0.980366
0.180986	-0.0782656	0.980367
0.180986	-0.0782637	0.980367
0.180988	-0.0782578	0.980367
0.180988	-0.0782572	0.980367
0.180986	-0.0782547	0.980367
0.180977	-0.0782336	0.980371
0.180973	-0.0782369	0.980371
0.180974	-0.078235	0.980371
0.180975	-0.07823	0.980371
0.180975	-0.0782287	0.980372
0.180973	-0.0782268	0.980372
0.180958	-0.0782121	0.980376
0.180954	-0.0782164	0.980376
0.180954	-0.0782143	0.980377
0.180955	-0.0782107	0.980377
0.180955	-0.0782088	0.980377
0.180952	-0.0782083	0.980377
0.180938	-0.0782058	0.98038
0.180934	-0.0782119	0.98038
0.180934	-0.0782097	0.980381
0.180936	-0.0782072	0.98038
0.180935	-0.0782051	0.980381
0.180934	-0.0782063	0.980381
0.180944	-0.0781655	0.980382
0.180941	-0.0781739	0.980382
0.180941	-0.0781713	0.980382
0.180944	-0.0781699	0.980382
0.180942	-0.0781687	0.980382
0.180942	-0.0781698	0.980382
0.180943	-0.0781901	0.98038
0.180941	-0.0781998	0.98038
0.180941	-0.0781972	0.98038
0.180945	-0.0781956	0.98038
0.180943	-0.0781949	0.98038
0.180945	-0.0781965	0.98038
0.180954	-0.0782187	0.980376
0.180954	-0.0782284	0.980375
0.180954	-0.078226	0.980376
0.180958	-0.0782233	0.980375
0.180956	-0.0782235	0.980375
0.180958	-0.0782244	0.980375
0.180974	-0.0782403	0.980371
0.180974	-0.0782489	0.98037
0.180974	-0.0782466	0.98037
0.180977	-0.0782427	0.98037
0.180976	-0.0782434	0.98037
0.180979	-0.0782429	0.98037
0.180993	-0.0782466	0.980367
0.180993	-0.0782534	0.980366
0.180993	-0.0782512	0.980366
0.180996	-0.0782462	0.980366
0.180996	-0.0782471	0.980366
0.180997	-0.0782449	0.980366
0.181006	-0.0782352	0.980365
0.181005	-0.0782403	0.980365
0.181005	-0.0782381	0.980365
0.181007	-0.0782326	0.980365
0.181007	-0.0782332	0.980365
0.181007	-0.0782297	0.980365
0.181007	-0.0782106	0.980367
0.181004	-0.0782144	0.980367
0.181005	-0.0782122	0.980367
0.181006	-0.0782069	0.980368
0.181006	-0.0782069	0.980368
0.181005	-0.078203	0.980368
0.180995	-0.078182	0.980371
0.180992	-0.0781858	0.980372
0.180992	-0.0781834	0.980372
0.180993	-0.0781791	0.980372
0.180993	-0.0781784	0.980372
0.180991	-0.0781751	0.980373
0.180976	-0.0781604	0.980377
0.180972	-0.0781653	0.980377
0.180972	-0.0781628	0.980377
0.180973	-0.0781597	0.980377
0.180973	-0.0781585	0.980378
0.180971	-0.0781566	0.980378
0.180956	-0.0781541	0.980381
0.180952	-0.0781607	0.980381
0.180952	-0.0781582	0.980381
0.180955	-0.0781563	0.980381
0.180953	-0.0781548	0.980381
0.180952	-0.0781546	0.980382
0.180957	-0.0781303	0.980383
0.180955	-0.0781367	0.980383
0.180955	-0.0781344	0.980383
0.180957	-0.0781354	0.980382
0.180955	-0.0781346	0.980383
0.180956	-0.0781346	0.980383
0.180957	-0.078155	0.980381
0.180955	-0.0781626	0.98038
0.180955	-0.0781603	0.980381
0.180958	-0.0781611	0.98038
0.180957	-0.0781608	0.98038
0.180958	-0.0781613	0.98038
0.180968	-0.0781836	0.980376
0.180968	-0.0781913	0.980376
0.180968	-0.0781891	0.980376
0.180971	-0.0781889	0.980375
0.18097	-0.0781893	0.980376
0.180972	-0.0781892	0.980375
0.180987	-0.0782051	0.980371
0.180988	-0.0782118	0.980371
0.180988	-0.0782097	0.980371
0.180991	-0.0782083	0.98037
0.18099	-0.0782093	0.98037
0.180992	-0.0782077	0.98037
0.181007	-0.0782115	0.980367
0.181007	-0.0782163	0.980367
0.181007	-0.0782143	0.980367
0.181009	-0.0782118	0.980367
0.181009	-0.078213	0.980367
0.181011	-0.0782097	0.980366
0.181019	-0.0782001	0.980366
0.181019	-0.0782032	0.980365
0.181019	-0.0782012	0.980366
0.18102	-0.0781981	0.980366
0.18102	-0.0781991	0.980366
0.181021	-0.0781945	0.980366
0.18102	-0.0781754	0.980367
0.181018	-0.0781773	0.980368
0.181019	-0.0781753	0.980368
0.181019	-0.0781725	0.980368
0.181019	-0.0781728	0.980368
0.181018	-0.0781678	0.980368
0.181009	-0.0781468	0.980372
0.181006	-0.0781487	0.980372
0.181006	-0.0781465	0.980372
0.181006	-0.0781447	0.980372
0.181006	-0.0781443	0.980373
0.181005	-0.0781399	0.980373
0.18099	-0.0781253	0.980377
0.180986	-0.0781281	0.980378
0.180986	-0.0781259	0.980378
0.180987	-0.0781253	0.980378
0.180986	-0.0781243	0.980378
0.180984	-0.0781213	0.980378
0.18097	-0.0781189	0.980381
0.180966	-0.0781236	0.980381
0.180967	-0.0781213	0.980382
0.180968	-0.0781218	0.980381
0.180967	-0.0781206	0.980382
0.180966	-0.0781193	0.980382
0.180961	-0.078125	0.980382
0.180959	-0.0781278	0.980382
0.180959	-0.0781262	0.980383
0.18096	-0.0781306	0.980382
0.180959	-0.0781296	0.980382
0.180959	-0.0781294	0.980382
0.18096	-0.0781497	0.980381
0.18096	-0.0781536	0.98038
0.18096	-0.0781521	0.98038
0.180962	-0.0781563	0.98038
0.18096	-0.0781559	0.98038
0.180962	-0.0781561	0.98038
0.180971	-0.0781783	0.980376
0.180973	-0.0781823	0.980376
0.180972	-0.0781809	0.980376
0.180974	-0.0781841	0.980375
0.180973	-0.0781844	0.980375
0.180975	-0.078184	0.980375
0.18099	-0.0781999	0.980371
0.180992	-0.0782028	0.98037
0.180992	-0.0782015	0.980371
0.180994	-0.0782035	0.98037
0.180993	-0.0782044	0.98037
0.180995	-0.0782025	0.98037
0.18101	-0.0782062	0.980367
0.181012	-0.0782074	0.980366
0.181012	-0.0782062	0.980367
0.181012	-0.078207	0.980366
0.181012	-0.0782081	0.980366
0.181014	-0.0782046	0.980366
0.181023	-0.0781948	0.980365
0.181023	-0.0781942	0.980365
0.181023	-0.078193	0.980365
0.181023	-0.0781933	0.980365
0.181023	-0.0781941	0.980365
0.181024	-0.0781893	0.980366
0.181023	-0.0781701	0.980367
0.181023	-0.0781683	0.980368
0.181023	-0.0781671	0.980368
0.181022	-0.0781676	0.980368
0.181022	-0.0781679	0.980368
0.181022	-0.0781626	0.980368
0.181012	-0.0781415	0.980372
0.18101	-0.0781397	0.980372
0.18101	-0.0781383	0.980372
0.181009	-0.0781398	0.980372
0.181009	-0.0781393	0.980372
0.181008	-0.0781346	0.980373
0.180993	-0.07812	0.980377
0.18099	-0.0781191	0.980377
0.18099	-0.0781177	0.980378
0.18099	-0.0781204	0.980377
0.180989	-0.0781194	0.980378
0.180988	-0.0781161	0.980378
0.180973	-0.0781136	0.980381
0.180971	-0.0781146	0.980381
0.180971	-0.0781131	0.980381
0.180971	-0.0781169	0.980381
0.18097	-0.0781157	0.980382
0.180969	-0.0781141	0.980382
0.180953	-0.0781516	0.980382
0.180953	-0.0781504	0.980382
0.180952	-0.0781499	0.980382
0.180952	-0.0781572	0.980381
0.180951	-0.0781557	0.980382
0.180951	-0.0781561	0.980382
0.180952	-0.0781763	0.98038
0.180953	-0.0781763	0.98038
0.180953	-0.0781758	0.98038
0.180954	-0.0781829	0.980379
0.180952	-0.078182	0.98038
0.180953	-0.0781828	0.980379
0.180963	-0.078205	0.980376
0.180966	-0.078205	0.980375
0.180965	-0.0782046	0.980375
0.180966	-0.0782107	0.980375
0.180965	-0.0782106	0.980375
0.180967	-0.0782108	0.980374
0.180982	-0.0782266	0.98037
0.180986	-0.0782255	0.98037
0.180985	-0.0782252	0.98037
0.180986	-0.0782301	0.980369
0.180985	-0.0782305	0.98037
0.180987	-0.0782293	0.980369
0.181002	-0.0782329	0.980366
0.181005	-0.07823	0.980366
0.181004	-0.0782298	0.980366
0.181004	-0.0782336	0.980366
0.181004	-0.0782342	0.980366
0.181006	-0.0782313	0.980366
0.181014	-0.0782215	0.980365
0.181016	-0.0782168	0.980365
0.181016	-0.0782167	0.980365
0.181015	-0.0782199	0.980365
0.181015	-0.0782203	0.980365
0.181016	-0.0782161	0.980365
0.181015	-0.0781968	0.980367
0.181016	-0.078191	0.980367
0.181016	-0.0781907	0.980367
0.181014	-0.0781943	0.980367
0.181014	-0.078194	0.980367
0.181013	-0.0781893	0.980368
0.181004	-0.0781681	0.980371
0.181003	-0.0781623	0.980372
0.181003	-0.078162	0.980372
0.181001	-0.0781664	0.980372
0.181001	-0.0781654	0.980372
0.181	-0.0781614	0.980372
0.180985	-0.0781465	0.980376
0.180984	-0.0781417	0.980377
0.180983	-0.0781413	0.980377
0.180982	-0.078147	0.980377
0.180981	-0.0781455	0.980377
0.18098	-0.0781428	0.980378
0.180965	-0.0781402	0.98038
0.180964	-0.0781372	0.980381
0.180964	-0.0781367	0.980381
0.180963	-0.0781435	0.980381
0.180962	-0.0781418	0.980381
0.180961	-0.0781408	0.980381
0.180936	-0.0782	0.980381
0.180937	-0.078196	0.980381
0.180936	-0.0781963	0.980381
0.180936	-0.0782052	0.980381
0.180935	-0.078203	0.980381
0.180934	-0.0782047	0.980381
0.180935	-0.0782247	0.980379
0.180938	-0.0782219	0.980379
0.180937	-0.0782223	0.980379
0.180937	-0.0782308	0.980378
0.180936	-0.0782293	0.980379
0.180937	-0.0782314	0.980378
0.180947	-0.0782533	0.980375
0.18095	-0.0782506	0.980374
0.180949	-0.0782511	0.980374
0.18095	-0.0782587	0.980374
0.180949	-0.0782578	0.980374
0.18095	-0.0782594	0.980374
0.180966	-0.078275	0.98037
0.18097	-0.0782711	0.980369
0.180969	-0.0782717	0.980369
0.180969	-0.0782781	0.980369
0.180968	-0.0782778	0.980369
0.18097	-0.0782779	0.980368
0.180985	-0.0782812	0.980365
0.180989	-0.0782756	0.980365
0.180989	-0.0782763	0.980365
0.180988	-0.0782816	0.980365
0.180988	-0.0782815	0.980365
0.180989	-0.0782799	0.980365
0.180998	-0.0782699	0.980364
0.181001	-0.0782624	0.980364
0.181	-0.0782632	0.980364
0.180999	-0.0782678	0.980364
0.180999	-0.0782675	0.980364
0.180999	-0.0782646	0.980364
0.180999	-0.0782451	0.980366
0.181	-0.0782365	0.980366
0.181	-0.0782372	0.980366
0.180997	-0.0782422	0.980366
0.180998	-0.0782412	0.980366
0.180997	-0.0782379	0.980367
0.180987	-0.0782165	0.98037
0.180988	-0.0782078	0.980371
0.180987	-0.0782084	0.980371
0.180985	-0.0782143	0.980371
0.180985	-0.0782126	0.980371
0.180983	-0.0782099	0.980372
0.180968	-0.0781949	0.980375
0.180968	-0.0781873	0.980376
0.180968	-0.0781877	0.980376
0.180965	-0.0781949	0.980376
0.180965	-0.0781927	0.980376
0.180963	-0.0781913	0.980377
0.180949	-0.0781886	0.98038
0.180949	-0.0781828	0.98038
0.180948	-0.0781832	0.98038
0.180947	-0.0781914	0.98038
0.180946	-0.078189	0.98038
0.180945	-0.0781893	0.98038
0.180904	-0.0782314	0.980384
0.180906	-0.0782256	0.980385
0.180905	-0.0782252	0.980385
0.180905	-0.0782338	0.980384
0.180904	-0.0782319	0.980384
0.180903	-0.0782358	0.980384
0.180902	-0.0782563	0.980383
0.180904	-0.0782518	0.980383
0.180904	-0.0782514	0.980383
0.180904	-0.0782597	0.980382
0.180903	-0.0782584	0.980382
0.180903	-0.0782629	0.980382
0.180912	-0.0782865	0.980379
0.180916	-0.0782821	0.980378
0.180915	-0.078282	0.980378
0.180916	-0.0782891	0.980378
0.180916	-0.0782885	0.980378
0.180917	-0.0782925	0.980377
0.180932	-0.0783102	0.980373
0.180936	-0.0783052	0.980373
0.180936	-0.0783052	0.980373
0.180936	-0.0783109	0.980372
0.180936	-0.0783107	0.980372
0.180937	-0.0783133	0.980372
0.180953	-0.0783187	0.980368
0.180957	-0.078312	0.980368
0.180957	-0.0783122	0.980368
0.180956	-0.0783167	0.980368
0.180956	-0.0783166	0.980368
0.180957	-0.0783174	0.980368
0.180967	-0.0783086	0.980367
0.180971	-0.0783001	0.980367
0.18097	-0.0783003	0.980367
0.180969	-0.0783044	0.980367
0.180969	-0.0783038	0.980367
0.180969	-0.0783031	0.980367
0.180969	-0.0782837	0.980368
0.180972	-0.0782739	0.980368
0.180972	-0.0782741	0.980369
0.180969	-0.0782785	0.980369
0.18097	-0.0782774	0.980369
0.180968	-0.078276	0.980369
0.180959	-0.0782535	0.980373
0.18096	-0.0782436	0.980373
0.18096	-0.0782435	0.980373
0.180957	-0.0782491	0.980373
0.180958	-0.0782472	0.980373
0.180955	-0.0782465	0.980374
0.180939	-0.0782297	0.980378
0.18094	-0.0782205	0.980379
0.18094	-0.0782203	0.980379
0.180938	-0.0782273	0.980379
0.180937	-0.078225	0.980379
0.180935	-0.0782256	0.980379
0.180918	-0.0782212	0.980383
0.180919	-0.0782137	0.980383
0.180919	-0.0782133	0.980383
0.180917	-0.0782215	0.980383
0.180917	-0.0782191	0.980383
0.180914	-0.0782216	0.980383
0.180888	-0.078272	0.980384
0.180889	-0.0782686	0.980384
0.180888	-0.0782685	0.980384
0.180889	-0.078274	0.980384
0.180888	-0.0782711	0.980384
0.180887	-0.0782758	0.980384
0.180886	-0.0782968	0.980383
0.180888	-0.0782947	0.980382
0.180887	-0.0782947	0.980383
0.180889	-0.0782998	0.980382
0.180888	-0.0782975	0.980382
0.180888	-0.078303	0.980382
0.180896	-0.078327	0.980378
0.1809	-0.078325	0.980378
0.180899	-0.0783253	0.980378
0.180901	-0.0783292	0.980377
0.1809	-0.0783277	0.980377
0.180901	-0.0783325	0.980377
0.180916	-0.0783508	0.980373
0.18092	-0.0783481	0.980372
0.180919	-0.0783485	0.980372
0.180921	-0.0783511	0.980372
0.180921	-0.0783499	0.980372
0.180922	-0.0783533	0.980371
0.180937	-0.0783593	0.980368
0.180941	-0.0783549	0.980368
0.18094	-0.0783555	0.980368
0.180941	-0.0783568	0.980368
0.180941	-0.0783558	0.980368
0.180942	-0.0783574	0.980367
0.180951	-0.0783491	0.980366
0.180955	-0.078343	0.980366
0.180954	-0.0783436	0.980366
0.180954	-0.0783445	0.980366
0.180955	-0.078343	0.980366
0.180954	-0.0783432	0.980366
0.180954	-0.0783242	0.980368
0.180956	-0.0783168	0.980368
0.180955	-0.0783174	0.980368
0.180954	-0.0783186	0.980368
0.180955	-0.0783165	0.980368
0.180953	-0.078316	0.980369
0.180943	-0.0782941	0.980372
0.180944	-0.0782865	0.980373
0.180943	-0.0782868	0.980373
0.180942	-0.0782892	0.980373
0.180943	-0.0782864	0.980373
0.18094	-0.0782865	0.980373
0.180924	-0.0782703	0.980378
0.180924	-0.0782635	0.980378
0.180923	-0.0782637	0.980378
0.180922	-0.0782674	0.980378
0.180922	-0.0782642	0.980378
0.180919	-0.0782657	0.980379
0.180903	-0.0782618	0.980382
0.180903	-0.0782567	0.980383
0.180902	-0.0782566	0.980383
0.180902	-0.0782617	0.980382
0.180901	-0.0782583	0.980383
0.180899	-0.0782617	0.980383
0.180884	-0.0782793	0.980384
0.180883	-0.0782802	0.980384
0.180882	-0.0782802	0.980385
0.180885	-0.0782819	0.980384
0.180884	-0.0782786	0.980384
0.180883	-0.0782832	0.980384
0.180881	-0.0783042	0.980383
0.180882	-0.0783064	0.980382
0.180881	-0.0783064	0.980383
0.180884	-0.0783077	0.980382
0.180884	-0.078305	0.980382
0.180884	-0.0783103	0.980382
0.180892	-0.0783343	0.980378
0.180894	-0.0783367	0.980378
0.180893	-0.0783369	0.980378
0.180896	-0.0783371	0.980377
0.180896	-0.0783352	0.980378
0.180897	-0.0783399	0.980377
0.180912	-0.0783581	0.980373
0.180914	-0.0783597	0.980372
0.180913	-0.0783601	0.980372
0.180916	-0.0783589	0.980372
0.180917	-0.0783574	0.980372
0.180918	-0.0783607	0.980372
0.180933	-0.0783666	0.980368
0.180935	-0.0783665	0.980368
0.180934	-0.0783671	0.980368
0.180937	-0.0783647	0.980368
0.180937	-0.0783632	0.980368
0.180938	-0.0783647	0.980368
0.180947	-0.0783564	0.980366
0.180949	-0.0783547	0.980366
0.180948	-0.0783552	0.980366
0.180949	-0.0783523	0.980366
0.18095	-0.0783505	0.980366
0.18095	-0.0783505	0.980366
0.18095	-0.0783315	0.980368
0.18095	-0.0783285	0.980368
0.18095	-0.0783291	0.980368
0.18095	-0.0783265	0.980368
0.180951	-0.078324	0.980368
0.180949	-0.0783234	0.980369
0.180939	-0.0783014	0.980372
0.180938	-0.0782982	0.980373
0.180938	-0.0782985	0.980373
0.180938	-0.0782972	0.980373
0.180938	-0.0782939	0.980373
0.180936	-0.0782938	0.980374
0.180919	-0.0782776	0.980378
0.180918	-0.0782752	0.980378
0.180917	-0.0782753	0.980378
0.180918	-0.0782754	0.980378
0.180918	-0.0782717	0.980379
0.180915	-0.078273	0.980379
0.180898	-0.0782692	0.980382
0.180897	-0.0782684	0.980383
0.180896	-0.0782683	0.980383
0.180897	-0.0782696	0.980383
0.180897	-0.0782658	0.980383
0.180895	-0.078269	0.980383
0.180892	-0.0782507	0.980385
0.18089	-0.0782562	0.980385
0.180889	-0.0782557	0.980385
0.180893	-0.0782545	0.980385
0.180892	-0.0782515	0.980385
0.180891	-0.0782551	0.980385
0.18089	-0.0782755	0.980383
0.180889	-0.0782823	0.980383
0.180888	-0.0782819	0.980383
0.180892	-0.0782803	0.980383
0.180892	-0.078278	0.980383
0.180892	-0.0782822	0.980383
0.180901	-0.0783056	0.980379
0.180901	-0.0783126	0.980378
0.1809	-0.0783124	0.980379
0.180905	-0.0783097	0.980378
0.180904	-0.0783081	0.980378
0.180905	-0.0783117	0.980378
0.18092	-0.0783294	0.980374
0.180921	-0.0783356	0.980373
0.180921	-0.0783356	0.980373
0.180925	-0.0783315	0.980373
0.180925	-0.0783303	0.980373
0.180926	-0.0783325	0.980372
0.180942	-0.0783378	0.980369
0.180943	-0.0783424	0.980368
0.180942	-0.0783426	0.980369
0.180945	-0.0783373	0.980368
0.180946	-0.0783361	0.980368
0.180946	-0.0783365	0.980368
0.180956	-0.0783277	0.980367
0.180956	-0.0783306	0.980367
0.180956	-0.0783307	0.980367
0.180958	-0.078325	0.980367
0.180959	-0.0783234	0.980367
0.180958	-0.0783223	0.980367
0.180959	-0.0783029	0.980369
0.180957	-0.0783045	0.980369
0.180957	-0.0783046	0.980369
0.180958	-0.0782992	0.980369
0.180959	-0.078297	0.980369
0.180958	-0.0782953	0.980369
0.180948	-0.0782728	0.980373
0.180945	-0.0782742	0.980373
0.180945	-0.0782741	0.980373
0.180946	-0.0782698	0.980374
0.180947	-0.0782669	0.980374
0.180944	-0.0782657	0.980374
0.180928	-0.078249	0.980379
0.180925	-0.0782512	0.980379
0.180924	-0.0782509	0.980379
0.180926	-0.078248	0.980379
0.180926	-0.0782447	0.980379
0.180923	-0.078245	0.98038
0.180907	-0.0782405	0.980383
0.180904	-0.0782443	0.980383
0.180903	-0.0782439	0.980384
0.180906	-0.0782422	0.980383
0.180905	-0.0782388	0.980384
0.180903	-0.0782409	0.980384
0.180911	-0.078197	0.980386
0.180907	-0.0782057	0.980386
0.180907	-0.0782044	0.980386
0.180911	-0.0782024	0.980385
0.18091	-0.0782003	0.980386
0.180909	-0.0782022	0.980386
0.180908	-0.0782218	0.980384
0.180906	-0.0782317	0.980384
0.180905	-0.0782306	0.980384
0.18091	-0.0782282	0.980384
0.180909	-0.0782267	0.980384
0.18091	-0.0782293	0.980383
0.180919	-0.0782518	0.98038
0.180918	-0.078262	0.980379
0.180917	-0.0782611	0.98038
0.180922	-0.0782575	0.980379
0.180922	-0.0782568	0.980379
0.180924	-0.0782588	0.980379
0.180939	-0.0782756	0.980374
0.180939	-0.078285	0.980374
0.180938	-0.0782843	0.980374
0.180942	-0.0782793	0.980373
0.180942	-0.078279	0.980374
0.180944	-0.0782796	0.980373
0.18096	-0.0782841	0.98037
0.18096	-0.0782918	0.980369
0.180959	-0.0782913	0.980369
0.180963	-0.0782851	0.980369
0.180963	-0.0782849	0.980369
0.180965	-0.0782836	0.980369
0.180975	-0.078274	0.980368
0.180974	-0.0782799	0.980368
0.180973	-0.0782795	0.980368
0.180976	-0.0782728	0.980368
0.180976	-0.0782722	0.980368
0.180977	-0.0782694	0.980368
0.180977	-0.0782492	0.98037
0.180975	-0.0782539	0.98037
0.180974	-0.0782533	0.98037
0.180976	-0.0782471	0.98037
0.180977	-0.0782457	0.98037
0.180976	-0.0782424	0.98037
0.180966	-0.0782191	0.980374
0.180963	-0.0782236	0.980374
0.180962	-0.0782228	0.980374
0.180964	-0.0782177	0.980374
0.180964	-0.0782157	0.980375
0.180962	-0.0782129	0.980375
0.180946	-0.0781953	0.980379
0.180942	-0.0782006	0.98038
0.180942	-0.0781996	0.98038
0.180944	-0.0781959	0.98038
0.180944	-0.0781934	0.98038
0.180941	-0.0781921	0.980381
0.180925	-0.0781869	0.980384
0.180921	-0.0781938	0.980384
0.180921	-0.0781926	0.980384
0.180924	-0.0781901	0.980384
0.180923	-0.0781876	0.980384
0.180921	-0.078188	0.980385
0.180932	-0.0781387	0.980387
0.180928	-0.0781478	0.980387
0.180928	-0.078146	0.980387
0.180931	-0.0781454	0.980386
0.18093	-0.0781444	0.980387
0.18093	-0.0781448	0.980387
0.18093	-0.0781635	0.980385
0.180927	-0.0781739	0.980385
0.180927	-0.0781721	0.980385
0.180931	-0.0781711	0.980384
0.18093	-0.0781708	0.980385
0.180931	-0.0781718	0.980384
0.18094	-0.0781935	0.980381
0.180939	-0.0782042	0.98038
0.180939	-0.0782026	0.98038
0.180943	-0.0782005	0.98038
0.180942	-0.0782009	0.98038
0.180944	-0.0782014	0.980379
0.18096	-0.0782174	0.980375
0.180959	-0.0782271	0.980375
0.180959	-0.0782258	0.980375
0.180963	-0.0782223	0.980374
0.180963	-0.0782231	0.980374
0.180965	-0.0782221	0.980374
0.180981	-0.0782258	0.980371
0.180981	-0.078234	0.98037
0.18098	-0.0782328	0.98037
0.180983	-0.0782281	0.98037
0.180983	-0.078229	0.98037
0.180985	-0.0782262	0.98037
0.180996	-0.0782157	0.980369
0.180994	-0.0782221	0.980368
0.180994	-0.078221	0.980369
0.180996	-0.0782158	0.980369
0.180996	-0.0782163	0.980369
0.180997	-0.078212	0.980369
0.180998	-0.0781909	0.98037
0.180995	-0.0781961	0.98037
0.180995	-0.0781948	0.98037
0.180997	-0.0781901	0.980371
0.180997	-0.0781898	0.980371
0.180996	-0.078185	0.980371
0.180987	-0.0781609	0.980375
0.180983	-0.0781658	0.980375
0.180983	-0.0781644	0.980375
0.180984	-0.0781607	0.980375
0.180984	-0.0781598	0.980375
0.180983	-0.0781555	0.980376
0.180967	-0.0781371	0.98038
0.180963	-0.0781428	0.980381
0.180963	-0.0781412	0.980381
0.180964	-0.0781389	0.980381
0.180964	-0.0781376	0.980381
0.180962	-0.0781347	0.980381
0.180946	-0.0781286	0.980385
0.180942	-0.0781359	0.980385
0.180942	-0.0781342	0.980385
0.180944	-0.0781331	0.980385
0.180943	-0.0781317	0.980385
0.180942	-0.0781306	0.980385
0.180948	-0.0780981	0.980387
0.180945	-0.0781049	0.980387
0.180944	-0.0781026	0.980387
0.180947	-0.0781053	0.980387
0.180945	-0.0781052	0.980387
0.180946	-0.0781048	0.980387
0.180945	-0.078123	0.980385
0.180944	-0.0781309	0.980385
0.180943	-0.0781288	0.980385
0.180946	-0.078131	0.980385
0.180945	-0.0781317	0.980385
0.180947	-0.0781318	0.980385
0.180956	-0.078153	0.980381
0.180956	-0.0781612	0.98038
0.180955	-0.0781593	0.980381
0.180959	-0.0781604	0.98038
0.180957	-0.0781617	0.98038
0.18096	-0.0781613	0.98038
0.180976	-0.0781769	0.980376
0.180976	-0.0781842	0.980375
0.180976	-0.0781825	0.980375
0.180979	-0.0781821	0.980375
0.180978	-0.0781839	0.980375
0.180981	-0.0781821	0.980374
0.180997	-0.0781853	0.980371
0.180997	-0.0781911	0.98037
0.180997	-0.0781895	0.980371
0.180999	-0.078188	0.98037
0.180998	-0.0781898	0.98037
0.181001	-0.0781862	0.98037
0.181011	-0.0781752	0.980369
0.18101	-0.0781792	0.980369
0.181011	-0.0781777	0.980369
0.181011	-0.0781757	0.980369
0.181011	-0.0781771	0.980369
0.181013	-0.078172	0.980369
0.181013	-0.0781504	0.980371
0.181012	-0.0781532	0.980371
0.181012	-0.0781515	0.980371
0.181012	-0.0781499	0.980371
0.181012	-0.0781507	0.980371
0.181012	-0.078145	0.980371
0.181003	-0.0781204	0.980375
0.181	-0.0781228	0.980375
0.181	-0.0781211	0.980376
0.181	-0.0781206	0.980376
0.180999	-0.0781206	0.980376
0.180998	-0.0781154	0.980376
0.180983	-0.0780965	0.980381
0.180979	-0.0780999	0.980381
0.180979	-0.0780978	0.980381
0.18098	-0.0780988	0.980381
0.180979	-0.0780984	0.980381
0.180978	-0.0780947	0.980382
0.180962	-0.0780881	0.980385
0.180958	-0.078093	0.980385
0.180958	-0.0780908	0.980386
0.18096	-0.0780929	0.980385
0.180958	-0.0780925	0.980385
0.180957	-0.0780906	0.980386
0.180952	-0.0780908	0.980387
0.180951	-0.0780932	0.980387
0.18095	-0.078091	0.980387
0.180951	-0.0780974	0.980386
0.180949	-0.0780977	0.980387
0.18095	-0.0780974	0.980387
0.18095	-0.0781156	0.980385
0.180949	-0.0781192	0.980385
0.180949	-0.0781172	0.980385
0.180951	-0.0781231	0.980384
0.180949	-0.0781242	0.980385
0.180951	-0.0781244	0.980384
0.18096	-0.0781457	0.980381
0.180961	-0.0781496	0.98038
0.180961	-0.0781476	0.980381
0.180963	-0.0781525	0.98038
0.180962	-0.0781542	0.98038
0.180964	-0.078154	0.980379
0.18098	-0.0781695	0.980375
0.180982	-0.0781726	0.980375
0.180981	-0.0781709	0.980375
0.180983	-0.0781743	0.980374
0.180982	-0.0781765	0.980374
0.180985	-0.0781748	0.980374
0.181001	-0.078178	0.980371
0.181003	-0.0781794	0.98037
0.181002	-0.0781779	0.980371
0.181003	-0.0781802	0.98037
0.181003	-0.0781824	0.98037
0.181005	-0.0781789	0.98037
0.181015	-0.0781679	0.980369
0.181016	-0.0781676	0.980369
0.181016	-0.0781661	0.980369
0.181016	-0.0781678	0.980369
0.181015	-0.0781697	0.980369
0.181017	-0.0781647	0.980369
0.181017	-0.0781431	0.980371
0.181017	-0.0781415	0.980371
0.181017	-0.0781399	0.980371
0.181016	-0.0781421	0.980371
0.181016	-0.0781432	0.980371
0.181016	-0.0781376	0.980371
0.181007	-0.078113	0.980375
0.181005	-0.0781112	0.980375
0.181005	-0.0781094	0.980375
0.181004	-0.0781127	0.980375
0.181003	-0.0781131	0.980375
0.181002	-0.0781081	0.980376
0.180987	-0.0780892	0.98038
0.180985	-0.0780882	0.980381
0.180985	-0.0780862	0.980381
0.180984	-0.0780909	0.980381
0.180983	-0.0780909	0.980381
0.180982	-0.0780873	0.980382
0.180966	-0.0780807	0.980385
0.180964	-0.0780813	0.980385
0.180964	-0.0780791	0.980385
0.180964	-0.078085	0.980385
0.180962	-0.078085	0.980385
0.180962	-0.0780832	0.980386
0.180943	-0.0781195	0.980386
0.180944	-0.0781172	0.980386
0.180943	-0.0781154	0.980386
0.180943	-0.0781247	0.980386
0.180941	-0.0781247	0.980386
0.180942	-0.0781255	0.980386
0.180941	-0.0781443	0.980385
0.180943	-0.0781433	0.980384
0.180942	-0.0781416	0.980385
0.180943	-0.0781505	0.980384
0.180941	-0.0781512	0.980384
0.180942	-0.0781526	0.980384
0.180952	-0.0781744	0.98038
0.180954	-0.0781736	0.98038
0.180954	-0.0781722	0.98038
0.180955	-0.0781799	0.980379
0.180953	-0.0781813	0.980379
0.180956	-0.0781822	0.980379
0.180971	-0.0781983	0.980375
0.180974	-0.0781967	0.980374
0.180974	-0.0781954	0.980374
0.180975	-0.0782017	0.980374
0.180974	-0.0782036	0.980374
0.180976	-0.078203	0.980373
0.180992	-0.0782067	0.98037
0.180995	-0.0782035	0.98037
0.180995	-0.0782024	0.98037
0.180995	-0.0782075	0.98037
0.180994	-0.0782095	0.98037
0.180996	-0.078207	0.980369
0.181006	-0.0781966	0.980368
0.181009	-0.0781916	0.980368
0.181009	-0.0781906	0.980368
0.181007	-0.0781952	0.980368
0.181007	-0.0781967	0.980368
0.181008	-0.0781929	0.980368
0.181009	-0.0781717	0.98037
0.18101	-0.0781655	0.98037
0.18101	-0.0781644	0.98037
0.181008	-0.0781694	0.98037
0.181007	-0.0781702	0.98037
0.181007	-0.0781658	0.980371
0.180998	-0.0781416	0.980374
0.180998	-0.0781352	0.980375
0.180998	-0.0781338	0.980375
0.180996	-0.07814	0.980375
0.180995	-0.0781401	0.980375
0.180994	-0.0781362	0.980375
0.180979	-0.0781178	0.98038
0.180978	-0.0781122	0.98038
0.180978	-0.0781106	0.98038
0.180976	-0.0781182	0.98038
0.180975	-0.0781179	0.98038
0.180973	-0.0781154	0.980381
0.180958	-0.0781093	0.980384
0.180957	-0.0781053	0.980385
0.180957	-0.0781036	0.980385
0.180956	-0.0781124	0.980384
0.180954	-0.078112	0.980385
0.180953	-0.0781113	0.980385
0.180925	-0.0781732	0.980385
0.180926	-0.0781678	0.980385
0.180926	-0.0781667	0.980386
0.180925	-0.0781768	0.980385
0.180924	-0.078176	0.980385
0.180923	-0.0781784	0.980385
0.180923	-0.078198	0.980384
0.180925	-0.0781939	0.980383
0.180925	-0.0781929	0.980384
0.180925	-0.0782027	0.980383
0.180923	-0.0782025	0.980383
0.180924	-0.0782055	0.980383
0.180933	-0.0782282	0.980379
0.180937	-0.0782243	0.980379
0.180936	-0.0782235	0.980379
0.180937	-0.0782321	0.980378
0.180936	-0.0782326	0.980378
0.180938	-0.0782351	0.980378
0.180953	-0.078252	0.980374
0.180957	-0.0782473	0.980373
0.180957	-0.0782467	0.980373
0.180957	-0.0782539	0.980373
0.180956	-0.0782548	0.980373
0.180958	-0.0782559	0.980372
0.180974	-0.0782605	0.980369
0.180978	-0.0782541	0.980369
0.180978	-0.0782537	0.980369
0.180977	-0.0782597	0.980369
0.180977	-0.0782607	0.980369
0.180978	-0.0782599	0.980368
0.180988	-0.0782503	0.980367
0.180992	-0.0782423	0.980367
0.180991	-0.0782418	0.980367
0.180989	-0.0782474	0.980367
0.18099	-0.078248	0.980367
0.18099	-0.0782457	0.980367
0.18099	-0.0782254	0.980369
0.180993	-0.0782161	0.980369
0.180992	-0.0782157	0.980369
0.18099	-0.0782215	0.980369
0.18099	-0.0782215	0.980369
0.180989	-0.0782186	0.98037
0.18098	-0.0781953	0.980373
0.180981	-0.0781858	0.980374
0.180981	-0.0781851	0.980374
0.180978	-0.0781921	0.980374
0.180978	-0.0781913	0.980374
0.180976	-0.078189	0.980375
0.18096	-0.0781715	0.980379
0.180961	-0.0781627	0.980379
0.18096	-0.0781619	0.98038
0.180958	-0.0781703	0.980379
0.180957	-0.0781691	0.98038
0.180955	-0.0781682	0.98038
0.180939	-0.078163	0.980383
0.18094	-0.0781559	0.980384
0.18094	-0.0781548	0.980384
0.180938	-0.0781645	0.980383
0.180937	-0.0781632	0.980384
0.180935	-0.0781642	0.980384
0.180894	-0.0782076	0.980388
0.180896	-0.0782089	0.980388
0.180895	-0.0782083	0.980388
0.18089	-0.0782213	0.980388
0.180889	-0.0782176	0.980388
0.18089	-0.0782145	0.980388
0.180889	-0.0782327	0.980387
0.180894	-0.0782353	0.980386
0.180892	-0.0782348	0.980386
0.180888	-0.0782484	0.980386
0.180886	-0.0782451	0.980387
0.180889	-0.0782427	0.980386
0.180898	-0.0782653	0.980383
0.180905	-0.0782673	0.980381
0.180903	-0.078267	0.980382
0.1809	-0.0782804	0.980381
0.180898	-0.0782779	0.980382
0.180901	-0.0782754	0.980381
0.180918	-0.0782932	0.980377
0.180926	-0.0782925	0.980375
0.180924	-0.0782929	0.980376
0.180921	-0.0783048	0.980375
0.180919	-0.0783036	0.980376
0.180923	-0.0783	0.980375
0.180941	-0.0783054	0.980372
0.180948	-0.0783013	0.980371
0.180947	-0.0783024	0.980371
0.180943	-0.0783126	0.980371
0.180942	-0.0783123	0.980371
0.180946	-0.0783072	0.980371
0.180959	-0.0782976	0.980369
0.180963	-0.0782903	0.980369
0.180962	-0.0782919	0.980369
0.180958	-0.0783005	0.980369
0.180958	-0.0783008	0.980369
0.18096	-0.0782941	0.980369
0.180964	-0.0782725	0.98037
0.180966	-0.0782639	0.98037
0.180965	-0.0782655	0.98037
0.180959	-0.0782734	0.980371
0.18096	-0.0782733	0.980371
0.180962	-0.0782659	0.980371
0.180954	-0.0782398	0.980374
0.180955	-0.0782319	0.980375
0.180954	-0.0782332	0.980375
0.180948	-0.0782414	0.980376
0.180948	-0.0782405	0.980375
0.180949	-0.0782332	0.980376
0.180934	-0.078212	0.98038
0.180934	-0.0782067	0.980381
0.180934	-0.0782073	0.980381
0.180926	-0.078217	0.980381
0.180927	-0.0782148	0.980381
0.180927	-0.0782086	0.980382
0.180911	-0.0781998	0.980386
0.180912	-0.0781979	0.980386
0.180911	-0.0781979	0.980386
0.180904	-0.0782092	0.980386
0.180904	-0.0782061	0.980386
0.180905	-0.0782014	0.980387
0.180874	-0.0782586	0.980388
0.180878	-0.0782579	0.980387
0.180877	-0.0782565	0.980387
0.180871	-0.0782685	0.980388
0.18087	-0.078265	0.980388
0.18087	-0.0782657	0.980388
0.180869	-0.0782837	0.980387
0.180875	-0.0782843	0.980386
0.180874	-0.078283	0.980386
0.180869	-0.0782955	0.980386
0.180868	-0.0782925	0.980386
0.180869	-0.078294	0.980386
0.180878	-0.0783163	0.980382
0.180886	-0.0783163	0.980381
0.180885	-0.0783153	0.980381
0.180881	-0.0783275	0.980381
0.18088	-0.0783252	0.980381
0.180882	-0.0783267	0.980381
0.180898	-0.0783442	0.980376
0.180907	-0.0783414	0.980375
0.180906	-0.0783411	0.980375
0.180903	-0.078352	0.980375
0.180901	-0.078351	0.980375
0.180904	-0.0783512	0.980375
0.180922	-0.0783564	0.980371
0.18093	-0.0783502	0.98037
0.180928	-0.0783506	0.98037
0.180925	-0.0783597	0.98037
0.180924	-0.0783596	0.98037
0.180926	-0.0783584	0.98037
0.180939	-0.0783486	0.980369
0.180945	-0.0783392	0.980368
0.180944	-0.0783402	0.980368
0.18094	-0.0783476	0.980369
0.18094	-0.0783481	0.980369
0.180941	-0.0783453	0.980369
0.180944	-0.0783235	0.98037
0.180947	-0.0783128	0.98037
0.180947	-0.0783137	0.98037
0.180941	-0.0783206	0.98037
0.180942	-0.0783206	0.98037
0.180942	-0.0783171	0.980371
0.180935	-0.0782908	0.980374
0.180936	-0.0782808	0.980375
0.180936	-0.0782814	0.980375
0.180929	-0.0782886	0.980375
0.18093	-0.0782879	0.980375
0.180929	-0.0782844	0.980376
0.180915	-0.078263	0.98038
0.180915	-0.0782557	0.98038
0.180915	-0.0782556	0.98038
0.180908	-0.0782641	0.980381
0.180909	-0.0782622	0.980381
0.180907	-0.0782599	0.980382
0.180891	-0.0782508	0.980385
0.180893	-0.0782469	0.980385
0.180893	-0.0782461	0.980385
0.180886	-0.0782564	0.980386
0.180886	-0.0782535	0.980386
0.180885	-0.0782526	0.980386
0.180867	-0.0782728	0.980388
0.18087	-0.0782731	0.980387
0.18087	-0.0782708	0.980388
0.180866	-0.0782773	0.980388
0.180865	-0.0782743	0.980388
0.180863	-0.0782793	0.980388
0.180862	-0.0782979	0.980387
0.180868	-0.0782995	0.980386
0.180867	-0.0782972	0.980386
0.180864	-0.0783044	0.980386
0.180862	-0.0783017	0.980387
0.180862	-0.0783074	0.980386
0.180871	-0.0783305	0.980383
0.180879	-0.0783314	0.980381
0.180878	-0.0783294	0.980381
0.180876	-0.0783363	0.980381
0.180874	-0.0783344	0.980382
0.180875	-0.0783401	0.980381
0.180891	-0.0783583	0.980377
0.1809	-0.0783565	0.980375
0.180899	-0.0783553	0.980375
0.180898	-0.0783608	0.980375
0.180896	-0.0783601	0.980376
0.180897	-0.0783647	0.980375
0.180915	-0.0783705	0.980371
0.180922	-0.0783654	0.98037
0.180922	-0.0783647	0.98037
0.18092	-0.0783686	0.980371
0.180919	-0.0783688	0.980371
0.180919	-0.0783718	0.98037
0.180932	-0.0783627	0.980369
0.180938	-0.0783544	0.980368
0.180938	-0.0783543	0.980368
0.180935	-0.0783565	0.980369
0.180935	-0.0783573	0.980369
0.180934	-0.0783588	0.980369
0.180937	-0.0783376	0.98037
0.18094	-0.0783279	0.98037
0.180941	-0.0783279	0.98037
0.180936	-0.0783294	0.980371
0.180937	-0.0783299	0.98037
0.180935	-0.0783306	0.980371
0.180928	-0.078305	0.980374
0.180929	-0.078296	0.980375
0.180929	-0.0782956	0.980375
0.180924	-0.0782975	0.980375
0.180925	-0.0782971	0.980375
0.180923	-0.0782979	0.980376
0.180908	-0.0782772	0.98038
0.180908	-0.0782709	0.980381
0.180908	-0.0782698	0.980381
0.180903	-0.078273	0.980381
0.180903	-0.0782715	0.980381
0.180901	-0.0782734	0.980382
0.180884	-0.078265	0.980385
0.180886	-0.0782621	0.980385
0.180886	-0.0782603	0.980385
0.180881	-0.0782653	0.980386
0.18088	-0.0782628	0.980386
0.180878	-0.0782662	0.980386
0.180875	-0.0782447	0.980389
0.180877	-0.0782487	0.980388
0.180877	-0.0782455	0.980388
0.180876	-0.0782445	0.980389
0.180874	-0.0782419	0.980389
0.180871	-0.0782499	0.980389
0.18087	-0.0782697	0.980388
0.180875	-0.0782751	0.980386
0.180874	-0.0782719	0.980387
0.180874	-0.0782716	0.980387
0.180872	-0.0782692	0.980387
0.18087	-0.078278	0.980387
0.180879	-0.0783023	0.980383
0.180886	-0.078307	0.980382
0.180885	-0.0783042	0.980382
0.180886	-0.0783035	0.980382
0.180884	-0.078302	0.980382
0.180883	-0.0783106	0.980382
0.1809	-0.0783301	0.980377
0.180907	-0.0783321	0.980376
0.180906	-0.07833	0.980376
0.180908	-0.0783279	0.980376
0.180906	-0.0783276	0.980376
0.180905	-0.0783352	0.980376
0.180923	-0.0783424	0.980372
0.18093	-0.0783409	0.980371
0.180929	-0.0783394	0.980371
0.18093	-0.0783357	0.980371
0.180929	-0.0783363	0.980371
0.180928	-0.0783423	0.980371
0.180941	-0.0783345	0.980369
0.180945	-0.07833	0.980369
0.180945	-0.078329	0.980369
0.180945	-0.0783237	0.980369
0.180945	-0.0783248	0.980369
0.180943	-0.0783293	0.980369
0.180946	-0.0783095	0.98037
0.180948	-0.0783036	0.980371
0.180948	-0.0783026	0.980371
0.180947	-0.0782966	0.980371
0.180947	-0.0782975	0.980371
0.180944	-0.0783011	0.980371
0.180936	-0.0782769	0.980375
0.180936	-0.0782717	0.980375
0.180937	-0.0782704	0.980375
0.180934	-0.0782647	0.980376
0.180935	-0.0782647	0.980376
0.180931	-0.0782685	0.980376
0.180916	-0.0782492	0.980381
0.180915	-0.0782465	0.980381
0.180916	-0.0782446	0.980381
0.180913	-0.0782403	0.980382
0.180913	-0.0782391	0.980382
0.180909	-0.078244	0.980382
0.180892	-0.0782369	0.980386
0.180893	-0.0782378	0.980386
0.180893	-0.0782351	0.980386
0.180891	-0.0782326	0.980387
0.18089	-0.0782303	0.980387
0.180886	-0.0782368	0.980387
0.180895	-0.0781851	0.98039
0.180896	-0.078194	0.980389
0.180896	-0.0781905	0.980389
0.180897	-0.0781826	0.98039
0.180895	-0.0781801	0.98039
0.180892	-0.0781887	0.98039
0.18089	-0.0782101	0.980389
0.180893	-0.0782204	0.980387
0.180893	-0.0782169	0.980388
0.180895	-0.0782097	0.980388
0.180893	-0.0782074	0.980388
0.180891	-0.0782169	0.980388
0.1809	-0.0782427	0.980384
0.180905	-0.0782523	0.980383
0.180904	-0.0782491	0.980383
0.180908	-0.0782415	0.980383
0.180905	-0.0782402	0.980383
0.180904	-0.0782495	0.980383
0.18092	-0.0782704	0.980378
0.180926	-0.0782774	0.980377
0.180925	-0.0782748	0.980377
0.180929	-0.078266	0.980377
0.180927	-0.0782658	0.980377
0.180926	-0.0782741	0.980377
0.180944	-0.0782827	0.980373
0.180948	-0.0782862	0.980372
0.180948	-0.0782844	0.980372
0.180951	-0.0782737	0.980372
0.18095	-0.0782745	0.980372
0.180949	-0.0782812	0.980372
0.180961	-0.0782748	0.98037
0.180964	-0.0782753	0.98037
0.180964	-0.0782739	0.98037
0.180966	-0.0782618	0.98037
0.180966	-0.078263	0.98037
0.180964	-0.0782682	0.98037
0.180966	-0.0782499	0.980371
0.180966	-0.0782489	0.980372
0.180967	-0.0782476	0.980372
0.180968	-0.0782347	0.980372
0.180968	-0.0782357	0.980372
0.180965	-0.07824	0.980372
0.180957	-0.0782173	0.980376
0.180955	-0.0782171	0.980376
0.180955	-0.0782154	0.980376
0.180956	-0.0782028	0.980377
0.180956	-0.078203	0.980377
0.180952	-0.0782075	0.980377
0.180936	-0.0781896	0.980382
0.180934	-0.0781919	0.980382
0.180934	-0.0781896	0.980382
0.180934	-0.0781784	0.980383
0.180934	-0.0781774	0.980383
0.18093	-0.0781829	0.980383
0.180913	-0.0781773	0.980387
0.180911	-0.0781831	0.980387
0.180912	-0.0781801	0.980387
0.180912	-0.0781707	0.980388
0.180911	-0.0781686	0.980388
0.180907	-0.0781758	0.980388
0.18092	-0.0781167	0.980391
0.180919	-0.07813	0.98039
0.180919	-0.0781267	0.98039
0.180921	-0.0781151	0.98039
0.18092	-0.0781127	0.980391
0.180917	-0.0781193	0.980391
0.180915	-0.0781416	0.98039
0.180916	-0.0781564	0.980388
0.180916	-0.078153	0.980389
0.18092	-0.0781422	0.980389
0.180918	-0.07814	0.980389
0.180916	-0.0781475	0.980389
0.180924	-0.0781742	0.980385
0.180928	-0.0781882	0.980383
0.180927	-0.0781853	0.980384
0.180932	-0.078174	0.980384
0.18093	-0.0781727	0.980384
0.180929	-0.07818	0.980384
0.180945	-0.078202	0.980379
0.180949	-0.0782133	0.980378
0.180948	-0.078211	0.980378
0.180953	-0.0781985	0.980378
0.180952	-0.0781983	0.980378
0.180951	-0.0782046	0.980378
0.180968	-0.0782143	0.980374
0.180971	-0.0782221	0.980373
0.180971	-0.0782205	0.980373
0.180976	-0.0782062	0.980373
0.180975	-0.0782071	0.980373
0.180974	-0.0782117	0.980373
0.180986	-0.0782064	0.980371
0.180987	-0.0782113	0.980371
0.180987	-0.0782101	0.980371
0.180991	-0.0781943	0.980371
0.18099	-0.0781956	0.980371
0.180989	-0.0781988	0.980371
0.180991	-0.0781815	0.980372
0.180989	-0.0781848	0.980372
0.18099	-0.0781838	0.980372
0.180992	-0.0781672	0.980373
0.180992	-0.0781683	0.980373
0.18099	-0.0781706	0.980373
0.180981	-0.0781489	0.980377
0.180978	-0.078153	0.980377
0.180978	-0.0781515	0.980377
0.18098	-0.0781354	0.980378
0.18098	-0.0781356	0.980378
0.180977	-0.0781381	0.980378
0.180961	-0.0781212	0.980383
0.180957	-0.0781279	0.980383
0.180957	-0.0781258	0.980383
0.180959	-0.0781109	0.980384
0.180959	-0.07811	0.980384
0.180955	-0.0781135	0.980384
0.180937	-0.0781089	0.980388
0.180934	-0.0781191	0.980388
0.180934	-0.0781163	0.980388
0.180936	-0.0781032	0.980389
0.180936	-0.0781012	0.980389
0.180932	-0.0781064	0.980389
0.180939	-0.0780657	0.980391
0.180937	-0.078081	0.98039
0.180937	-0.0780785	0.98039
0.18094	-0.0780679	0.980391
0.180939	-0.0780653	0.980391
0.180937	-0.078068	0.980391
0.180935	-0.0780906	0.98039
0.180935	-0.0781074	0.980389
0.180934	-0.0781048	0.980389
0.180938	-0.078095	0.980389
0.180936	-0.0780926	0.98039
0.180936	-0.0780962	0.980389
0.180944	-0.0781232	0.980386
0.180947	-0.0781392	0.980384
0.180945	-0.078137	0.980384
0.180951	-0.0781268	0.980384
0.180948	-0.0781253	0.980385
0.180949	-0.0781288	0.980384
0.180964	-0.0781509	0.98038
0.180967	-0.0781644	0.980378
0.180966	-0.0781628	0.980378
0.180972	-0.0781513	0.980378
0.18097	-0.0781509	0.980379
0.180971	-0.0781534	0.980378
0.180988	-0.0781633	0.980374
0.18099	-0.0781732	0.980373
0.180989	-0.0781724	0.980373
0.180994	-0.0781591	0.980374
0.180993	-0.0781597	0.980374
0.180994	-0.0781605	0.980373
0.181005	-0.0781554	0.980372
0.181005	-0.0781624	0.980371
0.181005	-0.0781619	0.980371
0.181009	-0.0781472	0.980372
0.181008	-0.0781483	0.980372
0.181009	-0.0781476	0.980372
0.18101	-0.0781305	0.980373
0.181008	-0.0781359	0.980373
0.181008	-0.0781356	0.980373
0.18101	-0.0781201	0.980374
0.181011	-0.0781209	0.980374
0.18101	-0.0781194	0.980374
0.181001	-0.0780979	0.980377
0.180996	-0.0781041	0.980378
0.180997	-0.0781033	0.980378
0.180998	-0.0780883	0.980378
0.180999	-0.0780882	0.980378
0.180997	-0.0780869	0.980379
0.18098	-0.0780702	0.980383
0.180975	-0.0780789	0.980383
0.180976	-0.0780776	0.980383
0.180977	-0.0780637	0.980384
0.180977	-0.0780626	0.980384
0.180975	-0.0780622	0.980385
0.180957	-0.0780578	0.980388
0.180953	-0.0780701	0.980388
0.180953	-0.078068	0.980388
0.180955	-0.078056	0.980389
0.180954	-0.0780538	0.980389
0.180952	-0.0780551	0.98039
0.180947	-0.0780515	0.980391
0.180945	-0.0780658	0.98039
0.180944	-0.0780643	0.98039
0.180945	-0.078059	0.980391
0.180944	-0.078056	0.980391
0.180944	-0.0780545	0.980391
0.180942	-0.0780765	0.98039
0.180942	-0.0780922	0.980388
0.180941	-0.0780906	0.980389
0.180944	-0.0780861	0.980389
0.180942	-0.0780833	0.980389
0.180943	-0.0780827	0.980389
0.180951	-0.0781091	0.980385
0.180954	-0.0781241	0.980384
0.180952	-0.0781229	0.980384
0.180956	-0.078118	0.980384
0.180954	-0.0781161	0.980384
0.180956	-0.0781153	0.980384
0.180971	-0.0781368	0.98038
0.180975	-0.0781493	0.980378
0.180973	-0.0781487	0.980378
0.180977	-0.0781425	0.980378
0.180975	-0.0781418	0.980378
0.180978	-0.0781399	0.980378
0.180995	-0.0781492	0.980374
0.180997	-0.0781581	0.980373
0.180996	-0.0781582	0.980373
0.180999	-0.0781503	0.980373
0.180998	-0.0781506	0.980374
0.181001	-0.0781471	0.980373
0.181012	-0.0781413	0.980372
0.181012	-0.0781472	0.980371
0.181012	-0.0781478	0.980371
0.181014	-0.0781383	0.980372
0.181013	-0.0781391	0.980372
0.181015	-0.0781341	0.980372
0.181017	-0.0781164	0.980373
0.181015	-0.0781208	0.980373
0.181014	-0.0781214	0.980373
0.181015	-0.0781112	0.980373
0.181016	-0.0781117	0.980373
0.181016	-0.0781059	0.980374
0.181007	-0.0780837	0.980377
0.181003	-0.0780889	0.980377
0.181003	-0.0780892	0.980377
0.181003	-0.0780793	0.980378
0.181004	-0.0780789	0.980378
0.181003	-0.0780734	0.980379
0.180987	-0.078056	0.980383
0.180982	-0.0780637	0.980383
0.180983	-0.0780634	0.980383
0.180982	-0.0780548	0.980384
0.180982	-0.0780533	0.980384
0.180981	-0.0780487	0.980385
0.180964	-0.0780437	0.980388
0.18096	-0.0780549	0.980388
0.18096	-0.0780538	0.980388
0.18096	-0.0780471	0.980389
0.18096	-0.0780445	0.980389
0.180959	-0.0780416	0.980389
0.180939	-0.0780796	0.98039
0.180938	-0.0780902	0.980389
0.180937	-0.0780895	0.98039
0.180935	-0.0780918	0.98039
0.180934	-0.0780884	0.98039
0.180936	-0.0780839	0.98039
0.180934	-0.0781046	0.980389
0.180936	-0.0781166	0.980388
0.180934	-0.0781159	0.980388
0.180934	-0.0781189	0.980388
0.180932	-0.0781158	0.980388
0.180935	-0.0781121	0.980388
0.180943	-0.0781372	0.980385
0.180947	-0.0781485	0.980383
0.180945	-0.0781482	0.980383
0.180946	-0.0781509	0.980383
0.180944	-0.0781486	0.980384
0.180947	-0.0781448	0.980383
0.180963	-0.078165	0.980379
0.180968	-0.0781737	0.980377
0.180966	-0.078174	0.980378
0.180967	-0.0781754	0.980377
0.180965	-0.0781743	0.980378
0.180969	-0.0781694	0.980377
0.180986	-0.0781773	0.980374
0.18099	-0.0781825	0.980372
0.180988	-0.0781835	0.980373
0.180989	-0.0781831	0.980373
0.180988	-0.0781831	0.980373
0.180992	-0.0781766	0.980373
0.181004	-0.0781695	0.980371
0.181005	-0.0781716	0.980371
0.181004	-0.0781731	0.980371
0.181004	-0.0781711	0.980371
0.181003	-0.0781716	0.980371
0.181006	-0.0781636	0.980371
0.181009	-0.0781445	0.980372
0.181007	-0.0781452	0.980372
0.181007	-0.0781466	0.980372
0.181005	-0.078144	0.980373
0.181006	-0.0781441	0.980373
0.181007	-0.0781354	0.980373
0.180999	-0.0781119	0.980376
0.180996	-0.0781133	0.980377
0.180996	-0.0781144	0.980377
0.180993	-0.0781121	0.980377
0.180994	-0.0781114	0.980377
0.180995	-0.0781027	0.980378
0.180979	-0.078084	0.980382
0.180975	-0.0780881	0.980383
0.180975	-0.0780885	0.980383
0.180972	-0.0780876	0.980383
0.180973	-0.0780857	0.980383
0.180973	-0.0780781	0.980384
0.180956	-0.0780718	0.980388
0.180953	-0.0780793	0.980387
0.180953	-0.0780791	0.980388
0.18095	-0.0780798	0.980388
0.18095	-0.0780769	0.980388
0.18095	-0.0780709	0.980389
0.180918	-0.0781392	0.980389
0.180919	-0.0781448	0.980388
0.180918	-0.0781445	0.980389
0.180914	-0.0781538	0.980389
0.180913	-0.0781501	0.980389
0.180915	-0.078145	0.980389
0.180913	-0.0781643	0.980388
0.180917	-0.0781713	0.980387
0.180915	-0.078171	0.980387
0.180913	-0.0781809	0.980387
0.180911	-0.0781776	0.980387
0.180914	-0.0781732	0.980387
0.180923	-0.0781969	0.980384
0.180928	-0.0782033	0.980382
0.180926	-0.0782032	0.980383
0.180924	-0.0782129	0.980382
0.180923	-0.0782104	0.980383
0.180927	-0.078206	0.980382
0.180943	-0.0782247	0.980378
0.180949	-0.0782284	0.980376
0.180947	-0.0782291	0.980377
0.180946	-0.0782373	0.980376
0.180944	-0.0782361	0.980377
0.180948	-0.0782305	0.980376
0.180966	-0.078237	0.980373
0.180971	-0.0782372	0.980372
0.18097	-0.0782385	0.980372
0.180968	-0.0782451	0.980372
0.180967	-0.0782448	0.980372
0.180971	-0.0782377	0.980372
0.180983	-0.0782292	0.98037
0.180986	-0.0782263	0.98037
0.180985	-0.0782281	0.98037
0.180982	-0.0782331	0.98037
0.180982	-0.0782333	0.98037
0.180985	-0.0782247	0.98037
0.180988	-0.0782041	0.980371
0.180989	-0.0781998	0.980371
0.180988	-0.0782017	0.980371
0.180984	-0.078206	0.980372
0.180985	-0.0782059	0.980372
0.180986	-0.0781965	0.980372
0.180979	-0.0781715	0.980375
0.180978	-0.0781679	0.980376
0.180977	-0.0781694	0.980376
0.180972	-0.078174	0.980376
0.180973	-0.0781731	0.980376
0.180974	-0.0781638	0.980377
0.180959	-0.0781436	0.980381
0.180957	-0.0781427	0.980382
0.180957	-0.0781435	0.980382
0.180951	-0.0781495	0.980382
0.180951	-0.0781474	0.980382
0.180952	-0.0781392	0.980383
0.180936	-0.0781314	0.980387
0.180935	-0.0781339	0.980387
0.180934	-0.0781341	0.980387
0.180929	-0.0781417	0.980387
0.180929	-0.0781387	0.980387
0.18093	-0.078132	0.980388
0.180869	-0.0782264	0.980391
0.180875	-0.0782139	0.980391
0.180886	-0.0781803	0.980392
0.180889	-0.0781808	0.980391
0.180865	-0.078256	0.98039
0.180869	-0.0782415	0.98039
0.180881	-0.0782091	0.98039
0.180881	-0.0782059	0.980391
0.180877	-0.0782928	0.980384
0.18088	-0.0782776	0.980385
0.180892	-0.0782462	0.980385
0.180888	-0.0782417	0.980387
0.1809	-0.0783223	0.980378
0.180902	-0.0783088	0.980379
0.180915	-0.0782769	0.980379
0.180909	-0.0782749	0.98038
0.180926	-0.0783336	0.980372
0.180927	-0.0783226	0.980373
0.180941	-0.0782899	0.980373
0.180935	-0.0782926	0.980374
0.180945	-0.0783221	0.98037
0.180947	-0.0783143	0.98037
0.18096	-0.0782798	0.98037
0.180956	-0.0782883	0.98037
0.180948	-0.0782924	0.980371
0.180953	-0.0782867	0.980371
0.180965	-0.0782509	0.980372
0.180965	-0.0782633	0.980371
0.180936	-0.0782556	0.980377
0.180943	-0.0782506	0.980376
0.180954	-0.0782138	0.980377
0.180957	-0.0782275	0.980375
0.180913	-0.0782262	0.980383
0.180921	-0.0782195	0.980382
0.180931	-0.0781831	0.980383
0.180937	-0.0781942	0.980381
0.180887	-0.0782149	0.980389
0.180895	-0.0782057	0.980388
0.180905	-0.0781701	0.980389
0.180911	-0.0781765	0.980388
0.180846	-0.0782822	0.980391
0.180852	-0.0782722	0.980391
0.180857	-0.0782556	0.980391
0.180863	-0.078251	0.98039
0.180843	-0.0783117	0.980389
0.180846	-0.0782998	0.98039
0.180852	-0.0782845	0.98039
0.180854	-0.078276	0.98039
0.180855	-0.0783485	0.980384
0.180856	-0.0783359	0.980385
0.180864	-0.0783216	0.980385
0.180861	-0.0783118	0.980386
0.180878	-0.078378	0.980377
0.180879	-0.078367	0.980378
0.180887	-0.0783522	0.980378
0.180882	-0.0783451	0.980379
0.180904	-0.0783892	0.980372
0.180905	-0.0783808	0.980372
0.180913	-0.0783652	0.980372
0.180908	-0.0783627	0.980373
0.180923	-0.0783777	0.980369
0.180924	-0.0783725	0.980369
0.180932	-0.0783551	0.980369
0.18093	-0.0783584	0.98037
0.180927	-0.0783481	0.980371
0.18093	-0.0783449	0.98037
0.180937	-0.0783261	0.980371
0.180939	-0.0783334	0.98037
0.180914	-0.0783114	0.980376
0.18092	-0.0783089	0.980375
0.180926	-0.0782891	0.980376
0.180931	-0.0782975	0.980374
0.180891	-0.0782819	0.980383
0.180898	-0.0782778	0.980382
0.180903	-0.0782585	0.980382
0.18091	-0.0782643	0.980381
0.180865	-0.0782706	0.980388
0.180872	-0.0782639	0.980388
0.180877	-0.0782455	0.980388
0.180884	-0.0782467	0.980387
0.180842	-0.0782861	0.980391
0.180846	-0.078282	0.980391
0.180843	-0.0782887	0.980391
0.18085	-0.0782797	0.980391
0.180838	-0.0783157	0.98039
0.18084	-0.0783095	0.98039
0.180838	-0.0783175	0.98039
0.180841	-0.0783046	0.98039
0.180851	-0.0783523	0.980385
0.18085	-0.0783456	0.980385
0.180849	-0.0783545	0.980385
0.180849	-0.0783404	0.980386
0.180874	-0.0783818	0.980378
0.180873	-0.0783766	0.980379
0.180872	-0.0783852	0.980378
0.180869	-0.0783736	0.980379
0.180901	-0.0783931	0.980372
0.180899	-0.0783905	0.980373
0.180899	-0.0783981	0.980372
0.180896	-0.0783913	0.980373
0.180919	-0.0783816	0.98037
0.180919	-0.0783822	0.98037
0.180918	-0.0783881	0.980369
0.180917	-0.0783869	0.98037
0.180923	-0.078352	0.980371
0.180925	-0.0783546	0.980371
0.180923	-0.0783592	0.980371
0.180926	-0.078362	0.98037
0.180911	-0.0783154	0.980376
0.180914	-0.0783186	0.980376
0.180912	-0.0783222	0.980376
0.180919	-0.0783262	0.980374
0.180887	-0.0782859	0.980383
0.180892	-0.0782876	0.980382
0.180889	-0.0782915	0.980382
0.180898	-0.078293	0.980381
0.180861	-0.0782746	0.980389
0.180866	-0.0782737	0.980388
0.180862	-0.0782786	0.980388
0.180872	-0.0782753	0.980387
0.180857	-0.0782368	0.980393
0.180859	-0.0782395	0.980392
0.180848	-0.0782668	0.980392
0.180856	-0.0782559	0.980391
0.180854	-0.0782664	0.980391
0.180853	-0.078267	0.980391
0.180843	-0.0782957	0.980391
0.180847	-0.0782808	0.980391
0.180866	-0.0783029	0.980386
0.180863	-0.0783031	0.980386
0.180854	-0.0783326	0.980386
0.180854	-0.0783166	0.980387
0.18089	-0.0783325	0.980379
0.180886	-0.078334	0.98038
0.180878	-0.0783633	0.980379
0.180875	-0.0783497	0.98038
0.180916	-0.0783436	0.980373
0.180912	-0.0783479	0.980374
0.180904	-0.0783762	0.980373
0.180902	-0.0783674	0.980374
0.180935	-0.0783323	0.980371
0.180932	-0.0783396	0.980371
0.180924	-0.0783662	0.98037
0.180924	-0.0783631	0.98037
0.180939	-0.0783027	0.980372
0.180938	-0.0783122	0.980372
0.180929	-0.0783372	0.980371
0.180933	-0.0783382	0.980371
0.180926	-0.0782661	0.980378
0.180928	-0.0782761	0.980376
0.180918	-0.0783004	0.980376
0.180925	-0.0783023	0.980375
0.180902	-0.0782366	0.980384
0.180905	-0.0782452	0.980383
0.180894	-0.0782697	0.980383
0.180904	-0.0782693	0.980381
0.180876	-0.0782254	0.98039
0.180879	-0.0782312	0.980389
0.180867	-0.0782568	0.980389
0.180878	-0.0782515	0.980388
0.180887	-0.078153	0.980394
0.180886	-0.0781611	0.980393
0.180871	-0.0781984	0.980393
0.180878	-0.0781888	0.980393
0.180883	-0.0781827	0.980392
0.18088	-0.0781884	0.980392
0.180866	-0.0782273	0.980392
0.180869	-0.0782136	0.980392
0.180895	-0.0782191	0.980387
0.18089	-0.0782245	0.980387
0.180877	-0.0782641	0.980387
0.180877	-0.0782494	0.980388
0.180919	-0.0782487	0.98038
0.180913	-0.0782553	0.980381
0.180901	-0.0782948	0.98038
0.180898	-0.0782825	0.980381
0.180945	-0.0782598	0.980375
0.180939	-0.0782693	0.980375
0.180927	-0.0783076	0.980374
0.180925	-0.0783002	0.980375
0.180964	-0.0782486	0.980372
0.180959	-0.078261	0.980372
0.180947	-0.0782978	0.980371
0.180946	-0.0782958	0.980371
0.180968	-0.0782189	0.980374
0.180965	-0.0782336	0.980373
0.180952	-0.0782688	0.980373
0.180955	-0.078271	0.980372
0.180955	-0.0781825	0.980379
0.180955	-0.0781976	0.980378
0.18094	-0.078232	0.980378
0.180948	-0.0782352	0.980376
0.180931	-0.0781529	0.980386
0.180932	-0.0781667	0.980384
0.180917	-0.0782013	0.980384
0.180927	-0.0782022	0.980383
0.180905	-0.0781418	0.980391
0.180906	-0.0781527	0.98039
0.18089	-0.0781885	0.98039
0.1809	-0.0781844	0.980389
0.180918	-0.0780668	0.980395
0.180917	-0.0780765	0.980394
0.180902	-0.0781095	0.980394
0.180909	-0.0781041	0.980394
0.180915	-0.0780964	0.980393
0.180911	-0.0781038	0.980393
0.180897	-0.0781384	0.980393
0.1809	-0.0781288	0.980393
0.180927	-0.0781329	0.980388
0.180921	-0.0781399	0.980389
0.180909	-0.0781752	0.980388
0.180907	-0.0781646	0.980389
0.180951	-0.0781625	0.980381
0.180944	-0.0781707	0.980382
0.180932	-0.0782059	0.980381
0.180928	-0.0781976	0.980383
0.180977	-0.0781736	0.980376
0.18097	-0.0781848	0.980376
0.180959	-0.0782187	0.980375
0.180955	-0.0782154	0.980376
0.180995	-0.0781624	0.980373
0.18099	-0.0781765	0.980373
0.180979	-0.0782089	0.980372
0.180977	-0.078211	0.980373
0.180999	-0.0781328	0.980375
0.180996	-0.0781491	0.980374
0.180983	-0.07818	0.980374
0.180985	-0.0781863	0.980373
0.180987	-0.0780963	0.98038
0.180985	-0.0781131	0.980379
0.180972	-0.0781433	0.980379
0.180978	-0.0781504	0.980377
0.180963	-0.0780667	0.980387
0.180963	-0.0780822	0.980385
0.180948	-0.0781125	0.980386
0.180957	-0.0781174	0.980384
0.180937	-0.0780556	0.980392
0.180937	-0.0780681	0.980391
0.180922	-0.0780997	0.980392
0.18093	-0.0780996	0.98039
0.180941	-0.0780111	0.980395
0.18094	-0.0780182	0.980395
0.180931	-0.0780342	0.980395
0.180935	-0.0780339	0.980394
0.180937	-0.0780407	0.980394
0.180934	-0.0780455	0.980394
0.180926	-0.0780631	0.980394
0.180927	-0.0780586	0.980394
0.180949	-0.0780772	0.980388
0.180944	-0.0780816	0.980389
0.180938	-0.0780998	0.980389
0.180934	-0.0780944	0.98039
0.180973	-0.0781068	0.980382
0.180967	-0.0781125	0.980382
0.180961	-0.0781306	0.980382
0.180955	-0.0781275	0.980383
0.180999	-0.078118	0.980376
0.180993	-0.0781265	0.980376
0.180987	-0.0781434	0.980376
0.180981	-0.0781453	0.980377
0.181017	-0.0781067	0.980373
0.181012	-0.0781183	0.980373
0.181007	-0.0781336	0.980373
0.181003	-0.0781409	0.980373
0.181021	-0.0780771	0.980375
0.181018	-0.0780909	0.980375
0.181012	-0.0781047	0.980375
0.181012	-0.0781161	0.980374
0.181008	-0.0780406	0.98038
0.181008	-0.0780548	0.980379
0.181	-0.078068	0.98038
0.181004	-0.0780804	0.980378
0.180985	-0.078011	0.980387
0.180985	-0.0780239	0.980386
0.180977	-0.0780372	0.980386
0.180983	-0.0780473	0.980384
0.180959	-0.0779998	0.980393
0.180959	-0.0780099	0.980392
0.18095	-0.0780244	0.980392
0.180957	-0.0780295	0.980391
0.180945	-0.0780071	0.980395
0.180946	-0.0780084	0.980394
0.180945	-0.0780011	0.980395
0.180948	-0.0780052	0.980394
0.180941	-0.0780367	0.980393
0.18094	-0.0780358	0.980393
0.180941	-0.07803	0.980394
0.180939	-0.07803	0.980394
0.180953	-0.0780734	0.980388
0.180951	-0.0780719	0.980389
0.180952	-0.0780668	0.980389
0.180947	-0.0780659	0.98039
0.180977	-0.0781029	0.980381
0.180973	-0.0781029	0.980382
0.180975	-0.0780976	0.980382
0.180968	-0.0780989	0.980383
0.181003	-0.0781142	0.980376
0.180999	-0.0781169	0.980376
0.181001	-0.0781105	0.980376
0.180994	-0.0781167	0.980377
0.181021	-0.0781028	0.980373
0.181018	-0.0781086	0.980373
0.181021	-0.0781006	0.980373
0.181015	-0.0781124	0.980373
0.181024	-0.0780732	0.980375
0.181024	-0.0780812	0.980374
0.181025	-0.0780717	0.980375
0.181024	-0.0780876	0.980374
0.181012	-0.0780366	0.98038
0.181013	-0.0780451	0.980379
0.181014	-0.0780349	0.98038
0.181016	-0.0780517	0.980378
0.180989	-0.078007	0.980387
0.180991	-0.0780141	0.980386
0.180991	-0.0780041	0.980386
0.180996	-0.0780187	0.980384
0.180963	-0.0779958	0.980392
0.180966	-0.0780001	0.980391
0.180965	-0.0779912	0.980392
0.180969	-0.0780009	0.980391
0.18093	-0.0780565	0.980394
0.180933	-0.0780508	0.980393
0.18094	-0.0780229	0.980394
0.180942	-0.078029	0.980393
0.180926	-0.078086	0.980392
0.180928	-0.0780784	0.980392
0.180936	-0.0780518	0.980393
0.180934	-0.0780538	0.980393
0.180938	-0.0781228	0.980387
0.180938	-0.0781144	0.980388
0.180947	-0.0780888	0.980388
0.180941	-0.0780896	0.980389
0.180961	-0.0781523	0.98038
0.18096	-0.0781455	0.980381
0.18097	-0.0781195	0.980381
0.180962	-0.0781228	0.980382
0.180987	-0.0781636	0.980375
0.180985	-0.0781595	0.980375
0.180996	-0.0781325	0.980375
0.180988	-0.0781406	0.980376
0.181005	-0.0781521	0.980372
0.181005	-0.0781512	0.980372
0.181015	-0.0781226	0.980373
0.181009	-0.0781362	0.980373
0.181009	-0.0781225	0.980374
0.181011	-0.0781237	0.980373
0.18102	-0.0780936	0.980374
0.181018	-0.0781114	0.980373
0.180997	-0.0780858	0.980379
0.181	-0.0780876	0.980378
0.181009	-0.0780567	0.980379
0.18101	-0.0780755	0.980377
0.180973	-0.0780563	0.980386
0.180978	-0.0780566	0.980385
0.180985	-0.078026	0.980386
0.180989	-0.0780424	0.980384
0.180948	-0.078045	0.980391
0.180953	-0.0780426	0.98039
0.18096	-0.0780131	0.980392
0.180963	-0.0780246	0.98039
0.1809	-0.0781402	0.980392
0.180906	-0.0781293	0.980392
0.180918	-0.0780914	0.980393
0.18092	-0.078096	0.980392
0.180897	-0.0781698	0.980391
0.1809	-0.078157	0.980391
0.180913	-0.0781202	0.980392
0.180911	-0.078121	0.980392
0.180909	-0.0782066	0.980386
0.180911	-0.0781931	0.980386
0.180924	-0.0781573	0.980387
0.180919	-0.0781568	0.980388
0.180932	-0.0782361	0.980379
0.180932	-0.0782241	0.98038
0.180947	-0.078188	0.98038
0.180939	-0.0781901	0.980381
0.180958	-0.0782474	0.980373
0.180958	-0.078238	0.980374
0.180973	-0.078201	0.980374
0.180965	-0.0782078	0.980375
0.180976	-0.0782359	0.980371
0.180978	-0.0782298	0.980371
0.180992	-0.078191	0.980371
0.180986	-0.0782034	0.980371
0.18098	-0.0782062	0.980372
0.180983	-0.0782022	0.980372
0.180997	-0.0781621	0.980373
0.180995	-0.0781785	0.980372
0.180968	-0.0781695	0.980378
0.180973	-0.0781661	0.980377
0.180986	-0.0781251	0.980378
0.180988	-0.0781427	0.980376
0.180944	-0.07814	0.980384
0.180951	-0.078135	0.980383
0.180963	-0.0780943	0.980385
0.180967	-0.0781095	0.980383
0.180919	-0.0781286	0.98039
0.180926	-0.0781211	0.980389
0.180937	-0.0780813	0.98039
0.180941	-0.0780917	0.980389
