#----------------------------------------------------------------------------------------------------------------------------------------------------------
# Output file for vampire simulation
#   time       : 2025-01-25 14:02:58     process id : 7463
#   hostname   : GRBE200AHCXJDZ3
#   path       : /home/barad/vampire-chiral-phonon-project/hysteresis/dipole_solvers
#   version    : 7.0.0
#   githash    : e017e798022a7c964d4c6aafc8ff97a7f63fd6bd
#----------------------------------------------------------------------------------------------------------------------------------------------------------
B_applied  	m0M_norm_x 	m0M_norm_y 	m0M_norm_z 	m0M_norm_l 	
0.9        	-0.0237406 	0.0401631  	0.998911   	0.757644   	
0.75       	-0.00614504	0.0398121  	0.999188   	0.759233   	
0.6        	-0.00127876	0.0121049  	0.999926   	0.754377   	
0.45       	-0.00368408	-0.00771132	0.999963   	0.756451   	
0.3        	0.00777955 	-0.0342631 	0.999383   	0.752498   	
0.15       	-0.00160239	-0.0209129 	0.99978    	0.747668   	
-0         	0.733714   	0.678953   	-0.0262059 	0.747968   	
-0.15      	-0.0574272 	-0.0170243 	-0.998205  	0.744326   	
-0.3       	-0.072566  	-0.0506211 	-0.996078  	0.754873   	
-0.45      	0.0279739  	0.0267894  	-0.99925   	0.757744   	
-0.6       	-0.0181516 	0.00700374 	-0.999811  	0.758142   	
-0.75      	0.0220303  	0.00431957 	-0.999748  	0.759066   	
-0.9       	0.0197331  	-0.00243132	-0.999802  	0.758899   	
-0.9       	0.0311026  	-0.0143709 	-0.999413  	0.761482   	
-0.75      	0.00541998 	0.0318919  	-0.999477  	0.759595   	
-0.6       	-0.00306317	0.0710355  	-0.997469  	0.754171   	
-0.45      	-0.0072749 	-0.00337768	-0.999968  	0.756759   	
-0.3       	-0.0250236 	-0.00275996	-0.999683  	0.754241   	
-0.15      	0.00932671 	0.0417894  	-0.999083  	0.74952    	
0          	-0.807608  	-0.589314  	-0.0218501 	0.746604   	
0.15       	0.0905541  	0.0212297  	0.995665   	0.748624   	
0.3        	0.00627797 	-0.0250472 	0.999667   	0.754133   	
0.45       	0.00295513 	-0.0490942 	0.99879    	0.755053   	
0.6        	-0.0117109 	-0.00500589	0.999919   	0.755968   	
0.75       	-0.00680051	-0.0151325 	0.999862   	0.758876   	
0.9        	-0.0237298 	-0.00753006	0.99969    	0.76218    	
